(1, 1): 0.0216,  0.0184, 0.0038
(1, 2): 0.0284,  0.0175, 0.0039
(1, 3): -0.0090,  0.0165, 0.0040
(1, 4): -0.0178,  0.0158, 0.0037
(1, 5): -0.0120,  0.0162, 0.0037
(1, 6): 0.0060,  0.0175, 0.0038
(1, 7): -0.0050,  0.0153, 0.0036
(1, 8): -0.0422,  0.0137, 0.0034
(1, 9): -0.0486,  0.0129, 0.0034
(1, 10): -0.0391,  0.0123, 0.0032
(1, 11): -0.0209,  0.0128, 0.0031
(1, 12): -0.0174,  0.0142, 0.0032
(1, 13): -0.0019,  0.0145, 0.0031
(1, 14): 0.0229,  0.0152, 0.0032
(1, 15): 0.0490,  0.0164, 0.0033
(1, 16): 0.0549,  0.0163, 0.0034
(1, 17): 0.0375,  0.0151, 0.0034
(1, 18): 0.0349,  0.0139, 0.0035
(1, 19): 0.0320,  0.0127, 0.0032
(1, 20): -0.7293,  0.0123, 0.0056
(1, 21): 0.0051,  0.0125, 0.0028
(1, 22): 0.0416,  0.0135, 0.0029
(2, 1): 0.0402,  0.0192, 0.0042
(2, 2): 0.0471,  0.0186, 0.0043
(2, 3): 0.0403,  0.0180, 0.0045
(2, 4): 0.0431,  0.0169, 0.0041
(2, 5): 0.0334,  0.0170, 0.0040
(2, 6): 0.0419,  0.0181, 0.0042
(2, 7): 0.0173,  0.0160, 0.0038
(2, 8): -0.0048,  0.0141, 0.0036
(2, 9): -0.0232,  0.0127, 0.0035
(2, 10): -0.0019,  0.0122, 0.0034
(2, 11): -0.0012,  0.0129, 0.0033
(2, 12): -0.0022,  0.0149, 0.0034
(2, 13): 0.0162,  0.0157, 0.0035
(2, 14): 0.0211,  0.0159, 0.0037
(2, 15): 0.0369,  0.0158, 0.0041
(2, 16): 0.0388,  0.0151, 0.0040
(2, 17): 0.0378,  0.0143, 0.0038
(2, 18): 0.0179,  0.0135, 0.0037
(2, 19): 0.0212,  0.0123, 0.0033
(2, 20): 0.0296,  0.0115, 0.0031
(2, 21): 0.0492,  0.0115, 0.0031
(2, 22): 0.0622,  0.0118, 0.0031
(3, 1): 0.0455,  0.0197, 0.0044
(3, 2): 0.0687,  0.0192, 0.0045
(3, 3): 0.0486,  0.0184, 0.0045
(3, 4): 0.0263,  0.0182, 0.0041
(3, 5): 0.0379,  0.0191, 0.0044
(3, 6): 0.0499,  0.0207, 0.0050
(3, 7): 0.0491,  0.0181, 0.0043
(3, 8): 0.0375,  0.0160, 0.0039
(3, 9): 0.0190,  0.0142, 0.0038
(3, 10): -0.0146,  0.0135, 0.0035
(3, 11): -0.0166,  0.0139, 0.0034
(3, 12): 0.0170,  0.0156, 0.0036
(3, 13): 0.0029,  0.0158, 0.0039
(3, 14): 0.0097,  0.0161, 0.0043
(3, 15): 0.0264,  0.0161, 0.0045
(3, 16): 0.0282,  0.0152, 0.0043
(3, 17): -0.7187,  0.0136, 0.0055
(3, 18): 0.0292,  0.0133, 0.0036
(3, 19): 0.0276,  0.0119, 0.0033
(3, 20): 0.0251,  0.0110, 0.0031
(3, 21): 0.0253,  0.0109, 0.0030
(3, 22): 0.0445,  0.0107, 0.0029
(4, 1): -0.0039,  0.0184, 0.0042
(4, 2): 0.0318,  0.0184, 0.0045
(4, 3): 0.0337,  0.0177, 0.0042
(4, 4): 0.0400,  0.0180, 0.0041
(4, 5): 0.0508,  0.0194, 0.0044
(4, 6): 0.0569,  0.0204, 0.0046
(4, 7): 0.0480,  0.0188, 0.0044
(4, 8): 0.0561,  0.0173, 0.0042
(4, 9): 0.0495,  0.0161, 0.0042
(4, 10): 0.0090,  0.0153, 0.0038
(4, 11): 0.0094,  0.0155, 0.0039
(4, 12): 0.0208,  0.0164, 0.0043
(4, 13): 0.0287,  0.0169, 0.0045
(4, 14): -0.7354,  0.0164, 0.0078
(4, 15): 0.0327,  0.0160, 0.0045
(4, 16): 0.0172,  0.0155, 0.0043
(4, 17): 0.0128,  0.0144, 0.0041
(4, 18): 0.0021,  0.0134, 0.0039
(4, 19): -0.0014,  0.0127, 0.0036
(4, 20): -0.0043,  0.0119, 0.0034
(4, 21): 0.0141,  0.0115, 0.0033
(4, 22): 0.0385,  0.0116, 0.0032
(5, 1): -0.0020,  0.0178, 0.0041
(5, 2): 0.0105,  0.0179, 0.0042
(5, 3): 0.0203,  0.0176, 0.0039
(5, 4): 0.0599,  0.0177, 0.0039
(5, 5): 0.0591,  0.0182, 0.0040
(5, 6): 0.0529,  0.0188, 0.0042
(5, 7): 0.0637,  0.0182, 0.0042
(5, 8): 0.0596,  0.0179, 0.0041
(5, 9): 0.0505,  0.0179, 0.0040
(5, 10): 0.0369,  0.0169, 0.0040
(5, 11): 0.0336,  0.0165, 0.0041
(5, 12): 0.0426,  0.0166, 0.0042
(5, 13): 0.0586,  0.0171, 0.0043
(5, 14): 0.0702,  0.0171, 0.0045
(5, 15): 0.0670,  0.0168, 0.0045
(5, 16): 0.0422,  0.0157, 0.0043
(5, 17): 0.0298,  0.0148, 0.0041
(5, 18): 0.0268,  0.0145, 0.0041
(5, 19): 0.0266,  0.0147, 0.0041
(5, 20): 0.0141,  0.0135, 0.0039
(5, 21): 0.0352,  0.0125, 0.0037
(5, 22): 0.0559,  0.0118, 0.0035
(6, 1): -0.0148,  0.0187, 0.0045
(6, 2): 0.0035,  0.0180, 0.0042
(6, 3): 0.0357,  0.0178, 0.0041
(6, 4): 0.0648,  0.0181, 0.0041
(6, 5): 0.0521,  0.0189, 0.0042
(6, 6): 0.0549,  0.0194, 0.0043
(6, 7): 0.0516,  0.0193, 0.0045
(6, 8): -0.7362,  0.0188, 0.0081
(6, 9): 0.0358,  0.0181, 0.0046
(6, 10): 0.0316,  0.0168, 0.0043
(6, 11): 0.0433,  0.0159, 0.0040
(6, 12): 0.0625,  0.0157, 0.0040
(6, 13): 0.0724,  0.0168, 0.0042
(6, 14): 0.0861,  0.0174, 0.0045
(6, 15): 0.0761,  0.0171, 0.0045
(6, 16): 0.0519,  0.0164, 0.0045
(6, 17): 0.0327,  0.0163, 0.0047
(6, 18): 0.0111,  0.0162, 0.0049
(6, 19): 0.0043,  0.0155, 0.0048
(6, 20): 0.0092,  0.0146, 0.0044
(6, 21): 0.0284,  0.0135, 0.0039
(6, 22): 0.0343,  0.0121, 0.0035
(7, 1): 0.0307,  0.0190, 0.0048
(7, 2): 0.0317,  0.0183, 0.0045
(7, 3): 0.0441,  0.0181, 0.0043
(7, 4): 0.0586,  0.0184, 0.0043
(7, 5): 0.0523,  0.0194, 0.0044
(7, 6): 0.0590,  0.0199, 0.0047
(7, 7): 0.0808,  0.0201, 0.0050
(7, 8): 0.0599,  0.0195, 0.0051
(7, 9): 0.0525,  0.0184, 0.0049
(7, 10): 0.0598,  0.0160, 0.0042
(7, 11): 0.0830,  0.0152, 0.0039
(7, 12): 0.0815,  0.0160, 0.0039
(7, 13): 0.0539,  0.0180, 0.0046
(7, 14): 0.0908,  0.0192, 0.0050
(7, 15): 0.0619,  0.0198, 0.0054
(7, 16): 0.0376,  0.0199, 0.0055
(7, 17): 0.0150,  0.0191, 0.0051
(7, 18): -0.0034,  0.0175, 0.0045
(7, 19): 0.0168,  0.0159, 0.0041
(7, 20): 0.0347,  0.0147, 0.0039
(7, 21): 0.0560,  0.0141, 0.0039
(7, 22): 0.0846,  0.0139, 0.0043
(8, 1): 0.0235,  0.0193, 0.0052
(8, 2): 0.0449,  0.0191, 0.0050
(8, 3): 0.0403,  0.0189, 0.0047
(8, 4): 0.0500,  0.0187, 0.0045
(8, 5): 0.0592,  0.0191, 0.0044
(8, 6): 0.1022,  0.0195, 0.0044
(8, 7): 0.1085,  0.0201, 0.0047
(8, 8): 0.0864,  0.0205, 0.0051
(8, 9): 0.0576,  0.0204, 0.0056
(8, 10): 0.0818,  0.0179, 0.0049
(8, 11): 0.0793,  0.0168, 0.0044
(8, 12): 0.0607,  0.0168, 0.0043
(8, 13): 0.0239,  0.0178, 0.0047
(8, 14): -0.7329,  0.0212, 0.0097
(8, 15): -0.7321,  0.0218, 0.0108
(8, 16): 0.0592,  0.0198, 0.0053
(8, 17): 0.0208,  0.0189, 0.0061
(8, 18): 0.0698,  0.0210, 0.0070
(8, 19): 0.0992,  0.0223, 0.0076
(8, 20): 0.0971,  0.0225, 0.0078
(8, 21): 0.0732,  0.0211, 0.0074
(8, 22): 0.0825,  0.0184, 0.0059
(9, 1): 0.0385,  0.0198, 0.0054
(9, 2): 0.0325,  0.0194, 0.0051
(9, 3): 0.0153,  0.0188, 0.0047
(9, 4): 0.0085,  0.0179, 0.0043
(9, 5): 0.0364,  0.0177, 0.0041
(9, 6): 0.0535,  0.0178, 0.0040
(9, 7): 0.1167,  0.0193, 0.0044
(9, 8): 0.1158,  0.0213, 0.0049
(9, 9): 0.0745,  0.0215, 0.0062
(9, 10): -0.7329,  0.0208, 0.0116
(9, 11): -0.7309,  0.0203, 0.0107
(9, 12): 0.0614,  0.0190, 0.0052
(9, 13): -0.0338,  0.0184, 0.0053
(9, 14): 0.0056,  0.0206, 0.0057
(9, 15): -0.0019,  0.0198, 0.0060
(9, 16): 0.0375,  0.0200, 0.0074
(9, 17): 0.0826,  0.0203, 0.0080
(9, 18): 0.0934,  0.0197, 0.0075
(9, 19): 0.1086,  0.0207, 0.0076
(9, 20): 0.1378,  0.0226, 0.0069
(9, 21): 0.1129,  0.0221, 0.0060
(9, 22): 0.0558,  0.0203, 0.0055
(10, 1): -0.0100,  0.0215, 0.0056
(10, 2): -0.0108,  0.0216, 0.0051
(10, 3): 0.0226,  0.0218, 0.0047
(10, 4): -0.7267,  0.0216, 0.0104
(10, 5): 0.0692,  0.0191, 0.0043
(10, 6): 0.0947,  0.0187, 0.0041
(10, 7): 0.1084,  0.0204, 0.0043
(10, 8): 0.0887,  0.0224, 0.0048
(10, 9): 0.0547,  0.0210, 0.0061
(10, 10): 0.0376,  0.0173, 0.0051
(10, 11): 0.0129,  0.0162, 0.0051
(10, 12): -0.0108,  0.0172, 0.0059
(10, 13): 0.0255,  0.0202, 0.0076
(10, 14): 0.0272,  0.0235, 0.0091
(10, 15): 0.0677,  0.0266, 0.0106
(10, 16): 0.0742,  0.0271, 0.0105
(10, 17): 0.0828,  0.0246, 0.0092
(10, 18): 0.1002,  0.0209, 0.0074
(10, 19): 0.1083,  0.0202, 0.0073
(10, 20): 0.0517,  0.0187, 0.0061
(10, 21): -0.7329,  0.0173, 0.0093
(10, 22): 0.0623,  0.0186, 0.0048
(11, 1): 0.0371,  0.0274, 0.0072
(11, 2): 0.0402,  0.0278, 0.0073
(11, 3): 0.0314,  0.0247, 0.0067
(11, 4): 0.0213,  0.0195, 0.0053
(11, 5): 0.0201,  0.0163, 0.0043
(11, 6): 0.0206,  0.0154, 0.0040
(11, 7): 0.0265,  0.0158, 0.0040
(11, 8): 0.0379,  0.0173, 0.0044
(11, 9): 0.0464,  0.0183, 0.0049
(11, 10): -0.0320,  0.0146, 0.0046
(11, 11): -0.0439,  0.0151, 0.0066
(11, 12): 0.0734,  0.0178, 0.0082
(11, 13): 0.1269,  0.0208, 0.0085
(11, 14): 0.1460,  0.0236, 0.0085
(11, 15): 0.1344,  0.0259, 0.0086
(11, 16): 0.1115,  0.0237, 0.0080
(11, 17): 0.1100,  0.0211, 0.0068
(11, 18): 0.1202,  0.0195, 0.0058
(11, 19): 0.0496,  0.0171, 0.0054
(11, 20): 0.0585,  0.0161, 0.0052
(11, 21): -0.0097,  0.0167, 0.0051
(11, 22): 0.0336,  0.0174, 0.0053
(12, 1): 0.0569,  0.0305, 0.0083
(12, 2): 0.0709,  0.0314, 0.0091
(12, 3): 0.0849,  0.0262, 0.0083
(12, 4): 0.0781,  0.0177, 0.0057
(12, 5): 0.0362,  0.0134, 0.0042
(12, 6): 0.0251,  0.0116, 0.0037
(12, 7): 0.0171,  0.0109, 0.0036
(12, 8): -0.0171,  0.0107, 0.0037
(12, 9): -0.0273,  0.0127, 0.0045
(12, 10): -0.7559,  0.0131, 0.0086
(12, 11): -0.0208,  0.0158, 0.0075
(12, 12): -0.7550,  0.0161, 0.0115
(12, 13): 0.1061,  0.0180, 0.0079
(12, 14): -0.7396,  0.0178, 0.0128
(12, 15): 0.1038,  0.0178, 0.0063
(12, 16): 0.0837,  0.0186, 0.0062
(12, 17): 0.0591,  0.0190, 0.0060
(12, 18): 0.0516,  0.0190, 0.0056
(12, 19): 0.0877,  0.0215, 0.0054
(12, 20): -0.7322,  0.0201, 0.0098
(12, 21): 0.0611,  0.0181, 0.0052
(12, 22): -0.0109,  0.0174, 0.0059
(13, 1): 0.0743,  0.0301, 0.0077
(13, 2): 0.1093,  0.0309, 0.0091
(13, 3): 0.1032,  0.0262, 0.0086
(13, 4): -0.7325,  0.0206, 0.0136
(13, 5): 0.0381,  0.0156, 0.0052
(13, 6): 0.0147,  0.0133, 0.0042
(13, 7): -0.0330,  0.0116, 0.0041
(13, 8): -0.1265,  0.0110, 0.0050
(13, 9): -0.0888,  0.0121, 0.0065
(13, 10): -0.7561,  0.0149, 0.0113
(13, 11): 0.0652,  0.0160, 0.0076
(13, 12): 0.0421,  0.0148, 0.0065
(13, 13): 0.0563,  0.0152, 0.0058
(13, 14): 0.0744,  0.0157, 0.0052
(13, 15): 0.0903,  0.0160, 0.0048
(13, 16): 0.0832,  0.0163, 0.0046
(13, 17): -0.0126,  0.0161, 0.0049
(13, 18): -0.7385,  0.0186, 0.0113
(13, 19): 0.0544,  0.0175, 0.0060
(13, 20): 0.1079,  0.0205, 0.0053
(13, 21): 0.1483,  0.0238, 0.0055
(13, 22): 0.0731,  0.0183, 0.0051
(14, 1): 0.0853,  0.0240, 0.0070
(14, 2): 0.1090,  0.0253, 0.0081
(14, 3): -0.7269,  0.0236, 0.0150
(14, 4): 0.0702,  0.0202, 0.0071
(14, 5): 0.0665,  0.0165, 0.0059
(14, 6): 0.0529,  0.0132, 0.0045
(14, 7): -0.0090,  0.0112, 0.0042
(14, 8): -0.1180,  0.0118, 0.0061
(14, 9): 0.0655,  0.0174, 0.0096
(14, 10): 0.0416,  0.0135, 0.0072
(14, 11): -0.7473,  0.0129, 0.0093
(14, 12): 0.0672,  0.0150, 0.0056
(14, 13): 0.0625,  0.0161, 0.0053
(14, 14): 0.0791,  0.0162, 0.0050
(14, 15): 0.0998,  0.0161, 0.0046
(14, 16): 0.0384,  0.0148, 0.0044
(14, 17): -0.0654,  0.0130, 0.0050
(14, 18): 0.0039,  0.0173, 0.0066
(14, 19): -0.7451,  0.0169, 0.0103
(14, 20): 0.0315,  0.0173, 0.0059
(14, 21): 0.0645,  0.0177, 0.0048
(14, 22): 0.1519,  0.0211, 0.0048
(15, 1): 0.0694,  0.0206, 0.0065
(15, 2): 0.0484,  0.0209, 0.0071
(15, 3): 0.0537,  0.0204, 0.0074
(15, 4): 0.0640,  0.0190, 0.0071
(15, 5): 0.0498,  0.0168, 0.0062
(15, 6): 0.0334,  0.0138, 0.0049
(15, 7): -0.0191,  0.0112, 0.0045
(15, 8): -0.1213,  0.0106, 0.0056
(15, 9): -0.7624,  0.0133, 0.0105
(15, 10): 0.0479,  0.0135, 0.0064
(15, 11): 0.0670,  0.0141, 0.0055
(15, 12): 0.0643,  0.0147, 0.0051
(15, 13): 0.0749,  0.0155, 0.0050
(15, 14): 0.1224,  0.0164, 0.0049
(15, 15): 0.1318,  0.0164, 0.0047
(15, 16): 0.0773,  0.0157, 0.0046
(15, 17): -0.0246,  0.0150, 0.0051
(15, 18): -0.0111,  0.0154, 0.0059
(15, 19): -0.7453,  0.0157, 0.0092
(15, 20): 0.0034,  0.0171, 0.0049
(15, 21): 0.0541,  0.0184, 0.0045
(15, 22): 0.0730,  0.0198, 0.0045
(16, 1): 0.0569,  0.0183, 0.0060
(16, 2): 0.0670,  0.0189, 0.0066
(16, 3): -0.7371,  0.0188, 0.0130
(16, 4): -0.7425,  0.0176, 0.0119
(16, 5): 0.0212,  0.0167, 0.0065
(16, 6): 0.0188,  0.0144, 0.0055
(16, 7): -0.0415,  0.0114, 0.0050
(16, 8): -0.0844,  0.0112, 0.0057
(16, 9): -0.7599,  0.0116, 0.0089
(16, 10): -0.7472,  0.0145, 0.0097
(16, 11): 0.0985,  0.0174, 0.0057
(16, 12): 0.1092,  0.0199, 0.0056
(16, 13): 0.1161,  0.0218, 0.0056
(16, 14): 0.1313,  0.0225, 0.0056
(16, 15): 0.1135,  0.0221, 0.0055
(16, 16): 0.1113,  0.0208, 0.0054
(16, 17): 0.0802,  0.0193, 0.0052
(16, 18): 0.0404,  0.0184, 0.0055
(16, 19): 0.0602,  0.0181, 0.0058
(16, 20): 0.0647,  0.0190, 0.0050
(16, 21): -0.0724,  0.0146, 0.0047
(16, 22): -0.0827,  0.0147, 0.0062
(17, 1): 0.0925,  0.0172, 0.0062
(17, 2): 0.1225,  0.0188, 0.0067
(17, 3): 0.1434,  0.0214, 0.0073
(17, 4): 0.0955,  0.0202, 0.0070
(17, 5): 0.0576,  0.0166, 0.0059
(17, 6): 0.0944,  0.0147, 0.0054
(17, 7): 0.0162,  0.0119, 0.0051
(17, 8): -0.0193,  0.0114, 0.0053
(17, 9): 0.0926,  0.0166, 0.0063
(17, 10): -0.7266,  0.0191, 0.0123
(17, 11): -0.7280,  0.0177, 0.0110
(17, 12): -0.0131,  0.0146, 0.0043
(17, 13): -0.0343,  0.0137, 0.0043
(17, 14): -0.0743,  0.0123, 0.0044
(17, 15): -0.1399,  0.0110, 0.0044
(17, 16): -0.1653,  0.0107, 0.0046
(17, 17): -0.1691,  0.0103, 0.0049
(17, 18): -0.1716,  0.0108, 0.0054
(17, 19): 0.0232,  0.0153, 0.0068
(17, 20): -0.0154,  0.0146, 0.0059
(17, 21): -0.0457,  0.0154, 0.0061
(17, 22): -0.0429,  0.0164, 0.0069
(18, 1): 0.0887,  0.0151, 0.0060
(18, 2): 0.1134,  0.0165, 0.0061
(18, 3): -0.7318,  0.0204, 0.0143
(18, 4): -0.7329,  0.0200, 0.0134
(18, 5): 0.0543,  0.0162, 0.0055
(18, 6): 0.0961,  0.0156, 0.0057
(18, 7): 0.1105,  0.0156, 0.0055
(18, 8): 0.0509,  0.0159, 0.0051
(18, 9): -0.0310,  0.0122, 0.0045
(18, 10): -0.0605,  0.0109, 0.0041
(18, 11): -0.0628,  0.0090, 0.0037
(18, 12): -0.0939,  0.0074, 0.0036
(18, 13): -0.1229,  0.0065, 0.0035
(18, 14): -0.1589,  0.0064, 0.0036
(18, 15): -0.2178,  0.0069, 0.0038
(18, 16): -0.2257,  0.0077, 0.0044
(18, 17): -0.2257,  0.0079, 0.0048
(18, 18): -0.2381,  0.0077, 0.0052
(18, 19): 0.0019,  0.0129, 0.0071
(18, 20): -0.0198,  0.0138, 0.0063
(18, 21): -0.0090,  0.0146, 0.0061
(18, 22): 0.0017,  0.0153, 0.0060
