(1, 1): 0.9348, 0.0107, 0.0088
(1, 2): -0.1983, 0.0102, 0.0108
(1, 3): -0.1673, 0.0100, 0.0100
(1, 4): 1.4000, 0.0101, 0.0065
(1, 5): -0.1934, 0.0100, 0.0096
(1, 6): -0.1880, 0.0107, 0.0101
(1, 7): 1.4035, 0.0101, 0.0058
(1, 8): 0.4830, 0.0100, 0.0051
(1, 9): 0.4657, 0.0100, 0.0046
(1, 10): 0.4045, 0.0100, 0.0042
(1, 11): 0.4851, 0.0100, 0.0043
(1, 12): 0.4839, 0.0100, 0.0055
(1, 13): 0.2368, 0.0100, 0.0059
(1, 14): 0.7439, 0.0101, 0.0060
(1, 15): 1.4081, 0.0101, 0.0070
(1, 16): 0.1529, 0.0101, 0.0079
(1, 17): 0.5235, 0.0100, 0.0063
(1, 18): -0.1982, 0.0097, 0.0074
(1, 19): -0.1660, 0.0100, 0.0057
(1, 20): 0.4702, 0.0100, 0.0037
(1, 21): 0.4831, 0.0100, 0.0039
(1, 22): 0.5910, 0.0100, 0.0045
(2, 1): -0.3070, 0.0101, 0.0138
(2, 2): -0.3804, 0.0060, 0.0179
(2, 3): -0.3353, 0.0101, 0.0132
(2, 4): 1.3671, 0.0103, 0.0073
(2, 5): 1.3887, 0.0101, 0.0076
(2, 6): -0.2701, 0.0100, 0.0124
(2, 7): -0.0781, 0.0101, 0.0084
(2, 8): -0.2207, 0.0100, 0.0078
(2, 9): 0.4746, 0.0100, 0.0045
(2, 10): 0.4071, 0.0100, 0.0042
(2, 11): 0.4722, 0.0100, 0.0045
(2, 12): 0.4472, 0.0100, 0.0061
(2, 13): -0.2704, 0.0100, 0.0093
(2, 14): 0.4860, 0.0100, 0.0073
(2, 15): 1.4073, 0.0101, 0.0065
(2, 16): 0.7606, 0.0100, 0.0063
(2, 17): -0.2027, 0.0100, 0.0079
(2, 18): 0.4896, 0.0100, 0.0052
(2, 19): 0.4628, 0.0100, 0.0041
(2, 20): -0.1574, 0.0100, 0.0050
(2, 21): 0.4815, 0.0100, 0.0035
(2, 22): 0.4700, 0.0100, 0.0037
(3, 1): 0.8714, 0.0107, 0.0102
(3, 2): -0.3516, 0.0104, 0.0139
(3, 3): -0.3913, 0.0101, 0.0140
(3, 4): 1.3650, 0.0103, 0.0088
(3, 5): 1.3898, 0.0102, 0.0104
(3, 6): -0.3616, 0.0108, 0.0158
(3, 7): 0.3164, 0.0100, 0.0100
(3, 8): -0.2383, 0.0100, 0.0096
(3, 9): 0.2536, 0.0100, 0.0061
(3, 10): 0.5933, 0.0100, 0.0049
(3, 11): -0.2323, 0.0100, 0.0076
(3, 12): 0.5009, 0.0100, 0.0070
(3, 13): 0.4872, 0.0100, 0.0072
(3, 14): -0.3135, 0.0100, 0.0110
(3, 15): 0.1886, 0.0100, 0.0081
(3, 16): -0.2874, 0.0100, 0.0098
(3, 17): 0.4274, 0.0101, 0.0059
(3, 18): 0.6050, 0.0100, 0.0049
(3, 19): 0.4858, 0.0100, 0.0038
(3, 20): 0.4845, 0.0100, 0.0033
(3, 21): 0.4823, 0.0100, 0.0032
(3, 22): 0.4720, 0.0100, 0.0031
(4, 1): 1.4160, 0.0101, 0.0093
(4, 2): 1.3140, 0.0102, 0.0109
(4, 3): 0.5122, 0.0100, 0.0091
(4, 4): 0.2951, 0.0101, 0.0100
(4, 5): 1.3713, 0.0106, 0.0098
(4, 6): 1.2948, 0.0105, 0.0110
(4, 7): -0.3373, 0.0101, 0.0137
(4, 8): -0.3499, 0.0100, 0.0122
(4, 9): 0.1952, 0.0100, 0.0079
(4, 10): 0.7013, 0.0100, 0.0065
(4, 11): 1.4011, 0.0101, 0.0061
(4, 12): -0.2737, 0.0101, 0.0108
(4, 13): -0.3470, 0.0100, 0.0121
(4, 14): 0.4218, 0.0100, 0.0081
(4, 15): -0.3130, 0.0100, 0.0110
(4, 16): 0.4940, 0.0101, 0.0071
(4, 17): -0.2075, 0.0100, 0.0085
(4, 18): 0.4608, 0.0101, 0.0054
(4, 19): -0.1367, 0.0100, 0.0064
(4, 20): 0.4148, 0.0100, 0.0041
(4, 21): 0.4772, 0.0100, 0.0038
(4, 22): 0.4745, 0.0100, 0.0037
(5, 1): 0.3412, 0.0100, 0.0101
(5, 2): -0.2800, 0.0097, 0.0127
(5, 3): 1.3687, 0.0103, 0.0081
(5, 4): -0.3921, 0.0101, 0.0124
(5, 5): -0.4223, 0.0101, 0.0134
(5, 6): 1.4145, 0.0101, 0.0096
(5, 7): 1.3953, 0.0101, 0.0089
(5, 8): 0.2835, 0.0101, 0.0090
(5, 9): -0.3506, 0.0100, 0.0126
(5, 10): 0.4013, 0.0101, 0.0082
(5, 11): -0.2914, 0.0101, 0.0108
(5, 12): -0.3467, 0.0101, 0.0115
(5, 13): -0.4020, 0.0100, 0.0126
(5, 14): 0.6745, 0.0100, 0.0084
(5, 15): 0.4424, 0.0100, 0.0083
(5, 16): 0.4932, 0.0101, 0.0071
(5, 17): 0.5185, 0.0100, 0.0064
(5, 18): -0.2630, 0.0100, 0.0088
(5, 19): 0.4765, 0.0100, 0.0063
(5, 20): 0.5096, 0.0100, 0.0053
(5, 21): -0.2011, 0.0099, 0.0066
(5, 22): 0.4391, 0.0100, 0.0041
(6, 1): -0.2608, 0.0100, 0.0133
(6, 2): -0.2086, 0.0101, 0.0119
(6, 3): -0.3051, 0.0090, 0.0132
(6, 4): 1.4067, 0.0102, 0.0087
(6, 5): -0.3728, 0.0103, 0.0137
(6, 6): -0.4845, 0.0096, 0.0163
(6, 7): -0.3782, 0.0087, 0.0161
(6, 8): 1.0263, 0.0103, 0.0097
(6, 9): -0.3160, 0.0101, 0.0132
(6, 10): -0.2780, 0.0100, 0.0112
(6, 11): -0.2547, 0.0101, 0.0097
(6, 12): 0.4604, 0.0101, 0.0071
(6, 13): -0.3290, 0.0100, 0.0114
(6, 14): 1.4077, 0.0101, 0.0080
(6, 15): 0.6628, 0.0100, 0.0083
(6, 16): -0.2567, 0.0100, 0.0108
(6, 17): 0.4525, 0.0100, 0.0081
(6, 18): -0.2319, 0.0100, 0.0110
(6, 19): -0.2866, 0.0100, 0.0109
(6, 20): -0.2861, 0.0100, 0.0096
(6, 21): 0.5025, 0.0100, 0.0053
(6, 22): 0.4587, 0.0100, 0.0041
(7, 1): 1.3893, 0.0102, 0.0094
(7, 2): 0.6204, 0.0101, 0.0094
(7, 3): 1.4084, 0.0101, 0.0088
(7, 4): 1.2694, 0.0106, 0.0087
(7, 5): -0.3933, 0.0096, 0.0153
(7, 6): -0.4713, 0.0055, 0.0212
(7, 7): 1.4734, 0.0102, 0.0107
(7, 8): -0.3831, 0.0102, 0.0159
(7, 9): 1.3651, 0.0103, 0.0091
(7, 10): -0.0864, 0.0101, 0.0085
(7, 11): -0.3415, 0.0100, 0.0095
(7, 12): 0.4946, 0.0100, 0.0073
(7, 13): -0.3139, 0.0100, 0.0128
(7, 14): -0.4404, 0.0100, 0.0156
(7, 15): -0.3575, 0.0099, 0.0161
(7, 16): 0.5042, 0.0100, 0.0112
(7, 17): -0.3228, 0.0102, 0.0148
(7, 18): 0.4739, 0.0101, 0.0088
(7, 19): 1.4069, 0.0101, 0.0066
(7, 20): 0.4515, 0.0100, 0.0062
(7, 21): 0.2811, 0.0100, 0.0060
(7, 22): 0.3375, 0.0100, 0.0059
(8, 1): -0.3004, 0.0098, 0.0152
(8, 2): 0.4584, 0.0101, 0.0107
(8, 3): 1.4407, 0.0103, 0.0096
(8, 4): -0.4447, 0.0106, 0.0143
(8, 5): -0.4106, 0.0099, 0.0149
(8, 6): 1.3801, 0.0102, 0.0106
(8, 7): -0.4808, 0.0100, 0.0166
(8, 8): -0.5111, 0.0101, 0.0196
(8, 9): 1.2925, 0.0105, 0.0111
(8, 10): -0.3650, 0.0100, 0.0134
(8, 11): -0.3552, 0.0101, 0.0116
(8, 12): 0.4326, 0.0100, 0.0083
(8, 13): 0.2864, 0.0101, 0.0093
(8, 14): -0.3603, 0.0100, 0.0176
(8, 15): -0.3810, 0.0101, 0.0186
(8, 16): 1.4684, 0.0101, 0.0106
(8, 17): 1.3877, 0.0102, 0.0099
(8, 18): 1.0515, 0.0102, 0.0118
(8, 19): 0.5918, 0.0101, 0.0144
(8, 20): 1.1980, 0.0101, 0.0144
(8, 21): -0.3087, 0.0102, 0.0186
(8, 22): -0.3315, 0.0100, 0.0147
(9, 1): 0.4652, 0.0100, 0.0115
(9, 2): -0.3608, 0.0058, 0.0197
(9, 3): -0.3031, 0.0100, 0.0141
(9, 4): -0.2945, 0.0100, 0.0127
(9, 5): 1.4012, 0.0101, 0.0085
(9, 6): 0.3425, 0.0100, 0.0094
(9, 7): -0.3627, 0.0101, 0.0140
(9, 8): -0.4461, 0.0100, 0.0178
(9, 9): -0.3760, 0.0101, 0.0188
(9, 10): -0.3244, 0.0100, 0.0170
(9, 11): 1.4534, 0.0102, 0.0119
(9, 12): -0.3435, 0.0101, 0.0148
(9, 13): 1.4189, 0.0101, 0.0095
(9, 14): 0.5563, 0.0100, 0.0123
(9, 15): -0.2601, 0.0101, 0.0160
(9, 16): 0.5758, 0.0100, 0.0123
(9, 17): 0.5581, 0.0100, 0.0128
(9, 18): -0.2891, 0.0100, 0.0172
(9, 19): -0.3299, 0.0100, 0.0185
(9, 20): -0.4178, 0.0100, 0.0207
(9, 21): 0.5971, 0.0100, 0.0136
(9, 22): 0.5859, 0.0100, 0.0117
(10, 1): -0.2835, 0.0103, 0.0177
(10, 2): 1.3480, 0.0114, 0.0115
(10, 3): 0.8778, 0.0107, 0.0126
(10, 4): -0.3781, 0.0107, 0.0163
(10, 5): 1.3914, 0.0102, 0.0107
(10, 6): 0.5197, 0.0100, 0.0098
(10, 7): -0.4429, 0.0056, 0.0206
(10, 8): -0.3777, 0.0111, 0.0170
(10, 9): -0.3805, 0.0096, 0.0188
(10, 10): 1.4201, 0.0101, 0.0080
(10, 11): 0.4420, 0.0100, 0.0082
(10, 12): 0.5098, 0.0100, 0.0095
(10, 13): -0.2982, 0.0101, 0.0183
(10, 14): -0.2600, 0.0096, 0.0229
(10, 15): -0.3248, 0.0101, 0.0278
(10, 16): -0.4128, 0.0058, 0.0343
(10, 17): 0.4497, 0.0101, 0.0180
(10, 18): -0.2921, 0.0100, 0.0181
(10, 19): 0.3888, 0.0101, 0.0111
(10, 20): -0.2773, 0.0100, 0.0148
(10, 21): -0.2597, 0.0101, 0.0122
(10, 22): -0.3331, 0.0101, 0.0140
(11, 1): 1.2072, 0.0128, 0.0165
(11, 2): 1.3274, 0.0104, 0.0195
(11, 3): -0.4161, 0.0102, 0.0237
(11, 4): -0.3430, 0.0096, 0.0165
(11, 5): 0.4157, 0.0101, 0.0080
(11, 6): -0.2098, 0.0099, 0.0092
(11, 7): -0.2320, 0.0099, 0.0098
(11, 8): 0.4837, 0.0100, 0.0089
(11, 9): -0.2846, 0.0101, 0.0132
(11, 10): 0.5308, 0.0100, 0.0068
(11, 11): 0.3931, 0.0100, 0.0091
(11, 12): -0.2773, 0.0100, 0.0166
(11, 13): -0.2919, 0.0100, 0.0190
(11, 14): -0.3601, 0.0101, 0.0223
(11, 15): -0.4375, 0.0100, 0.0264
(11, 16): 0.4046, 0.0101, 0.0167
(11, 17): -0.3253, 0.0101, 0.0179
(11, 18): 0.4742, 0.0101, 0.0110
(11, 19): -0.2609, 0.0100, 0.0126
(11, 20): -0.3146, 0.0100, 0.0120
(11, 21): -0.3214, 0.0100, 0.0128
(11, 22): 0.2469, 0.0100, 0.0099
(12, 1): -0.3169, 0.0122, 0.0254
(12, 2): 1.1449, 0.0129, 0.0208
(12, 3): -0.4556, 0.0108, 0.0266
(12, 4): 0.3391, 0.0100, 0.0098
(12, 5): 0.4877, 0.0100, 0.0055
(12, 6): 0.4070, 0.0100, 0.0043
(12, 7): 0.4744, 0.0100, 0.0038
(12, 8): 0.4158, 0.0100, 0.0041
(12, 9): 0.4832, 0.0100, 0.0056
(12, 10): 0.5025, 0.0100, 0.0076
(12, 11): 0.3188, 0.0100, 0.0105
(12, 12): -0.2200, 0.0100, 0.0159
(12, 13): -0.2925, 0.0100, 0.0162
(12, 14): -0.2760, 0.0100, 0.0149
(12, 15): -0.2685, 0.0100, 0.0137
(12, 16): -0.3124, 0.0100, 0.0150
(12, 17): -0.2671, 0.0100, 0.0149
(12, 18): -0.3033, 0.0100, 0.0148
(12, 19): -0.2958, 0.0103, 0.0168
(12, 20): 1.4674, 0.0101, 0.0112
(12, 21): -0.2558, 0.0100, 0.0131
(12, 22): 0.5181, 0.0100, 0.0095
(13, 1): -0.4037, 0.0107, 0.0297
(13, 2): 0.9744, 0.0107, 0.0226
(13, 3): -0.4268, 0.0101, 0.0264
(13, 4): -0.3496, 0.0100, 0.0177
(13, 5): 0.1926, 0.0100, 0.0083
(13, 6): 0.4729, 0.0100, 0.0054
(13, 7): 0.4704, 0.0100, 0.0046
(13, 8): -0.1036, 0.0100, 0.0084
(13, 9): 0.5052, 0.0100, 0.0077
(13, 10): -0.1989, 0.0100, 0.0147
(13, 11): -0.1639, 0.0100, 0.0135
(13, 12): 0.4460, 0.0100, 0.0084
(13, 13): -0.1448, 0.0099, 0.0104
(13, 14): -0.2540, 0.0100, 0.0109
(13, 15): -0.2908, 0.0100, 0.0107
(13, 16): 0.4457, 0.0100, 0.0079
(13, 17): 0.4526, 0.0100, 0.0081
(13, 18): -0.3222, 0.0100, 0.0157
(13, 19): 0.3092, 0.0100, 0.0102
(13, 20): -0.4211, 0.0101, 0.0170
(13, 21): -0.4492, 0.0104, 0.0206
(13, 22): 0.6632, 0.0100, 0.0095
(14, 1): 0.4856, 0.0100, 0.0167
(14, 2): -0.5169, 0.0097, 0.0271
(14, 3): -0.3999, 0.0102, 0.0229
(14, 4): -0.2714, 0.0099, 0.0172
(14, 5): 0.2575, 0.0100, 0.0096
(14, 6): 0.4662, 0.0100, 0.0055
(14, 7): 0.4842, 0.0100, 0.0044
(14, 8): 0.5196, 0.0100, 0.0073
(14, 9): 0.5149, 0.0100, 0.0128
(14, 10): -0.2286, 0.0100, 0.0125
(14, 11): 0.7079, 0.0100, 0.0067
(14, 12): -0.0363, 0.0100, 0.0090
(14, 13): 0.4381, 0.0100, 0.0083
(14, 14): -0.2488, 0.0099, 0.0110
(14, 15): -0.3086, 0.0100, 0.0109
(14, 16): 0.7693, 0.0100, 0.0063
(14, 17): 0.4487, 0.0100, 0.0062
(14, 18): -0.1862, 0.0100, 0.0136
(14, 19): -0.2341, 0.0098, 0.0141
(14, 20): -0.2474, 0.0100, 0.0132
(14, 21): 0.2832, 0.0101, 0.0091
(14, 22): -0.4176, 0.0103, 0.0165
(15, 1): 0.5563, 0.0100, 0.0124
(15, 2): 0.6031, 0.0101, 0.0130
(15, 3): 0.5483, 0.0100, 0.0135
(15, 4): -0.2505, 0.0099, 0.0159
(15, 5): -0.1759, 0.0100, 0.0122
(15, 6): 0.4525, 0.0100, 0.0063
(15, 7): 0.5936, 0.0100, 0.0046
(15, 8): -0.0643, 0.0100, 0.0089
(15, 9): 0.3458, 0.0100, 0.0105
(15, 10): 0.5054, 0.0100, 0.0076
(15, 11): 0.5360, 0.0100, 0.0068
(15, 12): 0.5005, 0.0100, 0.0070
(15, 13): -0.2078, 0.0101, 0.0099
(15, 14): -0.3063, 0.0100, 0.0112
(15, 15): 0.4406, 0.0100, 0.0081
(15, 16): -0.2642, 0.0100, 0.0103
(15, 17): -0.1768, 0.0100, 0.0100
(15, 18): 0.4410, 0.0100, 0.0085
(15, 19): 0.4402, 0.0100, 0.0086
(15, 20): -0.2007, 0.0100, 0.0117
(15, 21): -0.2743, 0.0100, 0.0130
(15, 22): 1.3260, 0.0104, 0.0105
(16, 1): -0.2774, 0.0099, 0.0144
(16, 2): -0.3012, 0.0099, 0.0159
(16, 3): -0.2322, 0.0100, 0.0151
(16, 4): 0.4955, 0.0100, 0.0105
(16, 5): -0.2082, 0.0100, 0.0131
(16, 6): 0.5186, 0.0100, 0.0072
(16, 7): -0.0925, 0.0100, 0.0078
(16, 8): 0.7815, 0.0100, 0.0061
(16, 9): -0.0274, 0.0100, 0.0096
(16, 10): 0.4430, 0.0100, 0.0082
(16, 11): -0.2421, 0.0100, 0.0125
(16, 12): -0.3084, 0.0101, 0.0153
(16, 13): -0.3098, 0.0100, 0.0174
(16, 14): -0.3717, 0.0103, 0.0184
(16, 15): -0.3168, 0.0101, 0.0173
(16, 16): 1.3268, 0.0103, 0.0116
(16, 17): -0.2693, 0.0100, 0.0143
(16, 18): -0.2667, 0.0102, 0.0139
(16, 19): -0.3069, 0.0100, 0.0144
(16, 20): -0.3277, 0.0099, 0.0145
(16, 21): -0.1167, 0.0100, 0.0089
(16, 22): 0.4513, 0.0100, 0.0084
(17, 1): 0.4977, 0.0100, 0.0093
(17, 2): -0.2984, 0.0100, 0.0152
(17, 3): 0.6256, 0.0101, 0.0129
(17, 4): 0.3858, 0.0101, 0.0111
(17, 5): -0.3016, 0.0100, 0.0131
(17, 6): 0.5189, 0.0100, 0.0072
(17, 7): 0.2904, 0.0100, 0.0061
(17, 8): -0.1377, 0.0100, 0.0083
(17, 9): -0.2651, 0.0100, 0.0128
(17, 10): -0.2956, 0.0101, 0.0134
(17, 11): 0.3922, 0.0100, 0.0086
(17, 12): 0.7409, 0.0100, 0.0060
(17, 13): 0.3379, 0.0100, 0.0060
(17, 14): 0.5930, 0.0100, 0.0048
(17, 15): 0.5927, 0.0100, 0.0047
(17, 16): 0.4729, 0.0100, 0.0054
(17, 17): 0.4836, 0.0100, 0.0057
(17, 18): 0.4478, 0.0100, 0.0066
(17, 19): 0.7224, 0.0100, 0.0083
(17, 20): 0.4985, 0.0100, 0.0077
(17, 21): 0.4410, 0.0100, 0.0085
(17, 22): 0.2330, 0.0100, 0.0107
(18, 1): 0.4430, 0.0100, 0.0080
(18, 2): 1.3866, 0.0101, 0.0077
(18, 3): -0.3325, 0.0098, 0.0172
(18, 4): 0.4863, 0.0101, 0.0113
(18, 5): -0.1954, 0.0100, 0.0111
(18, 6): 0.4445, 0.0100, 0.0082
(18, 7): 0.4441, 0.0100, 0.0081
(18, 8): 0.4167, 0.0101, 0.0083
(18, 9): 0.6082, 0.0100, 0.0049
(18, 10): 0.4045, 0.0100, 0.0043
(18, 11): 0.4676, 0.0100, 0.0037
(18, 12): 0.4776, 0.0100, 0.0035
(18, 13): 0.4718, 0.0100, 0.0034
(18, 14): 0.4725, 0.0100, 0.0038
(18, 15): 0.3928, 0.0100, 0.0047
(18, 16): 0.5106, 0.0100, 0.0054
(18, 17): 0.3426, 0.0100, 0.0064
(18, 18): -0.0640, 0.0100, 0.0092
(18, 19): 0.5446, 0.0100, 0.0080
(18, 20): 0.5066, 0.0100, 0.0076
(18, 21): 0.1975, 0.0100, 0.0086
(18, 22): 0.4482, 0.0100, 0.0083
