(5, 17): 1.4927, 0.0200, 0.9683, 0.0077
(5, 18): 1.3632, 0.0200, 1.1872, 0.0066
(5, 19): 1.3692, 0.0200, 1.2554, 0.0060
(5, 20): 1.3128, 0.0200, 1.2694, 0.0056
(5, 21): 1.3198, 0.0200, 1.3009, 0.0055
(5, 22): 1.3262, 0.0200, 1.3213, 0.0049
(5, 23): 1.3050, 0.0200, 1.3405, 0.0051
(5, 24): 1.3971, 0.0200, 1.1021, 0.0053
(5, 25): 1.4406, 0.0200, 1.0947, 0.0050
(5, 26): 1.3666, 0.0200, 1.1445, 0.0048
(5, 27): 1.0724, 0.0200, 0.4792, 0.0067
(6, 1): nan, nan, nan, 0.0000
(6, 2): nan, nan, nan, 0.0000
(6, 3): nan, nan, nan, 0.0000
(6, 4): nan, nan, nan, 0.0000
(6, 5): nan, nan, nan, 0.0000
(6, 6): nan, nan, nan, 0.0000
(6, 7): nan, nan, nan, 0.0000
(6, 8): nan, nan, nan, 0.0000
(6, 9): nan, nan, nan, 0.0000
(6, 10): nan, nan, nan, 0.0000
(6, 11): 1.1094, 0.0200, 0.5647, 0.0063
(6, 12): 0.9566, 0.0200, 0.3157, 0.0066
(6, 13): nan, nan, nan, 0.0000
(6, 14): nan, nan, nan, 0.0000
(6, 15): 1.6574, 0.0200, 0.4456, 0.0157
(6, 16): 1.7549, 0.0200, 0.6397, 0.0133
(6, 17): 1.5437, 0.0200, 0.8991, 0.0092
(6, 18): 1.3911, 0.0200, 1.1475, 0.0064
(6, 19): 1.3696, 0.0200, 1.2234, 0.0055
(6, 20): 1.3068, 0.0200, 1.3274, 0.0049
(33, 5): nan, nan, nan, 0.0000
(33, 6): nan, nan, nan, 0.0000
(33, 7): nan, nan, nan, 0.0000
(33, 8): nan, nan, nan, 0.0000
(33, 9): nan, nan, nan, 0.0000
(33, 10): nan, nan, nan, 0.0000
(33, 11): nan, nan, nan, 0.0000
(33, 12): nan, nan, nan, 0.0000
(33, 13): nan, nan, nan, 0.0000
(33, 14): nan, nan, nan, 0.0000
(33, 15): nan, nan, nan, 0.0000
(33, 16): nan, nan, nan, 0.0000
(33, 17): nan, nan, nan, 0.0000
(33, 18): nan, nan, nan, 0.0000
(33, 19): 1.2271, 0.0200, 0.9762, 0.0040
(33, 20): 1.3946, 0.0200, 1.3341, 0.0042
(33, 21): 1.4292, 0.0200, 1.2276, 0.0052
(33, 22): 1.1522, 0.0200, 0.7335, 0.0043
(33, 23): nan, nan, nan, 0.0000
(33, 24): nan, nan, nan, 0.0000
(33, 25): nan, nan, nan, 0.0000
(33, 26): nan, nan, nan, 0.0000
(33, 27): nan, nan, nan, 0.0000
(34, 1): nan, nan, nan, 0.0000
(34, 2): nan, nan, nan, 0.0000
(34, 3): nan, nan, nan, 0.0000
(34, 4): nan, nan, nan, 0.0000
(34, 5): nan, nan, nan, 0.0000
(34, 6): nan, nan, nan, 0.0000
(34, 7): nan, nan, nan, 0.0000
(34, 8): nan, nan, nan, 0.0000
(29, 20): 1.4341, 0.0200, 1.1320, 0.0053
(29, 21): 1.4482, 0.0200, 1.0977, 0.0057
(29, 22): 1.0876, 0.0200, 0.3907, 0.0078
(29, 23): nan, nan, nan, 0.0000
(29, 24): nan, nan, nan, 0.0000
(29, 25): nan, nan, nan, 0.0000
(29, 26): nan, nan, nan, 0.0000
(29, 27): nan, nan, nan, 0.0000
(30, 1): nan, nan, nan, 0.0000
(30, 2): 1.1200, 0.0200, 1.1401, 0.0041
(30, 3): 0.9166, 0.0200, 0.6934, 0.0043
(30, 4): 0.9560, 0.0200, 0.5477, 0.0046
(30, 5): 1.3227, 0.0200, 1.2589, 0.0049
(30, 6): 1.2996, 0.0200, 1.1615, 0.0047
(30, 7): 0.9140, 0.0200, 0.5632, 0.0044
(30, 8): nan, nan, nan, 0.0000
(30, 9): nan, nan, nan, 0.0000
(30, 10): nan, nan, nan, 0.0000
(30, 11): nan, nan, nan, 0.0000
(30, 12): nan, nan, nan, 0.0000
(30, 13): nan, nan, nan, 0.0000
(30, 14): nan, nan, nan, 0.0000
(30, 15): nan, nan, nan, 0.0000
(30, 16): nan, nan, nan, 0.0000
(30, 17): nan, nan, nan, 0.0000
(30, 18): nan, nan, nan, 0.0000
(30, 19): 1.0498, 0.0200, 0.4099, 0.0072
(30, 20): 1.4179, 0.0200, 0.9094, 0.0056
(30, 21): 1.4207, 0.0200, 1.0404, 0.0048
(30, 22): 1.0777, 0.0200, 0.5033, 0.0077
(30, 23): nan, nan, nan, 0.0000
(9, 2): nan, nan, nan, 0.0000
(9, 3): nan, nan, nan, 0.0000
(9, 4): nan, nan, nan, 0.0000
(9, 5): nan, nan, nan, 0.0000
(9, 6): nan, nan, nan, 0.0000
(9, 7): nan, nan, nan, 0.0000
(9, 8): nan, nan, nan, 0.0000
(9, 9): nan, nan, nan, 0.0000
(9, 10): 1.1500, 0.0200, 0.8680, 0.0048
(9, 11): 0.8106, 0.0200, 0.2102, 0.0111
(9, 12): nan, nan, nan, 0.0000
(9, 13): nan, nan, nan, 0.0000
(9, 14): nan, nan, nan, 0.0000
(9, 15): 2.5162, 0.0200, 0.0900, 0.0264
(9, 16): 2.0836, 0.0200, 0.4115, 0.0149
(9, 17): 1.5711, 0.0200, 0.8809, 0.0085
(9, 18): 1.4604, 0.0200, 1.0770, 0.0075
(9, 19): 1.3402, 0.0200, 1.3006, 0.0055
(9, 20): 1.3530, 0.0200, 1.3152, 0.0061
(9, 21): 1.3884, 0.0200, 1.2910, 0.0053
(9, 22): 1.5063, 0.0200, 1.0413, 0.0068
(9, 23): 1.3773, 0.0200, 1.3169, 0.0050
(9, 24): 1.3734, 0.0200, 1.3425, 0.0042
(9, 25): 1.3420, 0.0200, 1.4183, 0.0039
(9, 26): 1.3821, 0.0200, 1.2693, 0.0040
(9, 27): 0.9679, 0.0200, 0.4618, 0.0049
(10, 1): nan, nan, nan, 0.0000
(10, 2): nan, nan, nan, 0.0000
(10, 3): nan, nan, nan, 0.0000
(10, 4): nan, nan, nan, 0.0000
(10, 5): nan, nan, nan, 0.0000
(7, 25): 1.3211, 0.0200, 1.3462, 0.0049
(7, 26): 1.3039, 0.0200, 1.3785, 0.0039
(7, 27): 1.2638, 0.0200, 0.8880, 0.0054
(8, 1): nan, nan, nan, 0.0000
(8, 2): nan, nan, nan, 0.0000
(8, 3): nan, nan, nan, 0.0000
(8, 4): nan, nan, nan, 0.0000
(8, 5): nan, nan, nan, 0.0000
(8, 6): nan, nan, nan, 0.0000
(8, 7): nan, nan, nan, 0.0000
(8, 8): nan, nan, nan, 0.0000
(8, 9): nan, nan, nan, 0.0000
(8, 10): 1.1247, 0.0200, 0.8520, 0.0059
(8, 11): 1.0991, 0.0200, 0.8210, 0.0054
(8, 12): nan, nan, nan, 0.0000
(8, 13): nan, nan, nan, 0.0000
(8, 14): 1.0749, 0.0200, 0.4596, 0.0084
(8, 15): 2.1841, 0.0200, 0.1208, 0.0270
(8, 16): 2.2476, 0.0200, 0.3035, 0.0164
(8, 17): 1.5330, 0.0200, 0.9283, 0.0089
(8, 18): 1.4320, 0.0200, 1.1203, 0.0068
(8, 19): 1.3516, 0.0200, 1.2691, 0.0051
(8, 20): 1.3653, 0.0200, 1.3034, 0.0053
(8, 21): 1.3684, 0.0200, 1.3042, 0.0052
(8, 22): 1.3761, 0.0200, 1.3145, 0.0051
(8, 23): 1.3774, 0.0200, 1.3100, 0.0047
(8, 24): 1.3537, 0.0200, 1.3450, 0.0045
(8, 25): 1.3284, 0.0200, 1.3769, 0.0042
(8, 26): 1.3491, 0.0200, 1.3242, 0.0044
(8, 27): 1.2689, 0.0200, 0.8148, 0.0059
(9, 1): nan, nan, nan, 0.0000
(12, 14): 1.2057, 0.0200, 0.7306, 0.0064
(12, 15): nan, nan, nan, 0.0000
(12, 16): 1.3812, 0.0200, 0.2902, 0.0136
(12, 17): 1.5462, 0.0200, 0.9255, 0.0087
(12, 18): 1.4452, 0.0200, 1.1410, 0.0067
(12, 19): 1.4162, 0.0200, 1.1642, 0.0063
(12, 20): 1.3973, 0.0200, 1.1954, 0.0057
(12, 21): 1.3901, 0.0200, 1.2416, 0.0056
(12, 22): 1.3488, 0.0200, 1.3876, 0.0051
(12, 23): 1.3300, 0.0200, 1.3725, 0.0048
(12, 24): 1.2895, 0.0200, 1.2399, 0.0051
(12, 25): 1.0197, 0.0200, 0.5619, 0.0061
(12, 26): 0.9636, 0.0200, 0.5683, 0.0052
(12, 27): nan, nan, nan, 0.0000
(13, 1): nan, nan, nan, 0.0000
(13, 2): nan, nan, nan, 0.0000
(13, 3): nan, nan, nan, 0.0000
(13, 4): nan, nan, nan, 0.0000
(13, 5): nan, nan, nan, 0.0000
(13, 6): nan, nan, nan, 0.0000
(13, 7): nan, nan, nan, 0.0000
(13, 8): nan, nan, nan, 0.0000
(13, 9): nan, nan, nan, 0.0000
(13, 10): 1.3677, 0.0200, 1.2679, 0.0052
(13, 11): 1.4172, 0.0200, 1.2242, 0.0061
(13, 12): 1.3872, 0.0200, 1.2063, 0.0053
(13, 13): 1.3368, 0.0200, 1.0358, 0.0059
(13, 14): 0.9434, 0.0200, 0.3520, 0.0067
(13, 15): nan, nan, nan, 0.0000
(13, 16): 1.1202, 0.0200, 0.2327, 0.0153
(13, 17): 1.7027, 0.0200, 0.5543, 0.0119
(6, 21): 1.3035, 0.0200, 1.3916, 0.0050
(6, 22): 1.3596, 0.0200, 1.2873, 0.0063
(6, 23): 1.3816, 0.0200, 1.2141, 0.0046
(6, 24): 1.3520, 0.0200, 1.2176, 0.0053
(6, 25): 1.3756, 0.0200, 1.2503, 0.0055
(6, 26): 1.3215, 0.0200, 1.3261, 0.0048
(6, 27): 1.1360, 0.0200, 0.5415, 0.0073
(7, 1): nan, nan, nan, 0.0000
(7, 2): nan, nan, nan, 0.0000
(7, 3): nan, nan, nan, 0.0000
(7, 4): nan, nan, nan, 0.0000
(7, 5): nan, nan, nan, 0.0000
(7, 6): nan, nan, nan, 0.0000
(7, 7): nan, nan, nan, 0.0000
(7, 8): nan, nan, nan, 0.0000
(7, 9): nan, nan, nan, 0.0000
(7, 10): 0.8217, 0.0200, 0.2040, 0.0106
(7, 11): 1.1256, 0.0200, 0.5496, 0.0066
(7, 12): nan, nan, nan, 0.0000
(7, 13): nan, nan, nan, 0.0000
(7, 14): nan, nan, nan, 0.0000
(7, 15): 2.2825, 0.0200, 0.1851, 0.0246
(7, 16): 1.9938, 0.0200, 0.3817, 0.0160
(7, 17): 1.4526, 0.0200, 1.0344, 0.0072
(7, 18): 1.3892, 0.0200, 1.1692, 0.0067
(7, 19): 1.4356, 0.0200, 1.1143, 0.0073
(7, 20): 1.3774, 0.0200, 1.2388, 0.0060
(7, 21): 1.3737, 0.0200, 1.2848, 0.0055
(7, 22): 1.3733, 0.0200, 1.3106, 0.0056
(7, 23): 1.3542, 0.0200, 1.3107, 0.0048
(7, 24): 1.3264, 0.0200, 1.3550, 0.0043
(19, 11): 1.4455, 0.0200, 1.1978, 0.0064
(19, 12): 1.3344, 0.0200, 1.4069, 0.0051
(19, 13): 1.3559, 0.0200, 1.3805, 0.0052
(19, 14): 1.3578, 0.0200, 1.3963, 0.0053
(19, 15): 1.3578, 0.0200, 1.4263, 0.0052
(19, 16): 1.3521, 0.0200, 1.4094, 0.0051
(19, 17): 1.3434, 0.0200, 1.4064, 0.0047
(19, 18): 1.3621, 0.0200, 1.4257, 0.0052
(19, 19): 1.7747, 0.0200, 0.7843, 0.0090
(19, 20): 1.2703, 0.0200, 1.5315, 0.0057
(19, 21): 1.3421, 0.0200, 1.3737, 0.0044
(19, 22): 1.3800, 0.0200, 1.2944, 0.0044
(19, 23): 1.3912, 0.0200, 1.3116, 0.0043
(19, 24): 1.3658, 0.0200, 1.3296, 0.0037
(19, 25): 1.2617, 0.0200, 1.0044, 0.0044
(19, 26): 0.8146, 0.0200, 0.2289, 0.0091
(19, 27): nan, nan, nan, 0.0000
(20, 1): nan, nan, nan, 0.0000
(20, 2): nan, nan, nan, 0.0000
(20, 3): nan, nan, nan, 0.0000
(20, 4): nan, nan, nan, 0.0000
(20, 5): nan, nan, nan, 0.0000
(20, 6): nan, nan, nan, 0.0000
(20, 7): 0.9929, 0.0200, 0.4987, 0.0065
(20, 8): 1.7004, 0.0200, 0.8770, 0.0117
(20, 9): 1.7178, 0.0200, 0.8391, 0.0096
(20, 10): 1.3257, 0.0200, 1.4656, 0.0056
(20, 11): 1.3501, 0.0200, 1.4033, 0.0050
(20, 12): 1.3268, 0.0200, 1.4170, 0.0050
(20, 13): 1.4857, 0.0200, 1.1022, 0.0060
(20, 14): 1.5024, 0.0200, 1.0732, 0.0059
(22, 23): nan, nan, nan, 0.0000
(22, 24): nan, nan, nan, 0.0000
(22, 25): nan, nan, nan, 0.0000
(22, 26): nan, nan, nan, 0.0000
(22, 27): nan, nan, nan, 0.0000
(23, 1): nan, nan, nan, 0.0000
(23, 2): nan, nan, nan, 0.0000
(23, 3): nan, nan, nan, 0.0000
(23, 4): nan, nan, nan, 0.0000
(23, 5): 1.0561, 0.0200, 0.5423, 0.0067
(23, 6): 1.2823, 0.0200, 0.8374, 0.0069
(23, 7): 1.3328, 0.0200, 1.0394, 0.0069
(23, 8): 1.4051, 0.0200, 1.2225, 0.0075
(23, 9): 1.4250, 0.0200, 1.2342, 0.0060
(23, 10): 1.9617, 0.0200, 0.4955, 0.0101
(23, 11): 2.2129, 0.0200, 0.2424, 0.0127
(23, 12): 1.4091, 0.0200, 1.2336, 0.0063
(23, 13): 1.3538, 0.0200, 1.3363, 0.0043
(23, 14): 1.3543, 0.0200, 1.3310, 0.0045
(23, 15): 1.3835, 0.0200, 1.2657, 0.0047
(23, 16): 1.4642, 0.0200, 1.1216, 0.0058
(23, 17): 1.6138, 0.0200, 0.8718, 0.0071
(23, 18): 1.5875, 0.0200, 0.8707, 0.0066
(23, 19): 1.4893, 0.0200, 1.0898, 0.0057
(23, 20): 1.4549, 0.0200, 0.9313, 0.0060
(23, 21): nan, nan, nan, 0.0000
(23, 22): nan, nan, nan, 0.0000
(23, 23): nan, nan, nan, 0.0000
(23, 24): nan, nan, nan, 0.0000
(23, 25): nan, nan, nan, 0.0000
(23, 26): nan, nan, nan, 0.0000
(32, 1): nan, nan, nan, 0.0000
(32, 2): nan, nan, nan, 0.0000
(32, 3): nan, nan, nan, 0.0000
(32, 4): nan, nan, nan, 0.0000
(32, 5): nan, nan, nan, 0.0000
(32, 6): nan, nan, nan, 0.0000
(32, 7): nan, nan, nan, 0.0000
(32, 8): nan, nan, nan, 0.0000
(32, 9): nan, nan, nan, 0.0000
(32, 10): nan, nan, nan, 0.0000
(32, 11): nan, nan, nan, 0.0000
(32, 12): nan, nan, nan, 0.0000
(32, 13): nan, nan, nan, 0.0000
(32, 14): nan, nan, nan, 0.0000
(32, 15): nan, nan, nan, 0.0000
(32, 16): nan, nan, nan, 0.0000
(32, 17): nan, nan, nan, 0.0000
(32, 18): nan, nan, nan, 0.0000
(32, 19): 0.9882, 0.0200, 0.4903, 0.0055
(32, 20): 1.4347, 0.0200, 1.2424, 0.0054
(32, 21): 1.2437, 0.0200, 1.0265, 0.0046
(32, 22): 0.9138, 0.0200, 0.3695, 0.0057
(32, 23): nan, nan, nan, 0.0000
(32, 24): nan, nan, nan, 0.0000
(32, 25): nan, nan, nan, 0.0000
(32, 26): nan, nan, nan, 0.0000
(32, 27): nan, nan, nan, 0.0000
(33, 1): nan, nan, nan, 0.0000
(33, 2): nan, nan, nan, 0.0000
(33, 3): nan, nan, nan, 0.0000
(33, 4): nan, nan, nan, 0.0000
(27, 12): 1.1441, 0.0200, 0.7965, 0.0042
(27, 13): 1.2987, 0.0200, 1.1617, 0.0052
(27, 14): 1.3007, 0.0200, 0.9378, 0.0043
(27, 15): 1.4666, 0.0200, 1.1243, 0.0050
(27, 16): 1.4560, 0.0200, 1.1316, 0.0049
(27, 17): 1.5051, 0.0200, 1.0370, 0.0056
(27, 18): 1.4452, 0.0200, 1.1400, 0.0053
(27, 19): 1.4591, 0.0200, 1.1257, 0.0046
(27, 20): 1.4355, 0.0200, 1.1485, 0.0045
(27, 21): 1.4218, 0.0200, 1.1784, 0.0049
(27, 22): 1.5868, 0.0200, 0.8280, 0.0062
(27, 23): nan, nan, nan, 0.0000
(27, 24): nan, nan, nan, 0.0000
(27, 25): nan, nan, nan, 0.0000
(27, 26): nan, nan, nan, 0.0000
(27, 27): nan, nan, nan, 0.0000
(28, 1): nan, nan, nan, 0.0000
(28, 2): 0.6684, 0.0200, 0.2863, 0.0069
(28, 3): 1.0970, 0.0200, 0.9022, 0.0049
(28, 4): 1.1324, 0.0200, 0.9135, 0.0049
(28, 5): 1.2672, 0.0200, 1.2716, 0.0037
(28, 6): 1.1897, 0.0200, 0.7722, 0.0047
(28, 7): 1.1701, 0.0200, 0.8309, 0.0046
(28, 8): 1.2816, 0.0200, 1.0668, 0.0046
(28, 9): 1.2468, 0.0200, 0.8788, 0.0053
(28, 10): nan, nan, nan, 0.0000
(28, 11): nan, nan, nan, 0.0000
(28, 12): nan, nan, nan, 0.0000
(28, 13): nan, nan, nan, 0.0000
(28, 14): 1.0180, 0.0200, 0.4681, 0.0051
(28, 15): 1.4820, 0.0200, 1.0170, 0.0054
(13, 18): 1.4399, 0.0200, 1.0290, 0.0062
(13, 19): 1.4254, 0.0200, 1.1704, 0.0061
(13, 20): 1.4093, 0.0200, 1.2126, 0.0059
(13, 21): 1.3922, 0.0200, 1.2687, 0.0057
(13, 22): 1.3420, 0.0200, 1.3845, 0.0048
(13, 23): 1.3479, 0.0200, 1.3307, 0.0046
(13, 24): 1.2879, 0.0200, 1.2144, 0.0048
(13, 25): 0.7840, 0.0200, 0.2085, 0.0107
(13, 26): nan, nan, nan, 0.0000
(13, 27): nan, nan, nan, 0.0000
(14, 1): nan, nan, nan, 0.0000
(14, 2): nan, nan, nan, 0.0000
(14, 3): nan, nan, nan, 0.0000
(14, 4): nan, nan, nan, 0.0000
(14, 5): nan, nan, nan, 0.0000
(14, 6): nan, nan, nan, 0.0000
(14, 7): nan, nan, nan, 0.0000
(14, 8): nan, nan, nan, 0.0000
(14, 9): nan, nan, nan, 0.0000
(14, 10): 1.3956, 0.0200, 1.2505, 0.0053
(14, 11): 1.5781, 0.0200, 1.0716, 0.0074
(14, 12): 1.5379, 0.0200, 0.9970, 0.0077
(14, 13): 0.8801, 0.0200, 0.2104, 0.0134
(14, 14): nan, nan, nan, 0.0000
(14, 15): 0.8605, 0.0200, 0.2019, 0.0148
(14, 16): 1.8284, 0.0200, 0.4241, 0.0161
(14, 17): 1.8379, 0.0200, 0.6879, 0.0118
(14, 18): 1.5155, 0.0200, 1.0717, 0.0074
(14, 19): 1.3900, 0.0200, 1.2877, 0.0059
(14, 20): 1.4536, 0.0200, 1.1573, 0.0060
(14, 21): 1.3609, 0.0200, 1.3092, 0.0053
(21, 19): 1.4102, 0.0200, 1.2646, 0.0052
(21, 20): 1.3993, 0.0200, 1.2744, 0.0053
(21, 21): 1.3956, 0.0200, 1.0437, 0.0050
(21, 22): 1.4108, 0.0200, 1.0370, 0.0054
(21, 23): 1.3895, 0.0200, 1.0399, 0.0046
(21, 24): 1.1384, 0.0200, 0.7568, 0.0051
(21, 25): nan, nan, nan, 0.0000
(21, 26): nan, nan, nan, 0.0000
(21, 27): nan, nan, nan, 0.0000
(22, 1): nan, nan, nan, 0.0000
(22, 2): nan, nan, nan, 0.0000
(22, 3): nan, nan, nan, 0.0000
(22, 4): nan, nan, nan, 0.0000
(22, 5): nan, nan, nan, 0.0000
(22, 6): 1.3303, 0.0200, 0.9200, 0.0066
(22, 7): 1.4046, 0.0200, 1.2824, 0.0060
(22, 8): 1.3697, 0.0200, 1.3519, 0.0059
(22, 9): 1.7051, 0.0200, 0.8437, 0.0169
(22, 10): 2.6394, 0.0200, 0.1314, 0.0241
(22, 11): 1.3721, 0.0200, 1.3540, 0.0051
(22, 12): 1.2983, 0.0200, 1.4495, 0.0043
(22, 13): 1.3207, 0.0200, 1.4186, 0.0045
(22, 14): 1.4459, 0.0200, 1.2296, 0.0042
(22, 15): 1.3785, 0.0200, 1.3009, 0.0044
(22, 16): 1.4175, 0.0200, 1.2074, 0.0047
(22, 17): 1.4482, 0.0200, 1.1498, 0.0048
(22, 18): 1.5747, 0.0200, 0.9513, 0.0058
(22, 19): 1.6304, 0.0200, 0.8815, 0.0082
(22, 20): 1.3873, 0.0200, 0.9517, 0.0071
(22, 21): 0.9713, 0.0200, 0.3318, 0.0069
(22, 22): nan, nan, nan, 0.0000
(14, 22): 1.3668, 0.0200, 1.3095, 0.0050
(14, 23): 1.3251, 0.0200, 1.3912, 0.0045
(14, 24): 1.3216, 0.0200, 1.2655, 0.0043
(14, 25): 1.1081, 0.0200, 0.9531, 0.0043
(14, 26): 1.1530, 0.0200, 0.9515, 0.0048
(14, 27): 0.7621, 0.0200, 0.2138, 0.0103
(15, 1): nan, nan, nan, 0.0000
(15, 2): nan, nan, nan, 0.0000
(15, 3): nan, nan, nan, 0.0000
(15, 4): nan, nan, nan, 0.0000
(15, 5): nan, nan, nan, 0.0000
(15, 6): nan, nan, nan, 0.0000
(15, 7): nan, nan, nan, 0.0000
(15, 8): nan, nan, nan, 0.0000
(15, 9): 1.1105, 0.0200, 0.3926, 0.0101
(15, 10): 2.1095, 0.0200, 0.3950, 0.0169
(15, 11): 2.0826, 0.0200, 0.4732, 0.0164
(15, 12): 2.2153, 0.0200, 0.3001, 0.0137
(15, 13): 1.4904, 0.0200, 0.3716, 0.0122
(15, 14): 0.8572, 0.0200, 0.2155, 0.0119
(15, 15): 1.5465, 0.0200, 0.7949, 0.0078
(15, 16): 1.7879, 0.0200, 0.6629, 0.0117
(15, 17): 2.0199, 0.0200, 0.4321, 0.0147
(15, 18): 1.6375, 0.0200, 0.7801, 0.0096
(15, 19): 1.3895, 0.0200, 1.3180, 0.0057
(15, 20): 1.3979, 0.0200, 1.2681, 0.0048
(15, 21): 1.3663, 0.0200, 1.2994, 0.0053
(15, 22): 1.3436, 0.0200, 1.3389, 0.0046
(15, 23): 1.3813, 0.0200, 1.2948, 0.0044
(15, 24): 1.3441, 0.0200, 1.3413, 0.0044
(15, 25): 1.3542, 0.0200, 1.3509, 0.0040
(18, 7): nan, nan, nan, 0.0000
(18, 8): 0.7926, 0.0200, 0.2421, 0.0110
(18, 9): 1.6816, 0.0200, 0.7890, 0.0089
(18, 10): 1.6950, 0.0200, 0.8506, 0.0097
(18, 11): 1.5158, 0.0200, 1.0991, 0.0069
(18, 12): 1.4436, 0.0200, 1.1954, 0.0053
(18, 13): 1.3985, 0.0200, 1.2961, 0.0061
(18, 14): 1.3489, 0.0200, 1.4036, 0.0054
(18, 15): 1.3745, 0.0200, 1.3918, 0.0052
(18, 16): 1.3656, 0.0200, 1.3774, 0.0048
(18, 17): 1.3330, 0.0200, 1.4110, 0.0048
(18, 18): 1.4777, 0.0200, 1.1887, 0.0061
(18, 19): 1.7527, 0.0200, 0.8012, 0.0102
(18, 20): 1.3540, 0.0200, 1.4339, 0.0049
(18, 21): 1.3571, 0.0200, 1.3278, 0.0053
(18, 22): 1.3612, 0.0200, 1.2769, 0.0049
(18, 23): 1.4023, 0.0200, 1.2418, 0.0043
(18, 24): 1.3401, 0.0200, 1.3648, 0.0045
(18, 25): 1.3021, 0.0200, 1.2896, 0.0037
(18, 26): 1.0129, 0.0200, 0.4858, 0.0056
(18, 27): nan, nan, nan, 0.0000
(19, 1): nan, nan, nan, 0.0000
(19, 2): nan, nan, nan, 0.0000
(19, 3): nan, nan, nan, 0.0000
(19, 4): nan, nan, nan, 0.0000
(19, 5): nan, nan, nan, 0.0000
(19, 6): nan, nan, nan, 0.0000
(19, 7): nan, nan, nan, 0.0000
(19, 8): 1.1952, 0.0200, 0.9255, 0.0058
(19, 9): 2.6923, 0.0200, 0.1560, 0.0223
(19, 10): 1.4057, 0.0200, 1.3129, 0.0063
(36, 17): nan, nan, nan, 0.0000
(36, 18): nan, nan, nan, 0.0000
(36, 19): nan, nan, nan, 0.0000
(36, 20): nan, nan, nan, 0.0000
(36, 21): nan, nan, nan, 0.0000
(36, 22): nan, nan, nan, 0.0000
(36, 23): nan, nan, nan, 0.0000
(36, 24): nan, nan, nan, 0.0000
(36, 25): nan, nan, nan, 0.0000
(36, 26): nan, nan, nan, 0.0000
(36, 27): nan, nan, nan, 0.0000
(37, 1): nan, nan, nan, 0.0000
(37, 2): nan, nan, nan, 0.0000
(37, 3): nan, nan, nan, 0.0000
(37, 4): nan, nan, nan, 0.0000
(37, 5): nan, nan, nan, 0.0000
(37, 6): nan, nan, nan, 0.0000
(37, 7): nan, nan, nan, 0.0000
(37, 8): nan, nan, nan, 0.0000
(37, 9): nan, nan, nan, 0.0000
(37, 10): nan, nan, nan, 0.0000
(37, 11): nan, nan, nan, 0.0000
(37, 12): nan, nan, nan, 0.0000
(37, 13): nan, nan, nan, 0.0000
(37, 14): nan, nan, nan, 0.0000
(37, 15): nan, nan, nan, 0.0000
(37, 16): nan, nan, nan, 0.0000
(37, 17): nan, nan, nan, 0.0000
(37, 18): nan, nan, nan, 0.0000
(37, 19): nan, nan, nan, 0.0000
(37, 20): nan, nan, nan, 0.0000
(37, 21): nan, nan, nan, 0.0000
(37, 22): nan, nan, nan, 0.0000
(37, 23): nan, nan, nan, 0.0000
(37, 24): nan, nan, nan, 0.0000
(37, 25): nan, nan, nan, 0.0000
(37, 26): nan, nan, nan, 0.0000
(37, 27): nan, nan, nan, 0.0000
(35, 13): nan, nan, nan, 0.0000
(35, 14): nan, nan, nan, 0.0000
(35, 15): nan, nan, nan, 0.0000
(35, 16): nan, nan, nan, 0.0000
(35, 17): nan, nan, nan, 0.0000
(35, 18): nan, nan, nan, 0.0000
(35, 19): nan, nan, nan, 0.0000
(35, 20): nan, nan, nan, 0.0000
(35, 21): nan, nan, nan, 0.0000
(35, 22): nan, nan, nan, 0.0000
(35, 23): nan, nan, nan, 0.0000
(35, 24): nan, nan, nan, 0.0000
(35, 25): nan, nan, nan, 0.0000
(35, 26): nan, nan, nan, 0.0000
(35, 27): nan, nan, nan, 0.0000
(36, 1): nan, nan, nan, 0.0000
(36, 2): nan, nan, nan, 0.0000
(36, 3): nan, nan, nan, 0.0000
(36, 4): nan, nan, nan, 0.0000
(36, 5): nan, nan, nan, 0.0000
(36, 6): nan, nan, nan, 0.0000
(36, 7): nan, nan, nan, 0.0000
(36, 8): nan, nan, nan, 0.0000
(36, 9): nan, nan, nan, 0.0000
(36, 10): nan, nan, nan, 0.0000
(36, 11): nan, nan, nan, 0.0000
(36, 12): nan, nan, nan, 0.0000
(36, 13): nan, nan, nan, 0.0000
(36, 14): nan, nan, nan, 0.0000
(36, 15): nan, nan, nan, 0.0000
(36, 16): nan, nan, nan, 0.0000
(3, 9): nan, nan, nan, 0.0000
(3, 10): nan, nan, nan, 0.0000
(3, 11): nan, nan, nan, 0.0000
(3, 12): nan, nan, nan, 0.0000
(3, 13): nan, nan, nan, 0.0000
(3, 14): nan, nan, nan, 0.0000
(3, 15): nan, nan, nan, 0.0000
(3, 16): 1.1264, 0.0200, 0.4436, 0.0088
(3, 17): 1.1001, 0.0200, 0.4572, 0.0091
(3, 18): 0.9901, 0.0200, 0.2838, 0.0103
(3, 19): 1.0326, 0.0200, 0.5014, 0.0055
(3, 20): 0.9742, 0.0200, 0.2823, 0.0080
(3, 21): 0.9493, 0.0200, 0.4348, 0.0075
(3, 22): 1.1585, 0.0200, 0.9286, 0.0056
(3, 23): 1.3619, 0.0200, 1.1292, 0.0057
(3, 24): 1.2705, 0.0200, 1.0791, 0.0050
(3, 25): nan, nan, nan, 0.0000
(3, 26): nan, nan, nan, 0.0000
(3, 27): nan, nan, nan, 0.0000
(4, 1): nan, nan, nan, 0.0000
(4, 2): nan, nan, nan, 0.0000
(4, 3): nan, nan, nan, 0.0000
(4, 4): nan, nan, nan, 0.0000
(4, 5): nan, nan, nan, 0.0000
(4, 6): nan, nan, nan, 0.0000
(4, 7): nan, nan, nan, 0.0000
(4, 8): nan, nan, nan, 0.0000
(4, 9): nan, nan, nan, 0.0000
(4, 10): nan, nan, nan, 0.0000
(4, 11): nan, nan, nan, 0.0000
(4, 12): nan, nan, nan, 0.0000
(1, 1): nan, nan, nan, 0.0000
(1, 2): nan, nan, nan, 0.0000
(1, 3): nan, nan, nan, 0.0000
(1, 4): nan, nan, nan, 0.0000
(1, 5): nan, nan, nan, 0.0000
(1, 6): nan, nan, nan, 0.0000
(1, 7): nan, nan, nan, 0.0000
(1, 8): nan, nan, nan, 0.0000
(1, 9): nan, nan, nan, 0.0000
(1, 10): nan, nan, nan, 0.0000
(1, 11): nan, nan, nan, 0.0000
(1, 12): nan, nan, nan, 0.0000
(1, 13): nan, nan, nan, 0.0000
(1, 14): nan, nan, nan, 0.0000
(1, 15): nan, nan, nan, 0.0000
(1, 16): nan, nan, nan, 0.0000
(1, 17): nan, nan, nan, 0.0000
(1, 18): nan, nan, nan, 0.0000
(1, 19): nan, nan, nan, 0.0000
(1, 20): nan, nan, nan, 0.0000
(1, 21): nan, nan, nan, 0.0000
(1, 22): nan, nan, nan, 0.0000
(1, 23): nan, nan, nan, 0.0000
(1, 24): nan, nan, nan, 0.0000
(1, 25): nan, nan, nan, 0.0000
(1, 26): nan, nan, nan, 0.0000
(1, 27): nan, nan, nan, 0.0000
(2, 1): nan, nan, nan, 0.0000
(2, 2): nan, nan, nan, 0.0000
(2, 3): nan, nan, nan, 0.0000
(2, 4): nan, nan, nan, 0.0000
(28, 16): 1.4340, 0.0200, 1.1744, 0.0050
(28, 17): 1.4415, 0.0200, 1.2277, 0.0046
(28, 18): 1.3854, 0.0200, 1.2448, 0.0048
(28, 19): 1.3860, 0.0200, 1.2466, 0.0047
(28, 20): 1.4318, 0.0200, 1.1574, 0.0055
(28, 21): 1.4226, 0.0200, 1.1841, 0.0051
(28, 22): 1.1887, 0.0200, 0.6679, 0.0059
(28, 23): nan, nan, nan, 0.0000
(28, 24): nan, nan, nan, 0.0000
(28, 25): nan, nan, nan, 0.0000
(28, 26): nan, nan, nan, 0.0000
(28, 27): nan, nan, nan, 0.0000
(29, 1): nan, nan, nan, 0.0000
(29, 2): 1.2949, 0.0200, 1.4273, 0.0038
(29, 3): 1.2774, 0.0200, 1.6885, 0.0035
(29, 4): 1.2606, 0.0200, 1.4097, 0.0042
(29, 5): 1.2382, 0.0200, 1.2034, 0.0049
(29, 6): 1.3429, 0.0200, 1.4438, 0.0038
(29, 7): 1.2565, 0.0200, 1.2747, 0.0040
(29, 8): 0.7775, 0.0200, 0.2351, 0.0093
(29, 9): nan, nan, nan, 0.0000
(29, 10): nan, nan, nan, 0.0000
(29, 11): nan, nan, nan, 0.0000
(29, 12): nan, nan, nan, 0.0000
(29, 13): nan, nan, nan, 0.0000
(29, 14): nan, nan, nan, 0.0000
(29, 15): 0.9943, 0.0200, 0.3435, 0.0061
(29, 16): 1.1562, 0.0200, 0.7351, 0.0048
(29, 17): 0.7908, 0.0200, 0.2291, 0.0100
(29, 18): 1.4865, 0.0200, 0.8855, 0.0058
(29, 19): 1.4284, 0.0200, 1.1725, 0.0049
(4, 13): 1.0135, 0.0200, 0.4161, 0.0070
(4, 14): 1.2870, 0.0200, 0.5889, 0.0079
(4, 15): 1.1104, 0.0200, 0.3440, 0.0104
(4, 16): 1.0493, 0.0200, 0.3935, 0.0086
(4, 17): 1.0267, 0.0200, 0.4134, 0.0078
(4, 18): 1.2390, 0.0200, 0.8811, 0.0061
(4, 19): 1.3049, 0.0200, 1.0567, 0.0066
(4, 20): 1.2921, 0.0200, 1.3081, 0.0053
(4, 21): 1.3655, 0.0200, 1.1824, 0.0052
(4, 22): 1.3499, 0.0200, 1.2546, 0.0048
(4, 23): 1.2979, 0.0200, 1.3448, 0.0040
(4, 24): 1.3107, 0.0200, 1.2879, 0.0045
(4, 25): 1.2022, 0.0200, 0.9713, 0.0044
(4, 26): 0.8634, 0.0200, 0.3602, 0.0050
(4, 27): nan, nan, nan, 0.0000
(5, 1): nan, nan, nan, 0.0000
(5, 2): nan, nan, nan, 0.0000
(5, 3): nan, nan, nan, 0.0000
(5, 4): nan, nan, nan, 0.0000
(5, 5): nan, nan, nan, 0.0000
(5, 6): nan, nan, nan, 0.0000
(5, 7): nan, nan, nan, 0.0000
(5, 8): nan, nan, nan, 0.0000
(5, 9): nan, nan, nan, 0.0000
(5, 10): nan, nan, nan, 0.0000
(5, 11): nan, nan, nan, 0.0000
(5, 12): nan, nan, nan, 0.0000
(5, 13): 1.1079, 0.0200, 0.5196, 0.0068
(5, 14): nan, nan, nan, 0.0000
(5, 15): nan, nan, nan, 0.0000
(5, 16): 1.3217, 0.0200, 0.6422, 0.0089
(17, 3): nan, nan, nan, 0.0000
(17, 4): nan, nan, nan, 0.0000
(17, 5): nan, nan, nan, 0.0000
(17, 6): nan, nan, nan, 0.0000
(17, 7): nan, nan, nan, 0.0000
(17, 8): nan, nan, nan, 0.0000
(17, 9): 1.4933, 0.0200, 0.7666, 0.0078
(17, 10): 1.8958, 0.0200, 0.5816, 0.0107
(17, 11): 1.6153, 0.0200, 0.9494, 0.0090
(17, 12): 1.9534, 0.0200, 0.5070, 0.0130
(17, 13): 1.4123, 0.0200, 1.0629, 0.0066
(17, 14): 1.3582, 0.0200, 1.0397, 0.0063
(17, 15): 1.5189, 0.0200, 0.9257, 0.0063
(17, 16): 1.4549, 0.0200, 1.0387, 0.0061
(17, 17): 1.3934, 0.0200, 1.3183, 0.0055
(17, 18): 1.5065, 0.0200, 1.1477, 0.0073
(17, 19): 1.5746, 0.0200, 1.0482, 0.0078
(17, 20): 1.3614, 0.0200, 1.3884, 0.0050
(17, 21): 1.3643, 0.0200, 1.3238, 0.0050
(17, 22): 1.3753, 0.0200, 1.3147, 0.0043
(17, 23): 1.5063, 0.0200, 1.0464, 0.0046
(17, 24): 1.3514, 0.0200, 1.3410, 0.0042
(17, 25): 1.3820, 0.0200, 1.3021, 0.0045
(17, 26): 1.3725, 0.0200, 1.1078, 0.0051
(17, 27): nan, nan, nan, 0.0000
(18, 1): nan, nan, nan, 0.0000
(18, 2): nan, nan, nan, 0.0000
(18, 3): nan, nan, nan, 0.0000
(18, 4): nan, nan, nan, 0.0000
(18, 5): nan, nan, nan, 0.0000
(18, 6): nan, nan, nan, 0.0000
(23, 27): nan, nan, nan, 0.0000
(24, 1): nan, nan, nan, 0.0000
(24, 2): nan, nan, nan, 0.0000
(24, 3): nan, nan, nan, 0.0000
(24, 4): 0.9986, 0.0200, 0.4530, 0.0062
(24, 5): 1.1779, 0.0200, 0.6398, 0.0073
(24, 6): 1.1753, 0.0200, 0.6370, 0.0071
(24, 7): 1.4113, 0.0200, 1.0414, 0.0068
(24, 8): 1.2523, 0.0200, 0.9772, 0.0055
(24, 9): 1.3096, 0.0200, 1.1914, 0.0055
(24, 10): 1.3375, 0.0200, 1.1045, 0.0061
(24, 11): 1.8177, 0.0200, 0.6434, 0.0091
(24, 12): 1.7460, 0.0200, 0.7493, 0.0088
(24, 13): 1.3962, 0.0200, 1.2343, 0.0055
(24, 14): 1.4646, 0.0200, 1.1131, 0.0058
(24, 15): 1.6890, 0.0200, 0.7944, 0.0071
(24, 16): 1.7817, 0.0200, 0.6507, 0.0075
(24, 17): 1.6454, 0.0200, 0.8322, 0.0072
(24, 18): 1.5222, 0.0200, 1.0591, 0.0057
(24, 19): 1.4977, 0.0200, 1.1059, 0.0054
(24, 20): 1.5062, 0.0200, 1.0473, 0.0053
(24, 21): 1.2780, 0.0200, 0.8773, 0.0050
(24, 22): nan, nan, nan, 0.0000
(24, 23): nan, nan, nan, 0.0000
(24, 24): nan, nan, nan, 0.0000
(24, 25): nan, nan, nan, 0.0000
(24, 26): nan, nan, nan, 0.0000
(24, 27): nan, nan, nan, 0.0000
(25, 1): nan, nan, nan, 0.0000
(25, 2): nan, nan, nan, 0.0000
(25, 3): nan, nan, nan, 0.0000
(20, 15): 1.3382, 0.0200, 1.4428, 0.0047
(20, 16): 1.3517, 0.0200, 1.3958, 0.0045
(20, 17): 1.3381, 0.0200, 1.4214, 0.0048
(20, 18): 1.4002, 0.0200, 1.3220, 0.0044
(20, 19): 1.4914, 0.0200, 1.1775, 0.0064
(20, 20): 1.4377, 0.0200, 1.2518, 0.0056
(20, 21): 1.3791, 0.0200, 1.3374, 0.0045
(20, 22): 1.4249, 0.0200, 1.2488, 0.0045
(20, 23): 1.4277, 0.0200, 1.2462, 0.0044
(20, 24): 1.4059, 0.0200, 1.3235, 0.0040
(20, 25): 1.3473, 0.0200, 1.3335, 0.0038
(20, 26): 0.9828, 0.0200, 0.5049, 0.0048
(20, 27): nan, nan, nan, 0.0000
(21, 1): nan, nan, nan, 0.0000
(21, 2): nan, nan, nan, 0.0000
(21, 3): nan, nan, nan, 0.0000
(21, 4): nan, nan, nan, 0.0000
(21, 5): nan, nan, nan, 0.0000
(21, 6): 0.9957, 0.0200, 0.4953, 0.0060
(21, 7): 1.3370, 0.0200, 1.2528, 0.0061
(21, 8): 1.4385, 0.0200, 1.2877, 0.0066
(21, 9): 1.5844, 0.0200, 1.0465, 0.0080
(21, 10): 1.3923, 0.0200, 1.3587, 0.0068
(21, 11): 1.3408, 0.0200, 1.4191, 0.0047
(21, 12): 1.2792, 0.0200, 1.5048, 0.0047
(21, 13): 1.2969, 0.0200, 1.4209, 0.0051
(21, 14): 1.3390, 0.0200, 1.3914, 0.0047
(21, 15): 1.3230, 0.0200, 1.4242, 0.0041
(21, 16): 1.3947, 0.0200, 1.2697, 0.0044
(21, 17): 1.4278, 0.0200, 1.2163, 0.0047
(21, 18): 1.4429, 0.0200, 1.2263, 0.0054
(11, 10): 1.2961, 0.0200, 1.0330, 0.0064
(11, 11): 1.3818, 0.0200, 1.1800, 0.0057
(11, 12): 1.4049, 0.0200, 1.1192, 0.0061
(11, 13): 1.0964, 0.0200, 0.4866, 0.0072
(11, 14): nan, nan, nan, 0.0000
(11, 15): nan, nan, nan, 0.0000
(11, 16): 0.9752, 0.0200, 0.3049, 0.0090
(11, 17): 1.4394, 0.0200, 1.0918, 0.0067
(11, 18): 1.4159, 0.0200, 1.1421, 0.0060
(11, 19): 1.3881, 0.0200, 1.2035, 0.0059
(11, 20): 1.3458, 0.0200, 1.2646, 0.0056
(11, 21): 1.3471, 0.0200, 1.3181, 0.0056
(11, 22): 1.3740, 0.0200, 1.3099, 0.0052
(11, 23): 1.3790, 0.0200, 1.3103, 0.0053
(11, 24): 1.3704, 0.0200, 1.3380, 0.0047
(11, 25): 1.3522, 0.0200, 1.3514, 0.0046
(11, 26): 1.3235, 0.0200, 1.3050, 0.0047
(11, 27): nan, nan, nan, 0.0000
(12, 1): nan, nan, nan, 0.0000
(12, 2): nan, nan, nan, 0.0000
(12, 3): nan, nan, nan, 0.0000
(12, 4): nan, nan, nan, 0.0000
(12, 5): nan, nan, nan, 0.0000
(12, 6): nan, nan, nan, 0.0000
(12, 7): nan, nan, nan, 0.0000
(12, 8): nan, nan, nan, 0.0000
(12, 9): nan, nan, nan, 0.0000
(12, 10): 1.3628, 0.0200, 1.1659, 0.0055
(12, 11): 1.4227, 0.0200, 1.1486, 0.0059
(12, 12): 1.4941, 0.0200, 0.9826, 0.0067
(12, 13): 1.3584, 0.0200, 0.9681, 0.0063
(30, 24): nan, nan, nan, 0.0000
(30, 25): nan, nan, nan, 0.0000
(30, 26): nan, nan, nan, 0.0000
(30, 27): nan, nan, nan, 0.0000
(31, 1): nan, nan, nan, 0.0000
(31, 2): nan, nan, nan, 0.0000
(31, 3): nan, nan, nan, 0.0000
(31, 4): nan, nan, nan, 0.0000
(31, 5): nan, nan, nan, 0.0000
(31, 6): nan, nan, nan, 0.0000
(31, 7): nan, nan, nan, 0.0000
(31, 8): nan, nan, nan, 0.0000
(31, 9): nan, nan, nan, 0.0000
(31, 10): nan, nan, nan, 0.0000
(31, 11): nan, nan, nan, 0.0000
(31, 12): nan, nan, nan, 0.0000
(31, 13): nan, nan, nan, 0.0000
(31, 14): nan, nan, nan, 0.0000
(31, 15): nan, nan, nan, 0.0000
(31, 16): nan, nan, nan, 0.0000
(31, 17): nan, nan, nan, 0.0000
(31, 18): nan, nan, nan, 0.0000
(31, 19): 0.9355, 0.0200, 0.3483, 0.0060
(31, 20): 1.3396, 0.0200, 1.1432, 0.0048
(31, 21): 0.9868, 0.0200, 0.4525, 0.0055
(31, 22): nan, nan, nan, 0.0000
(31, 23): nan, nan, nan, 0.0000
(31, 24): nan, nan, nan, 0.0000
(31, 25): nan, nan, nan, 0.0000
(31, 26): nan, nan, nan, 0.0000
(31, 27): nan, nan, nan, 0.0000
(26, 8): 1.4279, 0.0200, 1.1939, 0.0050
(26, 9): 1.4357, 0.0200, 1.2217, 0.0046
(26, 10): 1.4336, 0.0200, 1.2246, 0.0056
(26, 11): 1.4556, 0.0200, 1.1860, 0.0047
(26, 12): 1.4024, 0.0200, 1.2554, 0.0056
(26, 13): 1.4121, 0.0200, 1.2181, 0.0045
(26, 14): 1.5169, 0.0200, 1.0712, 0.0059
(26, 15): 1.5009, 0.0200, 1.0800, 0.0045
(26, 16): 1.4116, 0.0200, 1.1954, 0.0046
(26, 17): 1.4433, 0.0200, 1.1596, 0.0052
(26, 18): 1.4571, 0.0200, 1.1246, 0.0050
(26, 19): 1.5050, 0.0200, 1.1118, 0.0061
(26, 20): 1.4450, 0.0200, 1.1169, 0.0056
(26, 21): 1.4276, 0.0200, 1.1598, 0.0047
(26, 22): 1.3253, 0.0200, 1.0445, 0.0052
(26, 23): nan, nan, nan, 0.0000
(26, 24): nan, nan, nan, 0.0000
(26, 25): nan, nan, nan, 0.0000
(26, 26): nan, nan, nan, 0.0000
(26, 27): nan, nan, nan, 0.0000
(27, 1): nan, nan, nan, 0.0000
(27, 2): 1.1151, 0.0200, 0.7086, 0.0049
(27, 3): 1.4881, 0.0200, 1.0447, 0.0053
(27, 4): 1.3490, 0.0200, 1.3538, 0.0039
(27, 5): 1.3026, 0.0200, 1.5503, 0.0036
(27, 6): 1.3184, 0.0200, 1.1532, 0.0045
(27, 7): 1.1372, 0.0200, 0.5862, 0.0065
(27, 8): 1.3268, 0.0200, 1.1450, 0.0046
(27, 9): 1.3282, 0.0200, 1.0731, 0.0049
(27, 10): 1.3861, 0.0200, 1.0296, 0.0049
(27, 11): 1.2709, 0.0200, 1.1661, 0.0043
(25, 4): 1.2343, 0.0200, 0.8659, 0.0059
(25, 5): 1.2486, 0.0200, 1.0243, 0.0053
(25, 6): 1.4167, 0.0200, 1.0228, 0.0068
(25, 7): 1.2199, 0.0200, 0.7388, 0.0059
(25, 8): 1.3718, 0.0200, 1.0539, 0.0056
(25, 9): 1.4436, 0.0200, 1.1234, 0.0058
(25, 10): 1.4207, 0.0200, 1.2067, 0.0056
(25, 11): 1.4537, 0.0200, 1.1733, 0.0051
(25, 12): 1.4694, 0.0200, 1.1468, 0.0058
(25, 13): 1.4631, 0.0200, 1.1209, 0.0061
(25, 14): 1.5731, 0.0200, 0.9637, 0.0067
(25, 15): 1.6448, 0.0200, 0.8696, 0.0065
(25, 16): 1.4882, 0.0200, 1.0405, 0.0057
(25, 17): 1.5605, 0.0200, 0.9868, 0.0070
(25, 18): 1.4710, 0.0200, 1.1348, 0.0052
(25, 19): 1.4838, 0.0200, 1.1031, 0.0050
(25, 20): 1.4459, 0.0200, 1.1560, 0.0053
(25, 21): 1.4658, 0.0200, 1.0914, 0.0055
(25, 22): 1.2297, 0.0200, 0.6451, 0.0063
(25, 23): nan, nan, nan, 0.0000
(25, 24): nan, nan, nan, 0.0000
(25, 25): nan, nan, nan, 0.0000
(25, 26): nan, nan, nan, 0.0000
(25, 27): nan, nan, nan, 0.0000
(26, 1): nan, nan, nan, 0.0000
(26, 2): 0.6527, 0.0200, 0.2628, 0.0088
(26, 3): 1.0498, 0.0200, 0.7888, 0.0042
(26, 4): 1.2725, 0.0200, 0.8338, 0.0063
(26, 5): 1.1779, 0.0200, 0.9242, 0.0046
(26, 6): 1.1606, 0.0200, 0.8223, 0.0059
(26, 7): 1.3932, 0.0200, 1.0708, 0.0055
(15, 26): 1.3474, 0.0200, 1.3210, 0.0036
(15, 27): 1.2415, 0.0200, 0.9288, 0.0043
(16, 1): nan, nan, nan, 0.0000
(16, 2): nan, nan, nan, 0.0000
(16, 3): nan, nan, nan, 0.0000
(16, 4): nan, nan, nan, 0.0000
(16, 5): nan, nan, nan, 0.0000
(16, 6): nan, nan, nan, 0.0000
(16, 7): nan, nan, nan, 0.0000
(16, 8): nan, nan, nan, 0.0000
(16, 9): 1.1693, 0.0200, 0.5785, 0.0088
(16, 10): 2.4785, 0.0200, 0.2076, 0.0224
(16, 11): 1.8982, 0.0200, 0.2422, 0.0263
(16, 12): 1.5298, 0.0200, 1.0163, 0.0074
(16, 13): 1.1917, 0.0200, 0.5735, 0.0072
(16, 14): 1.5703, 0.0200, 0.9287, 0.0067
(16, 15): 1.6902, 0.0200, 0.7771, 0.0090
(16, 16): 1.6913, 0.0200, 0.6312, 0.0110
(16, 17): 1.6028, 0.0200, 0.7422, 0.0094
(16, 18): 1.4753, 0.0200, 1.1697, 0.0064
(16, 19): 1.3435, 0.0200, 1.4390, 0.0054
(16, 20): 1.3701, 0.0200, 1.3135, 0.0047
(16, 21): 1.3447, 0.0200, 1.3257, 0.0047
(16, 22): 1.3469, 0.0200, 1.3660, 0.0045
(16, 23): 1.3743, 0.0200, 1.3416, 0.0047
(16, 24): 1.3681, 0.0200, 1.3592, 0.0041
(16, 25): 1.3834, 0.0200, 1.3006, 0.0039
(16, 26): 1.3691, 0.0200, 1.3180, 0.0042
(16, 27): 1.1823, 0.0200, 0.9469, 0.0046
(17, 1): nan, nan, nan, 0.0000
(17, 2): nan, nan, nan, 0.0000
(34, 9): nan, nan, nan, 0.0000
(34, 10): nan, nan, nan, 0.0000
(34, 11): nan, nan, nan, 0.0000
(34, 12): nan, nan, nan, 0.0000
(34, 13): nan, nan, nan, 0.0000
(34, 14): nan, nan, nan, 0.0000
(34, 15): nan, nan, nan, 0.0000
(34, 16): nan, nan, nan, 0.0000
(34, 17): nan, nan, nan, 0.0000
(34, 18): nan, nan, nan, 0.0000
(34, 19): 1.1762, 0.0200, 0.9134, 0.0040
(34, 20): 1.3434, 0.0200, 1.4212, 0.0045
(34, 21): 1.3638, 0.0200, 1.3501, 0.0045
(34, 22): 0.9235, 0.0200, 0.3709, 0.0068
(34, 23): nan, nan, nan, 0.0000
(34, 24): nan, nan, nan, 0.0000
(34, 25): nan, nan, nan, 0.0000
(34, 26): nan, nan, nan, 0.0000
(34, 27): nan, nan, nan, 0.0000
(35, 1): nan, nan, nan, 0.0000
(35, 2): nan, nan, nan, 0.0000
(35, 3): nan, nan, nan, 0.0000
(35, 4): nan, nan, nan, 0.0000
(35, 5): nan, nan, nan, 0.0000
(35, 6): nan, nan, nan, 0.0000
(35, 7): nan, nan, nan, 0.0000
(35, 8): nan, nan, nan, 0.0000
(35, 9): nan, nan, nan, 0.0000
(35, 10): nan, nan, nan, 0.0000
(35, 11): nan, nan, nan, 0.0000
(35, 12): nan, nan, nan, 0.0000
(10, 6): nan, nan, nan, 0.0000
(10, 7): nan, nan, nan, 0.0000
(10, 8): nan, nan, nan, 0.0000
(10, 9): nan, nan, nan, 0.0000
(10, 10): 1.2139, 0.0200, 0.8468, 0.0068
(10, 11): 1.0147, 0.0200, 0.4144, 0.0078
(10, 12): 1.1932, 0.0200, 0.8503, 0.0061
(10, 13): nan, nan, nan, 0.0000
(10, 14): 0.8288, 0.0200, 0.1952, 0.0123
(10, 15): 1.9659, 0.0200, 0.3802, 0.0151
(10, 16): 1.9001, 0.0200, 0.5101, 0.0132
(10, 17): 1.5284, 0.0200, 0.9631, 0.0082
(10, 18): 1.3948, 0.0200, 1.2007, 0.0060
(10, 19): 1.4202, 0.0200, 1.1830, 0.0061
(10, 20): 1.3453, 0.0200, 1.2828, 0.0054
(10, 21): 1.3485, 0.0200, 1.3264, 0.0055
(10, 22): 1.3594, 0.0200, 1.3547, 0.0052
(10, 23): 1.4478, 0.0200, 1.2190, 0.0054
(10, 24): 1.3725, 0.0200, 1.3636, 0.0044
(10, 25): 1.3359, 0.0200, 1.4198, 0.0046
(10, 26): 1.3225, 0.0200, 1.3429, 0.0040
(10, 27): nan, nan, nan, 0.0000
(11, 1): nan, nan, nan, 0.0000
(11, 2): nan, nan, nan, 0.0000
(11, 3): nan, nan, nan, 0.0000
(11, 4): nan, nan, nan, 0.0000
(11, 5): nan, nan, nan, 0.0000
(11, 6): nan, nan, nan, 0.0000
(11, 7): nan, nan, nan, 0.0000
(11, 8): nan, nan, nan, 0.0000
(11, 9): nan, nan, nan, 0.0000
(2, 5): nan, nan, nan, 0.0000
(2, 6): nan, nan, nan, 0.0000
(2, 7): nan, nan, nan, 0.0000
(2, 8): nan, nan, nan, 0.0000
(2, 9): nan, nan, nan, 0.0000
(2, 10): nan, nan, nan, 0.0000
(2, 11): nan, nan, nan, 0.0000
(2, 12): nan, nan, nan, 0.0000
(2, 13): nan, nan, nan, 0.0000
(2, 14): nan, nan, nan, 0.0000
(2, 15): nan, nan, nan, 0.0000
(2, 16): nan, nan, nan, 0.0000
(2, 17): nan, nan, nan, 0.0000
(2, 18): nan, nan, nan, 0.0000
(2, 19): nan, nan, nan, 0.0000
(2, 20): 0.9555, 0.0200, 0.2899, 0.0049
(2, 21): 0.9944, 0.0200, 0.2721, 0.0079
(2, 22): nan, nan, nan, 0.0000
(2, 23): nan, nan, nan, 0.0000
(2, 24): nan, nan, nan, 0.0000
(2, 25): nan, nan, nan, 0.0000
(2, 26): nan, nan, nan, 0.0000
(2, 27): nan, nan, nan, 0.0000
(3, 1): nan, nan, nan, 0.0000
(3, 2): nan, nan, nan, 0.0000
(3, 3): nan, nan, nan, 0.0000
(3, 4): nan, nan, nan, 0.0000
(3, 5): nan, nan, nan, 0.0000
(3, 6): nan, nan, nan, 0.0000
(3, 7): nan, nan, nan, 0.0000
(3, 8): nan, nan, nan, 0.0000
