(1, 1): 0.1875, 3.0100, 1.5305
(1, 2): 0.1875, 3.0100, 1.5305
(1, 3): 0.1875, 3.0100, 1.5305
(1, 4): 0.1875, 3.0100, 1.5305
(1, 5): 0.2837, 3.0100, 3.9531
(1, 6): 0.2837, 3.0100, 3.9531
(1, 7): 0.2837, 3.0100, 3.9531
(1, 8): 0.2837, 3.0100, 3.9531
(1, 9): 0.2577, 3.0100, 2.7739
(1, 10): 0.2577, 3.0100, 2.7739
(1, 11): 0.2577, 3.0100, 2.7739
(1, 12): 0.2577, 3.0100, 2.7739
(1, 13): 0.2577, 3.0100, 2.7739
(1, 14): 0.2309, 3.0100, 3.4395
(1, 15): 0.2309, 3.0100, 3.4395
(1, 16): 0.2309, 3.0100, 3.4395
(1, 17): 0.2594, 3.0100, 3.3572
(1, 18): 0.2183, 3.0100, 2.0898
(1, 19): 0.2240, 3.0100, 2.0400
(1, 20): 0.2240, 3.0100, 2.0400
(1, 21): 0.2225, 3.0100, 2.0871
(1, 22): 0.2225, 3.0100, 2.0871
(1, 23): 0.3274, 3.0100, 8.1730
(1, 24): 0.2873, 3.0100, 7.2525
(1, 25): 0.2873, 3.0100, 7.2525
(1, 26): 0.2873, 3.0100, 7.2525
(1, 27): 0.2878, 3.0100, 1.9256
(2, 1): 0.1875, 3.0100, 1.5305
(2, 2): 0.1875, 3.0100, 1.5305
(2, 3): 0.1875, 3.0100, 1.5305
(2, 4): 0.1875, 3.0100, 1.5305
(2, 5): 0.1875, 3.0100, 1.5305
(2, 6): 0.2837, 3.0100, 3.9531
(2, 7): 0.2837, 3.0100, 3.9531
(2, 8): 0.2837, 3.0100, 3.9531
(2, 9): 0.2837, 3.0100, 3.9531
(2, 10): 0.2577, 3.0100, 2.7739
(2, 11): 0.2577, 3.0100, 2.7739
(2, 12): 0.2577, 3.0100, 2.7739
(2, 13): 0.2577, 3.0100, 2.7739
(2, 14): 0.2918, 3.0100, 5.0435
(2, 15): 0.2309, 3.0100, 3.4395
(2, 16): 0.2309, 3.0100, 3.4395
(2, 17): 0.2594, 3.0100, 3.3572
(2, 18): 0.2183, 3.0100, 2.0898
(2, 19): 0.2240, 3.0100, 2.0400
(2, 20): 0.2240, 3.0100, 2.0400
(2, 21): 0.2225, 3.0100, 2.0871
(2, 22): 0.2943, 3.0100, 5.6587
(2, 23): 0.3274, 3.0100, 8.1730
(2, 24): 0.2873, 3.0100, 7.2525
(2, 25): 0.2873, 3.0100, 7.2525
(2, 26): 0.2878, 3.0100, 1.9256
(2, 27): 0.2878, 3.0100, 1.9256
(3, 1): 0.1875, 3.0100, 1.5305
(3, 2): 0.1875, 3.0100, 1.5305
(3, 3): 0.1875, 3.0100, 1.5305
(3, 4): 0.1875, 3.0100, 1.5305
(3, 5): 0.1875, 3.0100, 1.5305
(3, 6): 0.1875, 3.0100, 1.5305
(3, 7): 0.2837, 3.0100, 3.9531
(3, 8): 0.2837, 3.0100, 3.9531
(3, 9): 0.2837, 3.0100, 3.9531
(3, 10): 0.2837, 3.0100, 3.9531
(3, 11): 0.2577, 3.0100, 2.7739
(3, 12): 0.2577, 3.0100, 2.7739
(3, 13): 0.2577, 3.0100, 2.7739
(3, 14): 0.2918, 3.0100, 5.0435
(3, 15): 0.1964, 3.0100, 2.9529
(3, 16): 0.2309, 3.0100, 3.4395
(3, 17): 0.2594, 3.0100, 3.3572
(3, 18): 0.2183, 3.0100, 2.0898
(3, 19): 0.2246, 3.0100, 3.3348
(3, 20): 0.2054, 3.0100, 2.0498
(3, 21): 0.2182, 3.0100, 2.6098
(3, 22): 0.2943, 3.0100, 5.6587
(3, 23): 0.3274, 3.0100, 8.1730
(3, 24): 0.2873, 3.0100, 7.2525
(3, 25): 0.2961, 3.0100, 6.1750
(3, 26): 0.2878, 3.0100, 1.9256
(3, 27): 0.2878, 3.0100, 1.9256
(4, 1): 0.1875, 3.0100, 1.5305
(4, 2): 0.1875, 3.0100, 1.5305
(4, 3): 0.1875, 3.0100, 1.5305
(4, 4): 0.1875, 3.0100, 1.5305
(4, 5): 0.1875, 3.0100, 1.5305
(4, 6): 0.1875, 3.0100, 1.5305
(4, 7): 0.1875, 3.0100, 1.5305
(4, 8): 0.2837, 3.0100, 3.9531
(4, 9): 0.2837, 3.0100, 3.9531
(4, 10): 0.2837, 3.0100, 3.9531
(4, 11): 0.2837, 3.0100, 3.9531
(4, 12): 0.2577, 3.0100, 2.7739
(4, 13): 0.2577, 3.0100, 2.7739
(4, 14): 0.2918, 3.0100, 5.0435
(4, 15): 0.1964, 3.0100, 2.9529
(4, 16): 0.2229, 3.0100, 2.8664
(4, 17): 0.1709, 3.0100, 2.9076
(4, 18): 0.3038, 3.0100, 6.1410
(4, 19): 0.3491, 3.0100, 7.1258
(4, 20): 0.3594, 3.0100, 8.1701
(4, 21): 0.3809, 3.0100, 8.0294
(4, 22): 0.3566, 3.0100, 8.4215
(4, 23): 0.3424, 3.0100, 8.3961
(4, 24): 0.3454, 3.0100, 8.3508
(4, 25): 0.2961, 3.0100, 6.1750
(4, 26): 0.2878, 3.0100, 1.9256
(4, 27): 0.3009, 3.0100, 3.2704
(5, 1): 0.1875, 3.0100, 1.5305
(5, 2): 0.1875, 3.0100, 1.5305
(5, 3): 0.1875, 3.0100, 1.5305
(5, 4): 0.1875, 3.0100, 1.5305
(5, 5): 0.1875, 3.0100, 1.5305
(5, 6): 0.1875, 3.0100, 1.5305
(5, 7): 0.1875, 3.0100, 1.5305
(5, 8): 0.1875, 3.0100, 1.5305
(5, 9): 0.2837, 3.0100, 3.9531
(5, 10): 0.2837, 3.0100, 3.9531
(5, 11): 0.2837, 3.0100, 3.9531
(5, 12): 0.2587, 3.0100, 3.4958
(5, 13): 0.2587, 3.0100, 3.4958
(5, 14): 0.2587, 3.0100, 3.4958
(5, 15): 0.1964, 3.0100, 2.9529
(5, 16): 0.2613, 3.0100, 5.4729
(5, 17): 0.3463, 3.0000, 8.3913
(5, 18): 0.3462, 3.0100, 8.3646
(5, 19): 0.3683, 3.0100, 8.5060
(5, 20): 0.3612, 3.0099, 8.5753
(5, 21): 0.3706, 3.0100, 8.3140
(5, 22): 0.3596, 3.0100, 8.3803
(5, 23): 0.3541, 3.0100, 8.3507
(5, 24): 0.3725, 3.0100, 8.0758
(5, 25): 0.3452, 3.0100, 8.6329
(5, 26): 0.3640, 3.0100, 7.9361
(5, 27): 0.3009, 3.0100, 3.2704
(6, 1): 0.1875, 3.0100, 1.5305
(6, 2): 0.1875, 3.0100, 1.5305
(6, 3): 0.1875, 3.0100, 1.5305
(6, 4): 0.1875, 3.0100, 1.5305
(6, 5): 0.1875, 3.0100, 1.5305
(6, 6): 0.1875, 3.0100, 1.5305
(6, 7): 0.1875, 3.0100, 1.5305
(6, 8): 0.1875, 3.0100, 1.5305
(6, 9): 0.1875, 3.0100, 1.5305
(6, 10): 0.2837, 3.0100, 3.9531
(6, 11): 0.2837, 3.0100, 3.9531
(6, 12): 0.2826, 3.0100, 2.0998
(6, 13): 0.2587, 3.0100, 3.4958
(6, 14): 0.3106, 3.0100, 5.8125
(6, 15): 0.3106, 3.0100, 5.8125
(6, 16): 0.3600, 3.0100, 8.2407
(6, 17): 0.3577, 3.0100, 8.3961
(6, 18): 0.3383, 3.0100, 8.4554
(6, 19): 0.3455, 3.0100, 8.5370
(6, 20): 0.3511, 3.0100, 8.6363
(6, 21): 0.3552, 3.0100, 8.6811
(6, 22): 0.3544, 3.0100, 8.5048
(6, 23): 0.3607, 3.0100, 8.3668
(6, 24): 0.3615, 3.0100, 8.1948
(6, 25): 0.3644, 3.0100, 8.5844
(6, 26): 0.3590, 3.0100, 8.5739
(6, 27): 0.2566, 3.0100, 3.7865
(7, 1): 0.1875, 3.0100, 1.5305
(7, 2): 0.1875, 3.0100, 1.5305
(7, 3): 0.1875, 3.0100, 1.5305
(7, 4): 0.1875, 3.0100, 1.5305
(7, 5): 0.1875, 3.0100, 1.5305
(7, 6): 0.1875, 3.0100, 1.5305
(7, 7): 0.1875, 3.0100, 1.5305
(7, 8): 0.1875, 3.0100, 1.5305
(7, 9): 0.1875, 3.0100, 1.5305
(7, 10): 0.1875, 3.0100, 1.5305
(7, 11): 0.2533, 3.0100, 4.0054
(7, 12): 0.2533, 3.0100, 4.0054
(7, 13): 0.2826, 3.0100, 2.0998
(7, 14): 0.3463, 3.0100, 8.1105
(7, 15): 0.3463, 3.0100, 8.1105
(7, 16): 0.3374, 3.0000, 8.4200
(7, 17): 0.3413, 3.0100, 8.3884
(7, 18): 0.3533, 3.0100, 8.3461
(7, 19): 0.3475, 3.0100, 8.6622
(7, 20): 0.3564, 3.0100, 8.6088
(7, 21): 0.3603, 3.0100, 8.7148
(7, 22): 0.3476, 3.0000, 8.8549
(7, 23): 0.3543, 3.0100, 8.7410
(7, 24): 0.3773, 3.0100, 8.4457
(7, 25): 0.3712, 3.0100, 8.3941
(7, 26): 0.3602, 3.0100, 8.4937
(7, 27): 0.3025, 3.0100, 6.0271
(8, 1): 0.2835, 3.0100, 5.4302
(8, 2): 0.2835, 3.0100, 5.4302
(8, 3): 0.2835, 3.0100, 5.4302
(8, 4): 0.2835, 3.0100, 5.4302
(8, 5): 0.2835, 3.0100, 5.4302
(8, 6): 0.2835, 3.0100, 5.4302
(8, 7): 0.2835, 3.0100, 5.4302
(8, 8): 0.2835, 3.0100, 5.4302
(8, 9): 0.2835, 3.0100, 5.4302
(8, 10): 0.2835, 3.0100, 5.4302
(8, 11): 0.2794, 3.0000, 5.0747
(8, 12): 0.2794, 3.0000, 5.0747
(8, 13): 0.2101, 3.0100, 3.2476
(8, 14): 0.2101, 3.0100, 3.2476
(8, 15): 0.3355, 3.0100, 8.3373
(8, 16): 0.3199, 3.0100, 8.8633
(8, 17): 0.3340, 3.0100, 8.5268
(8, 18): 0.3409, 3.0100, 8.7123
(8, 19): 0.3423, 3.0100, 8.6732
(8, 20): 0.3356, 3.0000, 8.9786
(8, 21): 0.3423, 3.0100, 9.0157
(8, 22): 0.3299, 3.0100, 9.1217
(8, 23): 0.3484, 3.0100, 8.9484
(8, 24): 0.3556, 3.0100, 8.8349
(8, 25): 0.3644, 3.0100, 8.6481
(8, 26): 0.3677, 3.0100, 8.6292
(8, 27): 0.2936, 3.0100, 5.7021
(9, 1): 0.2755, 3.0100, 5.5119
(9, 2): 0.2755, 3.0100, 5.5119
(9, 3): 0.2755, 3.0100, 5.5119
(9, 4): 0.2755, 3.0100, 5.5119
(9, 5): 0.2755, 3.0100, 5.5119
(9, 6): 0.2755, 3.0100, 5.5119
(9, 7): 0.2755, 3.0100, 5.5119
(9, 8): 0.2755, 3.0100, 5.5119
(9, 9): 0.2755, 3.0100, 5.5119
(9, 10): 0.2755, 3.0100, 5.5119
(9, 11): 0.2703, 3.0100, 1.2762
(9, 12): 0.3063, 3.0100, 5.6632
(9, 13): 0.3063, 3.0100, 5.6632
(9, 14): 0.2101, 3.0100, 3.2476
(9, 15): 0.3197, 3.0100, 7.7363
(9, 16): 0.3492, 3.0100, 8.3554
(9, 17): 0.3368, 3.0100, 8.5721
(9, 18): 0.3521, 3.0100, 8.6791
(9, 19): 0.3500, 3.0000, 8.6177
(9, 20): 0.3360, 3.0100, 8.8977
(9, 21): 0.3390, 3.0100, 8.8742
(9, 22): 0.3254, 3.0100, 9.0217
(9, 23): 0.3299, 3.0100, 9.2363
(9, 24): 0.3316, 3.0000, 9.3165
(9, 25): 0.3553, 3.0100, 8.9897
(9, 26): 0.3506, 3.0100, 8.7165
(9, 27): 0.1695, 3.0100, 2.9176
(10, 1): 0.2787, 3.0100, 5.8810
(10, 2): 0.2787, 3.0100, 5.8810
(10, 3): 0.2787, 3.0100, 5.8810
(10, 4): 0.2787, 3.0100, 5.8810
(10, 5): 0.2787, 3.0100, 5.8810
(10, 6): 0.2787, 3.0100, 5.8810
(10, 7): 0.2787, 3.0100, 5.8810
(10, 8): 0.2787, 3.0100, 5.8810
(10, 9): 0.2787, 3.0100, 5.8810
(10, 10): 0.2787, 3.0100, 5.8810
(10, 11): 0.2555, 3.0100, 2.6033
(10, 12): 0.3063, 3.0100, 5.6632
(10, 13): 0.2702, 3.0100, 3.2369
(10, 14): 0.3557, 3.0100, 1.2092
(10, 15): 0.3403, 3.0100, 7.5419
(10, 16): 0.3406, 3.0100, 7.9986
(10, 17): 0.3357, 3.0000, 8.6054
(10, 18): 0.3214, 3.0100, 8.4359
(10, 19): 0.3398, 3.0100, 8.6916
(10, 20): 0.3280, 3.0100, 8.7490
(10, 21): 0.3441, 3.0100, 8.7766
(10, 22): 0.3223, 3.0100, 9.1393
(10, 23): 0.3239, 3.0100, 9.2271
(10, 24): 0.3259, 3.0100, 9.3807
(10, 25): 0.3538, 3.0100, 9.0670
(10, 26): 0.3404, 3.0100, 8.5549
(10, 27): 0.3404, 3.0100, 8.5549
(11, 1): 0.2228, 3.0100, 2.8006
(11, 2): 0.2978, 3.0100, 7.2203
(11, 3): 0.2978, 3.0100, 7.2203
(11, 4): 0.2978, 3.0100, 7.2203
(11, 5): 0.2978, 3.0100, 7.2203
(11, 6): 0.2978, 3.0100, 7.2203
(11, 7): 0.2978, 3.0100, 7.2203
(11, 8): 0.2978, 3.0100, 7.2203
(11, 9): 0.2978, 3.0100, 7.2203
(11, 10): 0.2978, 3.0100, 7.2203
(11, 11): 0.3507, 3.0000, 8.4414
(11, 12): 0.3515, 3.0100, 8.6258
(11, 13): 0.2702, 3.0100, 3.2369
(11, 14): 0.2702, 3.0100, 3.2369
(11, 15): 0.3403, 3.0100, 7.5419
(11, 16): 0.2527, 3.0100, 2.0710
(11, 17): 0.3391, 3.0100, 8.5688
(11, 18): 0.3330, 3.0100, 8.5772
(11, 19): 0.3412, 3.0100, 8.6720
(11, 20): 0.3463, 3.0100, 8.4689
(11, 21): 0.3430, 3.0000, 8.8391
(11, 22): 0.3376, 3.0100, 9.0012
(11, 23): 0.3224, 3.0100, 9.1067
(11, 24): 0.3141, 3.0100, 9.2174
(11, 25): 0.3188, 3.0100, 8.9301
(11, 26): 0.3191, 3.0100, 8.4869
(11, 27): 0.3191, 3.0100, 8.4869
(12, 1): 0.2228, 3.0100, 2.8006
(12, 2): 0.2228, 3.0100, 2.8006
(12, 3): 0.2228, 3.0100, 2.8006
(12, 4): 0.2228, 3.0100, 2.8006
(12, 5): 0.3407, 3.0100, 8.2589
(12, 6): 0.3407, 3.0100, 8.2589
(12, 7): 0.3407, 3.0100, 8.2589
(12, 8): 0.3407, 3.0100, 8.2589
(12, 9): 0.3407, 3.0100, 8.2589
(12, 10): 0.3407, 3.0100, 8.2589
(12, 11): 0.3365, 3.0000, 8.8249
(12, 12): 0.3595, 3.0100, 8.6152
(12, 13): 0.3150, 3.0100, 7.2620
(12, 14): 0.2573, 3.0100, 5.1325
(12, 15): 0.2573, 3.0100, 5.1325
(12, 16): 0.2233, 3.0100, 3.2567
(12, 17): 0.3205, 3.0100, 8.8153
(12, 18): 0.3334, 3.0100, 8.9147
(12, 19): 0.3412, 3.0100, 8.7937
(12, 20): 0.3426, 3.0100, 8.7406
(12, 21): 0.3345, 3.0100, 8.9820
(12, 22): 0.3330, 3.0100, 9.1111
(12, 23): 0.2960, 3.0100, 9.2357
(12, 24): 0.3033, 3.0100, 8.0630
(12, 25): 0.2409, 3.0100, 3.2491
(12, 26): 0.2181, 3.0100, 3.1969
(12, 27): 0.2181, 3.0100, 3.1969
(13, 1): 0.2228, 3.0100, 2.8006
(13, 2): 0.2228, 3.0100, 2.8006
(13, 3): 0.2228, 3.0100, 2.8006
(13, 4): 0.2228, 3.0100, 2.8006
(13, 5): 0.2228, 3.0100, 2.8006
(13, 6): 0.2228, 3.0100, 2.8006
(13, 7): 0.2228, 3.0100, 2.8006
(13, 8): 0.3485, 3.0100, 8.6909
(13, 9): 0.3485, 3.0100, 8.6909
(13, 10): 0.3485, 3.0100, 8.6909
(13, 11): 0.3402, 3.0100, 8.9733
(13, 12): 0.3289, 3.0100, 8.7985
(13, 13): 0.2991, 3.0100, 7.6308
(13, 14): 0.2454, 3.0100, 2.1050
(13, 15): 0.2454, 3.0100, 2.1050
(13, 16): 0.2487, 3.0100, 1.9436
(13, 17): 0.2895, 3.0100, 7.3515
(13, 18): 0.3286, 3.0100, 8.1277
(13, 19): 0.3329, 3.0000, 8.7957
(13, 20): 0.3298, 3.0100, 8.9658
(13, 21): 0.3249, 3.0100, 9.1555
(13, 22): 0.3170, 3.0100, 9.2926
(13, 23): 0.3162, 3.0100, 8.9724
(13, 24): 0.3121, 3.0100, 7.7194
(13, 25): 0.3577, 3.0200, 1.3748
(13, 26): 0.2181, 3.0100, 3.1969
(13, 27): 0.1506, 3.0100, 1.4304
(14, 1): 0.2228, 3.0100, 2.8006
(14, 2): 0.2228, 3.0100, 2.8006
(14, 3): 0.2228, 3.0100, 2.8006
(14, 4): 0.2228, 3.0100, 2.8006
(14, 5): 0.2228, 3.0100, 2.8006
(14, 6): 0.2228, 3.0100, 2.8006
(14, 7): 0.2228, 3.0100, 2.8006
(14, 8): 0.2228, 3.0100, 2.8006
(14, 9): 0.3369, 3.0100, 9.1128
(14, 10): 0.3369, 3.0100, 9.1128
(14, 11): 0.3395, 3.0100, 9.2322
(14, 12): 0.3221, 3.0100, 9.0299
(14, 13): 0.3268, 3.0100, 1.3708
(14, 14): 0.2454, 3.0100, 2.1050
(14, 15): 0.2794, 3.0100, 1.3498
(14, 16): 0.2879, 3.0000, 7.8266
(14, 17): 0.3245, 3.0100, 9.0713
(14, 18): 0.3293, 3.0000, 9.1813
(14, 19): 0.3233, 3.0100, 9.1831
(14, 20): 0.3078, 3.0100, 9.2772
(14, 21): 0.3237, 3.0100, 9.0802
(14, 22): 0.3201, 3.0100, 9.1223
(14, 23): 0.3191, 3.0100, 9.0254
(14, 24): 0.2880, 3.0100, 8.5692
(14, 25): 0.2377, 3.0100, 5.5209
(14, 26): 0.2451, 3.0100, 5.8472
(14, 27): 0.1506, 3.0100, 1.4304
(15, 1): 0.2285, 3.0100, 1.4042
(15, 2): 0.2285, 3.0100, 1.4042
(15, 3): 0.2285, 3.0100, 1.4042
(15, 4): 0.2228, 3.0100, 2.8006
(15, 5): 0.2228, 3.0100, 2.8006
(15, 6): 0.2228, 3.0100, 2.8006
(15, 7): 0.2228, 3.0100, 2.8006
(15, 8): 0.2228, 3.0100, 2.8006
(15, 9): 0.2228, 3.0100, 2.8006
(15, 10): 0.3348, 3.0000, 9.1633
(15, 11): 0.3316, 3.0100, 9.3714
(15, 12): 0.3419, 3.0100, 9.4023
(15, 13): 0.2343, 3.0100, 4.1252
(15, 14): 0.2380, 3.0100, 1.3239
(15, 15): 0.2951, 3.0100, 8.0343
(15, 16): 0.3244, 3.0100, 9.2058
(15, 17): 0.3252, 3.0100, 8.7439
(15, 18): 0.2891, 3.0000, 8.7076
(15, 19): 0.3071, 3.0100, 9.4858
(15, 20): 0.3083, 3.0100, 9.1359
(15, 21): 0.3254, 3.0100, 8.9126
(15, 22): 0.3174, 3.0100, 9.0187
(15, 23): 0.3034, 3.0100, 9.2071
(15, 24): 0.2975, 3.0100, 9.1775
(15, 25): 0.3006, 3.0100, 9.3640
(15, 26): 0.2928, 3.0100, 9.2048
(15, 27): 0.2778, 3.0100, 6.3067
(16, 1): 0.2398, 3.0100, 2.9472
(16, 2): 0.2285, 3.0100, 1.4042
(16, 3): 0.2285, 3.0100, 1.4042
(16, 4): 0.2285, 3.0100, 1.4042
(16, 5): 0.2285, 3.0100, 1.4042
(16, 6): 0.2285, 3.0100, 1.4042
(16, 7): 0.2452, 3.0100, 4.0496
(16, 8): 0.2452, 3.0100, 4.0496
(16, 9): 0.2452, 3.0100, 4.0496
(16, 10): 0.3216, 3.0100, 9.5914
(16, 11): 0.3303, 3.0100, 9.5080
(16, 12): 0.3921, 3.0100, 8.4285
(16, 13): 0.2188, 3.0000, 4.2087
(16, 14): 0.3398, 3.0100, 8.9808
(16, 15): 0.3551, 3.0100, 9.1479
(16, 16): 0.3255, 3.0100, 8.3164
(16, 17): 0.3067, 3.0100, 7.9930
(16, 18): 0.3104, 3.0100, 9.4236
(16, 19): 0.3124, 3.0100, 9.4190
(16, 20): 0.3059, 3.0100, 9.1694
(16, 21): 0.3023, 3.0100, 8.9910
(16, 22): 0.3179, 3.0100, 9.2045
(16, 23): 0.2990, 3.0100, 9.4942
(16, 24): 0.3128, 3.0100, 9.4946
(16, 25): 0.3028, 3.0100, 9.4501
(16, 26): 0.3357, 3.0100, 8.8154
(16, 27): 0.2675, 3.0100, 5.8633
(17, 1): 0.2398, 3.0100, 2.9472
(17, 2): 0.2398, 3.0100, 2.9472
(17, 3): 0.2215, 3.0100, 2.8721
(17, 4): 0.2285, 3.0100, 1.4042
(17, 5): 0.2285, 3.0100, 1.4042
(17, 6): 0.2285, 3.0100, 1.4042
(17, 7): 0.2285, 3.0100, 1.4042
(17, 8): 0.2917, 3.0100, 7.1836
(17, 9): 0.2917, 3.0100, 7.1836
(17, 10): 0.3294, 3.0100, 9.3297
(17, 11): 0.3283, 3.0100, 9.5319
(17, 12): 0.3305, 3.0000, 9.4196
(17, 13): 0.3122, 3.0100, 8.1791
(17, 14): 0.2977, 3.0100, 7.6798
(17, 15): 0.3036, 3.0100, 8.6431
(17, 16): 0.2949, 3.0100, 8.6459
(17, 17): 0.3165, 3.0100, 9.5977
(17, 18): 0.3070, 3.0100, 9.6227
(17, 19): 0.2996, 3.0100, 9.6079
(17, 20): 0.2960, 3.0100, 9.5297
(17, 21): 0.3168, 3.0100, 9.1805
(17, 22): 0.3288, 3.0100, 9.1297
(17, 23): 0.3211, 3.0100, 9.0729
(17, 24): 0.3306, 3.0100, 9.0161
(17, 25): 0.3120, 3.0100, 9.4156
(17, 26): 0.2866, 3.0100, 8.1250
(17, 27): 0.2866, 3.0100, 8.1250
(18, 1): 0.2398, 3.0100, 2.9472
(18, 2): 0.2398, 3.0100, 2.9472
(18, 3): 0.2398, 3.0100, 2.9472
(18, 4): 0.2215, 3.0100, 2.8721
(18, 5): 0.2215, 3.0100, 2.8721
(18, 6): 0.2285, 3.0100, 1.4042
(18, 7): 0.2285, 3.0100, 1.4042
(18, 8): 0.2285, 3.0100, 1.4042
(18, 9): 0.3099, 3.0100, 9.0847
(18, 10): 0.3352, 3.0100, 9.3199
(18, 11): 0.3446, 3.0100, 9.2424
(18, 12): 0.3332, 3.0100, 9.2768
(18, 13): 0.3333, 3.0100, 9.2669
(18, 14): 0.3389, 3.0100, 9.2148
(18, 15): 0.3326, 3.0100, 9.4740
(18, 16): 0.3131, 3.0100, 9.5260
(18, 17): 0.3128, 3.0100, 9.3917
(18, 18): 0.2908, 3.0100, 9.6616
(18, 19): 0.2946, 3.0000, 9.7528
(18, 20): 0.2981, 3.0100, 9.5918
(18, 21): 0.3256, 3.0100, 8.9308
(18, 22): 0.3360, 3.0100, 8.7211
(18, 23): 0.3267, 3.0100, 9.0243
(18, 24): 0.3205, 3.0000, 9.1359
(18, 25): 0.3059, 3.0100, 8.4758
(18, 26): 0.2565, 3.0100, 2.7031
(18, 27): 0.2565, 3.0100, 2.7031
(19, 1): 0.2398, 3.0100, 2.9472
(19, 2): 0.2398, 3.0100, 2.9472
(19, 3): 0.2398, 3.0100, 2.9472
(19, 4): 0.2398, 3.0100, 2.9472
(19, 5): 0.2215, 3.0100, 2.8721
(19, 6): 0.2215, 3.0100, 2.8721
(19, 7): 0.2562, 3.0100, 5.8613
(19, 8): 0.2562, 3.0100, 5.8613
(19, 9): 0.3329, 3.0100, 9.5134
(19, 10): 0.3449, 3.0000, 9.3671
(19, 11): 0.3399, 3.0100, 9.1542
(19, 12): 0.3524, 3.0100, 8.9749
(19, 13): 0.3182, 3.0100, 9.3777
(19, 14): 0.3096, 3.0100, 9.3903
(19, 15): 0.3048, 3.0000, 9.5672
(19, 16): 0.3039, 3.0100, 9.5911
(19, 17): 0.3140, 3.0100, 9.2607
(19, 18): 0.2969, 3.0100, 9.6660
(19, 19): 0.2769, 3.0100, 10.0241
(19, 20): 0.2824, 3.0100, 9.6798
(19, 21): 0.3053, 3.0100, 9.2881
(19, 22): 0.3234, 3.0100, 9.1716
(19, 23): 0.3333, 3.0100, 9.2649
(19, 24): 0.3371, 3.0100, 9.1506
(19, 25): 0.3016, 3.0100, 6.7203
(19, 26): 0.2452, 3.0100, 1.5185
(19, 27): 0.2452, 3.0100, 1.5185
(20, 1): 0.2905, 3.0100, 3.3009
(20, 2): 0.2398, 3.0100, 2.9472
(20, 3): 0.2398, 3.0100, 2.9472
(20, 4): 0.2398, 3.0100, 2.9472
(20, 5): 0.2398, 3.0100, 2.9472
(20, 6): 0.2215, 3.0100, 2.8721
(20, 7): 0.2215, 3.0100, 2.8721
(20, 8): 0.3403, 3.0100, 9.4125
(20, 9): 0.3263, 3.0100, 9.4842
(20, 10): 0.3340, 3.0100, 9.4151
(20, 11): 0.3492, 3.0100, 9.1084
(20, 12): 0.3277, 3.0100, 9.2006
(20, 13): 0.3305, 3.0100, 8.9790
(20, 14): 0.3086, 3.0000, 9.2261
(20, 15): 0.3172, 3.0100, 9.3359
(20, 16): 0.3333, 3.0100, 9.2220
(20, 17): 0.2925, 3.0100, 9.4053
(20, 18): 0.3062, 3.0100, 9.5352
(20, 19): 0.2882, 3.0000, 9.7780
(20, 20): 0.2962, 3.0100, 9.5477
(20, 21): 0.3113, 3.0100, 9.4269
(20, 22): 0.3167, 3.0100, 9.4075
(20, 23): 0.3329, 3.0100, 9.5707
(20, 24): 0.3256, 3.0100, 9.6685
(20, 25): 0.3218, 3.0100, 8.9920
(20, 26): 0.2465, 3.0100, 2.7682
(20, 27): 0.2465, 3.0100, 2.7682
(21, 1): 0.2319, 3.0100, 2.6867
(21, 2): 0.2905, 3.0100, 3.3009
(21, 3): 0.2905, 3.0100, 3.3009
(21, 4): 0.2398, 3.0100, 2.9472
(21, 5): 0.2398, 3.0100, 2.9472
(21, 6): 0.2398, 3.0100, 2.9472
(21, 7): 0.3306, 3.0100, 8.4550
(21, 8): 0.3327, 3.0100, 9.5003
(21, 9): 0.3226, 3.0100, 9.5397
(21, 10): 0.3423, 3.0000, 9.3268
(21, 11): 0.3325, 3.0100, 9.2761
(21, 12): 0.3239, 3.0100, 9.1211
(21, 13): 0.3423, 3.0100, 8.8833
(21, 14): 0.3096, 3.0100, 9.2911
(21, 15): 0.3111, 3.0100, 9.3366
(21, 16): 0.3007, 3.0100, 9.3713
(21, 17): 0.3014, 3.0100, 9.4899
(21, 18): 0.3246, 3.0000, 9.3388
(21, 19): 0.2917, 3.0100, 9.6364
(21, 20): 0.3052, 3.0100, 9.3494
(21, 21): 0.2716, 3.0100, 8.2314
(21, 22): 0.2709, 3.0100, 8.4906
(21, 23): 0.2712, 3.0000, 8.3768
(21, 24): 0.2213, 3.0100, 4.8978
(21, 25): 0.2213, 3.0100, 4.8978
(21, 26): 0.2465, 3.0100, 2.7682
(21, 27): 0.2465, 3.0100, 2.7682
(22, 1): 0.2319, 3.0100, 2.6867
(22, 2): 0.2319, 3.0100, 2.6867
(22, 3): 0.2905, 3.0100, 3.3009
(22, 4): 0.2905, 3.0100, 3.3009
(22, 5): 0.3080, 3.0100, 6.7369
(22, 6): 0.3080, 3.0100, 6.7369
(22, 7): 0.3656, 3.0100, 8.8173
(22, 8): 0.3339, 3.0000, 9.1024
(22, 9): 0.3139, 3.0100, 9.3374
(22, 10): 0.3094, 3.0000, 9.4747
(22, 11): 0.3122, 3.0100, 9.4400
(22, 12): 0.3309, 3.0100, 8.9918
(22, 13): 0.3358, 3.0100, 8.9368
(22, 14): 0.3036, 3.0100, 9.2631
(22, 15): 0.2842, 3.0100, 9.4937
(22, 16): 0.2832, 3.0000, 9.4070
(22, 17): 0.2999, 3.0100, 9.2471
(22, 18): 0.3199, 3.0100, 9.1233
(22, 19): 0.2997, 3.0100, 9.3314
(22, 20): 0.2683, 3.0100, 7.6294
(22, 21): 0.2823, 3.0100, 1.9485
(22, 22): 0.2709, 3.0100, 8.4906
(22, 23): 0.2712, 3.0000, 8.3768
(22, 24): 0.2213, 3.0100, 4.8978
(22, 25): 0.2213, 3.0100, 4.8978
(22, 26): 0.2465, 3.0100, 2.7682
(22, 27): 0.2465, 3.0100, 2.7682
(23, 1): 0.2319, 3.0100, 2.6867
(23, 2): 0.2319, 3.0100, 2.6867
(23, 3): 0.2319, 3.0100, 2.6867
(23, 4): 0.2905, 3.0100, 3.3009
(23, 5): 0.2905, 3.0100, 3.3009
(23, 6): 0.2743, 3.0100, 6.0046
(23, 7): 0.3026, 3.0100, 7.2611
(23, 8): 0.3231, 3.0100, 8.8294
(23, 9): 0.3229, 3.0100, 9.2461
(23, 10): 0.3288, 3.0100, 9.1802
(23, 11): 0.3310, 3.0100, 8.9861
(23, 12): 0.3250, 3.0000, 9.0053
(23, 13): 0.3269, 3.0100, 9.0464
(23, 14): 0.3029, 3.0100, 9.1627
(23, 15): 0.2998, 3.0100, 9.2304
(23, 16): 0.3217, 3.0100, 9.0862
(23, 17): 0.3092, 3.0100, 9.2890
(23, 18): 0.2765, 3.0100, 9.3076
(23, 19): 0.3233, 3.0100, 9.4432
(23, 20): 0.3017, 3.0100, 8.1302
(23, 21): 0.2823, 3.0100, 1.9485
(23, 22): 0.2823, 3.0100, 1.9485
(23, 23): 0.2712, 3.0000, 8.3768
(23, 24): 0.2213, 3.0100, 4.8978
(23, 25): 0.2213, 3.0100, 4.8978
(23, 26): 0.2213, 3.0100, 4.8978
(23, 27): 0.2465, 3.0100, 2.7682
(24, 1): 0.3026, 3.0100, 1.2010
(24, 2): 0.2319, 3.0100, 2.6867
(24, 3): 0.2319, 3.0100, 2.6867
(24, 4): 0.2319, 3.0100, 2.6867
(24, 5): 0.2246, 3.0100, 4.5651
(24, 6): 0.2343, 3.0100, 4.4491
(24, 7): 0.3145, 3.0100, 8.0450
(24, 8): 0.2906, 3.0100, 6.4905
(24, 9): 0.2850, 3.0100, 8.1926
(24, 10): 0.2719, 3.0100, 8.0917
(24, 11): 0.3116, 3.0100, 9.1228
(24, 12): 0.3273, 3.0100, 9.2188
(24, 13): 0.3158, 3.0100, 9.0128
(24, 14): 0.3209, 3.0100, 8.9548
(24, 15): 0.3267, 3.0100, 8.9329
(24, 16): 0.3323, 3.0100, 9.0041
(24, 17): 0.3284, 3.0100, 9.0711
(24, 18): 0.3295, 3.0100, 9.0586
(24, 19): 0.3314, 3.0100, 9.2622
(24, 20): 0.3247, 3.0100, 9.2418
(24, 21): 0.2652, 3.0100, 6.4605
(24, 22): 0.2716, 3.0100, 4.6026
(24, 23): 0.2716, 3.0100, 4.6026
(24, 24): 0.2716, 3.0100, 4.6026
(24, 25): 0.2716, 3.0100, 4.6026
(24, 26): 0.2213, 3.0100, 4.8978
(24, 27): 0.2465, 3.0100, 2.7682
(25, 1): 0.3026, 3.0100, 1.2010
(25, 2): 0.3026, 3.0100, 1.2010
(25, 3): 0.2496, 3.0100, 4.4142
(25, 4): 0.2703, 3.0100, 5.9029
(25, 5): 0.2846, 3.0100, 6.7664
(25, 6): 0.3080, 3.0100, 8.2383
(25, 7): 0.2245, 3.0100, 5.3338
(25, 8): 0.2876, 3.0000, 8.1521
(25, 9): 0.3182, 3.0100, 8.8237
(25, 10): 0.3101, 3.0100, 9.3429
(25, 11): 0.3166, 3.0100, 9.0426
(25, 12): 0.3053, 3.0100, 9.3909
(25, 13): 0.3164, 3.0100, 9.0266
(25, 14): 0.3382, 3.0100, 8.9310
(25, 15): 0.3319, 3.0100, 9.1578
(25, 16): 0.3199, 3.0000, 9.2226
(25, 17): 0.3297, 3.0100, 9.1086
(25, 18): 0.3161, 3.0100, 9.3555
(25, 19): 0.3206, 3.0100, 9.2988
(25, 20): 0.3163, 3.0100, 9.3461
(25, 21): 0.3265, 3.0100, 9.1190
(25, 22): 0.2716, 3.0100, 4.6026
(25, 23): 0.2716, 3.0100, 4.6026
(25, 24): 0.2716, 3.0100, 4.6026
(25, 25): 0.2716, 3.0100, 4.6026
(25, 26): 0.2716, 3.0100, 4.6026
(25, 27): 0.2716, 3.0100, 4.6026
(26, 1): 0.3026, 3.0100, 1.2010
(26, 2): 0.3026, 3.0100, 1.2010
(26, 3): 0.2496, 3.0100, 4.4142
(26, 4): 0.2870, 3.0100, 5.7538
(26, 5): 0.2569, 3.0100, 5.7522
(26, 6): 0.2221, 3.0000, 5.3734
(26, 7): 0.3130, 3.0100, 8.1629
(26, 8): 0.3217, 3.0100, 9.1452
(26, 9): 0.3110, 3.0000, 9.5751
(26, 10): 0.3110, 3.0100, 9.5197
(26, 11): 0.3110, 3.0100, 9.5460
(26, 12): 0.2959, 3.0100, 9.4778
(26, 13): 0.3154, 3.0000, 9.1979
(26, 14): 0.3301, 3.0100, 9.2713
(26, 15): 0.3203, 3.0100, 9.3001
(26, 16): 0.3297, 3.0100, 9.0617
(26, 17): 0.3189, 3.0100, 9.2104
(26, 18): 0.3232, 3.0100, 9.1665
(26, 19): 0.3084, 3.0100, 9.2494
(26, 20): 0.3159, 3.0100, 9.0862
(26, 21): 0.3457, 3.0100, 8.8786
(26, 22): 0.3166, 3.0100, 7.3512
(26, 23): 0.3166, 3.0100, 7.3512
(26, 24): 0.3166, 3.0100, 7.3512
(26, 25): 0.3166, 3.0100, 7.3512
(26, 26): 0.3166, 3.0100, 7.3512
(26, 27): 0.3166, 3.0100, 7.3512
(27, 1): 0.2417, 3.0000, 4.3676
(27, 2): 0.2417, 3.0000, 4.3676
(27, 3): 0.3214, 3.0100, 8.6953
(27, 4): 0.3240, 3.0100, 9.0976
(27, 5): 0.3316, 3.0100, 9.5228
(27, 6): 0.2878, 3.0000, 8.1132
(27, 7): 0.2028, 3.0100, 4.1153
(27, 8): 0.2957, 3.0100, 8.1012
(27, 9): 0.2903, 3.0100, 7.7227
(27, 10): 0.2962, 3.0100, 7.7868
(27, 11): 0.3188, 3.0100, 7.5085
(27, 12): 0.2736, 3.0100, 4.9007
(27, 13): 0.3115, 3.0100, 7.7983
(27, 14): 0.2790, 3.0100, 6.7665
(27, 15): 0.3303, 3.0100, 9.1641
(27, 16): 0.3368, 3.0100, 9.0769
(27, 17): 0.3092, 3.0100, 9.1893
(27, 18): 0.3284, 3.0100, 9.0376
(27, 19): 0.3337, 3.0100, 9.0930
(27, 20): 0.3378, 3.0100, 8.9298
(27, 21): 0.3565, 3.0100, 8.8158
(27, 22): 0.3180, 3.0100, 7.5548
(27, 23): 0.3180, 3.0100, 7.5548
(27, 24): 0.3180, 3.0100, 7.5548
(27, 25): 0.3180, 3.0100, 7.5548
(27, 26): 0.3180, 3.0100, 7.5548
(27, 27): 0.3180, 3.0100, 7.5548
(28, 1): 0.2390, 3.0100, 1.4499
(28, 2): 0.2390, 3.0100, 1.4499
(28, 3): 0.2431, 3.0100, 5.1421
(28, 4): 0.2523, 3.0000, 5.4430
(28, 5): 0.3126, 3.0100, 7.8396
(28, 6): 0.2395, 3.0100, 5.1808
(28, 7): 0.2566, 3.0100, 5.2207
(28, 8): 0.2939, 3.0100, 7.1723
(28, 9): 0.3059, 3.0100, 5.8691
(28, 10): 0.2962, 3.0100, 7.7868
(28, 11): 0.3188, 3.0100, 7.5085
(28, 12): 0.2736, 3.0100, 4.9007
(28, 13): 0.2782, 3.0100, 2.6419
(28, 14): 0.2782, 3.0100, 2.6419
(28, 15): 0.3310, 3.0100, 8.8408
(28, 16): 0.3317, 3.0000, 9.1675
(28, 17): 0.3374, 3.0100, 9.0213
(28, 18): 0.3336, 3.0000, 8.9314
(28, 19): 0.3335, 3.0000, 8.8602
(28, 20): 0.3494, 3.0100, 8.7191
(28, 21): 0.3467, 3.0100, 8.9579
(28, 22): 0.2768, 3.0000, 4.6877
(28, 23): 0.2768, 3.0000, 4.6877
(28, 24): 0.2768, 3.0000, 4.6877
(28, 25): 0.2768, 3.0000, 4.6877
(28, 26): 0.2768, 3.0000, 4.6877
(28, 27): 0.2768, 3.0000, 4.6877
(29, 1): 0.3377, 3.0100, 8.6865
(29, 2): 0.3377, 3.0100, 8.6865
(29, 3): 0.3474, 3.0100, 9.4467
(29, 4): 0.3270, 3.0100, 8.1705
(29, 5): 0.3114, 3.0100, 7.1770
(29, 6): 0.3416, 3.0100, 9.3167
(29, 7): 0.3330, 3.0000, 7.7656
(29, 8): 0.2597, 3.0100, 1.4388
(29, 9): 0.3059, 3.0100, 5.8691
(29, 10): 0.3059, 3.0100, 5.8691
(29, 11): 0.3188, 3.0100, 7.5085
(29, 12): 0.2736, 3.0100, 4.9007
(29, 13): 0.2782, 3.0100, 2.6419
(29, 14): 0.2782, 3.0100, 2.6419
(29, 15): 0.3011, 3.0100, 2.2004
(29, 16): 0.2779, 3.0100, 4.6945
(29, 17): 0.2835, 3.0100, 1.3975
(29, 18): 0.3038, 3.0000, 7.4403
(29, 19): 0.3275, 3.0100, 8.9871
(29, 20): 0.3443, 3.0100, 8.8730
(29, 21): 0.3520, 3.0100, 8.7571
(29, 22): 0.3087, 3.0100, 2.5984
(29, 23): 0.3087, 3.0100, 2.5984
(29, 24): 0.3087, 3.0100, 2.5984
(29, 25): 0.3087, 3.0100, 2.5984
(29, 26): 0.3087, 3.0100, 2.5984
(29, 27): 0.3087, 3.0100, 2.5984
(30, 1): 0.3254, 3.0100, 5.9019
(30, 2): 0.3254, 3.0100, 5.9019
(30, 3): 0.2957, 3.0100, 3.1513
(30, 4): 0.2610, 3.0100, 2.9703
(30, 5): 0.3455, 3.0100, 8.1044
(30, 6): 0.3325, 3.0100, 7.5202
(30, 7): 0.2659, 3.0100, 2.8859
(30, 8): 0.2597, 3.0100, 1.4388
(30, 9): 0.2597, 3.0100, 1.4388
(30, 10): 0.3059, 3.0100, 5.8691
(30, 11): 0.3059, 3.0100, 5.8691
(30, 12): 0.2782, 3.0100, 2.6419
(30, 13): 0.2782, 3.0100, 2.6419
(30, 14): 0.3011, 3.0100, 2.2004
(30, 15): 0.3011, 3.0100, 2.2004
(30, 16): 0.2779, 3.0100, 4.6945
(30, 17): 0.2835, 3.0100, 1.3975
(30, 18): 0.2936, 3.0100, 2.6530
(30, 19): 0.2936, 3.0100, 2.6530
(30, 20): 0.3253, 3.0100, 7.5478
(30, 21): 0.3548, 3.0100, 8.1344
(30, 22): 0.2579, 3.0100, 3.5532
(30, 23): 0.2579, 3.0100, 3.5532
(30, 24): 0.2579, 3.0100, 3.5532
(30, 25): 0.2579, 3.0100, 3.5532
(30, 26): 0.2579, 3.0100, 3.5532
(30, 27): 0.2579, 3.0100, 3.5532
(31, 1): 0.3254, 3.0100, 5.9019
(31, 2): 0.3254, 3.0100, 5.9019
(31, 3): 0.2957, 3.0100, 3.1513
(31, 4): 0.2610, 3.0100, 2.9703
(31, 5): 0.3455, 3.0100, 8.1044
(31, 6): 0.3325, 3.0100, 7.5202
(31, 7): 0.2659, 3.0100, 2.8859
(31, 8): 0.2659, 3.0100, 2.8859
(31, 9): 0.2597, 3.0100, 1.4388
(31, 10): 0.2597, 3.0100, 1.4388
(31, 11): 0.3059, 3.0100, 5.8691
(31, 12): 0.2782, 3.0100, 2.6419
(31, 13): 0.3011, 3.0100, 2.2004
(31, 14): 0.3011, 3.0100, 2.2004
(31, 15): 0.3011, 3.0100, 2.2004
(31, 16): 0.2779, 3.0100, 4.6945
(31, 17): 0.2835, 3.0100, 1.3975
(31, 18): 0.2544, 3.0100, 2.0600
(31, 19): 0.2544, 3.0100, 2.0600
(31, 20): 0.3355, 3.0000, 7.9152
(31, 21): 0.2857, 3.0100, 2.6346
(31, 22): 0.2857, 3.0100, 2.6346
(31, 23): 0.2746, 3.0100, 2.1157
(31, 24): 0.2746, 3.0100, 2.1157
(31, 25): 0.2746, 3.0100, 2.1157
(31, 26): 0.2746, 3.0100, 2.1157
(31, 27): 0.2746, 3.0100, 2.1157
(32, 1): 0.3254, 3.0100, 5.9019
(32, 2): 0.3254, 3.0100, 5.9019
(32, 3): 0.2957, 3.0100, 3.1513
(32, 4): 0.2610, 3.0100, 2.9703
(32, 5): 0.3455, 3.0100, 8.1044
(32, 6): 0.3325, 3.0100, 7.5202
(32, 7): 0.2659, 3.0100, 2.8859
(32, 8): 0.2659, 3.0100, 2.8859
(32, 9): 0.2659, 3.0100, 2.8859
(32, 10): 0.2597, 3.0100, 1.4388
(32, 11): 0.2597, 3.0100, 1.4388
(32, 12): 0.3011, 3.0100, 2.2004
(32, 13): 0.3011, 3.0100, 2.2004
(32, 14): 0.3011, 3.0100, 2.2004
(32, 15): 0.3011, 3.0100, 2.2004
(32, 16): 0.2779, 3.0100, 4.6945
(32, 17): 0.1943, 3.0100, 2.9145
(32, 18): 0.1943, 3.0100, 2.9145
(32, 19): 0.1943, 3.0100, 2.9145
(32, 20): 0.3194, 3.0100, 9.2677
(32, 21): 0.2834, 3.0100, 6.7060
(32, 22): 0.2746, 3.0100, 2.1157
(32, 23): 0.2746, 3.0100, 2.1157
(32, 24): 0.2746, 3.0100, 2.1157
(32, 25): 0.2746, 3.0100, 2.1157
(32, 26): 0.2746, 3.0100, 2.1157
(32, 27): 0.2746, 3.0100, 2.1157
(33, 1): 0.3254, 3.0100, 5.9019
(33, 2): 0.3254, 3.0100, 5.9019
(33, 3): 0.2957, 3.0100, 3.1513
(33, 4): 0.2610, 3.0100, 2.9703
(33, 5): 0.3455, 3.0100, 8.1044
(33, 6): 0.3325, 3.0100, 7.5202
(33, 7): 0.2659, 3.0100, 2.8859
(33, 8): 0.2659, 3.0100, 2.8859
(33, 9): 0.2659, 3.0100, 2.8859
(33, 10): 0.2659, 3.0100, 2.8859
(33, 11): 0.2597, 3.0100, 1.4388
(33, 12): 0.3011, 3.0100, 2.2004
(33, 13): 0.3011, 3.0100, 2.2004
(33, 14): 0.3011, 3.0100, 2.2004
(33, 15): 0.3011, 3.0100, 2.2004
(33, 16): 0.2864, 3.0100, 6.3776
(33, 17): 0.2864, 3.0100, 6.3776
(33, 18): 0.2864, 3.0100, 6.3776
(33, 19): 0.2864, 3.0100, 6.3776
(33, 20): 0.3332, 3.0100, 9.5128
(33, 21): 0.3483, 3.0100, 9.0825
(33, 22): 0.2623, 3.0100, 4.6801
(33, 23): 0.2623, 3.0100, 4.6801
(33, 24): 0.2623, 3.0100, 4.6801
(33, 25): 0.2623, 3.0100, 4.6801
(33, 26): 0.2623, 3.0100, 4.6801
(33, 27): 0.2623, 3.0100, 4.6801
(34, 1): 0.3254, 3.0100, 5.9019
(34, 2): 0.3254, 3.0100, 5.9019
(34, 3): 0.2957, 3.0100, 3.1513
(34, 4): 0.2610, 3.0100, 2.9703
(34, 5): 0.3455, 3.0100, 8.1044
(34, 6): 0.3325, 3.0100, 7.5202
(34, 7): 0.2659, 3.0100, 2.8859
(34, 8): 0.2659, 3.0100, 2.8859
(34, 9): 0.2659, 3.0100, 2.8859
(34, 10): 0.2659, 3.0100, 2.8859
(34, 11): 0.2659, 3.0100, 2.8859
(34, 12): 0.3011, 3.0100, 2.2004
(34, 13): 0.3011, 3.0100, 2.2004
(34, 14): 0.3031, 3.0100, 5.5052
(34, 15): 0.3031, 3.0100, 5.5052
(34, 16): 0.3031, 3.0100, 5.5052
(34, 17): 0.3031, 3.0100, 5.5052
(34, 18): 0.3031, 3.0100, 5.5052
(34, 19): 0.3031, 3.0100, 5.5052
(34, 20): 0.3501, 3.0100, 9.1741
(34, 21): 0.3373, 3.0000, 9.2470
(34, 22): 0.2851, 3.0100, 2.0829
(34, 23): 0.2851, 3.0100, 2.0829
(34, 24): 0.2851, 3.0100, 2.0829
(34, 25): 0.2851, 3.0100, 2.0829
(34, 26): 0.2851, 3.0100, 2.0829
(34, 27): 0.2851, 3.0100, 2.0829
