(1, 1): -1.5083, 0.7718, 0.5280
(1, 2): -1.5083, 0.7718, 0.5280
(1, 3): -1.5083, 0.7718, 0.5280
(1, 4): -1.5083, 0.7718, 0.5280
(1, 5): 0.3231, 0.7512, 0.3866
(1, 6): 0.3231, 0.7512, 0.3866
(1, 7): 0.3231, 0.7512, 0.3866
(1, 8): 0.3231, 0.7512, 0.3866
(1, 9): 0.1775, 0.7506, 0.3315
(1, 10): 0.1775, 0.7506, 0.3315
(1, 11): 0.1775, 0.7506, 0.3315
(1, 12): 0.1775, 0.7506, 0.3315
(1, 13): 0.1775, 0.7506, 0.3315
(1, 14): 0.0913, 0.7531, 0.4014
(1, 15): 0.0913, 0.7531, 0.4014
(1, 16): 0.0913, 0.7531, 0.4014
(1, 17): 0.1811, 0.7506, 0.3690
(1, 18): 0.3531, 0.7556, 0.2138
(1, 19): 0.1229, 0.7531, 0.2550
(1, 20): 0.1229, 0.7531, 0.2550
(1, 21): 0.3060, 0.7519, 0.2356
(1, 22): 0.3060, 0.7519, 0.2356
(1, 23): 0.2201, 0.7506, 0.7874
(1, 24): 0.2304, 0.7506, 0.6874
(1, 25): 0.2304, 0.7506, 0.6874
(1, 26): 0.2304, 0.7506, 0.6874
(1, 27): 0.2649, 0.7537, 0.3015
(2, 1): -1.5083, 0.7718, 0.5280
(2, 2): -1.5083, 0.7718, 0.5280
(2, 3): -1.5083, 0.7718, 0.5280
(2, 4): -1.5083, 0.7718, 0.5280
(2, 5): -1.5083, 0.7718, 0.5280
(2, 6): 0.3231, 0.7512, 0.3866
(2, 7): 0.3231, 0.7512, 0.3866
(2, 8): 0.3231, 0.7512, 0.3866
(2, 9): 0.3231, 0.7512, 0.3866
(2, 10): 0.1775, 0.7506, 0.3315
(2, 11): 0.1775, 0.7506, 0.3315
(2, 12): 0.1775, 0.7506, 0.3315
(2, 13): 0.1775, 0.7506, 0.3315
(2, 14): 0.2293, 0.7500, 0.4952
(2, 15): 0.0913, 0.7531, 0.4014
(2, 16): 0.0913, 0.7531, 0.4014
(2, 17): 0.1811, 0.7506, 0.3690
(2, 18): 0.3531, 0.7556, 0.2138
(2, 19): 0.1229, 0.7531, 0.2550
(2, 20): 0.1229, 0.7531, 0.2550
(2, 21): 0.3060, 0.7519, 0.2356
(2, 22): 0.2107, 0.7506, 0.5467
(2, 23): 0.2201, 0.7506, 0.7874
(2, 24): 0.2304, 0.7506, 0.6874
(2, 25): 0.2304, 0.7506, 0.6874
(2, 26): 0.2649, 0.7537, 0.3015
(2, 27): 0.2649, 0.7537, 0.3015
(3, 1): -1.5083, 0.7718, 0.5280
(3, 2): -1.5083, 0.7718, 0.5280
(3, 3): -1.5083, 0.7718, 0.5280
(3, 4): -1.5083, 0.7718, 0.5280
(3, 5): -1.5083, 0.7718, 0.5280
(3, 6): -1.5083, 0.7718, 0.5280
(3, 7): 0.3231, 0.7512, 0.3866
(3, 8): 0.3231, 0.7512, 0.3866
(3, 9): 0.3231, 0.7512, 0.3866
(3, 10): 0.3231, 0.7512, 0.3866
(3, 11): 0.1775, 0.7506, 0.3315
(3, 12): 0.1775, 0.7506, 0.3315
(3, 13): 0.1775, 0.7506, 0.3315
(3, 14): 0.2293, 0.7500, 0.4952
(3, 15): 0.1328, 0.7513, 0.3177
(3, 16): 0.0913, 0.7531, 0.4014
(3, 17): 0.1811, 0.7506, 0.3690
(3, 18): 0.3531, 0.7556, 0.2138
(3, 19): 0.1472, 0.7513, 0.3549
(3, 20): 1.1349, 0.7544, 0.1102
(3, 21): 0.1289, 0.7512, 0.3303
(3, 22): 0.2107, 0.7506, 0.5467
(3, 23): 0.2201, 0.7506, 0.7874
(3, 24): 0.2304, 0.7506, 0.6874
(3, 25): 0.2510, 0.7506, 0.5624
(3, 26): 0.2649, 0.7537, 0.3015
(3, 27): 0.2649, 0.7537, 0.3015
(4, 1): -1.5083, 0.7718, 0.5280
(4, 2): -1.5083, 0.7718, 0.5280
(4, 3): -1.5083, 0.7718, 0.5280
(4, 4): -1.5083, 0.7718, 0.5280
(4, 5): -1.5083, 0.7718, 0.5280
(4, 6): -1.5083, 0.7718, 0.5280
(4, 7): -1.5083, 0.7718, 0.5280
(4, 8): 0.3231, 0.7512, 0.3866
(4, 9): 0.3231, 0.7512, 0.3866
(4, 10): 0.3231, 0.7512, 0.3866
(4, 11): 0.3231, 0.7512, 0.3866
(4, 12): 0.1775, 0.7506, 0.3315
(4, 13): 0.1775, 0.7506, 0.3315
(4, 14): 0.2293, 0.7500, 0.4952
(4, 15): 0.1328, 0.7513, 0.3177
(4, 16): 0.1085, 0.7506, 0.3310
(4, 17): 0.1690, 0.7506, 0.2680
(4, 18): 0.2130, 0.7506, 0.5872
(4, 19): 0.2098, 0.7512, 0.7318
(4, 20): 0.1916, 0.7506, 0.8468
(4, 21): 0.2093, 0.7506, 0.8523
(4, 22): 0.2154, 0.7506, 0.8498
(4, 23): 0.2250, 0.7506, 0.8172
(4, 24): 0.2518, 0.7506, 0.7990
(4, 25): 0.2510, 0.7506, 0.5624
(4, 26): 0.2649, 0.7537, 0.3015
(4, 27): 0.3064, 0.7506, 0.3592
(5, 1): -1.5083, 0.7718, 0.5280
(5, 2): -1.5083, 0.7718, 0.5280
(5, 3): -1.5083, 0.7718, 0.5280
(5, 4): -1.5083, 0.7718, 0.5280
(5, 5): -1.5083, 0.7718, 0.5280
(5, 6): -1.5083, 0.7718, 0.5280
(5, 7): -1.5083, 0.7718, 0.5280
(5, 8): -1.5083, 0.7718, 0.5280
(5, 9): 0.3231, 0.7512, 0.3866
(5, 10): 0.3231, 0.7512, 0.3866
(5, 11): 0.3231, 0.7512, 0.3866
(5, 12): 0.2773, 0.7506, 0.3578
(5, 13): 0.2773, 0.7506, 0.3578
(5, 14): 0.2773, 0.7506, 0.3578
(5, 15): 0.1328, 0.7513, 0.3177
(5, 16): 1.2518, 0.7506, 0.3267
(5, 17): 0.1766, 0.7506, 0.8697
(5, 18): 0.1871, 0.7506, 0.8600
(5, 19): 0.2065, 0.7506, 0.8790
(5, 20): 0.2040, 0.7506, 0.8758
(5, 21): 0.2221, 0.7506, 0.8557
(5, 22): 0.2111, 0.7506, 0.8562
(5, 23): 0.2257, 0.7506, 0.8300
(5, 24): 0.2475, 0.7506, 0.8132
(5, 25): 0.2204, 0.7506, 0.8418
(5, 26): 0.2710, 0.7506, 0.7609
(5, 27): 0.3064, 0.7506, 0.3592
(6, 1): -1.5083, 0.7718, 0.5280
(6, 2): -1.5083, 0.7718, 0.5280
(6, 3): -1.5083, 0.7718, 0.5280
(6, 4): -1.5083, 0.7718, 0.5280
(6, 5): -1.5083, 0.7718, 0.5280
(6, 6): -1.5083, 0.7718, 0.5280
(6, 7): -1.5083, 0.7718, 0.5280
(6, 8): -1.5083, 0.7718, 0.5280
(6, 9): -1.5083, 0.7718, 0.5280
(6, 10): 0.3231, 0.7512, 0.3866
(6, 11): 0.3231, 0.7512, 0.3866
(6, 12): 0.3029, 0.7562, 0.3100
(6, 13): 0.2773, 0.7506, 0.3578
(6, 14): 0.2111, 0.7506, 0.5707
(6, 15): 0.2111, 0.7506, 0.5707
(6, 16): 0.2056, 0.7506, 0.8441
(6, 17): 0.1924, 0.7506, 0.8459
(6, 18): 0.1745, 0.7506, 0.8606
(6, 19): 0.2092, 0.7506, 0.8457
(6, 20): 0.2261, 0.7506, 0.8301
(6, 21): 0.2081, 0.7506, 0.8759
(6, 22): 0.2307, 0.7512, 0.8523
(6, 23): 0.2387, 0.7506, 0.8333
(6, 24): 0.2147, 0.7506, 0.8453
(6, 25): 0.2535, 0.7506, 0.8335
(6, 26): 0.2719, 0.7506, 0.8068
(6, 27): 0.1872, 0.7506, 0.4163
(7, 1): -1.5083, 0.7718, 0.5280
(7, 2): -1.5083, 0.7718, 0.5280
(7, 3): -1.5083, 0.7718, 0.5280
(7, 4): -1.5083, 0.7718, 0.5280
(7, 5): -1.5083, 0.7718, 0.5280
(7, 6): -1.5083, 0.7718, 0.5280
(7, 7): -1.5083, 0.7718, 0.5280
(7, 8): -1.5083, 0.7718, 0.5280
(7, 9): -1.5083, 0.7718, 0.5280
(7, 10): -1.5083, 0.7718, 0.5280
(7, 11): 0.2581, 0.7513, 0.3729
(7, 12): 0.2581, 0.7513, 0.3729
(7, 13): 0.3029, 0.7562, 0.3100
(7, 14): 0.1962, 0.7506, 0.8256
(7, 15): 0.1962, 0.7506, 0.8256
(7, 16): 0.1759, 0.7506, 0.8583
(7, 17): 0.1777, 0.7506, 0.8523
(7, 18): 0.1852, 0.7506, 0.8594
(7, 19): 0.2152, 0.7506, 0.8432
(7, 20): 0.1998, 0.7506, 0.8656
(7, 21): 0.2204, 0.7506, 0.8709
(7, 22): 0.2053, 0.7506, 0.8858
(7, 23): 0.2281, 0.7506, 0.8582
(7, 24): 0.2465, 0.7506, 0.8451
(7, 25): 0.2428, 0.7506, 0.8390
(7, 26): 0.2318, 0.7506, 0.8465
(7, 27): 0.2467, 0.7506, 0.5643
(8, 1): 0.2213, 0.7506, 0.5087
(8, 2): 0.2213, 0.7506, 0.5087
(8, 3): 0.2213, 0.7506, 0.5087
(8, 4): 0.2213, 0.7506, 0.5087
(8, 5): 0.2213, 0.7506, 0.5087
(8, 6): 0.2213, 0.7506, 0.5087
(8, 7): 0.2213, 0.7506, 0.5087
(8, 8): 0.2213, 0.7506, 0.5087
(8, 9): 0.2213, 0.7506, 0.5087
(8, 10): 0.2213, 0.7506, 0.5087
(8, 11): 0.2341, 0.7512, 0.4857
(8, 12): 0.2341, 0.7512, 0.4857
(8, 13): 0.2308, 0.7512, 0.3121
(8, 14): 0.2308, 0.7512, 0.3121
(8, 15): 0.1972, 0.7506, 0.8242
(8, 16): 0.1882, 0.7506, 0.8494
(8, 17): 0.1947, 0.7506, 0.8418
(8, 18): 0.2169, 0.7506, 0.8475
(8, 19): 0.1874, 0.7506, 0.8764
(8, 20): 0.2129, 0.7506, 0.8568
(8, 21): 0.2133, 0.7506, 0.8724
(8, 22): 0.2034, 0.7506, 0.8709
(8, 23): 0.2426, 0.7506, 0.8454
(8, 24): 0.2472, 0.7506, 0.8455
(8, 25): 0.2337, 0.7506, 0.8574
(8, 26): 0.2401, 0.7506, 0.8586
(8, 27): 0.2628, 0.7506, 0.5290
(9, 1): 0.2069, 0.7506, 0.5228
(9, 2): 0.2069, 0.7506, 0.5228
(9, 3): 0.2069, 0.7506, 0.5228
(9, 4): 0.2069, 0.7506, 0.5228
(9, 5): 0.2069, 0.7506, 0.5228
(9, 6): 0.2069, 0.7506, 0.5228
(9, 7): 0.2069, 0.7506, 0.5228
(9, 8): 0.2069, 0.7506, 0.5228
(9, 9): 0.2069, 0.7506, 0.5228
(9, 10): 0.2069, 0.7506, 0.5228
(9, 11): -1.3931, 0.7560, 0.4810
(9, 12): 0.2856, 0.7506, 0.5219
(9, 13): 0.2856, 0.7506, 0.5219
(9, 14): 0.2308, 0.7512, 0.3121
(9, 15): 0.2182, 0.7506, 0.7386
(9, 16): 0.2472, 0.7506, 0.8022
(9, 17): 0.2327, 0.7506, 0.8075
(9, 18): 0.2216, 0.7506, 0.8498
(9, 19): 0.2089, 0.7506, 0.8548
(9, 20): 0.2083, 0.7506, 0.8684
(9, 21): 0.2255, 0.7506, 0.8564
(9, 22): 0.1907, 0.7506, 0.8754
(9, 23): 0.2108, 0.7506, 0.8723
(9, 24): 0.2308, 0.7506, 0.8619
(9, 25): 0.2304, 0.7506, 0.8729
(9, 26): 0.2093, 0.7506, 0.8759
(9, 27): 0.1414, 0.7544, 0.2738
(10, 1): 0.2118, 0.7506, 0.5531
(10, 2): 0.2118, 0.7506, 0.5531
(10, 3): 0.2118, 0.7506, 0.5531
(10, 4): 0.2118, 0.7506, 0.5531
(10, 5): 0.2118, 0.7506, 0.5531
(10, 6): 0.2118, 0.7506, 0.5531
(10, 7): 0.2118, 0.7506, 0.5531
(10, 8): 0.2118, 0.7506, 0.5531
(10, 9): 0.2118, 0.7506, 0.5531
(10, 10): 0.2118, 0.7506, 0.5531
(10, 11): 0.2800, 0.7550, 0.3075
(10, 12): 0.2856, 0.7506, 0.5219
(10, 13): 0.3039, 0.7512, 0.3497
(10, 14): 0.1390, 0.7506, 0.2500
(10, 15): 0.2445, 0.7506, 0.7264
(10, 16): 0.2384, 0.7506, 0.7724
(10, 17): 0.2257, 0.7506, 0.8146
(10, 18): 0.2247, 0.7506, 0.8217
(10, 19): 0.2083, 0.7506, 0.8486
(10, 20): 0.2152, 0.7506, 0.8302
(10, 21): 0.2206, 0.7506, 0.8558
(10, 22): 0.2178, 0.7506, 0.8421
(10, 23): 0.2274, 0.7506, 0.8320
(10, 24): 0.2337, 0.7506, 0.8537
(10, 25): 0.2215, 0.7506, 0.8649
(10, 26): 0.2539, 0.7506, 0.7887
(10, 27): 0.2539, 0.7506, 0.7887
(11, 1): 0.2828, 0.7506, 0.2794
(11, 2): 0.2339, 0.7506, 0.6512
(11, 3): 0.2339, 0.7506, 0.6512
(11, 4): 0.2339, 0.7506, 0.6512
(11, 5): 0.2339, 0.7506, 0.6512
(11, 6): 0.2339, 0.7506, 0.6512
(11, 7): 0.2339, 0.7506, 0.6512
(11, 8): 0.2339, 0.7506, 0.6512
(11, 9): 0.2339, 0.7506, 0.6512
(11, 10): 0.2339, 0.7506, 0.6512
(11, 11): 0.2297, 0.7506, 0.8247
(11, 12): 0.2541, 0.7506, 0.8147
(11, 13): 0.3039, 0.7512, 0.3497
(11, 14): 0.3039, 0.7512, 0.3497
(11, 15): 0.2445, 0.7506, 0.7264
(11, 16): 0.2556, 0.7525, 0.2896
(11, 17): 0.2452, 0.7506, 0.7943
(11, 18): 0.2332, 0.7500, 0.8009
(11, 19): 0.2140, 0.7506, 0.8478
(11, 20): 0.2370, 0.7506, 0.8059
(11, 21): 0.2561, 0.7506, 0.8126
(11, 22): 0.2303, 0.7506, 0.8361
(11, 23): 0.2300, 0.7506, 0.8221
(11, 24): 0.2183, 0.7506, 0.8550
(11, 25): 0.2132, 0.7506, 0.8251
(11, 26): 0.2101, 0.7506, 0.8037
(11, 27): 0.2101, 0.7506, 0.8037
(12, 1): 0.2828, 0.7506, 0.2794
(12, 2): 0.2828, 0.7506, 0.2794
(12, 3): 0.2828, 0.7506, 0.2794
(12, 4): 0.2828, 0.7506, 0.2794
(12, 5): 0.2221, 0.7506, 0.8116
(12, 6): 0.2221, 0.7506, 0.8116
(12, 7): 0.2221, 0.7506, 0.8116
(12, 8): 0.2221, 0.7506, 0.8116
(12, 9): 0.2221, 0.7506, 0.8116
(12, 10): 0.2221, 0.7506, 0.8116
(12, 11): 0.2139, 0.7506, 0.8533
(12, 12): 0.2503, 0.7506, 0.8346
(12, 13): 0.2186, 0.7506, 0.6886
(12, 14): 0.2604, 0.7512, 0.4376
(12, 15): 0.2604, 0.7512, 0.4376
(12, 16): 0.3465, 0.7506, 0.2903
(12, 17): 0.2358, 0.7506, 0.7898
(12, 18): 0.2308, 0.7506, 0.8304
(12, 19): 0.2486, 0.7506, 0.8184
(12, 20): 0.2096, 0.7506, 0.8608
(12, 21): 0.2136, 0.7506, 0.8551
(12, 22): 0.2292, 0.7506, 0.8470
(12, 23): 0.1854, 0.7506, 0.8663
(12, 24): 0.2391, 0.7506, 0.6982
(12, 25): 0.2278, 0.7525, 0.3525
(12, 26): 0.2206, 0.7506, 0.3297
(12, 27): 0.2206, 0.7506, 0.3297
(13, 1): 0.2828, 0.7506, 0.2794
(13, 2): 0.2828, 0.7506, 0.2794
(13, 3): 0.2828, 0.7506, 0.2794
(13, 4): 0.2828, 0.7506, 0.2794
(13, 5): 0.2828, 0.7506, 0.2794
(13, 6): 0.2828, 0.7506, 0.2794
(13, 7): 0.2828, 0.7506, 0.2794
(13, 8): 0.2078, 0.7506, 0.8616
(13, 9): 0.2078, 0.7506, 0.8616
(13, 10): 0.2078, 0.7506, 0.8616
(13, 11): 0.2214, 0.7506, 0.8606
(13, 12): 0.2176, 0.7506, 0.8384
(13, 13): 0.2302, 0.7506, 0.6913
(13, 14): 0.1711, 0.7513, 0.3097
(13, 15): 0.1711, 0.7513, 0.3097
(13, 16): 0.1625, 0.7519, 0.2587
(13, 17): 0.2341, 0.7506, 0.6459
(13, 18): 0.2549, 0.7506, 0.7425
(13, 19): 0.2452, 0.7500, 0.8123
(13, 20): 0.2492, 0.7506, 0.8062
(13, 21): 0.2183, 0.7506, 0.8578
(13, 22): 0.2330, 0.7506, 0.8305
(13, 23): 0.2440, 0.7506, 0.7949
(13, 24): 0.2489, 0.7500, 0.6927
(13, 25): 0.8996, 0.7819, 0.0618
(13, 26): 0.2206, 0.7506, 0.3297
(13, 27): -1.2621, 0.7627, 0.2199
(14, 1): 0.2828, 0.7506, 0.2794
(14, 2): 0.2828, 0.7506, 0.2794
(14, 3): 0.2828, 0.7506, 0.2794
(14, 4): 0.2828, 0.7506, 0.2794
(14, 5): 0.2828, 0.7506, 0.2794
(14, 6): 0.2828, 0.7506, 0.2794
(14, 7): 0.2828, 0.7506, 0.2794
(14, 8): 0.2828, 0.7506, 0.2794
(14, 9): 0.2037, 0.7506, 0.8875
(14, 10): 0.2037, 0.7506, 0.8875
(14, 11): 0.1954, 0.7506, 0.9138
(14, 12): 0.2229, 0.7506, 0.8312
(14, 13): 0.2584, 0.7537, 0.1762
(14, 14): 0.1711, 0.7513, 0.3097
(14, 15): -0.4596, 0.7556, 0.4430
(14, 16): 0.2301, 0.7506, 0.6884
(14, 17): 0.2260, 0.7506, 0.8341
(14, 18): 0.2423, 0.7506, 0.8362
(14, 19): 0.2442, 0.7506, 0.8268
(14, 20): 0.2351, 0.7500, 0.8205
(14, 21): 0.2516, 0.7506, 0.7980
(14, 22): 0.2578, 0.7506, 0.7991
(14, 23): 0.2402, 0.7506, 0.8116
(14, 24): 0.2204, 0.7506, 0.7554
(14, 25): 0.2883, 0.7506, 0.4342
(14, 26): 0.2300, 0.7500, 0.5087
(14, 27): -1.2621, 0.7627, 0.2199
(15, 1): 0.6286, 0.7594, 0.1074
(15, 2): 0.6286, 0.7594, 0.1074
(15, 3): 0.6286, 0.7594, 0.1074
(15, 4): 0.2828, 0.7506, 0.2794
(15, 5): 0.2828, 0.7506, 0.2794
(15, 6): 0.2828, 0.7506, 0.2794
(15, 7): 0.2828, 0.7506, 0.2794
(15, 8): 0.2828, 0.7506, 0.2794
(15, 9): 0.2828, 0.7506, 0.2794
(15, 10): 0.2099, 0.7506, 0.8817
(15, 11): 0.2225, 0.7506, 0.8739
(15, 12): 0.2260, 0.7506, 0.8883
(15, 13): 0.2288, 0.7506, 0.3699
(15, 14): -0.3306, 0.7644, 0.1298
(15, 15): 0.2231, 0.7506, 0.7218
(15, 16): 0.2435, 0.7506, 0.8231
(15, 17): 0.2275, 0.7506, 0.8006
(15, 18): 0.2221, 0.7506, 0.7593
(15, 19): 0.2187, 0.7506, 0.8459
(15, 20): 0.2308, 0.7506, 0.8090
(15, 21): 0.2670, 0.7519, 0.7829
(15, 22): 0.2563, 0.7506, 0.7981
(15, 23): 0.2360, 0.7506, 0.8044
(15, 24): 0.2062, 0.7506, 0.8239
(15, 25): 0.2227, 0.7512, 0.8190
(15, 26): 0.1941, 0.7506, 0.8256
(15, 27): 0.2586, 0.7506, 0.5479
(16, 1): 0.1201, 0.7506, 0.3830
(16, 2): 0.6286, 0.7594, 0.1074
(16, 3): 0.6286, 0.7594, 0.1074
(16, 4): 0.6286, 0.7594, 0.1074
(16, 5): 0.6286, 0.7594, 0.1074
(16, 6): 0.6286, 0.7594, 0.1074
(16, 7): 0.2457, 0.7512, 0.3743
(16, 8): 0.2457, 0.7512, 0.3743
(16, 9): 0.2457, 0.7512, 0.3743
(16, 10): 0.2295, 0.7506, 0.8537
(16, 11): 0.2168, 0.7506, 0.8870
(16, 12): 0.2066, 0.7506, 0.8510
(16, 13): 0.2068, 0.7512, 0.3716
(16, 14): 0.2250, 0.7506, 0.8589
(16, 15): 0.2205, 0.7506, 0.9057
(16, 16): 0.2615, 0.7506, 0.7433
(16, 17): 0.1899, 0.7506, 0.7547
(16, 18): 0.1970, 0.7506, 0.8716
(16, 19): 0.2073, 0.7506, 0.8665
(16, 20): 0.2506, 0.7506, 0.7842
(16, 21): 0.2327, 0.7506, 0.7896
(16, 22): 0.2406, 0.7506, 0.8195
(16, 23): 0.2410, 0.7506, 0.8072
(16, 24): 0.2231, 0.7506, 0.8475
(16, 25): 0.2080, 0.7506, 0.8446
(16, 26): 0.2070, 0.7506, 0.8304
(16, 27): 0.2059, 0.7506, 0.5425
(17, 1): 0.1201, 0.7506, 0.3830
(17, 2): 0.1201, 0.7506, 0.3830
(17, 3): 0.1323, 0.7525, 0.3385
(17, 4): 0.6286, 0.7594, 0.1074
(17, 5): 0.6286, 0.7594, 0.1074
(17, 6): 0.6286, 0.7594, 0.1074
(17, 7): 0.6286, 0.7594, 0.1074
(17, 8): 0.2465, 0.7506, 0.6324
(17, 9): 0.2465, 0.7506, 0.6324
(17, 10): 0.2256, 0.7506, 0.8567
(17, 11): 0.2344, 0.7506, 0.8692
(17, 12): 0.2249, 0.7506, 0.8712
(17, 13): 0.2377, 0.7506, 0.7344
(17, 14): 0.2146, 0.7500, 0.6809
(17, 15): 0.1906, 0.7506, 0.7976
(17, 16): 0.2072, 0.7506, 0.7756
(17, 17): 0.2306, 0.7506, 0.8546
(17, 18): 0.1977, 0.7506, 0.8766
(17, 19): 0.2153, 0.7506, 0.8450
(17, 20): 0.2211, 0.7506, 0.8284
(17, 21): 0.2321, 0.7506, 0.8227
(17, 22): 0.2409, 0.7506, 0.8339
(17, 23): 0.2322, 0.7506, 0.8245
(17, 24): 0.2419, 0.7506, 0.8212
(17, 25): 0.2067, 0.7506, 0.8504
(17, 26): 0.2207, 0.7506, 0.7302
(17, 27): 0.2207, 0.7506, 0.7302
(18, 1): 0.1201, 0.7506, 0.3830
(18, 2): 0.1201, 0.7506, 0.3830
(18, 3): 0.1201, 0.7506, 0.3830
(18, 4): 0.1323, 0.7525, 0.3385
(18, 5): 0.1323, 0.7525, 0.3385
(18, 6): 0.6286, 0.7594, 0.1074
(18, 7): 0.6286, 0.7594, 0.1074
(18, 8): 0.6286, 0.7594, 0.1074
(18, 9): 0.2213, 0.7512, 0.8134
(18, 10): 0.2420, 0.7506, 0.8536
(18, 11): 0.2583, 0.7506, 0.8412
(18, 12): 0.2481, 0.7506, 0.8378
(18, 13): 0.2459, 0.7506, 0.8415
(18, 14): 0.2225, 0.7506, 0.8718
(18, 15): 0.2114, 0.7506, 0.8851
(18, 16): 0.2297, 0.7506, 0.8390
(18, 17): 0.2315, 0.7506, 0.8318
(18, 18): 0.1944, 0.7500, 0.8566
(18, 19): 0.2006, 0.7506, 0.8649
(18, 20): 0.2155, 0.7506, 0.8373
(18, 21): 0.2453, 0.7506, 0.7928
(18, 22): 0.2332, 0.7506, 0.8234
(18, 23): 0.2419, 0.7506, 0.8195
(18, 24): 0.2501, 0.7506, 0.8038
(18, 25): 0.2548, 0.7506, 0.7290
(18, 26): 0.2964, 0.7506, 0.2853
(18, 27): 0.2964, 0.7506, 0.2853
(19, 1): 0.1201, 0.7506, 0.3830
(19, 2): 0.1201, 0.7506, 0.3830
(19, 3): 0.1201, 0.7506, 0.3830
(19, 4): 0.1201, 0.7506, 0.3830
(19, 5): 0.1323, 0.7525, 0.3385
(19, 6): 0.1323, 0.7525, 0.3385
(19, 7): 0.2240, 0.7506, 0.5211
(19, 8): 0.2240, 0.7506, 0.5211
(19, 9): 0.2469, 0.7506, 0.8517
(19, 10): 0.2623, 0.7500, 0.8479
(19, 11): 0.2650, 0.7506, 0.8177
(19, 12): 0.2614, 0.7506, 0.8341
(19, 13): 0.2363, 0.7506, 0.8410
(19, 14): 0.2125, 0.7506, 0.8528
(19, 15): 0.1917, 0.7506, 0.8780
(19, 16): 0.1971, 0.7506, 0.8739
(19, 17): 0.2224, 0.7506, 0.8237
(19, 18): 0.2311, 0.7506, 0.8235
(19, 19): 0.1907, 0.7506, 0.8705
(19, 20): 0.2043, 0.7506, 0.8312
(19, 21): 0.2317, 0.7506, 0.8094
(19, 22): 0.2263, 0.7506, 0.8358
(19, 23): 0.2395, 0.7506, 0.8506
(19, 24): 0.2510, 0.7506, 0.8509
(19, 25): 0.2822, 0.7506, 0.5819
(19, 26): 0.3347, 0.7875, 0.1338
(19, 27): 0.3347, 0.7875, 0.1338
(20, 1): 0.2111, 0.7513, 0.3432
(20, 2): 0.1201, 0.7506, 0.3830
(20, 3): 0.1201, 0.7506, 0.3830
(20, 4): 0.1201, 0.7506, 0.3830
(20, 5): 0.1201, 0.7506, 0.3830
(20, 6): 0.1323, 0.7525, 0.3385
(20, 7): 0.1323, 0.7525, 0.3385
(20, 8): 0.2268, 0.7506, 0.8877
(20, 9): 0.2296, 0.7506, 0.8679
(20, 10): 0.2369, 0.7506, 0.8611
(20, 11): 0.2508, 0.7506, 0.8529
(20, 12): 0.2518, 0.7506, 0.8262
(20, 13): 0.2416, 0.7506, 0.8184
(20, 14): 0.2045, 0.7506, 0.8517
(20, 15): 0.2158, 0.7506, 0.8545
(20, 16): 0.2240, 0.7506, 0.8556
(20, 17): 0.2020, 0.7506, 0.8382
(20, 18): 0.2088, 0.7512, 0.8461
(20, 19): 0.1930, 0.7506, 0.8616
(20, 20): 0.2017, 0.7506, 0.8396
(20, 21): 0.2141, 0.7506, 0.8554
(20, 22): 0.2261, 0.7506, 0.8439
(20, 23): 0.2259, 0.7506, 0.8617
(20, 24): 0.2248, 0.7506, 0.8855
(20, 25): 0.2282, 0.7506, 0.8174
(20, 26): 0.1950, 0.7525, 0.3551
(20, 27): 0.1950, 0.7525, 0.3551
(21, 1): 0.0976, 0.7506, 0.3457
(21, 2): 0.2111, 0.7513, 0.3432
(21, 3): 0.2111, 0.7513, 0.3432
(21, 4): 0.1201, 0.7506, 0.3830
(21, 5): 0.1201, 0.7506, 0.3830
(21, 6): 0.1201, 0.7506, 0.3830
(21, 7): 0.2473, 0.7506, 0.7743
(21, 8): 0.2288, 0.7506, 0.8772
(21, 9): 0.2085, 0.7506, 0.8896
(21, 10): 0.2203, 0.7506, 0.8824
(21, 11): 0.2288, 0.7506, 0.8631
(21, 12): 0.2372, 0.7506, 0.8194
(21, 13): 0.2454, 0.7506, 0.8304
(21, 14): 0.2157, 0.7506, 0.8335
(21, 15): 0.2183, 0.7506, 0.8433
(21, 16): 0.2190, 0.7506, 0.8210
(21, 17): 0.2100, 0.7506, 0.8270
(21, 18): 0.2101, 0.7506, 0.8714
(21, 19): 0.2262, 0.7506, 0.8180
(21, 20): 0.2280, 0.7506, 0.8166
(21, 21): 0.2032, 0.7506, 0.7161
(21, 22): 0.1760, 0.7506, 0.7556
(21, 23): 0.1739, 0.7506, 0.7515
(21, 24): 0.2418, 0.7506, 0.4069
(21, 25): 0.2418, 0.7506, 0.4069
(21, 26): 0.1950, 0.7525, 0.3551
(21, 27): 0.1950, 0.7525, 0.3551
(22, 1): 0.0976, 0.7506, 0.3457
(22, 2): 0.0976, 0.7506, 0.3457
(22, 3): 0.2111, 0.7513, 0.3432
(22, 4): 0.2111, 0.7513, 0.3432
(22, 5): 0.2236, 0.7506, 0.6432
(22, 6): 0.2236, 0.7506, 0.6432
(22, 7): 0.2791, 0.7506, 0.8307
(22, 8): 0.2350, 0.7506, 0.8407
(22, 9): 0.2249, 0.7506, 0.8415
(22, 10): 0.2231, 0.7506, 0.8440
(22, 11): 0.2095, 0.7506, 0.8682
(22, 12): 0.2309, 0.7506, 0.8344
(22, 13): 0.2280, 0.7506, 0.8436
(22, 14): 0.1992, 0.7506, 0.8443
(22, 15): 0.1806, 0.7506, 0.8480
(22, 16): 0.2163, 0.7506, 0.7978
(22, 17): 0.2078, 0.7506, 0.8246
(22, 18): 0.2290, 0.7512, 0.8171
(22, 19): 0.2143, 0.7506, 0.8165
(22, 20): 0.2247, 0.7506, 0.6432
(22, 21): 0.2478, 0.7525, 0.2993
(22, 22): 0.1760, 0.7506, 0.7556
(22, 23): 0.1739, 0.7506, 0.7515
(22, 24): 0.2418, 0.7506, 0.4069
(22, 25): 0.2418, 0.7506, 0.4069
(22, 26): 0.1950, 0.7525, 0.3551
(22, 27): 0.1950, 0.7525, 0.3551
(23, 1): 0.0976, 0.7506, 0.3457
(23, 2): 0.0976, 0.7506, 0.3457
(23, 3): 0.0976, 0.7506, 0.3457
(23, 4): 0.2111, 0.7513, 0.3432
(23, 5): 0.2111, 0.7513, 0.3432
(23, 6): 0.2423, 0.7506, 0.5384
(23, 7): 0.2301, 0.7500, 0.6672
(23, 8): 0.2009, 0.7506, 0.8429
(23, 9): 0.2060, 0.7506, 0.8719
(23, 10): 0.2230, 0.7506, 0.8566
(23, 11): 0.2012, 0.7506, 0.8645
(23, 12): 0.2121, 0.7506, 0.8325
(23, 13): 0.2309, 0.7506, 0.8306
(23, 14): 0.2290, 0.7506, 0.8013
(23, 15): 0.2164, 0.7506, 0.8157
(23, 16): 0.2318, 0.7506, 0.8254
(23, 17): 0.2113, 0.7506, 0.8373
(23, 18): 0.2394, 0.7506, 0.8278
(23, 19): 0.2523, 0.7506, 0.8266
(23, 20): 0.2519, 0.7506, 0.6885
(23, 21): 0.2478, 0.7525, 0.2993
(23, 22): 0.2478, 0.7525, 0.2993
(23, 23): 0.1739, 0.7506, 0.7515
(23, 24): 0.2418, 0.7506, 0.4069
(23, 25): 0.2418, 0.7506, 0.4069
(23, 26): 0.2418, 0.7506, 0.4069
(23, 27): 0.1950, 0.7525, 0.3551
(24, 1): 1.4251, 0.7788, 0.0484
(24, 2): 0.0976, 0.7506, 0.3457
(24, 3): 0.0976, 0.7506, 0.3457
(24, 4): 0.0976, 0.7506, 0.3457
(24, 5): 0.2261, 0.7506, 0.4021
(24, 6): 0.2341, 0.7506, 0.4039
(24, 7): 0.2103, 0.7506, 0.7494
(24, 8): 0.1816, 0.7506, 0.6339
(24, 9): 0.2066, 0.7506, 0.7313
(24, 10): 0.1851, 0.7506, 0.7214
(24, 11): 0.1876, 0.7506, 0.8534
(24, 12): 0.2305, 0.7512, 0.8453
(24, 13): 0.2112, 0.7506, 0.8253
(24, 14): 0.2189, 0.7506, 0.8300
(24, 15): 0.2346, 0.7506, 0.8165
(24, 16): 0.2201, 0.7506, 0.8361
(24, 17): 0.2201, 0.7506, 0.8525
(24, 18): 0.2373, 0.7506, 0.8309
(24, 19): 0.2322, 0.7506, 0.8507
(24, 20): 0.2295, 0.7506, 0.8424
(24, 21): 0.2420, 0.7506, 0.5566
(24, 22): 0.3596, 0.7512, 0.3755
(24, 23): 0.3596, 0.7512, 0.3755
(24, 24): 0.3596, 0.7512, 0.3755
(24, 25): 0.3596, 0.7512, 0.3755
(24, 26): 0.2418, 0.7506, 0.4069
(24, 27): 0.1950, 0.7525, 0.3551
(25, 1): 1.4251, 0.7788, 0.0484
(25, 2): 1.4251, 0.7788, 0.0484
(25, 3): 0.2544, 0.7512, 0.3940
(25, 4): 0.2196, 0.7506, 0.5334
(25, 5): 0.2059, 0.7500, 0.6289
(25, 6): 0.2175, 0.7506, 0.7607
(25, 7): 0.1780, 0.7506, 0.4718
(25, 8): 0.1933, 0.7506, 0.7332
(25, 9): 0.1975, 0.7506, 0.8351
(25, 10): 0.2300, 0.7512, 0.8239
(25, 11): 0.2406, 0.7506, 0.8355
(25, 12): 0.2379, 0.7506, 0.8076
(25, 13): 0.2539, 0.7506, 0.7863
(25, 14): 0.2321, 0.7506, 0.8361
(25, 15): 0.2408, 0.7506, 0.8352
(25, 16): 0.2538, 0.7506, 0.8050
(25, 17): 0.2287, 0.7506, 0.8390
(25, 18): 0.2318, 0.7506, 0.8372
(25, 19): 0.2127, 0.7506, 0.8628
(25, 20): 0.2084, 0.7506, 0.8574
(25, 21): 0.2319, 0.7506, 0.8248
(25, 22): 0.3596, 0.7512, 0.3755
(25, 23): 0.3596, 0.7512, 0.3755
(25, 24): 0.3596, 0.7512, 0.3755
(25, 25): 0.3596, 0.7512, 0.3755
(25, 26): 0.3596, 0.7512, 0.3755
(25, 27): 0.3596, 0.7512, 0.3755
(26, 1): 1.4251, 0.7788, 0.0484
(26, 2): 1.4251, 0.7788, 0.0484
(26, 3): 0.2544, 0.7512, 0.3940
(26, 4): 0.2116, 0.7512, 0.5522
(26, 5): 0.1752, 0.7506, 0.5362
(26, 6): 0.1733, 0.7503, 0.4870
(26, 7): 0.2077, 0.7506, 0.7441
(26, 8): 0.1963, 0.7506, 0.8591
(26, 9): 0.2159, 0.7506, 0.8564
(26, 10): 0.2113, 0.7500, 0.8590
(26, 11): 0.2259, 0.7512, 0.8404
(26, 12): 0.2081, 0.7506, 0.8372
(26, 13): 0.2416, 0.7506, 0.8186
(26, 14): 0.2321, 0.7506, 0.8522
(26, 15): 0.2256, 0.7506, 0.8405
(26, 16): 0.2280, 0.7506, 0.8392
(26, 17): 0.2127, 0.7506, 0.8506
(26, 18): 0.2302, 0.7506, 0.8253
(26, 19): 0.2126, 0.7506, 0.8370
(26, 20): 0.2063, 0.7506, 0.8437
(26, 21): 0.2453, 0.7506, 0.8327
(26, 22): 0.2375, 0.7506, 0.6860
(26, 23): 0.2375, 0.7506, 0.6860
(26, 24): 0.2375, 0.7506, 0.6860
(26, 25): 0.2375, 0.7506, 0.6860
(26, 26): 0.2375, 0.7506, 0.6860
(26, 27): 0.2375, 0.7506, 0.6860
(27, 1): 0.2394, 0.7512, 0.4089
(27, 2): 0.2394, 0.7512, 0.4089
(27, 3): 0.2287, 0.7506, 0.7907
(27, 4): 0.2187, 0.7506, 0.8418
(27, 5): 0.2027, 0.7506, 0.9069
(27, 6): 0.1921, 0.7506, 0.7305
(27, 7): 0.1799, 0.7506, 0.3770
(27, 8): 0.2117, 0.7506, 0.7285
(27, 9): 0.2172, 0.7506, 0.7015
(27, 10): 0.2689, 0.7506, 0.6515
(27, 11): 0.2811, 0.7506, 0.6549
(27, 12): 0.2611, 0.7506, 0.4613
(27, 13): 0.2640, 0.7512, 0.6872
(27, 14): 0.2464, 0.7506, 0.5920
(27, 15): 0.2277, 0.7506, 0.8425
(27, 16): 0.2118, 0.7506, 0.8827
(27, 17): 0.2043, 0.7506, 0.8496
(27, 18): 0.2117, 0.7506, 0.8527
(27, 19): 0.2138, 0.7506, 0.8676
(27, 20): 0.2275, 0.7506, 0.8456
(27, 21): 0.2385, 0.7506, 0.8618
(27, 22): 0.2373, 0.7506, 0.7095
(27, 23): 0.2373, 0.7506, 0.7095
(27, 24): 0.2373, 0.7506, 0.7095
(27, 25): 0.2373, 0.7506, 0.7095
(27, 26): 0.2373, 0.7506, 0.7095
(27, 27): 0.2373, 0.7506, 0.7095
(28, 1): -1.0139, 0.7455, 0.9754
(28, 2): -1.0139, 0.7455, 0.9754
(28, 3): 0.2200, 0.7506, 0.4615
(28, 4): 0.1971, 0.7506, 0.5116
(28, 5): 0.2478, 0.7506, 0.6974
(28, 6): 0.1927, 0.7506, 0.4724
(28, 7): 0.2207, 0.7506, 0.4719
(28, 8): 0.2359, 0.7506, 0.6499
(28, 9): 0.2602, 0.7506, 0.5576
(28, 10): 0.2689, 0.7506, 0.6515
(28, 11): 0.2811, 0.7506, 0.6549
(28, 12): 0.2611, 0.7506, 0.4613
(28, 13): 0.2739, 0.7512, 0.3359
(28, 14): 0.2739, 0.7512, 0.3359
(28, 15): 0.2586, 0.7506, 0.7809
(28, 16): 0.2404, 0.7506, 0.8332
(28, 17): 0.2347, 0.7506, 0.8384
(28, 18): 0.2450, 0.7506, 0.8160
(28, 19): 0.2338, 0.7506, 0.8199
(28, 20): 0.2264, 0.7506, 0.8504
(28, 21): 0.2602, 0.7506, 0.8318
(28, 22): 0.3289, 0.7506, 0.4204
(28, 23): 0.3289, 0.7506, 0.4204
(28, 24): 0.3289, 0.7506, 0.4204
(28, 25): 0.3289, 0.7506, 0.4204
(28, 26): 0.3289, 0.7506, 0.4204
(28, 27): 0.3289, 0.7506, 0.4204
(29, 1): 0.2590, 0.7506, 0.7961
(29, 2): 0.2590, 0.7506, 0.7961
(29, 3): 0.2349, 0.7506, 0.8944
(29, 4): 0.2439, 0.7506, 0.7578
(29, 5): 0.2439, 0.7506, 0.6699
(29, 6): 0.2553, 0.7506, 0.8488
(29, 7): 0.2273, 0.7506, 0.7539
(29, 8): 0.6527, 0.8300, 0.1356
(29, 9): 0.2602, 0.7506, 0.5576
(29, 10): 0.2602, 0.7506, 0.5576
(29, 11): 0.2811, 0.7506, 0.6549
(29, 12): 0.2611, 0.7506, 0.4613
(29, 13): 0.2739, 0.7512, 0.3359
(29, 14): 0.2739, 0.7512, 0.3359
(29, 15): 0.2040, 0.7513, 0.3399
(29, 16): 0.3191, 0.7512, 0.4214
(29, 17): -0.1054, 0.7675, 0.2352
(29, 18): 0.2471, 0.7500, 0.6636
(29, 19): 0.2206, 0.7506, 0.8397
(29, 20): 0.2533, 0.7506, 0.8140
(29, 21): 0.2586, 0.7506, 0.8180
(29, 22): 0.8237, 0.7544, 0.2708
(29, 23): 0.8237, 0.7544, 0.2708
(29, 24): 0.8237, 0.7544, 0.2708
(29, 25): 0.8237, 0.7544, 0.2708
(29, 26): 0.8237, 0.7544, 0.2708
(29, 27): 0.8237, 0.7544, 0.2708
(30, 1): 0.2882, 0.7506, 0.5552
(30, 2): 0.2882, 0.7506, 0.5552
(30, 3): 0.2075, 0.7506, 0.4052
(30, 4): 0.1884, 0.7531, 0.3688
(30, 5): 0.2504, 0.7506, 0.7778
(30, 6): 0.2478, 0.7506, 0.7113
(30, 7): 0.0922, 0.7506, 0.4191
(30, 8): 0.6527, 0.8300, 0.1356
(30, 9): 0.6527, 0.8300, 0.1356
(30, 10): 0.2602, 0.7506, 0.5576
(30, 11): 0.2602, 0.7506, 0.5576
(30, 12): 0.2739, 0.7512, 0.3359
(30, 13): 0.2739, 0.7512, 0.3359
(30, 14): 0.2040, 0.7513, 0.3399
(30, 15): 0.2040, 0.7513, 0.3399
(30, 16): 0.3191, 0.7512, 0.4214
(30, 17): -0.1054, 0.7675, 0.2352
(30, 18): 0.2681, 0.7506, 0.3523
(30, 19): 0.2681, 0.7506, 0.3523
(30, 20): 0.2753, 0.7506, 0.6782
(30, 21): 0.2705, 0.7506, 0.7665
(30, 22): 0.2542, 0.7513, 0.3980
(30, 23): 0.2542, 0.7513, 0.3980
(30, 24): 0.2542, 0.7513, 0.3980
(30, 25): 0.2542, 0.7513, 0.3980
(30, 26): 0.2542, 0.7513, 0.3980
(30, 27): 0.2542, 0.7513, 0.3980
(31, 1): 0.2882, 0.7506, 0.5552
(31, 2): 0.2882, 0.7506, 0.5552
(31, 3): 0.2075, 0.7506, 0.4052
(31, 4): 0.1884, 0.7531, 0.3688
(31, 5): 0.2504, 0.7506, 0.7778
(31, 6): 0.2478, 0.7506, 0.7113
(31, 7): 0.0922, 0.7506, 0.4191
(31, 8): 0.0922, 0.7506, 0.4191
(31, 9): 0.6527, 0.8300, 0.1356
(31, 10): 0.6527, 0.8300, 0.1356
(31, 11): 0.2602, 0.7506, 0.5576
(31, 12): 0.2739, 0.7512, 0.3359
(31, 13): 0.2040, 0.7513, 0.3399
(31, 14): 0.2040, 0.7513, 0.3399
(31, 15): 0.2040, 0.7513, 0.3399
(31, 16): 0.3191, 0.7512, 0.4214
(31, 17): -0.1054, 0.7675, 0.2352
(31, 18): 0.1219, 0.7512, 0.2678
(31, 19): 0.1219, 0.7512, 0.2678
(31, 20): 0.2489, 0.7512, 0.7482
(31, 21): 0.3775, 0.7519, 0.3129
(31, 22): 0.3775, 0.7519, 0.3129
(31, 23): 0.2742, 0.7506, 0.2483
(31, 24): 0.2742, 0.7506, 0.2483
(31, 25): 0.2742, 0.7506, 0.2483
(31, 26): 0.2742, 0.7506, 0.2483
(31, 27): 0.2742, 0.7506, 0.2483
(32, 1): 0.2882, 0.7506, 0.5552
(32, 2): 0.2882, 0.7506, 0.5552
(32, 3): 0.2075, 0.7506, 0.4052
(32, 4): 0.1884, 0.7531, 0.3688
(32, 5): 0.2504, 0.7506, 0.7778
(32, 6): 0.2478, 0.7506, 0.7113
(32, 7): 0.0922, 0.7506, 0.4191
(32, 8): 0.0922, 0.7506, 0.4191
(32, 9): 0.0922, 0.7506, 0.4191
(32, 10): 0.6527, 0.8300, 0.1356
(32, 11): 0.6527, 0.8300, 0.1356
(32, 12): 0.2040, 0.7513, 0.3399
(32, 13): 0.2040, 0.7513, 0.3399
(32, 14): 0.2040, 0.7513, 0.3399
(32, 15): 0.2040, 0.7513, 0.3399
(32, 16): 0.3191, 0.7512, 0.4214
(32, 17): 0.1379, 0.7569, 0.3151
(32, 18): 0.1379, 0.7569, 0.3151
(32, 19): 0.1379, 0.7569, 0.3151
(32, 20): 0.1929, 0.7512, 0.8777
(32, 21): 0.2104, 0.7506, 0.6097
(32, 22): 0.2742, 0.7506, 0.2483
(32, 23): 0.2742, 0.7506, 0.2483
(32, 24): 0.2742, 0.7506, 0.2483
(32, 25): 0.2742, 0.7506, 0.2483
(32, 26): 0.2742, 0.7506, 0.2483
(32, 27): 0.2742, 0.7506, 0.2483
(33, 1): 0.2882, 0.7506, 0.5552
(33, 2): 0.2882, 0.7506, 0.5552
(33, 3): 0.2075, 0.7506, 0.4052
(33, 4): 0.1884, 0.7531, 0.3688
(33, 5): 0.2504, 0.7506, 0.7778
(33, 6): 0.2478, 0.7506, 0.7113
(33, 7): 0.0922, 0.7506, 0.4191
(33, 8): 0.0922, 0.7506, 0.4191
(33, 9): 0.0922, 0.7506, 0.4191
(33, 10): 0.0922, 0.7506, 0.4191
(33, 11): 0.6527, 0.8300, 0.1356
(33, 12): 0.2040, 0.7513, 0.3399
(33, 13): 0.2040, 0.7513, 0.3399
(33, 14): 0.2040, 0.7513, 0.3399
(33, 15): 0.2040, 0.7513, 0.3399
(33, 16): 0.2360, 0.7506, 0.5844
(33, 17): 0.2360, 0.7506, 0.5844
(33, 18): 0.2360, 0.7506, 0.5844
(33, 19): 0.2360, 0.7506, 0.5844
(33, 20): 0.2362, 0.7506, 0.8728
(33, 21): 0.2190, 0.7506, 0.8885
(33, 22): 0.2588, 0.7513, 0.4304
(33, 23): 0.2588, 0.7513, 0.4304
(33, 24): 0.2588, 0.7513, 0.4304
(33, 25): 0.2588, 0.7513, 0.4304
(33, 26): 0.2588, 0.7513, 0.4304
(33, 27): 0.2588, 0.7513, 0.4304
(34, 1): 0.2882, 0.7506, 0.5552
(34, 2): 0.2882, 0.7506, 0.5552
(34, 3): 0.2075, 0.7506, 0.4052
(34, 4): 0.1884, 0.7531, 0.3688
(34, 5): 0.2504, 0.7506, 0.7778
(34, 6): 0.2478, 0.7506, 0.7113
(34, 7): 0.0922, 0.7506, 0.4191
(34, 8): 0.0922, 0.7506, 0.4191
(34, 9): 0.0922, 0.7506, 0.4191
(34, 10): 0.0922, 0.7506, 0.4191
(34, 11): 0.0922, 0.7506, 0.4191
(34, 12): 0.2040, 0.7513, 0.3399
(34, 13): 0.2040, 0.7513, 0.3399
(34, 14): 0.2728, 0.7506, 0.5125
(34, 15): 0.2728, 0.7506, 0.5125
(34, 16): 0.2728, 0.7506, 0.5125
(34, 17): 0.2728, 0.7506, 0.5125
(34, 18): 0.2728, 0.7506, 0.5125
(34, 19): 0.2728, 0.7506, 0.5125
(34, 20): 0.2358, 0.7506, 0.8771
(34, 21): 0.2303, 0.7506, 0.8712
(34, 22): 0.3712, 0.7512, 0.2594
(34, 23): 0.3712, 0.7512, 0.2594
(34, 24): 0.3712, 0.7512, 0.2594
(34, 25): 0.3712, 0.7512, 0.2594
(34, 26): 0.3712, 0.7512, 0.2594
(34, 27): 0.3712, 0.7512, 0.2594
