(1, 1): 0.5059, 0.1018, 2.2991, 0.3591
(1, 2): 0.5059, 0.1018, 2.2991, 0.3591
(1, 3): 0.5887, 0.1003, 1.8879, 0.3076
(1, 4): 0.5887, 0.1003, 1.8879, 0.3076
(1, 5): 0.5152, 0.1000, 2.2562, 0.3514
(1, 6): 0.4544, 0.1010, 2.5458, 0.2775
(1, 7): 0.4786, 0.1003, 2.6030, 0.2812
(1, 8): 0.4786, 0.1003, 2.6030, 0.2812
(1, 9): 0.4841, 0.1000, 2.6855, 0.3062
(1, 10): 0.4129, 0.1017, 3.0802, 0.3025
(1, 11): 0.4129, 0.1017, 3.0802, 0.3025
(1, 12): 0.4704, 0.1010, 2.7218, 0.3149
(1, 13): 0.4105, 0.1006, 3.0042, 0.2326
(1, 14): 0.5308, 0.1019, 2.3906, 0.2924
(1, 15): 0.5308, 0.1019, 2.3906, 0.2924
(1, 16): 0.5881, 0.1003, 2.2105, 0.2833
(1, 17): 0.5415, 0.1032, 2.3112, 0.3399
(1, 18): 0.5415, 0.1032, 2.3112, 0.3399
(1, 19): 0.5179, 0.1010, 2.4348, 0.3326
(1, 20): 0.6020, 0.1002, 2.3420, 0.3297
(1, 21): 0.6899, 0.1008, 2.1373, 0.2902
(1, 22): 0.6899, 0.1008, 2.1373, 0.2902
(1, 23): 0.7016, 0.1013, 2.2065, 0.3337
(1, 24): 0.4816, 0.1004, 3.1423, 0.3185
(1, 25): 0.4051, 0.1021, 3.3561, 0.2442
(1, 26): 0.4051, 0.1021, 3.3561, 0.2442
(1, 27): 0.5383, 0.1001, 2.7110, 0.2703
(1, 28): 0.4992, 0.1014, 2.8909, 0.2891
(1, 29): 0.4992, 0.1014, 2.8909, 0.2891
(1, 30): 0.6261, 0.1008, 1.9296, 0.3504
(1, 31): 0.5382, 0.1006, 2.0055, 0.3370
(1, 32): 0.4473, 0.1004, 2.5034, 0.2580
(1, 33): 0.4473, 0.1004, 2.5034, 0.2580
(1, 34): 0.4729, 0.1003, 2.6119, 0.2826
(1, 35): 0.5660, 0.1005, 2.4606, 0.3315
(1, 36): 0.5660, 0.1005, 2.4606, 0.3315
(1, 37): 0.4747, 0.1013, 2.7657, 0.2688
(2, 1): 0.6346, 0.1002, 2.0285, 0.2830
(2, 2): 0.6346, 0.1002, 2.0285, 0.2830
(2, 3): 0.4903, 0.1012, 2.5568, 0.3888
(2, 4): 0.4903, 0.1012, 2.5568, 0.3888
(2, 5): 0.5614, 0.1005, 2.1990, 0.2431
(2, 6): 0.5969, 0.1002, 2.2601, 0.3279
(2, 7): 0.5313, 0.1004, 2.3547, 0.3489
(2, 8): 0.5313, 0.1004, 2.3547, 0.3489
(2, 9): 0.6581, 0.1011, 1.9082, 0.2467
(2, 10): 0.3893, 0.1005, 3.0680, 0.2449
(2, 11): 0.3893, 0.1005, 3.0680, 0.2449
(2, 12): 0.5196, 0.1011, 2.6149, 0.2663
(2, 13): 0.4105, 0.1006, 3.0042, 0.2326
(2, 14): 0.5308, 0.1019, 2.3906, 0.2924
(2, 15): 0.5308, 0.1019, 2.3906, 0.2924
(2, 16): 0.5881, 0.1003, 2.2105, 0.2833
(2, 17): 0.5415, 0.1032, 2.3112, 0.3399
(2, 18): 0.5415, 0.1032, 2.3112, 0.3399
(2, 19): 0.5179, 0.1010, 2.4348, 0.3326
(2, 20): 0.6020, 0.1002, 2.3420, 0.3297
(2, 21): 0.6899, 0.1008, 2.1373, 0.2902
(2, 22): 0.6899, 0.1008, 2.1373, 0.2902
(2, 23): 0.7016, 0.1013, 2.2065, 0.3337
(2, 24): 0.4816, 0.1004, 3.1423, 0.3185
(2, 25): 0.4051, 0.1021, 3.3561, 0.2442
(2, 26): 0.4051, 0.1021, 3.3561, 0.2442
(2, 27): 0.5383, 0.1001, 2.7110, 0.2703
(2, 28): 0.4992, 0.1014, 2.8909, 0.2891
(2, 29): 0.4992, 0.1014, 2.8909, 0.2891
(2, 30): 0.4853, 0.1000, 2.1380, 0.2957
(2, 31): 0.4540, 0.1018, 2.2861, 0.1833
(2, 32): 0.6437, 0.1007, 1.8594, 0.3167
(2, 33): 0.6437, 0.1007, 1.8594, 0.3167
(2, 34): 0.5993, 0.1022, 2.1385, 0.2562
(2, 35): 0.5049, 0.1016, 2.8704, 0.2634
(2, 36): 0.5049, 0.1016, 2.8704, 0.2634
(2, 37): 0.4405, 0.1010, 3.2742, 0.3022
(3, 1): 0.6753, 0.1009, 1.9918, 0.3007
(3, 2): 0.6753, 0.1009, 1.9918, 0.3007
(3, 3): 0.5076, 0.1012, 2.5905, 0.2815
(3, 4): 0.5076, 0.1012, 2.5905, 0.2815
(3, 5): 0.5007, 0.1006, 2.4817, 0.2598
(3, 6): 0.5353, 0.1003, 2.2323, 0.3192
(3, 7): 0.5313, 0.1004, 2.3547, 0.3489
(3, 8): 0.5313, 0.1004, 2.3547, 0.3489
(3, 9): 0.6581, 0.1011, 1.9082, 0.2467
(3, 10): 0.3893, 0.1005, 3.0680, 0.2449
(3, 11): 0.3893, 0.1005, 3.0680, 0.2449
(3, 12): 0.5196, 0.1011, 2.6149, 0.2663
(3, 13): 0.4620, 0.1000, 2.7441, 0.3380
(3, 14): 0.5255, 0.1002, 2.5168, 0.2645
(3, 15): 0.5255, 0.1002, 2.5168, 0.2645
(3, 16): 0.5468, 0.1004, 2.2825, 0.3286
(3, 17): 0.5315, 0.1007, 2.5586, 0.2362
(3, 18): 0.5315, 0.1007, 2.5586, 0.2362
(3, 19): 0.6978, 0.1011, 1.9013, 0.3083
(3, 20): 0.5025, 0.1001, 2.7493, 0.3308
(3, 21): 0.6986, 0.1005, 2.1103, 0.3105
(3, 22): 0.6986, 0.1005, 2.1103, 0.3105
(3, 23): 0.7105, 0.1004, 1.9541, 0.3435
(3, 24): 0.7055, 0.1007, 2.2125, 0.3279
(3, 25): 0.7055, 0.1007, 2.2125, 0.3279
(3, 26): 0.6928, 0.1001, 2.1719, 0.3449
(3, 27): 0.2937, 0.1027, 3.5438, 0.3203
(3, 28): 0.5722, 0.1003, 2.2326, 0.3370
(3, 29): 0.5722, 0.1003, 2.2326, 0.3370
(3, 30): 0.4853, 0.1000, 2.1380, 0.2957
(3, 31): 0.4540, 0.1018, 2.2861, 0.1833
(3, 32): 0.6437, 0.1007, 1.8594, 0.3167
(3, 33): 0.6437, 0.1007, 1.8594, 0.3167
(3, 34): 0.5993, 0.1022, 2.1385, 0.2562
(3, 35): 0.5049, 0.1016, 2.8704, 0.2634
(3, 36): 0.5049, 0.1016, 2.8704, 0.2634
(3, 37): 0.4705, 0.1002, 3.2299, 0.2761
(4, 1): 0.6527, 0.1001, 1.8600, 0.3312
(4, 2): 0.6527, 0.1001, 1.8600, 0.3312
(4, 3): 0.5076, 0.1012, 2.5905, 0.2815
(4, 4): 0.5076, 0.1012, 2.5905, 0.2815
(4, 5): 0.5007, 0.1006, 2.4817, 0.2598
(4, 6): 0.5353, 0.1003, 2.2323, 0.3192
(4, 7): 0.5979, 0.1000, 2.1083, 0.3138
(4, 8): 0.5979, 0.1000, 2.1083, 0.3138
(4, 9): 0.5017, 0.1004, 2.5096, 0.2279
(4, 10): 0.4821, 0.1007, 2.6113, 0.3558
(4, 11): 0.4821, 0.1007, 2.6113, 0.3558
(4, 12): 0.3563, 0.1020, 3.1742, 0.3736
(4, 13): 0.3911, 0.1005, 3.0483, 0.2576
(4, 14): 0.4508, 0.1002, 2.8154, 0.3703
(4, 15): 0.4508, 0.1002, 2.8154, 0.3703
(4, 16): 0.4176, 0.1006, 2.8425, 0.2399
(4, 17): 0.4626, 0.1011, 2.6973, 0.3279
(4, 18): 0.4626, 0.1011, 2.6973, 0.3279
(4, 19): 0.5840, 0.1006, 2.2091, 0.3018
(4, 20): 0.5139, 0.1011, 2.7296, 0.2688
(4, 21): 0.6865, 0.1005, 2.5882, 0.2714
(4, 22): 0.6865, 0.1005, 2.5882, 0.2714
(4, 23): 0.6237, 0.1013, 2.3842, 0.2601
(4, 24): 0.7076, 0.1016, 2.1890, 0.3413
(4, 25): 0.7076, 0.1016, 2.1890, 0.3413
(4, 26): 0.6981, 0.1000, 1.8641, 0.2591
(4, 27): 0.6126, 0.1016, 1.9697, 0.2746
(4, 28): 0.6378, 0.1003, 1.8889, 0.2790
(4, 29): 0.6378, 0.1003, 1.8889, 0.2790
(4, 30): 0.5504, 0.1010, 2.0236, 0.2971
(4, 31): 0.5730, 0.1010, 2.0797, 0.2870
(4, 32): 0.6129, 0.1003, 1.8797, 0.2583
(4, 33): 0.6129, 0.1003, 1.8797, 0.2583
(4, 34): 0.4597, 0.1016, 2.7679, 0.3174
(4, 35): 0.5582, 0.1004, 2.7124, 0.2493
(4, 36): 0.5582, 0.1004, 2.7124, 0.2493
(4, 37): 0.4705, 0.1002, 3.2299, 0.2761
(5, 1): 0.6527, 0.1001, 1.8600, 0.3312
(5, 2): 0.6527, 0.1001, 1.8600, 0.3312
(5, 3): 0.6080, 0.1006, 2.1875, 0.2630
(5, 4): 0.6080, 0.1006, 2.1875, 0.2630
(5, 5): 0.5246, 0.1003, 2.3673, 0.3029
(5, 6): 0.5573, 0.1029, 2.1059, 0.3141
(5, 7): 0.5965, 0.1004, 2.0278, 0.2909
(5, 8): 0.5965, 0.1004, 2.0278, 0.2909
(5, 9): 0.4433, 0.1003, 2.7085, 0.2518
(5, 10): 0.4941, 0.1016, 2.5093, 0.3471
(5, 11): 0.4941, 0.1016, 2.5093, 0.3471
(5, 12): 0.4638, 0.1014, 2.5797, 0.3337
(5, 13): 0.3822, 0.1006, 2.9816, 0.3167
(5, 14): 0.4030, 0.1006, 2.8753, 0.3058
(5, 15): 0.4030, 0.1006, 2.8753, 0.3058
(5, 16): 0.3312, 0.1022, 3.1429, 0.3772
(5, 17): 0.4133, 0.1009, 2.7932, 0.3170
(5, 18): 0.4133, 0.1009, 2.7932, 0.3170
(5, 19): 0.3695, 0.1015, 2.9841, 0.2793
(5, 20): 0.5593, 0.1021, 2.6901, 0.3199
(5, 21): 0.6560, 0.1001, 2.3791, 0.3272
(5, 22): 0.6560, 0.1001, 2.3791, 0.3272
(5, 23): 0.7521, 0.1004, 1.8516, 0.3076
(5, 24): 0.7386, 0.1006, 1.8775, 0.2924
(5, 25): 0.7386, 0.1006, 1.8775, 0.2924
(5, 26): 0.6558, 0.1002, 2.0087, 0.2960
(5, 27): 0.5951, 0.1002, 1.9565, 0.2489
(5, 28): 0.6466, 0.1016, 1.9300, 0.2964
(5, 29): 0.6466, 0.1016, 1.9300, 0.2964
(5, 30): 0.6680, 0.1007, 1.8517, 0.2957
(5, 31): 0.7100, 0.1011, 1.8034, 0.2725
(5, 32): 0.7100, 0.1011, 1.8034, 0.2725
(5, 33): 0.7511, 0.1006, 1.8345, 0.3207
(5, 34): 0.5376, 0.1003, 2.6508, 0.2870
(5, 35): 0.5381, 0.1005, 3.0484, 0.2888
(5, 36): 0.5381, 0.1005, 3.0484, 0.2888
(5, 37): 0.4106, 0.1005, 3.5382, 0.2931
(6, 1): 0.5577, 0.1010, 2.3175, 0.3087
(6, 2): 0.5577, 0.1010, 2.3175, 0.3087
(6, 3): 0.5621, 0.1001, 2.2187, 0.3304
(6, 4): 0.5621, 0.1001, 2.2187, 0.3304
(6, 5): 0.5287, 0.1000, 2.3409, 0.3283
(6, 6): 0.6078, 0.1002, 2.0840, 0.2656
(6, 7): 0.5391, 0.1013, 2.4919, 0.3562
(6, 8): 0.5391, 0.1013, 2.4919, 0.3562
(6, 9): 0.4808, 0.1001, 2.5956, 0.3098
(6, 10): 0.4415, 0.1010, 2.9092, 0.3018
(6, 11): 0.4415, 0.1010, 2.9092, 0.3018
(6, 12): 0.5156, 0.1001, 2.5200, 0.2830
(6, 13): 0.5284, 0.1010, 2.5065, 0.3482
(6, 14): 0.4154, 0.1008, 2.8428, 0.3109
(6, 15): 0.4154, 0.1008, 2.8428, 0.3109
(6, 16): 0.3879, 0.1023, 2.8028, 0.3366
(6, 17): 0.3647, 0.1011, 2.9087, 0.3591
(6, 18): 0.3647, 0.1011, 2.9087, 0.3591
(6, 19): 0.3769, 0.1018, 2.8402, 0.3196
(6, 20): 0.4211, 0.1002, 3.1769, 0.3091
(6, 21): 0.5030, 0.1001, 2.7823, 0.3011
(6, 22): 0.5030, 0.1001, 2.7823, 0.3011
(6, 23): 0.6006, 0.1001, 2.1420, 0.3018
(6, 24): 0.6019, 0.1002, 2.2596, 0.2707
(6, 25): 0.6019, 0.1002, 2.2596, 0.2707
(6, 26): 0.5894, 0.1003, 2.2587, 0.2786
(6, 27): 0.5654, 0.1001, 2.0618, 0.3236
(6, 28): 0.5046, 0.1010, 2.4634, 0.2652
(6, 29): 0.5046, 0.1010, 2.4634, 0.2652
(6, 30): 0.5549, 0.1005, 2.1509, 0.2848
(6, 31): 0.6055, 0.1004, 2.0986, 0.2341
(6, 32): 0.6055, 0.1004, 2.0986, 0.2341
(6, 33): 0.5191, 0.1006, 2.6229, 0.2507
(6, 34): 0.4940, 0.1000, 2.9396, 0.2199
(6, 35): 0.4582, 0.1044, 3.3860, 0.2975
(6, 36): 0.4582, 0.1044, 3.3860, 0.2975
(6, 37): 0.4833, 0.1004, 3.3617, 0.3384
(7, 1): 0.7051, 0.1003, 1.7336, 0.3301
(7, 2): 0.7051, 0.1003, 1.7336, 0.3301
(7, 3): 0.5918, 0.1008, 2.1387, 0.3475
(7, 4): 0.6624, 0.1001, 1.8567, 0.3167
(7, 5): 0.6624, 0.1001, 1.8567, 0.3167
(7, 6): 0.5549, 0.1014, 2.4827, 0.2707
(7, 7): 0.5343, 0.1020, 2.5329, 0.3221
(7, 8): 0.5343, 0.1020, 2.5329, 0.3221
(7, 9): 0.5788, 0.1026, 2.4715, 0.3359
(7, 10): 0.7220, 0.1003, 2.0292, 0.2935
(7, 11): 0.5798, 0.1005, 2.3843, 0.3145
(7, 12): 0.5798, 0.1005, 2.3843, 0.3145
(7, 13): 0.6403, 0.1017, 2.1950, 0.2793
(7, 14): 0.4671, 0.1016, 2.6323, 0.2866
(7, 15): 0.4671, 0.1016, 2.6323, 0.2866
(7, 16): 0.4325, 0.1001, 2.5782, 0.2815
(7, 17): 0.4065, 0.1019, 2.7641, 0.3181
(7, 18): 0.4065, 0.1019, 2.7641, 0.3181
(7, 19): 0.3860, 0.1009, 2.8072, 0.3145
(7, 20): 0.4626, 0.1024, 2.8318, 0.2873
(7, 21): 0.6364, 0.1022, 2.1688, 0.3554
(7, 22): 0.6364, 0.1022, 2.1688, 0.3554
(7, 23): 0.4169, 0.1002, 2.9307, 0.3145
(7, 24): 0.4842, 0.1010, 2.5576, 0.3214
(7, 25): 0.4842, 0.1010, 2.5576, 0.3214
(7, 26): 0.6634, 0.1005, 1.8976, 0.3373
(7, 27): 0.5405, 0.1001, 2.1895, 0.2489
(7, 28): 0.4596, 0.1017, 2.5183, 0.2170
(7, 29): 0.4596, 0.1017, 2.5183, 0.2170
(7, 30): 0.5399, 0.1013, 2.1311, 0.2496
(7, 31): 0.6545, 0.1012, 2.0063, 0.3087
(7, 32): 0.6545, 0.1012, 2.0063, 0.3087
(7, 33): 0.5600, 0.1000, 2.5268, 0.3359
(7, 34): 0.4957, 0.1006, 2.9475, 0.2330
(7, 35): 0.4271, 0.1005, 3.6275, 0.2587
(7, 36): 0.4271, 0.1005, 3.6275, 0.2587
(7, 37): 0.5131, 0.1009, 3.2117, 0.2554
(8, 1): 0.7075, 0.1021, 1.8295, 0.2870
(8, 2): 0.7075, 0.1021, 1.8295, 0.2870
(8, 3): 0.6381, 0.1038, 1.9876, 0.2895
(8, 4): 0.7038, 0.1008, 1.8547, 0.2859
(8, 5): 0.7038, 0.1008, 1.8547, 0.2859
(8, 6): 0.5306, 0.1003, 2.6129, 0.3899
(8, 7): 0.4906, 0.1001, 2.7957, 0.3315
(8, 8): 0.4906, 0.1001, 2.7957, 0.3315
(8, 9): 0.7101, 0.1002, 2.1982, 0.3170
(8, 10): 0.7286, 0.1076, 2.0265, 0.3072
(8, 11): 0.6563, 0.1014, 2.0269, 0.2826
(8, 12): 0.6563, 0.1014, 2.0269, 0.2826
(8, 13): 0.5747, 0.1018, 2.2801, 0.3058
(8, 14): 0.5371, 0.1019, 2.3130, 0.3243
(8, 15): 0.5371, 0.1019, 2.3130, 0.3243
(8, 16): 0.5306, 0.1018, 2.2841, 0.2645
(8, 17): 0.4277, 0.1004, 2.6238, 0.2772
(8, 18): 0.4277, 0.1004, 2.6238, 0.2772
(8, 19): 0.5217, 0.1017, 2.4082, 0.3091
(8, 20): 0.6098, 0.1002, 2.2413, 0.3112
(8, 21): 0.6128, 0.1005, 2.0985, 0.3207
(8, 22): 0.6128, 0.1005, 2.0985, 0.3207
(8, 23): 0.5110, 0.1003, 2.5208, 0.3308
(8, 24): 0.4513, 0.1015, 2.5266, 0.3058
(8, 25): 0.4513, 0.1015, 2.5266, 0.3058
(8, 26): 0.6408, 0.1015, 1.9253, 0.3232
(8, 27): 0.6031, 0.1033, 2.1105, 0.2717
(8, 28): 0.6287, 0.1004, 1.9710, 0.3232
(8, 29): 0.6287, 0.1004, 1.9710, 0.3232
(8, 30): 0.6390, 0.1012, 2.0211, 0.2699
(8, 31): 0.6805, 0.1004, 1.8499, 0.2978
(8, 32): 0.6805, 0.1004, 1.8499, 0.2978
(8, 33): 0.5849, 0.1004, 2.3347, 0.2732
(8, 34): 0.5177, 0.1023, 2.7476, 0.3025
(8, 35): 0.3996, 0.1008, 3.2895, 0.3217
(8, 36): 0.3996, 0.1008, 3.2895, 0.3217
(8, 37): 0.3453, 0.1002, 3.5268, 0.2710
(9, 1): 0.6815, 0.1006, 1.8796, 0.2641
(9, 2): 0.6815, 0.1006, 1.8796, 0.2641
(9, 3): 0.6635, 0.1014, 2.0535, 0.3685
(9, 4): 0.6631, 0.1001, 2.1799, 0.2924
(9, 5): 0.6631, 0.1001, 2.1799, 0.2924
(9, 6): 0.4348, 0.1010, 3.1370, 0.2743
(9, 7): 0.4708, 0.1025, 3.2203, 0.2797
(9, 8): 0.4708, 0.1025, 3.2203, 0.2797
(9, 9): 0.5618, 0.1007, 2.6361, 0.3188
(9, 10): 0.6572, 0.1020, 2.2612, 0.3058
(9, 11): 0.5453, 0.1006, 2.4646, 0.3199
(9, 12): 0.5453, 0.1006, 2.4646, 0.3199
(9, 13): 0.5573, 0.1003, 2.3259, 0.3004
(9, 14): 0.5936, 0.1005, 2.3094, 0.2841
(9, 15): 0.5936, 0.1005, 2.3094, 0.2841
(9, 16): 0.5659, 0.1008, 2.3797, 0.3540
(9, 17): 0.4199, 0.1003, 2.9242, 0.3243
(9, 18): 0.4199, 0.1003, 2.9242, 0.3243
(9, 19): 0.5857, 0.1005, 2.2187, 0.3518
(9, 20): 0.5717, 0.1003, 2.2662, 0.2761
(9, 21): 0.5987, 0.1012, 2.2241, 0.3507
(9, 22): 0.5987, 0.1012, 2.2241, 0.3507
(9, 23): 0.5422, 0.1020, 2.3406, 0.3518
(9, 24): 0.5202, 0.1004, 2.4905, 0.3301
(9, 25): 0.5202, 0.1004, 2.4905, 0.3301
(9, 26): 0.5430, 0.1012, 2.2411, 0.3163
(9, 27): 0.7100, 0.1002, 1.7668, 0.2790
(9, 28): 0.6488, 0.1008, 2.0127, 0.2960
(9, 29): 0.6488, 0.1008, 2.0127, 0.2960
(9, 30): 0.5453, 0.1002, 2.3207, 0.3612
(9, 31): 0.5605, 0.1007, 2.2022, 0.2634
(9, 32): 0.5605, 0.1007, 2.2022, 0.2634
(9, 33): 0.5765, 0.1001, 2.2731, 0.3210
(9, 34): 0.5663, 0.1008, 2.3841, 0.3366
(9, 35): 0.3878, 0.1007, 2.9896, 0.3355
(9, 36): 0.3878, 0.1007, 2.9896, 0.3355
(9, 37): 0.3773, 0.1001, 3.0618, 0.2993
(10, 1): 0.7170, 0.1001, 1.8089, 0.3482
(10, 2): 0.7170, 0.1001, 1.8089, 0.3482
(10, 3): 0.6888, 0.1014, 2.1046, 0.2558
(10, 4): 0.6054, 0.1006, 2.5011, 0.3670
(10, 5): 0.6054, 0.1006, 2.5011, 0.3670
(10, 6): 0.5143, 0.1014, 2.9137, 0.2609
(10, 7): 0.6007, 0.1029, 2.6617, 0.2822
(10, 8): 0.6007, 0.1029, 2.6617, 0.2822
(10, 9): 0.5169, 0.1010, 2.7782, 0.2909
(10, 10): 0.5856, 0.1001, 2.4151, 0.3159
(10, 11): 0.5213, 0.1010, 2.8746, 0.2862
(10, 12): 0.5213, 0.1010, 2.8746, 0.2862
(10, 13): 0.6210, 0.1011, 2.3007, 0.3138
(10, 14): 0.6252, 0.1011, 2.2986, 0.2783
(10, 15): 0.6252, 0.1011, 2.2986, 0.2783
(10, 16): 0.5197, 0.1000, 2.7571, 0.2743
(10, 17): 0.5754, 0.1009, 2.5408, 0.2935
(10, 18): 0.6052, 0.1002, 2.2557, 0.2580
(10, 19): 0.6052, 0.1002, 2.2557, 0.2580
(10, 20): 0.6493, 0.1005, 2.0999, 0.3612
(10, 21): 0.5743, 0.1002, 2.2608, 0.2822
(10, 22): 0.5743, 0.1002, 2.2608, 0.2822
(10, 23): 0.7314, 0.1020, 1.8182, 0.3438
(10, 24): 0.4990, 0.1005, 2.5137, 0.2851
(10, 25): 0.4990, 0.1005, 2.5137, 0.2851
(10, 26): 0.5701, 0.1001, 2.1616, 0.3185
(10, 27): 0.5546, 0.1011, 2.1518, 0.3630
(10, 28): 0.6340, 0.1014, 1.9289, 0.3076
(10, 29): 0.6340, 0.1014, 1.9289, 0.3076
(10, 30): 0.4241, 0.1010, 2.7490, 0.3308
(10, 31): 0.5826, 0.1004, 2.1486, 0.2685
(10, 32): 0.5826, 0.1004, 2.1486, 0.2685
(10, 33): 0.6398, 0.1003, 2.1422, 0.2873
(10, 34): 0.4996, 0.1003, 2.8163, 0.3562
(10, 35): 0.4341, 0.1008, 2.8486, 0.3025
(10, 36): 0.4341, 0.1008, 2.8486, 0.3025
(10, 37): 0.5126, 0.1021, 2.3698, 0.3330
(11, 1): 0.6487, 0.1007, 2.3543, 0.2725
(11, 2): 0.6487, 0.1007, 2.3543, 0.2725
(11, 3): 0.5672, 0.1011, 2.6980, 0.2880
(11, 4): 0.4925, 0.1019, 3.0902, 0.2178
(11, 5): 0.4925, 0.1019, 3.0902, 0.2178
(11, 6): 0.4866, 0.1002, 3.0911, 0.2830
(11, 7): 0.5556, 0.1014, 2.8492, 0.2192
(11, 8): 0.5556, 0.1014, 2.8492, 0.2192
(11, 9): 0.5677, 0.1002, 2.4322, 0.2391
(11, 10): 0.5973, 0.1003, 2.3748, 0.2812
(11, 11): 0.6221, 0.1036, 2.3423, 0.2601
(11, 12): 0.6221, 0.1036, 2.3423, 0.2601
(11, 13): 0.5454, 0.1004, 2.6874, 0.2333
(11, 14): 0.5279, 0.1023, 2.7408, 0.2783
(11, 15): 0.5279, 0.1023, 2.7408, 0.2783
(11, 16): 0.5929, 0.1024, 2.4746, 0.3370
(11, 17): 0.6183, 0.1016, 2.3604, 0.2924
(11, 18): 0.6099, 0.1008, 2.2627, 0.2540
(11, 19): 0.6099, 0.1008, 2.2627, 0.2540
(11, 20): 0.5529, 0.1005, 2.2619, 0.2906
(11, 21): 0.6263, 0.1006, 2.1493, 0.3315
(11, 22): 0.6263, 0.1006, 2.1493, 0.3315
(11, 23): 0.5579, 0.1008, 2.3015, 0.3076
(11, 24): 0.5727, 0.1002, 2.2884, 0.2880
(11, 25): 0.5727, 0.1002, 2.2884, 0.2880
(11, 26): 0.5535, 0.1002, 2.3464, 0.3000
(11, 27): 0.5415, 0.1004, 2.4027, 0.3391
(11, 28): 0.6650, 0.1001, 1.8539, 0.2547
(11, 29): 0.6650, 0.1001, 1.8539, 0.2547
(11, 30): 0.6171, 0.1000, 2.0332, 0.2928
(11, 31): 0.5466, 0.1010, 2.2906, 0.3605
(11, 32): 0.5466, 0.1010, 2.2906, 0.3605
(11, 33): 0.5937, 0.1015, 2.2265, 0.2587
(11, 34): 0.5356, 0.1001, 2.5380, 0.2837
(11, 35): 0.6266, 0.1001, 2.0843, 0.3210
(11, 36): 0.6266, 0.1001, 2.0843, 0.3210
(11, 37): 0.6007, 0.1011, 2.0982, 0.2964
(12, 1): 0.5600, 0.1005, 2.7853, 0.2351
(12, 2): 0.5600, 0.1005, 2.7853, 0.2351
(12, 3): 0.5062, 0.1003, 2.9662, 0.2377
(12, 4): 0.5467, 0.1007, 2.7706, 0.2736
(12, 5): 0.5467, 0.1007, 2.7706, 0.2736
(12, 6): 0.5280, 0.1012, 2.8648, 0.2486
(12, 7): 0.5722, 0.1021, 2.5920, 0.2572
(12, 8): 0.5722, 0.1021, 2.5920, 0.2572
(12, 9): 0.5448, 0.1006, 2.5427, 0.2779
(12, 10): 0.5726, 0.1010, 2.5894, 0.2692
(12, 11): 0.6078, 0.1003, 2.5096, 0.2833
(12, 12): 0.6078, 0.1003, 2.5096, 0.2833
(12, 13): 0.5951, 0.1018, 2.4846, 0.3192
(12, 14): 0.4965, 0.1013, 2.7680, 0.3033
(12, 15): 0.4965, 0.1013, 2.7680, 0.3033
(12, 16): 0.4186, 0.1036, 3.0180, 0.2743
(12, 17): 0.4881, 0.1013, 2.9570, 0.2576
(12, 18): 0.6551, 0.1005, 2.1465, 0.3018
(12, 19): 0.6551, 0.1005, 2.1465, 0.3018
(12, 20): 0.6812, 0.1006, 2.0298, 0.3123
(12, 21): 0.6634, 0.1008, 2.1405, 0.2960
(12, 22): 0.6634, 0.1008, 2.1405, 0.2960
(12, 23): 0.5201, 0.1000, 2.5156, 0.2438
(12, 24): 0.6525, 0.1005, 2.1183, 0.3431
(12, 25): 0.6525, 0.1005, 2.1183, 0.3431
(12, 26): 0.6049, 0.1001, 2.2212, 0.2873
(12, 27): 0.6614, 0.1032, 1.9977, 0.2337
(12, 28): 0.5163, 0.1017, 2.3081, 0.2601
(12, 29): 0.5163, 0.1017, 2.3081, 0.2601
(12, 30): 0.7220, 0.1001, 1.7390, 0.3333
(12, 31): 0.6179, 0.1002, 2.0229, 0.2851
(12, 32): 0.6179, 0.1002, 2.0229, 0.2851
(12, 33): 0.5770, 0.1001, 2.2308, 0.2725
(12, 34): 0.6358, 0.1002, 1.9702, 0.2649
(12, 35): 0.6358, 0.1002, 1.9702, 0.2649
(12, 36): 0.6188, 0.1001, 2.0661, 0.2975
(12, 37): 0.6181, 0.1005, 2.0629, 0.3214
(13, 1): 0.5221, 0.1061, 2.9797, 0.3214
(13, 2): 0.5221, 0.1061, 2.9797, 0.3214
(13, 3): 0.5907, 0.1017, 2.6447, 0.2431
(13, 4): 0.5733, 0.1007, 2.6682, 0.3007
(13, 5): 0.5733, 0.1007, 2.6682, 0.3007
(13, 6): 0.5569, 0.1003, 2.7133, 0.2257
(13, 7): 0.7483, 0.1000, 2.0305, 0.2855
(13, 8): 0.7483, 0.1000, 2.0305, 0.2855
(13, 9): 0.7414, 0.1026, 2.0631, 0.2895
(13, 10): 0.7681, 0.1006, 2.0422, 0.3351
(13, 11): 0.6749, 0.1006, 2.1546, 0.2949
(13, 12): 0.6749, 0.1006, 2.1546, 0.2949
(13, 13): 0.5951, 0.1018, 2.4846, 0.3192
(13, 14): 0.4965, 0.1013, 2.7680, 0.3033
(13, 15): 0.4965, 0.1013, 2.7680, 0.3033
(13, 16): 0.4186, 0.1036, 3.0180, 0.2743
(13, 17): 0.4881, 0.1013, 2.9570, 0.2576
(13, 18): 0.6551, 0.1005, 2.1465, 0.3018
(13, 19): 0.6551, 0.1005, 2.1465, 0.3018
(13, 20): 0.6812, 0.1006, 2.0298, 0.3123
(13, 21): 0.6634, 0.1008, 2.1405, 0.2960
(13, 22): 0.6634, 0.1008, 2.1405, 0.2960
(13, 23): 0.5201, 0.1000, 2.5156, 0.2438
(13, 24): 0.6525, 0.1005, 2.1183, 0.3431
(13, 25): 0.6525, 0.1005, 2.1183, 0.3431
(13, 26): 0.6049, 0.1001, 2.2212, 0.2873
(13, 27): 0.6614, 0.1032, 1.9977, 0.2337
(13, 28): 0.5163, 0.1017, 2.3081, 0.2601
(13, 29): 0.5163, 0.1017, 2.3081, 0.2601
(13, 30): 0.7220, 0.1001, 1.7390, 0.3333
(13, 31): 0.6059, 0.1000, 2.0662, 0.2475
(13, 32): 0.6059, 0.1000, 2.0662, 0.2475
(13, 33): 0.6852, 0.1028, 1.9352, 0.3366
(13, 34): 0.6007, 0.1000, 2.0866, 0.2866
(13, 35): 0.6007, 0.1000, 2.0866, 0.2866
(13, 36): 0.3554, 0.1007, 2.8738, 0.2707
(13, 37): 0.5160, 0.1001, 2.2357, 0.2768
(14, 1): 0.5859, 0.1018, 2.7481, 0.2428
(14, 2): 0.5859, 0.1018, 2.7481, 0.2428
(14, 3): 0.5830, 0.1002, 2.6591, 0.2967
(14, 4): 0.5482, 0.1040, 2.7711, 0.2518
(14, 5): 0.5482, 0.1040, 2.7711, 0.2518
(14, 6): 0.6798, 0.1002, 2.2105, 0.2475
(14, 7): 0.7483, 0.1000, 2.0305, 0.2855
(14, 8): 0.7414, 0.1026, 2.0631, 0.2895
(14, 9): 0.7414, 0.1026, 2.0631, 0.2895
(14, 10): 0.7681, 0.1006, 2.0422, 0.3351
(14, 11): 0.6749, 0.1006, 2.1546, 0.2949
(14, 12): 0.6749, 0.1006, 2.1546, 0.2949
(14, 13): 0.7256, 0.1004, 1.9933, 0.2931
(14, 14): 0.6262, 0.1000, 2.4288, 0.2717
(14, 15): 0.6262, 0.1000, 2.4288, 0.2717
(14, 16): 0.5915, 0.1001, 2.4854, 0.3482
(14, 17): 0.4955, 0.1011, 2.8499, 0.3203
(14, 18): 0.4595, 0.1003, 2.8741, 0.3326
(14, 19): 0.4595, 0.1003, 2.8741, 0.3326
(14, 20): 0.5323, 0.1023, 2.5588, 0.2620
(14, 21): 0.6305, 0.1000, 2.0889, 0.3460
(14, 22): 0.6305, 0.1000, 2.0889, 0.3460
(14, 23): 0.6175, 0.1006, 2.1521, 0.2899
(14, 24): 0.5026, 0.1002, 2.7135, 0.3620
(14, 25): 0.5026, 0.1002, 2.7135, 0.3620
(14, 26): 0.6016, 0.1001, 2.0432, 0.2833
(14, 27): 0.5493, 0.1001, 2.2212, 0.3185
(14, 28): 0.5306, 0.1002, 2.4626, 0.2620
(14, 29): 0.5306, 0.1002, 2.4626, 0.2620
(14, 30): 0.4456, 0.1013, 2.6266, 0.2623
(14, 31): 0.6059, 0.1000, 2.0662, 0.2475
(14, 32): 0.6059, 0.1000, 2.0662, 0.2475
(14, 33): 0.6852, 0.1028, 1.9352, 0.3366
(14, 34): 0.6007, 0.1000, 2.0866, 0.2866
(14, 35): 0.6007, 0.1000, 2.0866, 0.2866
(14, 36): 0.3554, 0.1007, 2.8738, 0.2707
(14, 37): 0.3689, 0.1020, 2.8715, 0.3239
(15, 1): 0.6184, 0.1004, 2.5816, 0.2547
(15, 2): 0.6184, 0.1004, 2.5816, 0.2547
(15, 3): 0.5830, 0.1002, 2.6591, 0.2967
(15, 4): 0.5482, 0.1040, 2.7711, 0.2518
(15, 5): 0.5482, 0.1040, 2.7711, 0.2518
(15, 6): 0.6798, 0.1002, 2.2105, 0.2475
(15, 7): 0.7242, 0.1012, 2.0909, 0.3217
(15, 8): 0.6854, 0.1013, 2.2337, 0.2830
(15, 9): 0.6854, 0.1013, 2.2337, 0.2830
(15, 10): 0.6212, 0.1010, 2.5980, 0.2837
(15, 11): 0.6764, 0.1004, 2.3800, 0.3181
(15, 12): 0.6764, 0.1004, 2.3800, 0.3181
(15, 13): 0.5904, 0.1007, 2.7344, 0.2870
(15, 14): 0.6110, 0.1009, 2.5247, 0.2833
(15, 15): 0.6110, 0.1009, 2.5247, 0.2833
(15, 16): 0.4561, 0.1001, 3.0304, 0.3612
(15, 17): 0.5686, 0.1015, 2.6634, 0.3098
(15, 18): 0.4908, 0.1011, 2.7879, 0.2591
(15, 19): 0.4908, 0.1011, 2.7879, 0.2591
(15, 20): 0.6054, 0.1000, 2.3962, 0.3246
(15, 21): 0.6686, 0.1005, 2.1883, 0.3246
(15, 22): 0.6686, 0.1005, 2.1883, 0.3246
(15, 23): 0.5196, 0.1005, 2.7892, 0.3286
(15, 24): 0.5488, 0.1007, 2.4597, 0.3159
(15, 25): 0.5488, 0.1007, 2.4597, 0.3159
(15, 26): 0.3821, 0.1003, 3.1078, 0.2518
(15, 27): 0.5062, 0.1008, 2.4344, 0.2859
(15, 28): 0.4430, 0.1010, 2.8851, 0.3435
(15, 29): 0.4430, 0.1010, 2.8851, 0.3435
(15, 30): 0.7543, 0.1018, 1.7890, 0.2406
(15, 31): 0.5613, 0.1006, 2.3566, 0.2739
(15, 32): 0.5613, 0.1006, 2.3566, 0.2739
(15, 33): 0.5950, 0.1026, 2.1322, 0.2899
(15, 34): 0.5776, 0.1001, 2.2552, 0.3500
(15, 35): 0.5776, 0.1001, 2.2552, 0.3500
(15, 36): 0.6569, 0.1003, 1.9456, 0.3134
(15, 37): 0.3689, 0.1020, 2.8715, 0.3239
(16, 1): 0.6184, 0.1004, 2.5816, 0.2547
(16, 2): 0.6184, 0.1004, 2.5816, 0.2547
(16, 3): 0.5767, 0.1018, 2.6544, 0.3080
(16, 4): 0.7306, 0.1002, 2.0907, 0.2428
(16, 5): 0.7306, 0.1002, 2.0907, 0.2428
(16, 6): 0.6593, 0.1012, 2.3334, 0.2714
(16, 7): 0.6830, 0.1000, 2.2980, 0.2754
(16, 8): 0.6838, 0.1000, 2.3669, 0.3261
(16, 9): 0.6838, 0.1000, 2.3669, 0.3261
(16, 10): 0.6535, 0.1000, 2.4819, 0.3420
(16, 11): 0.7990, 0.1005, 1.9015, 0.2877
(16, 12): 0.7990, 0.1005, 1.9015, 0.2877
(16, 13): 0.6556, 0.1017, 2.4106, 0.3275
(16, 14): 0.6781, 0.1005, 2.3531, 0.3362
(16, 15): 0.6781, 0.1005, 2.3531, 0.3362
(16, 16): 0.6586, 0.1006, 2.2790, 0.3123
(16, 17): 0.4971, 0.1008, 2.8868, 0.3525
(16, 18): 0.4984, 0.1008, 2.9523, 0.3167
(16, 19): 0.4984, 0.1008, 2.9523, 0.3167
(16, 20): 0.6056, 0.1011, 2.4889, 0.3373
(16, 21): 0.6188, 0.1014, 2.3340, 0.3025
(16, 22): 0.6188, 0.1014, 2.3340, 0.3025
(16, 23): 0.5633, 0.1010, 2.5998, 0.2768
(16, 24): 0.4863, 0.1004, 2.8903, 0.3254
(16, 25): 0.4863, 0.1004, 2.8903, 0.3254
(16, 26): 0.4661, 0.1012, 2.7453, 0.3167
(16, 27): 0.4108, 0.1006, 2.8687, 0.2558
(16, 28): 0.4399, 0.1004, 2.8068, 0.2870
(16, 29): 0.4399, 0.1004, 2.8068, 0.2870
(16, 30): 0.4524, 0.1004, 2.7476, 0.2540
(16, 31): 0.5459, 0.1001, 2.4040, 0.2833
(16, 32): 0.5459, 0.1001, 2.4040, 0.2833
(16, 33): 0.5546, 0.1006, 2.3011, 0.2772
(16, 34): 0.6373, 0.1008, 2.0601, 0.2819
(16, 35): 0.6373, 0.1008, 2.0601, 0.2819
(16, 36): 0.5598, 0.1006, 2.2158, 0.3326
(16, 37): 0.6745, 0.1006, 1.9284, 0.3507
(17, 1): 0.6483, 0.1026, 2.4520, 0.2826
(17, 2): 0.6483, 0.1026, 2.4520, 0.2826
(17, 3): 0.7199, 0.1018, 2.1248, 0.2670
(17, 4): 0.6955, 0.1019, 2.2256, 0.2612
(17, 5): 0.6955, 0.1019, 2.2256, 0.2612
(17, 6): 0.5878, 0.1008, 2.7295, 0.3377
(17, 7): 0.6625, 0.1028, 2.4579, 0.3370
(17, 8): 0.8368, 0.1003, 1.8471, 0.2851
(17, 9): 0.8368, 0.1003, 1.8471, 0.2851
(17, 10): 0.8335, 0.1001, 1.8259, 0.3083
(17, 11): 0.7496, 0.1001, 1.9870, 0.3232
(17, 12): 0.7496, 0.1001, 1.9870, 0.3232
(17, 13): 0.7439, 0.1014, 2.0884, 0.3192
(17, 14): 0.7866, 0.1003, 1.9408, 0.2583
(17, 15): 0.7866, 0.1003, 1.9408, 0.2583
(17, 16): 0.6617, 0.1005, 2.2667, 0.2659
(17, 17): 0.6408, 0.1002, 2.3664, 0.2518
(17, 18): 0.6171, 0.1010, 2.3782, 0.2707
(17, 19): 0.6171, 0.1010, 2.3782, 0.2707
(17, 20): 0.5651, 0.1004, 2.5956, 0.2920
(17, 21): 0.5122, 0.1005, 2.7264, 0.3496
(17, 22): 0.5122, 0.1005, 2.7264, 0.3496
(17, 23): 0.4062, 0.1001, 3.1035, 0.3406
(17, 24): 0.5120, 0.1003, 2.7396, 0.3178
(17, 25): 0.5120, 0.1003, 2.7396, 0.3178
(17, 26): 0.4167, 0.1001, 3.0905, 0.3424
(17, 27): 0.4130, 0.1001, 2.8870, 0.3120
(17, 28): 0.4311, 0.1001, 2.8686, 0.2830
(17, 29): 0.4311, 0.1001, 2.8686, 0.2830
(17, 30): 0.4453, 0.1010, 2.7253, 0.3018
(17, 31): 0.5471, 0.1022, 2.3666, 0.2674
(17, 32): 0.5471, 0.1022, 2.3666, 0.2674
(17, 33): 0.6283, 0.1012, 2.1248, 0.2377
(17, 34): 0.5236, 0.1003, 2.3806, 0.2685
(17, 35): 0.5236, 0.1003, 2.3806, 0.2685
(17, 36): 0.6576, 0.1003, 1.8455, 0.2764
(17, 37): 0.6531, 0.1002, 1.8295, 0.2725
(18, 1): 0.6830, 0.1029, 2.0719, 0.2989
(18, 2): 0.6830, 0.1029, 2.0719, 0.2989
(18, 3): 0.7223, 0.1005, 2.1195, 0.2721
(18, 4): 0.6481, 0.1028, 2.4926, 0.3308
(18, 5): 0.7493, 0.1003, 2.1200, 0.3040
(18, 6): 0.7493, 0.1003, 2.1200, 0.3040
(18, 7): 0.7620, 0.1033, 1.9828, 0.3065
(18, 8): 0.8139, 0.1007, 1.8641, 0.3051
(18, 9): 0.8139, 0.1007, 1.8641, 0.3051
(18, 10): 0.7418, 0.1012, 2.0263, 0.2754
(18, 11): 0.7592, 0.1022, 2.0002, 0.2851
(18, 12): 0.7592, 0.1022, 2.0002, 0.2851
(18, 13): 0.7686, 0.1004, 2.0211, 0.3667
(18, 14): 0.8513, 0.1003, 1.7347, 0.3145
(18, 15): 0.8513, 0.1003, 1.7347, 0.3145
(18, 16): 0.7239, 0.1003, 2.1897, 0.2322
(18, 17): 0.5562, 0.1008, 2.7341, 0.2225
(18, 18): 0.5666, 0.1003, 2.5338, 0.2822
(18, 19): 0.5666, 0.1003, 2.5338, 0.2822
(18, 20): 0.5171, 0.1008, 2.8438, 0.2493
(18, 21): 0.3864, 0.1003, 3.4164, 0.2710
(18, 22): 0.3864, 0.1003, 3.4164, 0.2710
(18, 23): 0.2940, 0.1013, 3.7592, 0.2826
(18, 24): 0.4223, 0.1003, 3.1970, 0.3018
(18, 25): 0.4223, 0.1003, 3.1970, 0.3018
(18, 26): 0.3878, 0.1007, 3.4117, 0.3293
(18, 27): 0.3939, 0.1022, 3.0001, 0.3236
(18, 28): 0.3939, 0.1022, 3.0001, 0.3236
(18, 29): 0.3054, 0.1022, 3.4616, 0.2920
(18, 30): 0.4732, 0.1007, 2.6743, 0.2946
(18, 31): 0.6030, 0.1005, 2.2229, 0.2971
(18, 32): 0.6030, 0.1005, 2.2229, 0.2971
(18, 33): 0.6506, 0.1002, 2.0465, 0.2986
(18, 34): 0.6418, 0.1009, 1.9066, 0.3091
(18, 35): 0.6418, 0.1009, 1.9066, 0.3091
(18, 36): 0.6478, 0.1004, 1.9381, 0.2598
(18, 37): 0.5943, 0.1005, 2.1247, 0.1931
(19, 1): 0.3670, 0.1015, 2.1032, 0.2627
(19, 2): 0.3670, 0.1015, 2.1032, 0.2627
(19, 3): 0.8336, 0.1006, 1.9268, 0.3040
(19, 4): 0.8711, 0.1028, 1.7776, 0.2837
(19, 5): 0.7701, 0.1004, 1.9835, 0.3069
(19, 6): 0.7701, 0.1004, 1.9835, 0.3069
(19, 7): 0.6933, 0.1003, 2.1301, 0.2471
(19, 8): 0.7689, 0.1000, 2.0016, 0.2717
(19, 9): 0.7689, 0.1000, 2.0016, 0.2717
(19, 10): 0.8177, 0.1027, 1.9773, 0.2620
(19, 11): 0.8310, 0.1004, 1.7575, 0.3293
(19, 12): 0.8310, 0.1004, 1.7575, 0.3293
(19, 13): 0.7816, 0.1011, 1.8484, 0.3453
(19, 14): 0.7478, 0.1001, 2.1039, 0.2866
(19, 15): 0.7478, 0.1001, 2.1039, 0.2866
(19, 16): 0.6618, 0.1017, 2.4791, 0.2627
(19, 17): 0.5218, 0.1005, 2.7832, 0.2221
(19, 18): 0.5362, 0.1007, 2.7784, 0.3500
(19, 19): 0.5362, 0.1007, 2.7784, 0.3500
(19, 20): 0.5991, 0.1005, 2.3245, 0.2192
(19, 21): 0.3509, 0.1013, 3.9537, 0.1681
(19, 22): 0.3509, 0.1013, 3.9537, 0.1681
(19, 23): 0.4767, 0.1001, 3.1962, 0.2402
(19, 24): 0.4859, 0.1000, 3.0720, 0.2641
(19, 25): 0.4859, 0.1000, 3.0720, 0.2641
(19, 26): 0.4310, 0.1003, 3.2523, 0.2391
(19, 27): 0.4024, 0.1002, 3.1867, 0.3156
(19, 28): 0.4024, 0.1002, 3.1867, 0.3156
(19, 29): 0.6088, 0.1000, 2.2372, 0.3123
(19, 30): 0.5878, 0.1005, 2.2720, 0.3268
(19, 31): 0.4258, 0.1017, 2.8868, 0.2641
(19, 32): 0.4258, 0.1017, 2.8868, 0.2641
(19, 33): 0.6937, 0.1019, 1.8809, 0.2931
(19, 34): 0.5986, 0.1009, 2.0651, 0.3221
(19, 35): 0.5986, 0.1009, 2.0651, 0.3221
(19, 36): 0.6396, 0.1016, 2.0471, 0.3424
(19, 37): 0.5955, 0.1002, 2.1138, 0.3377
(20, 1): 0.4587, 0.1009, 1.9567, 0.2638
(20, 2): 0.4587, 0.1009, 1.9567, 0.2638
(20, 3): 0.7425, 0.1030, 1.9543, 0.2688
(20, 4): 0.7571, 0.1003, 1.9821, 0.2819
(20, 5): 0.6304, 0.1021, 2.3373, 0.2192
(20, 6): 0.6304, 0.1021, 2.3373, 0.2192
(20, 7): 0.6728, 0.1025, 2.3158, 0.3221
(20, 8): 0.7796, 0.1010, 1.9653, 0.3301
(20, 9): 0.7796, 0.1010, 1.9653, 0.3301
(20, 10): 0.7920, 0.1006, 1.9071, 0.2790
(20, 11): 0.7846, 0.1001, 1.9634, 0.3123
(20, 12): 0.7846, 0.1001, 1.9634, 0.3123
(20, 13): 0.7382, 0.1008, 2.0827, 0.2975
(20, 14): 0.6011, 0.1019, 2.6769, 0.2279
(20, 15): 0.6011, 0.1019, 2.6769, 0.2279
(20, 16): 0.5803, 0.1005, 2.6102, 0.2283
(20, 17): 0.5498, 0.1003, 2.7809, 0.3036
(20, 18): 0.5291, 0.1001, 2.5633, 0.3072
(20, 19): 0.5291, 0.1001, 2.5633, 0.3072
(20, 20): 0.6534, 0.1013, 2.0824, 0.2710
(20, 21): 0.4217, 0.1002, 3.3236, 0.2214
(20, 22): 0.4217, 0.1002, 3.3236, 0.2214
(20, 23): 0.4911, 0.1001, 3.0994, 0.2580
(20, 24): 0.5148, 0.1003, 2.7845, 0.2043
(20, 25): 0.5148, 0.1003, 2.7845, 0.2043
(20, 26): 0.4722, 0.1004, 2.9349, 0.2801
(20, 27): 0.3639, 0.1003, 3.6089, 0.2630
(20, 28): 0.3639, 0.1003, 3.6089, 0.2630
(20, 29): 0.5705, 0.1008, 2.5922, 0.2841
(20, 30): 0.4979, 0.1008, 2.6835, 0.3065
(20, 31): 0.4831, 0.1001, 2.5186, 0.3322
(20, 32): 0.4831, 0.1001, 2.5186, 0.3322
(20, 33): 0.5428, 0.1002, 2.3792, 0.3315
(20, 34): 0.4678, 0.1001, 2.4892, 0.3040
(20, 35): 0.4678, 0.1001, 2.4892, 0.3040
(20, 36): 0.5917, 0.1013, 2.0679, 0.3366
(20, 37): 0.5082, 0.1002, 2.3356, 0.2569
(21, 1): 0.4543, 0.1013, 1.8655, 0.2880
(21, 2): 0.5676, 0.1024, 2.1849, 0.2703
(21, 3): 0.5676, 0.1024, 2.1849, 0.2703
(21, 4): 0.6716, 0.1031, 2.2525, 0.2993
(21, 5): 0.6740, 0.1016, 2.0732, 0.3304
(21, 6): 0.6740, 0.1016, 2.0732, 0.3304
(21, 7): 0.7183, 0.1007, 2.0277, 0.3080
(21, 8): 0.7195, 0.1013, 1.9525, 0.2873
(21, 9): 0.7195, 0.1013, 1.9525, 0.2873
(21, 10): 0.6827, 0.1014, 2.0483, 0.3007
(21, 11): 0.6672, 0.1003, 2.1721, 0.2630
(21, 12): 0.6672, 0.1003, 2.1721, 0.2630
(21, 13): 0.6927, 0.1006, 2.0734, 0.2681
(21, 14): 0.6975, 0.1011, 2.0153, 0.3170
(21, 15): 0.6975, 0.1011, 2.0153, 0.3170
(21, 16): 0.6775, 0.1003, 2.1033, 0.3293
(21, 17): 0.6350, 0.1033, 2.3129, 0.2826
(21, 18): 0.6862, 0.1014, 2.1028, 0.2804
(21, 19): 0.6862, 0.1014, 2.1028, 0.2804
(21, 20): 0.6845, 0.1004, 2.0973, 0.3417
(21, 21): 0.4930, 0.1009, 2.8559, 0.2504
(21, 22): 0.4930, 0.1009, 2.8559, 0.2504
(21, 23): 0.4963, 0.1012, 3.0143, 0.2145
(21, 24): 0.5517, 0.1007, 2.7333, 0.2424
(21, 25): 0.5517, 0.1007, 2.7333, 0.2424
(21, 26): 0.4568, 0.1001, 3.1476, 0.2471
(21, 27): 0.5192, 0.1002, 2.9382, 0.2967
(21, 28): 0.5192, 0.1002, 2.9382, 0.2967
(21, 29): 0.4950, 0.1010, 3.0259, 0.2409
(21, 30): 0.4489, 0.1004, 2.8704, 0.2058
(21, 31): 0.3889, 0.1002, 3.0231, 0.2924
(21, 32): 0.3889, 0.1002, 3.0231, 0.2924
(21, 33): 0.4927, 0.1005, 2.4769, 0.2888
(21, 34): 0.4440, 0.1004, 2.6433, 0.3373
(21, 35): 0.4440, 0.1004, 2.6433, 0.3373
(21, 36): 0.4788, 0.1006, 2.4104, 0.2989
(21, 37): 0.5748, 0.1017, 1.9949, 0.3043
(22, 1): 0.4735, 0.1002, 1.7966, 0.2714
(22, 2): 0.4968, 0.1007, 1.8831, 0.2855
(22, 3): 0.4968, 0.1007, 1.8831, 0.2855
(22, 4): 0.6780, 0.1028, 2.0893, 0.2993
(22, 5): 0.6492, 0.1001, 2.0809, 0.2627
(22, 6): 0.6492, 0.1001, 2.0809, 0.2627
(22, 7): 0.6925, 0.1004, 1.9960, 0.2808
(22, 8): 0.6580, 0.1022, 2.1224, 0.2659
(22, 9): 0.6580, 0.1022, 2.1224, 0.2659
(22, 10): 0.6603, 0.1007, 2.1036, 0.2580
(22, 11): 0.6740, 0.1011, 2.0890, 0.2978
(22, 12): 0.6740, 0.1011, 2.0890, 0.2978
(22, 13): 0.6517, 0.1002, 2.1144, 0.2464
(22, 14): 0.6842, 0.1002, 2.0042, 0.2732
(22, 15): 0.6668, 0.1013, 2.1312, 0.3221
(22, 16): 0.6668, 0.1013, 2.1312, 0.3221
(22, 17): 0.6576, 0.1002, 2.2564, 0.3225
(22, 18): 0.6893, 0.1002, 1.9567, 0.2743
(22, 19): 0.6893, 0.1002, 1.9567, 0.2743
(22, 20): 0.6189, 0.1004, 2.2884, 0.2315
(22, 21): 0.5486, 0.1010, 2.7103, 0.3217
(22, 22): 0.5486, 0.1010, 2.7103, 0.3217
(22, 23): 0.5288, 0.1002, 2.6827, 0.2279
(22, 24): 0.6006, 0.1003, 2.6064, 0.2717
(22, 25): 0.6006, 0.1003, 2.6064, 0.2717
(22, 26): 0.6047, 0.1006, 2.6374, 0.2366
(22, 27): 0.5118, 0.1004, 2.9373, 0.2141
(22, 28): 0.5118, 0.1004, 2.9373, 0.2141
(22, 29): 0.5418, 0.1012, 2.6141, 0.2605
(22, 30): 0.5722, 0.1006, 2.3091, 0.2551
(22, 31): 0.4479, 0.1004, 2.8302, 0.2362
(22, 32): 0.4479, 0.1004, 2.8302, 0.2362
(22, 33): 0.3698, 0.1012, 3.1541, 0.2801
(22, 34): 0.3520, 0.1000, 3.1557, 0.2902
(22, 35): 0.3520, 0.1000, 3.1557, 0.2902
(22, 36): 0.5656, 0.1001, 2.2468, 0.2696
(22, 37): 0.5963, 0.1010, 2.0773, 0.3406
(23, 1): 0.4953, 0.1022, 1.7652, 0.2210
(23, 2): 0.5104, 0.1006, 1.6601, 0.2188
(23, 3): 0.5104, 0.1006, 1.6601, 0.2188
(23, 4): 0.6550, 0.1014, 2.0387, 0.2435
(23, 5): 0.6757, 0.1008, 1.9957, 0.2344
(23, 6): 0.6757, 0.1008, 1.9957, 0.2344
(23, 7): 0.7036, 0.1006, 1.9758, 0.2181
(23, 8): 0.6553, 0.1000, 2.1225, 0.2511
(23, 9): 0.6553, 0.1000, 2.1225, 0.2511
(23, 10): 0.6397, 0.1005, 2.1549, 0.2529
(23, 11): 0.6660, 0.1003, 2.1462, 0.2482
(23, 12): 0.6660, 0.1003, 2.1462, 0.2482
(23, 13): 0.7246, 0.1003, 1.9719, 0.3101
(23, 14): 0.6997, 0.1004, 2.0053, 0.3243
(23, 15): 0.6973, 0.1018, 1.9851, 0.2373
(23, 16): 0.6973, 0.1018, 1.9851, 0.2373
(23, 17): 0.7524, 0.1003, 1.9543, 0.2764
(23, 18): 0.6015, 0.1016, 2.4952, 0.2960
(23, 19): 0.6015, 0.1016, 2.4952, 0.2960
(23, 20): 0.6441, 0.1031, 2.1455, 0.2587
(23, 21): 0.5560, 0.1002, 2.7472, 0.2395
(23, 22): 0.5560, 0.1002, 2.7472, 0.2395
(23, 23): 0.4925, 0.1002, 3.0663, 0.3120
(23, 24): 0.4530, 0.1001, 3.2242, 0.3239
(23, 25): 0.4530, 0.1001, 3.2242, 0.3239
(23, 26): 0.6146, 0.1004, 2.5480, 0.2884
(23, 27): 0.5584, 0.1010, 2.8087, 0.2931
(23, 28): 0.5584, 0.1010, 2.8087, 0.2931
(23, 29): 0.5722, 0.1000, 2.5256, 0.2036
(23, 30): 0.4339, 0.1008, 2.9126, 0.2667
(23, 31): 0.6261, 0.1006, 2.2619, 0.2453
(23, 32): 0.6261, 0.1006, 2.2619, 0.2453
(23, 33): 0.5131, 0.1007, 2.5753, 0.2496
(23, 34): 0.4967, 0.1005, 2.5213, 0.2551
(23, 35): 0.4967, 0.1005, 2.5213, 0.2551
(23, 36): 0.5153, 0.1003, 2.3754, 0.3286
(23, 37): 0.5093, 0.1000, 2.3000, 0.2739
(24, 1): 0.4864, 0.1004, 1.7652, 0.2304
(24, 2): 0.4859, 0.1009, 1.7467, 0.2359
(24, 3): 0.4859, 0.1009, 1.7467, 0.2359
(24, 4): 0.6601, 0.1003, 2.0853, 0.2232
(24, 5): 0.6011, 0.1003, 2.2393, 0.2391
(24, 6): 0.6011, 0.1003, 2.2393, 0.2391
(24, 7): 0.5785, 0.1006, 2.3665, 0.2290
(24, 8): 0.5211, 0.1008, 2.5881, 0.2391
(24, 9): 0.5211, 0.1008, 2.5881, 0.2391
(24, 10): 0.4944, 0.1005, 2.6546, 0.3036
(24, 11): 0.5155, 0.1007, 2.5791, 0.3120
(24, 12): 0.5155, 0.1007, 2.5791, 0.3120
(24, 13): 0.7246, 0.1003, 1.9719, 0.3101
(24, 14): 0.6997, 0.1004, 2.0053, 0.3243
(24, 15): 0.6973, 0.1018, 1.9851, 0.2373
(24, 16): 0.6973, 0.1018, 1.9851, 0.2373
(24, 17): 0.7524, 0.1003, 1.9543, 0.2764
(24, 18): 0.6015, 0.1016, 2.4952, 0.2960
(24, 19): 0.6015, 0.1016, 2.4952, 0.2960
(24, 20): 0.6441, 0.1031, 2.1455, 0.2587
(24, 21): 0.5560, 0.1002, 2.7472, 0.2395
(24, 22): 0.5560, 0.1002, 2.7472, 0.2395
(24, 23): 0.4925, 0.1002, 3.0663, 0.3120
(24, 24): 0.4530, 0.1001, 3.2242, 0.3239
(24, 25): 0.4530, 0.1001, 3.2242, 0.3239
(24, 26): 0.6146, 0.1004, 2.5480, 0.2884
(24, 27): 0.5584, 0.1010, 2.8087, 0.2931
(24, 28): 0.5584, 0.1010, 2.8087, 0.2931
(24, 29): 0.5722, 0.1000, 2.5256, 0.2036
(24, 30): 0.4339, 0.1008, 2.9126, 0.2667
(24, 31): 0.5390, 0.1001, 2.6293, 0.3072
(24, 32): 0.5599, 0.1006, 2.5410, 0.3420
(24, 33): 0.5500, 0.1019, 2.5695, 0.2435
(24, 34): 0.4514, 0.1022, 2.6449, 0.3062
(24, 35): 0.4514, 0.1022, 2.6449, 0.3062
(24, 36): 0.4436, 0.1004, 2.7071, 0.2938
(24, 37): 0.4100, 0.1001, 2.7357, 0.2822
(25, 1): 0.5220, 0.1009, 1.7026, 0.2562
(25, 2): 0.4747, 0.1003, 1.8443, 0.2656
(25, 3): 0.4747, 0.1003, 1.8443, 0.2656
(25, 4): 0.7197, 0.1002, 1.8091, 0.2138
(25, 5): 0.6793, 0.1007, 1.8902, 0.2413
(25, 6): 0.6793, 0.1007, 1.8902, 0.2413
(25, 7): 0.5785, 0.1006, 2.3665, 0.2290
(25, 8): 0.5211, 0.1008, 2.5881, 0.2391
(25, 9): 0.5211, 0.1008, 2.5881, 0.2391
(25, 10): 0.4944, 0.1005, 2.6546, 0.3036
(25, 11): 0.5155, 0.1007, 2.5791, 0.3120
(25, 12): 0.5155, 0.1007, 2.5791, 0.3120
(25, 13): 0.5653, 0.1023, 2.4720, 0.3098
(25, 14): 0.5936, 0.1007, 2.2944, 0.3261
(25, 15): 0.5958, 0.1001, 2.2930, 0.2605
(25, 16): 0.5958, 0.1001, 2.2930, 0.2605
(25, 17): 0.7507, 0.1012, 1.9343, 0.3087
(25, 18): 0.6063, 0.1023, 2.4780, 0.3185
(25, 19): 0.6063, 0.1023, 2.4780, 0.3185
(25, 20): 0.6395, 0.1021, 2.0876, 0.2471
(25, 21): 0.6132, 0.1009, 2.2505, 0.3065
(25, 22): 0.6132, 0.1009, 2.2505, 0.3065
(25, 23): 0.5504, 0.1006, 2.7736, 0.3138
(25, 24): 0.7756, 0.1002, 1.9730, 0.3007
(25, 25): 0.7756, 0.1002, 1.9730, 0.3007
(25, 26): 0.4179, 0.1005, 3.4231, 0.3214
(25, 27): 0.5658, 0.1007, 2.6996, 0.3152
(25, 28): 0.5658, 0.1007, 2.6996, 0.3152
(25, 29): 0.6118, 0.1001, 2.5329, 0.3109
(25, 30): 0.5390, 0.1001, 2.6293, 0.3072
(25, 31): 0.5390, 0.1001, 2.6293, 0.3072
(25, 32): 0.5599, 0.1006, 2.5410, 0.3420
(25, 33): 0.5500, 0.1019, 2.5695, 0.2435
(25, 34): 0.4514, 0.1022, 2.6449, 0.3062
(25, 35): 0.4514, 0.1022, 2.6449, 0.3062
(25, 36): 0.4436, 0.1004, 2.7071, 0.2938
(25, 37): 0.5377, 0.1001, 2.3182, 0.2043
(26, 1): 0.5404, 0.1005, 1.6791, 0.2587
(26, 2): 0.4747, 0.1003, 1.8443, 0.2656
(26, 3): 0.4747, 0.1003, 1.8443, 0.2656
(26, 4): 0.7197, 0.1002, 1.8091, 0.2138
(26, 5): 0.6793, 0.1007, 1.8902, 0.2413
(26, 6): 0.6793, 0.1007, 1.8902, 0.2413
(26, 7): 0.7076, 0.1001, 1.8243, 0.2120
(26, 8): 0.6229, 0.1006, 2.0786, 0.2243
(26, 9): 0.6229, 0.1006, 2.0786, 0.2243
(26, 10): 0.6117, 0.1000, 2.1069, 0.2529
(26, 11): 0.6422, 0.1012, 2.0068, 0.2420
(26, 12): 0.6422, 0.1012, 2.0068, 0.2420
(26, 13): 0.6685, 0.1001, 1.9569, 0.2464
(26, 14): 0.7389, 0.1027, 1.7543, 0.2344
(26, 15): 0.7417, 0.1005, 1.7676, 0.2764
(26, 16): 0.7417, 0.1005, 1.7676, 0.2764
(26, 17): 0.8046, 0.1011, 1.4982, 0.2587
(26, 18): 0.7940, 0.1021, 1.5318, 0.2634
(26, 19): 0.7940, 0.1021, 1.5318, 0.2634
(26, 20): 0.6445, 0.1001, 2.1576, 0.2279
(26, 21): 0.6572, 0.1001, 2.1528, 0.3330
(26, 22): 0.6572, 0.1001, 2.1528, 0.3330
(26, 23): 0.7270, 0.1005, 2.0568, 0.3268
(26, 24): 0.5791, 0.1001, 2.5047, 0.2598
(26, 25): 0.5791, 0.1001, 2.5047, 0.2598
(26, 26): 0.6905, 0.1006, 2.2491, 0.2982
(26, 27): 0.4865, 0.1016, 2.9052, 0.3315
(26, 28): 0.4865, 0.1016, 2.9052, 0.3315
(26, 29): 0.5533, 0.1010, 2.5821, 0.2870
(26, 30): 0.5582, 0.1014, 2.5366, 0.2938
(26, 31): 0.5582, 0.1014, 2.5366, 0.2938
(26, 32): 0.6513, 0.1007, 2.2746, 0.2851
(26, 33): 0.5749, 0.1004, 2.3685, 0.3018
(26, 34): 0.5671, 0.1000, 2.3012, 0.2946
(26, 35): 0.5671, 0.1000, 2.3012, 0.2946
(26, 36): 0.4977, 0.1012, 2.3718, 0.2178
(26, 37): 0.5377, 0.1001, 2.3182, 0.2043
(27, 1): 0.5404, 0.1005, 1.6791, 0.2587
(27, 2): 0.5507, 0.1002, 1.8296, 0.2678
(27, 3): 0.5507, 0.1002, 1.8296, 0.2678
(27, 4): 0.7186, 0.1005, 1.7680, 0.2739
(27, 5): 0.7078, 0.1005, 1.7861, 0.2362
(27, 6): 0.7078, 0.1005, 1.7861, 0.2362
(27, 7): 0.6647, 0.1031, 1.9322, 0.2428
(27, 8): 0.6024, 0.1001, 2.1175, 0.2286
(27, 9): 0.6024, 0.1001, 2.1175, 0.2286
(27, 10): 0.6524, 0.1002, 1.9644, 0.2641
(27, 11): 0.6515, 0.1002, 1.9900, 0.2029
(27, 12): 0.6705, 0.1009, 1.9526, 0.2895
(27, 13): 0.6705, 0.1009, 1.9526, 0.2895
(27, 14): 0.7615, 0.1004, 1.6957, 0.2779
(27, 15): 0.8634, 0.1026, 1.4592, 0.3109
(27, 16): 0.8634, 0.1026, 1.4592, 0.3109
(27, 17): 0.9001, 0.1005, 1.3525, 0.2873
(27, 18): 0.9040, 0.1003, 1.3831, 0.2855
(27, 19): 0.9040, 0.1003, 1.3831, 0.2855
(27, 20): 0.7343, 0.1005, 1.8262, 0.2993
(27, 21): 0.7483, 0.1023, 1.8666, 0.3101
(27, 22): 0.7483, 0.1023, 1.8666, 0.3101
(27, 23): 0.7007, 0.1001, 2.1306, 0.2837
(27, 24): 0.4832, 0.1034, 2.8423, 0.3518
(27, 25): 0.4832, 0.1034, 2.8423, 0.3518
(27, 26): 0.5713, 0.1003, 2.5995, 0.3025
(27, 27): 0.6295, 0.1005, 2.2928, 0.2931
(27, 28): 0.6295, 0.1005, 2.2928, 0.2931
(27, 29): 0.6819, 0.1017, 2.0870, 0.2906
(27, 30): 0.5875, 0.1002, 2.4155, 0.3181
(27, 31): 0.5875, 0.1002, 2.4155, 0.3181
(27, 32): 0.5421, 0.1005, 2.6409, 0.3072
(27, 33): 0.5645, 0.1007, 2.4254, 0.3156
(27, 34): 0.5645, 0.1007, 2.4254, 0.3156
(27, 35): 0.5669, 0.1001, 2.4357, 0.3308
(27, 36): 0.5490, 0.1008, 2.4574, 0.3025
(27, 37): 0.4044, 0.1010, 2.8382, 0.2645
(28, 1): 0.5293, 0.1006, 1.7044, 0.2605
(28, 2): 0.5624, 0.1000, 1.7280, 0.2605
(28, 3): 0.5624, 0.1000, 1.7280, 0.2605
(28, 4): 0.6818, 0.1009, 1.8171, 0.2424
(28, 5): 0.6418, 0.1001, 1.9210, 0.2413
(28, 6): 0.6418, 0.1001, 1.9210, 0.2413
(28, 7): 0.6629, 0.1008, 1.8838, 0.2344
(28, 8): 0.6344, 0.1005, 1.9963, 0.2315
(28, 9): 0.6344, 0.1005, 1.9963, 0.2315
(28, 10): 0.6552, 0.1006, 1.9871, 0.2609
(28, 11): 0.7173, 0.1010, 1.8093, 0.2808
(28, 12): 0.7524, 0.1006, 1.7351, 0.2978
(28, 13): 0.7524, 0.1006, 1.7351, 0.2978
(28, 14): 0.8761, 0.1000, 1.4223, 0.2989
(28, 15): 0.8508, 0.1001, 1.5035, 0.2627
(28, 16): 0.8508, 0.1001, 1.5035, 0.2627
(28, 17): 0.9072, 0.1023, 1.3954, 0.2859
(28, 18): 0.8982, 0.1006, 1.4354, 0.2558
(28, 19): 0.8982, 0.1006, 1.4354, 0.2558
(28, 20): 0.7361, 0.1007, 1.8845, 0.2529
(28, 21): 0.6769, 0.1004, 2.1256, 0.2562
(28, 22): 0.6769, 0.1004, 2.1256, 0.2562
(28, 23): 0.5913, 0.1008, 2.4819, 0.2402
(28, 24): 0.6785, 0.1001, 2.0410, 0.2576
(28, 25): 0.6785, 0.1001, 2.0410, 0.2576
(28, 26): 0.6114, 0.1004, 2.3305, 0.2935
(28, 27): 0.6262, 0.1002, 2.2882, 0.3094
(28, 28): 0.6262, 0.1002, 2.2882, 0.3094
(28, 29): 0.5932, 0.1004, 2.4219, 0.2605
(28, 30): 0.5870, 0.1004, 2.5987, 0.3109
(28, 31): 0.5870, 0.1004, 2.5987, 0.3109
(28, 32): 0.5674, 0.1018, 2.7261, 0.2808
(28, 33): 0.6524, 0.1017, 2.1121, 0.2891
(28, 34): 0.6524, 0.1017, 2.1121, 0.2891
(28, 35): 0.5370, 0.1017, 2.5024, 0.2674
(28, 36): 0.4254, 0.1001, 2.9797, 0.2670
(28, 37): 0.4665, 0.1006, 2.6588, 0.3014
(29, 1): 0.4867, 0.1007, 1.7970, 0.2645
(29, 2): 0.5766, 0.1015, 1.7641, 0.2612
(29, 3): 0.5766, 0.1015, 1.7641, 0.2612
(29, 4): 0.6651, 0.1013, 1.8248, 0.2333
(29, 5): 0.6267, 0.1024, 1.9148, 0.2837
(29, 6): 0.6267, 0.1024, 1.9148, 0.2837
(29, 7): 0.5796, 0.1008, 2.0732, 0.2359
(29, 8): 0.6110, 0.1001, 2.0396, 0.3120
(29, 9): 0.6661, 0.1003, 1.9254, 0.3062
(29, 10): 0.6661, 0.1003, 1.9254, 0.3062
(29, 11): 0.7762, 0.1002, 1.6270, 0.2899
(29, 12): 0.8540, 0.1004, 1.4750, 0.2877
(29, 13): 0.8540, 0.1004, 1.4750, 0.2877
(29, 14): 0.8993, 0.1014, 1.4166, 0.2739
(29, 15): 0.8617, 0.1000, 1.5031, 0.2989
(29, 16): 0.8617, 0.1000, 1.5031, 0.2989
(29, 17): 0.8885, 0.1008, 1.4225, 0.2841
(29, 18): 0.7649, 0.1001, 1.7593, 0.3167
(29, 19): 0.7649, 0.1001, 1.7593, 0.3167
(29, 20): 0.6566, 0.1008, 2.2219, 0.2710
(29, 21): 0.6732, 0.1016, 2.1243, 0.2399
(29, 22): 0.6732, 0.1016, 2.1243, 0.2399
(29, 23): 0.6074, 0.1036, 2.3028, 0.3141
(29, 24): 0.6135, 0.1019, 2.2844, 0.2717
(29, 25): 0.6135, 0.1019, 2.2844, 0.2717
(29, 26): 0.4738, 0.1005, 2.8818, 0.2547
(29, 27): 0.6335, 0.1006, 2.2885, 0.2797
(29, 28): 0.6335, 0.1006, 2.2885, 0.2797
(29, 29): 0.6252, 0.1002, 2.2942, 0.2286
(29, 30): 0.5547, 0.1005, 2.7333, 0.2880
(29, 31): 0.5547, 0.1005, 2.7333, 0.2880
(29, 32): 0.5453, 0.1000, 2.7380, 0.2815
(29, 33): 0.4996, 0.1010, 2.6341, 0.2938
(29, 34): 0.4996, 0.1010, 2.6341, 0.2938
(29, 35): 0.3821, 0.1033, 3.1411, 0.2804
(29, 36): 0.5892, 0.1007, 2.4230, 0.3091
(29, 37): 0.5892, 0.1007, 2.4230, 0.3091
(30, 1): 0.4883, 0.1006, 1.7729, 0.2855
(30, 2): 0.6877, 0.1002, 1.8315, 0.2558
(30, 3): 0.6877, 0.1002, 1.8315, 0.2558
(30, 4): 0.6876, 0.1011, 1.7664, 0.2641
(30, 5): 0.6224, 0.1020, 1.9234, 0.2569
(30, 6): 0.6673, 0.1015, 1.8031, 0.2931
(30, 7): 0.6673, 0.1015, 1.8031, 0.2931
(30, 8): 0.7389, 0.1022, 1.6546, 0.2942
(30, 9): 0.7996, 0.1016, 1.5544, 0.2562
(30, 10): 0.7996, 0.1016, 1.5544, 0.2562
(30, 11): 0.8023, 0.1017, 1.5563, 0.2812
(30, 12): 0.7574, 0.1005, 1.6897, 0.3036
(30, 13): 0.7574, 0.1005, 1.6897, 0.3036
(30, 14): 0.7842, 0.1053, 1.6536, 0.3007
(30, 15): 0.8330, 0.1006, 1.5576, 0.2891
(30, 16): 0.8330, 0.1006, 1.5576, 0.2891
(30, 17): 0.8347, 0.1010, 1.5246, 0.3004
(30, 18): 0.7561, 0.1015, 1.7209, 0.3094
(30, 19): 0.7561, 0.1015, 1.7209, 0.3094
(30, 20): 0.6939, 0.1013, 2.0574, 0.2859
(30, 21): 0.6918, 0.1005, 2.0614, 0.2884
(30, 22): 0.6918, 0.1005, 2.0614, 0.2884
(30, 23): 0.6126, 0.1002, 2.2745, 0.2681
(30, 24): 0.6270, 0.1010, 2.2356, 0.2775
(30, 25): 0.6270, 0.1010, 2.2356, 0.2775
(30, 26): 0.5384, 0.1037, 2.6013, 0.2612
(30, 27): 0.6459, 0.1014, 2.2462, 0.2808
(30, 28): 0.6459, 0.1014, 2.2462, 0.2808
(30, 29): 0.6508, 0.1000, 2.2069, 0.2739
(30, 30): 0.5761, 0.1002, 2.5680, 0.2554
(30, 31): 0.5761, 0.1002, 2.5680, 0.2554
(30, 32): 0.6545, 0.1022, 2.4732, 0.2880
(30, 33): 0.4529, 0.1006, 2.6668, 0.2696
(30, 34): 0.4529, 0.1006, 2.6668, 0.2696
(30, 35): 0.5252, 0.1003, 2.5725, 0.3105
(30, 36): 0.5454, 0.1004, 2.4967, 0.2960
(30, 37): 0.5454, 0.1004, 2.4967, 0.2960
(31, 1): 0.4883, 0.1006, 1.7729, 0.2855
(31, 2): 0.6877, 0.1002, 1.8315, 0.2558
(31, 3): 0.6876, 0.1011, 1.7664, 0.2641
(31, 4): 0.6876, 0.1011, 1.7664, 0.2641
(31, 5): 0.6224, 0.1020, 1.9234, 0.2569
(31, 6): 0.6673, 0.1015, 1.8031, 0.2931
(31, 7): 0.6673, 0.1015, 1.8031, 0.2931
(31, 8): 0.7389, 0.1022, 1.6546, 0.2942
(31, 9): 0.7996, 0.1016, 1.5544, 0.2562
(31, 10): 0.7996, 0.1016, 1.5544, 0.2562
(31, 11): 0.8023, 0.1017, 1.5563, 0.2812
(31, 12): 0.7574, 0.1005, 1.6897, 0.3036
(31, 13): 0.7574, 0.1005, 1.6897, 0.3036
(31, 14): 0.7842, 0.1053, 1.6536, 0.3007
(31, 15): 0.8330, 0.1006, 1.5576, 0.2891
(31, 16): 0.8330, 0.1006, 1.5576, 0.2891
(31, 17): 0.8347, 0.1010, 1.5246, 0.3004
(31, 18): 0.7561, 0.1015, 1.7209, 0.3094
(31, 19): 0.7561, 0.1015, 1.7209, 0.3094
(31, 20): 0.6939, 0.1013, 2.0574, 0.2859
(31, 21): 0.6918, 0.1005, 2.0614, 0.2884
(31, 22): 0.6918, 0.1005, 2.0614, 0.2884
(31, 23): 0.6126, 0.1002, 2.2745, 0.2681
(31, 24): 0.6270, 0.1010, 2.2356, 0.2775
(31, 25): 0.6270, 0.1010, 2.2356, 0.2775
(31, 26): 0.5384, 0.1037, 2.6013, 0.2612
(31, 27): 0.6459, 0.1014, 2.2462, 0.2808
(31, 28): 0.6459, 0.1014, 2.2462, 0.2808
(31, 29): 0.6508, 0.1000, 2.2069, 0.2739
(31, 30): 0.5761, 0.1002, 2.5680, 0.2554
(31, 31): 0.5761, 0.1002, 2.5680, 0.2554
(31, 32): 0.6545, 0.1022, 2.4732, 0.2880
(31, 33): 0.4529, 0.1006, 2.6668, 0.2696
(31, 34): 0.4529, 0.1006, 2.6668, 0.2696
(31, 35): 0.5252, 0.1003, 2.5725, 0.3105
(31, 36): 0.5454, 0.1004, 2.4967, 0.2960
(31, 37): 0.5454, 0.1004, 2.4967, 0.2960
(32, 1): 0.4883, 0.1006, 1.7729, 0.2855
(32, 2): 0.6877, 0.1002, 1.8315, 0.2558
(32, 3): 0.6876, 0.1011, 1.7664, 0.2641
(32, 4): 0.6876, 0.1011, 1.7664, 0.2641
(32, 5): 0.6224, 0.1020, 1.9234, 0.2569
(32, 6): 0.6673, 0.1015, 1.8031, 0.2931
(32, 7): 0.6673, 0.1015, 1.8031, 0.2931
(32, 8): 0.7389, 0.1022, 1.6546, 0.2942
(32, 9): 0.7996, 0.1016, 1.5544, 0.2562
(32, 10): 0.7996, 0.1016, 1.5544, 0.2562
(32, 11): 0.8023, 0.1017, 1.5563, 0.2812
(32, 12): 0.7574, 0.1005, 1.6897, 0.3036
(32, 13): 0.7574, 0.1005, 1.6897, 0.3036
(32, 14): 0.7842, 0.1053, 1.6536, 0.3007
(32, 15): 0.8330, 0.1006, 1.5576, 0.2891
(32, 16): 0.8330, 0.1006, 1.5576, 0.2891
(32, 17): 0.8347, 0.1010, 1.5246, 0.3004
(32, 18): 0.7561, 0.1015, 1.7209, 0.3094
(32, 19): 0.7561, 0.1015, 1.7209, 0.3094
(32, 20): 0.6939, 0.1013, 2.0574, 0.2859
(32, 21): 0.6918, 0.1005, 2.0614, 0.2884
(32, 22): 0.6918, 0.1005, 2.0614, 0.2884
(32, 23): 0.6126, 0.1002, 2.2745, 0.2681
(32, 24): 0.6270, 0.1010, 2.2356, 0.2775
(32, 25): 0.6270, 0.1010, 2.2356, 0.2775
(32, 26): 0.5384, 0.1037, 2.6013, 0.2612
(32, 27): 0.6459, 0.1014, 2.2462, 0.2808
(32, 28): 0.6459, 0.1014, 2.2462, 0.2808
(32, 29): 0.6508, 0.1000, 2.2069, 0.2739
(32, 30): 0.5761, 0.1002, 2.5680, 0.2554
(32, 31): 0.5761, 0.1002, 2.5680, 0.2554
(32, 32): 0.6545, 0.1022, 2.4732, 0.2880
(32, 33): 0.4529, 0.1006, 2.6668, 0.2696
(32, 34): 0.4529, 0.1006, 2.6668, 0.2696
(32, 35): 0.5252, 0.1003, 2.5725, 0.3105
(32, 36): 0.5454, 0.1004, 2.4967, 0.2960
(32, 37): 0.5454, 0.1004, 2.4967, 0.2960
