(1, 1): 0.0141, 11.1271, 6.5141
(1, 2): 0.0141, 11.1271, 6.5141
(1, 3): 0.0910, 11.0143, 5.5908
(1, 4): 0.0910, 11.0143, 5.5908
(1, 5): 0.1581, 11.1370, 4.9776
(1, 6): 0.1561, 11.0034, 4.9473
(1, 7): 0.1834, 11.0175, 5.2485
(1, 8): 0.1834, 11.0175, 5.2485
(1, 9): 0.2464, 11.0372, 5.4725
(1, 10): 0.1352, 11.1280, 5.7467
(1, 11): 0.1352, 11.1280, 5.7467
(1, 12): 0.0988, 11.0270, 6.0553
(1, 13): 0.1315, 11.0632, 5.8383
(1, 14): 0.1330, 11.0236, 6.6659
(1, 15): 0.1330, 11.0236, 6.6659
(1, 16): 0.0941, 11.1142, 7.4940
(1, 17): 0.0180, 11.0026, 7.0560
(1, 18): 0.0180, 11.0026, 7.0560
(1, 19): 0.0724, 11.0176, 7.0212
(1, 20): 0.1750, 11.0118, 7.2020
(1, 21): 0.1415, 11.0357, 8.1908
(1, 22): 0.1415, 11.0357, 8.1908
(1, 23): 0.2317, 11.0054, 7.1042
(1, 24): 0.1908, 11.0150, 7.2832
(1, 25): 0.2859, 11.1147, 5.9505
(1, 26): 0.2859, 11.1147, 5.9505
(1, 27): 0.2391, 11.0182, 5.7595
(1, 28): 0.2214, 11.0045, 7.2457
(1, 29): 0.2214, 11.0045, 7.2457
(1, 30): 0.0992, 11.0889, 6.5013
(1, 31): 0.0516, 11.0386, 6.2106
(1, 32): -0.0358, 11.0092, 8.2300
(1, 33): -0.0358, 11.0092, 8.2300
(1, 34): 0.0475, 11.0094, 7.5984
(1, 35): 0.0808, 11.0210, 7.1876
(1, 36): 0.0808, 11.0210, 7.1876
(1, 37): 0.0122, 11.0353, 7.3083
(2, 1): 0.1229, 11.0114, 6.4190
(2, 2): 0.1229, 11.0114, 6.4190
(2, 3): 0.1555, 11.0119, 5.9290
(2, 4): 0.1555, 11.0119, 5.9290
(2, 5): 0.1770, 11.0534, 5.7833
(2, 6): 0.1243, 11.0194, 6.9408
(2, 7): 0.1594, 11.1275, 6.3854
(2, 8): 0.1594, 11.1275, 6.3854
(2, 9): 0.2039, 11.0106, 6.1481
(2, 10): 0.1482, 11.0485, 5.7991
(2, 11): 0.1482, 11.0485, 5.7991
(2, 12): 0.1577, 11.0224, 5.3952
(2, 13): 0.1315, 11.0632, 5.8383
(2, 14): 0.1330, 11.0236, 6.6659
(2, 15): 0.1330, 11.0236, 6.6659
(2, 16): 0.0941, 11.1142, 7.4940
(2, 17): 0.0180, 11.0026, 7.0560
(2, 18): 0.0180, 11.0026, 7.0560
(2, 19): 0.0724, 11.0176, 7.0212
(2, 20): 0.1750, 11.0118, 7.2020
(2, 21): 0.1415, 11.0357, 8.1908
(2, 22): 0.1415, 11.0357, 8.1908
(2, 23): 0.2317, 11.0054, 7.1042
(2, 24): 0.1908, 11.0150, 7.2832
(2, 25): 0.2859, 11.1147, 5.9505
(2, 26): 0.2859, 11.1147, 5.9505
(2, 27): 0.2391, 11.0182, 5.7595
(2, 28): 0.2214, 11.0045, 7.2457
(2, 29): 0.2214, 11.0045, 7.2457
(2, 30): 0.1912, 11.2678, 5.0996
(2, 31): 0.1349, 11.0573, 5.3912
(2, 32): 0.0556, 11.0426, 6.3942
(2, 33): 0.0556, 11.0426, 6.3942
(2, 34): 0.0522, 11.0318, 6.8191
(2, 35): 0.1253, 11.0265, 7.5877
(2, 36): 0.1253, 11.0265, 7.5877
(2, 37): 0.0754, 11.0745, 8.4589
(3, 1): 0.1180, 11.0217, 7.0662
(3, 2): 0.1180, 11.0217, 7.0662
(3, 3): 0.1529, 11.0587, 6.1787
(3, 4): 0.1529, 11.0587, 6.1787
(3, 5): 0.1974, 11.0206, 5.4922
(3, 6): 0.1008, 11.0054, 6.3643
(3, 7): 0.1594, 11.1275, 6.3854
(3, 8): 0.1594, 11.1275, 6.3854
(3, 9): 0.2039, 11.0106, 6.1481
(3, 10): 0.1482, 11.0485, 5.7991
(3, 11): 0.1482, 11.0485, 5.7991
(3, 12): 0.1577, 11.0224, 5.3952
(3, 13): 0.1207, 11.0286, 6.2082
(3, 14): 0.1051, 11.0118, 6.9313
(3, 15): 0.1051, 11.0118, 6.9313
(3, 16): 0.0633, 11.0154, 6.4493
(3, 17): 0.0062, 11.0220, 7.8372
(3, 18): 0.0062, 11.0220, 7.8372
(3, 19): 0.0560, 11.0168, 7.9450
(3, 20): 0.1216, 11.0103, 7.3444
(3, 21): 0.1511, 11.0136, 7.5386
(3, 22): 0.1511, 11.0136, 7.5386
(3, 23): 0.1111, 11.0181, 8.7026
(3, 24): 0.3154, 11.0406, 7.5465
(3, 25): 0.3154, 11.0406, 7.5465
(3, 26): 0.3277, 11.0429, 6.0795
(3, 27): 0.3004, 11.0016, 4.8160
(3, 28): 0.2391, 11.0313, 6.6511
(3, 29): 0.2391, 11.0313, 6.6511
(3, 30): 0.1912, 11.2678, 5.0996
(3, 31): 0.1349, 11.0573, 5.3912
(3, 32): 0.0556, 11.0426, 6.3942
(3, 33): 0.0556, 11.0426, 6.3942
(3, 34): 0.0522, 11.0318, 6.8191
(3, 35): 0.1253, 11.0265, 7.5877
(3, 36): 0.1253, 11.0265, 7.5877
(3, 37): 0.0806, 11.0954, 8.1509
(4, 1): 0.1302, 11.0003, 6.0262
(4, 2): 0.1302, 11.0003, 6.0262
(4, 3): 0.1529, 11.0587, 6.1787
(4, 4): 0.1529, 11.0587, 6.1787
(4, 5): 0.1974, 11.0206, 5.4922
(4, 6): 0.1008, 11.0054, 6.3643
(4, 7): 0.2132, 11.0090, 5.9532
(4, 8): 0.2132, 11.0090, 5.9532
(4, 9): 0.2162, 11.0655, 6.0305
(4, 10): 0.2639, 11.1502, 5.1967
(4, 11): 0.2639, 11.1502, 5.1967
(4, 12): 0.1820, 11.1085, 5.2888
(4, 13): 0.1619, 11.0017, 5.3981
(4, 14): 0.0954, 11.0137, 6.5576
(4, 15): 0.0954, 11.0137, 6.5576
(4, 16): 0.0134, 11.0313, 7.0644
(4, 17): 0.0459, 11.0276, 6.6226
(4, 18): 0.0459, 11.0276, 6.6226
(4, 19): 0.0270, 11.0035, 6.3348
(4, 20): 0.0497, 11.0702, 7.4581
(4, 21): 0.1025, 11.0021, 9.5456
(4, 22): 0.1025, 11.0021, 9.5456
(4, 23): 0.1400, 11.1810, 7.3505
(4, 24): 0.1715, 11.0182, 8.3116
(4, 25): 0.1715, 11.0182, 8.3116
(4, 26): 0.2810, 11.2425, 6.9041
(4, 27): 0.2447, 11.0504, 5.3150
(4, 28): 0.2268, 11.2177, 4.9027
(4, 29): 0.2268, 11.2177, 4.9027
(4, 30): 0.1170, 11.0574, 5.4445
(4, 31): 0.0802, 11.0198, 5.2133
(4, 32): 0.1279, 11.1531, 5.7782
(4, 33): 0.1279, 11.1531, 5.7782
(4, 34): 0.1380, 11.0259, 6.5724
(4, 35): 0.1636, 11.0028, 7.6703
(4, 36): 0.1636, 11.0028, 7.6703
(4, 37): 0.0806, 11.0954, 8.1509
(5, 1): 0.1302, 11.0003, 6.0262
(5, 2): 0.1302, 11.0003, 6.0262
(5, 3): 0.1920, 11.0384, 6.1878
(5, 4): 0.1920, 11.0384, 6.1878
(5, 5): 0.1715, 11.0078, 5.9165
(5, 6): 0.1112, 11.0040, 5.3590
(5, 7): 0.3234, 11.0517, 5.0672
(5, 8): 0.3234, 11.0517, 5.0672
(5, 9): 0.2578, 11.0417, 5.1314
(5, 10): 0.2043, 11.1006, 4.9569
(5, 11): 0.2043, 11.1006, 4.9569
(5, 12): 0.2229, 11.0207, 4.6342
(5, 13): 0.2105, 11.0057, 5.1600
(5, 14): 0.0947, 11.0140, 5.6573
(5, 15): 0.0947, 11.0140, 5.6573
(5, 16): 0.1536, 11.0189, 5.1589
(5, 17): 0.0424, 11.0244, 6.6857
(5, 18): 0.0424, 11.0244, 6.6857
(5, 19): 0.0323, 11.0106, 6.1987
(5, 20): -0.0372, 11.0648, 7.8377
(5, 21): 0.0707, 11.0119, 7.7238
(5, 22): 0.0707, 11.0119, 7.7238
(5, 23): 0.1632, 11.0219, 6.7741
(5, 24): 0.1876, 11.0384, 7.6637
(5, 25): 0.1876, 11.0384, 7.6637
(5, 26): 0.2498, 11.0860, 5.9127
(5, 27): 0.1801, 11.0598, 5.3671
(5, 28): 0.1125, 11.1077, 6.6959
(5, 29): 0.1125, 11.1077, 6.6959
(5, 30): 0.1007, 11.1243, 6.1543
(5, 31): 0.0993, 11.0143, 6.1060
(5, 32): 0.0993, 11.0143, 6.1060
(5, 33): 0.1917, 11.0624, 6.3573
(5, 34): 0.2293, 11.0887, 6.9299
(5, 35): 0.1408, 11.0275, 7.6971
(5, 36): 0.1408, 11.0275, 7.6971
(5, 37): 0.1181, 11.0387, 7.7766
(6, 1): 0.1584, 11.0256, 6.7637
(6, 2): 0.1584, 11.0256, 6.7637
(6, 3): 0.1792, 11.0223, 6.1184
(6, 4): 0.1792, 11.0223, 6.1184
(6, 5): 0.1603, 11.0094, 5.8950
(6, 6): 0.1669, 11.1687, 6.3414
(6, 7): 0.3585, 11.1065, 4.7426
(6, 8): 0.3585, 11.1065, 4.7426
(6, 9): 0.2648, 11.0056, 5.3404
(6, 10): 0.1831, 11.1242, 5.9474
(6, 11): 0.1831, 11.1242, 5.9474
(6, 12): 0.1560, 11.1030, 5.2284
(6, 13): 0.0928, 11.0069, 5.8498
(6, 14): 0.0655, 11.0436, 5.8504
(6, 15): 0.0655, 11.0436, 5.8504
(6, 16): 0.0872, 11.0374, 5.4877
(6, 17): 0.0468, 11.0146, 5.5934
(6, 18): 0.0468, 11.0146, 5.5934
(6, 19): 0.0412, 11.1221, 5.9227
(6, 20): 0.0179, 11.0035, 6.3450
(6, 21): 0.0977, 11.0935, 6.1123
(6, 22): 0.0977, 11.0935, 6.1123
(6, 23): 0.1964, 11.0349, 5.7372
(6, 24): 0.3300, 11.0295, 6.4705
(6, 25): 0.3300, 11.0295, 6.4705
(6, 26): 0.3149, 11.0638, 6.6296
(6, 27): 0.2829, 11.0137, 4.8746
(6, 28): 0.1616, 11.0493, 5.7263
(6, 29): 0.1616, 11.0493, 5.7263
(6, 30): 0.1393, 11.0261, 5.3670
(6, 31): 0.1564, 11.0067, 5.4917
(6, 32): 0.1564, 11.0067, 5.4917
(6, 33): 0.2186, 11.0423, 6.0503
(6, 34): 0.1969, 11.0257, 6.6949
(6, 35): 0.2571, 11.0209, 6.1017
(6, 36): 0.2571, 11.0209, 6.1017
(6, 37): 0.2377, 11.0198, 6.2791
(7, 1): 0.0853, 11.0158, 6.0272
(7, 2): 0.0853, 11.0158, 6.0272
(7, 3): 0.1472, 11.1327, 6.1230
(7, 4): 0.2375, 11.0869, 5.8249
(7, 5): 0.2375, 11.0869, 5.8249
(7, 6): 0.2196, 11.0165, 6.6567
(7, 7): 0.2453, 11.0302, 6.0813
(7, 8): 0.2453, 11.0302, 6.0813
(7, 9): 0.2670, 11.0059, 6.5414
(7, 10): 0.2767, 11.0045, 6.4813
(7, 11): 0.1770, 11.0236, 6.0989
(7, 12): 0.1770, 11.0236, 6.0989
(7, 13): 0.1124, 11.1101, 5.8917
(7, 14): 0.0817, 11.0254, 5.7176
(7, 15): 0.0817, 11.0254, 5.7176
(7, 16): 0.0619, 11.1760, 5.8217
(7, 17): -0.0003, 11.0478, 5.7975
(7, 18): -0.0003, 11.0478, 5.7975
(7, 19): -0.0101, 11.0857, 6.8771
(7, 20): 0.0363, 11.0579, 6.3237
(7, 21): 0.0825, 11.0400, 5.9041
(7, 22): 0.0825, 11.0400, 5.9041
(7, 23): 0.1327, 11.0068, 5.6285
(7, 24): 0.2472, 11.0006, 5.6669
(7, 25): 0.2472, 11.0006, 5.6669
(7, 26): 0.3135, 11.0295, 6.4625
(7, 27): 0.3609, 11.0007, 4.4705
(7, 28): 0.2312, 11.0190, 4.5346
(7, 29): 0.2312, 11.0190, 4.5346
(7, 30): 0.2948, 11.0586, 4.1305
(7, 31): 0.1904, 11.0274, 5.4334
(7, 32): 0.1904, 11.0274, 5.4334
(7, 33): 0.1438, 11.0643, 7.1479
(7, 34): 0.1734, 11.1698, 6.6064
(7, 35): 0.1383, 11.0145, 7.1405
(7, 36): 0.1383, 11.0145, 7.1405
(7, 37): 0.1655, 11.0126, 7.2479
(8, 1): 0.2047, 11.0756, 5.4689
(8, 2): 0.2047, 11.0756, 5.4689
(8, 3): 0.1483, 11.0164, 5.6547
(8, 4): 0.1643, 11.0830, 5.8449
(8, 5): 0.1643, 11.0830, 5.8449
(8, 6): 0.1879, 11.0542, 6.5314
(8, 7): 0.3199, 11.0330, 5.8249
(8, 8): 0.3199, 11.0330, 5.8249
(8, 9): 0.2970, 11.0067, 6.4874
(8, 10): 0.2709, 11.0342, 7.2632
(8, 11): 0.2592, 11.0082, 5.7599
(8, 12): 0.2592, 11.0082, 5.7599
(8, 13): 0.2091, 11.1130, 5.5364
(8, 14): 0.1193, 11.0128, 5.8024
(8, 15): 0.1193, 11.0128, 5.8024
(8, 16): 0.0707, 11.0015, 6.4551
(8, 17): 0.0227, 11.0579, 5.5212
(8, 18): 0.0227, 11.0579, 5.5212
(8, 19): -0.0506, 11.0901, 7.3739
(8, 20): 0.0070, 11.0553, 7.4030
(8, 21): 0.0730, 11.0118, 6.6215
(8, 22): 0.0730, 11.0118, 6.6215
(8, 23): 0.1789, 11.0086, 5.8988
(8, 24): 0.2513, 11.1433, 4.8073
(8, 25): 0.2513, 11.1433, 4.8073
(8, 26): 0.3014, 11.0075, 6.5958
(8, 27): 0.3068, 11.0128, 6.0231
(8, 28): 0.3138, 11.0705, 5.4209
(8, 29): 0.3138, 11.0705, 5.4209
(8, 30): 0.2791, 11.0001, 5.3847
(8, 31): 0.2010, 11.1135, 4.7922
(8, 32): 0.2010, 11.1135, 4.7922
(8, 33): -0.0147, 11.1188, 7.1358
(8, 34): 0.1158, 11.0024, 6.2037
(8, 35): 0.0915, 11.0248, 5.9707
(8, 36): 0.0915, 11.0248, 5.9707
(8, 37): 0.1762, 11.0140, 5.4444
(9, 1): 0.0950, 11.0568, 6.3948
(9, 2): 0.0950, 11.0568, 6.3948
(9, 3): 0.1185, 11.0627, 6.7719
(9, 4): 0.1192, 11.1284, 7.5627
(9, 5): 0.1192, 11.1284, 7.5627
(9, 6): 0.1501, 11.0030, 6.6414
(9, 7): 0.2265, 11.0697, 6.7757
(9, 8): 0.2265, 11.0697, 6.7757
(9, 9): 0.2561, 11.0285, 6.2900
(9, 10): 0.3302, 11.0137, 6.0325
(9, 11): 0.2417, 11.0507, 5.4728
(9, 12): 0.2417, 11.0507, 5.4728
(9, 13): 0.2119, 11.0180, 6.0455
(9, 14): 0.1413, 11.0451, 6.3684
(9, 15): 0.1413, 11.0451, 6.3684
(9, 16): 0.0955, 11.0340, 6.2563
(9, 17): 0.0370, 11.0408, 6.0461
(9, 18): 0.0370, 11.0408, 6.0461
(9, 19): -0.0254, 11.0286, 7.3429
(9, 20): 0.0021, 11.0626, 6.8574
(9, 21): 0.0481, 11.0858, 6.5342
(9, 22): 0.0481, 11.0858, 6.5342
(9, 23): 0.0075, 11.0463, 6.9057
(9, 24): -0.0381, 11.0288, 7.5839
(9, 25): -0.0381, 11.0288, 7.5839
(9, 26): 0.1616, 11.0416, 6.5554
(9, 27): 0.2901, 11.0376, 6.0572
(9, 28): 0.2990, 11.0751, 5.9503
(9, 29): 0.2990, 11.0751, 5.9503
(9, 30): 0.2768, 11.0228, 4.6880
(9, 31): 0.1735, 11.0782, 5.0110
(9, 32): 0.1735, 11.0782, 5.0110
(9, 33): 0.0991, 11.0574, 6.6526
(9, 34): 0.0945, 11.0010, 6.4182
(9, 35): 0.1006, 11.0125, 6.1048
(9, 36): 0.1006, 11.0125, 6.1048
(9, 37): 0.0554, 11.0023, 7.1469
(10, 1): 0.1110, 11.0337, 6.7520
(10, 2): 0.1110, 11.0337, 6.7520
(10, 3): 0.0290, 11.0331, 9.4465
(10, 4): 0.0364, 11.0788, 8.3603
(10, 5): 0.0364, 11.0788, 8.3603
(10, 6): 0.1051, 11.1108, 7.0215
(10, 7): 0.2318, 11.0256, 6.6283
(10, 8): 0.2318, 11.0256, 6.6283
(10, 9): 0.2142, 11.0506, 5.2514
(10, 10): 0.1779, 11.0056, 5.6691
(10, 11): 0.2806, 11.1378, 5.3777
(10, 12): 0.2806, 11.1378, 5.3777
(10, 13): 0.1916, 11.0447, 6.1450
(10, 14): 0.1344, 11.0580, 6.5871
(10, 15): 0.1344, 11.0580, 6.5871
(10, 16): 0.1272, 11.0496, 6.8972
(10, 17): 0.1115, 11.0816, 7.5441
(10, 18): -0.0700, 11.0108, 7.2501
(10, 19): -0.0700, 11.0108, 7.2501
(10, 20): 0.0329, 11.1074, 5.8893
(10, 21): -0.0213, 11.1240, 5.9076
(10, 22): -0.0213, 11.1240, 5.9076
(10, 23): -0.0629, 11.0469, 7.1650
(10, 24): -0.1273, 11.0071, 7.1608
(10, 25): -0.1273, 11.0071, 7.1608
(10, 26): 0.0921, 11.0073, 6.0610
(10, 27): 0.2305, 11.0078, 5.6269
(10, 28): 0.2118, 11.0973, 6.0855
(10, 29): 0.2118, 11.0973, 6.0855
(10, 30): 0.1948, 11.0090, 5.7053
(10, 31): 0.2096, 11.0942, 5.3972
(10, 32): 0.2096, 11.0942, 5.3972
(10, 33): 0.1416, 11.0028, 6.6115
(10, 34): 0.1677, 11.1279, 7.4214
(10, 35): 0.1141, 11.0392, 7.2411
(10, 36): 0.1141, 11.0392, 7.2411
(10, 37): 0.1230, 11.0563, 6.8594
(11, 1): 0.0798, 11.0292, 7.6378
(11, 2): 0.0798, 11.0292, 7.6378
(11, 3): 0.0545, 11.0556, 8.4259
(11, 4): 0.0363, 11.0005, 8.5634
(11, 5): 0.0363, 11.0005, 8.5634
(11, 6): 0.0785, 11.0629, 7.9691
(11, 7): 0.1180, 11.0065, 8.1573
(11, 8): 0.1180, 11.0065, 8.1573
(11, 9): 0.1051, 11.0207, 6.5204
(11, 10): 0.1104, 11.0033, 6.1133
(11, 11): 0.2382, 11.0076, 4.5480
(11, 12): 0.2382, 11.0076, 4.5480
(11, 13): 0.2302, 11.0043, 5.2897
(11, 14): 0.1952, 11.0036, 5.7832
(11, 15): 0.1952, 11.0036, 5.7832
(11, 16): 0.1367, 11.0608, 6.7853
(11, 17): 0.1313, 11.0298, 7.1554
(11, 18): 0.0676, 11.0541, 7.1063
(11, 19): 0.0676, 11.0541, 7.1063
(11, 20): -0.0235, 11.0007, 6.1069
(11, 21): 0.0332, 11.0153, 6.2333
(11, 22): 0.0332, 11.0153, 6.2333
(11, 23): -0.0330, 11.1470, 6.0203
(11, 24): 0.0439, 11.0004, 6.3482
(11, 25): 0.0439, 11.0004, 6.3482
(11, 26): 0.0969, 11.0363, 6.2063
(11, 27): 0.1334, 11.0066, 6.5513
(11, 28): 0.0854, 11.0180, 6.8805
(11, 29): 0.0854, 11.0180, 6.8805
(11, 30): 0.2051, 11.0015, 5.1288
(11, 31): 0.2613, 11.0726, 4.5792
(11, 32): 0.2613, 11.0726, 4.5792
(11, 33): 0.1079, 11.0324, 5.8646
(11, 34): 0.1048, 11.0600, 6.8224
(11, 35): 0.1446, 11.0055, 6.0088
(11, 36): 0.1446, 11.0055, 6.0088
(11, 37): 0.2640, 11.0302, 5.1433
(12, 1): 0.0468, 11.1829, 7.8584
(12, 2): 0.0468, 11.1829, 7.8584
(12, 3): 0.0371, 11.1074, 8.3294
(12, 4): 0.0607, 11.0325, 8.3829
(12, 5): 0.0607, 11.0325, 8.3829
(12, 6): 0.1019, 11.0456, 7.6744
(12, 7): 0.1388, 11.0236, 7.4502
(12, 8): 0.1388, 11.0236, 7.4502
(12, 9): 0.0470, 11.0290, 7.1476
(12, 10): 0.0385, 11.1225, 7.5390
(12, 11): 0.1987, 11.0113, 5.6533
(12, 12): 0.1987, 11.0113, 5.6533
(12, 13): 0.1739, 11.0366, 5.5314
(12, 14): 0.1282, 11.0417, 6.1909
(12, 15): 0.1282, 11.0417, 6.1909
(12, 16): 0.1102, 11.0212, 5.5751
(12, 17): 0.2386, 11.0460, 5.6760
(12, 18): 0.1633, 11.0527, 6.2381
(12, 19): 0.1633, 11.0527, 6.2381
(12, 20): 0.0191, 11.0884, 7.3064
(12, 21): -0.0367, 11.0088, 7.9742
(12, 22): -0.0367, 11.0088, 7.9742
(12, 23): -0.0444, 11.0007, 6.3126
(12, 24): -0.0407, 11.0061, 6.6526
(12, 25): -0.0407, 11.0061, 6.6526
(12, 26): 0.0428, 11.0034, 7.1908
(12, 27): 0.1353, 11.0057, 7.0179
(12, 28): 0.1143, 11.0704, 5.4313
(12, 29): 0.1143, 11.0704, 5.4313
(12, 30): 0.2036, 11.1504, 5.0885
(12, 31): 0.3051, 11.0211, 4.3128
(12, 32): 0.3051, 11.0211, 4.3128
(12, 33): 0.1566, 11.0095, 5.9129
(12, 34): -0.0155, 11.1661, 6.3440
(12, 35): -0.0155, 11.1661, 6.3440
(12, 36): 0.0383, 11.0215, 6.5253
(12, 37): 0.1913, 11.0207, 5.7914
(13, 1): 0.0245, 11.0213, 8.4871
(13, 2): 0.0245, 11.0213, 8.4871
(13, 3): 0.0865, 11.1582, 7.8567
(13, 4): 0.1588, 11.0047, 7.2844
(13, 5): 0.1588, 11.0047, 7.2844
(13, 6): 0.1023, 11.0951, 8.0028
(13, 7): 0.2317, 11.0133, 8.0190
(13, 8): 0.2317, 11.0133, 8.0190
(13, 9): 0.1142, 11.0139, 8.4397
(13, 10): 0.0786, 11.0243, 8.6816
(13, 11): 0.0823, 11.0122, 6.9010
(13, 12): 0.0823, 11.0122, 6.9010
(13, 13): 0.1739, 11.0366, 5.5314
(13, 14): 0.1282, 11.0417, 6.1909
(13, 15): 0.1282, 11.0417, 6.1909
(13, 16): 0.1102, 11.0212, 5.5751
(13, 17): 0.2386, 11.0460, 5.6760
(13, 18): 0.1633, 11.0527, 6.2381
(13, 19): 0.1633, 11.0527, 6.2381
(13, 20): 0.0191, 11.0884, 7.3064
(13, 21): -0.0367, 11.0088, 7.9742
(13, 22): -0.0367, 11.0088, 7.9742
(13, 23): -0.0444, 11.0007, 6.3126
(13, 24): -0.0407, 11.0061, 6.6526
(13, 25): -0.0407, 11.0061, 6.6526
(13, 26): 0.0428, 11.0034, 7.1908
(13, 27): 0.1353, 11.0057, 7.0179
(13, 28): 0.1143, 11.0704, 5.4313
(13, 29): 0.1143, 11.0704, 5.4313
(13, 30): 0.2036, 11.1504, 5.0885
(13, 31): 0.2120, 11.0092, 5.7147
(13, 32): 0.2120, 11.0092, 5.7147
(13, 33): 0.2486, 11.0641, 5.7143
(13, 34): 0.0976, 11.0154, 5.9588
(13, 35): 0.0976, 11.0154, 5.9588
(13, 36): 0.1035, 11.0070, 4.7349
(13, 37): 0.3197, 11.0438, 3.9864
(14, 1): 0.1096, 11.0037, 7.8813
(14, 2): 0.1096, 11.0037, 7.8813
(14, 3): 0.1555, 11.0650, 7.4813
(14, 4): 0.2327, 11.0240, 6.5745
(14, 5): 0.2327, 11.0240, 6.5745
(14, 6): 0.3051, 11.0151, 7.0406
(14, 7): 0.2317, 11.0133, 8.0190
(14, 8): 0.1142, 11.0139, 8.4397
(14, 9): 0.1142, 11.0139, 8.4397
(14, 10): 0.0786, 11.0243, 8.6816
(14, 11): 0.0823, 11.0122, 6.9010
(14, 12): 0.0823, 11.0122, 6.9010
(14, 13): 0.1130, 11.0322, 5.6007
(14, 14): 0.1605, 11.0003, 6.5527
(14, 15): 0.1605, 11.0003, 6.5527
(14, 16): 0.1862, 11.0964, 6.0090
(14, 17): 0.2237, 11.1345, 5.5287
(14, 18): 0.2697, 11.0820, 5.3612
(14, 19): 0.2697, 11.0820, 5.3612
(14, 20): 0.1800, 11.0123, 6.1169
(14, 21): 0.1017, 11.0247, 6.4553
(14, 22): 0.1017, 11.0247, 6.4553
(14, 23): 0.0079, 11.0069, 5.8093
(14, 24): -0.0275, 11.0438, 6.1554
(14, 25): -0.0275, 11.0438, 6.1554
(14, 26): 0.0049, 11.0477, 6.1265
(14, 27): 0.2220, 11.0827, 4.9053
(14, 28): 0.0656, 11.0111, 6.0645
(14, 29): 0.0656, 11.0111, 6.0645
(14, 30): 0.0485, 11.0064, 5.8162
(14, 31): 0.2120, 11.0092, 5.7147
(14, 32): 0.2120, 11.0092, 5.7147
(14, 33): 0.2486, 11.0641, 5.7143
(14, 34): 0.0976, 11.0154, 5.9588
(14, 35): 0.0976, 11.0154, 5.9588
(14, 36): 0.1035, 11.0070, 4.7349
(14, 37): 0.2056, 11.0032, 5.3647
(15, 1): 0.1309, 11.0190, 7.7803
(15, 2): 0.1309, 11.0190, 7.7803
(15, 3): 0.1555, 11.0650, 7.4813
(15, 4): 0.2327, 11.0240, 6.5745
(15, 5): 0.2327, 11.0240, 6.5745
(15, 6): 0.3051, 11.0151, 7.0406
(15, 7): 0.2747, 11.1728, 7.3749
(15, 8): 0.1719, 11.0067, 7.7811
(15, 9): 0.1719, 11.0067, 7.7811
(15, 10): 0.0339, 11.0104, 8.3637
(15, 11): 0.0799, 11.0049, 8.1955
(15, 12): 0.0799, 11.0049, 8.1955
(15, 13): 0.0658, 11.0432, 8.2474
(15, 14): 0.1148, 11.0114, 6.9396
(15, 15): 0.1148, 11.0114, 6.9396
(15, 16): 0.2899, 11.0365, 5.5503
(15, 17): 0.1040, 11.0232, 7.4208
(15, 18): 0.2252, 11.0190, 5.8736
(15, 19): 0.2252, 11.0190, 5.8736
(15, 20): 0.2371, 11.1132, 5.8827
(15, 21): 0.2068, 11.0646, 6.3580
(15, 22): 0.2068, 11.0646, 6.3580
(15, 23): 0.1477, 11.0065, 6.4002
(15, 24): 0.0656, 11.0048, 5.8716
(15, 25): 0.0656, 11.0048, 5.8716
(15, 26): 0.0346, 11.0533, 5.8494
(15, 27): -0.0052, 11.0746, 5.3726
(15, 28): 0.0585, 11.0662, 5.5739
(15, 29): 0.0585, 11.0662, 5.5739
(15, 30): 0.0410, 11.0057, 5.5860
(15, 31): 0.1071, 11.0086, 6.3793
(15, 32): 0.1071, 11.0086, 6.3793
(15, 33): 0.2109, 11.0560, 5.2566
(15, 34): 0.2151, 11.0137, 5.2052
(15, 35): 0.2151, 11.0137, 5.2052
(15, 36): 0.1736, 11.0040, 5.3721
(15, 37): 0.2056, 11.0032, 5.3647
(16, 1): 0.1309, 11.0190, 7.7803
(16, 2): 0.1309, 11.0190, 7.7803
(16, 3): 0.1998, 11.0146, 7.0406
(16, 4): 0.3406, 11.0172, 6.7566
(16, 5): 0.3406, 11.0172, 6.7566
(16, 6): 0.3004, 11.0163, 6.9975
(16, 7): 0.2184, 11.0859, 7.8708
(16, 8): 0.1150, 11.0022, 8.1188
(16, 9): 0.1150, 11.0022, 8.1188
(16, 10): 0.0608, 11.0050, 8.4711
(16, 11): 0.0772, 11.0806, 8.4016
(16, 12): 0.0772, 11.0806, 8.4016
(16, 13): 0.0932, 11.0094, 7.3848
(16, 14): 0.1249, 11.0009, 7.3189
(16, 15): 0.1249, 11.0009, 7.3189
(16, 16): 0.1410, 11.0767, 6.8207
(16, 17): 0.1222, 11.0115, 7.4103
(16, 18): 0.2161, 11.0078, 6.7336
(16, 19): 0.2161, 11.0078, 6.7336
(16, 20): 0.2002, 11.0050, 5.6031
(16, 21): 0.1900, 11.0467, 6.8188
(16, 22): 0.1900, 11.0467, 6.8188
(16, 23): 0.1290, 11.0523, 6.2214
(16, 24): 0.1400, 11.0035, 5.7815
(16, 25): 0.1400, 11.0035, 5.7815
(16, 26): 0.0361, 11.0746, 6.1137
(16, 27): 0.1258, 11.0238, 5.4728
(16, 28): 0.1514, 11.0010, 5.1739
(16, 29): 0.1514, 11.0010, 5.1739
(16, 30): 0.1389, 11.0607, 5.1426
(16, 31): 0.1800, 11.0057, 4.8456
(16, 32): 0.1800, 11.0057, 4.8456
(16, 33): 0.2717, 11.0080, 4.1140
(16, 34): 0.2884, 11.0062, 4.1683
(16, 35): 0.2884, 11.0062, 4.1683
(16, 36): 0.2326, 11.0182, 4.9435
(16, 37): 0.2874, 11.0480, 5.3655
(17, 1): 0.1235, 11.0227, 8.4336
(17, 2): 0.1235, 11.0227, 8.4336
(17, 3): 0.2011, 11.0194, 7.9554
(17, 4): 0.2596, 11.0561, 7.1621
(17, 5): 0.2596, 11.0561, 7.1621
(17, 6): 0.1219, 11.1667, 7.7457
(17, 7): 0.2125, 11.0153, 7.3543
(17, 8): 0.2027, 11.0479, 7.8000
(17, 9): 0.2027, 11.0479, 7.8000
(17, 10): 0.1097, 11.0217, 8.6206
(17, 11): 0.0658, 11.0070, 7.5499
(17, 12): 0.0658, 11.0070, 7.5499
(17, 13): -0.0387, 11.0400, 8.7050
(17, 14): 0.0738, 11.0704, 7.4664
(17, 15): 0.0738, 11.0704, 7.4664
(17, 16): 0.0766, 11.0005, 7.0953
(17, 17): 0.0534, 11.0417, 7.8204
(17, 18): 0.1364, 11.0092, 7.0019
(17, 19): 0.1364, 11.0092, 7.0019
(17, 20): 0.1347, 11.0474, 6.6456
(17, 21): 0.1866, 11.0215, 5.9355
(17, 22): 0.1866, 11.0215, 5.9355
(17, 23): 0.1994, 11.0274, 5.5257
(17, 24): 0.2127, 11.0206, 4.9062
(17, 25): 0.2127, 11.0206, 4.9062
(17, 26): 0.0921, 11.0257, 5.9741
(17, 27): 0.1380, 11.0312, 5.3965
(17, 28): 0.1686, 11.0486, 5.4799
(17, 29): 0.1686, 11.0486, 5.4799
(17, 30): 0.0987, 11.0279, 5.2458
(17, 31): 0.1509, 11.0466, 5.0860
(17, 32): 0.1509, 11.0466, 5.0860
(17, 33): 0.2268, 11.0121, 4.7223
(17, 34): 0.3173, 11.0208, 4.0479
(17, 35): 0.3173, 11.0208, 4.0479
(17, 36): 0.3092, 11.0182, 4.6298
(17, 37): 0.2700, 11.0470, 5.0482
(18, 1): 0.1517, 11.0260, 8.4057
(18, 2): 0.1517, 11.0260, 8.4057
(18, 3): 0.1812, 11.1962, 8.1166
(18, 4): 0.0877, 11.0947, 8.2370
(18, 5): 0.1601, 11.0176, 8.4543
(18, 6): 0.1601, 11.0176, 8.4543
(18, 7): 0.2132, 11.0910, 7.3778
(18, 8): 0.1896, 11.0536, 7.2322
(18, 9): 0.1896, 11.0536, 7.2322
(18, 10): 0.1419, 11.0465, 7.1168
(18, 11): 0.0662, 11.0193, 7.7391
(18, 12): 0.0662, 11.0193, 7.7391
(18, 13): 0.0365, 11.0282, 8.2618
(18, 14): 0.1234, 11.0878, 7.0894
(18, 15): 0.1234, 11.0878, 7.0894
(18, 16): 0.0183, 11.0217, 7.3251
(18, 17): 0.0442, 11.0431, 7.1992
(18, 18): 0.0404, 11.2263, 7.1906
(18, 19): 0.0404, 11.2263, 7.1906
(18, 20): 0.1479, 11.0164, 6.7706
(18, 21): 0.1404, 11.0163, 6.4671
(18, 22): 0.1404, 11.0163, 6.4671
(18, 23): 0.2100, 11.0047, 5.0794
(18, 24): 0.2775, 11.0115, 4.8192
(18, 25): 0.2775, 11.0115, 4.8192
(18, 26): 0.2509, 11.1172, 5.4243
(18, 27): 0.1844, 11.0493, 4.5695
(18, 28): 0.1844, 11.0493, 4.5695
(18, 29): 0.0980, 11.0261, 5.3539
(18, 30): 0.1353, 11.0609, 5.0251
(18, 31): 0.1453, 11.0844, 4.8331
(18, 32): 0.1453, 11.0844, 4.8331
(18, 33): 0.2513, 11.0202, 4.0544
(18, 34): 0.2685, 11.0011, 4.1479
(18, 35): 0.2685, 11.0011, 4.1479
(18, 36): 0.1491, 11.0418, 5.6016
(18, 37): 0.2132, 11.0499, 5.3457
(19, 1): -0.0278, 11.0006, 6.5470
(19, 2): -0.0278, 11.0006, 6.5470
(19, 3): 0.0869, 11.0142, 9.6440
(19, 4): 0.1376, 11.2076, 8.8814
(19, 5): 0.2017, 11.0637, 7.4837
(19, 6): 0.2017, 11.0637, 7.4837
(19, 7): 0.1969, 11.0664, 6.7861
(19, 8): 0.1640, 11.0565, 7.1031
(19, 9): 0.1640, 11.0565, 7.1031
(19, 10): 0.1428, 11.0291, 7.9173
(19, 11): 0.1733, 11.0282, 7.4653
(19, 12): 0.1733, 11.0282, 7.4653
(19, 13): 0.1001, 11.0648, 8.1550
(19, 14): 0.0925, 11.0165, 7.8913
(19, 15): 0.0925, 11.0165, 7.8913
(19, 16): -0.0472, 11.0459, 9.3790
(19, 17): -0.0029, 11.0339, 7.5395
(19, 18): -0.0441, 11.0249, 7.5356
(19, 19): -0.0441, 11.0249, 7.5356
(19, 20): 0.2116, 11.0472, 5.6660
(19, 21): 0.2023, 11.0703, 6.2475
(19, 22): 0.2023, 11.0703, 6.2475
(19, 23): 0.1511, 11.0263, 6.5723
(19, 24): 0.2508, 11.0236, 5.7979
(19, 25): 0.2508, 11.0236, 5.7979
(19, 26): 0.2854, 11.0088, 5.2243
(19, 27): 0.2221, 11.0125, 5.4337
(19, 28): 0.2221, 11.0125, 5.4337
(19, 29): 0.2317, 11.0252, 4.9444
(19, 30): 0.2052, 11.0224, 4.6530
(19, 31): 0.0373, 11.1367, 5.4469
(19, 32): 0.0373, 11.1367, 5.4469
(19, 33): 0.1406, 11.0051, 4.8104
(19, 34): 0.1480, 11.0118, 4.8066
(19, 35): 0.1480, 11.0118, 4.8066
(19, 36): 0.1871, 11.0071, 6.0322
(19, 37): 0.2112, 11.1263, 5.8216
(20, 1): 0.1690, 11.0662, 5.5407
(20, 2): 0.1690, 11.0662, 5.5407
(20, 3): 0.0913, 11.0078, 8.9611
(20, 4): 0.1402, 11.0084, 8.0858
(20, 5): 0.1175, 11.0535, 7.0984
(20, 6): 0.1175, 11.0535, 7.0984
(20, 7): 0.1653, 11.1060, 7.0927
(20, 8): 0.2952, 11.0164, 6.2077
(20, 9): 0.2952, 11.0164, 6.2077
(20, 10): 0.2374, 11.0009, 6.8739
(20, 11): 0.1060, 11.0190, 7.8846
(20, 12): 0.1060, 11.0190, 7.8846
(20, 13): 0.0823, 11.0820, 7.8992
(20, 14): -0.0081, 11.2327, 8.6540
(20, 15): -0.0081, 11.2327, 8.6540
(20, 16): -0.1550, 11.0993, 8.8847
(20, 17): -0.0431, 11.0106, 7.9030
(20, 18): -0.0194, 11.0109, 6.6827
(20, 19): -0.0194, 11.0109, 6.6827
(20, 20): 0.0792, 11.0710, 6.7654
(20, 21): 0.2174, 11.0116, 5.6890
(20, 22): 0.2174, 11.0116, 5.6890
(20, 23): 0.1463, 11.0086, 6.2246
(20, 24): 0.1360, 11.0439, 5.9185
(20, 25): 0.1360, 11.0439, 5.9185
(20, 26): 0.1674, 11.0000, 5.6366
(20, 27): 0.2003, 11.0031, 5.6356
(20, 28): 0.2003, 11.0031, 5.6356
(20, 29): 0.2513, 11.0174, 5.3414
(20, 30): 0.2370, 11.0047, 5.1103
(20, 31): 0.0093, 11.0154, 5.5717
(20, 32): 0.0093, 11.0154, 5.5717
(20, 33): 0.0143, 11.0207, 5.8573
(20, 34): 0.0692, 11.0263, 4.5573
(20, 35): 0.0692, 11.0263, 4.5573
(20, 36): 0.1257, 11.0396, 6.3075
(20, 37): 0.2460, 11.0132, 5.1226
(21, 1): 0.0768, 11.1212, 5.8893
(21, 2): 0.1029, 11.0418, 6.8331
(21, 3): 0.1029, 11.0418, 6.8331
(21, 4): 0.0321, 11.0893, 8.3867
(21, 5): 0.1875, 11.0957, 6.7840
(21, 6): 0.1875, 11.0957, 6.7840
(21, 7): 0.2172, 11.0433, 7.0050
(21, 8): 0.2749, 11.0105, 6.2299
(21, 9): 0.2749, 11.0105, 6.2299
(21, 10): 0.2962, 11.0681, 6.2107
(21, 11): 0.1666, 11.0810, 7.3435
(21, 12): 0.1666, 11.0810, 7.3435
(21, 13): 0.1629, 11.0489, 7.1904
(21, 14): 0.1468, 11.0010, 7.2852
(21, 15): 0.1468, 11.0010, 7.2852
(21, 16): -0.0160, 11.0513, 7.7291
(21, 17): -0.0297, 11.0060, 7.9711
(21, 18): 0.0253, 11.0015, 8.4747
(21, 19): 0.0253, 11.0015, 8.4747
(21, 20): 0.0983, 11.0275, 7.0305
(21, 21): 0.2612, 11.1515, 4.8677
(21, 22): 0.2612, 11.1515, 4.8677
(21, 23): 0.1662, 11.0146, 6.1960
(21, 24): 0.1719, 11.0374, 7.1176
(21, 25): 0.1719, 11.0374, 7.1176
(21, 26): 0.1784, 11.0141, 6.2223
(21, 27): 0.2537, 11.0384, 5.8259
(21, 28): 0.2537, 11.0384, 5.8259
(21, 29): 0.2851, 11.0287, 4.9704
(21, 30): 0.1717, 11.0247, 4.8785
(21, 31): 0.0098, 11.0076, 5.5482
(21, 32): 0.0098, 11.0076, 5.5482
(21, 33): 0.0939, 11.0063, 5.4770
(21, 34): -0.0967, 11.0953, 5.3148
(21, 35): -0.0967, 11.0953, 5.3148
(21, 36): 0.0316, 11.0441, 6.0124
(21, 37): 0.1517, 11.0308, 5.7205
(22, 1): 0.1791, 11.0035, 5.1619
(22, 2): 0.2574, 11.0193, 4.2342
(22, 3): 0.2574, 11.0193, 4.2342
(22, 4): 0.1042, 11.0727, 7.6674
(22, 5): 0.0964, 11.0212, 7.6778
(22, 6): 0.0964, 11.0212, 7.6778
(22, 7): 0.1865, 11.0231, 7.1774
(22, 8): 0.2328, 11.0154, 6.8686
(22, 9): 0.2328, 11.0154, 6.8686
(22, 10): 0.2191, 11.0108, 6.9396
(22, 11): 0.2889, 11.0483, 6.3571
(22, 12): 0.2889, 11.0483, 6.3571
(22, 13): 0.2630, 11.0259, 6.6172
(22, 14): 0.2856, 11.0011, 6.3573
(22, 15): 0.1855, 11.0069, 7.2323
(22, 16): 0.1855, 11.0069, 7.2323
(22, 17): 0.1569, 11.0045, 6.3298
(22, 18): 0.0502, 11.0011, 7.9122
(22, 19): 0.0502, 11.0011, 7.9122
(22, 20): 0.0022, 11.0158, 8.0282
(22, 21): 0.1811, 11.0144, 6.8277
(22, 22): 0.1811, 11.0144, 6.8277
(22, 23): 0.0582, 11.0074, 6.5850
(22, 24): 0.1016, 11.0109, 7.8436
(22, 25): 0.1016, 11.0109, 7.8436
(22, 26): 0.0902, 11.0142, 7.5833
(22, 27): 0.1904, 11.0021, 5.8757
(22, 28): 0.1904, 11.0021, 5.8757
(22, 29): 0.2548, 11.0641, 4.9874
(22, 30): 0.1981, 11.0080, 5.3183
(22, 31): 0.1925, 11.0285, 5.0721
(22, 32): 0.1925, 11.0285, 5.0721
(22, 33): 0.1063, 11.0075, 6.0066
(22, 34): 0.0398, 11.0258, 6.1309
(22, 35): 0.0398, 11.0258, 6.1309
(22, 36): 0.0790, 11.0277, 6.8251
(22, 37): 0.1772, 11.0018, 6.7578
(23, 1): 0.4307, 11.0432, 3.7570
(23, 2): 0.3672, 11.0204, 3.4645
(23, 3): 0.3672, 11.0204, 3.4645
(23, 4): 0.0695, 11.0427, 7.4976
(23, 5): 0.0777, 11.2299, 7.5357
(23, 6): 0.0777, 11.2299, 7.5357
(23, 7): 0.1578, 11.0482, 7.2838
(23, 8): 0.2327, 11.0253, 6.5674
(23, 9): 0.2327, 11.0253, 6.5674
(23, 10): 0.2693, 11.0276, 6.0612
(23, 11): 0.2087, 11.0178, 7.3885
(23, 12): 0.2087, 11.0178, 7.3885
(23, 13): 0.2268, 11.0114, 7.6921
(23, 14): 0.1165, 11.1145, 9.0723
(23, 15): 0.1274, 11.0857, 8.6834
(23, 16): 0.1274, 11.0857, 8.6834
(23, 17): 0.1700, 11.0536, 7.8573
(23, 18): 0.2057, 11.1302, 8.4627
(23, 19): 0.2057, 11.1302, 8.4627
(23, 20): 0.1285, 11.0181, 6.9529
(23, 21): 0.2200, 11.0093, 6.8936
(23, 22): 0.2200, 11.0093, 6.8936
(23, 23): 0.0285, 11.0300, 7.4294
(23, 24): 0.0883, 11.0592, 6.7055
(23, 25): 0.0883, 11.0592, 6.7055
(23, 26): 0.0971, 11.0175, 6.8558
(23, 27): 0.2068, 11.0480, 7.0993
(23, 28): 0.2068, 11.0480, 7.0993
(23, 29): 0.2668, 11.0128, 5.1647
(23, 30): 0.2663, 11.0268, 5.1554
(23, 31): 0.2554, 11.0402, 5.1940
(23, 32): 0.2554, 11.0402, 5.1940
(23, 33): 0.2236, 11.0137, 5.2263
(23, 34): 0.1295, 11.0015, 4.5810
(23, 35): 0.1295, 11.0015, 4.5810
(23, 36): 0.1166, 11.0452, 5.6905
(23, 37): 0.2060, 11.0046, 5.7323
(24, 1): 0.3934, 11.0566, 3.8943
(24, 2): 0.3155, 11.0398, 4.0068
(24, 3): 0.3155, 11.0398, 4.0068
(24, 4): 0.1003, 11.0058, 7.5034
(24, 5): 0.0453, 11.0061, 7.1103
(24, 6): 0.0453, 11.0061, 7.1103
(24, 7): 0.1385, 11.0105, 6.4202
(24, 8): 0.1782, 11.0074, 6.4183
(24, 9): 0.1782, 11.0074, 6.4183
(24, 10): 0.2135, 11.0069, 6.1865
(24, 11): 0.1530, 11.0358, 7.2897
(24, 12): 0.1530, 11.0358, 7.2897
(24, 13): 0.2268, 11.0114, 7.6921
(24, 14): 0.1165, 11.1145, 9.0723
(24, 15): 0.1274, 11.0857, 8.6834
(24, 16): 0.1274, 11.0857, 8.6834
(24, 17): 0.1700, 11.0536, 7.8573
(24, 18): 0.2057, 11.1302, 8.4627
(24, 19): 0.2057, 11.1302, 8.4627
(24, 20): 0.1285, 11.0181, 6.9529
(24, 21): 0.2200, 11.0093, 6.8936
(24, 22): 0.2200, 11.0093, 6.8936
(24, 23): 0.0285, 11.0300, 7.4294
(24, 24): 0.0883, 11.0592, 6.7055
(24, 25): 0.0883, 11.0592, 6.7055
(24, 26): 0.0971, 11.0175, 6.8558
(24, 27): 0.2068, 11.0480, 7.0993
(24, 28): 0.2068, 11.0480, 7.0993
(24, 29): 0.2668, 11.0128, 5.1647
(24, 30): 0.2663, 11.0268, 5.1554
(24, 31): 0.2977, 11.0002, 5.7713
(24, 32): 0.3384, 11.0119, 5.4322
(24, 33): 0.2047, 11.0260, 5.4620
(24, 34): 0.1568, 11.0059, 4.8590
(24, 35): 0.1568, 11.0059, 4.8590
(24, 36): 0.1151, 11.0001, 5.5609
(24, 37): 0.1477, 11.0403, 5.9725
(25, 1): 0.5178, 11.1671, 3.3617
(25, 2): 0.4162, 11.0524, 3.8706
(25, 3): 0.4162, 11.0524, 3.8706
(25, 4): 0.3578, 11.0496, 6.1999
(25, 5): 0.2769, 11.1487, 6.2018
(25, 6): 0.2769, 11.1487, 6.2018
(25, 7): 0.1385, 11.0105, 6.4202
(25, 8): 0.1782, 11.0074, 6.4183
(25, 9): 0.1782, 11.0074, 6.4183
(25, 10): 0.2135, 11.0069, 6.1865
(25, 11): 0.1530, 11.0358, 7.2897
(25, 12): 0.1530, 11.0358, 7.2897
(25, 13): 0.1643, 11.1146, 7.4594
(25, 14): 0.1512, 11.0373, 7.6861
(25, 15): 0.0572, 11.0063, 8.9273
(25, 16): 0.0572, 11.0063, 8.9273
(25, 17): 0.1495, 11.0048, 8.0757
(25, 18): 0.1942, 11.0247, 8.1037
(25, 19): 0.1942, 11.0247, 8.1037
(25, 20): 0.1967, 11.0082, 6.9996
(25, 21): 0.1950, 11.0141, 6.1520
(25, 22): 0.1950, 11.0141, 6.1520
(25, 23): 0.1218, 11.0122, 7.3559
(25, 24): 0.0446, 11.0628, 7.0793
(25, 25): 0.0446, 11.0628, 7.0793
(25, 26): 0.1376, 11.0842, 6.2172
(25, 27): 0.1756, 11.0105, 6.8138
(25, 28): 0.1756, 11.0105, 6.8138
(25, 29): 0.3873, 11.0268, 5.6485
(25, 30): 0.2977, 11.0002, 5.7713
(25, 31): 0.2977, 11.0002, 5.7713
(25, 32): 0.3384, 11.0119, 5.4322
(25, 33): 0.2047, 11.0260, 5.4620
(25, 34): 0.1568, 11.0059, 4.8590
(25, 35): 0.1568, 11.0059, 4.8590
(25, 36): 0.1151, 11.0001, 5.5609
(25, 37): 0.0997, 11.0643, 5.4466
(26, 1): 0.6635, 11.0159, 2.6677
(26, 2): 0.4162, 11.0524, 3.8706
(26, 3): 0.4162, 11.0524, 3.8706
(26, 4): 0.3578, 11.0496, 6.1999
(26, 5): 0.2769, 11.1487, 6.2018
(26, 6): 0.2769, 11.1487, 6.2018
(26, 7): 0.2631, 11.0528, 6.3251
(26, 8): 0.2362, 11.0352, 6.9671
(26, 9): 0.2362, 11.0352, 6.9671
(26, 10): 0.3003, 11.0689, 6.7450
(26, 11): 0.2187, 11.0161, 7.5130
(26, 12): 0.2187, 11.0161, 7.5130
(26, 13): 0.2475, 11.0022, 7.0440
(26, 14): 0.2695, 11.0369, 7.5275
(26, 15): 0.2223, 11.0381, 8.3763
(26, 16): 0.2223, 11.0381, 8.3763
(26, 17): 0.2567, 11.0038, 7.4365
(26, 18): 0.2183, 11.0018, 7.7798
(26, 19): 0.2183, 11.0018, 7.7798
(26, 20): 0.2979, 11.0194, 6.7164
(26, 21): 0.2771, 11.0503, 6.2339
(26, 22): 0.2771, 11.0503, 6.2339
(26, 23): 0.2246, 11.0044, 6.6736
(26, 24): 0.0379, 11.0491, 7.0336
(26, 25): 0.0379, 11.0491, 7.0336
(26, 26): 0.1881, 11.0007, 6.4023
(26, 27): 0.2399, 11.0124, 6.1505
(26, 28): 0.2399, 11.0124, 6.1505
(26, 29): 0.2972, 11.0335, 6.7239
(26, 30): 0.2643, 11.0675, 5.4740
(26, 31): 0.2643, 11.0675, 5.4740
(26, 32): 0.3657, 11.0118, 5.5618
(26, 33): 0.3261, 11.0067, 5.7889
(26, 34): 0.2049, 11.0183, 5.9812
(26, 35): 0.2049, 11.0183, 5.9812
(26, 36): 0.0766, 11.0022, 5.1066
(26, 37): 0.0997, 11.0643, 5.4466
(27, 1): 0.6635, 11.0159, 2.6677
(27, 2): 0.4192, 11.0214, 4.1302
(27, 3): 0.4192, 11.0214, 4.1302
(27, 4): 0.3736, 11.0076, 5.6817
(27, 5): 0.3358, 11.0183, 5.7645
(27, 6): 0.3358, 11.0183, 5.7645
(27, 7): 0.4164, 11.0254, 5.4906
(27, 8): 0.3090, 11.1072, 6.5198
(27, 9): 0.3090, 11.1072, 6.5198
(27, 10): 0.2699, 11.0274, 6.7761
(27, 11): 0.2992, 11.1536, 6.7115
(27, 12): 0.1605, 11.0121, 7.8187
(27, 13): 0.1605, 11.0121, 7.8187
(27, 14): 0.1847, 11.0048, 7.4293
(27, 15): 0.1771, 11.0619, 8.1570
(27, 16): 0.1771, 11.0619, 8.1570
(27, 17): 0.3145, 11.0295, 7.2958
(27, 18): 0.2927, 11.0253, 8.1876
(27, 19): 0.2927, 11.0253, 8.1876
(27, 20): 0.2932, 11.0079, 6.2542
(27, 21): 0.2066, 11.0199, 6.7550
(27, 22): 0.2066, 11.0199, 6.7550
(27, 23): -0.0282, 11.0060, 9.0593
(27, 24): 0.1656, 11.0079, 6.4714
(27, 25): 0.1656, 11.0079, 6.4714
(27, 26): 0.2434, 11.0084, 6.1020
(27, 27): 0.3385, 11.0334, 5.3318
(27, 28): 0.3385, 11.0334, 5.3318
(27, 29): 0.2746, 11.0246, 5.1228
(27, 30): 0.3094, 11.0502, 5.1182
(27, 31): 0.3094, 11.0502, 5.1182
(27, 32): 0.2830, 11.0037, 5.2189
(27, 33): 0.4347, 11.0148, 4.8503
(27, 34): 0.4347, 11.0148, 4.8503
(27, 35): 0.3319, 11.0198, 5.7600
(27, 36): 0.1825, 11.0445, 5.7594
(27, 37): 0.1376, 11.0335, 5.4500
(28, 1): 0.6290, 11.0700, 2.9087
(28, 2): 0.4420, 11.2727, 3.8965
(28, 3): 0.4420, 11.2727, 3.8965
(28, 4): 0.3527, 11.0745, 5.5994
(28, 5): 0.3600, 11.0795, 5.7077
(28, 6): 0.3600, 11.0795, 5.7077
(28, 7): 0.2969, 11.0099, 6.5608
(28, 8): 0.2219, 11.0690, 7.1314
(28, 9): 0.2219, 11.0690, 7.1314
(28, 10): 0.2914, 11.0142, 6.6891
(28, 11): 0.3449, 11.0577, 6.4529
(28, 12): 0.1976, 11.0479, 7.6674
(28, 13): 0.1976, 11.0479, 7.6674
(28, 14): 0.1956, 11.0079, 7.5975
(28, 15): 0.2098, 11.0396, 7.7145
(28, 16): 0.2098, 11.0396, 7.7145
(28, 17): 0.2262, 11.0054, 8.2407
(28, 18): 0.4216, 11.0358, 6.2366
(28, 19): 0.4216, 11.0358, 6.2366
(28, 20): 0.3294, 11.0099, 5.8218
(28, 21): 0.1442, 11.0832, 7.4919
(28, 22): 0.1442, 11.0832, 7.4919
(28, 23): 0.2228, 11.0346, 6.4738
(28, 24): 0.1311, 11.0154, 6.1743
(28, 25): 0.1311, 11.0154, 6.1743
(28, 26): 0.1218, 11.0792, 5.5199
(28, 27): 0.1798, 11.0157, 6.0721
(28, 28): 0.1798, 11.0157, 6.0721
(28, 29): 0.1936, 11.0007, 5.0854
(28, 30): 0.1809, 11.0316, 5.5184
(28, 31): 0.1809, 11.0316, 5.5184
(28, 32): 0.1680, 11.0016, 6.2396
(28, 33): 0.2347, 11.0009, 5.7584
(28, 34): 0.2347, 11.0009, 5.7584
(28, 35): 0.1781, 11.0207, 6.2895
(28, 36): 0.0698, 11.0234, 6.6990
(28, 37): 0.1710, 11.0251, 5.8868
(29, 1): 0.5049, 11.0053, 3.7622
(29, 2): 0.4633, 11.1214, 4.5327
(29, 3): 0.4633, 11.1214, 4.5327
(29, 4): 0.3599, 11.0180, 5.6450
(29, 5): 0.2810, 11.0108, 6.2084
(29, 6): 0.2810, 11.0108, 6.2084
(29, 7): 0.2543, 11.0201, 6.7674
(29, 8): 0.2547, 11.0460, 6.5190
(29, 9): 0.2834, 11.1116, 6.3522
(29, 10): 0.2834, 11.1116, 6.3522
(29, 11): 0.2583, 11.0559, 7.3960
(29, 12): 0.3110, 11.0006, 6.5417
(29, 13): 0.3110, 11.0006, 6.5417
(29, 14): 0.2779, 11.0200, 7.0055
(29, 15): 0.2503, 11.0081, 7.3007
(29, 16): 0.2503, 11.0081, 7.3007
(29, 17): 0.2491, 11.0366, 7.8513
(29, 18): 0.2775, 11.0621, 6.6995
(29, 19): 0.2775, 11.0621, 6.6995
(29, 20): 0.2585, 11.0098, 6.4753
(29, 21): 0.1797, 11.0477, 7.1112
(29, 22): 0.1797, 11.0477, 7.1112
(29, 23): 0.1475, 11.0046, 6.7583
(29, 24): 0.0328, 11.0061, 6.3861
(29, 25): 0.0328, 11.0061, 6.3861
(29, 26): -0.0018, 11.0177, 6.3377
(29, 27): 0.1890, 11.0135, 5.9027
(29, 28): 0.1890, 11.0135, 5.9027
(29, 29): 0.1941, 11.0361, 5.3564
(29, 30): 0.1184, 11.0080, 6.5764
(29, 31): 0.1184, 11.0080, 6.5764
(29, 32): 0.1924, 11.0381, 6.1252
(29, 33): 0.1726, 11.0228, 5.3987
(29, 34): 0.1726, 11.0228, 5.3987
(29, 35): 0.1295, 11.0334, 5.1144
(29, 36): 0.1236, 11.0126, 5.3995
(29, 37): 0.1236, 11.0126, 5.3995
(30, 1): 0.3969, 11.0560, 4.8561
(30, 2): 0.4430, 11.0180, 6.1487
(30, 3): 0.4430, 11.0180, 6.1487
(30, 4): 0.3928, 11.0690, 5.7533
(30, 5): 0.2881, 11.0005, 6.5359
(30, 6): 0.2340, 11.0469, 6.9681
(30, 7): 0.2340, 11.0469, 6.9681
(30, 8): 0.2688, 11.0244, 6.3017
(30, 9): 0.3263, 11.0057, 5.7619
(30, 10): 0.3263, 11.0057, 5.7619
(30, 11): 0.2790, 11.0862, 6.3180
(30, 12): 0.1739, 11.0028, 7.6704
(30, 13): 0.1739, 11.0028, 7.6704
(30, 14): 0.2047, 11.1538, 7.5354
(30, 15): 0.2464, 11.0225, 7.6093
(30, 16): 0.2464, 11.0225, 7.6093
(30, 17): 0.2949, 11.0371, 6.8176
(30, 18): 0.3406, 11.0350, 6.0261
(30, 19): 0.3406, 11.0350, 6.0261
(30, 20): 0.3013, 11.0020, 5.6418
(30, 21): 0.2628, 11.0038, 6.2816
(30, 22): 0.2628, 11.0038, 6.2816
(30, 23): 0.1110, 11.0429, 6.1059
(30, 24): 0.0867, 11.0235, 6.1447
(30, 25): 0.0867, 11.0235, 6.1447
(30, 26): 0.0526, 11.0141, 5.9056
(30, 27): 0.0621, 11.0878, 6.9074
(30, 28): 0.0621, 11.0878, 6.9074
(30, 29): 0.1366, 11.0304, 5.7487
(30, 30): 0.1139, 11.0216, 6.9162
(30, 31): 0.1139, 11.0216, 6.9162
(30, 32): 0.1612, 11.0958, 7.5537
(30, 33): 0.1652, 11.0124, 6.2557
(30, 34): 0.1652, 11.0124, 6.2557
(30, 35): 0.1513, 11.0507, 6.3806
(30, 36): 0.0387, 11.0076, 6.3725
(30, 37): 0.0387, 11.0076, 6.3725
(31, 1): 0.3969, 11.0560, 4.8561
(31, 2): 0.4430, 11.0180, 6.1487
(31, 3): 0.3928, 11.0690, 5.7533
(31, 4): 0.3928, 11.0690, 5.7533
(31, 5): 0.2881, 11.0005, 6.5359
(31, 6): 0.2340, 11.0469, 6.9681
(31, 7): 0.2340, 11.0469, 6.9681
(31, 8): 0.2688, 11.0244, 6.3017
(31, 9): 0.3263, 11.0057, 5.7619
(31, 10): 0.3263, 11.0057, 5.7619
(31, 11): 0.2790, 11.0862, 6.3180
(31, 12): 0.1739, 11.0028, 7.6704
(31, 13): 0.1739, 11.0028, 7.6704
(31, 14): 0.2047, 11.1538, 7.5354
(31, 15): 0.2464, 11.0225, 7.6093
(31, 16): 0.2464, 11.0225, 7.6093
(31, 17): 0.2949, 11.0371, 6.8176
(31, 18): 0.3406, 11.0350, 6.0261
(31, 19): 0.3406, 11.0350, 6.0261
(31, 20): 0.3013, 11.0020, 5.6418
(31, 21): 0.2628, 11.0038, 6.2816
(31, 22): 0.2628, 11.0038, 6.2816
(31, 23): 0.1110, 11.0429, 6.1059
(31, 24): 0.0867, 11.0235, 6.1447
(31, 25): 0.0867, 11.0235, 6.1447
(31, 26): 0.0526, 11.0141, 5.9056
(31, 27): 0.0621, 11.0878, 6.9074
(31, 28): 0.0621, 11.0878, 6.9074
(31, 29): 0.1366, 11.0304, 5.7487
(31, 30): 0.1139, 11.0216, 6.9162
(31, 31): 0.1139, 11.0216, 6.9162
(31, 32): 0.1612, 11.0958, 7.5537
(31, 33): 0.1652, 11.0124, 6.2557
(31, 34): 0.1652, 11.0124, 6.2557
(31, 35): 0.1513, 11.0507, 6.3806
(31, 36): 0.0387, 11.0076, 6.3725
(31, 37): 0.0387, 11.0076, 6.3725
(32, 1): 0.3969, 11.0560, 4.8561
(32, 2): 0.4430, 11.0180, 6.1487
(32, 3): 0.3928, 11.0690, 5.7533
(32, 4): 0.3928, 11.0690, 5.7533
(32, 5): 0.2881, 11.0005, 6.5359
(32, 6): 0.2340, 11.0469, 6.9681
(32, 7): 0.2340, 11.0469, 6.9681
(32, 8): 0.2688, 11.0244, 6.3017
(32, 9): 0.3263, 11.0057, 5.7619
(32, 10): 0.3263, 11.0057, 5.7619
(32, 11): 0.2790, 11.0862, 6.3180
(32, 12): 0.1739, 11.0028, 7.6704
(32, 13): 0.1739, 11.0028, 7.6704
(32, 14): 0.2047, 11.1538, 7.5354
(32, 15): 0.2464, 11.0225, 7.6093
(32, 16): 0.2464, 11.0225, 7.6093
(32, 17): 0.2949, 11.0371, 6.8176
(32, 18): 0.3406, 11.0350, 6.0261
(32, 19): 0.3406, 11.0350, 6.0261
(32, 20): 0.3013, 11.0020, 5.6418
(32, 21): 0.2628, 11.0038, 6.2816
(32, 22): 0.2628, 11.0038, 6.2816
(32, 23): 0.1110, 11.0429, 6.1059
(32, 24): 0.0867, 11.0235, 6.1447
(32, 25): 0.0867, 11.0235, 6.1447
(32, 26): 0.0526, 11.0141, 5.9056
(32, 27): 0.0621, 11.0878, 6.9074
(32, 28): 0.0621, 11.0878, 6.9074
(32, 29): 0.1366, 11.0304, 5.7487
(32, 30): 0.1139, 11.0216, 6.9162
(32, 31): 0.1139, 11.0216, 6.9162
(32, 32): 0.1612, 11.0958, 7.5537
(32, 33): 0.1652, 11.0124, 6.2557
(32, 34): 0.1652, 11.0124, 6.2557
(32, 35): 0.1513, 11.0507, 6.3806
(32, 36): 0.0387, 11.0076, 6.3725
(32, 37): 0.0387, 11.0076, 6.3725
