(20, 13): 1.5867, 0.0200, 10.0169, 0.0183
(20, 14): 1.8332, 0.0200, 7.2585, 0.0201
(20, 15): 1.3193, 0.0200, 14.3881, 0.0064
(20, 16): 1.1245, 0.0200, 17.0282, 0.0128
(20, 17): 1.1186, 0.0200, 17.0386, 0.0156
(20, 18): 1.1780, 0.0200, 16.5980, 0.0082
(20, 19): 1.1960, 0.0200, 16.6363, 0.0201
(20, 20): 1.1468, 0.0200, 16.5930, 0.0156
(20, 21): 1.1141, 0.0200, 15.4212, 0.0073
(20, 22): 1.1171, 0.0200, 13.9383, 0.0055
(20, 23): 1.0168, 0.0200, 16.2114, 0.0101
(20, 24): 1.2566, 0.0200, 13.2667, 0.0082
(20, 25): 0.9808, 0.0200, 18.1957, 0.0110
(20, 26): 0.6678, 0.0200, 5.1557, 0.0073
(20, 27): nan, nan, nan, 0.0000
(26, 16): 1.4918, 0.0200, 10.3182, 0.0174
(26, 17): 1.5708, 0.0200, 9.1815, 0.0092
(26, 18): 1.3219, 0.0200, 12.1144, 0.0119
(26, 19): 1.5954, 0.0200, 8.7475, 0.0137
(26, 20): 1.5334, 0.0200, 9.3656, 0.0137
(26, 21): 1.3224, 0.0200, 12.3911, 0.0101
(26, 22): 1.5411, 0.0200, 7.3353, 0.0073
(26, 23): nan, nan, nan, 0.0000
(26, 24): nan, nan, nan, 0.0000
(26, 25): nan, nan, nan, 0.0000
(26, 26): nan, nan, nan, 0.0000
(26, 27): nan, nan, nan, 0.0000
(27, 1): nan, nan, nan, 0.0000
(27, 2): 0.9397, 0.0200, 9.0816, 0.0128
(27, 3): 1.1414, 0.0200, 18.7158, 0.0110
(24, 25): nan, nan, nan, 0.0000
(24, 26): nan, nan, nan, 0.0000
(24, 27): nan, nan, nan, 0.0000
(25, 1): nan, nan, nan, 0.0000
(25, 2): nan, nan, nan, 0.0000
(25, 3): nan, nan, nan, 0.0000
(25, 4): 0.8204, 0.0200, 16.1512, 0.0174
(25, 5): 1.0588, 0.0200, 14.8390, 0.0110
(25, 6): 1.1967, 0.0200, 15.8467, 0.0147
(25, 7): 1.2727, 0.0200, 6.8870, 0.0156
(25, 8): 1.3723, 0.0200, 11.3536, 0.0128
(25, 9): 1.7888, 0.0200, 7.8391, 0.0137
(25, 10): 2.5058, 0.0200, 3.0848, 0.0119
(25, 11): 2.3703, 0.0200, 4.1460, 0.0201
(25, 12): 1.6714, 0.0200, 9.7152, 0.0192
(7, 4): nan, nan, nan, 0.0000
(7, 5): nan, nan, nan, 0.0000
(7, 6): nan, nan, nan, 0.0000
(7, 7): nan, nan, nan, 0.0000
(7, 8): nan, nan, nan, 0.0000
(7, 9): nan, nan, nan, 0.0000
(7, 10): 0.4531, 0.0200, 3.0724, 0.0101
(7, 11): 0.8547, 0.0200, 8.9481, 0.0137
(7, 12): nan, nan, nan, 0.0000
(7, 13): nan, nan, nan, 0.0000
(7, 14): nan, nan, nan, 0.0000
(7, 15): 1.7221, 0.0200, 7.5326, 0.0110
(7, 16): 2.1448, 0.0200, 4.6318, 0.0119
(7, 17): 1.6604, 0.0200, 8.9509, 0.0119
(7, 18): 0.8084, 0.0200, 23.9692, 0.0156
(37, 4): nan, nan, nan, 0.0000
(37, 5): nan, nan, nan, 0.0000
(37, 6): nan, nan, nan, 0.0000
(37, 7): nan, nan, nan, 0.0000
(37, 8): nan, nan, nan, 0.0000
(37, 9): nan, nan, nan, 0.0000
(37, 10): nan, nan, nan, 0.0000
(37, 11): nan, nan, nan, 0.0000
(37, 12): nan, nan, nan, 0.0000
(37, 13): nan, nan, nan, 0.0000
(37, 14): nan, nan, nan, 0.0000
(37, 15): nan, nan, nan, 0.0000
(37, 16): nan, nan, nan, 0.0000
(37, 17): nan, nan, nan, 0.0000
(37, 18): nan, nan, nan, 0.0000
(37, 19): nan, nan, nan, 0.0000
(37, 20): nan, nan, nan, 0.0000
(37, 21): nan, nan, nan, 0.0000
(37, 22): nan, nan, nan, 0.0000
(37, 23): nan, nan, nan, 0.0000
(37, 24): nan, nan, nan, 0.0000
(37, 25): nan, nan, nan, 0.0000
(37, 26): nan, nan, nan, 0.0000
(37, 27): nan, nan, nan, 0.0000
(2, 19): nan, nan, nan, 0.0000
(2, 20): 0.7734, 0.0200, 3.1301, 0.0073
(2, 21): 1.1145, 0.0200, 2.1879, 0.0128
(2, 22): nan, nan, nan, 0.0000
(2, 23): nan, nan, nan, 0.0000
(2, 24): nan, nan, nan, 0.0000
(2, 25): nan, nan, nan, 0.0000
(2, 26): nan, nan, nan, 0.0000
(2, 27): nan, nan, nan, 0.0000
(3, 1): nan, nan, nan, 0.0000
(3, 2): nan, nan, nan, 0.0000
(3, 3): nan, nan, nan, 0.0000
(3, 4): nan, nan, nan, 0.0000
(3, 5): nan, nan, nan, 0.0000
(3, 6): nan, nan, nan, 0.0000
(32, 19): 0.6852, 0.0200, 4.9996, 0.0128
(32, 20): 1.9840, 0.0200, 5.3053, 0.0201
(32, 21): 1.0628, 0.0200, 10.4683, 0.0119
(32, 22): 0.6977, 0.0200, 3.3620, 0.0147
(32, 23): nan, nan, nan, 0.0000
(32, 24): nan, nan, nan, 0.0000
(32, 25): nan, nan, nan, 0.0000
(32, 26): nan, nan, nan, 0.0000
(32, 27): nan, nan, nan, 0.0000
(33, 1): nan, nan, nan, 0.0000
(33, 2): nan, nan, nan, 0.0000
(33, 3): nan, nan, nan, 0.0000
(33, 4): nan, nan, nan, 0.0000
(33, 5): nan, nan, nan, 0.0000
(33, 6): nan, nan, nan, 0.0000
(4, 10): nan, nan, nan, 0.0000
(4, 11): nan, nan, nan, 0.0000
(4, 12): nan, nan, nan, 0.0000
(4, 13): 0.6599, 0.0200, 6.7393, 0.0165
(4, 14): 1.0996, 0.0200, 9.1023, 0.0137
(4, 15): 0.7691, 0.0200, 5.5097, 0.0174
(4, 16): 0.6894, 0.0200, 6.1034, 0.0101
(4, 17): 0.7604, 0.0200, 5.4206, 0.0128
(4, 18): 0.8870, 0.0200, 15.0524, 0.0110
(4, 19): 0.7368, 0.0200, 21.2405, 0.0128
(4, 20): 0.8173, 0.0200, 24.0626, 0.0082
(4, 21): 0.8977, 0.0200, 23.3273, 0.0082
(4, 22): 0.9709, 0.0200, 18.9346, 0.0046
(4, 23): 1.1224, 0.0200, 15.0184, 0.0055
(4, 24): 1.3207, 0.0200, 12.8967, 0.0046
(32, 4): nan, nan, nan, 0.0000
(32, 5): nan, nan, nan, 0.0000
(32, 6): nan, nan, nan, 0.0000
(32, 7): nan, nan, nan, 0.0000
(32, 8): nan, nan, nan, 0.0000
(32, 9): nan, nan, nan, 0.0000
(32, 10): nan, nan, nan, 0.0000
(32, 11): nan, nan, nan, 0.0000
(32, 12): nan, nan, nan, 0.0000
(32, 13): nan, nan, nan, 0.0000
(32, 14): nan, nan, nan, 0.0000
(32, 15): nan, nan, nan, 0.0000
(32, 16): nan, nan, nan, 0.0000
(32, 17): nan, nan, nan, 0.0000
(32, 18): nan, nan, nan, 0.0000
(36, 16): nan, nan, nan, 0.0000
(36, 17): nan, nan, nan, 0.0000
(36, 18): nan, nan, nan, 0.0000
(36, 19): nan, nan, nan, 0.0000
(36, 20): nan, nan, nan, 0.0000
(36, 21): nan, nan, nan, 0.0000
(36, 22): nan, nan, nan, 0.0000
(36, 23): nan, nan, nan, 0.0000
(36, 24): nan, nan, nan, 0.0000
(36, 25): nan, nan, nan, 0.0000
(36, 26): nan, nan, nan, 0.0000
(36, 27): nan, nan, nan, 0.0000
(37, 1): nan, nan, nan, 0.0000
(37, 2): nan, nan, nan, 0.0000
(37, 3): nan, nan, nan, 0.0000
(13, 22): 1.3204, 0.0200, 11.7886, 0.0082
(13, 23): 1.3288, 0.0200, 11.7962, 0.0046
(13, 24): 1.4378, 0.0200, 8.9508, 0.0119
(13, 25): 0.7696, 0.0200, 1.5417, 0.0302
(13, 26): nan, nan, nan, 0.0000
(13, 27): nan, nan, nan, 0.0000
(14, 1): nan, nan, nan, 0.0000
(14, 2): nan, nan, nan, 0.0000
(14, 3): nan, nan, nan, 0.0000
(14, 4): nan, nan, nan, 0.0000
(14, 5): nan, nan, nan, 0.0000
(14, 6): nan, nan, nan, 0.0000
(14, 7): nan, nan, nan, 0.0000
(14, 8): nan, nan, nan, 0.0000
(14, 9): nan, nan, nan, 0.0000
(11, 1): nan, nan, nan, 0.0000
(11, 2): nan, nan, nan, 0.0000
(11, 3): nan, nan, nan, 0.0000
(11, 4): nan, nan, nan, 0.0000
(11, 5): nan, nan, nan, 0.0000
(11, 6): nan, nan, nan, 0.0000
(11, 7): nan, nan, nan, 0.0000
(11, 8): nan, nan, nan, 0.0000
(11, 9): nan, nan, nan, 0.0000
(11, 10): 1.1499, 0.0200, 15.0273, 0.0082
(11, 11): 1.2359, 0.0200, 16.9346, 0.0073
(11, 12): 1.4673, 0.0200, 12.2517, 0.0128
(11, 13): 0.9558, 0.0200, 5.4172, 0.0147
(11, 14): nan, nan, nan, 0.0000
(11, 15): nan, nan, nan, 0.0000
(1, 16): nan, nan, nan, 0.0000
(1, 17): nan, nan, nan, 0.0000
(1, 18): nan, nan, nan, 0.0000
(1, 19): nan, nan, nan, 0.0000
(1, 20): nan, nan, nan, 0.0000
(1, 21): nan, nan, nan, 0.0000
(1, 22): nan, nan, nan, 0.0000
(1, 23): nan, nan, nan, 0.0000
(1, 24): nan, nan, nan, 0.0000
(1, 25): nan, nan, nan, 0.0000
(1, 26): nan, nan, nan, 0.0000
(1, 27): nan, nan, nan, 0.0000
(2, 1): nan, nan, nan, 0.0000
(2, 2): nan, nan, nan, 0.0000
(2, 3): nan, nan, nan, 0.0000
(17, 19): 1.1477, 0.0200, 17.1387, 0.0082
(17, 20): 1.2208, 0.0200, 15.8597, 0.0092
(17, 21): 1.2467, 0.0200, 14.1172, 0.0082
(17, 22): 1.0042, 0.0200, 19.0168, 0.0064
(17, 23): 1.1382, 0.0200, 16.1709, 0.0092
(17, 24): 1.1321, 0.0200, 16.6263, 0.0037
(17, 25): 1.3528, 0.0200, 13.1710, 0.0128
(17, 26): 1.7100, 0.0200, 6.5825, 0.0073
(17, 27): nan, nan, nan, 0.0000
(18, 1): nan, nan, nan, 0.0000
(18, 2): nan, nan, nan, 0.0000
(18, 3): nan, nan, nan, 0.0000
(18, 4): nan, nan, nan, 0.0000
(18, 5): nan, nan, nan, 0.0000
(18, 6): nan, nan, nan, 0.0000
(11, 16): 1.0477, 0.0200, 2.2844, 0.0183
(11, 17): 2.0106, 0.0200, 5.4998, 0.0137
(11, 18): 1.0701, 0.0200, 18.0524, 0.0101
(11, 19): 1.1099, 0.0200, 15.9614, 0.0092
(11, 20): 1.1722, 0.0200, 14.6705, 0.0092
(11, 21): 1.2183, 0.0200, 14.4498, 0.0046
(11, 22): 1.3066, 0.0200, 12.5160, 0.0101
(11, 23): 1.1188, 0.0200, 15.1103, 0.0256
(11, 24): 1.1377, 0.0200, 14.6034, 0.0119
(11, 25): 1.3129, 0.0200, 11.5562, 0.0082
(11, 26): 1.4405, 0.0200, 9.9126, 0.0110
(11, 27): nan, nan, nan, 0.0000
(12, 1): nan, nan, nan, 0.0000
(12, 2): nan, nan, nan, 0.0000
(12, 3): nan, nan, nan, 0.0000
(9, 25): 1.1223, 0.0200, 14.8663, 0.0119
(9, 26): 1.2663, 0.0200, 12.3706, 0.0128
(9, 27): 1.0229, 0.0200, 3.0654, 0.0055
(10, 1): nan, nan, nan, 0.0000
(10, 2): nan, nan, nan, 0.0000
(10, 3): nan, nan, nan, 0.0000
(10, 4): nan, nan, nan, 0.0000
(10, 5): nan, nan, nan, 0.0000
(10, 6): nan, nan, nan, 0.0000
(10, 7): nan, nan, nan, 0.0000
(10, 8): nan, nan, nan, 0.0000
(10, 9): nan, nan, nan, 0.0000
(10, 10): 0.8871, 0.0200, 15.1786, 0.0137
(10, 11): 0.8037, 0.0200, 5.6650, 0.0128
(10, 12): 1.2991, 0.0200, 8.5368, 0.0092
(12, 19): 1.3732, 0.0200, 11.1904, 0.0092
(12, 20): 1.3841, 0.0200, 11.6145, 0.0110
(12, 21): 1.4284, 0.0200, 10.8464, 0.0092
(12, 22): 1.1958, 0.0200, 13.9445, 0.0073
(12, 23): 1.2495, 0.0200, 12.7677, 0.0073
(12, 24): 1.3608, 0.0200, 9.5832, 0.0119
(12, 25): 0.9908, 0.0200, 4.5025, 0.0082
(12, 26): 0.9393, 0.0200, 4.8220, 0.0110
(12, 27): nan, nan, nan, 0.0000
(13, 1): nan, nan, nan, 0.0000
(13, 2): nan, nan, nan, 0.0000
(13, 3): nan, nan, nan, 0.0000
(13, 4): nan, nan, nan, 0.0000
(13, 5): nan, nan, nan, 0.0000
(13, 6): nan, nan, nan, 0.0000
(36, 1): nan, nan, nan, 0.0000
(36, 2): nan, nan, nan, 0.0000
(36, 3): nan, nan, nan, 0.0000
(36, 4): nan, nan, nan, 0.0000
(36, 5): nan, nan, nan, 0.0000
(36, 6): nan, nan, nan, 0.0000
(36, 7): nan, nan, nan, 0.0000
(36, 8): nan, nan, nan, 0.0000
(36, 9): nan, nan, nan, 0.0000
(36, 10): nan, nan, nan, 0.0000
(36, 11): nan, nan, nan, 0.0000
(36, 12): nan, nan, nan, 0.0000
(36, 13): nan, nan, nan, 0.0000
(36, 14): nan, nan, nan, 0.0000
(36, 15): nan, nan, nan, 0.0000
(13, 7): nan, nan, nan, 0.0000
(13, 8): nan, nan, nan, 0.0000
(13, 9): nan, nan, nan, 0.0000
(13, 10): 1.2116, 0.0200, 19.0750, 0.0128
(13, 11): 1.6011, 0.0200, 11.8450, 0.0082
(13, 12): 1.7107, 0.0200, 9.3782, 0.0110
(13, 13): 1.4939, 0.0200, 8.8310, 0.0092
(13, 14): 0.9197, 0.0200, 2.8928, 0.0073
(13, 15): nan, nan, nan, 0.0000
(13, 16): 1.2175, 0.0200, 1.6981, 0.0321
(13, 17): 2.2265, 0.0200, 3.0049, 0.0174
(13, 18): 1.2515, 0.0200, 12.0101, 0.0110
(13, 19): 1.3620, 0.0200, 11.7634, 0.0156
(13, 20): 1.2724, 0.0200, 13.0807, 0.0046
(13, 21): 2.0318, 0.0200, 4.7965, 0.0110
(21, 1): nan, nan, nan, 0.0000
(21, 2): nan, nan, nan, 0.0000
(21, 3): nan, nan, nan, 0.0000
(21, 4): nan, nan, nan, 0.0000
(21, 5): nan, nan, nan, 0.0000
(21, 6): 0.7853, 0.0200, 6.2103, 0.0220
(21, 7): 1.2265, 0.0200, 17.1668, 0.0110
(21, 8): 1.5613, 0.0200, 12.8381, 0.0128
(21, 9): 0.9954, 0.0200, 25.7524, 0.0073
(21, 10): 1.2394, 0.0200, 17.3930, 0.0092
(21, 11): 1.3221, 0.0200, 15.2357, 0.0082
(21, 12): 1.5297, 0.0200, 11.0176, 0.0110
(21, 13): 1.4365, 0.0200, 12.0811, 0.0156
(21, 14): 1.6625, 0.0200, 8.9467, 0.0147
(21, 15): 1.3069, 0.0200, 13.6514, 0.0073
(12, 4): nan, nan, nan, 0.0000
(12, 5): nan, nan, nan, 0.0000
(12, 6): nan, nan, nan, 0.0000
(12, 7): nan, nan, nan, 0.0000
(12, 8): nan, nan, nan, 0.0000
(12, 9): nan, nan, nan, 0.0000
(12, 10): 1.5451, 0.0200, 11.6063, 0.0082
(12, 11): 1.6593, 0.0200, 10.5697, 0.0128
(12, 12): 1.5943, 0.0200, 10.6220, 0.0092
(12, 13): 1.4827, 0.0200, 8.8193, 0.0174
(12, 14): 1.1572, 0.0200, 7.4957, 0.0110
(12, 15): nan, nan, nan, 0.0000
(12, 16): 1.2111, 0.0200, 3.4357, 0.0247
(12, 17): 1.9463, 0.0200, 5.9173, 0.0192
(12, 18): 1.2920, 0.0200, 13.3713, 0.0119
(29, 25): nan, nan, nan, 0.0000
(29, 26): nan, nan, nan, 0.0000
(29, 27): nan, nan, nan, 0.0000
(30, 1): nan, nan, nan, 0.0000
(30, 2): 0.8332, 0.0200, 14.7693, 0.0110
(30, 3): 0.6945, 0.0200, 7.6919, 0.0073
(30, 4): 0.6276, 0.0200, 6.9942, 0.0092
(30, 5): 1.4701, 0.0200, 10.0482, 0.0156
(30, 6): 1.2022, 0.0200, 12.7605, 0.0064
(30, 7): 0.7123, 0.0200, 5.9724, 0.0055
(30, 8): nan, nan, nan, 0.0000
(30, 9): nan, nan, nan, 0.0000
(30, 10): nan, nan, nan, 0.0000
(30, 11): nan, nan, nan, 0.0000
(30, 12): nan, nan, nan, 0.0000
(5, 13): 0.7173, 0.0200, 8.3022, 0.0183
(5, 14): nan, nan, nan, 0.0000
(5, 15): nan, nan, nan, 0.0000
(5, 16): 1.4352, 0.0200, 6.2712, 0.0092
(5, 17): 1.5551, 0.0200, 10.9708, 0.0110
(5, 18): 1.1543, 0.0200, 16.6035, 0.0128
(5, 19): 0.6390, 0.0200, 31.0753, 0.0082
(5, 20): 0.8689, 0.0200, 24.9099, 0.0137
(5, 21): 0.8503, 0.0200, 23.9653, 0.0128
(5, 22): 1.1252, 0.0200, 14.2628, 0.0137
(5, 23): 1.2266, 0.0200, 13.2837, 0.0174
(5, 24): 1.1611, 0.0200, 16.0574, 0.0055
(5, 25): 1.7859, 0.0200, 6.8866, 0.0101
(5, 26): 1.1061, 0.0200, 14.5013, 0.0073
(5, 27): 1.0613, 0.0200, 3.8454, 0.0110
(35, 13): nan, nan, nan, 0.0000
(35, 14): nan, nan, nan, 0.0000
(35, 15): nan, nan, nan, 0.0000
(35, 16): nan, nan, nan, 0.0000
(35, 17): nan, nan, nan, 0.0000
(35, 18): nan, nan, nan, 0.0000
(35, 19): nan, nan, nan, 0.0000
(35, 20): nan, nan, nan, 0.0000
(35, 21): nan, nan, nan, 0.0000
(35, 22): nan, nan, nan, 0.0000
(35, 23): nan, nan, nan, 0.0000
(35, 24): nan, nan, nan, 0.0000
(35, 25): nan, nan, nan, 0.0000
(35, 26): nan, nan, nan, 0.0000
(35, 27): nan, nan, nan, 0.0000
(24, 10): 1.0695, 0.0200, 15.7316, 0.0119
(24, 11): 1.3417, 0.0200, 14.2715, 0.0192
(24, 12): 1.4969, 0.0200, 11.3789, 0.0092
(24, 13): 1.3201, 0.0200, 13.5150, 0.0092
(24, 14): 1.0508, 0.0200, 17.9099, 0.0110
(24, 15): 1.4988, 0.0200, 10.1061, 0.0156
(24, 16): 1.4446, 0.0200, 10.4803, 0.0156
(24, 17): 1.0528, 0.0200, 17.3602, 0.0092
(24, 18): 1.4674, 0.0200, 10.9128, 0.0082
(24, 19): 1.0921, 0.0200, 17.5488, 0.0137
(24, 20): 1.2975, 0.0200, 13.5782, 0.0128
(24, 21): 1.2322, 0.0200, 8.0563, 0.0101
(24, 22): nan, nan, nan, 0.0000
(24, 23): nan, nan, nan, 0.0000
(24, 24): nan, nan, nan, 0.0000
(28, 7): 0.9396, 0.0200, 10.1854, 0.0092
(28, 8): 1.4038, 0.0200, 8.6125, 0.0073
(28, 9): 1.0891, 0.0200, 9.5592, 0.0082
(28, 10): nan, nan, nan, 0.0000
(28, 11): nan, nan, nan, 0.0000
(28, 12): nan, nan, nan, 0.0000
(28, 13): nan, nan, nan, 0.0000
(28, 14): 0.8141, 0.0200, 4.5610, 0.0092
(28, 15): 1.6577, 0.0200, 8.1022, 0.0147
(28, 16): 1.1258, 0.0200, 15.6185, 0.0073
(28, 17): 1.0710, 0.0200, 16.6331, 0.0082
(28, 18): 1.0156, 0.0200, 17.2972, 0.0092
(28, 19): 1.1421, 0.0200, 14.1882, 0.0092
(28, 20): 1.6333, 0.0200, 7.5228, 0.0082
(28, 21): 1.4313, 0.0200, 9.7720, 0.0137
(25, 13): 1.7708, 0.0200, 8.0866, 0.0211
(25, 14): 1.9676, 0.0200, 6.0267, 0.0247
(25, 15): 1.2220, 0.0200, 14.2711, 0.0156
(25, 16): 1.0110, 0.0200, 18.1980, 0.0137
(25, 17): 1.9935, 0.0200, 5.5856, 0.0192
(25, 18): 1.4785, 0.0200, 10.6447, 0.0055
(25, 19): 1.4596, 0.0200, 10.9100, 0.0064
(25, 20): 1.4605, 0.0200, 10.6064, 0.0110
(25, 21): 1.4054, 0.0200, 11.1818, 0.0119
(25, 22): 1.4784, 0.0200, 4.0846, 0.0137
(25, 23): nan, nan, nan, 0.0000
(25, 24): nan, nan, nan, 0.0000
(25, 25): nan, nan, nan, 0.0000
(25, 26): nan, nan, nan, 0.0000
(25, 27): nan, nan, nan, 0.0000
(4, 25): 1.5655, 0.0200, 5.3073, 0.0055
(4, 26): 1.0047, 0.0200, 2.1692, 0.0156
(4, 27): nan, nan, nan, 0.0000
(5, 1): nan, nan, nan, 0.0000
(5, 2): nan, nan, nan, 0.0000
(5, 3): nan, nan, nan, 0.0000
(5, 4): nan, nan, nan, 0.0000
(5, 5): nan, nan, nan, 0.0000
(5, 6): nan, nan, nan, 0.0000
(5, 7): nan, nan, nan, 0.0000
(5, 8): nan, nan, nan, 0.0000
(5, 9): nan, nan, nan, 0.0000
(5, 10): nan, nan, nan, 0.0000
(5, 11): nan, nan, nan, 0.0000
(5, 12): nan, nan, nan, 0.0000
(16, 16): 1.9769, 0.0200, 4.2290, 0.0073
(16, 17): 2.2885, 0.0200, 3.4342, 0.0137
(16, 18): 1.4317, 0.0200, 12.0762, 0.0101
(16, 19): 1.1605, 0.0200, 16.2752, 0.0046
(16, 20): 1.0027, 0.0200, 18.9143, 0.0156
(16, 21): 1.0717, 0.0200, 17.4328, 0.0082
(16, 22): 0.9814, 0.0200, 19.3648, 0.0073
(16, 23): 1.0404, 0.0200, 17.3073, 0.0064
(16, 24): 1.1339, 0.0200, 15.9999, 0.0064
(16, 25): 1.5441, 0.0200, 10.2987, 0.0101
(16, 26): 1.4865, 0.0200, 10.7481, 0.0055
(16, 27): 1.0590, 0.0200, 9.3572, 0.0082
(17, 1): nan, nan, nan, 0.0000
(17, 2): nan, nan, nan, 0.0000
(17, 3): nan, nan, nan, 0.0000
(8, 7): nan, nan, nan, 0.0000
(8, 8): nan, nan, nan, 0.0000
(8, 9): nan, nan, nan, 0.0000
(8, 10): 0.8342, 0.0200, 14.5891, 0.0110
(8, 11): 0.8916, 0.0200, 12.1247, 0.0119
(8, 12): nan, nan, nan, 0.0000
(8, 13): nan, nan, nan, 0.0000
(8, 14): 1.0991, 0.0200, 4.3811, 0.0201
(8, 15): 1.9718, 0.0200, 5.9451, 0.0183
(8, 16): 2.2925, 0.0200, 3.9390, 0.0092
(8, 17): 1.7279, 0.0200, 8.1399, 0.0247
(8, 18): 1.3018, 0.0200, 13.2089, 0.0147
(8, 19): 0.8532, 0.0200, 23.7555, 0.0119
(8, 20): 1.0195, 0.0200, 19.0405, 0.0110
(8, 21): 1.0236, 0.0200, 18.4797, 0.0064
(14, 10): 1.6667, 0.0200, 11.7241, 0.0128
(14, 11): 2.1809, 0.0200, 6.1173, 0.0092
(14, 12): 1.5460, 0.0200, 11.5574, 0.0119
(14, 13): 0.4824, 0.0200, 2.8967, 0.0311
(14, 14): nan, nan, nan, 0.0000
(14, 15): 1.0426, 0.0200, 1.1702, 0.0330
(14, 16): 1.4227, 0.0200, 7.4375, 0.0119
(14, 17): 2.3957, 0.0200, 3.1085, 0.0192
(14, 18): 2.1369, 0.0200, 4.5222, 0.0174
(14, 19): 1.4755, 0.0200, 10.8117, 0.0082
(14, 20): 1.7073, 0.0200, 7.8675, 0.0073
(14, 21): 1.2624, 0.0200, 13.0208, 0.0101
(14, 22): 1.2953, 0.0200, 12.3825, 0.0082
(14, 23): 1.1636, 0.0200, 14.5921, 0.0064
(14, 24): 1.2018, 0.0199, 12.7425, 0.0119
(27, 19): 1.1483, 0.0200, 14.4709, 0.0137
(27, 20): 1.1819, 0.0200, 13.8747, 0.0064
(27, 21): 1.5102, 0.0200, 9.4914, 0.0128
(27, 22): 1.9255, 0.0200, 4.1711, 0.0147
(27, 23): nan, nan, nan, 0.0000
(27, 24): nan, nan, nan, 0.0000
(27, 25): nan, nan, nan, 0.0000
(27, 26): nan, nan, nan, 0.0000
(27, 27): nan, nan, nan, 0.0000
(28, 1): nan, nan, nan, 0.0000
(28, 2): 0.4459, 0.0200, 2.9009, 0.0101
(28, 3): 0.9199, 0.0200, 11.2269, 0.0165
(28, 4): 1.2699, 0.0200, 7.4326, 0.0201
(28, 5): 0.9704, 0.0200, 19.2198, 0.0073
(28, 6): 0.8671, 0.0200, 11.5766, 0.0055
(18, 22): 1.0863, 0.0200, 17.4079, 0.0119
(18, 23): 1.3436, 0.0200, 12.8077, 0.0082
(18, 24): 1.2140, 0.0200, 15.8083, 0.0092
(18, 25): 1.0701, 0.0200, 15.8041, 0.0082
(18, 26): 0.8010, 0.0200, 4.5126, 0.0137
(18, 27): nan, nan, nan, 0.0000
(19, 1): nan, nan, nan, 0.0000
(19, 2): nan, nan, nan, 0.0000
(19, 3): nan, nan, nan, 0.0000
(19, 4): nan, nan, nan, 0.0000
(19, 5): nan, nan, nan, 0.0000
(19, 6): nan, nan, nan, 0.0000
(19, 7): nan, nan, nan, 0.0000
(19, 8): 1.0729, 0.0200, 11.6147, 0.0064
(19, 9): 1.4903, 0.0200, 14.2606, 0.0156
(1, 1): nan, nan, nan, 0.0000
(1, 2): nan, nan, nan, 0.0000
(1, 3): nan, nan, nan, 0.0000
(1, 4): nan, nan, nan, 0.0000
(1, 5): nan, nan, nan, 0.0000
(1, 6): nan, nan, nan, 0.0000
(1, 7): nan, nan, nan, 0.0000
(1, 8): nan, nan, nan, 0.0000
(1, 9): nan, nan, nan, 0.0000
(1, 10): nan, nan, nan, 0.0000
(1, 11): nan, nan, nan, 0.0000
(1, 12): nan, nan, nan, 0.0000
(1, 13): nan, nan, nan, 0.0000
(1, 14): nan, nan, nan, 0.0000
(1, 15): nan, nan, nan, 0.0000
(23, 22): nan, nan, nan, 0.0000
(23, 23): nan, nan, nan, 0.0000
(23, 24): nan, nan, nan, 0.0000
(23, 25): nan, nan, nan, 0.0000
(23, 26): nan, nan, nan, 0.0000
(23, 27): nan, nan, nan, 0.0000
(24, 1): nan, nan, nan, 0.0000
(24, 2): nan, nan, nan, 0.0000
(24, 3): nan, nan, nan, 0.0000
(24, 4): 0.7401, 0.0200, 5.9468, 0.0064
(24, 5): 0.9745, 0.0200, 8.7993, 0.0128
(24, 6): 0.9158, 0.0200, 9.7238, 0.0092
(24, 7): 1.1587, 0.0200, 17.0304, 0.0137
(24, 8): 0.8966, 0.0200, 15.7613, 0.0137
(24, 9): 1.0113, 0.0200, 17.8231, 0.0110
(31, 16): nan, nan, nan, 0.0000
(31, 17): nan, nan, nan, 0.0000
(31, 18): nan, nan, nan, 0.0000
(31, 19): 0.6366, 0.0200, 3.4839, 0.0055
(31, 20): 0.9767, 0.0200, 15.0899, 0.0064
(31, 21): 0.7989, 0.0200, 4.0114, 0.0119
(31, 22): nan, nan, nan, 0.0000
(31, 23): nan, nan, nan, 0.0000
(31, 24): nan, nan, nan, 0.0000
(31, 25): nan, nan, nan, 0.0000
(31, 26): nan, nan, nan, 0.0000
(31, 27): nan, nan, nan, 0.0000
(32, 1): nan, nan, nan, 0.0000
(32, 2): nan, nan, nan, 0.0000
(32, 3): nan, nan, nan, 0.0000
(15, 13): 1.2909, 0.0200, 5.1037, 0.0211
(15, 14): 0.5440, 0.0200, 2.4330, 0.0275
(15, 15): 2.1270, 0.0200, 4.2450, 0.0220
(15, 16): 2.7775, 0.0200, 2.3115, 0.0201
(15, 17): 2.2649, 0.0200, 3.1322, 0.0055
(15, 18): 2.0774, 0.0200, 4.3801, 0.0147
(15, 19): 1.3645, 0.0200, 12.8055, 0.0137
(15, 20): 1.7775, 0.0200, 7.2245, 0.0156
(15, 21): 1.0553, 0.0200, 17.2798, 0.0110
(15, 22): 1.0295, 0.0200, 17.6288, 0.0092
(15, 23): 1.0143, 0.0200, 17.3808, 0.0073
(15, 24): 1.2207, 0.0200, 13.3901, 0.0092
(15, 25): 1.1574, 0.0200, 15.4217, 0.0092
(15, 26): 1.2667, 0.0200, 13.3276, 0.0082
(15, 27): 1.0991, 0.0200, 9.7670, 0.0174
(18, 7): nan, nan, nan, 0.0000
(18, 8): 0.5439, 0.0200, 2.9250, 0.0192
(18, 9): 1.5461, 0.0200, 12.4854, 0.0137
(18, 10): 1.5712, 0.0200, 12.7619, 0.0156
(18, 11): 2.1757, 0.0200, 6.3652, 0.0137
(18, 12): 1.3526, 0.0200, 15.9949, 0.0110
(18, 13): 1.1972, 0.0200, 18.5207, 0.0156
(18, 14): 1.6497, 0.0200, 10.4686, 0.0156
(18, 15): 1.2619, 0.0200, 15.4380, 0.0119
(18, 16): 1.1770, 0.0200, 16.2367, 0.0128
(18, 17): 1.0579, 0.0200, 19.0530, 0.0082
(18, 18): 1.0296, 0.0200, 19.9595, 0.0082
(18, 19): 1.1555, 0.0200, 16.9207, 0.0073
(18, 20): 1.0387, 0.0200, 19.3445, 0.0055
(18, 21): 1.2207, 0.0200, 14.7897, 0.0073
(10, 13): nan, nan, nan, 0.0000
(10, 14): 0.5747, 0.0200, 2.0768, 0.0284
(10, 15): 1.3568, 0.0200, 11.2228, 0.0101
(10, 16): 2.0280, 0.0200, 5.6517, 0.0165
(10, 17): 1.7432, 0.0200, 8.1198, 0.0247
(10, 18): 1.1532, 0.0200, 16.3496, 0.0137
(10, 19): 1.1615, 0.0200, 15.9802, 0.0137
(10, 20): 1.0314, 0.0200, 17.6234, 0.0101
(10, 21): 1.2428, 0.0200, 14.9827, 0.0110
(10, 22): 1.1736, 0.0200, 15.7172, 0.0137
(10, 23): 1.1936, 0.0200, 15.2302, 0.0128
(10, 24): 1.1238, 0.0200, 15.4232, 0.0092
(10, 25): 1.4734, 0.0200, 9.7523, 0.0128
(10, 26): 1.2325, 0.0200, 12.8031, 0.0101
(10, 27): nan, nan, nan, 0.0000
(30, 13): nan, nan, nan, 0.0000
(30, 14): nan, nan, nan, 0.0000
(30, 15): nan, nan, nan, 0.0000
(30, 16): nan, nan, nan, 0.0000
(30, 17): nan, nan, nan, 0.0000
(30, 18): nan, nan, nan, 0.0000
(30, 19): 0.6796, 0.0200, 4.6703, 0.0101
(30, 20): 1.5927, 0.0200, 6.1188, 0.0110
(30, 21): 1.1484, 0.0200, 12.3386, 0.0156
(30, 22): 1.0427, 0.0200, 3.7574, 0.0174
(30, 23): nan, nan, nan, 0.0000
(30, 24): nan, nan, nan, 0.0000
(30, 25): nan, nan, nan, 0.0000
(30, 26): nan, nan, nan, 0.0000
(30, 27): nan, nan, nan, 0.0000
(29, 10): nan, nan, nan, 0.0000
(29, 11): nan, nan, nan, 0.0000
(29, 12): nan, nan, nan, 0.0000
(29, 13): nan, nan, nan, 0.0000
(29, 14): nan, nan, nan, 0.0000
(29, 15): 0.7027, 0.0200, 3.3897, 0.0220
(29, 16): 0.9302, 0.0200, 7.4404, 0.0156
(29, 17): 0.4483, 0.0200, 2.3413, 0.0165
(29, 18): 1.1546, 0.0200, 10.3523, 0.0128
(29, 19): 1.2843, 0.0200, 11.4316, 0.0110
(29, 20): 1.1020, 0.0200, 13.7229, 0.0110
(29, 21): 1.3373, 0.0200, 10.4909, 0.0128
(29, 22): 1.0554, 0.0200, 2.7974, 0.0165
(29, 23): nan, nan, nan, 0.0000
(29, 24): nan, nan, nan, 0.0000
(22, 19): 2.5929, 0.0200, 2.3590, 0.0064
(22, 20): 1.5334, 0.0200, 7.6881, 0.0064
(22, 21): 0.9246, 0.0200, 2.6419, 0.0119
(22, 22): nan, nan, nan, 0.0000
(22, 23): nan, nan, nan, 0.0000
(22, 24): nan, nan, nan, 0.0000
(22, 25): nan, nan, nan, 0.0000
(22, 26): nan, nan, nan, 0.0000
(22, 27): nan, nan, nan, 0.0000
(23, 1): nan, nan, nan, 0.0000
(23, 2): nan, nan, nan, 0.0000
(23, 3): nan, nan, nan, 0.0000
(23, 4): nan, nan, nan, 0.0000
(23, 5): 0.7650, 0.0200, 8.0445, 0.0046
(23, 6): 0.9604, 0.0200, 14.0599, 0.0082
(23, 7): 0.8949, 0.0200, 20.9261, 0.0073
(23, 8): 1.7831, 0.0200, 8.9283, 0.0192
(23, 9): 0.9122, 0.0200, 26.2442, 0.0082
(23, 10): 1.0995, 0.0200, 19.2855, 0.0128
(23, 11): 1.3908, 0.0200, 13.1950, 0.0128
(23, 12): 1.5367, 0.0200, 10.7171, 0.0073
(23, 13): 1.4345, 0.0200, 11.7286, 0.0119
(23, 14): 1.1319, 0.0200, 16.4869, 0.0156
(23, 15): 1.3090, 0.0200, 13.0940, 0.0137
(23, 16): 1.1484, 0.0200, 15.8475, 0.0092
(23, 17): 1.1628, 0.0200, 15.1023, 0.0192
(23, 18): 1.4381, 0.0200, 11.4970, 0.0064
(23, 19): 1.4599, 0.0200, 11.2036, 0.0147
(23, 20): 1.3302, 0.0200, 10.9043, 0.0119
(23, 21): nan, nan, nan, 0.0000
(8, 22): 0.9635, 0.0200, 21.5195, 0.0101
(8, 23): 0.9274, 0.0200, 21.7405, 0.0037
(8, 24): 0.8092, 0.0200, 24.1012, 0.0101
(8, 25): 1.3003, 0.0200, 12.4151, 0.0101
(8, 26): 1.3560, 0.0200, 10.8314, 0.0055
(8, 27): 1.4209, 0.0200, 5.2682, 0.0110
(9, 1): nan, nan, nan, 0.0000
(9, 2): nan, nan, nan, 0.0000
(9, 3): nan, nan, nan, 0.0000
(9, 4): nan, nan, nan, 0.0000
(9, 5): nan, nan, nan, 0.0000
(9, 6): nan, nan, nan, 0.0000
(9, 7): nan, nan, nan, 0.0000
(9, 8): nan, nan, nan, 0.0000
(9, 9): nan, nan, nan, 0.0000
(7, 19): 0.8067, 0.0200, 24.8611, 0.0128
(7, 20): 0.8028, 0.0200, 26.9218, 0.0101
(7, 21): 0.8677, 0.0200, 21.8056, 0.0082
(7, 22): 0.8304, 0.0200, 23.1914, 0.0101
(7, 23): 0.7227, 0.0200, 28.1277, 0.0092
(7, 24): 0.8064, 0.0200, 23.6016, 0.0073
(7, 25): 1.1312, 0.0200, 15.4492, 0.0156
(7, 26): 1.1852, 0.0200, 13.9079, 0.0055
(7, 27): 1.6083, 0.0200, 4.4823, 0.0092
(8, 1): nan, nan, nan, 0.0000
(8, 2): nan, nan, nan, 0.0000
(8, 3): nan, nan, nan, 0.0000
(8, 4): nan, nan, nan, 0.0000
(8, 5): nan, nan, nan, 0.0000
(8, 6): nan, nan, nan, 0.0000
(16, 1): nan, nan, nan, 0.0000
(16, 2): nan, nan, nan, 0.0000
(16, 3): nan, nan, nan, 0.0000
(16, 4): nan, nan, nan, 0.0000
(16, 5): nan, nan, nan, 0.0000
(16, 6): nan, nan, nan, 0.0000
(16, 7): nan, nan, nan, 0.0000
(16, 8): nan, nan, nan, 0.0000
(16, 9): 1.1218, 0.0200, 7.0121, 0.0201
(16, 10): 3.1995, 0.0200, 1.5365, 0.0174
(16, 11): 1.8087, 0.0200, 7.5085, 0.0055
(16, 12): 2.2923, 0.0200, 4.4564, 0.0147
(16, 13): 1.6675, 0.0200, 3.2198, 0.0201
(16, 14): 2.3541, 0.0200, 4.2501, 0.0110
(16, 15): 2.1524, 0.0200, 4.1397, 0.0147
(31, 1): nan, nan, nan, 0.0000
(31, 2): nan, nan, nan, 0.0000
(31, 3): nan, nan, nan, 0.0000
(31, 4): nan, nan, nan, 0.0000
(31, 5): nan, nan, nan, 0.0000
(31, 6): nan, nan, nan, 0.0000
(31, 7): nan, nan, nan, 0.0000
(31, 8): nan, nan, nan, 0.0000
(31, 9): nan, nan, nan, 0.0000
(31, 10): nan, nan, nan, 0.0000
(31, 11): nan, nan, nan, 0.0000
(31, 12): nan, nan, nan, 0.0000
(31, 13): nan, nan, nan, 0.0000
(31, 14): nan, nan, nan, 0.0000
(31, 15): nan, nan, nan, 0.0000
(2, 4): nan, nan, nan, 0.0000
(2, 5): nan, nan, nan, 0.0000
(2, 6): nan, nan, nan, 0.0000
(2, 7): nan, nan, nan, 0.0000
(2, 8): nan, nan, nan, 0.0000
(2, 9): nan, nan, nan, 0.0000
(2, 10): nan, nan, nan, 0.0000
(2, 11): nan, nan, nan, 0.0000
(2, 12): nan, nan, nan, 0.0000
(2, 13): nan, nan, nan, 0.0000
(2, 14): nan, nan, nan, 0.0000
(2, 15): nan, nan, nan, 0.0000
(2, 16): nan, nan, nan, 0.0000
(2, 17): nan, nan, nan, 0.0000
(2, 18): nan, nan, nan, 0.0000
(22, 4): nan, nan, nan, 0.0000
(22, 5): nan, nan, nan, 0.0000
(22, 6): 1.0168, 0.0200, 14.5408, 0.0147
(22, 7): 1.7451, 0.0200, 9.6467, 0.0229
(22, 8): 1.9971, 0.0200, 6.9599, 0.0119
(22, 9): 1.0986, 0.0200, 20.5567, 0.0110
(22, 10): 1.1621, 0.0200, 18.4293, 0.0092
(22, 11): 1.4070, 0.0200, 13.4698, 0.0055
(22, 12): 1.3857, 0.0200, 13.1347, 0.0137
(22, 13): 1.6877, 0.0200, 8.7753, 0.0110
(22, 14): 1.5108, 0.0200, 10.6781, 0.0073
(22, 15): 1.4609, 0.0200, 11.2204, 0.0037
(22, 16): 1.2695, 0.0200, 13.4362, 0.0073
(22, 17): 1.0378, 0.0200, 18.1780, 0.0110
(22, 18): 1.1317, 0.0200, 16.4577, 0.0137
(9, 10): 0.9806, 0.0200, 12.3185, 0.0082
(9, 11): 0.5490, 0.0200, 2.8743, 0.0174
(9, 12): nan, nan, nan, 0.0000
(9, 13): nan, nan, nan, 0.0000
(9, 14): nan, nan, nan, 0.0000
(9, 15): 1.6086, 0.0200, 8.1369, 0.0238
(9, 16): 2.0791, 0.0200, 5.3841, 0.0110
(9, 17): 1.3885, 0.0200, 11.1976, 0.0192
(9, 18): 1.3801, 0.0200, 12.3159, 0.0147
(9, 19): 1.4796, 0.0200, 12.6066, 0.0110
(9, 20): 0.8954, 0.0200, 20.8240, 0.0073
(9, 21): 1.3171, 0.0200, 13.5141, 0.0128
(9, 22): 1.4033, 0.0200, 11.8991, 0.0073
(9, 23): 0.8850, 0.0200, 22.7589, 0.0082
(9, 24): 0.9360, 0.0200, 20.4942, 0.0064
(34, 10): nan, nan, nan, 0.0000
(34, 11): nan, nan, nan, 0.0000
(34, 12): nan, nan, nan, 0.0000
(34, 13): nan, nan, nan, 0.0000
(34, 14): nan, nan, nan, 0.0000
(34, 15): nan, nan, nan, 0.0000
(34, 16): nan, nan, nan, 0.0000
(34, 17): nan, nan, nan, 0.0000
(34, 18): nan, nan, nan, 0.0000
(34, 19): 1.1844, 0.0200, 7.2309, 0.0110
(34, 20): 1.1827, 0.0200, 14.6892, 0.0165
(34, 21): 1.1292, 0.0200, 15.5368, 0.0147
(34, 22): 0.7357, 0.0200, 3.3258, 0.0165
(34, 23): nan, nan, nan, 0.0000
(34, 24): nan, nan, nan, 0.0000
(21, 16): 1.1632, 0.0200, 16.5976, 0.0147
(21, 17): 1.2738, 0.0200, 13.7563, 0.0110
(21, 18): 1.3444, 0.0200, 12.5254, 0.0220
(21, 19): 1.1008, 0.0200, 16.2547, 0.0073
(21, 20): 0.9859, 0.0200, 18.1917, 0.0073
(21, 21): 1.2338, 0.0200, 10.9679, 0.0046
(21, 22): 1.6292, 0.0200, 7.2580, 0.0082
(21, 23): 1.3480, 0.0200, 10.7263, 0.0055
(21, 24): 0.9142, 0.0200, 9.2089, 0.0092
(21, 25): nan, nan, nan, 0.0000
(21, 26): nan, nan, nan, 0.0000
(21, 27): nan, nan, nan, 0.0000
(22, 1): nan, nan, nan, 0.0000
(22, 2): nan, nan, nan, 0.0000
(22, 3): nan, nan, nan, 0.0000
(33, 7): nan, nan, nan, 0.0000
(33, 8): nan, nan, nan, 0.0000
(33, 9): nan, nan, nan, 0.0000
(33, 10): nan, nan, nan, 0.0000
(33, 11): nan, nan, nan, 0.0000
(33, 12): nan, nan, nan, 0.0000
(33, 13): nan, nan, nan, 0.0000
(33, 14): nan, nan, nan, 0.0000
(33, 15): nan, nan, nan, 0.0000
(33, 16): nan, nan, nan, 0.0000
(33, 17): nan, nan, nan, 0.0000
(33, 18): nan, nan, nan, 0.0000
(33, 19): 0.7922, 0.0200, 13.3372, 0.0101
(33, 20): 1.2313, 0.0200, 13.6636, 0.0165
(33, 21): 1.8128, 0.0200, 6.5723, 0.0119
(14, 25): 1.1830, 0.0200, 7.3558, 0.0092
(14, 26): 1.0072, 0.0200, 10.1167, 0.0119
(14, 27): 0.5927, 0.0200, 1.9186, 0.0183
(15, 1): nan, nan, nan, 0.0000
(15, 2): nan, nan, nan, 0.0000
(15, 3): nan, nan, nan, 0.0000
(15, 4): nan, nan, nan, 0.0000
(15, 5): nan, nan, nan, 0.0000
(15, 6): nan, nan, nan, 0.0000
(15, 7): nan, nan, nan, 0.0000
(15, 8): nan, nan, nan, 0.0000
(15, 9): 1.5126, 0.0200, 2.6614, 0.0220
(15, 10): 2.7626, 0.0200, 2.8560, 0.0266
(15, 11): 2.4767, 0.0200, 4.4184, 0.0238
(15, 12): 1.7287, 0.0200, 9.7355, 0.0137
(19, 25): 0.9586, 0.0200, 10.8400, 0.0110
(19, 26): 0.6000, 0.0200, 1.6786, 0.0220
(19, 27): nan, nan, nan, 0.0000
(20, 1): nan, nan, nan, 0.0000
(20, 2): nan, nan, nan, 0.0000
(20, 3): nan, nan, nan, 0.0000
(20, 4): nan, nan, nan, 0.0000
(20, 5): nan, nan, nan, 0.0000
(20, 6): nan, nan, nan, 0.0000
(20, 7): 0.9211, 0.0200, 5.2518, 0.0110
(20, 8): 2.0494, 0.0200, 6.9876, 0.0137
(20, 9): 1.1047, 0.0200, 22.3796, 0.0064
(20, 10): 1.2084, 0.0200, 19.3973, 0.0119
(20, 11): 1.7186, 0.0200, 10.0890, 0.0147
(20, 12): 1.3659, 0.0200, 14.1398, 0.0137
(33, 22): 1.2327, 0.0200, 5.1362, 0.0174
(33, 23): nan, nan, nan, 0.0000
(33, 24): nan, nan, nan, 0.0000
(33, 25): nan, nan, nan, 0.0000
(33, 26): nan, nan, nan, 0.0000
(33, 27): nan, nan, nan, 0.0000
(34, 1): nan, nan, nan, 0.0000
(34, 2): nan, nan, nan, 0.0000
(34, 3): nan, nan, nan, 0.0000
(34, 4): nan, nan, nan, 0.0000
(34, 5): nan, nan, nan, 0.0000
(34, 6): nan, nan, nan, 0.0000
(34, 7): nan, nan, nan, 0.0000
(34, 8): nan, nan, nan, 0.0000
(34, 9): nan, nan, nan, 0.0000
(28, 22): 1.1234, 0.0200, 5.5735, 0.0165
(28, 23): nan, nan, nan, 0.0000
(28, 24): nan, nan, nan, 0.0000
(28, 25): nan, nan, nan, 0.0000
(28, 26): nan, nan, nan, 0.0000
(28, 27): nan, nan, nan, 0.0000
(29, 1): nan, nan, nan, 0.0000
(29, 2): 0.9450, 0.0200, 22.1707, 0.0092
(29, 3): 0.8730, 0.0200, 26.4802, 0.0110
(29, 4): 1.1215, 0.0200, 16.8699, 0.0119
(29, 5): 1.3644, 0.0200, 9.6982, 0.0092
(29, 6): 1.0304, 0.0200, 21.3429, 0.0101
(29, 7): 1.0720, 0.0200, 15.6351, 0.0082
(29, 8): 0.5688, 0.0200, 2.2313, 0.0128
(29, 9): nan, nan, nan, 0.0000
(6, 16): 2.0965, 0.0200, 5.2245, 0.0082
(6, 17): 1.5820, 0.0200, 9.9515, 0.0156
(6, 18): 0.7699, 0.0200, 26.4444, 0.0110
(6, 19): 0.7668, 0.0200, 26.3731, 0.0064
(6, 20): 0.7289, 0.0200, 29.6140, 0.0119
(6, 21): 0.7427, 0.0200, 26.2070, 0.0073
(6, 22): 1.0280, 0.0200, 16.3979, 0.0165
(6, 23): 1.2596, 0.0200, 13.9098, 0.0165
(6, 24): 1.0564, 0.0200, 17.9173, 0.0147
(6, 25): 1.2391, 0.0200, 13.7083, 0.0073
(6, 26): 1.1362, 0.0200, 15.0719, 0.0119
(6, 27): 1.0593, 0.0200, 4.6082, 0.0064
(7, 1): nan, nan, nan, 0.0000
(7, 2): nan, nan, nan, 0.0000
(7, 3): nan, nan, nan, 0.0000
(17, 4): nan, nan, nan, 0.0000
(17, 5): nan, nan, nan, 0.0000
(17, 6): nan, nan, nan, 0.0000
(17, 7): nan, nan, nan, 0.0000
(17, 8): nan, nan, nan, 0.0000
(17, 9): 1.1949, 0.0200, 14.1240, 0.0110
(17, 10): 1.8617, 0.0200, 9.1158, 0.0119
(17, 11): 2.0286, 0.0200, 7.0243, 0.0137
(17, 12): 2.4689, 0.0200, 3.7970, 0.0174
(17, 13): 1.5542, 0.0200, 9.6178, 0.0137
(17, 14): 1.6669, 0.0200, 7.5386, 0.0266
(17, 15): 1.9025, 0.0200, 4.7199, 0.0110
(17, 16): 2.3025, 0.0200, 2.9035, 0.0082
(17, 17): 1.4653, 0.0200, 11.6549, 0.0119
(17, 18): 1.0599, 0.0200, 19.3151, 0.0055
(27, 4): 1.3780, 0.0200, 14.9441, 0.0119
(27, 5): 1.2498, 0.0200, 17.5398, 0.0128
(27, 6): 1.1157, 0.0200, 15.5578, 0.0055
(27, 7): 0.8403, 0.0200, 8.1099, 0.0110
(27, 8): 1.3211, 0.0200, 11.6932, 0.0073
(27, 9): 1.0467, 0.0200, 14.9799, 0.0156
(27, 10): 1.2149, 0.0200, 11.5527, 0.0165
(27, 11): 1.7275, 0.0200, 6.4369, 0.0128
(27, 12): 0.9148, 0.0200, 9.8629, 0.0128
(27, 13): 1.4718, 0.0200, 9.1649, 0.0147
(27, 14): 1.1287, 0.0200, 10.4593, 0.0147
(27, 15): 1.1758, 0.0200, 15.4198, 0.0128
(27, 16): 1.2928, 0.0126, 12.6789, 0.0128
(27, 17): 2.2681, 0.0200, 3.8871, 0.0119
(27, 18): 1.5817, 0.0200, 8.6350, 0.0101
(19, 10): 1.3818, 0.0200, 16.0995, 0.0156
(19, 11): 2.1325, 0.0200, 6.6255, 0.0101
(19, 12): 1.4897, 0.0199, 13.2265, 0.0110
(19, 13): 1.7637, 0.0200, 8.8994, 0.0119
(19, 14): 1.9988, 0.0200, 6.4542, 0.0128
(19, 15): 1.6482, 0.0200, 9.8401, 0.0101
(19, 16): 1.3510, 0.0200, 13.3805, 0.0064
(19, 17): 1.0527, 0.0200, 18.9471, 0.0055
(19, 18): 1.1347, 0.0200, 17.3672, 0.0046
(19, 19): 1.0873, 0.0200, 18.6460, 0.0211
(19, 20): 1.0978, 0.0200, 18.6251, 0.0147
(19, 21): 0.9945, 0.0200, 20.5491, 0.0055
(19, 22): 1.1062, 0.0200, 17.1205, 0.0137
(19, 23): 1.0465, 0.0200, 17.1138, 0.0101
(19, 24): 0.9158, 0.0200, 20.0231, 0.0073
(6, 1): nan, nan, nan, 0.0000
(6, 2): nan, nan, nan, 0.0000
(6, 3): nan, nan, nan, 0.0000
(6, 4): nan, nan, nan, 0.0000
(6, 5): nan, nan, nan, 0.0000
(6, 6): nan, nan, nan, 0.0000
(6, 7): nan, nan, nan, 0.0000
(6, 8): nan, nan, nan, 0.0000
(6, 9): nan, nan, nan, 0.0000
(6, 10): nan, nan, nan, 0.0000
(6, 11): 0.7571, 0.0200, 10.0768, 0.0174
(6, 12): 0.5800, 0.0200, 5.2620, 0.0147
(6, 13): nan, nan, nan, 0.0000
(6, 14): nan, nan, nan, 0.0000
(6, 15): 1.9858, 0.0200, 3.6119, 0.0192
(34, 25): nan, nan, nan, 0.0000
(34, 26): nan, nan, nan, 0.0000
(34, 27): nan, nan, nan, 0.0000
(35, 1): nan, nan, nan, 0.0000
(35, 2): nan, nan, nan, 0.0000
(35, 3): nan, nan, nan, 0.0000
(35, 4): nan, nan, nan, 0.0000
(35, 5): nan, nan, nan, 0.0000
(35, 6): nan, nan, nan, 0.0000
(35, 7): nan, nan, nan, 0.0000
(35, 8): nan, nan, nan, 0.0000
(35, 9): nan, nan, nan, 0.0000
(35, 10): nan, nan, nan, 0.0000
(35, 11): nan, nan, nan, 0.0000
(35, 12): nan, nan, nan, 0.0000
(3, 22): 0.7873, 0.0200, 14.1205, 0.0101
(3, 23): 1.4190, 0.0200, 9.7423, 0.0064
(3, 24): 1.3518, 0.0200, 8.5555, 0.0055
(3, 25): nan, nan, nan, 0.0000
(3, 26): nan, nan, nan, 0.0000
(3, 27): nan, nan, nan, 0.0000
(4, 1): nan, nan, nan, 0.0000
(4, 2): nan, nan, nan, 0.0000
(4, 3): nan, nan, nan, 0.0000
(4, 4): nan, nan, nan, 0.0000
(4, 5): nan, nan, nan, 0.0000
(4, 6): nan, nan, nan, 0.0000
(4, 7): nan, nan, nan, 0.0000
(4, 8): nan, nan, nan, 0.0000
(4, 9): nan, nan, nan, 0.0000
(26, 1): nan, nan, nan, 0.0000
(26, 2): 0.5813, 0.0200, 2.5583, 0.0110
(26, 3): 0.8068, 0.0200, 11.2857, 0.0110
(26, 4): 1.1103, 0.0200, 11.1039, 0.0137
(26, 5): 0.9726, 0.0200, 12.3823, 0.0055
(26, 6): 0.9994, 0.0200, 9.8032, 0.0110
(26, 7): 1.6940, 0.0200, 7.7699, 0.0147
(26, 8): 1.0672, 0.0200, 20.2290, 0.0110
(26, 9): 1.2954, 0.0200, 14.7893, 0.0147
(26, 10): 1.7092, 0.0200, 8.9701, 0.0165
(26, 11): 1.4742, 0.0200, 12.2335, 0.0211
(26, 12): 1.6996, 0.0200, 9.2111, 0.0201
(26, 13): 2.0179, 0.0200, 6.0981, 0.0256
(26, 14): 2.0020, 0.0200, 5.8492, 0.0256
(26, 15): 2.7497, 0.0200, 2.3419, 0.0128
(3, 7): nan, nan, nan, 0.0000
(3, 8): nan, nan, nan, 0.0000
(3, 9): nan, nan, nan, 0.0000
(3, 10): nan, nan, nan, 0.0000
(3, 11): nan, nan, nan, 0.0000
(3, 12): nan, nan, nan, 0.0000
(3, 13): nan, nan, nan, 0.0000
(3, 14): nan, nan, nan, 0.0000
(3, 15): nan, nan, nan, 0.0000
(3, 16): 0.7898, 0.0200, 7.0045, 0.0147
(3, 17): 0.5999, 0.0200, 8.7250, 0.0201
(3, 18): 0.5691, 0.0200, 4.4076, 0.0147
(3, 19): 0.6456, 0.0200, 7.4483, 0.0082
(3, 20): 0.5326, 0.0200, 4.3753, 0.0128
(3, 21): 0.5254, 0.0200, 6.9150, 0.0092
