(1, 1): 0.0435, 4.4300, 6.0842
(1, 2): 0.0435, 4.4300, 6.0842
(1, 3): 0.0435, 4.4300, 6.0842
(1, 4): 0.0435, 4.4300, 6.0842
(1, 5): -0.0301, 4.4700, 32.8442
(1, 6): -0.0301, 4.4700, 32.8442
(1, 7): -0.0301, 4.4700, 32.8442
(1, 8): -0.0301, 4.4700, 32.8442
(1, 9): -0.0098, 4.4100, 19.0360
(1, 10): -0.0098, 4.4100, 19.0360
(1, 11): -0.0098, 4.4100, 19.0360
(1, 12): -0.0098, 4.4100, 19.0360
(1, 13): -0.0098, 4.4100, 19.0360
(1, 14): -0.0264, 4.4800, 23.6135
(1, 15): -0.0264, 4.4800, 23.6135
(1, 16): -0.0264, 4.4800, 23.6135
(1, 17): 0.0252, 4.6200, 21.4864
(1, 18): 0.0061, 4.5500, 10.4013
(1, 19): 0.0059, 4.4200, 10.5266
(1, 20): 0.0059, 4.4200, 10.5266
(1, 21): 0.1332, 4.4200, 10.3914
(1, 22): 0.1332, 4.4200, 10.3914
(1, 23): 0.1138, 4.4700, 59.3116
(1, 24): 0.1825, 4.4300, 47.2487
(1, 25): 0.1825, 4.4300, 47.2487
(1, 26): 0.1825, 4.4300, 47.2487
(1, 27): 0.0288, 4.4300, 9.7332
(2, 1): 0.0435, 4.4300, 6.0842
(2, 2): 0.0435, 4.4300, 6.0842
(2, 3): 0.0435, 4.4300, 6.0842
(2, 4): 0.0435, 4.4300, 6.0842
(2, 5): 0.0435, 4.4300, 6.0842
(2, 6): -0.0301, 4.4700, 32.8442
(2, 7): -0.0301, 4.4700, 32.8442
(2, 8): -0.0301, 4.4700, 32.8442
(2, 9): -0.0301, 4.4700, 32.8442
(2, 10): -0.0098, 4.4100, 19.0360
(2, 11): -0.0098, 4.4100, 19.0360
(2, 12): -0.0098, 4.4100, 19.0360
(2, 13): -0.0098, 4.4100, 19.0360
(2, 14): 0.0294, 4.4300, 41.2264
(2, 15): -0.0264, 4.4800, 23.6135
(2, 16): -0.0264, 4.4800, 23.6135
(2, 17): 0.0252, 4.6200, 21.4864
(2, 18): 0.0061, 4.5500, 10.4013
(2, 19): 0.0059, 4.4200, 10.5266
(2, 20): 0.0059, 4.4200, 10.5266
(2, 21): 0.1332, 4.4200, 10.3914
(2, 22): 0.0860, 4.4500, 41.2029
(2, 23): 0.1138, 4.4700, 59.3116
(2, 24): 0.1825, 4.4300, 47.2487
(2, 25): 0.1825, 4.4300, 47.2487
(2, 26): 0.0288, 4.4300, 9.7332
(2, 27): 0.0288, 4.4300, 9.7332
(3, 1): 0.0435, 4.4300, 6.0842
(3, 2): 0.0435, 4.4300, 6.0842
(3, 3): 0.0435, 4.4300, 6.0842
(3, 4): 0.0435, 4.4300, 6.0842
(3, 5): 0.0435, 4.4300, 6.0842
(3, 6): 0.0435, 4.4300, 6.0842
(3, 7): -0.0301, 4.4700, 32.8442
(3, 8): -0.0301, 4.4700, 32.8442
(3, 9): -0.0301, 4.4700, 32.8442
(3, 10): -0.0301, 4.4700, 32.8442
(3, 11): -0.0098, 4.4100, 19.0360
(3, 12): -0.0098, 4.4100, 19.0360
(3, 13): -0.0098, 4.4100, 19.0360
(3, 14): 0.0294, 4.4300, 41.2264
(3, 15): -0.0199, 4.4100, 18.1863
(3, 16): -0.0264, 4.4800, 23.6135
(3, 17): 0.0252, 4.6200, 21.4864
(3, 18): 0.0061, 4.5500, 10.4013
(3, 19): -0.0388, 4.4200, 21.2622
(3, 20): -0.0118, 4.4300, 10.2530
(3, 21): 0.0342, 4.4600, 15.7482
(3, 22): 0.0860, 4.4500, 41.2029
(3, 23): 0.1138, 4.4700, 59.3116
(3, 24): 0.1825, 4.4300, 47.2487
(3, 25): 0.1297, 4.4400, 42.2615
(3, 26): 0.0288, 4.4300, 9.7332
(3, 27): 0.0288, 4.4300, 9.7332
(4, 1): 0.0435, 4.4300, 6.0842
(4, 2): 0.0435, 4.4300, 6.0842
(4, 3): 0.0435, 4.4300, 6.0842
(4, 4): 0.0435, 4.4300, 6.0842
(4, 5): 0.0435, 4.4300, 6.0842
(4, 6): 0.0435, 4.4300, 6.0842
(4, 7): 0.0435, 4.4300, 6.0842
(4, 8): -0.0301, 4.4700, 32.8442
(4, 9): -0.0301, 4.4700, 32.8442
(4, 10): -0.0301, 4.4700, 32.8442
(4, 11): -0.0301, 4.4700, 32.8442
(4, 12): -0.0098, 4.4100, 19.0360
(4, 13): -0.0098, 4.4100, 19.0360
(4, 14): 0.0294, 4.4300, 41.2264
(4, 15): -0.0199, 4.4100, 18.1863
(4, 16): -0.0023, 4.4700, 17.6216
(4, 17): 0.0467, 4.5100, 16.1547
(4, 18): 0.0590, 4.5500, 49.9830
(4, 19): 0.0516, 4.4400, 59.3141
(4, 20): 0.0885, 4.4500, 69.4786
(4, 21): 0.1226, 4.4500, 71.4139
(4, 22): 0.1498, 4.4900, 61.9226
(4, 23): 0.1338, 4.4100, 62.0644
(4, 24): 0.2192, 4.4600, 60.5643
(4, 25): 0.1297, 4.4400, 42.2615
(4, 26): 0.0288, 4.4300, 9.7332
(4, 27): 0.0412, 4.4100, 18.5091
(5, 1): 0.0435, 4.4300, 6.0842
(5, 2): 0.0435, 4.4300, 6.0842
(5, 3): 0.0435, 4.4300, 6.0842
(5, 4): 0.0435, 4.4300, 6.0842
(5, 5): 0.0435, 4.4300, 6.0842
(5, 6): 0.0435, 4.4300, 6.0842
(5, 7): 0.0435, 4.4300, 6.0842
(5, 8): 0.0435, 4.4300, 6.0842
(5, 9): -0.0301, 4.4700, 32.8442
(5, 10): -0.0301, 4.4700, 32.8442
(5, 11): -0.0301, 4.4700, 32.8442
(5, 12): -0.0270, 4.4900, 25.5784
(5, 13): -0.0270, 4.4900, 25.5784
(5, 14): -0.0270, 4.4900, 25.5784
(5, 15): -0.0199, 4.4100, 18.1863
(5, 16): 0.0550, 4.4600, 42.1187
(5, 17): 0.1025, 4.4300, 75.3399
(5, 18): 0.0639, 4.4900, 74.9943
(5, 19): 0.0765, 4.5200, 73.4550
(5, 20): 0.1009, 4.5100, 75.2062
(5, 21): 0.1126, 4.4400, 69.9851
(5, 22): 0.1430, 4.4700, 57.6742
(5, 23): 0.1354, 4.4300, 62.0735
(5, 24): 0.1575, 4.4200, 65.0367
(5, 25): 0.1457, 4.4100, 63.3810
(5, 26): 0.1734, 4.4100, 55.4259
(5, 27): 0.0412, 4.4100, 18.5091
(6, 1): 0.0435, 4.4300, 6.0842
(6, 2): 0.0435, 4.4300, 6.0842
(6, 3): 0.0435, 4.4300, 6.0842
(6, 4): 0.0435, 4.4300, 6.0842
(6, 5): 0.0435, 4.4300, 6.0842
(6, 6): 0.0435, 4.4300, 6.0842
(6, 7): 0.0435, 4.4300, 6.0842
(6, 8): 0.0435, 4.4300, 6.0842
(6, 9): 0.0435, 4.4300, 6.0842
(6, 10): -0.0301, 4.4700, 32.8442
(6, 11): -0.0301, 4.4700, 32.8442
(6, 12): -0.0644, 4.4200, 14.1052
(6, 13): -0.0270, 4.4900, 25.5784
(6, 14): 0.1081, 4.4400, 46.5895
(6, 15): 0.1081, 4.4400, 46.5895
(6, 16): 0.1342, 4.4100, 69.5125
(6, 17): 0.1130, 4.4400, 70.2557
(6, 18): 0.0577, 4.4100, 74.9108
(6, 19): 0.0558, 4.4900, 74.6020
(6, 20): 0.1209, 4.4700, 72.6552
(6, 21): 0.0664, 4.4700, 70.7458
(6, 22): 0.1416, 4.4200, 58.2647
(6, 23): 0.1438, 4.5300, 65.6985
(6, 24): 0.1217, 4.5400, 67.6163
(6, 25): 0.1307, 4.4300, 64.9024
(6, 26): 0.1692, 4.4300, 60.8380
(6, 27): 0.1457, 4.4500, 19.3289
(7, 1): 0.0435, 4.4300, 6.0842
(7, 2): 0.0435, 4.4300, 6.0842
(7, 3): 0.0435, 4.4300, 6.0842
(7, 4): 0.0435, 4.4300, 6.0842
(7, 5): 0.0435, 4.4300, 6.0842
(7, 6): 0.0435, 4.4300, 6.0842
(7, 7): 0.0435, 4.4300, 6.0842
(7, 8): 0.0435, 4.4300, 6.0842
(7, 9): 0.0435, 4.4300, 6.0842
(7, 10): 0.0435, 4.4300, 6.0842
(7, 11): 0.0402, 4.4100, 30.0290
(7, 12): 0.0402, 4.4100, 30.0290
(7, 13): -0.0644, 4.4200, 14.1052
(7, 14): 0.1741, 4.4800, 65.8285
(7, 15): 0.1741, 4.4800, 65.8285
(7, 16): 0.1149, 4.4600, 68.7282
(7, 17): 0.0969, 4.5000, 69.6359
(7, 18): 0.0789, 4.5200, 69.1520
(7, 19): 0.1137, 4.4200, 69.0351
(7, 20): 0.1207, 4.4400, 73.4063
(7, 21): 0.1040, 4.4300, 66.2877
(7, 22): 0.1523, 4.4400, 63.5440
(7, 23): 0.1544, 4.4500, 66.8477
(7, 24): 0.1441, 4.4200, 63.4513
(7, 25): 0.1417, 4.4400, 63.1908
(7, 26): 0.1561, 4.4100, 60.3595
(7, 27): 0.1696, 4.4600, 34.8217
(8, 1): 0.1059, 4.4800, 43.1622
(8, 2): 0.1059, 4.4800, 43.1622
(8, 3): 0.1059, 4.4800, 43.1622
(8, 4): 0.1059, 4.4800, 43.1622
(8, 5): 0.1059, 4.4800, 43.1622
(8, 6): 0.1059, 4.4800, 43.1622
(8, 7): 0.1059, 4.4800, 43.1622
(8, 8): 0.1059, 4.4800, 43.1622
(8, 9): 0.1059, 4.4800, 43.1622
(8, 10): 0.1059, 4.4800, 43.1622
(8, 11): 0.1010, 4.4300, 39.6617
(8, 12): 0.1010, 4.4300, 39.6617
(8, 13): 0.0526, 4.4300, 20.4758
(8, 14): 0.0526, 4.4300, 20.4758
(8, 15): 0.1197, 4.4500, 71.7760
(8, 16): 0.1197, 4.4100, 68.9409
(8, 17): 0.1200, 4.4100, 67.1935
(8, 18): 0.1222, 4.4500, 66.5251
(8, 19): 0.1163, 4.5000, 70.4601
(8, 20): 0.1251, 4.4100, 67.9668
(8, 21): 0.1052, 4.4300, 68.5921
(8, 22): 0.1769, 4.4200, 67.2932
(8, 23): 0.1784, 4.5100, 65.4853
(8, 24): 0.1773, 4.4400, 62.5978
(8, 25): 0.1559, 4.4555, 61.1669
(8, 26): 0.1938, 4.5400, 55.5973
(8, 27): 0.2008, 4.4600, 32.0438
(9, 1): 0.1063, 4.4200, 44.4762
(9, 2): 0.1063, 4.4200, 44.4762
(9, 3): 0.1063, 4.4200, 44.4762
(9, 4): 0.1063, 4.4200, 44.4762
(9, 5): 0.1063, 4.4200, 44.4762
(9, 6): 0.1063, 4.4200, 44.4762
(9, 7): 0.1063, 4.4200, 44.4762
(9, 8): 0.1063, 4.4200, 44.4762
(9, 9): 0.1063, 4.4200, 44.4762
(9, 10): 0.1063, 4.4200, 44.4762
(9, 11): 0.1129, 4.4100, 6.0335
(9, 12): 0.0730, 4.5500, 47.2519
(9, 13): 0.0730, 4.5500, 47.2519
(9, 14): 0.0526, 4.4300, 20.4758
(9, 15): 0.1441, 4.4200, 58.9670
(9, 16): 0.1350, 4.4200, 69.3432
(9, 17): 0.1150, 4.4100, 69.7216
(9, 18): 0.1156, 4.5100, 68.4912
(9, 19): 0.1043, 4.4300, 70.9711
(9, 20): 0.1256, 4.4900, 63.7016
(9, 21): 0.1310, 4.4200, 68.6499
(9, 22): 0.2277, 4.4300, 61.8423
(9, 23): 0.2079, 4.4200, 62.9495
(9, 24): 0.2321, 4.5500, 59.1411
(9, 25): 0.2310, 4.4600, 54.3817
(9, 26): 0.2374, 4.4300, 54.0306
(9, 27): 0.1233, 4.4300, 12.8312
(10, 1): 0.0875, 4.4300, 49.6545
(10, 2): 0.0875, 4.4300, 49.6545
(10, 3): 0.0875, 4.4300, 49.6545
(10, 4): 0.0875, 4.4300, 49.6545
(10, 5): 0.0875, 4.4300, 49.6545
(10, 6): 0.0875, 4.4300, 49.6545
(10, 7): 0.0875, 4.4300, 49.6545
(10, 8): 0.0875, 4.4300, 49.6545
(10, 9): 0.0875, 4.4300, 49.6545
(10, 10): 0.0875, 4.4300, 49.6545
(10, 11): -0.0279, 4.4300, 19.6592
(10, 12): 0.0730, 4.5500, 47.2519
(10, 13): -0.0166, 4.4300, 22.9992
(10, 14): -0.0088, 4.5000, 5.0559
(10, 15): 0.0784, 4.4200, 63.9105
(10, 16): 0.0920, 4.4100, 69.4768
(10, 17): 0.0821, 4.4500, 72.7143
(10, 18): 0.1099, 4.4700, 69.0729
(10, 19): 0.0760, 4.5000, 71.8200
(10, 20): 0.1080, 4.4300, 65.2081
(10, 21): 0.1667, 4.4100, 67.6611
(10, 22): 0.2293, 4.4100, 60.5041
(10, 23): 0.2207, 4.4300, 61.8250
(10, 24): 0.2507, 4.4600, 55.4409
(10, 25): 0.2455, 4.5700, 55.2827
(10, 26): 0.2383, 4.4800, 53.9019
(10, 27): 0.2383, 4.4800, 53.9019
(11, 1): 0.0477, 4.4200, 20.5114
(11, 2): 0.0635, 4.4400, 68.0069
(11, 3): 0.0635, 4.4400, 68.0069
(11, 4): 0.0635, 4.4400, 68.0069
(11, 5): 0.0635, 4.4400, 68.0069
(11, 6): 0.0635, 4.4400, 68.0069
(11, 7): 0.0635, 4.4400, 68.0069
(11, 8): 0.0635, 4.4400, 68.0069
(11, 9): 0.0635, 4.4400, 68.0069
(11, 10): 0.0635, 4.4400, 68.0069
(11, 11): 0.1258, 4.4200, 79.3318
(11, 12): 0.1356, 4.4100, 75.2903
(11, 13): -0.0166, 4.4300, 22.9992
(11, 14): -0.0166, 4.4300, 22.9992
(11, 15): 0.0784, 4.4200, 63.9105
(11, 16): 0.0331, 4.5100, 10.4774
(11, 17): 0.0865, 4.4100, 69.5768
(11, 18): 0.0959, 4.4400, 70.3815
(11, 19): 0.1069, 4.4500, 64.5129
(11, 20): 0.1694, 4.4300, 61.6631
(11, 21): 0.1837, 4.4500, 63.5912
(11, 22): 0.2292, 4.4200, 59.7035
(11, 23): 0.2918, 4.6700, 53.2639
(11, 24): 0.2437, 4.4100, 54.9579
(11, 25): 0.2274, 4.4200, 53.4585
(11, 26): 0.2239, 4.4400, 55.5335
(11, 27): 0.2239, 4.4400, 55.5335
(12, 1): 0.0477, 4.4200, 20.5114
(12, 2): 0.0477, 4.4200, 20.5114
(12, 3): 0.0477, 4.4200, 20.5114
(12, 4): 0.0477, 4.4200, 20.5114
(12, 5): 0.0906, 4.4100, 81.2621
(12, 6): 0.0906, 4.4100, 81.2621
(12, 7): 0.0906, 4.4100, 81.2621
(12, 8): 0.0906, 4.4100, 81.2621
(12, 9): 0.0906, 4.4100, 81.2621
(12, 10): 0.0906, 4.4100, 81.2621
(12, 11): 0.0999, 4.4700, 83.6454
(12, 12): 0.1395, 4.4100, 76.4094
(12, 13): 0.1150, 4.4500, 57.6752
(12, 14): 0.0396, 4.5500, 37.9954
(12, 15): 0.0396, 4.5500, 37.9954
(12, 16): 0.0448, 4.4900, 20.0481
(12, 17): 0.1395, 4.4100, 64.3897
(12, 18): 0.1497, 4.4600, 66.0595
(12, 19): 0.1547, 4.4200, 60.5408
(12, 20): 0.1687, 4.4600, 63.5700
(12, 21): 0.2074, 4.4900, 60.2613
(12, 22): 0.2924, 4.5500, 52.7264
(12, 23): 0.2692, 4.5600, 53.7380
(12, 24): 0.2538, 4.4200, 47.8204
(12, 25): 0.0931, 4.4500, 18.2634
(12, 26): 0.0586, 4.5600, 19.4676
(12, 27): 0.0586, 4.5600, 19.4676
(13, 1): 0.0477, 4.4200, 20.5114
(13, 2): 0.0477, 4.4200, 20.5114
(13, 3): 0.0477, 4.4200, 20.5114
(13, 4): 0.0477, 4.4200, 20.5114
(13, 5): 0.0477, 4.4200, 20.5114
(13, 6): 0.0477, 4.4200, 20.5114
(13, 7): 0.0477, 4.4200, 20.5114
(13, 8): 0.1573, 4.5100, 83.4345
(13, 9): 0.1573, 4.5100, 83.4345
(13, 10): 0.1573, 4.5100, 83.4345
(13, 11): 0.1601, 4.4200, 82.2788
(13, 12): 0.1623, 4.4500, 73.5530
(13, 13): 0.1336, 4.5000, 57.4988
(13, 14): 0.0487, 4.4300, 10.7152
(13, 15): 0.0487, 4.4300, 10.7152
(13, 16): 0.0262, 4.4400, 10.2832
(13, 17): 0.1126, 4.4100, 51.9453
(13, 18): 0.1064, 4.5400, 58.5293
(13, 19): 0.1443, 4.4100, 64.1188
(13, 20): 0.1842, 4.4200, 61.0924
(13, 21): 0.2141, 4.5400, 57.8989
(13, 22): 0.2274, 4.4300, 56.3786
(13, 23): 0.2367, 4.4700, 56.2704
(13, 24): 0.2363, 4.4100, 50.8313
(13, 25): 0.1015, 4.4300, 4.9064
(13, 26): 0.0586, 4.5600, 19.4676
(13, 27): 0.1120, 4.4400, 4.7635
(14, 1): 0.0477, 4.4200, 20.5114
(14, 2): 0.0477, 4.4200, 20.5114
(14, 3): 0.0477, 4.4200, 20.5114
(14, 4): 0.0477, 4.4200, 20.5114
(14, 5): 0.0477, 4.4200, 20.5114
(14, 6): 0.0477, 4.4200, 20.5114
(14, 7): 0.0477, 4.4200, 20.5114
(14, 8): 0.0477, 4.4200, 20.5114
(14, 9): 0.1622, 4.4700, 87.2280
(14, 10): 0.1622, 4.4700, 87.2280
(14, 11): 0.1730, 4.4100, 82.1468
(14, 12): 0.1563, 4.4500, 74.6477
(14, 13): -0.0112, 4.4200, 6.7634
(14, 14): 0.0487, 4.4300, 10.7152
(14, 15): 0.0960, 4.4200, 5.3179
(14, 16): 0.2929, 4.4100, 42.0032
(14, 17): 0.1993, 4.4500, 64.2570
(14, 18): 0.1717, 4.4700, 63.5170
(14, 19): 0.1591, 4.4300, 66.2680
(14, 20): 0.1954, 4.4100, 62.0939
(14, 21): 0.2288, 4.4100, 57.6135
(14, 22): 0.2316, 4.4200, 58.1838
(14, 23): 0.2364, 4.5100, 57.7472
(14, 24): 0.2158, 4.4200, 54.1756
(14, 25): 0.1521, 4.4400, 33.4626
(14, 26): 0.1303, 4.4300, 37.4821
(14, 27): 0.1120, 4.4400, 4.7635
(15, 1): 0.0031, 4.4500, 6.6708
(15, 2): 0.0031, 4.4500, 6.6708
(15, 3): 0.0031, 4.4500, 6.6708
(15, 4): 0.0477, 4.4200, 20.5114
(15, 5): 0.0477, 4.4200, 20.5114
(15, 6): 0.0477, 4.4200, 20.5114
(15, 7): 0.0477, 4.4200, 20.5114
(15, 8): 0.0477, 4.4200, 20.5114
(15, 9): 0.0477, 4.4200, 20.5114
(15, 10): 0.1570, 4.4300, 89.1952
(15, 11): 0.1623, 4.6800, 83.0358
(15, 12): 0.1459, 4.6000, 80.8809
(15, 13): 0.0800, 4.5600, 28.2433
(15, 14): 0.0968, 4.4200, 5.3819
(15, 15): 0.1387, 4.4100, 57.6861
(15, 16): 0.1631, 4.4600, 68.1347
(15, 17): 0.1706, 4.4100, 62.2757
(15, 18): 0.1806, 4.4100, 57.0955
(15, 19): 0.2432, 4.4200, 61.2452
(15, 20): 0.2326, 4.4200, 59.3963
(15, 21): 0.2454, 4.4800, 57.0675
(15, 22): 0.2260, 4.5100, 58.9633
(15, 23): 0.2043, 4.5000, 58.9569
(15, 24): 0.2056, 4.4200, 58.5057
(15, 25): 0.1433, 4.4700, 66.9911
(15, 26): 0.1965, 4.4100, 60.3211
(15, 27): 0.1890, 4.4100, 38.6933
(16, 1): 0.0638, 4.4200, 19.0356
(16, 2): 0.0031, 4.4500, 6.6708
(16, 3): 0.0031, 4.4500, 6.6708
(16, 4): 0.0031, 4.4500, 6.6708
(16, 5): 0.0031, 4.4500, 6.6708
(16, 6): 0.0031, 4.4500, 6.6708
(16, 7): 0.0666, 4.4700, 32.2149
(16, 8): 0.0666, 4.4700, 32.2149
(16, 9): 0.0666, 4.4700, 32.2149
(16, 10): 0.1774, 4.4300, 83.6180
(16, 11): 0.3048, 4.4200, 64.8028
(16, 12): 0.1934, 4.4600, 70.1961
(16, 13): 0.0753, 4.4500, 27.8157
(16, 14): 0.1057, 4.5495, 73.3842
(16, 15): 0.2194, 4.4300, 63.8030
(16, 16): 0.2350, 4.4400, 54.7270
(16, 17): 0.1683, 4.4100, 54.7229
(16, 18): 0.2187, 4.4100, 65.5137
(16, 19): 0.2210, 4.4400, 63.1768
(16, 20): 0.2248, 4.4100, 59.5237
(16, 21): 0.2687, 4.4183, 57.0725
(16, 22): 0.2280, 4.4700, 59.5567
(16, 23): 0.1796, 4.4500, 64.2172
(16, 24): 0.1906, 4.4800, 62.9053
(16, 25): 0.1644, 4.5600, 67.4282
(16, 26): 0.1510, 4.4100, 67.4738
(16, 27): 0.1806, 4.4100, 35.3935
(17, 1): 0.0638, 4.4200, 19.0356
(17, 2): 0.0638, 4.4200, 19.0356
(17, 3): 0.0191, 4.4400, 20.3029
(17, 4): 0.0031, 4.4500, 6.6708
(17, 5): 0.0031, 4.4500, 6.6708
(17, 6): 0.0031, 4.4500, 6.6708
(17, 7): 0.0031, 4.4500, 6.6708
(17, 8): 0.0857, 4.4700, 64.6152
(17, 9): 0.0857, 4.4700, 64.6152
(17, 10): 0.0958, 4.5900, 89.3619
(17, 11): 0.1536, 4.5700, 80.9473
(17, 12): 0.1886, 4.4100, 74.0826
(17, 13): 0.1259, 4.4100, 67.1230
(17, 14): 0.1093, 4.5600, 60.6177
(17, 15): 0.1943, 4.6900, 58.5542
(17, 16): 0.1992, 4.4200, 58.6466
(17, 17): 0.1843, 4.6900, 68.3047
(17, 18): 0.2073, 4.4200, 67.7807
(17, 19): 0.2385, 4.4400, 63.5358
(17, 20): 0.2102, 4.4600, 63.9472
(17, 21): 0.1896, 4.5100, 63.5417
(17, 22): 0.2232, 4.4300, 60.2916
(17, 23): 0.2071, 4.4300, 62.3153
(17, 24): 0.2052, 4.4400, 63.4875
(17, 25): 0.1790, 4.4500, 68.1695
(17, 26): 0.1556, 4.4400, 54.8930
(17, 27): 0.1556, 4.4400, 54.8930
(18, 1): 0.0638, 4.4200, 19.0356
(18, 2): 0.0638, 4.4200, 19.0356
(18, 3): 0.0638, 4.4200, 19.0356
(18, 4): 0.0191, 4.4400, 20.3029
(18, 5): 0.0191, 4.4400, 20.3029
(18, 6): 0.0031, 4.4500, 6.6708
(18, 7): 0.0031, 4.4500, 6.6708
(18, 8): 0.0031, 4.4500, 6.6708
(18, 9): 0.1205, 4.4400, 82.1067
(18, 10): 0.1190, 4.4800, 86.6016
(18, 11): 0.1721, 4.4700, 84.4888
(18, 12): 0.1618, 4.4100, 81.3284
(18, 13): 0.1235, 4.4300, 82.8109
(18, 14): 0.1436, 4.4700, 77.8085
(18, 15): 0.1703, 4.5900, 71.5311
(18, 16): 0.2016, 4.4100, 64.8780
(18, 17): 0.1876, 4.4200, 67.5601
(18, 18): 0.1992, 4.4800, 67.9289
(18, 19): 0.2342, 4.5500, 63.7817
(18, 20): 0.1886, 4.6200, 65.8713
(18, 21): 0.2196, 4.4600, 61.0362
(18, 22): 0.1798, 4.4799, 65.4944
(18, 23): 0.1906, 4.4600, 64.5158
(18, 24): 0.2133, 4.4500, 65.9017
(18, 25): 0.2237, 4.4300, 55.4056
(18, 26): 0.1594, 4.4200, 13.1032
(18, 27): 0.1594, 4.4200, 13.1032
(19, 1): 0.0638, 4.4200, 19.0356
(19, 2): 0.0638, 4.4200, 19.0356
(19, 3): 0.0638, 4.4200, 19.0356
(19, 4): 0.0638, 4.4200, 19.0356
(19, 5): 0.0191, 4.4400, 20.3029
(19, 6): 0.0191, 4.4400, 20.3029
(19, 7): 0.0561, 4.4100, 48.4606
(19, 8): 0.0561, 4.4100, 48.4606
(19, 9): 0.1397, 4.6900, 86.1379
(19, 10): 0.1698, 4.4500, 83.9443
(19, 11): 0.1829, 4.4900, 81.9847
(19, 12): 0.1485, 4.5300, 83.1609
(19, 13): 0.1866, 4.4800, 73.7847
(19, 14): 0.1934, 4.4300, 72.2424
(19, 15): 0.1972, 4.4200, 71.3658
(19, 16): 0.2266, 4.4100, 64.6841
(19, 17): 0.2446, 4.4300, 62.5479
(19, 18): 0.2033, 4.4900, 65.8401
(19, 19): 0.1747, 4.4200, 68.7920
(19, 20): 0.1793, 4.7400, 69.0073
(19, 21): 0.1855, 4.4400, 66.3666
(19, 22): 0.1476, 4.5100, 65.8081
(19, 23): 0.1894, 4.5400, 60.7615
(19, 24): 0.2252, 4.5000, 57.3464
(19, 25): 0.1872, 4.4300, 36.2772
(19, 26): 0.1617, 4.4200, 4.2000
(19, 27): 0.1617, 4.4200, 4.2000
(20, 1): 0.1871, 4.4600, 21.2134
(20, 2): 0.0638, 4.4200, 19.0356
(20, 3): 0.0638, 4.4200, 19.0356
(20, 4): 0.0638, 4.4200, 19.0356
(20, 5): 0.0638, 4.4200, 19.0356
(20, 6): 0.0191, 4.4400, 20.3029
(20, 7): 0.0191, 4.4400, 20.3029
(20, 8): 0.1887, 4.5000, 79.4372
(20, 9): 0.1673, 4.4900, 83.6047
(20, 10): 0.1790, 4.4600, 80.5682
(20, 11): 0.1608, 4.4100, 80.6224
(20, 12): 0.1846, 4.4800, 71.7374
(20, 13): 0.2397, 4.7800, 64.2192
(20, 14): 0.2492, 4.4200, 64.4192
(20, 15): 0.2138, 4.4400, 68.7648
(20, 16): 0.2651, 4.4200, 60.5544
(20, 17): 0.2493, 4.4400, 61.7713
(20, 18): 0.2067, 4.4900, 66.1105
(20, 19): 0.1893, 4.5000, 67.4877
(20, 20): 0.1773, 4.6200, 65.7006
(20, 21): 0.1614, 4.4200, 60.2919
(20, 22): 0.1647, 4.4200, 55.4401
(20, 23): 0.1659, 4.4700, 57.5563
(20, 24): 0.1756, 4.4200, 60.7196
(20, 25): 0.1491, 4.5000, 61.1593
(20, 26): 0.1108, 4.4200, 13.2139
(20, 27): 0.1108, 4.4200, 13.2139
(21, 1): 0.1589, 4.4700, 15.8111
(21, 2): 0.1871, 4.4600, 21.2134
(21, 3): 0.1871, 4.4600, 21.2134
(21, 4): 0.0638, 4.4200, 19.0356
(21, 5): 0.0638, 4.4200, 19.0356
(21, 6): 0.0638, 4.4200, 19.0356
(21, 7): 0.1146, 4.4500, 80.4103
(21, 8): 0.1623, 4.5400, 86.1393
(21, 9): 0.1678, 4.6500, 83.5238
(21, 10): 0.1475, 4.5600, 78.5816
(21, 11): 0.1564, 4.5400, 75.8979
(21, 12): 0.2031, 4.5700, 67.9097
(21, 13): 0.2282, 4.4800, 65.0581
(21, 14): 0.2215, 4.4300, 66.1468
(21, 15): 0.2270, 4.4800, 65.4076
(21, 16): 0.2194, 4.4200, 62.8931
(21, 17): 0.2205, 4.4200, 62.1277
(21, 18): 0.1508, 4.4200, 65.5490
(21, 19): 0.0956, 4.4100, 67.1516
(21, 20): 0.1315, 4.5300, 62.3405
(21, 21): 0.1190, 4.4800, 52.4012
(21, 22): 0.1648, 4.4500, 52.1851
(21, 23): 0.1678, 4.4700, 55.7770
(21, 24): 0.1492, 4.4100, 29.3332
(21, 25): 0.1492, 4.4100, 29.3332
(21, 26): 0.1108, 4.4200, 13.2139
(21, 27): 0.1108, 4.4200, 13.2139
(22, 1): 0.1589, 4.4700, 15.8111
(22, 2): 0.1589, 4.4700, 15.8111
(22, 3): 0.1871, 4.4600, 21.2134
(22, 4): 0.1871, 4.4600, 21.2134
(22, 5): 0.1372, 4.4100, 52.2221
(22, 6): 0.1372, 4.4100, 52.2221
(22, 7): 0.1818, 4.5700, 78.3691
(22, 8): 0.1725, 4.4800, 77.8819
(22, 9): 0.1988, 4.5100, 74.1926
(22, 10): 0.1337, 4.5097, 77.3709
(22, 11): 0.1151, 4.4100, 77.2507
(22, 12): 0.1395, 4.5100, 73.0148
(22, 13): 0.1803, 4.4300, 68.6782
(22, 14): 0.1703, 4.4500, 68.8155
(22, 15): 0.1922, 4.4100, 64.8027
(22, 16): 0.1880, 4.4900, 64.1052
(22, 17): 0.1650, 4.4600, 63.1590
(22, 18): 0.1202, 4.4200, 68.7215
(22, 19): 0.1289, 4.4700, 68.6125
(22, 20): 0.0851, 4.4400, 54.8968
(22, 21): 0.0156, 4.4200, 10.7211
(22, 22): 0.1648, 4.4500, 52.1851
(22, 23): 0.1678, 4.4700, 55.7770
(22, 24): 0.1492, 4.4100, 29.3332
(22, 25): 0.1492, 4.4100, 29.3332
(22, 26): 0.1108, 4.4200, 13.2139
(22, 27): 0.1108, 4.4200, 13.2139
(23, 1): 0.1589, 4.4700, 15.8111
(23, 2): 0.1589, 4.4700, 15.8111
(23, 3): 0.1589, 4.4700, 15.8111
(23, 4): 0.1871, 4.4600, 21.2134
(23, 5): 0.1871, 4.4600, 21.2134
(23, 6): 0.1993, 4.4400, 44.0233
(23, 7): 0.1731, 4.4700, 61.0261
(23, 8): 0.1980, 4.4600, 74.2901
(23, 9): 0.1776, 4.4700, 75.4511
(23, 10): 0.1584, 4.5700, 72.0913
(23, 11): 0.1575, 4.4700, 73.0881
(23, 12): 0.1659, 4.4600, 70.3470
(23, 13): 0.1593, 4.4100, 68.2691
(23, 14): 0.1522, 4.6200, 67.2720
(23, 15): 0.1627, 4.4900, 64.5169
(23, 16): 0.1405, 4.4100, 66.4425
(23, 17): 0.1334, 4.4300, 64.9166
(23, 18): 0.0920, 4.4600, 70.1089
(23, 19): 0.1373, 4.4800, 67.0850
(23, 20): 0.0854, 4.4300, 60.5086
(23, 21): 0.0156, 4.4200, 10.7211
(23, 22): 0.0156, 4.4200, 10.7211
(23, 23): 0.1678, 4.4700, 55.7770
(23, 24): 0.1492, 4.4100, 29.3332
(23, 25): 0.1492, 4.4100, 29.3332
(23, 26): 0.1492, 4.4100, 29.3332
(23, 27): 0.1108, 4.4200, 13.2139
(24, 1): 0.0954, 4.4600, 6.2321
(24, 2): 0.1589, 4.4700, 15.8111
(24, 3): 0.1589, 4.4700, 15.8111
(24, 4): 0.1589, 4.4700, 15.8111
(24, 5): 0.1741, 4.5300, 29.9089
(24, 6): 0.1677, 4.4700, 30.8821
(24, 7): 0.2193, 4.4100, 65.2139
(24, 8): 0.1335, 4.4600, 51.9076
(24, 9): 0.1811, 4.5400, 58.6265
(24, 10): 0.1668, 4.4200, 57.4748
(24, 11): 0.1541, 4.6900, 73.2947
(24, 12): 0.1208, 4.4400, 74.4529
(24, 13): 0.1277, 4.4500, 69.4525
(24, 14): 0.1291, 4.4600, 66.2270
(24, 15): 0.1523, 4.4300, 63.0624
(24, 16): 0.1859, 4.4400, 59.5590
(24, 17): 0.1420, 4.4300, 63.7217
(24, 18): 0.1372, 4.4300, 66.0895
(24, 19): 0.1150, 4.4500, 69.4792
(24, 20): 0.1110, 4.4300, 71.3726
(24, 21): 0.1469, 4.4100, 38.4329
(24, 22): 0.1013, 4.5100, 29.3040
(24, 23): 0.1013, 4.5100, 29.3040
(24, 24): 0.1013, 4.5100, 29.3040
(24, 25): 0.1013, 4.5100, 29.3040
(24, 26): 0.1492, 4.4100, 29.3332
(24, 27): 0.1108, 4.4200, 13.2139
(25, 1): 0.0954, 4.4600, 6.2321
(25, 2): 0.0954, 4.4600, 6.2321
(25, 3): 0.1177, 4.4900, 33.0405
(25, 4): 0.1685, 4.5100, 44.5155
(25, 5): 0.2073, 4.4900, 52.1753
(25, 6): 0.2040, 4.4800, 65.3612
(25, 7): 0.1468, 4.5200, 35.1476
(25, 8): 0.1504, 4.4500, 61.6519
(25, 9): 0.1737, 4.5300, 68.4509
(25, 10): 0.1600, 4.4900, 70.7728
(25, 11): 0.1248, 4.4100, 77.4941
(25, 12): 0.1169, 4.4100, 74.8607
(25, 13): 0.1075, 4.4400, 72.1623
(25, 14): 0.1556, 4.7100, 65.0408
(25, 15): 0.1847, 4.4600, 61.4701
(25, 16): 0.1621, 4.4300, 62.5573
(25, 17): 0.1575, 4.5259, 63.4500
(25, 18): 0.1306, 4.7000, 67.3480
(25, 19): 0.1441, 4.4300, 65.3691
(25, 20): 0.1339, 4.5000, 65.6959
(25, 21): 0.1765, 4.4900, 62.0249
(25, 22): 0.1013, 4.5100, 29.3040
(25, 23): 0.1013, 4.5100, 29.3040
(25, 24): 0.1013, 4.5100, 29.3040
(25, 25): 0.1013, 4.5100, 29.3040
(25, 26): 0.1013, 4.5100, 29.3040
(25, 27): 0.1013, 4.5100, 29.3040
(26, 1): 0.0954, 4.4600, 6.2321
(26, 2): 0.0954, 4.4600, 6.2321
(26, 3): 0.1177, 4.4900, 33.0405
(26, 4): 0.1660, 4.5100, 43.5372
(26, 5): 0.1531, 4.5800, 41.4421
(26, 6): 0.1725, 4.4200, 33.9594
(26, 7): 0.2026, 4.4900, 59.1740
(26, 8): 0.1798, 4.4800, 72.9920
(26, 9): 0.1701, 4.4400, 71.0681
(26, 10): 0.1344, 4.4200, 72.2934
(26, 11): 0.1079, 4.4700, 76.6871
(26, 12): 0.1114, 4.4100, 73.4962
(26, 13): 0.1246, 4.4300, 70.5167
(26, 14): 0.1559, 4.5300, 66.5304
(26, 15): 0.1684, 4.4300, 65.1976
(26, 16): 0.1563, 4.5600, 63.9720
(26, 17): 0.1726, 4.4100, 61.0542
(26, 18): 0.1579, 4.4500, 62.0311
(26, 19): 0.1395, 4.4800, 62.8634
(26, 20): 0.1429, 4.4800, 62.8064
(26, 21): 0.1273, 4.4200, 65.2139
(26, 22): 0.1168, 4.4300, 52.7548
(26, 23): 0.1168, 4.4300, 52.7548
(26, 24): 0.1168, 4.4300, 52.7548
(26, 25): 0.1168, 4.4300, 52.7548
(26, 26): 0.1168, 4.4300, 52.7548
(26, 27): 0.1168, 4.4300, 52.7548
(27, 1): 0.1255, 4.4600, 31.3601
(27, 2): 0.1255, 4.4600, 31.3601
(27, 3): 0.1778, 4.4400, 73.6044
(27, 4): 0.1605, 4.4600, 80.1018
(27, 5): 0.1674, 4.5800, 79.1470
(27, 6): 0.1906, 4.4400, 58.8413
(27, 7): 0.1081, 4.4100, 25.6123
(27, 8): 0.1399, 4.4800, 60.8934
(27, 9): 0.1193, 4.4400, 57.1408
(27, 10): 0.0840, 4.4500, 55.7023
(27, 11): 0.0900, 4.5600, 57.6404
(27, 12): 0.0761, 4.4400, 35.0560
(27, 13): 0.1456, 4.5600, 56.3521
(27, 14): 0.1199, 4.4200, 45.4138
(27, 15): 0.1403, 4.4100, 66.8841
(27, 16): 0.1573, 4.5100, 63.2603
(27, 17): 0.1823, 4.4100, 61.1663
(27, 18): 0.1786, 4.4200, 59.1171
(27, 19): 0.1564, 4.4400, 60.1496
(27, 20): 0.1609, 4.4800, 59.4020
(27, 21): 0.1609, 4.4600, 61.4283
(27, 22): 0.2072, 4.4200, 46.1331
(27, 23): 0.2072, 4.4200, 46.1331
(27, 24): 0.2072, 4.4200, 46.1331
(27, 25): 0.2072, 4.4200, 46.1331
(27, 26): 0.2072, 4.4200, 46.1331
(27, 27): 0.2072, 4.4200, 46.1331
(28, 1): -0.0247, 4.4100, 6.5339
(28, 2): -0.0247, 4.4100, 6.5339
(28, 3): 0.0713, 4.4100, 39.7426
(28, 4): 0.1227, 4.4500, 38.2430
(28, 5): 0.1548, 4.4300, 62.7648
(28, 6): 0.1199, 4.4200, 36.1730
(28, 7): 0.0954, 4.4299, 36.1837
(28, 8): 0.0945, 4.4500, 53.3421
(28, 9): 0.0851, 4.4500, 40.9839
(28, 10): 0.0840, 4.4500, 55.7023
(28, 11): 0.0900, 4.5600, 57.6404
(28, 12): 0.0761, 4.4400, 35.0560
(28, 13): 0.0935, 4.4300, 14.1667
(28, 14): 0.0935, 4.4300, 14.1667
(28, 15): 0.1446, 4.5900, 61.1383
(28, 16): 0.1395, 4.4200, 63.2563
(28, 17): 0.1245, 4.4498, 64.1151
(28, 18): 0.1373, 4.4100, 61.9088
(28, 19): 0.1346, 4.4900, 60.0127
(28, 20): 0.1481, 4.4200, 58.3081
(28, 21): 0.2375, 4.4800, 52.6676
(28, 22): 0.1523, 4.4200, 24.9387
(28, 23): 0.1523, 4.4200, 24.9387
(28, 24): 0.1523, 4.4200, 24.9387
(28, 25): 0.1523, 4.4200, 24.9387
(28, 26): 0.1523, 4.4200, 24.9387
(28, 27): 0.1523, 4.4200, 24.9387
(29, 1): 0.1640, 4.5400, 67.7815
(29, 2): 0.1640, 4.5400, 67.7815
(29, 3): 0.1162, 4.5600, 79.2389
(29, 4): 0.1163, 4.4600, 69.2746
(29, 5): 0.1874, 4.4800, 51.2234
(29, 6): 0.2327, 4.4300, 68.0669
(29, 7): 0.1632, 4.4200, 59.2738
(29, 8): 0.0952, 4.4100, 5.4352
(29, 9): 0.0851, 4.4500, 40.9839
(29, 10): 0.0851, 4.4500, 40.9839
(29, 11): 0.0900, 4.5600, 57.6404
(29, 12): 0.0761, 4.4400, 35.0560
(29, 13): 0.0935, 4.4300, 14.1667
(29, 14): 0.0935, 4.4300, 14.1667
(29, 15): 0.0644, 4.4800, 9.6021
(29, 16): 0.0704, 4.4400, 27.0266
(29, 17): 0.0802, 4.4100, 4.4268
(29, 18): 0.1240, 4.4800, 45.0532
(29, 19): 0.2014, 4.5700, 52.5489
(29, 20): 0.1776, 4.4200, 53.2973
(29, 21): 0.1632, 4.4500, 56.0842
(29, 22): 0.1080, 4.4100, 13.0455
(29, 23): 0.1080, 4.4100, 13.0455
(29, 24): 0.1080, 4.4100, 13.0455
(29, 25): 0.1080, 4.4100, 13.0455
(29, 26): 0.1080, 4.4100, 13.0455
(29, 27): 0.1080, 4.4100, 13.0455
(30, 1): 0.0777, 4.4100, 44.5801
(30, 2): 0.0777, 4.4100, 44.5801
(30, 3): 0.0021, 4.4100, 22.5452
(30, 4): 0.0501, 4.4300, 17.6473
(30, 5): 0.1639, 4.4100, 61.3367
(30, 6): 0.1861, 4.4400, 54.8319
(30, 7): 0.0963, 4.4100, 16.3489
(30, 8): 0.0952, 4.4100, 5.4352
(30, 9): 0.0952, 4.4100, 5.4352
(30, 10): 0.0851, 4.4500, 40.9839
(30, 11): 0.0851, 4.4500, 40.9839
(30, 12): 0.0935, 4.4300, 14.1667
(30, 13): 0.0935, 4.4300, 14.1667
(30, 14): 0.0644, 4.4800, 9.6021
(30, 15): 0.0644, 4.4800, 9.6021
(30, 16): 0.0704, 4.4400, 27.0266
(30, 17): 0.0802, 4.4100, 4.4268
(30, 18): 0.0700, 4.4600, 13.2132
(30, 19): 0.0700, 4.4600, 13.2132
(30, 20): 0.1595, 4.4900, 44.8257
(30, 21): 0.1793, 4.5200, 51.1760
(30, 22): 0.1530, 4.4100, 15.5809
(30, 23): 0.1530, 4.4100, 15.5809
(30, 24): 0.1530, 4.4100, 15.5809
(30, 25): 0.1530, 4.4100, 15.5809
(30, 26): 0.1530, 4.4100, 15.5809
(30, 27): 0.1530, 4.4100, 15.5809
(31, 1): 0.0777, 4.4100, 44.5801
(31, 2): 0.0777, 4.4100, 44.5801
(31, 3): 0.0021, 4.4100, 22.5452
(31, 4): 0.0501, 4.4300, 17.6473
(31, 5): 0.1639, 4.4100, 61.3367
(31, 6): 0.1861, 4.4400, 54.8319
(31, 7): 0.0963, 4.4100, 16.3489
(31, 8): 0.0963, 4.4100, 16.3489
(31, 9): 0.0952, 4.4100, 5.4352
(31, 10): 0.0952, 4.4100, 5.4352
(31, 11): 0.0851, 4.4500, 40.9839
(31, 12): 0.0935, 4.4300, 14.1667
(31, 13): 0.0644, 4.4800, 9.6021
(31, 14): 0.0644, 4.4800, 9.6021
(31, 15): 0.0644, 4.4800, 9.6021
(31, 16): 0.0704, 4.4400, 27.0266
(31, 17): 0.0802, 4.4100, 4.4268
(31, 18): 0.0656, 4.4300, 9.3809
(31, 19): 0.0656, 4.4300, 9.3809
(31, 20): 0.1698, 4.5000, 50.5465
(31, 21): 0.1175, 4.5300, 12.4637
(31, 22): 0.1175, 4.5300, 12.4637
(31, 23): 0.0843, 4.4200, 9.6667
(31, 24): 0.0843, 4.4200, 9.6667
(31, 25): 0.0843, 4.4200, 9.6667
(31, 26): 0.0843, 4.4200, 9.6667
(31, 27): 0.0843, 4.4200, 9.6667
(32, 1): 0.0777, 4.4100, 44.5801
(32, 2): 0.0777, 4.4100, 44.5801
(32, 3): 0.0021, 4.4100, 22.5452
(32, 4): 0.0501, 4.4300, 17.6473
(32, 5): 0.1639, 4.4100, 61.3367
(32, 6): 0.1861, 4.4400, 54.8319
(32, 7): 0.0963, 4.4100, 16.3489
(32, 8): 0.0963, 4.4100, 16.3489
(32, 9): 0.0963, 4.4100, 16.3489
(32, 10): 0.0952, 4.4100, 5.4352
(32, 11): 0.0952, 4.4100, 5.4352
(32, 12): 0.0644, 4.4800, 9.6021
(32, 13): 0.0644, 4.4800, 9.6021
(32, 14): 0.0644, 4.4800, 9.6021
(32, 15): 0.0644, 4.4800, 9.6021
(32, 16): 0.0704, 4.4400, 27.0266
(32, 17): 0.1107, 4.4600, 13.1144
(32, 18): 0.1107, 4.4600, 13.1144
(32, 19): 0.1107, 4.4600, 13.1144
(32, 20): 0.1456, 4.4200, 63.8996
(32, 21): 0.1305, 4.5300, 41.5637
(32, 22): 0.0843, 4.4200, 9.6667
(32, 23): 0.0843, 4.4200, 9.6667
(32, 24): 0.0843, 4.4200, 9.6667
(32, 25): 0.0843, 4.4200, 9.6667
(32, 26): 0.0843, 4.4200, 9.6667
(32, 27): 0.0843, 4.4200, 9.6667
(33, 1): 0.0777, 4.4100, 44.5801
(33, 2): 0.0777, 4.4100, 44.5801
(33, 3): 0.0021, 4.4100, 22.5452
(33, 4): 0.0501, 4.4300, 17.6473
(33, 5): 0.1639, 4.4100, 61.3367
(33, 6): 0.1861, 4.4400, 54.8319
(33, 7): 0.0963, 4.4100, 16.3489
(33, 8): 0.0963, 4.4100, 16.3489
(33, 9): 0.0963, 4.4100, 16.3489
(33, 10): 0.0963, 4.4100, 16.3489
(33, 11): 0.0952, 4.4100, 5.4352
(33, 12): 0.0644, 4.4800, 9.6021
(33, 13): 0.0644, 4.4800, 9.6021
(33, 14): 0.0644, 4.4800, 9.6021
(33, 15): 0.0644, 4.4800, 9.6021
(33, 16): 0.1213, 4.4300, 37.6656
(33, 17): 0.1213, 4.4300, 37.6656
(33, 18): 0.1213, 4.4300, 37.6656
(33, 19): 0.1213, 4.4300, 37.6656
(33, 20): 0.1467, 4.4200, 64.1471
(33, 21): 0.1904, 4.4300, 59.3377
(33, 22): 0.1049, 4.4200, 26.3435
(33, 23): 0.1049, 4.4200, 26.3435
(33, 24): 0.1049, 4.4200, 26.3435
(33, 25): 0.1049, 4.4200, 26.3435
(33, 26): 0.1049, 4.4200, 26.3435
(33, 27): 0.1049, 4.4200, 26.3435
(34, 1): 0.0777, 4.4100, 44.5801
(34, 2): 0.0777, 4.4100, 44.5801
(34, 3): 0.0021, 4.4100, 22.5452
(34, 4): 0.0501, 4.4300, 17.6473
(34, 5): 0.1639, 4.4100, 61.3367
(34, 6): 0.1861, 4.4400, 54.8319
(34, 7): 0.0963, 4.4100, 16.3489
(34, 8): 0.0963, 4.4100, 16.3489
(34, 9): 0.0963, 4.4100, 16.3489
(34, 10): 0.0963, 4.4100, 16.3489
(34, 11): 0.0963, 4.4100, 16.3489
(34, 12): 0.0644, 4.4800, 9.6021
(34, 13): 0.0644, 4.4800, 9.6021
(34, 14): 0.1168, 4.4700, 33.1881
(34, 15): 0.1168, 4.4700, 33.1881
(34, 16): 0.1168, 4.4700, 33.1881
(34, 17): 0.1168, 4.4700, 33.1881
(34, 18): 0.1168, 4.4700, 33.1881
(34, 19): 0.1168, 4.4700, 33.1881
(34, 20): 0.1849, 4.4600, 61.1186
(34, 21): 0.2019, 4.5000, 60.5389
(34, 22): 0.0566, 4.4200, 10.1349
(34, 23): 0.0566, 4.4200, 10.1349
(34, 24): 0.0566, 4.4200, 10.1349
(34, 25): 0.0566, 4.4200, 10.1349
(34, 26): 0.0566, 4.4200, 10.1349
(34, 27): 0.0566, 4.4200, 10.1349
