(10, 10): 0.1257, 3.0300, 46.1931
(10, 11): 0.0070, 3.0100, 18.4106
(10, 12): 0.1194, 3.0300, 43.6080
(10, 14): -0.0297, 3.0100, 5.2610
(10, 15): 0.1443, 3.0600, 56.9160
(10, 16): 0.1412, 3.0500, 63.5790
(10, 17): 0.1280, 3.0100, 67.0076
(10, 18): 0.1332, 3.0100, 66.2394
(10, 19): 0.1130, 3.0700, 67.2380
(10, 20): 0.1542, 3.0300, 60.1881
(10, 21): 0.2160, 3.0700, 62.0556
(10, 22): 0.2742, 3.0400, 55.8821
(10, 23): 0.2459, 3.1100, 58.9165
(10, 24): 0.2664, 3.0400, 53.6186
(10, 25): 0.2876, 3.0100, 51.1360
(10, 26): 0.2614, 3.0200, 51.5271
(11, 10): 0.1158, 3.0100, 62.0780
(11, 11): 0.2077, 3.0200, 69.2561
(11, 12): 0.2205, 3.0100, 65.7612
(11, 13): 0.0176, 3.0100, 21.6624
(11, 16): 0.0244, 3.1100, 10.6263
(11, 17): 0.1577, 3.0100, 61.6678
(11, 18): 0.1376, 3.0100, 65.5466
(11, 19): 0.1227, 3.0400, 62.6503
(11, 20): 0.1947, 3.0500, 58.4143
(11, 21): 0.2464, 3.0100, 57.0411
(11, 22): 0.2903, 3.0500, 53.5140
(11, 23): 0.2989, 3.0100, 50.7871
(11, 24): 0.3132, 3.0400, 48.5971
(11, 25): 0.3055, 3.0100, 48.6246
(11, 26): 0.2540, 3.0600, 52.5218
(12, 10): 0.1441, 3.0300, 74.2482
(12, 11): 0.1475, 3.0500, 77.1411
(12, 12): 0.2265, 3.0800, 66.3126
(12, 13): 0.1822, 3.0900, 51.4676
(12, 14): 0.0905, 3.0800, 34.5267
(12, 16): 0.0709, 3.0500, 19.0336
(12, 17): 0.1890, 3.0400, 58.9520
(12, 18): 0.1988, 3.0200, 60.5753
(12, 19): 0.1863, 3.0100, 57.1890
(12, 20): 0.2606, 3.1300, 54.4371
(12, 21): 0.2522, 3.0889, 55.8524
(12, 22): 0.3238, 3.0500, 49.6601
(12, 23): 0.3521, 3.0700, 46.6043
(12, 24): 0.2825, 3.0200, 45.2857
(12, 25): 0.1259, 3.0400, 17.1159
(12, 26): 0.1231, 3.0100, 17.2850
(13, 10): 0.1900, 3.0800, 78.8754
(13, 11): 0.2027, 3.0100, 76.7379
(13, 12): 0.1953, 3.1100, 69.3224
(13, 13): 0.1892, 3.0100, 52.0397
(13, 14): 0.0392, 3.0100, 10.8347
(13, 16): 0.0585, 3.0300, 9.6108
(13, 17): 0.1755, 3.0300, 46.8807
(13, 18): 0.1551, 3.0200, 53.7033
(13, 19): 0.2431, 3.1000, 54.4460
(13, 20): 0.2508, 3.0400, 54.6123
(13, 21): 0.2794, 3.0300, 51.8844
(13, 22): 0.3067, 3.0300, 49.2527
(13, 23): 0.3009, 3.0100, 50.2979
(13, 24): 0.2434, 3.0300, 48.1456
(13, 25): 0.0617, 3.0300, 5.1923
(14, 10): 0.2284, 3.0900, 78.0935
(14, 11): 0.2215, 3.0300, 75.4442
(14, 12): 0.1814, 3.0100, 71.2087
(14, 13): 0.0617, 3.0800, 5.8660
(14, 15): 0.1351, 3.0300, 4.7865
(14, 16): 0.4069, 3.0400, 34.7892
(14, 17): 0.2903, 3.0200, 55.3182
(14, 18): 0.2357, 3.0300, 57.1105
(14, 19): 0.2089, 3.0500, 60.9262
(14, 20): 0.2592, 3.0500, 55.7087
(14, 21): 0.3169, 3.0300, 51.0024
(14, 22): 0.2873, 3.0100, 52.6355
(14, 23): 0.3093, 3.0500, 50.7799
(14, 24): 0.2301, 3.0500, 52.7381
(14, 25): 0.1725, 3.0900, 32.0071
(14, 26): 0.1859, 3.0100, 33.6007
(14, 27): 0.0908, 3.0100, 4.8537
(15, 9): 0.0662, 3.0700, 19.7582
(15, 10): 0.2110, 3.0200, 81.0025
(15, 11): 0.1782, 3.0200, 80.4174
(15, 12): 0.1972, 3.0094, 73.3857
(15, 13): 0.1051, 3.0700, 26.7831
(15, 14): 0.1232, 3.0200, 4.9480
(15, 15): 0.1598, 3.0500, 55.1291
(15, 16): 0.2037, 3.1200, 63.2826
(15, 17): 0.2647, 3.0400, 53.2838
(15, 18): 0.2660, 3.1000, 49.2980
(15, 19): 0.2868, 3.1100, 56.7602
(15, 20): 0.2789, 3.1100, 54.7745
(15, 21): 0.2769, 3.0400, 53.7829
(15, 22): 0.2887, 3.0800, 52.7829
(15, 23): 0.2401, 3.0100, 55.0275
(15, 24): 0.2671, 3.0500, 52.5516
(15, 25): 0.1989, 3.0100, 60.3770
(15, 26): 0.2327, 3.0600, 56.3375
(15, 27): 0.2298, 3.1500, 35.7184
(16, 9): 0.0939, 3.0200, 30.5757
(16, 10): 0.2440, 3.1800, 74.8718
(16, 11): 0.3977, 3.0100, 55.8695
(16, 12): 0.2352, 3.1100, 65.1746
(16, 13): 0.0828, 3.1100, 27.2741
(16, 14): 0.1487, 3.0300, 68.5637
(16, 15): 0.2654, 3.0700, 59.2660
(16, 16): 0.3205, 3.0100, 47.5524
(16, 17): 0.2092, 3.0200, 50.8834
(16, 18): 0.2518, 3.0200, 61.8206
(16, 19): 0.2619, 3.0400, 58.8876
(16, 20): 0.2837, 3.1100, 54.4197
(16, 21): 0.2827, 3.0400, 55.1966
(16, 22): 0.2448, 3.0100, 57.5822
(16, 23): 0.2247, 3.0400, 58.5484
(16, 24): 0.2475, 3.0100, 56.8100
(16, 25): 0.2209, 3.1300, 60.7861
(16, 26): 0.2000, 3.0300, 61.3877
(16, 27): 0.2031, 3.0100, 33.7024
(17, 9): 0.1271, 3.0100, 60.1985
(17, 10): 0.1269, 3.2000, 84.6161
(17, 11): 0.2032, 3.0200, 74.0352
(17, 12): 0.2661, 3.0100, 66.1307
(17, 13): 0.1769, 3.0100, 61.1059
(17, 14): 0.1416, 3.0300, 56.8831
(17, 15): 0.2757, 3.0200, 50.8215
(17, 16): 0.2671, 3.1300, 52.1850
(17, 17): 0.2280, 3.1100, 63.2000
(17, 18): 0.2478, 3.1400, 63.1766
(17, 19): 0.2686, 3.0500, 60.2430
(17, 20): 0.2376, 3.1000, 60.9289
(17, 21): 0.2390, 3.0800, 59.5874
(17, 22): 0.2437, 3.0900, 57.9281
(17, 23): 0.2291, 3.0300, 59.6162
(17, 24): 0.2236, 3.1300, 61.1463
(17, 25): 0.2476, 3.0100, 60.0614
(17, 26): 0.1885, 3.0700, 51.5068
(18, 8): -0.0276, 3.0100, 7.2746
(18, 9): 0.1741, 3.0100, 74.8863
(18, 10): 0.1566, 3.0300, 80.8509
(18, 11): 0.2035, 3.0800, 78.9892
(18, 12): 0.2179, 3.0400, 73.4965
(18, 13): 0.1924, 3.0200, 72.8046
(18, 14): 0.1766, 3.0800, 73.2674
(18, 15): 0.2306, 3.0200, 64.2256
(18, 16): 0.2283, 3.0800, 61.8214
(18, 17): 0.2276, 3.1200, 61.9098
(18, 18): 0.2762, 3.0200, 59.4959
(18, 19): 0.2888, 3.0300, 58.1718
(18, 20): 0.2592, 3.0300, 58.7347
(18, 21): 0.2460, 3.0200, 58.1453
(18, 22): 0.2386, 3.1200, 58.8213
(18, 23): 0.2237, 3.1300, 60.5213
(18, 24): 0.2491, 3.0100, 61.5171
(18, 25): 0.2122, 3.0400, 55.6346
(18, 26): 0.1684, 3.0100, 12.6817
(19, 8): 0.0787, 3.0300, 46.3438
(19, 9): 0.1970, 3.2700, 78.0335
(19, 10): 0.2208, 3.0400, 77.4315
(19, 11): 0.2077, 3.0500, 77.9386
(19, 12): 0.2050, 3.0500, 73.2145
(2, 20): 0.0161, 3.0500, 10.2942
(2, 21): 0.1238, 3.0300, 10.3900
(3, 16): 0.0036, 3.0200, 22.5128
(3, 17): 0.0221, 3.0300, 21.6225
(3, 18): -0.0804, 3.0400, 11.8389
(3, 19): -0.0257, 3.0400, 20.7655
(3, 20): -0.0260, 3.0100, 10.5699
(3, 21): 0.0306, 3.0200, 15.8294
(3, 22): 0.1122, 3.0300, 39.0293
(3, 23): 0.1766, 3.0200, 52.9141
(3, 24): 0.2522, 3.0100, 41.6992
(4, 13): 0.0099, 3.0200, 18.2866
(4, 14): 0.0560, 3.0200, 39.2111
(4, 15): -0.0063, 3.0900, 17.7464
(4, 16): -0.0065, 3.0100, 17.8126
(4, 17): 0.0583, 3.0200, 15.7267
(4, 18): 0.0678, 3.0300, 49.0918
(4, 19): 0.0748, 3.2900, 56.6497
(4, 20): 0.1090, 3.0700, 66.7799
(4, 21): 0.1590, 3.0600, 66.5986
(4, 22): 0.1662, 3.1100, 59.8539
(4, 23): 0.1922, 3.0400, 55.8592
(4, 24): 0.2410, 3.0800, 58.1071
(4, 25): 0.1998, 3.0300, 37.2532
(4, 26): 0.0144, 3.0900, 9.9811
(5, 13): -0.0023, 3.0300, 24.3729
(5, 16): 0.0978, 3.0500, 38.6837
(5, 17): 0.1317, 3.1000, 71.3752
(5, 18): 0.1097, 3.0200, 68.7478
(5, 19): 0.0972, 3.0400, 70.4927
(5, 20): 0.1219, 3.0700, 72.1946
(5, 21): 0.1448, 3.1000, 65.9053
(5, 22): 0.1965, 3.0300, 52.4072
(5, 23): 0.2035, 3.0700, 55.3056
(5, 24): 0.2111, 3.0100, 59.4851
(5, 25): 0.2121, 3.0200, 56.6663
(5, 26): 0.2249, 3.0800, 50.7223
(5, 27): 0.0777, 3.0200, 17.2193
(6, 11): 0.0001, 3.0900, 30.9957
(6, 12): -0.0515, 3.0100, 13.9266
(6, 15): 0.1251, 3.0286, 44.6719
(6, 16): 0.1608, 3.1500, 66.0621
(6, 17): 0.1455, 3.0900, 66.2348
(6, 18): 0.0813, 3.0500, 71.6321
(6, 19): 0.0936, 3.0600, 69.6172
(6, 20): 0.1469, 3.0200, 69.2983
(6, 21): 0.1467, 3.0600, 61.6904
(6, 22): 0.2127, 3.1000, 51.8640
(6, 23): 0.1817, 3.0900, 61.5057
(6, 24): 0.1948, 3.1400, 59.8209
(6, 25): 0.2194, 3.1300, 56.3520
(6, 26): 0.2429, 3.0400, 53.6224
(6, 27): 0.1747, 3.0100, 18.1451
(7, 10): 0.0200, 3.0100, 6.3434
(7, 11): 0.0519, 3.0800, 29.3827
(7, 15): 0.2458, 3.0300, 57.4730
(7, 16): 0.1410, 3.0400, 65.5826
(7, 17): 0.1150, 3.1300, 67.3677
(7, 18): 0.0988, 3.0400, 66.8090
(7, 19): 0.1203, 3.0200, 68.0634
(7, 20): 0.1575, 3.0400, 68.7312
(7, 21): 0.1491, 3.1100, 61.1980
(7, 22): 0.2011, 3.0400, 58.3205
(7, 23): 0.2089, 3.0400, 61.0240
(7, 24): 0.1932, 3.0600, 57.6965
(7, 25): 0.2047, 3.0500, 56.6901
(7, 26): 0.2170, 3.0600, 54.1268
(7, 27): 0.2321, 3.0500, 31.1531
(8, 10): 0.1283, 3.2200, 41.3687
(8, 11): 0.1424, 3.0200, 36.8955
(8, 14): 0.0591, 3.0200, 20.0419
(8, 15): 0.1999, 3.0400, 62.8213
(8, 16): 0.1445, 3.0200, 65.9686
(8, 17): 0.1427, 3.0300, 64.4457
(8, 18): 0.1455, 3.0300, 63.6217
(8, 19): 0.1361, 3.1100, 67.8346
(8, 20): 0.1443, 3.0400, 65.5578
(8, 21): 0.1537, 3.0300, 62.7949
(8, 22): 0.2107, 3.0100, 63.2942
(8, 23): 0.2565, 3.0200, 57.3101
(8, 24): 0.2278, 3.0000, 57.1974
(8, 25): 0.2322, 3.0900, 53.9343
(8, 26): 0.2155, 3.0900, 53.3062
(8, 27): 0.2338, 3.0100, 30.0425
(9, 10): 0.1521, 3.0600, 40.8682
(9, 11): 0.0405, 3.0100, 6.8416
(9, 15): 0.1979, 3.0300, 54.1300
(9, 16): 0.1851, 3.0400, 63.4452
(9, 17): 0.1420, 3.0700, 65.7647
(9, 18): 0.1455, 3.0400, 64.8810
(9, 19): 0.1254, 3.0500, 68.2176
(9, 20): 0.1538, 3.0300, 60.4819
(9, 21): 0.1760, 3.0600, 63.4172
(9, 22): 0.2850, 3.1500, 55.9963
(9, 23): 0.2617, 3.0100, 57.4773
(9, 24): 0.2568, 3.1300, 56.4033
(9, 25): 0.2649, 3.1200, 51.0879
(9, 26): 0.2715, 3.0400, 50.6352
(9, 27): 0.1237, 3.0200, 12.6483
(19, 13): 0.2300, 3.0200, 68.2001
(19, 14): 0.2516, 3.0200, 63.6389
(19, 15): 0.2439, 3.0600, 65.8956
(19, 16): 0.2258, 3.0500, 61.5424
(19, 17): 0.2994, 3.0300, 56.8033
(19, 18): 0.2482, 3.0200, 60.8976
(19, 19): 0.2208, 3.0200, 63.5984
(19, 20): 0.2277, 3.1000, 63.6332
(19, 21): 0.2180, 3.0500, 62.6223
(19, 22): 0.1895, 3.0100, 60.8274
(19, 23): 0.2165, 3.0900, 57.6000
(19, 24): 0.2603, 3.0300, 53.5638
(19, 25): 0.2295, 3.0200, 33.1729
(19, 26): 0.1547, 3.0100, 4.0622
(20, 7): 0.0451, 3.0400, 19.4884
(20, 8): 0.2010, 3.0100, 77.5010
(20, 9): 0.2227, 3.0500, 76.1014
(20, 10): 0.2087, 3.0900, 76.2961
(20, 11): 0.1866, 3.0100, 76.3432
(20, 12): 0.2111, 3.0300, 68.0334
(20, 13): 0.2729, 3.0800, 60.3891
(20, 14): 0.2810, 3.0500, 60.7270
(20, 15): 0.2465, 3.0300, 64.6040
(20, 16): 0.3119, 3.0300, 57.0707
(20, 17): 0.2973, 3.0300, 56.5205
(20, 18): 0.2457, 3.0000, 61.7426
(20, 19): 0.2047, 3.2300, 65.6402
(20, 20): 0.2066, 3.2000, 63.2811
(20, 21): 0.1816, 3.0900, 58.0628
(20, 22): 0.2029, 3.0200, 51.3604
(20, 23): 0.2148, 3.1100, 52.2711
(20, 24): 0.1887, 3.0100, 59.0730
(20, 25): 0.1718, 3.0400, 58.4258
(20, 26): 0.1213, 3.0100, 12.7262
(21, 6): 0.0854, 3.0200, 18.2540
(21, 7): 0.1542, 3.0800, 74.8864
(21, 8): 0.2420, 3.0200, 75.4055
(21, 9): 0.2002, 3.0200, 78.7315
(21, 10): 0.2114, 3.0500, 70.3133
(21, 11): 0.1899, 3.0400, 70.8868
(21, 12): 0.2323, 3.0600, 64.1746
(21, 13): 0.2810, 3.0200, 59.1307
(21, 14): 0.2719, 3.0300, 60.3842
(21, 15): 0.2507, 3.0900, 62.4682
(21, 16): 0.2630, 3.0500, 58.0816
(21, 17): 0.2565, 3.0900, 58.1787
(21, 18): 0.2119, 3.1300, 59.0028
(21, 19): 0.1395, 3.2500, 62.2980
(21, 20): 0.1751, 3.1100, 57.8001
(21, 21): 0.1347, 3.0600, 50.8166
(21, 22): 0.1957, 3.0100, 49.3204
(21, 23): 0.2078, 3.1300, 52.0141
(21, 24): 0.1536, 3.0700, 28.9146
(22, 6): 0.2007, 3.0300, 46.8632
(22, 7): 0.2303, 3.0200, 72.1372
(22, 8): 0.2245, 3.0400, 71.3714
(22, 9): 0.2745, 3.0300, 65.5551
(22, 10): 0.1831, 3.0200, 70.8751
(22, 11): 0.1783, 3.0300, 69.4066
(22, 12): 0.1727, 3.0300, 68.6495
(22, 13): 0.2236, 3.0500, 63.3394
(22, 14): 0.2053, 3.0400, 64.3058
(22, 15): 0.2171, 3.0400, 61.9181
(22, 16): 0.2179, 3.0400, 60.6643
(22, 17): 0.1728, 3.0200, 62.9236
(22, 18): 0.1460, 3.0200, 65.6360
(22, 19): 0.2091, 3.0100, 60.0091
(22, 20): 0.1198, 3.0700, 51.6872
(22, 21): 0.0378, 3.0300, 10.2609
(23, 5): 0.2066, 3.0100, 19.8484
(23, 6): 0.2102, 3.0300, 42.9834
(23, 7): 0.2214, 3.0300, 55.9803
(23, 8): 0.2530, 3.0100, 67.7458
(23, 9): 0.2032, 3.0500, 72.1744
(23, 10): 0.1869, 3.0700, 68.5814
(23, 11): 0.2317, 3.0200, 64.4259
(23, 12): 0.2452, 3.0400, 61.5375
(23, 13): 0.2149, 3.0100, 62.0004
(23, 14): 0.2026, 3.0100, 61.4492
(23, 15): 0.1810, 3.0400, 62.2862
(23, 16): 0.1806, 3.0200, 61.8988
(23, 17): 0.2016, 3.0100, 57.7382
(23, 18): 0.1311, 3.2300, 65.4993
(23, 19): 0.1729, 3.2600, 63.1271
(23, 20): 0.1333, 3.0400, 55.7076
(24, 4): 0.1661, 3.0300, 15.3617
(24, 5): 0.2001, 3.0500, 28.3630
(24, 6): 0.1990, 3.0900, 28.9199
(24, 7): 0.2682, 3.1000, 59.4698
(24, 8): 0.1930, 3.1400, 46.6653
(24, 9): 0.2012, 3.0200, 56.3866
(24, 10): 0.2123, 3.0200, 53.0433
(24, 11): 0.1941, 3.0500, 68.1945
(24, 12): 0.1768, 3.1000, 66.7839
(24, 13): 0.1656, 3.0700, 64.9105
(24, 14): 0.1656, 3.0200, 61.9424
(24, 15): 0.2242, 3.0200, 55.5117
(24, 16): 0.2293, 3.0200, 55.1610
(24, 17): 0.1956, 3.0200, 58.0029
(24, 18): 0.1810, 3.0400, 61.1088
(24, 19): 0.1446, 3.0300, 65.7877
(24, 20): 0.1467, 3.1600, 66.4004
(24, 21): 0.1655, 3.0200, 36.9683
(25, 4): 0.2101, 3.0200, 41.1296
(25, 5): 0.2319, 3.0300, 49.6519
(25, 6): 0.2426, 3.0600, 60.8638
(25, 7): 0.1787, 3.0200, 32.9929
(25, 8): 0.1900, 3.0800, 57.3837
(25, 9): 0.2178, 3.0100, 63.2624
(25, 10): 0.2052, 3.0600, 65.1962
(25, 11): 0.1651, 3.0100, 71.7762
(25, 12): 0.1382, 3.0500, 71.8159
(25, 13): 0.1414, 3.0400, 68.4009
(25, 14): 0.1866, 3.1600, 61.3432
(25, 15): 0.2101, 3.0100, 58.5967
(25, 16): 0.1911, 3.0500, 58.9938
(25, 17): 0.2154, 3.0300, 56.7160
(25, 18): 0.1839, 3.0200, 61.1896
(25, 19): 0.1518, 3.0800, 64.2853
(25, 20): 0.1935, 3.0800, 59.0388
(25, 21): 0.2125, 3.1200, 57.9537
(25, 22): 0.1228, 3.0100, 27.0534
(26, 2): 0.0926, 3.0100, 6.1703
(26, 3): 0.1644, 3.0000, 30.3912
(26, 4): 0.1813, 3.0100, 42.1438
(26, 5): 0.1845, 3.1000, 38.9054
(26, 6): 0.1818, 3.0400, 33.1443
(26, 7): 0.2312, 3.1300, 56.0113
(26, 8): 0.2387, 3.0200, 65.6290
(26, 9): 0.1969, 3.0100, 67.5439
(26, 10): 0.1758, 3.0100, 66.9376
(26, 11): 0.1620, 3.0400, 69.5988
(26, 12): 0.1230, 3.0200, 71.7216
(26, 13): 0.1548, 3.0300, 66.4596
(26, 14): 0.1860, 3.1000, 62.7056
(26, 15): 0.2059, 3.0100, 60.5394
(26, 16): 0.1890, 3.0600, 59.8779
(26, 17): 0.2086, 3.0400, 57.0079
(26, 18): 0.2125, 3.0100, 56.1750
(26, 19): 0.1738, 3.0300, 59.0081
(26, 20): 0.1688, 3.0100, 59.8867
(26, 21): 0.1674, 3.0400, 60.6878
(26, 22): 0.1801, 3.0100, 47.0133
(27, 2): 0.1588, 3.0200, 29.2471
(27, 3): 0.2237, 3.0400, 67.6362
(27, 4): 0.2058, 3.0200, 73.7929
(27, 5): 0.1819, 3.1100, 76.8309
(27, 6): 0.2075, 3.0200, 56.8253
(27, 7): 0.1339, 3.0200, 24.2148
(27, 8): 0.1890, 3.1200, 55.6683
(27, 9): 0.1585, 3.0800, 53.0668
(27, 10): 0.1010, 3.0900, 53.8377
(27, 11): 0.1331, 3.0200, 53.1282
(27, 12): 0.1217, 3.0500, 31.9458
(27, 13): 0.1754, 3.1000, 53.1288
(27, 14): 0.1538, 3.1000, 42.3214
(27, 15): 0.1850, 3.0300, 61.8827
(27, 16): 0.1932, 3.0600, 59.0280
(27, 17): 0.2278, 3.0600, 56.2494
(27, 18): 0.2188, 3.0300, 54.8242
(27, 19): 0.1836, 3.0100, 57.1210
(27, 20): 0.1988, 3.0100, 55.4294
(27, 21): 0.2181, 3.0400, 55.5593
(27, 22): 0.2622, 3.0400, 41.7106
(28, 2): -0.0005, 3.0400, 6.2395
(28, 3): 0.1104, 3.0100, 36.8960
(28, 4): 0.1592, 3.5300, 35.5992
(28, 5): 0.1599, 3.0200, 61.9802
(28, 6): 0.1489, 3.1700, 34.0337
(28, 7): 0.1355, 3.0500, 33.3909
(28, 8): 0.1380, 3.0400, 49.1117
(28, 9): 0.1150, 3.0100, 38.6388
(28, 14): 0.0967, 3.0200, 14.0649
(28, 15): 0.1659, 3.0700, 58.5600
(28, 16): 0.1939, 3.0100, 57.2074
(28, 17): 0.1584, 3.1300, 60.2276
(28, 18): 0.1924, 3.0800, 56.1083
(28, 19): 0.1787, 3.0400, 55.2910
(28, 20): 0.2590, 3.0100, 49.8840
(28, 21): 0.2709, 3.0700, 49.4410
(28, 22): 0.2082, 3.0100, 22.2900
(29, 2): 0.2064, 3.0600, 63.0365
(29, 3): 0.1608, 3.1900, 73.2910
(29, 4): 0.1400, 3.0600, 66.2377
(29, 5): 0.2333, 3.0400, 46.8796
(29, 6): 0.2694, 3.0200, 63.6067
(29, 7): 0.2175, 3.1100, 53.5119
(29, 8): 0.1259, 3.0100, 4.9512
(29, 15): 0.0543, 3.0100, 9.7318
(29, 16): 0.0772, 3.0800, 26.2807
(29, 17): 0.0487, 3.0900, 4.5934
(29, 18): 0.1519, 3.0300, 42.7578
(29, 19): 0.2101, 3.1200, 51.4931
(29, 20): 0.2476, 3.0300, 47.1133
(29, 21): 0.2598, 3.0300, 47.2925
(29, 22): 0.1271, 3.0700, 12.2038
(30, 2): 0.1226, 3.0500, 41.2278
(30, 3): 0.0536, 3.0700, 20.4985
(30, 4): 0.0635, 3.0100, 17.4470
(30, 5): 0.2180, 3.0200, 55.5063
(30, 6): 0.2137, 3.0800, 51.7659
(30, 7): 0.0909, 3.0500, 16.4190
(30, 19): 0.0983, 3.0500, 12.4009
(30, 20): 0.1966, 3.0900, 41.7646
(30, 21): 0.2219, 3.0300, 47.2424
(30, 22): 0.1456, 3.0200, 15.6002
(31, 19): 0.0799, 3.1000, 9.0424
(31, 20): 0.2067, 3.0100, 47.1257
(31, 21): 0.1247, 3.0400, 11.9717
(32, 19): 0.1643, 3.1200, 11.8440
(32, 20): 0.2079, 3.1200, 56.9732
(32, 21): 0.1473, 3.1500, 40.0853
(32, 22): 0.0974, 3.0100, 9.3118
(33, 19): 0.1354, 3.0700, 36.7316
(33, 20): 0.1795, 3.1600, 60.3667
(33, 21): 0.2202, 3.0200, 56.1662
(33, 22): 0.1181, 3.0400, 25.5866
(34, 19): 0.1267, 3.0200, 32.4356
(34, 20): 0.1759, 3.0700, 61.3465
(34, 21): 0.2548, 3.0300, 55.0065
(34, 22): 0.0633, 3.0100, 9.9125
