(1, 1): 0.6201, 0.0200, 1.9084, 0.0136
(1, 2): 0.6201, 0.0200, 1.9084, 0.0136
(1, 3): 0.6201, 0.0200, 1.9084, 0.0136
(1, 4): 0.6201, 0.0200, 1.9084, 0.0136
(1, 5): 0.6201, 0.0200, 1.9084, 0.0136
(1, 6): 0.9171, 0.0200, 6.2717, 0.0138
(1, 7): 0.9171, 0.0200, 6.2717, 0.0138
(1, 8): 0.9720, 0.0200, 3.6132, 0.0164
(1, 9): 0.9720, 0.0200, 3.6132, 0.0164
(1, 10): 0.9720, 0.0200, 3.6132, 0.0164
(1, 11): 0.9720, 0.0200, 3.6132, 0.0164
(1, 12): 0.9720, 0.0200, 3.6132, 0.0164
(1, 13): 0.9720, 0.0200, 3.6132, 0.0164
(1, 14): 1.1097, 0.0200, 4.0835, 0.0138
(1, 15): 1.1097, 0.0200, 4.0835, 0.0138
(1, 16): 1.1097, 0.0200, 4.0835, 0.0138
(1, 17): 0.9739, 0.0200, 4.8484, 0.0199
(1, 18): 0.8217, 0.0200, 2.8443, 0.0145
(1, 19): 0.9378, 0.0200, 2.3954, 0.0093
(1, 20): 0.9378, 0.0200, 2.3954, 0.0093
(1, 21): 1.1916, 0.0200, 1.7526, 0.0171
(1, 22): 1.1916, 0.0200, 1.7526, 0.0171
(1, 23): 1.6771, 0.0200, 6.6132, 0.0093
(1, 24): 1.3697, 0.0200, 7.7030, 0.0076
(1, 25): 1.3697, 0.0200, 7.7030, 0.0076
(1, 26): 1.3697, 0.0200, 7.7030, 0.0076
(1, 27): 0.9516, 0.0200, 2.2823, 0.0119
(2, 1): 0.6201, 0.0200, 1.9084, 0.0136
(2, 2): 0.6201, 0.0200, 1.9084, 0.0136
(2, 3): 0.6201, 0.0200, 1.9084, 0.0136
(2, 4): 0.6201, 0.0200, 1.9084, 0.0136
(2, 5): 0.6201, 0.0200, 1.9084, 0.0136
(2, 6): 0.6201, 0.0200, 1.9084, 0.0136
(2, 7): 0.9171, 0.0200, 6.2717, 0.0138
(2, 8): 0.9171, 0.0200, 6.2717, 0.0138
(2, 9): 0.9720, 0.0200, 3.6132, 0.0164
(2, 10): 0.9720, 0.0200, 3.6132, 0.0164
(2, 11): 0.9720, 0.0200, 3.6132, 0.0164
(2, 12): 0.9720, 0.0200, 3.6132, 0.0164
(2, 13): 0.9720, 0.0200, 3.6132, 0.0164
(2, 14): 1.4371, 0.0200, 4.7075, 0.0153
(2, 15): 1.1097, 0.0200, 4.0835, 0.0138
(2, 16): 1.1097, 0.0200, 4.0835, 0.0138
(2, 17): 0.9739, 0.0200, 4.8484, 0.0199
(2, 18): 0.8217, 0.0200, 2.8443, 0.0145
(2, 19): 0.8803, 0.0200, 4.9346, 0.0110
(2, 20): 0.9378, 0.0200, 2.3954, 0.0093
(2, 21): 1.1916, 0.0200, 1.7526, 0.0171
(2, 22): 1.0812, 0.0200, 9.6045, 0.0110
(2, 23): 1.6771, 0.0200, 6.6132, 0.0093
(2, 24): 1.3697, 0.0200, 7.7030, 0.0076
(2, 25): 1.3697, 0.0200, 7.7030, 0.0076
(2, 26): 0.9516, 0.0200, 2.2823, 0.0119
(2, 27): 0.9516, 0.0200, 2.2823, 0.0119
(3, 1): 0.6201, 0.0200, 1.9084, 0.0136
(3, 2): 0.6201, 0.0200, 1.9084, 0.0136
(3, 3): 0.6201, 0.0200, 1.9084, 0.0136
(3, 4): 0.6201, 0.0200, 1.9084, 0.0136
(3, 5): 0.6201, 0.0200, 1.9084, 0.0136
(3, 6): 0.6201, 0.0200, 1.9084, 0.0136
(3, 7): 0.6201, 0.0200, 1.9084, 0.0136
(3, 8): 0.9171, 0.0200, 6.2717, 0.0138
(3, 9): 0.9171, 0.0200, 6.2717, 0.0138
(3, 10): 0.9720, 0.0200, 3.6132, 0.0164
(3, 11): 0.9720, 0.0200, 3.6132, 0.0164
(3, 12): 0.9720, 0.0200, 3.6132, 0.0164
(3, 13): 0.9720, 0.0200, 3.6132, 0.0164
(3, 14): 1.4371, 0.0200, 4.7075, 0.0153
(3, 15): 1.1295, 0.0200, 2.9560, 0.0151
(3, 16): 1.1097, 0.0200, 4.0835, 0.0138
(3, 17): 0.9739, 0.0200, 4.8484, 0.0199
(3, 18): 0.8217, 0.0200, 2.8443, 0.0145
(3, 19): 0.8803, 0.0200, 4.9346, 0.0110
(3, 20): 0.7749, 0.0200, 2.9367, 0.0153
(3, 21): 0.7917, 0.0200, 4.7028, 0.0119
(3, 22): 1.0812, 0.0200, 9.6045, 0.0110
(3, 23): 1.6771, 0.0200, 6.6132, 0.0093
(3, 24): 1.3697, 0.0200, 7.7030, 0.0076
(3, 25): 1.3962, 0.0200, 6.2374, 0.0071
(3, 26): 0.9516, 0.0200, 2.2823, 0.0119
(3, 27): 0.9516, 0.0200, 2.2823, 0.0119
(4, 1): 0.6201, 0.0200, 1.9084, 0.0136
(4, 2): 0.6201, 0.0200, 1.9084, 0.0136
(4, 3): 0.6201, 0.0200, 1.9084, 0.0136
(4, 4): 0.6201, 0.0200, 1.9084, 0.0136
(4, 5): 0.6201, 0.0200, 1.9084, 0.0136
(4, 6): 0.6201, 0.0200, 1.9084, 0.0136
(4, 7): 0.6201, 0.0200, 1.9084, 0.0136
(4, 8): 0.6201, 0.0200, 1.9084, 0.0136
(4, 9): 0.9171, 0.0200, 6.2717, 0.0138
(4, 10): 0.9171, 0.0200, 6.2717, 0.0138
(4, 11): 0.9720, 0.0200, 3.6132, 0.0164
(4, 12): 0.9720, 0.0200, 3.6132, 0.0164
(4, 13): 0.9720, 0.0200, 3.6132, 0.0164
(4, 14): 1.4371, 0.0200, 4.7075, 0.0153
(4, 15): 1.1295, 0.0200, 2.9560, 0.0151
(4, 16): 1.0669, 0.0200, 3.3403, 0.0134
(4, 17): 1.0285, 0.0200, 3.4546, 0.0162
(4, 18): 1.1952, 0.0200, 9.1287, 0.0160
(4, 19): 1.0548, 0.0200, 12.9761, 0.0123
(4, 20): 1.1569, 0.0200, 14.7048, 0.0089
(4, 21): 1.2307, 0.0200, 14.7263, 0.0112
(4, 22): 1.1862, 0.0200, 14.0278, 0.0080
(4, 23): 1.1686, 0.0200, 13.7729, 0.0078
(4, 24): 1.3054, 0.0200, 12.6061, 0.0071
(4, 25): 1.3962, 0.0200, 6.2374, 0.0071
(4, 26): 0.9516, 0.0200, 2.2823, 0.0119
(4, 27): 1.0618, 0.0200, 3.8187, 0.0136
(5, 1): 0.6201, 0.0200, 1.9084, 0.0136
(5, 2): 0.6201, 0.0200, 1.9084, 0.0136
(5, 3): 0.6201, 0.0200, 1.9084, 0.0136
(5, 4): 0.6201, 0.0200, 1.9084, 0.0136
(5, 5): 0.6201, 0.0200, 1.9084, 0.0136
(5, 6): 0.6201, 0.0200, 1.9084, 0.0136
(5, 7): 0.6201, 0.0200, 1.9084, 0.0136
(5, 8): 0.6201, 0.0200, 1.9084, 0.0136
(5, 9): 0.6201, 0.0200, 1.9084, 0.0136
(5, 10): 0.9171, 0.0200, 6.2717, 0.0138
(5, 11): 0.9171, 0.0200, 6.2717, 0.0138
(5, 12): 1.0309, 0.0200, 4.4108, 0.0136
(5, 13): 1.0309, 0.0200, 4.4108, 0.0136
(5, 14): 1.0309, 0.0200, 4.4108, 0.0136
(5, 15): 1.9931, 0.0200, 2.9624, 0.0173
(5, 16): 1.4699, 0.0200, 5.2924, 0.0132
(5, 17): 1.6863, 0.0200, 8.0562, 0.0121
(5, 18): 1.4127, 0.0200, 10.9426, 0.0132
(5, 19): 0.9551, 0.0200, 19.3751, 0.0097
(5, 20): 1.1853, 0.0200, 15.6526, 0.0121
(5, 21): 1.1353, 0.0200, 16.0565, 0.0117
(5, 22): 1.3571, 0.0200, 10.3698, 0.0151
(5, 23): 1.3161, 0.0200, 11.6113, 0.0147
(5, 24): 1.0815, 0.0200, 17.1754, 0.0093
(5, 25): 1.6741, 0.0200, 7.6950, 0.0093
(5, 26): 1.1380, 0.0200, 13.7466, 0.0089
(5, 27): 1.0618, 0.0200, 3.8187, 0.0136
(6, 1): 0.6201, 0.0200, 1.9084, 0.0136
(6, 2): 0.6201, 0.0200, 1.9084, 0.0136
(6, 3): 0.6201, 0.0200, 1.9084, 0.0136
(6, 4): 0.6201, 0.0200, 1.9084, 0.0136
(6, 5): 0.6201, 0.0200, 1.9084, 0.0136
(6, 6): 0.6201, 0.0200, 1.9084, 0.0136
(6, 7): 0.6201, 0.0200, 1.9084, 0.0136
(6, 8): 0.6201, 0.0200, 1.9084, 0.0136
(6, 9): 0.6201, 0.0200, 1.9084, 0.0136
(6, 10): 0.6201, 0.0200, 1.9084, 0.0136
(6, 11): 0.9171, 0.0200, 6.2717, 0.0138
(6, 12): 0.8047, 0.0200, 3.1020, 0.0138
(6, 13): 1.0309, 0.0200, 4.4108, 0.0136
(6, 14): 1.9931, 0.0200, 2.9624, 0.0173
(6, 15): 1.9931, 0.0200, 2.9624, 0.0173
(6, 16): 1.8739, 0.0200, 5.9307, 0.0108
(6, 17): 1.7063, 0.0200, 7.4459, 0.0169
(6, 18): 1.2213, 0.0200, 14.4894, 0.0091
(6, 19): 1.1772, 0.0200, 15.3619, 0.0112
(6, 20): 1.1013, 0.0200, 17.6067, 0.0095
(6, 21): 0.9847, 0.0200, 18.5215, 0.0089
(6, 22): 1.2920, 0.0200, 11.5062, 0.0169
(6, 23): 1.3528, 0.0200, 11.9566, 0.0158
(6, 24): 1.0543, 0.0200, 17.2291, 0.0097
(6, 25): 1.1967, 0.0200, 13.9981, 0.0115
(6, 26): 1.1286, 0.0200, 15.0451, 0.0112
(6, 27): 1.0431, 0.0200, 4.7039, 0.0112
(7, 1): 0.6201, 0.0200, 1.9084, 0.0136
(7, 2): 0.6201, 0.0200, 1.9084, 0.0136
(7, 3): 0.6201, 0.0200, 1.9084, 0.0136
(7, 4): 0.6201, 0.0200, 1.9084, 0.0136
(7, 5): 0.6201, 0.0200, 1.9084, 0.0136
(7, 6): 0.6201, 0.0200, 1.9084, 0.0136
(7, 7): 0.6201, 0.0200, 1.9084, 0.0136
(7, 8): 0.6201, 0.0200, 1.9084, 0.0136
(7, 9): 0.6201, 0.0200, 1.9084, 0.0136
(7, 10): 0.6201, 0.0200, 1.9084, 0.0136
(7, 11): 1.0276, 0.0200, 5.4445, 0.0106
(7, 12): 1.0276, 0.0200, 5.4445, 0.0106
(7, 13): 0.8047, 0.0200, 3.1020, 0.0138
(7, 14): 1.7772, 0.0200, 5.8146, 0.0102
(7, 15): 1.7772, 0.0200, 5.8146, 0.0102
(7, 16): 2.2413, 0.0200, 3.5442, 0.0140
(7, 17): 1.6998, 0.0200, 7.6896, 0.0110
(7, 18): 1.2372, 0.0200, 13.6535, 0.0117
(7, 19): 1.2581, 0.0200, 13.8813, 0.0104
(7, 20): 1.1304, 0.0200, 17.4430, 0.0091
(7, 21): 1.0508, 0.0200, 17.1138, 0.0076
(7, 22): 0.9566, 0.0200, 19.6624, 0.0067
(7, 23): 0.8743, 0.0200, 23.0697, 0.0065
(7, 24): 0.9078, 0.0200, 20.8564, 0.0089
(7, 25): 1.1701, 0.0200, 14.6120, 0.0104
(7, 26): 1.0776, 0.0200, 15.8295, 0.0071
(7, 27): 1.3740, 0.0200, 6.1498, 0.0097
(8, 1): 0.9844, 0.0200, 9.1303, 0.0119
(8, 2): 0.9844, 0.0200, 9.1303, 0.0119
(8, 3): 0.9844, 0.0200, 9.1303, 0.0119
(8, 4): 0.9844, 0.0200, 9.1303, 0.0119
(8, 5): 0.9844, 0.0200, 9.1303, 0.0119
(8, 6): 0.9844, 0.0200, 9.1303, 0.0119
(8, 7): 0.9844, 0.0200, 9.1303, 0.0119
(8, 8): 0.9844, 0.0200, 9.1303, 0.0119
(8, 9): 0.9844, 0.0200, 9.1303, 0.0119
(8, 10): 0.9844, 0.0200, 9.1303, 0.0119
(8, 11): 1.0608, 0.0200, 7.3982, 0.0115
(8, 12): 1.0608, 0.0200, 7.3982, 0.0115
(8, 13): 1.2526, 0.0200, 3.1226, 0.0147
(8, 14): 1.2526, 0.0200, 3.1226, 0.0147
(8, 15): 1.9877, 0.0200, 4.9406, 0.0156
(8, 16): 2.3329, 0.0200, 3.2202, 0.0130
(8, 17): 1.8142, 0.0200, 6.6247, 0.0199
(8, 18): 1.5104, 0.0200, 9.7208, 0.0158
(8, 19): 1.2019, 0.0200, 15.1754, 0.0119
(8, 20): 1.2234, 0.0200, 14.5978, 0.0097
(8, 21): 1.1399, 0.0200, 15.8384, 0.0069
(8, 22): 1.1150, 0.0200, 17.5538, 0.0086
(8, 23): 1.0683, 0.0200, 18.3114, 0.0037
(8, 24): 0.9454, 0.0200, 20.5292, 0.0102
(8, 25): 1.2510, 0.0200, 13.2135, 0.0106
(8, 26): 1.2598, 0.0200, 12.4574, 0.0117
(8, 27): 1.3643, 0.0200, 5.9188, 0.0104
(9, 1): 1.0837, 0.0200, 8.2246, 0.0123
(9, 2): 1.0837, 0.0200, 8.2246, 0.0123
(9, 3): 1.0837, 0.0200, 8.2246, 0.0123
(9, 4): 1.0837, 0.0200, 8.2246, 0.0123
(9, 5): 1.0837, 0.0200, 8.2246, 0.0123
(9, 6): 1.0837, 0.0200, 8.2246, 0.0123
(9, 7): 1.0837, 0.0200, 8.2246, 0.0123
(9, 8): 1.0837, 0.0200, 8.2246, 0.0123
(9, 9): 1.0837, 0.0200, 8.2246, 0.0123
(9, 10): 1.0837, 0.0200, 8.2246, 0.0123
(9, 11): 0.7747, 0.0200, 1.6551, 0.0175
(9, 12): 1.2834, 0.0200, 6.6413, 0.0108
(9, 13): 1.2526, 0.0200, 3.1226, 0.0147
(9, 14): 1.2526, 0.0200, 3.1226, 0.0147
(9, 15): 1.5090, 0.0200, 7.6075, 0.0186
(9, 16): 1.9597, 0.0200, 5.4713, 0.0169
(9, 17): 1.6474, 0.0200, 8.2111, 0.0173
(9, 18): 1.5181, 0.0200, 9.7956, 0.0143
(9, 19): 1.2968, 0.0200, 13.6035, 0.0110
(9, 20): 1.1266, 0.0200, 15.5808, 0.0102
(9, 21): 1.4016, 0.0200, 12.0659, 0.0078
(9, 22): 1.4416, 0.0200, 11.3188, 0.0086
(9, 23): 1.0502, 0.0200, 18.7119, 0.0078
(9, 24): 1.0105, 0.0200, 19.3805, 0.0080
(9, 25): 1.1338, 0.0200, 15.4399, 0.0102
(9, 26): 1.2169, 0.0200, 13.7870, 0.0097
(9, 27): 1.0166, 0.0200, 3.2469, 0.0091
(10, 1): 1.1073, 0.0200, 8.5884, 0.0128
(10, 2): 1.1073, 0.0200, 8.5884, 0.0128
(10, 3): 1.1073, 0.0200, 8.5884, 0.0128
(10, 4): 1.1073, 0.0200, 8.5884, 0.0128
(10, 5): 1.1073, 0.0200, 8.5884, 0.0128
(10, 6): 1.1073, 0.0200, 8.5884, 0.0128
(10, 7): 1.1073, 0.0200, 8.5884, 0.0128
(10, 8): 1.1073, 0.0200, 8.5884, 0.0128
(10, 9): 1.1073, 0.0200, 8.5884, 0.0128
(10, 10): 1.1073, 0.0200, 8.5884, 0.0128
(10, 11): 0.9701, 0.0200, 3.5650, 0.0160
(10, 12): 1.2834, 0.0200, 6.6413, 0.0108
(10, 13): 0.9546, 0.0200, 4.5372, 0.0123
(10, 14): 0.7501, 0.0200, 1.5348, 0.0220
(10, 15): 1.3576, 0.0200, 9.8995, 0.0089
(10, 16): 1.7552, 0.0200, 6.7861, 0.0149
(10, 17): 1.6062, 0.0200, 8.3522, 0.0205
(10, 18): 1.2943, 0.0200, 13.0253, 0.0102
(10, 19): 1.3154, 0.0200, 12.8105, 0.0089
(10, 20): 1.1163, 0.0200, 15.4046, 0.0093
(10, 21): 1.2140, 0.0200, 15.4054, 0.0086
(10, 22): 1.2305, 0.0200, 14.8426, 0.0093
(10, 23): 1.2376, 0.0200, 14.8324, 0.0125
(10, 24): 1.0391, 0.0200, 18.1577, 0.0089
(10, 25): 1.2580, 0.0200, 13.6863, 0.0143
(10, 26): 1.2183, 0.0200, 13.8983, 0.0078
(10, 27): 1.2183, 0.0200, 13.8983, 0.0078
(11, 1): 1.5540, 0.0200, 1.7841, 0.0236
(11, 2): 1.2321, 0.0200, 9.9934, 0.0091
(11, 3): 1.2321, 0.0200, 9.9934, 0.0091
(11, 4): 1.2321, 0.0200, 9.9934, 0.0091
(11, 5): 1.2321, 0.0200, 9.9934, 0.0091
(11, 6): 1.2321, 0.0200, 9.9934, 0.0091
(11, 7): 1.2321, 0.0200, 9.9934, 0.0091
(11, 8): 1.2321, 0.0200, 9.9934, 0.0091
(11, 9): 1.2321, 0.0200, 9.9934, 0.0091
(11, 10): 1.2321, 0.0200, 9.9934, 0.0091
(11, 11): 1.3558, 0.0200, 10.9692, 0.0099
(11, 12): 1.4527, 0.0200, 9.6063, 0.0125
(11, 13): 0.9546, 0.0200, 4.5372, 0.0123
(11, 14): 0.9546, 0.0200, 4.5372, 0.0123
(11, 15): 1.3576, 0.0200, 9.8995, 0.0089
(11, 16): 0.8637, 0.0200, 2.7073, 0.0207
(11, 17): 1.8523, 0.0200, 5.8413, 0.0136
(11, 18): 1.2646, 0.0200, 13.5867, 0.0117
(11, 19): 1.2064, 0.0200, 13.7037, 0.0082
(11, 20): 1.2018, 0.0200, 13.8130, 0.0123
(11, 21): 1.2744, 0.0200, 13.4561, 0.0073
(11, 22): 1.2470, 0.0200, 13.9963, 0.0112
(11, 23): 1.1785, 0.0200, 14.7872, 0.0175
(11, 24): 1.1802, 0.0200, 15.0593, 0.0082
(11, 25): 1.2596, 0.0200, 13.4548, 0.0102
(11, 26): 1.2934, 0.0200, 12.3757, 0.0082
(11, 27): 1.2934, 0.0200, 12.3757, 0.0082
(12, 1): 1.5540, 0.0200, 1.7841, 0.0236
(12, 2): 1.5540, 0.0200, 1.7841, 0.0236
(12, 3): 1.5540, 0.0200, 1.7841, 0.0236
(12, 4): 1.5540, 0.0200, 1.7841, 0.0236
(12, 5): 1.4760, 0.0200, 9.2531, 0.0106
(12, 6): 1.4760, 0.0200, 9.2531, 0.0106
(12, 7): 1.4760, 0.0200, 9.2531, 0.0106
(12, 8): 1.4760, 0.0200, 9.2531, 0.0106
(12, 9): 1.4760, 0.0200, 9.2531, 0.0106
(12, 10): 1.4760, 0.0200, 9.2531, 0.0106
(12, 11): 1.5173, 0.0200, 9.5809, 0.0128
(12, 12): 1.5494, 0.0200, 8.8612, 0.0106
(12, 13): 1.4550, 0.0200, 7.5823, 0.0123
(12, 14): 1.2953, 0.0200, 5.1384, 0.0069
(12, 15): 1.2953, 0.0200, 5.1384, 0.0069
(12, 16): 1.2132, 0.0200, 3.1408, 0.0192
(12, 17): 1.7492, 0.0200, 6.7004, 0.0173
(12, 18): 1.4779, 0.0200, 10.0926, 0.0134
(12, 19): 1.3142, 0.0200, 11.5744, 0.0104
(12, 20): 1.3453, 0.0200, 12.0000, 0.0112
(12, 21): 1.3476, 0.0200, 12.2465, 0.0112
(12, 22): 1.1569, 0.0200, 15.3789, 0.0089
(12, 23): 1.1584, 0.0200, 15.0664, 0.0084
(12, 24): 1.2929, 0.0200, 10.9019, 0.0134
(12, 25): 0.9500, 0.0200, 4.9388, 0.0115
(12, 26): 0.9374, 0.0200, 4.9147, 0.0069
(12, 27): 0.9374, 0.0200, 4.9147, 0.0069
(13, 1): 1.5540, 0.0200, 1.7841, 0.0236
(13, 2): 1.5540, 0.0200, 1.7841, 0.0236
(13, 3): 1.5540, 0.0200, 1.7841, 0.0236
(13, 4): 1.5540, 0.0200, 1.7841, 0.0236
(13, 5): 1.5540, 0.0200, 1.7841, 0.0236
(13, 6): 1.5540, 0.0200, 1.7841, 0.0236
(13, 7): 1.5540, 0.0200, 1.7841, 0.0236
(13, 8): 1.2266, 0.0200, 14.3155, 0.0136
(13, 9): 1.2266, 0.0200, 14.3155, 0.0136
(13, 10): 1.2266, 0.0200, 14.3155, 0.0136
(13, 11): 1.3446, 0.0200, 12.5403, 0.0134
(13, 12): 1.4957, 0.0200, 9.6440, 0.0097
(13, 13): 1.4598, 0.0200, 7.7081, 0.0102
(13, 14): 1.0573, 0.0200, 2.1406, 0.0115
(13, 15): 1.0573, 0.0200, 2.1406, 0.0115
(13, 16): 1.2597, 0.0200, 1.4607, 0.0259
(13, 17): 2.1545, 0.0200, 2.9503, 0.0197
(13, 18): 1.3747, 0.0200, 9.6645, 0.0119
(13, 19): 1.3814, 0.0200, 10.9633, 0.0121
(13, 20): 1.2838, 0.0200, 12.8369, 0.0076
(13, 21): 1.8053, 0.0200, 6.4741, 0.0104
(13, 22): 1.1628, 0.0200, 14.6269, 0.0086
(13, 23): 1.1859, 0.0200, 14.4213, 0.0089
(13, 24): 1.2414, 0.0200, 11.4233, 0.0093
(13, 25): 0.7568, 0.0200, 1.5653, 0.0244
(13, 26): 0.7568, 0.0200, 1.5653, 0.0244
(13, 27): 0.6372, 0.0200, 1.7630, 0.0188
(14, 1): 1.5540, 0.0200, 1.7841, 0.0236
(14, 2): 1.5540, 0.0200, 1.7841, 0.0236
(14, 3): 1.5540, 0.0200, 1.7841, 0.0236
(14, 4): 1.5540, 0.0200, 1.7841, 0.0236
(14, 5): 1.5540, 0.0200, 1.7841, 0.0236
(14, 6): 1.5540, 0.0200, 1.7841, 0.0236
(14, 7): 1.5540, 0.0200, 1.7841, 0.0236
(14, 8): 1.5540, 0.0200, 1.7841, 0.0236
(14, 9): 1.5536, 0.0200, 9.9118, 0.0153
(14, 10): 1.5536, 0.0200, 9.9118, 0.0153
(14, 11): 1.6778, 0.0200, 8.5190, 0.0119
(14, 12): 1.5702, 0.0200, 9.1735, 0.0125
(14, 13): 0.7013, 0.0200, 1.8881, 0.0212
(14, 14): 1.0573, 0.0200, 2.1406, 0.0115
(14, 15): 1.0620, 0.0200, 1.0775, 0.0305
(14, 16): 1.4545, 0.0200, 6.3995, 0.0091
(14, 17): 2.1979, 0.0200, 3.7283, 0.0195
(14, 18): 1.9891, 0.0200, 5.1251, 0.0169
(14, 19): 1.3626, 0.0200, 11.9497, 0.0112
(14, 20): 1.5337, 0.0200, 9.4282, 0.0091
(14, 21): 1.1666, 0.0200, 14.4710, 0.0108
(14, 22): 1.3207, 0.0200, 12.0882, 0.0086
(14, 23): 1.0608, 0.0200, 16.5065, 0.0082
(14, 24): 1.1134, 0.0200, 13.9053, 0.0078
(14, 25): 0.9930, 0.0200, 8.7964, 0.0089
(14, 26): 0.9853, 0.0200, 9.8773, 0.0099
(14, 27): 0.6372, 0.0200, 1.7630, 0.0188
(15, 1): 0.7656, 0.0200, 1.7384, 0.0249
(15, 2): 0.7656, 0.0200, 1.7384, 0.0249
(15, 3): 0.7656, 0.0200, 1.7384, 0.0249
(15, 4): 1.5540, 0.0200, 1.7841, 0.0236
(15, 5): 1.5540, 0.0200, 1.7841, 0.0236
(15, 6): 1.5540, 0.0200, 1.7841, 0.0236
(15, 7): 1.5540, 0.0200, 1.7841, 0.0236
(15, 8): 1.5540, 0.0200, 1.7841, 0.0236
(15, 9): 1.5540, 0.0200, 1.7841, 0.0236
(15, 10): 2.4959, 0.0200, 2.7337, 0.0210
(15, 11): 2.3213, 0.0200, 4.0862, 0.0197
(15, 12): 1.6495, 0.0200, 8.7651, 0.0145
(15, 13): 1.2157, 0.0200, 4.7449, 0.0160
(15, 14): 0.8044, 0.0200, 1.5967, 0.0262
(15, 15): 2.0912, 0.0200, 3.8418, 0.0171
(15, 16): 2.5478, 0.0200, 2.7201, 0.0158
(15, 17): 2.3778, 0.0200, 2.6460, 0.0121
(15, 18): 2.0087, 0.0200, 4.6060, 0.0143
(15, 19): 1.3730, 0.0200, 12.1868, 0.0128
(15, 20): 1.4771, 0.0200, 10.1400, 0.0117
(15, 21): 1.0312, 0.0200, 17.2963, 0.0093
(15, 22): 1.0310, 0.0200, 17.1167, 0.0108
(15, 23): 1.0051, 0.0200, 17.3528, 0.0076
(15, 24): 1.1843, 0.0200, 13.7559, 0.0093
(15, 25): 1.0957, 0.0200, 15.9655, 0.0076
(15, 26): 1.0602, 0.0200, 16.3315, 0.0073
(15, 27): 0.9986, 0.0200, 10.5231, 0.0084
(16, 1): 0.8525, 0.0200, 4.6919, 0.0149
(16, 2): 0.7656, 0.0200, 1.7384, 0.0249
(16, 3): 0.7656, 0.0200, 1.7384, 0.0249
(16, 4): 0.7656, 0.0200, 1.7384, 0.0249
(16, 5): 0.7656, 0.0200, 1.7384, 0.0249
(16, 6): 0.7656, 0.0200, 1.7384, 0.0249
(16, 7): 1.2503, 0.0200, 4.4098, 0.0169
(16, 8): 1.2503, 0.0200, 4.4098, 0.0169
(16, 9): 1.2503, 0.0200, 4.4098, 0.0169
(16, 10): 2.8846, 0.0200, 1.5784, 0.0199
(16, 11): 1.5237, 0.0200, 8.3224, 0.0097
(16, 12): 1.8793, 0.0200, 5.8555, 0.0207
(16, 13): 1.5076, 0.0200, 3.2380, 0.0195
(16, 14): 2.2658, 0.0200, 3.5894, 0.0132
(16, 15): 2.0595, 0.0200, 4.1256, 0.0160
(16, 16): 1.8801, 0.0200, 4.5206, 0.0108
(16, 17): 2.1124, 0.0200, 3.8236, 0.0123
(16, 18): 1.3973, 0.0200, 12.2129, 0.0099
(16, 19): 1.2372, 0.0200, 14.5092, 0.0097
(16, 20): 1.0397, 0.0200, 17.5946, 0.0102
(16, 21): 1.0266, 0.0200, 17.6936, 0.0089
(16, 22): 1.0251, 0.0200, 17.5087, 0.0069
(16, 23): 1.0379, 0.0200, 17.2571, 0.0076
(16, 24): 1.1145, 0.0200, 16.1284, 0.0073
(16, 25): 1.1458, 0.0200, 15.3479, 0.0086
(16, 26): 1.1506, 0.0200, 14.7308, 0.0080
(16, 27): 0.8923, 0.0200, 10.9732, 0.0073
(17, 1): 0.8525, 0.0200, 4.6919, 0.0149
(17, 2): 0.8525, 0.0200, 4.6919, 0.0149
(17, 3): 1.0587, 0.0200, 3.5605, 0.0149
(17, 4): 0.7656, 0.0200, 1.7384, 0.0249
(17, 5): 0.7656, 0.0200, 1.7384, 0.0249
(17, 6): 0.7656, 0.0200, 1.7384, 0.0249
(17, 7): 0.7656, 0.0200, 1.7384, 0.0249
(17, 8): 1.1885, 0.0200, 10.6848, 0.0115
(17, 9): 1.1885, 0.0200, 10.6848, 0.0115
(17, 10): 1.5257, 0.0200, 10.2360, 0.0143
(17, 11): 1.6186, 0.0200, 8.8775, 0.0140
(17, 12): 1.8441, 0.0200, 6.3617, 0.0171
(17, 13): 1.6429, 0.0200, 7.1806, 0.0158
(17, 14): 1.5622, 0.0200, 7.4160, 0.0169
(17, 15): 1.8555, 0.0200, 4.7127, 0.0082
(17, 16): 2.1096, 0.0200, 3.6025, 0.0106
(17, 17): 1.3208, 0.0200, 13.1548, 0.0123
(17, 18): 1.0515, 0.0198, 19.0439, 0.0071
(17, 19): 1.1941, 0.0200, 15.8172, 0.0102
(17, 20): 1.1426, 0.0200, 16.1120, 0.0112
(17, 21): 1.1962, 0.0200, 14.1857, 0.0106
(17, 22): 0.9666, 0.0200, 18.6040, 0.0063
(17, 23): 1.0494, 0.0200, 16.8125, 0.0078
(17, 24): 1.0142, 0.0200, 18.0152, 0.0071
(17, 25): 1.2474, 0.0200, 13.9860, 0.0099
(17, 26): 1.2968, 0.0200, 10.3394, 0.0093
(17, 27): 1.2968, 0.0200, 10.3394, 0.0093
(18, 1): 0.8525, 0.0200, 4.6919, 0.0149
(18, 2): 0.8525, 0.0200, 4.6919, 0.0149
(18, 3): 0.8525, 0.0200, 4.6919, 0.0149
(18, 4): 1.0587, 0.0200, 3.5605, 0.0149
(18, 5): 1.0587, 0.0200, 3.5605, 0.0149
(18, 6): 0.7656, 0.0200, 1.7384, 0.0249
(18, 7): 0.7656, 0.0200, 1.7384, 0.0249
(18, 8): 0.7656, 0.0200, 1.7384, 0.0249
(18, 9): 1.7920, 0.0200, 7.0442, 0.0182
(18, 10): 1.4451, 0.0200, 11.4679, 0.0171
(18, 11): 2.0129, 0.0200, 5.8806, 0.0140
(18, 12): 1.2931, 0.0200, 13.6907, 0.0140
(18, 13): 1.3627, 0.0200, 12.5433, 0.0134
(18, 14): 1.7577, 0.0200, 7.9245, 0.0147
(18, 15): 1.3151, 0.0200, 13.5194, 0.0102
(18, 16): 1.3042, 0.0200, 13.2815, 0.0115
(18, 17): 1.1859, 0.0200, 15.7336, 0.0078
(18, 18): 0.9763, 0.0200, 20.6670, 0.0082
(18, 19): 1.2205, 0.0200, 15.5979, 0.0102
(18, 20): 1.0021, 0.0200, 19.4225, 0.0084
(18, 21): 1.1991, 0.0200, 14.6021, 0.0099
(18, 22): 1.0382, 0.0200, 17.5876, 0.0073
(18, 23): 1.1309, 0.0200, 15.6362, 0.0091
(18, 24): 1.0733, 0.0200, 17.3816, 0.0084
(18, 25): 1.0526, 0.0200, 15.1612, 0.0073
(18, 26): 0.8114, 0.0200, 4.3526, 0.0112
(18, 27): 0.8114, 0.0200, 4.3526, 0.0112
(19, 1): 0.8525, 0.0200, 4.6919, 0.0149
(19, 2): 0.8525, 0.0200, 4.6919, 0.0149
(19, 3): 0.8525, 0.0200, 4.6919, 0.0149
(19, 4): 0.8525, 0.0200, 4.6919, 0.0149
(19, 5): 1.0587, 0.0200, 3.5605, 0.0149
(19, 6): 1.0587, 0.0200, 3.5605, 0.0149
(19, 7): 1.2220, 0.0200, 7.5138, 0.0151
(19, 8): 1.2220, 0.0200, 7.5138, 0.0151
(19, 9): 1.5976, 0.0200, 9.6041, 0.0190
(19, 10): 1.3697, 0.0200, 12.6241, 0.0140
(19, 11): 2.3306, 0.0200, 4.0154, 0.0143
(19, 12): 1.3976, 0.0200, 11.8475, 0.0130
(19, 13): 1.3714, 0.0200, 11.5410, 0.0136
(19, 14): 1.6453, 0.0200, 8.6488, 0.0119
(19, 15): 1.5925, 0.0200, 9.1992, 0.0169
(19, 16): 1.3826, 0.0200, 12.2323, 0.0099
(19, 17): 1.0668, 0.0200, 18.1548, 0.0084
(19, 18): 1.0577, 0.0200, 18.7831, 0.0095
(19, 19): 1.3293, 0.0200, 13.8682, 0.0169
(19, 20): 1.2940, 0.0200, 14.1969, 0.0123
(19, 21): 1.0155, 0.0200, 19.0584, 0.0063
(19, 22): 1.0166, 0.0200, 17.8671, 0.0108
(19, 23): 1.0144, 0.0200, 17.3731, 0.0076
(19, 24): 0.8994, 0.0200, 19.6696, 0.0071
(19, 25): 0.9055, 0.0200, 11.1670, 0.0076
(19, 26): 0.5921, 0.0200, 1.6365, 0.0156
(19, 27): 0.5921, 0.0200, 1.6365, 0.0156
(20, 1): 0.9927, 0.0200, 4.8300, 0.0115
(20, 2): 0.8525, 0.0200, 4.6919, 0.0149
(20, 3): 0.8525, 0.0200, 4.6919, 0.0149
(20, 4): 0.8525, 0.0200, 4.6919, 0.0149
(20, 5): 0.8525, 0.0200, 4.6919, 0.0149
(20, 6): 1.0587, 0.0200, 3.5605, 0.0149
(20, 7): 1.0587, 0.0200, 3.5605, 0.0149
(20, 8): 1.9128, 0.0200, 6.1305, 0.0104
(20, 9): 1.2854, 0.0200, 14.4636, 0.0123
(20, 10): 1.2972, 0.0200, 13.8410, 0.0121
(20, 11): 1.7393, 0.0200, 7.9039, 0.0190
(20, 12): 1.3887, 0.0200, 11.5497, 0.0136
(20, 13): 1.1905, 0.0200, 13.8544, 0.0143
(20, 14): 1.3989, 0.0200, 11.1486, 0.0149
(20, 15): 1.1989, 0.0200, 15.5961, 0.0071
(20, 16): 1.2430, 0.0200, 14.3907, 0.0134
(20, 17): 1.2651, 0.0200, 13.8840, 0.0112
(20, 18): 1.2577, 0.0200, 14.6898, 0.0099
(20, 19): 1.2426, 0.0200, 15.2206, 0.0203
(20, 20): 1.0760, 0.0200, 17.7639, 0.0151
(20, 21): 0.9495, 0.0200, 18.4440, 0.0095
(20, 22): 1.0870, 0.0200, 14.4462, 0.0078
(20, 23): 0.9758, 0.0200, 16.7278, 0.0080
(20, 24): 1.2212, 0.0200, 13.3064, 0.0086
(20, 25): 0.9639, 0.0200, 17.8513, 0.0084
(20, 26): 0.6556, 0.0200, 5.0252, 0.0089
(20, 27): 0.6556, 0.0200, 5.0252, 0.0089
(21, 1): 0.9303, 0.0200, 3.7261, 0.0134
(21, 2): 0.9927, 0.0200, 4.8300, 0.0115
(21, 3): 0.9927, 0.0200, 4.8300, 0.0115
(21, 4): 0.8525, 0.0200, 4.6919, 0.0149
(21, 5): 0.8525, 0.0200, 4.6919, 0.0149
(21, 6): 0.8525, 0.0200, 4.6919, 0.0149
(21, 7): 1.5913, 0.0200, 8.3989, 0.0143
(21, 8): 1.5435, 0.0200, 10.2054, 0.0125
(21, 9): 1.1970, 0.0200, 16.0158, 0.0119
(21, 10): 1.2468, 0.0200, 14.1740, 0.0145
(21, 11): 1.3481, 0.0200, 12.5484, 0.0119
(21, 12): 1.6105, 0.0200, 8.7078, 0.0104
(21, 13): 1.4256, 0.0200, 10.7485, 0.0110
(21, 14): 1.4402, 0.0200, 10.8409, 0.0117
(21, 15): 1.2641, 0.0200, 14.1143, 0.0084
(21, 16): 1.2496, 0.0200, 13.6438, 0.0091
(21, 17): 1.3208, 0.0200, 12.3299, 0.0132
(21, 18): 1.2777, 0.0200, 12.9462, 0.0149
(21, 19): 1.1743, 0.0200, 14.5845, 0.0108
(21, 20): 0.9638, 0.0200, 18.4937, 0.0099
(21, 21): 0.9964, 0.0200, 14.1960, 0.0080
(21, 22): 1.4423, 0.0200, 8.6817, 0.0123
(21, 23): 1.1821, 0.0200, 12.3725, 0.0084
(21, 24): 0.9465, 0.0200, 8.3153, 0.0084
(21, 25): 0.9465, 0.0200, 8.3153, 0.0084
(21, 26): 0.6556, 0.0200, 5.0252, 0.0089
(21, 27): 0.6556, 0.0200, 5.0252, 0.0089
(22, 1): 0.9303, 0.0200, 3.7261, 0.0134
(22, 2): 0.9303, 0.0200, 3.7261, 0.0134
(22, 3): 0.9927, 0.0200, 4.8300, 0.0115
(22, 4): 0.9927, 0.0200, 4.8300, 0.0115
(22, 5): 0.9656, 0.0200, 12.4834, 0.0145
(22, 6): 0.9656, 0.0200, 12.4834, 0.0145
(22, 7): 1.6459, 0.0200, 7.8156, 0.0182
(22, 8): 1.9712, 0.0200, 5.5329, 0.0164
(22, 9): 1.2467, 0.0200, 13.9605, 0.0132
(22, 10): 1.2707, 0.0200, 13.9277, 0.0106
(22, 11): 1.3241, 0.0200, 13.1728, 0.0084
(22, 12): 1.3905, 0.0200, 11.6572, 0.0117
(22, 13): 1.3992, 0.0200, 11.3287, 0.0095
(22, 14): 1.3245, 0.0200, 12.5345, 0.0115
(22, 15): 1.3177, 0.0200, 12.4130, 0.0091
(22, 16): 1.2287, 0.0200, 13.6170, 0.0084
(22, 17): 1.1376, 0.0200, 15.1223, 0.0089
(22, 18): 1.2002, 0.0200, 14.2270, 0.0104
(22, 19): 2.3485, 0.0200, 3.1858, 0.0093
(22, 20): 1.1479, 0.0200, 11.5585, 0.0104
(22, 21): 0.8130, 0.0200, 2.9533, 0.0123
(22, 22): 1.4423, 0.0200, 8.6817, 0.0123
(22, 23): 1.1821, 0.0200, 12.3725, 0.0084
(22, 24): 0.9465, 0.0200, 8.3153, 0.0084
(22, 25): 0.9465, 0.0200, 8.3153, 0.0084
(22, 26): 0.6556, 0.0200, 5.0252, 0.0089
(22, 27): 0.6556, 0.0200, 5.0252, 0.0089
(23, 1): 0.7871, 0.0200, 1.5792, 0.0188
(23, 2): 0.9303, 0.0200, 3.7261, 0.0134
(23, 3): 0.9303, 0.0200, 3.7261, 0.0134
(23, 4): 0.9927, 0.0200, 4.8300, 0.0115
(23, 5): 0.9927, 0.0200, 4.8300, 0.0115
(23, 6): 1.1745, 0.0200, 8.6811, 0.0106
(23, 7): 1.0290, 0.0200, 14.0093, 0.0106
(23, 8): 1.7942, 0.0200, 7.0204, 0.0197
(23, 9): 1.0900, 0.0200, 18.2201, 0.0095
(23, 10): 1.3043, 0.0200, 13.2052, 0.0119
(23, 11): 1.3020, 0.0200, 12.7704, 0.0125
(23, 12): 1.5379, 0.0200, 9.6190, 0.0095
(23, 13): 1.3321, 0.0200, 12.1227, 0.0125
(23, 14): 1.1857, 0.0200, 14.5164, 0.0110
(23, 15): 1.2689, 0.0200, 12.9214, 0.0106
(23, 16): 1.1949, 0.0200, 14.2612, 0.0086
(23, 17): 1.2317, 0.0200, 13.4307, 0.0117
(23, 18): 1.1950, 0.0200, 14.4294, 0.0091
(23, 19): 1.2075, 0.0200, 14.5158, 0.0121
(23, 20): 1.1462, 0.0200, 12.8974, 0.0086
(23, 21): 0.8130, 0.0200, 2.9533, 0.0123
(23, 22): 0.8130, 0.0200, 2.9533, 0.0123
(23, 23): 1.1821, 0.0200, 12.3725, 0.0084
(23, 24): 0.9465, 0.0200, 8.3153, 0.0084
(23, 25): 0.9465, 0.0200, 8.3153, 0.0084
(23, 26): 0.9465, 0.0200, 8.3153, 0.0084
(23, 27): 0.6556, 0.0200, 5.0252, 0.0089
(24, 1): 0.7871, 0.0200, 1.5792, 0.0188
(24, 2): 0.7871, 0.0200, 1.5792, 0.0188
(24, 3): 0.9303, 0.0200, 3.7261, 0.0134
(24, 4): 0.9303, 0.0200, 3.7261, 0.0134
(24, 5): 1.0701, 0.0200, 6.3203, 0.0136
(24, 6): 1.0116, 0.0200, 7.0796, 0.0140
(24, 7): 1.2656, 0.0200, 12.2922, 0.0136
(24, 8): 0.9467, 0.0200, 13.3033, 0.0128
(24, 9): 1.0295, 0.0200, 15.4095, 0.0108
(24, 10): 1.1535, 0.0200, 12.7064, 0.0102
(24, 11): 1.3190, 0.0200, 13.0095, 0.0160
(24, 12): 1.4136, 0.0200, 11.1796, 0.0158
(24, 13): 1.2790, 0.0200, 12.8474, 0.0110
(24, 14): 1.1749, 0.0200, 14.3291, 0.0097
(24, 15): 1.4063, 0.0200, 10.3742, 0.0160
(24, 16): 1.4613, 0.0200, 10.0747, 0.0112
(24, 17): 1.1622, 0.0200, 14.9412, 0.0097
(24, 18): 1.2444, 0.0200, 13.7042, 0.0102
(24, 19): 1.1115, 0.0200, 16.5464, 0.0102
(24, 20): 1.1205, 0.0200, 16.0868, 0.0084
(24, 21): 1.0429, 0.0200, 10.0616, 0.0095
(24, 22): 1.1048, 0.0200, 6.0922, 0.0115
(24, 23): 1.1048, 0.0200, 6.0922, 0.0115
(24, 24): 1.1048, 0.0200, 6.0922, 0.0115
(24, 25): 1.1048, 0.0200, 6.0922, 0.0115
(24, 26): 0.9465, 0.0200, 8.3153, 0.0084
(24, 27): 0.6556, 0.0200, 5.0252, 0.0089
(25, 1): 0.7871, 0.0200, 1.5792, 0.0188
(25, 2): 0.7871, 0.0200, 1.5792, 0.0188
(25, 3): 1.0199, 0.0200, 6.8775, 0.0112
(25, 4): 1.1499, 0.0200, 8.3619, 0.0117
(25, 5): 1.1470, 0.0200, 10.6814, 0.0117
(25, 6): 1.2394, 0.0200, 12.3042, 0.0132
(25, 7): 1.2640, 0.0200, 5.8911, 0.0166
(25, 8): 1.3968, 0.0200, 9.2574, 0.0117
(25, 9): 1.6037, 0.0200, 8.3997, 0.0130
(25, 10): 2.0751, 0.0200, 4.5012, 0.0110
(25, 11): 1.8914, 0.0200, 6.4180, 0.0171
(25, 12): 1.4766, 0.0200, 10.6780, 0.0164
(25, 13): 1.5206, 0.0200, 9.6385, 0.0190
(25, 14): 1.7376, 0.0200, 7.2060, 0.0210
(25, 15): 1.2325, 0.0200, 13.9345, 0.0149
(25, 16): 1.1692, 0.0200, 15.0162, 0.0099
(25, 17): 1.6560, 0.0200, 8.0117, 0.0153
(25, 18): 1.1878, 0.0200, 14.5845, 0.0110
(25, 19): 1.1735, 0.0200, 15.7307, 0.0091
(25, 20): 1.2201, 0.0200, 13.7093, 0.0119
(25, 21): 1.2480, 0.0200, 13.2552, 0.0106
(25, 22): 1.1048, 0.0200, 6.0922, 0.0115
(25, 23): 1.1048, 0.0200, 6.0922, 0.0115
(25, 24): 1.1048, 0.0200, 6.0922, 0.0115
(25, 25): 1.1048, 0.0200, 6.0922, 0.0115
(25, 26): 1.1048, 0.0200, 6.0922, 0.0115
(25, 27): 1.1048, 0.0200, 6.0922, 0.0115
(26, 1): 0.7871, 0.0200, 1.5792, 0.0188
(26, 2): 0.7871, 0.0200, 1.5792, 0.0188
(26, 3): 1.0199, 0.0200, 6.8775, 0.0112
(26, 4): 1.2432, 0.0200, 7.5324, 0.0171
(26, 5): 0.9841, 0.0200, 9.9546, 0.0097
(26, 6): 1.0784, 0.0200, 7.4495, 0.0136
(26, 7): 1.5585, 0.0200, 7.8377, 0.0112
(26, 8): 1.0980, 0.0200, 16.7923, 0.0108
(26, 9): 1.3280, 0.0200, 12.4525, 0.0102
(26, 10): 1.2899, 0.0200, 12.1991, 0.0162
(26, 11): 1.3569, 0.0200, 12.7897, 0.0190
(26, 12): 1.4741, 0.0200, 10.9786, 0.0236
(26, 13): 1.7089, 0.0200, 7.8729, 0.0214
(26, 14): 1.7107, 0.0200, 7.6594, 0.0229
(26, 15): 2.0539, 0.0200, 5.1698, 0.0123
(26, 16): 1.4944, 0.0200, 10.1862, 0.0164
(26, 17): 1.3361, 0.0200, 12.0840, 0.0108
(26, 18): 1.2816, 0.0200, 12.7338, 0.0097
(26, 19): 1.3121, 0.0200, 12.2857, 0.0136
(26, 20): 1.3594, 0.0200, 11.5553, 0.0110
(26, 21): 1.1913, 0.0200, 15.1205, 0.0073
(26, 22): 1.1005, 0.0200, 11.8438, 0.0071
(26, 23): 1.1005, 0.0200, 11.8438, 0.0071
(26, 24): 1.1005, 0.0200, 11.8438, 0.0071
(26, 25): 1.1005, 0.0200, 11.8438, 0.0071
(26, 26): 1.1005, 0.0200, 11.8438, 0.0071
(26, 27): 1.1005, 0.0200, 11.8438, 0.0071
(27, 1): 1.2191, 0.0200, 5.0875, 0.0171
(27, 2): 1.2191, 0.0200, 5.0875, 0.0171
(27, 3): 1.3341, 0.0200, 11.9106, 0.0115
(27, 4): 1.5513, 0.0200, 9.9236, 0.0112
(27, 5): 1.2800, 0.0200, 14.0902, 0.0093
(27, 6): 1.1205, 0.0200, 12.9029, 0.0084
(27, 7): 0.8920, 0.0200, 6.6414, 0.0089
(27, 8): 1.2051, 0.0200, 11.7760, 0.0099
(27, 9): 1.0474, 0.0200, 12.9846, 0.0095
(27, 10): 1.0904, 0.0200, 12.4408, 0.0132
(27, 11): 1.4840, 0.0200, 7.9173, 0.0160
(27, 12): 0.8990, 0.0200, 9.4998, 0.0117
(27, 13): 1.2326, 0.0200, 11.3561, 0.0145
(27, 14): 1.0801, 0.0200, 11.0286, 0.0112
(27, 15): 1.1379, 0.0200, 16.2975, 0.0102
(27, 16): 1.3747, 0.0200, 11.7724, 0.0093
(27, 17): 1.7718, 0.0200, 6.8019, 0.0128
(27, 18): 1.1976, 0.0200, 13.8048, 0.0086
(27, 19): 1.0695, 0.0200, 16.1979, 0.0115
(27, 20): 1.1038, 0.0200, 15.5022, 0.0102
(27, 21): 1.2342, 0.0200, 13.1102, 0.0104
(27, 22): 1.4367, 0.0200, 7.5851, 0.0153
(27, 23): 1.4367, 0.0200, 7.5851, 0.0153
(27, 24): 1.4367, 0.0200, 7.5851, 0.0153
(27, 25): 1.4367, 0.0200, 7.5851, 0.0153
(27, 26): 1.4367, 0.0200, 7.5851, 0.0153
(27, 27): 1.4367, 0.0200, 7.5851, 0.0153
(28, 1): 0.6273, 0.0200, 1.9795, 0.0136
(28, 2): 0.6273, 0.0200, 1.9795, 0.0136
(28, 3): 1.1133, 0.0200, 7.2482, 0.0151
(28, 4): 1.2365, 0.0200, 6.1803, 0.0138
(28, 5): 0.9336, 0.0200, 16.0169, 0.0093
(28, 6): 0.9806, 0.0200, 8.4386, 0.0093
(28, 7): 0.9219, 0.0200, 9.0981, 0.0132
(28, 8): 1.3272, 0.0200, 8.1017, 0.0095
(28, 9): 1.0178, 0.0200, 9.4605, 0.0104
(28, 10): 1.0904, 0.0200, 12.4408, 0.0132
(28, 11): 1.4840, 0.0200, 7.9173, 0.0160
(28, 12): 0.8990, 0.0200, 9.4998, 0.0117
(28, 13): 0.8882, 0.0200, 4.2545, 0.0121
(28, 14): 0.8882, 0.0200, 4.2545, 0.0121
(28, 15): 1.4714, 0.0200, 9.9803, 0.0138
(28, 16): 1.1032, 0.0200, 16.1126, 0.0095
(28, 17): 1.0114, 0.0200, 17.5325, 0.0078
(28, 18): 0.9374, 0.0200, 19.2259, 0.0080
(28, 19): 0.9994, 0.0200, 17.4850, 0.0082
(28, 20): 1.4294, 0.0200, 10.0050, 0.0106
(28, 21): 1.1865, 0.0200, 13.5174, 0.0121
(28, 22): 0.9203, 0.0200, 7.1867, 0.0115
(28, 23): 0.9203, 0.0200, 7.1867, 0.0115
(28, 24): 0.9203, 0.0200, 7.1867, 0.0115
(28, 25): 0.9203, 0.0200, 7.1867, 0.0115
(28, 26): 0.9203, 0.0200, 7.1867, 0.0115
(28, 27): 0.9203, 0.0200, 7.1867, 0.0115
(29, 1): 1.1949, 0.0200, 13.5612, 0.0099
(29, 2): 1.1949, 0.0200, 13.5612, 0.0099
(29, 3): 1.0733, 0.0200, 17.4695, 0.0097
(29, 4): 1.2079, 0.0200, 12.4861, 0.0102
(29, 5): 1.3178, 0.0200, 8.6631, 0.0132
(29, 6): 1.1560, 0.0200, 15.8957, 0.0067
(29, 7): 0.9804, 0.0200, 15.1081, 0.0078
(29, 8): 0.5790, 0.0200, 1.9872, 0.0134
(29, 9): 1.0178, 0.0200, 9.4605, 0.0104
(29, 10): 1.0178, 0.0200, 9.4605, 0.0104
(29, 11): 1.4840, 0.0200, 7.9173, 0.0160
(29, 12): 0.8990, 0.0200, 9.4998, 0.0117
(29, 13): 0.8882, 0.0200, 4.2545, 0.0121
(29, 14): 0.8882, 0.0200, 4.2545, 0.0121
(29, 15): 0.8389, 0.0200, 2.9479, 0.0136
(29, 16): 0.9883, 0.0200, 7.1016, 0.0093
(29, 17): 0.6116, 0.0200, 1.9713, 0.0145
(29, 18): 1.1020, 0.0200, 11.7739, 0.0106
(29, 19): 1.2216, 0.0200, 13.2224, 0.0091
(29, 20): 1.0678, 0.0200, 15.5423, 0.0084
(29, 21): 1.1465, 0.0200, 13.8737, 0.0102
(29, 22): 0.9307, 0.0200, 3.3755, 0.0151
(29, 23): 0.9307, 0.0200, 3.3755, 0.0151
(29, 24): 0.9307, 0.0200, 3.3755, 0.0151
(29, 25): 0.9307, 0.0200, 3.3755, 0.0151
(29, 26): 0.9307, 0.0200, 3.3755, 0.0151
(29, 27): 0.9307, 0.0200, 3.3755, 0.0151
(30, 1): 0.9046, 0.0200, 11.6296, 0.0121
(30, 2): 0.9046, 0.0200, 11.6296, 0.0121
(30, 3): 0.7554, 0.0200, 6.1295, 0.0106
(30, 4): 0.7515, 0.0200, 5.0484, 0.0086
(30, 5): 1.3862, 0.0200, 9.6629, 0.0099
(30, 6): 1.1171, 0.0200, 12.3365, 0.0084
(30, 7): 0.7584, 0.0200, 4.9762, 0.0089
(30, 8): 0.5790, 0.0200, 1.9872, 0.0134
(30, 9): 0.5790, 0.0200, 1.9872, 0.0134
(30, 10): 1.0178, 0.0200, 9.4605, 0.0104
(30, 11): 1.0178, 0.0200, 9.4605, 0.0104
(30, 12): 0.8882, 0.0200, 4.2545, 0.0121
(30, 13): 0.8882, 0.0200, 4.2545, 0.0121
(30, 14): 0.8389, 0.0200, 2.9479, 0.0136
(30, 15): 0.8389, 0.0200, 2.9479, 0.0136
(30, 16): 0.9883, 0.0200, 7.1016, 0.0093
(30, 17): 0.6116, 0.0200, 1.9713, 0.0145
(30, 18): 1.1020, 0.0200, 11.7739, 0.0106
(30, 19): 0.7819, 0.0200, 4.4238, 0.0119
(30, 20): 1.1445, 0.0200, 11.5855, 0.0117
(30, 21): 1.1121, 0.0200, 13.6340, 0.0093
(30, 22): 0.9386, 0.0200, 4.4605, 0.0108
(30, 23): 0.9386, 0.0200, 4.4605, 0.0108
(30, 24): 0.9386, 0.0200, 4.4605, 0.0108
(30, 25): 0.9386, 0.0200, 4.4605, 0.0108
(30, 26): 0.9386, 0.0200, 4.4605, 0.0108
(30, 27): 0.9386, 0.0200, 4.4605, 0.0108
(31, 1): 0.9046, 0.0200, 11.6296, 0.0121
(31, 2): 0.9046, 0.0200, 11.6296, 0.0121
(31, 3): 0.7554, 0.0200, 6.1295, 0.0106
(31, 4): 0.7515, 0.0200, 5.0484, 0.0086
(31, 5): 1.3862, 0.0200, 9.6629, 0.0099
(31, 6): 1.1171, 0.0200, 12.3365, 0.0084
(31, 7): 0.7584, 0.0200, 4.9762, 0.0089
(31, 8): 0.7584, 0.0200, 4.9762, 0.0089
(31, 9): 0.5790, 0.0200, 1.9872, 0.0134
(31, 10): 0.5790, 0.0200, 1.9872, 0.0134
(31, 11): 1.0178, 0.0200, 9.4605, 0.0104
(31, 12): 0.8882, 0.0200, 4.2545, 0.0121
(31, 13): 0.8389, 0.0200, 2.9479, 0.0136
(31, 14): 0.8389, 0.0200, 2.9479, 0.0136
(31, 15): 0.8389, 0.0200, 2.9479, 0.0136
(31, 16): 0.9883, 0.0200, 7.1016, 0.0093
(31, 17): 0.6116, 0.0200, 1.9713, 0.0145
(31, 18): 0.6952, 0.0200, 3.5549, 0.0082
(31, 19): 0.6952, 0.0200, 3.5549, 0.0082
(31, 20): 1.0527, 0.0200, 14.9217, 0.0076
(31, 21): 0.7972, 0.0200, 4.3059, 0.0130
(31, 22): 0.7972, 0.0200, 4.3059, 0.0130
(31, 23): 0.7766, 0.0200, 3.1794, 0.0149
(31, 24): 0.7766, 0.0200, 3.1794, 0.0149
(31, 25): 0.7766, 0.0200, 3.1794, 0.0149
(31, 26): 0.7766, 0.0200, 3.1794, 0.0149
(31, 27): 0.7766, 0.0200, 3.1794, 0.0149
(32, 1): 0.9046, 0.0200, 11.6296, 0.0121
(32, 2): 0.9046, 0.0200, 11.6296, 0.0121
(32, 3): 0.7554, 0.0200, 6.1295, 0.0106
(32, 4): 0.7515, 0.0200, 5.0484, 0.0086
(32, 5): 1.3862, 0.0200, 9.6629, 0.0099
(32, 6): 1.1171, 0.0200, 12.3365, 0.0084
(32, 7): 0.7584, 0.0200, 4.9762, 0.0089
(32, 8): 0.7584, 0.0200, 4.9762, 0.0089
(32, 9): 0.7584, 0.0200, 4.9762, 0.0089
(32, 10): 0.5790, 0.0200, 1.9872, 0.0134
(32, 11): 0.5790, 0.0200, 1.9872, 0.0134
(32, 12): 0.8389, 0.0200, 2.9479, 0.0136
(32, 13): 0.8389, 0.0200, 2.9479, 0.0136
(32, 14): 0.8389, 0.0200, 2.9479, 0.0136
(32, 15): 0.8389, 0.0200, 2.9479, 0.0136
(32, 16): 0.9883, 0.0200, 7.1016, 0.0093
(32, 17): 0.7552, 0.0200, 5.0041, 0.0091
(32, 18): 0.7552, 0.0200, 5.0041, 0.0091
(32, 19): 0.7552, 0.0200, 5.0041, 0.0091
(32, 20): 1.5199, 0.0200, 9.8647, 0.0162
(32, 21): 1.1102, 0.0200, 10.5000, 0.0091
(32, 22): 0.7766, 0.0200, 3.1794, 0.0149
(32, 23): 0.7766, 0.0200, 3.1794, 0.0149
(32, 24): 0.7766, 0.0200, 3.1794, 0.0149
(32, 25): 0.7766, 0.0200, 3.1794, 0.0149
(32, 26): 0.7766, 0.0200, 3.1794, 0.0149
(32, 27): 0.7766, 0.0200, 3.1794, 0.0149
(33, 1): 0.9046, 0.0200, 11.6296, 0.0121
(33, 2): 0.9046, 0.0200, 11.6296, 0.0121
(33, 3): 0.7554, 0.0200, 6.1295, 0.0106
(33, 4): 0.7515, 0.0200, 5.0484, 0.0086
(33, 5): 1.3862, 0.0200, 9.6629, 0.0099
(33, 6): 1.1171, 0.0200, 12.3365, 0.0084
(33, 7): 0.7584, 0.0200, 4.9762, 0.0089
(33, 8): 0.7584, 0.0200, 4.9762, 0.0089
(33, 9): 0.7584, 0.0200, 4.9762, 0.0089
(33, 10): 0.7584, 0.0200, 4.9762, 0.0089
(33, 11): 0.5790, 0.0200, 1.9872, 0.0134
(33, 12): 0.8389, 0.0200, 2.9479, 0.0136
(33, 13): 0.8389, 0.0200, 2.9479, 0.0136
(33, 14): 0.8389, 0.0200, 2.9479, 0.0136
(33, 15): 0.8389, 0.0200, 2.9479, 0.0136
(33, 16): 1.0471, 0.0200, 10.6157, 0.0089
(33, 17): 1.0471, 0.0200, 10.6157, 0.0089
(33, 18): 1.0471, 0.0200, 10.6157, 0.0089
(33, 19): 1.0471, 0.0200, 10.6157, 0.0089
(33, 20): 1.2268, 0.0200, 14.8304, 0.0145
(33, 21): 1.5365, 0.0200, 9.9329, 0.0102
(33, 22): 1.0688, 0.0200, 6.5490, 0.0143
(33, 23): 1.0688, 0.0200, 6.5490, 0.0143
(33, 24): 1.0688, 0.0200, 6.5490, 0.0143
(33, 25): 1.0688, 0.0200, 6.5490, 0.0143
(33, 26): 1.0688, 0.0200, 6.5490, 0.0143
(33, 27): 1.0688, 0.0200, 6.5490, 0.0143
(34, 1): 0.9046, 0.0200, 11.6296, 0.0121
(34, 2): 0.9046, 0.0200, 11.6296, 0.0121
(34, 3): 0.7554, 0.0200, 6.1295, 0.0106
(34, 4): 0.7515, 0.0200, 5.0484, 0.0086
(34, 5): 1.3862, 0.0200, 9.6629, 0.0099
(34, 6): 1.1171, 0.0200, 12.3365, 0.0084
(34, 7): 0.7584, 0.0200, 4.9762, 0.0089
(34, 8): 0.7584, 0.0200, 4.9762, 0.0089
(34, 9): 0.7584, 0.0200, 4.9762, 0.0089
(34, 10): 0.7584, 0.0200, 4.9762, 0.0089
(34, 11): 0.7584, 0.0200, 4.9762, 0.0089
(34, 12): 0.8389, 0.0200, 2.9479, 0.0136
(34, 13): 0.8389, 0.0200, 2.9479, 0.0136
(34, 14): 1.0679, 0.0200, 8.8167, 0.0102
(34, 15): 1.0679, 0.0200, 8.8167, 0.0102
(34, 16): 1.0679, 0.0200, 8.8167, 0.0102
(34, 17): 1.0679, 0.0200, 8.8167, 0.0102
(34, 18): 1.0679, 0.0200, 8.8167, 0.0102
(34, 19): 1.0679, 0.0200, 8.8167, 0.0102
(34, 20): 1.1316, 0.0200, 16.6493, 0.0104
(34, 21): 1.1877, 0.0200, 15.5076, 0.0115
(34, 22): 0.8021, 0.0200, 3.2125, 0.0136
(34, 23): 0.8021, 0.0200, 3.2125, 0.0136
(34, 24): 0.8021, 0.0200, 3.2125, 0.0136
(34, 25): 0.8021, 0.0200, 3.2125, 0.0136
(34, 26): 0.8021, 0.0200, 3.2125, 0.0136
(34, 27): 0.8021, 0.0200, 3.2125, 0.0136
(35, 1): 0.9046, 0.0200, 11.6296, 0.0121
(35, 2): 0.9046, 0.0200, 11.6296, 0.0121
(35, 3): 0.7554, 0.0200, 6.1295, 0.0106
(35, 4): 0.7515, 0.0200, 5.0484, 0.0086
(35, 5): 1.3862, 0.0200, 9.6629, 0.0099
(35, 6): 1.1171, 0.0200, 12.3365, 0.0084
(35, 7): 0.7584, 0.0200, 4.9762, 0.0089
(35, 8): 0.7584, 0.0200, 4.9762, 0.0089
(35, 9): 0.7584, 0.0200, 4.9762, 0.0089
(35, 10): 0.7584, 0.0200, 4.9762, 0.0089
(35, 11): 0.7584, 0.0200, 4.9762, 0.0089
(35, 12): 0.8389, 0.0200, 2.9479, 0.0136
(35, 13): 1.0679, 0.0200, 8.8167, 0.0102
(35, 14): 1.0679, 0.0200, 8.8167, 0.0102
(35, 15): 1.0679, 0.0200, 8.8167, 0.0102
(35, 16): 1.0679, 0.0200, 8.8167, 0.0102
(35, 17): 1.0679, 0.0200, 8.8167, 0.0102
(35, 18): 1.0679, 0.0200, 8.8167, 0.0102
(35, 19): 1.0679, 0.0200, 8.8167, 0.0102
(35, 20): 1.1316, 0.0200, 16.6493, 0.0104
(35, 21): 1.1877, 0.0200, 15.5076, 0.0115
(35, 22): 0.8021, 0.0200, 3.2125, 0.0136
(35, 23): 0.8021, 0.0200, 3.2125, 0.0136
(35, 24): 0.8021, 0.0200, 3.2125, 0.0136
(35, 25): 0.8021, 0.0200, 3.2125, 0.0136
(35, 26): 0.8021, 0.0200, 3.2125, 0.0136
(35, 27): 0.8021, 0.0200, 3.2125, 0.0136
(36, 1): 0.9046, 0.0200, 11.6296, 0.0121
(36, 2): 0.9046, 0.0200, 11.6296, 0.0121
(36, 3): 0.7554, 0.0200, 6.1295, 0.0106
(36, 4): 0.7515, 0.0200, 5.0484, 0.0086
(36, 5): 1.3862, 0.0200, 9.6629, 0.0099
(36, 6): 1.1171, 0.0200, 12.3365, 0.0084
(36, 7): 0.7584, 0.0200, 4.9762, 0.0089
(36, 8): 0.7584, 0.0200, 4.9762, 0.0089
(36, 9): 0.7584, 0.0200, 4.9762, 0.0089
(36, 10): 0.7584, 0.0200, 4.9762, 0.0089
(36, 11): 0.7584, 0.0200, 4.9762, 0.0089
(36, 12): 1.0679, 0.0200, 8.8167, 0.0102
(36, 13): 1.0679, 0.0200, 8.8167, 0.0102
(36, 14): 1.0679, 0.0200, 8.8167, 0.0102
(36, 15): 1.0679, 0.0200, 8.8167, 0.0102
(36, 16): 1.0679, 0.0200, 8.8167, 0.0102
(36, 17): 1.0679, 0.0200, 8.8167, 0.0102
(36, 18): 1.0679, 0.0200, 8.8167, 0.0102
(36, 19): 1.0679, 0.0200, 8.8167, 0.0102
(36, 20): 1.1316, 0.0200, 16.6493, 0.0104
(36, 21): 1.1877, 0.0200, 15.5076, 0.0115
(36, 22): 0.8021, 0.0200, 3.2125, 0.0136
(36, 23): 0.8021, 0.0200, 3.2125, 0.0136
(36, 24): 0.8021, 0.0200, 3.2125, 0.0136
(36, 25): 0.8021, 0.0200, 3.2125, 0.0136
(36, 26): 0.8021, 0.0200, 3.2125, 0.0136
(36, 27): 0.8021, 0.0200, 3.2125, 0.0136
(37, 1): 0.9046, 0.0200, 11.6296, 0.0121
(37, 2): 0.9046, 0.0200, 11.6296, 0.0121
(37, 3): 0.7554, 0.0200, 6.1295, 0.0106
(37, 4): 0.7515, 0.0200, 5.0484, 0.0086
(37, 5): 1.3862, 0.0200, 9.6629, 0.0099
(37, 6): 1.1171, 0.0200, 12.3365, 0.0084
(37, 7): 0.7584, 0.0200, 4.9762, 0.0089
(37, 8): 0.7584, 0.0200, 4.9762, 0.0089
(37, 9): 0.7584, 0.0200, 4.9762, 0.0089
(37, 10): 0.7584, 0.0200, 4.9762, 0.0089
(37, 11): 0.7584, 0.0200, 4.9762, 0.0089
(37, 12): 1.0679, 0.0200, 8.8167, 0.0102
(37, 13): 1.0679, 0.0200, 8.8167, 0.0102
(37, 14): 1.0679, 0.0200, 8.8167, 0.0102
(37, 15): 1.0679, 0.0200, 8.8167, 0.0102
(37, 16): 1.0679, 0.0200, 8.8167, 0.0102
(37, 17): 1.0679, 0.0200, 8.8167, 0.0102
(37, 18): 1.0679, 0.0200, 8.8167, 0.0102
(37, 19): 1.0679, 0.0200, 8.8167, 0.0102
(37, 20): 1.1316, 0.0200, 16.6493, 0.0104
(37, 21): 1.1877, 0.0200, 15.5076, 0.0115
(37, 22): 0.8021, 0.0200, 3.2125, 0.0136
(37, 23): 0.8021, 0.0200, 3.2125, 0.0136
(37, 24): 0.8021, 0.0200, 3.2125, 0.0136
(37, 25): 0.8021, 0.0200, 3.2125, 0.0136
(37, 26): 0.8021, 0.0200, 3.2125, 0.0136
(37, 27): 0.8021, 0.0200, 3.2125, 0.0136
