(10, 7): nan, nan, nan, 0.0000
(10, 8): nan, nan, nan, 0.0000
(10, 9): nan, nan, nan, 0.0000
(10, 10): 0.2553, 4.4100, 32.7888, 0.2455
(10, 11): 0.1029, 4.4200, 14.5725, 0.3309
(10, 12): 0.2344, 4.4100, 32.7846, 0.2680
(10, 13): nan, nan, nan, 0.0000
(10, 14): 0.1042, 4.4100, 4.8194, 0.4428
(10, 15): 0.2361, 4.4200, 50.1533, 0.2252
(10, 16): 0.2209, 4.4100, 56.8038, 0.2488
(10, 17): 0.2273, 4.4500, 57.4964, 0.2431
(10, 18): 0.2011, 4.4100, 61.1701, 0.2077
(10, 19): 0.1971, 4.4100, 62.3390, 0.2083
(10, 20): 0.1974, 4.4300, 58.3914, 0.1915
(10, 21): 0.1948, 4.4100, 65.3121, 0.1923
(10, 22): 0.2238, 4.4100, 62.4354, 0.1945
(10, 23): 0.2171, 4.4300, 62.8603, 0.1999
(10, 24): 0.2053, 4.4500, 61.3396, 0.1802
(10, 25): 0.2125, 4.4100, 60.5517, 0.1995
(10, 26): 0.2279, 4.4200, 57.5976, 0.1885
(10, 27): nan, nan, nan, 0.0000
(11, 1): nan, nan, nan, 0.0000
(11, 2): nan, nan, nan, 0.0000
(11, 3): nan, nan, nan, 0.0000
(11, 4): nan, nan, nan, 0.0000
(11, 5): nan, nan, nan, 0.0000
(11, 6): nan, nan, nan, 0.0000
(11, 7): nan, nan, nan, 0.0000
(11, 8): nan, nan, nan, 0.0000
(11, 9): nan, nan, nan, 0.0000
(11, 10): 0.2466, 4.4100, 44.0410, 0.2306
(11, 11): 0.2911, 4.4100, 52.8997, 0.2341
(11, 12): 0.2896, 4.4100, 52.4191, 0.2490
(11, 13): 0.1034, 4.4100, 18.1219, 0.3501
(11, 14): nan, nan, nan, 0.0000
(11, 15): nan, nan, nan, 0.0000
(11, 16): 0.0716, 4.4100, 9.9565, 0.4335
(11, 17): 0.2184, 4.4100, 56.9461, 0.2693
(11, 18): 0.1964, 4.4100, 62.3476, 0.2096
(11, 19): 0.2067, 4.4500, 58.4424, 0.2010
(11, 20): 0.2161, 4.4300, 57.0827, 0.2001
(11, 21): 0.2009, 4.4300, 62.4169, 0.2021
(11, 22): 0.1946, 4.4100, 62.9955, 0.2045
(11, 23): 0.2115, 4.4100, 59.5193, 0.2021
(11, 24): 0.2064, 4.4100, 61.1299, 0.1900
(11, 25): 0.1911, 4.4096, 61.9022, 0.2003
(11, 26): 0.2135, 4.4100, 57.7451, 0.1967
(11, 27): nan, nan, nan, 0.0000
(12, 1): nan, nan, nan, 0.0000
(12, 2): nan, nan, nan, 0.0000
(12, 3): nan, nan, nan, 0.0000
(12, 4): nan, nan, nan, 0.0000
(12, 5): nan, nan, nan, 0.0000
(12, 6): nan, nan, nan, 0.0000
(12, 7): nan, nan, nan, 0.0000
(12, 8): nan, nan, nan, 0.0000
(12, 9): nan, nan, nan, 0.0000
(12, 10): 0.2374, 4.4100, 54.6358, 0.2410
(12, 11): 0.2398, 4.4500, 58.0591, 0.2392
(12, 12): 0.2589, 4.4100, 56.1167, 0.2483
(12, 13): 0.2120, 4.4100, 45.8041, 0.2548
(12, 14): 0.1478, 4.4200, 30.5083, 0.2786
(12, 15): nan, nan, nan, 0.0000
(12, 16): 0.1274, 4.4100, 17.1928, 0.3990
(12, 17): 0.1990, 4.4100, 57.6332, 0.2609
(12, 18): 0.1965, 4.4100, 60.8143, 0.2293
(12, 19): 0.1915, 4.4200, 57.4347, 0.2148
(12, 20): 0.1959, 4.4200, 61.4378, 0.2137
(12, 21): 0.2038, 4.4400, 62.0780, 0.2114
(12, 22): 0.2109, 4.4200, 60.5269, 0.1936
(12, 23): 0.2248, 4.4500, 58.2923, 0.1908
(12, 24): 0.2354, 4.4200, 50.4653, 0.2146
(12, 25): 0.1099, 4.4200, 18.4941, 0.2719
(12, 26): 0.1149, 4.4400, 18.3895, 0.2686
(12, 27): nan, nan, nan, 0.0000
(13, 1): nan, nan, nan, 0.0000
(13, 2): nan, nan, nan, 0.0000
(13, 3): nan, nan, nan, 0.0000
(13, 4): nan, nan, nan, 0.0000
(13, 5): nan, nan, nan, 0.0000
(13, 6): nan, nan, nan, 0.0000
(13, 7): nan, nan, nan, 0.0000
(13, 8): nan, nan, nan, 0.0000
(13, 9): nan, nan, nan, 0.0000
(13, 10): 0.2395, 4.4200, 60.5873, 0.2135
(13, 11): 0.2447, 4.4200, 60.4981, 0.2170
(13, 12): 0.2285, 4.4100, 57.5856, 0.2276
(13, 13): 0.1960, 4.4100, 47.7139, 0.2475
(13, 14): 0.1219, 4.4100, 9.7505, 0.3674
(13, 15): nan, nan, nan, 0.0000
(13, 16): 0.0480, 4.4100, 10.0236, 0.4761
(13, 17): 0.1623, 4.4100, 47.6237, 0.3259
(13, 18): 0.1493, 4.4300, 54.5139, 0.2310
(13, 19): 0.1714, 4.4100, 60.9064, 0.2252
(13, 20): 0.1983, 4.4200, 60.8081, 0.2086
(13, 21): 0.2120, 4.4100, 59.4036, 0.2537
(13, 22): 0.2146, 4.4100, 58.2641, 0.1962
(13, 23): 0.2149, 4.4100, 58.8890, 0.1956
(13, 24): 0.2268, 4.4100, 50.0326, 0.2049
(13, 25): 0.1043, 4.4200, 5.0908, 0.4206
(13, 26): nan, nan, nan, 0.0000
(13, 27): nan, nan, nan, 0.0000
(14, 1): nan, nan, nan, 0.0000
(14, 2): nan, nan, nan, 0.0000
(14, 3): nan, nan, nan, 0.0000
(14, 4): nan, nan, nan, 0.0000
(14, 5): nan, nan, nan, 0.0000
(14, 6): nan, nan, nan, 0.0000
(14, 7): nan, nan, nan, 0.0000
(14, 8): nan, nan, nan, 0.0000
(14, 9): nan, nan, nan, 0.0000
(14, 10): 0.2681, 4.4100, 60.7308, 0.2289
(14, 11): 0.2442, 4.4100, 62.3975, 0.2345
(14, 12): 0.2210, 4.4500, 59.7025, 0.2278
(14, 13): 0.0283, 4.4100, 6.1549, 0.4167
(14, 14): nan, nan, nan, 0.0000
(14, 15): 0.0623, 4.4100, 5.6022, 0.4845
(14, 16): 0.3505, 4.4100, 37.3077, 0.3285
(14, 17): 0.2366, 4.4100, 58.4220, 0.3194
(14, 18): 0.1950, 4.4600, 58.9320, 0.2667
(14, 19): 0.1860, 4.4200, 63.1557, 0.2170
(14, 20): 0.2184, 4.4100, 59.8690, 0.2276
(14, 21): 0.1983, 4.4100, 59.5897, 0.2038
(14, 22): 0.1991, 4.4100, 59.8793, 0.2101
(14, 23): 0.1869, 4.4200, 60.1085, 0.1921
(14, 24): 0.2035, 4.4097, 52.6752, 0.1943
(14, 25): 0.1569, 4.4200, 32.0323, 0.2252
(14, 26): 0.1982, 4.4300, 33.8860, 0.2146
(14, 27): 0.1912, 4.4100, 4.6061, 0.4059
(15, 1): nan, nan, nan, 0.0000
(15, 2): nan, nan, nan, 0.0000
(15, 3): nan, nan, nan, 0.0000
(15, 4): nan, nan, nan, 0.0000
(15, 5): nan, nan, nan, 0.0000
(15, 6): nan, nan, nan, 0.0000
(15, 7): nan, nan, nan, 0.0000
(15, 8): nan, nan, nan, 0.0000
(15, 9): 0.1464, 4.4100, 14.8747, 0.3853
(15, 10): 0.2841, 4.4300, 59.8935, 0.3315
(15, 11): 0.2430, 4.4500, 62.9583, 0.2641
(15, 12): 0.2463, 4.4500, 61.9667, 0.2371
(15, 13): 0.1131, 4.4100, 24.5446, 0.2857
(15, 14): 0.0595, 4.4100, 5.5275, 0.4288
(15, 15): 0.1934, 4.4100, 50.9956, 0.2760
(15, 16): 0.1765, 4.4100, 63.6517, 0.2913
(15, 17): 0.1869, 4.4100, 59.5461, 0.3475
(15, 18): 0.1721, 4.4100, 55.3377, 0.2680
(15, 19): 0.1897, 4.4200, 64.2217, 0.2142
(15, 20): 0.1841, 4.4100, 61.9396, 0.2246
(15, 21): 0.1739, 4.4200, 60.8776, 0.1898
(15, 22): 0.1867, 4.4300, 59.6162, 0.1930
(15, 23): 0.1949, 4.4200, 58.1942, 0.1861
(15, 24): 0.2004, 4.4100, 57.4078, 0.1988
(15, 25): 0.1870, 4.4300, 60.4049, 0.1889
(15, 26): 0.2310, 4.4100, 55.7766, 0.1802
(15, 27): 0.2174, 4.4100, 35.7941, 0.2075
(16, 1): nan, nan, nan, 0.0000
(16, 2): nan, nan, nan, 0.0000
(16, 3): nan, nan, nan, 0.0000
(16, 4): nan, nan, nan, 0.0000
(16, 5): nan, nan, nan, 0.0000
(16, 6): nan, nan, nan, 0.0000
(16, 7): nan, nan, nan, 0.0000
(16, 8): nan, nan, nan, 0.0000
(16, 9): 0.1684, 4.4100, 22.8743, 0.2915
(16, 10): 0.2692, 4.4300, 60.0942, 0.3622
(16, 11): 0.4095, 4.4100, 47.7161, 0.3088
(16, 12): 0.2673, 4.4100, 54.8942, 0.2816
(16, 13): 0.1134, 4.4100, 23.8752, 0.3123
(16, 14): 0.1884, 4.4200, 61.0087, 0.2881
(16, 15): 0.2776, 4.4292, 55.6407, 0.3263
(16, 16): 0.2072, 4.4200, 53.5897, 0.3274
(16, 17): 0.1382, 4.4100, 54.2752, 0.2747
(16, 18): 0.2050, 4.4100, 63.6857, 0.2070
(16, 19): 0.2000, 4.4189, 63.3986, 0.1973
(16, 20): 0.1939, 4.4100, 60.9172, 0.1856
(16, 21): 0.1810, 4.4100, 60.9566, 0.1831
(16, 22): 0.1649, 4.4497, 61.4684, 0.1852
(16, 23): 0.1598, 4.4100, 61.9810, 0.1874
(16, 24): 0.1806, 4.4100, 60.6644, 0.1869
(16, 25): 0.2120, 4.4100, 59.6895, 0.1889
(16, 26): 0.2024, 4.4100, 58.8817, 0.1941
(16, 27): 0.1769, 4.4100, 34.1549, 0.2057
(17, 1): nan, nan, nan, 0.0000
(17, 2): nan, nan, nan, 0.0000
(17, 3): nan, nan, nan, 0.0000
(17, 4): nan, nan, nan, 0.0000
(17, 5): nan, nan, nan, 0.0000
(17, 6): nan, nan, nan, 0.0000
(17, 7): nan, nan, nan, 0.0000
(17, 8): nan, nan, nan, 0.0000
(17, 9): 0.1876, 4.4200, 46.6126, 0.2215
(17, 10): 0.2116, 4.4500, 63.8922, 0.2304
(17, 11): 0.2593, 4.4300, 59.4983, 0.2481
(17, 12): 0.2625, 4.4100, 58.7101, 0.2838
(17, 13): 0.1576, 4.4100, 56.8245, 0.2587
(17, 14): 0.1670, 4.4100, 51.2037, 0.2449
(17, 15): 0.1904, 4.4300, 55.9001, 0.3270
(17, 16): 0.1733, 4.4200, 57.1728, 0.3192
(17, 17): 0.1497, 4.4400, 67.5376, 0.2129
(17, 18): 0.1891, 4.4089, 66.9218, 0.1850
(17, 19): 0.1940, 4.4100, 66.0012, 0.1952
(17, 20): 0.1816, 4.4200, 63.9920, 0.1923
(17, 21): 0.1660, 4.4600, 61.7732, 0.2008
(17, 22): 0.1568, 4.4300, 61.3365, 0.1805
(17, 23): 0.1644, 4.4300, 61.4709, 0.1908
(17, 24): 0.2068, 4.4400, 59.5485, 0.1787
(17, 25): 0.2165, 4.4200, 61.5459, 0.1958
(17, 26): 0.2003, 4.4100, 50.0326, 0.2099
(17, 27): nan, nan, nan, 0.0000
(18, 1): nan, nan, nan, 0.0000
(18, 2): nan, nan, nan, 0.0000
(18, 3): nan, nan, nan, 0.0000
(18, 4): nan, nan, nan, 0.0000
(18, 5): nan, nan, nan, 0.0000
(18, 6): nan, nan, nan, 0.0000
(18, 7): nan, nan, nan, 0.0000
(18, 8): 0.0370, 4.4100, 6.0358, 0.4364
(18, 9): 0.2168, 4.4100, 60.5903, 0.2479
(18, 10): 0.1883, 4.4200, 66.1622, 0.2284
(18, 11): 0.2062, 4.4300, 66.3522, 0.2503
(18, 12): 0.2096, 4.4100, 63.9114, 0.2107
(18, 13): 0.1823, 4.4300, 65.8590, 0.2170
(18, 14): 0.1855, 4.4100, 66.4961, 0.2358
(18, 15): 0.1800, 4.4400, 65.7578, 0.2070
(18, 16): 0.1778, 4.4100, 64.5078, 0.2064
(18, 17): 0.1756, 4.4200, 65.8686, 0.1936
(18, 18): 0.1632, 4.4700, 68.5178, 0.1837
(18, 19): 0.1834, 4.4100, 68.0013, 0.1975
(18, 20): 0.1851, 4.4100, 64.2348, 0.1774
(18, 21): 0.1749, 4.4200, 62.4814, 0.1947
(18, 22): 0.1649, 4.4100, 63.1950, 0.1863
(18, 23): 0.1909, 4.4600, 61.3034, 0.1928
(18, 24): 0.2242, 4.4200, 61.0028, 0.1826
(18, 25): 0.2323, 4.4200, 52.0296, 0.1846
(18, 26): 0.1618, 4.4200, 12.9988, 0.2760
(18, 27): nan, nan, nan, 0.0000
(19, 1): nan, nan, nan, 0.0000
(19, 2): nan, nan, nan, 0.0000
(19, 3): nan, nan, nan, 0.0000
(19, 4): nan, nan, nan, 0.0000
(19, 5): nan, nan, nan, 0.0000
(19, 6): nan, nan, nan, 0.0000
(19, 7): nan, nan, nan, 0.0000
(19, 8): 0.1705, 4.4100, 35.5591, 0.2494
(19, 9): 0.2102, 4.4100, 65.2706, 0.2418
(19, 10): 0.2152, 4.4300, 64.5018, 0.2211
(19, 11): 0.2191, 4.4300, 64.0678, 0.2626
(19, 12): 0.1954, 4.4200, 63.8893, 0.2174
(1, 1): nan, nan, nan, 0.0000
(1, 2): nan, nan, nan, 0.0000
(1, 3): nan, nan, nan, 0.0000
(1, 4): nan, nan, nan, 0.0000
(1, 5): nan, nan, nan, 0.0000
(1, 6): nan, nan, nan, 0.0000
(1, 7): nan, nan, nan, 0.0000
(1, 8): nan, nan, nan, 0.0000
(1, 9): nan, nan, nan, 0.0000
(1, 10): nan, nan, nan, 0.0000
(1, 11): nan, nan, nan, 0.0000
(1, 12): nan, nan, nan, 0.0000
(1, 13): nan, nan, nan, 0.0000
(1, 14): nan, nan, nan, 0.0000
(1, 15): nan, nan, nan, 0.0000
(1, 16): nan, nan, nan, 0.0000
(1, 17): nan, nan, nan, 0.0000
(1, 18): nan, nan, nan, 0.0000
(1, 19): nan, nan, nan, 0.0000
(1, 20): nan, nan, nan, 0.0000
(1, 21): nan, nan, nan, 0.0000
(1, 22): nan, nan, nan, 0.0000
(1, 23): nan, nan, nan, 0.0000
(1, 24): nan, nan, nan, 0.0000
(1, 25): nan, nan, nan, 0.0000
(1, 26): nan, nan, nan, 0.0000
(1, 27): nan, nan, nan, 0.0000
(2, 1): nan, nan, nan, 0.0000
(2, 2): nan, nan, nan, 0.0000
(2, 3): nan, nan, nan, 0.0000
(2, 4): nan, nan, nan, 0.0000
(2, 5): nan, nan, nan, 0.0000
(2, 6): nan, nan, nan, 0.0000
(2, 7): nan, nan, nan, 0.0000
(2, 8): nan, nan, nan, 0.0000
(2, 9): nan, nan, nan, 0.0000
(2, 10): nan, nan, nan, 0.0000
(2, 11): nan, nan, nan, 0.0000
(2, 12): nan, nan, nan, 0.0000
(2, 13): nan, nan, nan, 0.0000
(2, 14): nan, nan, nan, 0.0000
(2, 15): nan, nan, nan, 0.0000
(2, 16): nan, nan, nan, 0.0000
(2, 17): nan, nan, nan, 0.0000
(2, 18): nan, nan, nan, 0.0000
(2, 19): nan, nan, nan, 0.0000
(2, 20): 0.0776, 4.4200, 9.5455, 0.3456
(2, 21): 0.1084, 4.4100, 10.7594, 0.3709
(2, 22): nan, nan, nan, 0.0000
(2, 23): nan, nan, nan, 0.0000
(2, 24): nan, nan, nan, 0.0000
(2, 25): nan, nan, nan, 0.0000
(2, 26): nan, nan, nan, 0.0000
(2, 27): nan, nan, nan, 0.0000
(3, 1): nan, nan, nan, 0.0000
(3, 2): nan, nan, nan, 0.0000
(3, 3): nan, nan, nan, 0.0000
(3, 4): nan, nan, nan, 0.0000
(3, 5): nan, nan, nan, 0.0000
(3, 6): nan, nan, nan, 0.0000
(3, 7): nan, nan, nan, 0.0000
(3, 8): nan, nan, nan, 0.0000
(3, 9): nan, nan, nan, 0.0000
(3, 10): nan, nan, nan, 0.0000
(3, 11): nan, nan, nan, 0.0000
(3, 12): nan, nan, nan, 0.0000
(3, 13): nan, nan, nan, 0.0000
(3, 14): nan, nan, nan, 0.0000
(3, 15): nan, nan, nan, 0.0000
(3, 16): 0.0456, 4.4500, 20.5755, 0.3060
(3, 17): 0.0680, 4.4100, 19.6927, 0.2989
(3, 18): 0.0595, 4.4400, 9.7272, 0.3488
(3, 19): 0.0472, 4.4200, 18.1287, 0.2816
(3, 20): 0.0680, 4.4200, 9.2538, 0.3352
(3, 21): 0.0468, 4.4100, 15.1090, 0.2881
(3, 22): 0.0993, 4.4300, 40.6600, 0.2278
(3, 23): 0.1559, 4.4700, 54.7830, 0.2371
(3, 24): 0.2400, 4.4100, 41.8750, 0.2514
(3, 25): nan, nan, nan, 0.0000
(3, 26): nan, nan, nan, 0.0000
(3, 27): nan, nan, nan, 0.0000
(4, 1): nan, nan, nan, 0.0000
(4, 2): nan, nan, nan, 0.0000
(4, 3): nan, nan, nan, 0.0000
(4, 4): nan, nan, nan, 0.0000
(4, 5): nan, nan, nan, 0.0000
(4, 6): nan, nan, nan, 0.0000
(4, 7): nan, nan, nan, 0.0000
(4, 8): nan, nan, nan, 0.0000
(4, 9): nan, nan, nan, 0.0000
(4, 10): nan, nan, nan, 0.0000
(4, 11): nan, nan, nan, 0.0000
(4, 12): nan, nan, nan, 0.0000
(4, 13): 0.0888, 4.4100, 14.4257, 0.3084
(4, 14): 0.1181, 4.4100, 32.1690, 0.2786
(4, 15): 0.1244, 4.4100, 14.1859, 0.3283
(4, 16): 0.0734, 4.4200, 15.2167, 0.3177
(4, 17): 0.0587, 4.4200, 15.3772, 0.3328
(4, 18): 0.1254, 4.4388, 42.7904, 0.2429
(4, 19): 0.1156, 4.4300, 50.8645, 0.2148
(4, 20): 0.1403, 4.4300, 61.9303, 0.2032
(4, 21): 0.1596, 4.4300, 65.8686, 0.2021
(4, 22): 0.1596, 4.4700, 60.0264, 0.1949
(4, 23): 0.1399, 4.4100, 60.3248, 0.1969
(4, 24): 0.1896, 4.4300, 61.1323, 0.2006
(4, 25): 0.1953, 4.4300, 37.4326, 0.2702
(4, 26): 0.0810, 4.4200, 9.3065, 0.3544
(4, 27): nan, nan, nan, 0.0000
(5, 1): nan, nan, nan, 0.0000
(5, 2): nan, nan, nan, 0.0000
(5, 3): nan, nan, nan, 0.0000
(5, 4): nan, nan, nan, 0.0000
(5, 5): nan, nan, nan, 0.0000
(5, 6): nan, nan, nan, 0.0000
(5, 7): nan, nan, nan, 0.0000
(5, 8): nan, nan, nan, 0.0000
(5, 9): nan, nan, nan, 0.0000
(5, 10): nan, nan, nan, 0.0000
(5, 11): nan, nan, nan, 0.0000
(5, 12): nan, nan, nan, 0.0000
(5, 13): 0.0934, 4.4200, 19.0180, 0.2915
(5, 14): nan, nan, nan, 0.0000
(5, 15): nan, nan, nan, 0.0000
(5, 16): 0.1355, 4.4200, 35.5524, 0.2732
(5, 17): 0.1903, 4.4100, 62.4454, 0.2399
(5, 18): 0.1379, 4.4200, 64.0041, 0.2278
(5, 19): 0.1250, 4.4100, 64.9693, 0.1915
(5, 20): 0.1508, 4.4300, 67.4115, 0.2051
(5, 21): 0.1261, 4.4200, 66.7581, 0.2010
(5, 22): 0.1660, 4.4100, 53.9862, 0.2172
(5, 23): 0.1557, 4.4200, 59.5931, 0.2137
(5, 24): 0.1851, 4.4200, 61.5028, 0.1859
(5, 25): 0.2134, 4.4100, 58.4078, 0.2338
(5, 26): 0.2008, 4.4100, 53.3748, 0.1917
(5, 27): 0.0611, 4.4100, 17.9079, 0.2974
(6, 1): nan, nan, nan, 0.0000
(6, 2): nan, nan, nan, 0.0000
(6, 3): nan, nan, nan, 0.0000
(6, 4): nan, nan, nan, 0.0000
(6, 5): nan, nan, nan, 0.0000
(6, 6): nan, nan, nan, 0.0000
(6, 7): nan, nan, nan, 0.0000
(6, 8): nan, nan, nan, 0.0000
(6, 9): nan, nan, nan, 0.0000
(6, 10): nan, nan, nan, 0.0000
(6, 11): 0.1360, 4.4100, 22.2092, 0.2630
(6, 12): 0.0728, 4.4100, 10.7030, 0.3397
(6, 13): nan, nan, nan, 0.0000
(6, 14): nan, nan, nan, 0.0000
(6, 15): 0.1766, 4.4100, 39.2131, 0.3220
(6, 16): 0.2144, 4.4100, 58.6448, 0.2598
(6, 17): 0.2023, 4.4200, 60.5497, 0.2548
(6, 18): 0.1577, 4.4100, 65.2345, 0.2077
(6, 19): 0.1597, 4.4900, 64.8423, 0.2077
(6, 20): 0.1634, 4.4100, 67.2632, 0.1949
(6, 21): 0.1376, 4.4100, 63.6375, 0.1865
(6, 22): 0.1439, 4.4200, 57.7165, 0.2202
(6, 23): 0.1461, 4.4500, 64.2828, 0.2207
(6, 24): 0.1825, 4.4100, 60.5658, 0.1889
(6, 25): 0.1832, 4.4100, 59.4882, 0.2025
(6, 26): 0.2052, 4.4100, 57.4375, 0.1913
(6, 27): 0.1056, 4.4200, 20.6037, 0.2896
(7, 1): nan, nan, nan, 0.0000
(7, 2): nan, nan, nan, 0.0000
(7, 3): nan, nan, nan, 0.0000
(7, 4): nan, nan, nan, 0.0000
(7, 5): nan, nan, nan, 0.0000
(7, 6): nan, nan, nan, 0.0000
(7, 7): nan, nan, nan, 0.0000
(7, 8): nan, nan, nan, 0.0000
(7, 9): nan, nan, nan, 0.0000
(7, 10): 0.1123, 4.4100, 5.1115, 0.4074
(7, 11): 0.1655, 4.4100, 21.3321, 0.2715
(7, 12): nan, nan, nan, 0.0000
(7, 13): nan, nan, nan, 0.0000
(7, 14): nan, nan, nan, 0.0000
(7, 15): 0.2946, 4.4100, 51.5804, 0.2991
(7, 16): 0.1945, 4.4300, 59.7837, 0.3013
(7, 17): 0.1908, 4.4100, 61.4608, 0.2447
(7, 18): 0.1956, 4.4100, 60.3414, 0.2092
(7, 19): 0.1804, 4.4100, 63.9360, 0.2116
(7, 20): 0.1705, 4.4400, 67.7246, 0.1917
(7, 21): 0.1434, 4.4300, 62.9492, 0.1880
(7, 22): 0.1562, 4.4400, 63.1103, 0.1779
(7, 23): 0.1601, 4.4400, 66.4516, 0.1710
(7, 24): 0.1834, 4.4200, 61.8655, 0.1787
(7, 25): 0.1834, 4.4300, 60.6284, 0.2006
(7, 26): 0.1941, 4.4100, 57.3018, 0.1839
(7, 27): 0.1564, 4.4100, 36.2338, 0.2462
(8, 1): nan, nan, nan, 0.0000
(8, 2): nan, nan, nan, 0.0000
(8, 3): nan, nan, nan, 0.0000
(8, 4): nan, nan, nan, 0.0000
(8, 5): nan, nan, nan, 0.0000
(8, 6): nan, nan, nan, 0.0000
(8, 7): nan, nan, nan, 0.0000
(8, 8): nan, nan, nan, 0.0000
(8, 9): nan, nan, nan, 0.0000
(8, 10): 0.2121, 4.4100, 30.7523, 0.2304
(8, 11): 0.2088, 4.4100, 28.1290, 0.2477
(8, 12): nan, nan, nan, 0.0000
(8, 13): nan, nan, nan, 0.0000
(8, 14): 0.1285, 4.4200, 17.5847, 0.3255
(8, 15): 0.2237, 4.4100, 58.4779, 0.2868
(8, 16): 0.2292, 4.4100, 57.6535, 0.2993
(8, 17): 0.2111, 4.4100, 59.1524, 0.2557
(8, 18): 0.1924, 4.4200, 60.9280, 0.2343
(8, 19): 0.1828, 4.4200, 64.5300, 0.2045
(8, 20): 0.1800, 4.4100, 63.7762, 0.2001
(8, 21): 0.1732, 4.4100, 63.5472, 0.1900
(8, 22): 0.1883, 4.4100, 66.4306, 0.1863
(8, 23): 0.1716, 4.4200, 67.0909, 0.1850
(8, 24): 0.1893, 4.4200, 62.9291, 0.1787
(8, 25): 0.1940, 4.4300, 59.8313, 0.2045
(8, 26): 0.1794, 4.4400, 58.0568, 0.2042
(8, 27): 0.1628, 4.4100, 34.5718, 0.2542
(9, 1): nan, nan, nan, 0.0000
(9, 2): nan, nan, nan, 0.0000
(9, 3): nan, nan, nan, 0.0000
(9, 4): nan, nan, nan, 0.0000
(9, 5): nan, nan, nan, 0.0000
(9, 6): nan, nan, nan, 0.0000
(9, 7): nan, nan, nan, 0.0000
(9, 8): nan, nan, nan, 0.0000
(9, 9): nan, nan, nan, 0.0000
(9, 10): 0.1995, 4.4200, 32.5070, 0.2442
(9, 11): 0.1257, 4.4100, 5.2913, 0.4251
(9, 12): nan, nan, nan, 0.0000
(9, 13): nan, nan, nan, 0.0000
(9, 14): nan, nan, nan, 0.0000
(9, 15): 0.2574, 4.4100, 48.6077, 0.2501
(9, 16): 0.2516, 4.4200, 57.1424, 0.2632
(9, 17): 0.2270, 4.4100, 58.9088, 0.2412
(9, 18): 0.2226, 4.4400, 59.5606, 0.2287
(9, 19): 0.1932, 4.4300, 64.1339, 0.2053
(9, 20): 0.1854, 4.4100, 60.3014, 0.1921
(9, 21): 0.1750, 4.4100, 66.1283, 0.2040
(9, 22): 0.2157, 4.4200, 63.6515, 0.2181
(9, 23): 0.1918, 4.4200, 65.0955, 0.1833
(9, 24): 0.1837, 4.4100, 64.4407, 0.1783
(9, 25): 0.1947, 4.4200, 59.7848, 0.1908
(9, 26): 0.2131, 4.4300, 58.3210, 0.1947
(9, 27): 0.0849, 4.4200, 14.2997, 0.3125
(10, 1): nan, nan, nan, 0.0000
(10, 2): nan, nan, nan, 0.0000
(10, 3): nan, nan, nan, 0.0000
(10, 4): nan, nan, nan, 0.0000
(10, 5): nan, nan, nan, 0.0000
(10, 6): nan, nan, nan, 0.0000
(19, 13): 0.2386, 4.4100, 59.0011, 0.2287
(19, 14): 0.2062, 4.4100, 63.6035, 0.2384
(19, 15): 0.1638, 4.4100, 68.3952, 0.2373
(19, 16): 0.1801, 4.4100, 65.3376, 0.2096
(19, 17): 0.1967, 4.4300, 64.5473, 0.1854
(19, 18): 0.1898, 4.4400, 66.3138, 0.1841
(19, 19): 0.1965, 4.4200, 67.5841, 0.2064
(19, 20): 0.2028, 4.4400, 65.7819, 0.1969
(19, 21): 0.2057, 4.4400, 61.9759, 0.1686
(19, 22): 0.1933, 4.4200, 60.6979, 0.1835
(19, 23): 0.2073, 4.4100, 57.7296, 0.1787
(19, 24): 0.1836, 4.4500, 57.2800, 0.1705
(19, 25): 0.1824, 4.4200, 34.7211, 0.2014
(19, 26): 0.1159, 4.4100, 4.4069, 0.4096
(19, 27): nan, nan, nan, 0.0000
(20, 1): nan, nan, nan, 0.0000
(20, 2): nan, nan, nan, 0.0000
(20, 3): nan, nan, nan, 0.0000
(20, 4): nan, nan, nan, 0.0000
(20, 5): nan, nan, nan, 0.0000
(20, 6): nan, nan, nan, 0.0000
(20, 7): 0.0580, 4.4100, 17.0710, 0.3406
(20, 8): 0.2739, 4.4100, 60.3119, 0.2730
(20, 9): 0.2036, 4.4100, 67.0752, 0.2114
(20, 10): 0.2063, 4.4100, 64.5094, 0.2101
(20, 11): 0.1963, 4.4100, 64.4047, 0.2466
(20, 12): 0.1867, 4.4200, 62.4031, 0.2222
(20, 13): 0.2615, 4.4400, 54.5872, 0.2163
(20, 14): 0.2514, 4.4200, 57.7280, 0.2319
(20, 15): 0.1675, 4.4200, 67.6093, 0.1958
(20, 16): 0.2046, 4.4200, 63.5103, 0.2034
(20, 17): 0.2137, 4.4200, 62.2029, 0.2016
(20, 18): 0.1858, 4.4100, 66.7312, 0.1965
(20, 19): 0.2232, 4.4400, 65.4307, 0.2023
(20, 20): 0.2053, 4.4100, 62.6746, 0.1841
(20, 21): 0.2006, 4.4200, 56.4051, 0.1735
(20, 22): 0.1967, 4.4200, 53.5060, 0.1867
(20, 23): 0.1820, 4.4100, 55.5149, 0.1800
(20, 24): 0.1775, 4.4100, 59.3941, 0.1969
(20, 25): 0.1688, 4.4400, 58.3700, 0.1807
(20, 26): 0.1092, 4.4200, 12.7297, 0.2669
(20, 27): nan, nan, nan, 0.0000
(21, 1): nan, nan, nan, 0.0000
(21, 2): nan, nan, nan, 0.0000
(21, 3): nan, nan, nan, 0.0000
(21, 4): nan, nan, nan, 0.0000
(21, 5): nan, nan, nan, 0.0000
(21, 6): 0.1563, 4.4100, 15.3520, 0.3330
(21, 7): 0.1999, 4.4100, 59.6136, 0.2447
(21, 8): 0.2321, 4.4600, 64.2744, 0.2306
(21, 9): 0.1706, 4.4200, 67.9363, 0.2034
(21, 10): 0.1956, 4.4100, 63.4908, 0.2168
(21, 11): 0.1808, 4.4200, 64.7016, 0.2172
(21, 12): 0.2023, 4.4200, 60.9486, 0.2334
(21, 13): 0.2223, 4.4100, 59.1206, 0.2233
(21, 14): 0.2005, 4.4100, 62.4544, 0.2241
(21, 15): 0.1917, 4.4600, 63.7421, 0.2025
(21, 16): 0.1931, 4.4200, 61.1432, 0.2008
(21, 17): 0.2202, 4.4200, 58.9245, 0.2068
(21, 18): 0.2080, 4.4100, 59.6292, 0.2060
(21, 19): 0.1849, 4.4100, 60.6827, 0.1954
(21, 20): 0.1822, 4.4200, 58.6751, 0.1759
(21, 21): 0.1529, 4.4100, 49.5328, 0.1900
(21, 22): 0.2414, 4.4100, 47.8238, 0.2146
(21, 23): 0.1882, 4.4100, 52.1011, 0.1945
(21, 24): 0.1214, 4.4100, 28.8270, 0.2207
(21, 25): nan, nan, nan, 0.0000
(21, 26): nan, nan, nan, 0.0000
(21, 27): nan, nan, nan, 0.0000
(22, 1): nan, nan, nan, 0.0000
(22, 2): nan, nan, nan, 0.0000
(22, 3): nan, nan, nan, 0.0000
(22, 4): nan, nan, nan, 0.0000
(22, 5): nan, nan, nan, 0.0000
(22, 6): 0.2097, 4.4100, 40.3208, 0.2438
(22, 7): 0.3012, 4.4100, 54.4875, 0.2635
(22, 8): 0.2417, 4.4100, 58.8983, 0.2686
(22, 9): 0.2440, 4.4400, 59.4444, 0.2207
(22, 10): 0.1979, 4.4800, 64.0638, 0.2135
(22, 11): 0.1745, 4.4100, 66.4540, 0.2105
(22, 12): 0.1924, 4.4200, 62.6590, 0.2157
(22, 13): 0.2076, 4.4100, 61.2397, 0.2166
(22, 14): 0.1764, 4.4500, 64.3339, 0.2163
(22, 15): 0.2000, 4.4100, 61.0851, 0.2081
(22, 16): 0.2102, 4.4400, 59.2719, 0.1997
(22, 17): 0.2312, 4.4300, 57.4113, 0.1891
(22, 18): 0.2378, 4.4100, 57.3771, 0.1902
(22, 19): 0.2291, 4.4400, 58.5617, 0.2868
(22, 20): 0.1572, 4.4100, 48.9781, 0.2079
(22, 21): 0.0980, 4.4100, 9.7324, 0.3194
(22, 22): nan, nan, nan, 0.0000
(22, 23): nan, nan, nan, 0.0000
(22, 24): nan, nan, nan, 0.0000
(22, 25): nan, nan, nan, 0.0000
(22, 26): nan, nan, nan, 0.0000
(22, 27): nan, nan, nan, 0.0000
(23, 1): nan, nan, nan, 0.0000
(23, 2): nan, nan, nan, 0.0000
(23, 3): nan, nan, nan, 0.0000
(23, 4): nan, nan, nan, 0.0000
(23, 5): 0.1488, 4.4200, 18.7572, 0.2807
(23, 6): 0.1840, 4.4400, 38.0237, 0.2351
(23, 7): 0.1992, 4.4300, 48.3792, 0.1984
(23, 8): 0.2121, 4.4100, 61.2328, 0.2535
(23, 9): 0.1575, 4.4100, 68.8160, 0.1887
(23, 10): 0.1695, 4.4200, 65.5073, 0.2144
(23, 11): 0.2431, 4.4200, 60.5256, 0.2185
(23, 12): 0.2430, 4.4100, 59.8977, 0.2250
(23, 13): 0.2286, 4.4100, 59.0743, 0.2159
(23, 14): 0.2086, 4.5200, 60.0005, 0.2010
(23, 15): 0.2364, 4.4100, 57.5402, 0.2047
(23, 16): 0.2240, 4.4100, 58.8846, 0.1958
(23, 17): 0.2332, 4.4200, 57.5322, 0.2001
(23, 18): 0.2162, 4.4100, 59.1683, 0.1891
(23, 19): 0.2029, 4.4100, 61.3421, 0.1926
(23, 20): 0.1654, 4.4300, 53.2966, 0.1958
(23, 21): nan, nan, nan, 0.0000
(23, 22): nan, nan, nan, 0.0000
(23, 23): nan, nan, nan, 0.0000
(23, 24): nan, nan, nan, 0.0000
(23, 25): nan, nan, nan, 0.0000
(23, 26): nan, nan, nan, 0.0000
(23, 27): nan, nan, nan, 0.0000
(24, 1): nan, nan, nan, 0.0000
(24, 2): nan, nan, nan, 0.0000
(24, 3): nan, nan, nan, 0.0000
(24, 4): 0.1544, 4.4100, 13.6006, 0.3142
(24, 5): 0.1902, 4.4100, 25.0338, 0.2589
(24, 6): 0.1538, 4.4100, 26.6869, 0.2520
(24, 7): 0.2017, 4.4100, 56.5676, 0.2109
(24, 8): 0.1645, 4.4100, 43.5602, 0.2053
(24, 9): 0.1857, 4.4200, 53.2338, 0.1923
(24, 10): 0.1899, 4.4200, 51.7284, 0.2060
(24, 11): 0.2385, 4.4300, 61.6692, 0.2101
(24, 12): 0.2283, 4.4300, 60.5421, 0.2207
(24, 13): 0.2220, 4.4400, 58.9547, 0.2051
(24, 14): 0.2074, 4.4100, 58.9380, 0.1999
(24, 15): 0.2745, 4.4300, 53.4036, 0.2265
(24, 16): 0.2711, 4.4100, 55.2243, 0.2144
(24, 17): 0.2307, 4.4200, 58.0166, 0.1869
(24, 18): 0.2268, 4.4300, 59.1733, 0.1932
(24, 19): 0.1796, 4.4200, 64.0917, 0.1874
(24, 20): 0.2012, 4.4200, 61.6925, 0.1848
(24, 21): 0.1687, 4.4100, 37.6187, 0.2077
(24, 22): nan, nan, nan, 0.0000
(24, 23): nan, nan, nan, 0.0000
(24, 24): nan, nan, nan, 0.0000
(24, 25): nan, nan, nan, 0.0000
(24, 26): nan, nan, nan, 0.0000
(24, 27): nan, nan, nan, 0.0000
(25, 1): nan, nan, nan, 0.0000
(25, 2): nan, nan, nan, 0.0000
(25, 3): nan, nan, nan, 0.0000
(25, 4): 0.2094, 4.4800, 35.2216, 0.2371
(25, 5): 0.2154, 4.4100, 42.8211, 0.2159
(25, 6): 0.2139, 4.4300, 54.2954, 0.2109
(25, 7): 0.1537, 4.4500, 30.4419, 0.2686
(25, 8): 0.2054, 4.4300, 50.6021, 0.2233
(25, 9): 0.2299, 4.4400, 57.2802, 0.2310
(25, 10): 0.2316, 4.4100, 57.9913, 0.2756
(25, 11): 0.2189, 4.4100, 62.6023, 0.2438
(25, 12): 0.2101, 4.4100, 62.9292, 0.2196
(25, 13): 0.2208, 4.4200, 60.6615, 0.2323
(25, 14): 0.2417, 4.4100, 57.4821, 0.2455
(25, 15): 0.2646, 4.4100, 57.0417, 0.1952
(25, 16): 0.2655, 4.4100, 56.9473, 0.1846
(25, 17): 0.2429, 4.4100, 57.3875, 0.2265
(25, 18): 0.2004, 4.4400, 61.0697, 0.1932
(25, 19): 0.2004, 4.4100, 60.4582, 0.1852
(25, 20): 0.1999, 4.4200, 59.9739, 0.1973
(25, 21): 0.2063, 4.4500, 59.1763, 0.1932
(25, 22): 0.1198, 4.4100, 27.1456, 0.2447
(25, 23): nan, nan, nan, 0.0000
(25, 24): nan, nan, nan, 0.0000
(25, 25): nan, nan, nan, 0.0000
(25, 26): nan, nan, nan, 0.0000
(25, 27): nan, nan, nan, 0.0000
(26, 1): nan, nan, nan, 0.0000
(26, 2): 0.0966, 4.4100, 5.5551, 0.4156
(26, 3): 0.1603, 4.4200, 26.3026, 0.2444
(26, 4): 0.2001, 4.4200, 35.6045, 0.2505
(26, 5): 0.1565, 4.4200, 35.0601, 0.2191
(26, 6): 0.1691, 4.4100, 29.2485, 0.2399
(26, 7): 0.2173, 4.4100, 51.1703, 0.2289
(26, 8): 0.2308, 4.4500, 60.1306, 0.1839
(26, 9): 0.2138, 4.4200, 60.6013, 0.2019
(26, 10): 0.1775, 4.4200, 62.2822, 0.2118
(26, 11): 0.1791, 4.4200, 65.8703, 0.2083
(26, 12): 0.1650, 4.4100, 66.6757, 0.2233
(26, 13): 0.1848, 4.4100, 62.1499, 0.2325
(26, 14): 0.2312, 4.4300, 58.5611, 0.2354
(26, 15): 0.2341, 4.4200, 60.5485, 0.2436
(26, 16): 0.2193, 4.4100, 60.9082, 0.2140
(26, 17): 0.2262, 4.4100, 59.0474, 0.1988
(26, 18): 0.2403, 4.4200, 57.6661, 0.1958
(26, 19): 0.2190, 4.4496, 58.8402, 0.2001
(26, 20): 0.2072, 4.4100, 59.1589, 0.1999
(26, 21): 0.1960, 4.4100, 59.7652, 0.1826
(26, 22): 0.1771, 4.4100, 46.6481, 0.1945
(26, 23): nan, nan, nan, 0.0000
(26, 24): nan, nan, nan, 0.0000
(26, 25): nan, nan, nan, 0.0000
(26, 26): nan, nan, nan, 0.0000
(26, 27): nan, nan, nan, 0.0000
(27, 1): nan, nan, nan, 0.0000
(27, 2): 0.1699, 4.4400, 25.5071, 0.2708
(27, 3): 0.2330, 4.4200, 57.7041, 0.2034
(27, 4): 0.2043, 4.4200, 64.2552, 0.2187
(27, 5): 0.1902, 4.4200, 65.9312, 0.1969
(27, 6): 0.1873, 4.4100, 51.0003, 0.2014
(27, 7): 0.1248, 4.4100, 22.1104, 0.2451
(27, 8): 0.1722, 4.4300, 52.4284, 0.2077
(27, 9): 0.1473, 4.4100, 50.0287, 0.1990
(27, 10): 0.1157, 4.4100, 50.6070, 0.2070
(27, 11): 0.1375, 4.4300, 51.9282, 0.2360
(27, 12): 0.1387, 4.4100, 31.2542, 0.2211
(27, 13): 0.1953, 4.4200, 50.6284, 0.2038
(27, 14): 0.1609, 4.4100, 43.7492, 0.2088
(27, 15): 0.2223, 4.4100, 62.4801, 0.1837
(27, 16): 0.2157, 4.4100, 61.1174, 0.1975
(27, 17): 0.2500, 4.4100, 57.1072, 0.2328
(27, 18): 0.2351, 4.4100, 56.3907, 0.1887
(27, 19): 0.2252, 4.4400, 56.5996, 0.1809
(27, 20): 0.2073, 4.4600, 57.4014, 0.1813
(27, 21): 0.2131, 4.4200, 57.0394, 0.1902
(27, 22): 0.2079, 4.4200, 44.4362, 0.2276
(27, 23): nan, nan, nan, 0.0000
(27, 24): nan, nan, nan, 0.0000
(27, 25): nan, nan, nan, 0.0000
(27, 26): nan, nan, nan, 0.0000
(27, 27): nan, nan, nan, 0.0000
(28, 1): nan, nan, nan, 0.0000
(28, 2): 0.0485, 4.4100, 5.4555, 0.3897
(28, 3): 0.1282, 4.4100, 31.7135, 0.2457
(28, 4): 0.1549, 4.4100, 30.9375, 0.2639
(28, 5): 0.1838, 4.4200, 51.8119, 0.1869
(28, 6): 0.1410, 4.4200, 30.5254, 0.2271
(28, 7): 0.1182, 4.4100, 31.1706, 0.2228
(28, 8): 0.1681, 4.4100, 43.4208, 0.2330
(28, 9): 0.1496, 4.4200, 35.2080, 0.2155
(28, 10): nan, nan, nan, 0.0000
(28, 11): nan, nan, nan, 0.0000
(28, 12): nan, nan, nan, 0.0000
(28, 13): nan, nan, nan, 0.0000
(28, 14): 0.1350, 4.4100, 14.6295, 0.2730
(28, 15): 0.2124, 4.4100, 58.4247, 0.2088
(28, 16): 0.2170, 4.4200, 59.4320, 0.1802
(28, 17): 0.2177, 4.4500, 57.8960, 0.1738
(28, 18): 0.2048, 4.4100, 58.6164, 0.1694
(28, 19): 0.2033, 4.4100, 57.2579, 0.1733
(28, 20): 0.1998, 4.4200, 56.6706, 0.2083
(28, 21): 0.2230, 4.4100, 54.9050, 0.1895
(28, 22): 0.1620, 4.4100, 24.2298, 0.2319
(28, 23): nan, nan, nan, 0.0000
(28, 24): nan, nan, nan, 0.0000
(28, 25): nan, nan, nan, 0.0000
(28, 26): nan, nan, nan, 0.0000
(28, 27): nan, nan, nan, 0.0000
(29, 1): nan, nan, nan, 0.0000
(29, 2): 0.1854, 4.4100, 57.7802, 0.1943
(29, 3): 0.1573, 4.4300, 65.0021, 0.1805
(29, 4): 0.1533, 4.4300, 56.7989, 0.2029
(29, 5): 0.1920, 4.4200, 44.1558, 0.2263
(29, 6): 0.2119, 4.4200, 61.2740, 0.1796
(29, 7): 0.1996, 4.4100, 49.2273, 0.1800
(29, 8): 0.1057, 4.4100, 4.9397, 0.3825
(29, 9): nan, nan, nan, 0.0000
(29, 10): nan, nan, nan, 0.0000
(29, 11): nan, nan, nan, 0.0000
(29, 12): nan, nan, nan, 0.0000
(29, 13): nan, nan, nan, 0.0000
(29, 14): nan, nan, nan, 0.0000
(29, 15): 0.0787, 4.4200, 10.4136, 0.3108
(29, 16): 0.1223, 4.4100, 27.0814, 0.2287
(29, 17): 0.1149, 4.4100, 4.9515, 0.3756
(29, 18): 0.1808, 4.4100, 45.5698, 0.1973
(29, 19): 0.1928, 4.4200, 57.6238, 0.1876
(29, 20): 0.2016, 4.4200, 55.8849, 0.1789
(29, 21): 0.2461, 4.4200, 52.7728, 0.1844
(29, 22): 0.1373, 4.4100, 12.8919, 0.2933
(29, 23): nan, nan, nan, 0.0000
(29, 24): nan, nan, nan, 0.0000
(29, 25): nan, nan, nan, 0.0000
(29, 26): nan, nan, nan, 0.0000
(29, 27): nan, nan, nan, 0.0000
(30, 1): nan, nan, nan, 0.0000
(30, 2): 0.1232, 4.4100, 37.6649, 0.1986
(30, 3): 0.0425, 4.4100, 19.0888, 0.2514
(30, 4): 0.0505, 4.4100, 15.4892, 0.2645
(30, 5): 0.1640, 4.4100, 55.0661, 0.2150
(30, 6): 0.1751, 4.4100, 49.4284, 0.1936
(30, 7): 0.1177, 4.4100, 14.6345, 0.2574
(30, 8): nan, nan, nan, 0.0000
(30, 9): nan, nan, nan, 0.0000
(30, 10): nan, nan, nan, 0.0000
(30, 11): nan, nan, nan, 0.0000
(30, 12): nan, nan, nan, 0.0000
(30, 13): nan, nan, nan, 0.0000
(30, 14): nan, nan, nan, 0.0000
(30, 15): nan, nan, nan, 0.0000
(30, 16): nan, nan, nan, 0.0000
(30, 17): nan, nan, nan, 0.0000
(30, 18): nan, nan, nan, 0.0000
(30, 19): 0.0970, 4.4200, 13.8891, 0.2723
(30, 20): 0.2223, 4.4100, 46.0934, 0.1967
(30, 21): 0.2335, 4.4200, 50.8109, 0.1828
(30, 22): 0.1869, 4.4100, 15.8279, 0.2585
(30, 23): nan, nan, nan, 0.0000
(30, 24): nan, nan, nan, 0.0000
(30, 25): nan, nan, nan, 0.0000
(30, 26): nan, nan, nan, 0.0000
(30, 27): nan, nan, nan, 0.0000
(31, 1): nan, nan, nan, 0.0000
(31, 2): nan, nan, nan, 0.0000
(31, 3): nan, nan, nan, 0.0000
(31, 4): nan, nan, nan, 0.0000
(31, 5): nan, nan, nan, 0.0000
(31, 6): nan, nan, nan, 0.0000
(31, 7): nan, nan, nan, 0.0000
(31, 8): nan, nan, nan, 0.0000
(31, 9): nan, nan, nan, 0.0000
(31, 10): nan, nan, nan, 0.0000
(31, 11): nan, nan, nan, 0.0000
(31, 12): nan, nan, nan, 0.0000
(31, 13): nan, nan, nan, 0.0000
(31, 14): nan, nan, nan, 0.0000
(31, 15): nan, nan, nan, 0.0000
(31, 16): nan, nan, nan, 0.0000
(31, 17): nan, nan, nan, 0.0000
(31, 18): nan, nan, nan, 0.0000
(31, 19): 0.1341, 4.4200, 9.6945, 0.2877
(31, 20): 0.2215, 4.4100, 52.5211, 0.1787
(31, 21): 0.1397, 4.4400, 13.2313, 0.2708
(31, 22): nan, nan, nan, 0.0000
(31, 23): nan, nan, nan, 0.0000
(31, 24): nan, nan, nan, 0.0000
(31, 25): nan, nan, nan, 0.0000
(31, 26): nan, nan, nan, 0.0000
(31, 27): nan, nan, nan, 0.0000
(32, 1): nan, nan, nan, 0.0000
(32, 2): nan, nan, nan, 0.0000
(32, 3): nan, nan, nan, 0.0000
(32, 4): nan, nan, nan, 0.0000
(32, 5): nan, nan, nan, 0.0000
(32, 6): nan, nan, nan, 0.0000
(32, 7): nan, nan, nan, 0.0000
(32, 8): nan, nan, nan, 0.0000
(32, 9): nan, nan, nan, 0.0000
(32, 10): nan, nan, nan, 0.0000
(32, 11): nan, nan, nan, 0.0000
(32, 12): nan, nan, nan, 0.0000
(32, 13): nan, nan, nan, 0.0000
(32, 14): nan, nan, nan, 0.0000
(32, 15): nan, nan, nan, 0.0000
(32, 16): nan, nan, nan, 0.0000
(32, 17): nan, nan, nan, 0.0000
(32, 18): nan, nan, nan, 0.0000
(32, 19): 0.1540, 4.4200, 14.1122, 0.2546
(32, 20): 0.2364, 4.4100, 61.0205, 0.2161
(32, 21): 0.1775, 4.4100, 42.3227, 0.1995
(32, 22): 0.1357, 4.4100, 9.7363, 0.2976
(32, 23): nan, nan, nan, 0.0000
(32, 24): nan, nan, nan, 0.0000
(32, 25): nan, nan, nan, 0.0000
(32, 26): nan, nan, nan, 0.0000
(32, 27): nan, nan, nan, 0.0000
(33, 1): nan, nan, nan, 0.0000
(33, 2): nan, nan, nan, 0.0000
(33, 3): nan, nan, nan, 0.0000
(33, 4): nan, nan, nan, 0.0000
(33, 5): nan, nan, nan, 0.0000
(33, 6): nan, nan, nan, 0.0000
(33, 7): nan, nan, nan, 0.0000
(33, 8): nan, nan, nan, 0.0000
(33, 9): nan, nan, nan, 0.0000
(33, 10): nan, nan, nan, 0.0000
(33, 11): nan, nan, nan, 0.0000
(33, 12): nan, nan, nan, 0.0000
(33, 13): nan, nan, nan, 0.0000
(33, 14): nan, nan, nan, 0.0000
(33, 15): nan, nan, nan, 0.0000
(33, 16): nan, nan, nan, 0.0000
(33, 17): nan, nan, nan, 0.0000
(33, 18): nan, nan, nan, 0.0000
(33, 19): 0.2117, 4.4300, 38.0383, 0.1844
(33, 20): 0.2463, 4.4100, 61.8203, 0.1824
(33, 21): 0.2420, 4.4300, 60.6787, 0.1969
(33, 22): 0.1714, 4.4200, 26.2984, 0.2282
(33, 23): nan, nan, nan, 0.0000
(33, 24): nan, nan, nan, 0.0000
(33, 25): nan, nan, nan, 0.0000
(33, 26): nan, nan, nan, 0.0000
(33, 27): nan, nan, nan, 0.0000
(34, 1): nan, nan, nan, 0.0000
(34, 2): nan, nan, nan, 0.0000
(34, 3): nan, nan, nan, 0.0000
(34, 4): nan, nan, nan, 0.0000
(34, 5): nan, nan, nan, 0.0000
(34, 6): nan, nan, nan, 0.0000
(34, 7): nan, nan, nan, 0.0000
(34, 8): nan, nan, nan, 0.0000
(34, 9): nan, nan, nan, 0.0000
(34, 10): nan, nan, nan, 0.0000
(34, 11): nan, nan, nan, 0.0000
(34, 12): nan, nan, nan, 0.0000
(34, 13): nan, nan, nan, 0.0000
(34, 14): nan, nan, nan, 0.0000
(34, 15): nan, nan, nan, 0.0000
(34, 16): nan, nan, nan, 0.0000
(34, 17): nan, nan, nan, 0.0000
(34, 18): nan, nan, nan, 0.0000
(34, 19): 0.1908, 4.4100, 33.8577, 0.2038
(34, 20): 0.2097, 4.4500, 63.5900, 0.1703
(34, 21): 0.1903, 4.4100, 65.5798, 0.1774
(34, 22): 0.1065, 4.4100, 10.2501, 0.2829
(34, 23): nan, nan, nan, 0.0000
(34, 24): nan, nan, nan, 0.0000
(34, 25): nan, nan, nan, 0.0000
(34, 26): nan, nan, nan, 0.0000
(34, 27): nan, nan, nan, 0.0000
(35, 1): nan, nan, nan, 0.0000
(35, 2): nan, nan, nan, 0.0000
(35, 3): nan, nan, nan, 0.0000
(35, 4): nan, nan, nan, 0.0000
(35, 5): nan, nan, nan, 0.0000
(35, 6): nan, nan, nan, 0.0000
(35, 7): nan, nan, nan, 0.0000
(35, 8): nan, nan, nan, 0.0000
(35, 9): nan, nan, nan, 0.0000
(35, 10): nan, nan, nan, 0.0000
(35, 11): nan, nan, nan, 0.0000
(35, 12): nan, nan, nan, 0.0000
(35, 13): nan, nan, nan, 0.0000
(35, 14): nan, nan, nan, 0.0000
(35, 15): nan, nan, nan, 0.0000
(35, 16): nan, nan, nan, 0.0000
(35, 17): nan, nan, nan, 0.0000
(35, 18): nan, nan, nan, 0.0000
(35, 19): nan, nan, nan, 0.0000
(35, 20): nan, nan, nan, 0.0000
(35, 21): nan, nan, nan, 0.0000
(35, 22): nan, nan, nan, 0.0000
(35, 23): nan, nan, nan, 0.0000
(35, 24): nan, nan, nan, 0.0000
(35, 25): nan, nan, nan, 0.0000
(35, 26): nan, nan, nan, 0.0000
(35, 27): nan, nan, nan, 0.0000
(36, 1): nan, nan, nan, 0.0000
(36, 2): nan, nan, nan, 0.0000
(36, 3): nan, nan, nan, 0.0000
(36, 4): nan, nan, nan, 0.0000
(36, 5): nan, nan, nan, 0.0000
(36, 6): nan, nan, nan, 0.0000
(36, 7): nan, nan, nan, 0.0000
(36, 8): nan, nan, nan, 0.0000
(36, 9): nan, nan, nan, 0.0000
(36, 10): nan, nan, nan, 0.0000
(36, 11): nan, nan, nan, 0.0000
(36, 12): nan, nan, nan, 0.0000
(36, 13): nan, nan, nan, 0.0000
(36, 14): nan, nan, nan, 0.0000
(36, 15): nan, nan, nan, 0.0000
(36, 16): nan, nan, nan, 0.0000
(36, 17): nan, nan, nan, 0.0000
(36, 18): nan, nan, nan, 0.0000
(36, 19): nan, nan, nan, 0.0000
(36, 20): nan, nan, nan, 0.0000
(36, 21): nan, nan, nan, 0.0000
(36, 22): nan, nan, nan, 0.0000
(36, 23): nan, nan, nan, 0.0000
(36, 24): nan, nan, nan, 0.0000
(36, 25): nan, nan, nan, 0.0000
(36, 26): nan, nan, nan, 0.0000
(36, 27): nan, nan, nan, 0.0000
(37, 1): nan, nan, nan, 0.0000
(37, 2): nan, nan, nan, 0.0000
(37, 3): nan, nan, nan, 0.0000
(37, 4): nan, nan, nan, 0.0000
(37, 5): nan, nan, nan, 0.0000
(37, 6): nan, nan, nan, 0.0000
(37, 7): nan, nan, nan, 0.0000
(37, 8): nan, nan, nan, 0.0000
(37, 9): nan, nan, nan, 0.0000
(37, 10): nan, nan, nan, 0.0000
(37, 11): nan, nan, nan, 0.0000
(37, 12): nan, nan, nan, 0.0000
(37, 13): nan, nan, nan, 0.0000
(37, 14): nan, nan, nan, 0.0000
(37, 15): nan, nan, nan, 0.0000
(37, 16): nan, nan, nan, 0.0000
(37, 17): nan, nan, nan, 0.0000
(37, 18): nan, nan, nan, 0.0000
(37, 19): nan, nan, nan, 0.0000
(37, 20): nan, nan, nan, 0.0000
(37, 21): nan, nan, nan, 0.0000
(37, 22): nan, nan, nan, 0.0000
(37, 23): nan, nan, nan, 0.0000
(37, 24): nan, nan, nan, 0.0000
(37, 25): nan, nan, nan, 0.0000
(37, 26): nan, nan, nan, 0.0000
(37, 27): nan, nan, nan, 0.0000
