(1, 1): 0.1123, 4.4100, 5.1115
(1, 2): 0.1123, 4.4100, 5.1115
(1, 3): 0.1123, 4.4100, 5.1115
(1, 4): 0.1123, 4.4100, 5.1115
(1, 5): 0.1360, 4.4100, 22.2092
(1, 6): 0.1360, 4.4100, 22.2092
(1, 7): 0.1360, 4.4100, 22.2092
(1, 8): 0.1360, 4.4100, 22.2092
(1, 9): 0.0888, 4.4100, 14.4257
(1, 10): 0.0888, 4.4100, 14.4257
(1, 11): 0.0888, 4.4100, 14.4257
(1, 12): 0.0888, 4.4100, 14.4257
(1, 13): 0.0888, 4.4100, 14.4257
(1, 14): 0.0456, 4.4500, 20.5755
(1, 15): 0.0456, 4.4500, 20.5755
(1, 16): 0.0456, 4.4500, 20.5755
(1, 17): 0.0680, 4.4100, 19.6927
(1, 18): 0.0595, 4.4400, 9.7272
(1, 19): 0.0776, 4.4200, 9.5455
(1, 20): 0.0776, 4.4200, 9.5455
(1, 21): 0.1084, 4.4100, 10.7594
(1, 22): 0.1084, 4.4100, 10.7594
(1, 23): 0.1559, 4.4700, 54.7830
(1, 24): 0.2400, 4.4100, 41.8750
(1, 25): 0.2400, 4.4100, 41.8750
(1, 26): 0.2400, 4.4100, 41.8750
(1, 27): 0.0810, 4.4200, 9.3065
(2, 1): 0.1123, 4.4100, 5.1115
(2, 2): 0.1123, 4.4100, 5.1115
(2, 3): 0.1123, 4.4100, 5.1115
(2, 4): 0.1123, 4.4100, 5.1115
(2, 5): 0.1123, 4.4100, 5.1115
(2, 6): 0.1360, 4.4100, 22.2092
(2, 7): 0.1360, 4.4100, 22.2092
(2, 8): 0.1360, 4.4100, 22.2092
(2, 9): 0.1360, 4.4100, 22.2092
(2, 10): 0.0888, 4.4100, 14.4257
(2, 11): 0.0888, 4.4100, 14.4257
(2, 12): 0.0888, 4.4100, 14.4257
(2, 13): 0.0888, 4.4100, 14.4257
(2, 14): 0.1181, 4.4100, 32.1690
(2, 15): 0.0456, 4.4500, 20.5755
(2, 16): 0.0456, 4.4500, 20.5755
(2, 17): 0.0680, 4.4100, 19.6927
(2, 18): 0.0595, 4.4400, 9.7272
(2, 19): 0.0776, 4.4200, 9.5455
(2, 20): 0.0776, 4.4200, 9.5455
(2, 21): 0.1084, 4.4100, 10.7594
(2, 22): 0.0993, 4.4300, 40.6600
(2, 23): 0.1559, 4.4700, 54.7830
(2, 24): 0.2400, 4.4100, 41.8750
(2, 25): 0.2400, 4.4100, 41.8750
(2, 26): 0.0810, 4.4200, 9.3065
(2, 27): 0.0810, 4.4200, 9.3065
(3, 1): 0.1123, 4.4100, 5.1115
(3, 2): 0.1123, 4.4100, 5.1115
(3, 3): 0.1123, 4.4100, 5.1115
(3, 4): 0.1123, 4.4100, 5.1115
(3, 5): 0.1123, 4.4100, 5.1115
(3, 6): 0.1123, 4.4100, 5.1115
(3, 7): 0.1360, 4.4100, 22.2092
(3, 8): 0.1360, 4.4100, 22.2092
(3, 9): 0.1360, 4.4100, 22.2092
(3, 10): 0.1360, 4.4100, 22.2092
(3, 11): 0.0888, 4.4100, 14.4257
(3, 12): 0.0888, 4.4100, 14.4257
(3, 13): 0.0888, 4.4100, 14.4257
(3, 14): 0.1181, 4.4100, 32.1690
(3, 15): 0.1244, 4.4100, 14.1859
(3, 16): 0.0456, 4.4500, 20.5755
(3, 17): 0.0680, 4.4100, 19.6927
(3, 18): 0.0595, 4.4400, 9.7272
(3, 19): 0.0472, 4.4200, 18.1287
(3, 20): 0.0680, 4.4200, 9.2538
(3, 21): 0.0468, 4.4100, 15.1090
(3, 22): 0.0993, 4.4300, 40.6600
(3, 23): 0.1559, 4.4700, 54.7830
(3, 24): 0.2400, 4.4100, 41.8750
(3, 25): 0.1953, 4.4300, 37.4326
(3, 26): 0.0810, 4.4200, 9.3065
(3, 27): 0.0810, 4.4200, 9.3065
(4, 1): 0.1123, 4.4100, 5.1115
(4, 2): 0.1123, 4.4100, 5.1115
(4, 3): 0.1123, 4.4100, 5.1115
(4, 4): 0.1123, 4.4100, 5.1115
(4, 5): 0.1123, 4.4100, 5.1115
(4, 6): 0.1123, 4.4100, 5.1115
(4, 7): 0.1123, 4.4100, 5.1115
(4, 8): 0.1360, 4.4100, 22.2092
(4, 9): 0.1360, 4.4100, 22.2092
(4, 10): 0.1360, 4.4100, 22.2092
(4, 11): 0.1360, 4.4100, 22.2092
(4, 12): 0.0888, 4.4100, 14.4257
(4, 13): 0.0888, 4.4100, 14.4257
(4, 14): 0.1181, 4.4100, 32.1690
(4, 15): 0.1244, 4.4100, 14.1859
(4, 16): 0.0734, 4.4200, 15.2167
(4, 17): 0.0587, 4.4200, 15.3772
(4, 18): 0.1254, 4.4388, 42.7904
(4, 19): 0.1156, 4.4300, 50.8645
(4, 20): 0.1403, 4.4300, 61.9303
(4, 21): 0.1596, 4.4300, 65.8686
(4, 22): 0.1596, 4.4700, 60.0264
(4, 23): 0.1399, 4.4100, 60.3248
(4, 24): 0.1896, 4.4300, 61.1323
(4, 25): 0.1953, 4.4300, 37.4326
(4, 26): 0.0810, 4.4200, 9.3065
(4, 27): 0.0611, 4.4100, 17.9079
(5, 1): 0.1123, 4.4100, 5.1115
(5, 2): 0.1123, 4.4100, 5.1115
(5, 3): 0.1123, 4.4100, 5.1115
(5, 4): 0.1123, 4.4100, 5.1115
(5, 5): 0.1123, 4.4100, 5.1115
(5, 6): 0.1123, 4.4100, 5.1115
(5, 7): 0.1123, 4.4100, 5.1115
(5, 8): 0.1123, 4.4100, 5.1115
(5, 9): 0.1360, 4.4100, 22.2092
(5, 10): 0.1360, 4.4100, 22.2092
(5, 11): 0.1360, 4.4100, 22.2092
(5, 12): 0.0934, 4.4200, 19.0180
(5, 13): 0.0934, 4.4200, 19.0180
(5, 14): 0.0934, 4.4200, 19.0180
(5, 15): 0.1244, 4.4100, 14.1859
(5, 16): 0.1355, 4.4200, 35.5524
(5, 17): 0.1903, 4.4100, 62.4454
(5, 18): 0.1379, 4.4200, 64.0041
(5, 19): 0.1250, 4.4100, 64.9693
(5, 20): 0.1508, 4.4300, 67.4115
(5, 21): 0.1261, 4.4200, 66.7581
(5, 22): 0.1660, 4.4100, 53.9862
(5, 23): 0.1557, 4.4200, 59.5931
(5, 24): 0.1851, 4.4200, 61.5028
(5, 25): 0.2134, 4.4100, 58.4078
(5, 26): 0.2008, 4.4100, 53.3748
(5, 27): 0.0611, 4.4100, 17.9079
(6, 1): 0.1123, 4.4100, 5.1115
(6, 2): 0.1123, 4.4100, 5.1115
(6, 3): 0.1123, 4.4100, 5.1115
(6, 4): 0.1123, 4.4100, 5.1115
(6, 5): 0.1123, 4.4100, 5.1115
(6, 6): 0.1123, 4.4100, 5.1115
(6, 7): 0.1123, 4.4100, 5.1115
(6, 8): 0.1123, 4.4100, 5.1115
(6, 9): 0.1123, 4.4100, 5.1115
(6, 10): 0.1360, 4.4100, 22.2092
(6, 11): 0.1360, 4.4100, 22.2092
(6, 12): 0.0728, 4.4100, 10.7030
(6, 13): 0.0934, 4.4200, 19.0180
(6, 14): 0.1766, 4.4100, 39.2131
(6, 15): 0.1766, 4.4100, 39.2131
(6, 16): 0.2144, 4.4100, 58.6448
(6, 17): 0.2023, 4.4200, 60.5497
(6, 18): 0.1577, 4.4100, 65.2345
(6, 19): 0.1597, 4.4900, 64.8423
(6, 20): 0.1634, 4.4100, 67.2632
(6, 21): 0.1376, 4.4100, 63.6375
(6, 22): 0.1439, 4.4200, 57.7165
(6, 23): 0.1461, 4.4500, 64.2828
(6, 24): 0.1825, 4.4100, 60.5658
(6, 25): 0.1832, 4.4100, 59.4882
(6, 26): 0.2052, 4.4100, 57.4375
(6, 27): 0.1056, 4.4200, 20.6037
(7, 1): 0.1123, 4.4100, 5.1115
(7, 2): 0.1123, 4.4100, 5.1115
(7, 3): 0.1123, 4.4100, 5.1115
(7, 4): 0.1123, 4.4100, 5.1115
(7, 5): 0.1123, 4.4100, 5.1115
(7, 6): 0.1123, 4.4100, 5.1115
(7, 7): 0.1123, 4.4100, 5.1115
(7, 8): 0.1123, 4.4100, 5.1115
(7, 9): 0.1123, 4.4100, 5.1115
(7, 10): 0.1123, 4.4100, 5.1115
(7, 11): 0.1655, 4.4100, 21.3321
(7, 12): 0.1655, 4.4100, 21.3321
(7, 13): 0.0728, 4.4100, 10.7030
(7, 14): 0.2946, 4.4100, 51.5804
(7, 15): 0.2946, 4.4100, 51.5804
(7, 16): 0.1945, 4.4300, 59.7837
(7, 17): 0.1908, 4.4100, 61.4608
(7, 18): 0.1956, 4.4100, 60.3414
(7, 19): 0.1804, 4.4100, 63.9360
(7, 20): 0.1705, 4.4400, 67.7246
(7, 21): 0.1434, 4.4300, 62.9492
(7, 22): 0.1562, 4.4400, 63.1103
(7, 23): 0.1601, 4.4400, 66.4516
(7, 24): 0.1834, 4.4200, 61.8655
(7, 25): 0.1834, 4.4300, 60.6284
(7, 26): 0.1941, 4.4100, 57.3018
(7, 27): 0.1564, 4.4100, 36.2338
(8, 1): 0.2121, 4.4100, 30.7523
(8, 2): 0.2121, 4.4100, 30.7523
(8, 3): 0.2121, 4.4100, 30.7523
(8, 4): 0.2121, 4.4100, 30.7523
(8, 5): 0.2121, 4.4100, 30.7523
(8, 6): 0.2121, 4.4100, 30.7523
(8, 7): 0.2121, 4.4100, 30.7523
(8, 8): 0.2121, 4.4100, 30.7523
(8, 9): 0.2121, 4.4100, 30.7523
(8, 10): 0.2121, 4.4100, 30.7523
(8, 11): 0.2088, 4.4100, 28.1290
(8, 12): 0.2088, 4.4100, 28.1290
(8, 13): 0.1285, 4.4200, 17.5847
(8, 14): 0.1285, 4.4200, 17.5847
(8, 15): 0.2237, 4.4100, 58.4779
(8, 16): 0.2292, 4.4100, 57.6535
(8, 17): 0.2111, 4.4100, 59.1524
(8, 18): 0.1924, 4.4200, 60.9280
(8, 19): 0.1828, 4.4200, 64.5300
(8, 20): 0.1800, 4.4100, 63.7762
(8, 21): 0.1732, 4.4100, 63.5472
(8, 22): 0.1883, 4.4100, 66.4306
(8, 23): 0.1716, 4.4200, 67.0909
(8, 24): 0.1893, 4.4200, 62.9291
(8, 25): 0.1940, 4.4300, 59.8313
(8, 26): 0.1794, 4.4400, 58.0568
(8, 27): 0.1628, 4.4100, 34.5718
(9, 1): 0.1995, 4.4200, 32.5070
(9, 2): 0.1995, 4.4200, 32.5070
(9, 3): 0.1995, 4.4200, 32.5070
(9, 4): 0.1995, 4.4200, 32.5070
(9, 5): 0.1995, 4.4200, 32.5070
(9, 6): 0.1995, 4.4200, 32.5070
(9, 7): 0.1995, 4.4200, 32.5070
(9, 8): 0.1995, 4.4200, 32.5070
(9, 9): 0.1995, 4.4200, 32.5070
(9, 10): 0.1995, 4.4200, 32.5070
(9, 11): 0.1257, 4.4100, 5.2913
(9, 12): 0.2344, 4.4100, 32.7846
(9, 13): 0.2344, 4.4100, 32.7846
(9, 14): 0.1285, 4.4200, 17.5847
(9, 15): 0.2574, 4.4100, 48.6077
(9, 16): 0.2516, 4.4200, 57.1424
(9, 17): 0.2270, 4.4100, 58.9088
(9, 18): 0.2226, 4.4400, 59.5606
(9, 19): 0.1932, 4.4300, 64.1339
(9, 20): 0.1854, 4.4100, 60.3014
(9, 21): 0.1750, 4.4100, 66.1283
(9, 22): 0.2157, 4.4200, 63.6515
(9, 23): 0.1918, 4.4200, 65.0955
(9, 24): 0.1837, 4.4100, 64.4407
(9, 25): 0.1947, 4.4200, 59.7848
(9, 26): 0.2131, 4.4300, 58.3210
(9, 27): 0.0849, 4.4200, 14.2997
(10, 1): 0.2553, 4.4100, 32.7888
(10, 2): 0.2553, 4.4100, 32.7888
(10, 3): 0.2553, 4.4100, 32.7888
(10, 4): 0.2553, 4.4100, 32.7888
(10, 5): 0.2553, 4.4100, 32.7888
(10, 6): 0.2553, 4.4100, 32.7888
(10, 7): 0.2553, 4.4100, 32.7888
(10, 8): 0.2553, 4.4100, 32.7888
(10, 9): 0.2553, 4.4100, 32.7888
(10, 10): 0.2553, 4.4100, 32.7888
(10, 11): 0.1029, 4.4200, 14.5725
(10, 12): 0.2344, 4.4100, 32.7846
(10, 13): 0.1034, 4.4100, 18.1219
(10, 14): 0.1042, 4.4100, 4.8194
(10, 15): 0.2361, 4.4200, 50.1533
(10, 16): 0.2209, 4.4100, 56.8038
(10, 17): 0.2273, 4.4500, 57.4964
(10, 18): 0.2011, 4.4100, 61.1701
(10, 19): 0.1971, 4.4100, 62.3390
(10, 20): 0.1974, 4.4300, 58.3914
(10, 21): 0.1948, 4.4100, 65.3121
(10, 22): 0.2238, 4.4100, 62.4354
(10, 23): 0.2171, 4.4300, 62.8603
(10, 24): 0.2053, 4.4500, 61.3396
(10, 25): 0.2125, 4.4100, 60.5517
(10, 26): 0.2279, 4.4200, 57.5976
(10, 27): 0.2279, 4.4200, 57.5976
(11, 1): 0.1464, 4.4100, 14.8747
(11, 2): 0.2466, 4.4100, 44.0410
(11, 3): 0.2466, 4.4100, 44.0410
(11, 4): 0.2466, 4.4100, 44.0410
(11, 5): 0.2466, 4.4100, 44.0410
(11, 6): 0.2466, 4.4100, 44.0410
(11, 7): 0.2466, 4.4100, 44.0410
(11, 8): 0.2466, 4.4100, 44.0410
(11, 9): 0.2466, 4.4100, 44.0410
(11, 10): 0.2466, 4.4100, 44.0410
(11, 11): 0.2911, 4.4100, 52.8997
(11, 12): 0.2896, 4.4100, 52.4191
(11, 13): 0.1034, 4.4100, 18.1219
(11, 14): 0.1034, 4.4100, 18.1219
(11, 15): 0.2361, 4.4200, 50.1533
(11, 16): 0.0716, 4.4100, 9.9565
(11, 17): 0.2184, 4.4100, 56.9461
(11, 18): 0.1964, 4.4100, 62.3476
(11, 19): 0.2067, 4.4500, 58.4424
(11, 20): 0.2161, 4.4300, 57.0827
(11, 21): 0.2009, 4.4300, 62.4169
(11, 22): 0.1946, 4.4100, 62.9955
(11, 23): 0.2115, 4.4100, 59.5193
(11, 24): 0.2064, 4.4100, 61.1299
(11, 25): 0.1911, 4.4096, 61.9022
(11, 26): 0.2135, 4.4100, 57.7451
(11, 27): 0.2135, 4.4100, 57.7451
(12, 1): 0.1464, 4.4100, 14.8747
(12, 2): 0.1464, 4.4100, 14.8747
(12, 3): 0.1464, 4.4100, 14.8747
(12, 4): 0.1464, 4.4100, 14.8747
(12, 5): 0.2374, 4.4100, 54.6358
(12, 6): 0.2374, 4.4100, 54.6358
(12, 7): 0.2374, 4.4100, 54.6358
(12, 8): 0.2374, 4.4100, 54.6358
(12, 9): 0.2374, 4.4100, 54.6358
(12, 10): 0.2374, 4.4100, 54.6358
(12, 11): 0.2398, 4.4500, 58.0591
(12, 12): 0.2589, 4.4100, 56.1167
(12, 13): 0.2120, 4.4100, 45.8041
(12, 14): 0.1478, 4.4200, 30.5083
(12, 15): 0.1478, 4.4200, 30.5083
(12, 16): 0.1274, 4.4100, 17.1928
(12, 17): 0.1990, 4.4100, 57.6332
(12, 18): 0.1965, 4.4100, 60.8143
(12, 19): 0.1915, 4.4200, 57.4347
(12, 20): 0.1959, 4.4200, 61.4378
(12, 21): 0.2038, 4.4400, 62.0780
(12, 22): 0.2109, 4.4200, 60.5269
(12, 23): 0.2248, 4.4500, 58.2923
(12, 24): 0.2354, 4.4200, 50.4653
(12, 25): 0.1099, 4.4200, 18.4941
(12, 26): 0.1149, 4.4400, 18.3895
(12, 27): 0.1149, 4.4400, 18.3895
(13, 1): 0.1464, 4.4100, 14.8747
(13, 2): 0.1464, 4.4100, 14.8747
(13, 3): 0.1464, 4.4100, 14.8747
(13, 4): 0.1464, 4.4100, 14.8747
(13, 5): 0.1464, 4.4100, 14.8747
(13, 6): 0.1464, 4.4100, 14.8747
(13, 7): 0.1464, 4.4100, 14.8747
(13, 8): 0.2395, 4.4200, 60.5873
(13, 9): 0.2395, 4.4200, 60.5873
(13, 10): 0.2395, 4.4200, 60.5873
(13, 11): 0.2447, 4.4200, 60.4981
(13, 12): 0.2285, 4.4100, 57.5856
(13, 13): 0.1960, 4.4100, 47.7139
(13, 14): 0.1219, 4.4100, 9.7505
(13, 15): 0.1219, 4.4100, 9.7505
(13, 16): 0.0480, 4.4100, 10.0236
(13, 17): 0.1623, 4.4100, 47.6237
(13, 18): 0.1493, 4.4300, 54.5139
(13, 19): 0.1714, 4.4100, 60.9064
(13, 20): 0.1983, 4.4200, 60.8081
(13, 21): 0.2120, 4.4100, 59.4036
(13, 22): 0.2146, 4.4100, 58.2641
(13, 23): 0.2149, 4.4100, 58.8890
(13, 24): 0.2268, 4.4100, 50.0326
(13, 25): 0.1043, 4.4200, 5.0908
(13, 26): 0.1149, 4.4400, 18.3895
(13, 27): 0.1912, 4.4100, 4.6061
(14, 1): 0.1464, 4.4100, 14.8747
(14, 2): 0.1464, 4.4100, 14.8747
(14, 3): 0.1464, 4.4100, 14.8747
(14, 4): 0.1464, 4.4100, 14.8747
(14, 5): 0.1464, 4.4100, 14.8747
(14, 6): 0.1464, 4.4100, 14.8747
(14, 7): 0.1464, 4.4100, 14.8747
(14, 8): 0.1464, 4.4100, 14.8747
(14, 9): 0.2681, 4.4100, 60.7308
(14, 10): 0.2681, 4.4100, 60.7308
(14, 11): 0.2442, 4.4100, 62.3975
(14, 12): 0.2210, 4.4500, 59.7025
(14, 13): 0.0283, 4.4100, 6.1549
(14, 14): 0.1219, 4.4100, 9.7505
(14, 15): 0.0623, 4.4100, 5.6022
(14, 16): 0.3505, 4.4100, 37.3077
(14, 17): 0.2366, 4.4100, 58.4220
(14, 18): 0.1950, 4.4600, 58.9320
(14, 19): 0.1860, 4.4200, 63.1557
(14, 20): 0.2184, 4.4100, 59.8690
(14, 21): 0.1983, 4.4100, 59.5897
(14, 22): 0.1991, 4.4100, 59.8793
(14, 23): 0.1869, 4.4200, 60.1085
(14, 24): 0.2035, 4.4097, 52.6752
(14, 25): 0.1569, 4.4200, 32.0323
(14, 26): 0.1982, 4.4300, 33.8860
(14, 27): 0.1912, 4.4100, 4.6061
(15, 1): 0.0370, 4.4100, 6.0358
(15, 2): 0.0370, 4.4100, 6.0358
(15, 3): 0.0370, 4.4100, 6.0358
(15, 4): 0.1464, 4.4100, 14.8747
(15, 5): 0.1464, 4.4100, 14.8747
(15, 6): 0.1464, 4.4100, 14.8747
(15, 7): 0.1464, 4.4100, 14.8747
(15, 8): 0.1464, 4.4100, 14.8747
(15, 9): 0.1464, 4.4100, 14.8747
(15, 10): 0.2841, 4.4300, 59.8935
(15, 11): 0.2430, 4.4500, 62.9583
(15, 12): 0.2463, 4.4500, 61.9667
(15, 13): 0.1131, 4.4100, 24.5446
(15, 14): 0.0595, 4.4100, 5.5275
(15, 15): 0.1934, 4.4100, 50.9956
(15, 16): 0.1765, 4.4100, 63.6517
(15, 17): 0.1869, 4.4100, 59.5461
(15, 18): 0.1721, 4.4100, 55.3377
(15, 19): 0.1897, 4.4200, 64.2217
(15, 20): 0.1841, 4.4100, 61.9396
(15, 21): 0.1739, 4.4200, 60.8776
(15, 22): 0.1867, 4.4300, 59.6162
(15, 23): 0.1949, 4.4200, 58.1942
(15, 24): 0.2004, 4.4100, 57.4078
(15, 25): 0.1870, 4.4300, 60.4049
(15, 26): 0.2310, 4.4100, 55.7766
(15, 27): 0.2174, 4.4100, 35.7941
(16, 1): 0.1563, 4.4100, 15.3520
(16, 2): 0.0370, 4.4100, 6.0358
(16, 3): 0.0370, 4.4100, 6.0358
(16, 4): 0.0370, 4.4100, 6.0358
(16, 5): 0.0370, 4.4100, 6.0358
(16, 6): 0.0370, 4.4100, 6.0358
(16, 7): 0.1684, 4.4100, 22.8743
(16, 8): 0.1684, 4.4100, 22.8743
(16, 9): 0.1684, 4.4100, 22.8743
(16, 10): 0.2692, 4.4300, 60.0942
(16, 11): 0.4095, 4.4100, 47.7161
(16, 12): 0.2673, 4.4100, 54.8942
(16, 13): 0.1134, 4.4100, 23.8752
(16, 14): 0.1884, 4.4200, 61.0087
(16, 15): 0.2776, 4.4292, 55.6407
(16, 16): 0.2072, 4.4200, 53.5897
(16, 17): 0.1382, 4.4100, 54.2752
(16, 18): 0.2050, 4.4100, 63.6857
(16, 19): 0.2000, 4.4189, 63.3986
(16, 20): 0.1939, 4.4100, 60.9172
(16, 21): 0.1810, 4.4100, 60.9566
(16, 22): 0.1649, 4.4497, 61.4684
(16, 23): 0.1598, 4.4100, 61.9810
(16, 24): 0.1806, 4.4100, 60.6644
(16, 25): 0.2120, 4.4100, 59.6895
(16, 26): 0.2024, 4.4100, 58.8817
(16, 27): 0.1769, 4.4100, 34.1549
(17, 1): 0.1563, 4.4100, 15.3520
(17, 2): 0.1563, 4.4100, 15.3520
(17, 3): 0.0580, 4.4100, 17.0710
(17, 4): 0.0370, 4.4100, 6.0358
(17, 5): 0.0370, 4.4100, 6.0358
(17, 6): 0.0370, 4.4100, 6.0358
(17, 7): 0.0370, 4.4100, 6.0358
(17, 8): 0.1876, 4.4200, 46.6126
(17, 9): 0.1876, 4.4200, 46.6126
(17, 10): 0.2116, 4.4500, 63.8922
(17, 11): 0.2593, 4.4300, 59.4983
(17, 12): 0.2625, 4.4100, 58.7101
(17, 13): 0.1576, 4.4100, 56.8245
(17, 14): 0.1670, 4.4100, 51.2037
(17, 15): 0.1904, 4.4300, 55.9001
(17, 16): 0.1733, 4.4200, 57.1728
(17, 17): 0.1497, 4.4400, 67.5376
(17, 18): 0.1891, 4.4089, 66.9218
(17, 19): 0.1940, 4.4100, 66.0012
(17, 20): 0.1816, 4.4200, 63.9920
(17, 21): 0.1660, 4.4600, 61.7732
(17, 22): 0.1568, 4.4300, 61.3365
(17, 23): 0.1644, 4.4300, 61.4709
(17, 24): 0.2068, 4.4400, 59.5485
(17, 25): 0.2165, 4.4200, 61.5459
(17, 26): 0.2003, 4.4100, 50.0326
(17, 27): 0.2003, 4.4100, 50.0326
(18, 1): 0.1563, 4.4100, 15.3520
(18, 2): 0.1563, 4.4100, 15.3520
(18, 3): 0.1563, 4.4100, 15.3520
(18, 4): 0.0580, 4.4100, 17.0710
(18, 5): 0.0580, 4.4100, 17.0710
(18, 6): 0.0370, 4.4100, 6.0358
(18, 7): 0.0370, 4.4100, 6.0358
(18, 8): 0.0370, 4.4100, 6.0358
(18, 9): 0.2168, 4.4100, 60.5903
(18, 10): 0.1883, 4.4200, 66.1622
(18, 11): 0.2062, 4.4300, 66.3522
(18, 12): 0.2096, 4.4100, 63.9114
(18, 13): 0.1823, 4.4300, 65.8590
(18, 14): 0.1855, 4.4100, 66.4961
(18, 15): 0.1800, 4.4400, 65.7578
(18, 16): 0.1778, 4.4100, 64.5078
(18, 17): 0.1756, 4.4200, 65.8686
(18, 18): 0.1632, 4.4700, 68.5178
(18, 19): 0.1834, 4.4100, 68.0013
(18, 20): 0.1851, 4.4100, 64.2348
(18, 21): 0.1749, 4.4200, 62.4814
(18, 22): 0.1649, 4.4100, 63.1950
(18, 23): 0.1909, 4.4600, 61.3034
(18, 24): 0.2242, 4.4200, 61.0028
(18, 25): 0.2323, 4.4200, 52.0296
(18, 26): 0.1618, 4.4200, 12.9988
(18, 27): 0.1618, 4.4200, 12.9988
(19, 1): 0.1563, 4.4100, 15.3520
(19, 2): 0.1563, 4.4100, 15.3520
(19, 3): 0.1563, 4.4100, 15.3520
(19, 4): 0.1563, 4.4100, 15.3520
(19, 5): 0.0580, 4.4100, 17.0710
(19, 6): 0.0580, 4.4100, 17.0710
(19, 7): 0.1705, 4.4100, 35.5591
(19, 8): 0.1705, 4.4100, 35.5591
(19, 9): 0.2102, 4.4100, 65.2706
(19, 10): 0.2152, 4.4300, 64.5018
(19, 11): 0.2191, 4.4300, 64.0678
(19, 12): 0.1954, 4.4200, 63.8893
(19, 13): 0.2386, 4.4100, 59.0011
(19, 14): 0.2062, 4.4100, 63.6035
(19, 15): 0.1638, 4.4100, 68.3952
(19, 16): 0.1801, 4.4100, 65.3376
(19, 17): 0.1967, 4.4300, 64.5473
(19, 18): 0.1898, 4.4400, 66.3138
(19, 19): 0.1965, 4.4200, 67.5841
(19, 20): 0.2028, 4.4400, 65.7819
(19, 21): 0.2057, 4.4400, 61.9759
(19, 22): 0.1933, 4.4200, 60.6979
(19, 23): 0.2073, 4.4100, 57.7296
(19, 24): 0.1836, 4.4500, 57.2800
(19, 25): 0.1824, 4.4200, 34.7211
(19, 26): 0.1159, 4.4100, 4.4069
(19, 27): 0.1159, 4.4100, 4.4069
(20, 1): 0.1488, 4.4200, 18.7572
(20, 2): 0.1563, 4.4100, 15.3520
(20, 3): 0.1563, 4.4100, 15.3520
(20, 4): 0.1563, 4.4100, 15.3520
(20, 5): 0.1563, 4.4100, 15.3520
(20, 6): 0.0580, 4.4100, 17.0710
(20, 7): 0.0580, 4.4100, 17.0710
(20, 8): 0.2739, 4.4100, 60.3119
(20, 9): 0.2036, 4.4100, 67.0752
(20, 10): 0.2063, 4.4100, 64.5094
(20, 11): 0.1963, 4.4100, 64.4047
(20, 12): 0.1867, 4.4200, 62.4031
(20, 13): 0.2615, 4.4400, 54.5872
(20, 14): 0.2514, 4.4200, 57.7280
(20, 15): 0.1675, 4.4200, 67.6093
(20, 16): 0.2046, 4.4200, 63.5103
(20, 17): 0.2137, 4.4200, 62.2029
(20, 18): 0.1858, 4.4100, 66.7312
(20, 19): 0.2232, 4.4400, 65.4307
(20, 20): 0.2053, 4.4100, 62.6746
(20, 21): 0.2006, 4.4200, 56.4051
(20, 22): 0.1967, 4.4200, 53.5060
(20, 23): 0.1820, 4.4100, 55.5149
(20, 24): 0.1775, 4.4100, 59.3941
(20, 25): 0.1688, 4.4400, 58.3700
(20, 26): 0.1092, 4.4200, 12.7297
(20, 27): 0.1092, 4.4200, 12.7297
(21, 1): 0.1544, 4.4100, 13.6006
(21, 2): 0.1488, 4.4200, 18.7572
(21, 3): 0.1488, 4.4200, 18.7572
(21, 4): 0.1563, 4.4100, 15.3520
(21, 5): 0.1563, 4.4100, 15.3520
(21, 6): 0.1563, 4.4100, 15.3520
(21, 7): 0.1999, 4.4100, 59.6136
(21, 8): 0.2321, 4.4600, 64.2744
(21, 9): 0.1706, 4.4200, 67.9363
(21, 10): 0.1956, 4.4100, 63.4908
(21, 11): 0.1808, 4.4200, 64.7016
(21, 12): 0.2023, 4.4200, 60.9486
(21, 13): 0.2223, 4.4100, 59.1206
(21, 14): 0.2005, 4.4100, 62.4544
(21, 15): 0.1917, 4.4600, 63.7421
(21, 16): 0.1931, 4.4200, 61.1432
(21, 17): 0.2202, 4.4200, 58.9245
(21, 18): 0.2080, 4.4100, 59.6292
(21, 19): 0.1849, 4.4100, 60.6827
(21, 20): 0.1822, 4.4200, 58.6751
(21, 21): 0.1529, 4.4100, 49.5328
(21, 22): 0.2414, 4.4100, 47.8238
(21, 23): 0.1882, 4.4100, 52.1011
(21, 24): 0.1214, 4.4100, 28.8270
(21, 25): 0.1214, 4.4100, 28.8270
(21, 26): 0.1092, 4.4200, 12.7297
(21, 27): 0.1092, 4.4200, 12.7297
(22, 1): 0.1544, 4.4100, 13.6006
(22, 2): 0.1544, 4.4100, 13.6006
(22, 3): 0.1488, 4.4200, 18.7572
(22, 4): 0.1488, 4.4200, 18.7572
(22, 5): 0.2097, 4.4100, 40.3208
(22, 6): 0.2097, 4.4100, 40.3208
(22, 7): 0.3012, 4.4100, 54.4875
(22, 8): 0.2417, 4.4100, 58.8983
(22, 9): 0.2440, 4.4400, 59.4444
(22, 10): 0.1979, 4.4800, 64.0638
(22, 11): 0.1745, 4.4100, 66.4540
(22, 12): 0.1924, 4.4200, 62.6590
(22, 13): 0.2076, 4.4100, 61.2397
(22, 14): 0.1764, 4.4500, 64.3339
(22, 15): 0.2000, 4.4100, 61.0851
(22, 16): 0.2102, 4.4400, 59.2719
(22, 17): 0.2312, 4.4300, 57.4113
(22, 18): 0.2378, 4.4100, 57.3771
(22, 19): 0.2291, 4.4400, 58.5617
(22, 20): 0.1572, 4.4100, 48.9781
(22, 21): 0.0980, 4.4100, 9.7324
(22, 22): 0.2414, 4.4100, 47.8238
(22, 23): 0.1882, 4.4100, 52.1011
(22, 24): 0.1214, 4.4100, 28.8270
(22, 25): 0.1214, 4.4100, 28.8270
(22, 26): 0.1092, 4.4200, 12.7297
(22, 27): 0.1092, 4.4200, 12.7297
(23, 1): 0.1544, 4.4100, 13.6006
(23, 2): 0.1544, 4.4100, 13.6006
(23, 3): 0.1544, 4.4100, 13.6006
(23, 4): 0.1488, 4.4200, 18.7572
(23, 5): 0.1488, 4.4200, 18.7572
(23, 6): 0.1840, 4.4400, 38.0237
(23, 7): 0.1992, 4.4300, 48.3792
(23, 8): 0.2121, 4.4100, 61.2328
(23, 9): 0.1575, 4.4100, 68.8160
(23, 10): 0.1695, 4.4200, 65.5073
(23, 11): 0.2431, 4.4200, 60.5256
(23, 12): 0.2430, 4.4100, 59.8977
(23, 13): 0.2286, 4.4100, 59.0743
(23, 14): 0.2086, 4.5200, 60.0005
(23, 15): 0.2364, 4.4100, 57.5402
(23, 16): 0.2240, 4.4100, 58.8846
(23, 17): 0.2332, 4.4200, 57.5322
(23, 18): 0.2162, 4.4100, 59.1683
(23, 19): 0.2029, 4.4100, 61.3421
(23, 20): 0.1654, 4.4300, 53.2966
(23, 21): 0.0980, 4.4100, 9.7324
(23, 22): 0.0980, 4.4100, 9.7324
(23, 23): 0.1882, 4.4100, 52.1011
(23, 24): 0.1214, 4.4100, 28.8270
(23, 25): 0.1214, 4.4100, 28.8270
(23, 26): 0.1214, 4.4100, 28.8270
(23, 27): 0.1092, 4.4200, 12.7297
(24, 1): 0.0966, 4.4100, 5.5551
(24, 2): 0.1544, 4.4100, 13.6006
(24, 3): 0.1544, 4.4100, 13.6006
(24, 4): 0.1544, 4.4100, 13.6006
(24, 5): 0.1902, 4.4100, 25.0338
(24, 6): 0.1538, 4.4100, 26.6869
(24, 7): 0.2017, 4.4100, 56.5676
(24, 8): 0.1645, 4.4100, 43.5602
(24, 9): 0.1857, 4.4200, 53.2338
(24, 10): 0.1899, 4.4200, 51.7284
(24, 11): 0.2385, 4.4300, 61.6692
(24, 12): 0.2283, 4.4300, 60.5421
(24, 13): 0.2220, 4.4400, 58.9547
(24, 14): 0.2074, 4.4100, 58.9380
(24, 15): 0.2745, 4.4300, 53.4036
(24, 16): 0.2711, 4.4100, 55.2243
(24, 17): 0.2307, 4.4200, 58.0166
(24, 18): 0.2268, 4.4300, 59.1733
(24, 19): 0.1796, 4.4200, 64.0917
(24, 20): 0.2012, 4.4200, 61.6925
(24, 21): 0.1687, 4.4100, 37.6187
(24, 22): 0.1198, 4.4100, 27.1456
(24, 23): 0.1198, 4.4100, 27.1456
(24, 24): 0.1198, 4.4100, 27.1456
(24, 25): 0.1198, 4.4100, 27.1456
(24, 26): 0.1214, 4.4100, 28.8270
(24, 27): 0.1092, 4.4200, 12.7297
(25, 1): 0.0966, 4.4100, 5.5551
(25, 2): 0.0966, 4.4100, 5.5551
(25, 3): 0.1603, 4.4200, 26.3026
(25, 4): 0.2094, 4.4800, 35.2216
(25, 5): 0.2154, 4.4100, 42.8211
(25, 6): 0.2139, 4.4300, 54.2954
(25, 7): 0.1537, 4.4500, 30.4419
(25, 8): 0.2054, 4.4300, 50.6021
(25, 9): 0.2299, 4.4400, 57.2802
(25, 10): 0.2316, 4.4100, 57.9913
(25, 11): 0.2189, 4.4100, 62.6023
(25, 12): 0.2101, 4.4100, 62.9292
(25, 13): 0.2208, 4.4200, 60.6615
(25, 14): 0.2417, 4.4100, 57.4821
(25, 15): 0.2646, 4.4100, 57.0417
(25, 16): 0.2655, 4.4100, 56.9473
(25, 17): 0.2429, 4.4100, 57.3875
(25, 18): 0.2004, 4.4400, 61.0697
(25, 19): 0.2004, 4.4100, 60.4582
(25, 20): 0.1999, 4.4200, 59.9739
(25, 21): 0.2063, 4.4500, 59.1763
(25, 22): 0.1198, 4.4100, 27.1456
(25, 23): 0.1198, 4.4100, 27.1456
(25, 24): 0.1198, 4.4100, 27.1456
(25, 25): 0.1198, 4.4100, 27.1456
(25, 26): 0.1198, 4.4100, 27.1456
(25, 27): 0.1198, 4.4100, 27.1456
(26, 1): 0.0966, 4.4100, 5.5551
(26, 2): 0.0966, 4.4100, 5.5551
(26, 3): 0.1603, 4.4200, 26.3026
(26, 4): 0.2001, 4.4200, 35.6045
(26, 5): 0.1565, 4.4200, 35.0601
(26, 6): 0.1691, 4.4100, 29.2485
(26, 7): 0.2173, 4.4100, 51.1703
(26, 8): 0.2308, 4.4500, 60.1306
(26, 9): 0.2138, 4.4200, 60.6013
(26, 10): 0.1775, 4.4200, 62.2822
(26, 11): 0.1791, 4.4200, 65.8703
(26, 12): 0.1650, 4.4100, 66.6757
(26, 13): 0.1848, 4.4100, 62.1499
(26, 14): 0.2312, 4.4300, 58.5611
(26, 15): 0.2341, 4.4200, 60.5485
(26, 16): 0.2193, 4.4100, 60.9082
(26, 17): 0.2262, 4.4100, 59.0474
(26, 18): 0.2403, 4.4200, 57.6661
(26, 19): 0.2190, 4.4496, 58.8402
(26, 20): 0.2072, 4.4100, 59.1589
(26, 21): 0.1960, 4.4100, 59.7652
(26, 22): 0.1771, 4.4100, 46.6481
(26, 23): 0.1771, 4.4100, 46.6481
(26, 24): 0.1771, 4.4100, 46.6481
(26, 25): 0.1771, 4.4100, 46.6481
(26, 26): 0.1771, 4.4100, 46.6481
(26, 27): 0.1771, 4.4100, 46.6481
(27, 1): 0.1699, 4.4400, 25.5071
(27, 2): 0.1699, 4.4400, 25.5071
(27, 3): 0.2330, 4.4200, 57.7041
(27, 4): 0.2043, 4.4200, 64.2552
(27, 5): 0.1902, 4.4200, 65.9312
(27, 6): 0.1873, 4.4100, 51.0003
(27, 7): 0.1248, 4.4100, 22.1104
(27, 8): 0.1722, 4.4300, 52.4284
(27, 9): 0.1473, 4.4100, 50.0287
(27, 10): 0.1157, 4.4100, 50.6070
(27, 11): 0.1375, 4.4300, 51.9282
(27, 12): 0.1387, 4.4100, 31.2542
(27, 13): 0.1953, 4.4200, 50.6284
(27, 14): 0.1609, 4.4100, 43.7492
(27, 15): 0.2223, 4.4100, 62.4801
(27, 16): 0.2157, 4.4100, 61.1174
(27, 17): 0.2500, 4.4100, 57.1072
(27, 18): 0.2351, 4.4100, 56.3907
(27, 19): 0.2252, 4.4400, 56.5996
(27, 20): 0.2073, 4.4600, 57.4014
(27, 21): 0.2131, 4.4200, 57.0394
(27, 22): 0.2079, 4.4200, 44.4362
(27, 23): 0.2079, 4.4200, 44.4362
(27, 24): 0.2079, 4.4200, 44.4362
(27, 25): 0.2079, 4.4200, 44.4362
(27, 26): 0.2079, 4.4200, 44.4362
(27, 27): 0.2079, 4.4200, 44.4362
(28, 1): 0.0485, 4.4100, 5.4555
(28, 2): 0.0485, 4.4100, 5.4555
(28, 3): 0.1282, 4.4100, 31.7135
(28, 4): 0.1549, 4.4100, 30.9375
(28, 5): 0.1838, 4.4200, 51.8119
(28, 6): 0.1410, 4.4200, 30.5254
(28, 7): 0.1182, 4.4100, 31.1706
(28, 8): 0.1681, 4.4100, 43.4208
(28, 9): 0.1496, 4.4200, 35.2080
(28, 10): 0.1157, 4.4100, 50.6070
(28, 11): 0.1375, 4.4300, 51.9282
(28, 12): 0.1387, 4.4100, 31.2542
(28, 13): 0.1350, 4.4100, 14.6295
(28, 14): 0.1350, 4.4100, 14.6295
(28, 15): 0.2124, 4.4100, 58.4247
(28, 16): 0.2170, 4.4200, 59.4320
(28, 17): 0.2177, 4.4500, 57.8960
(28, 18): 0.2048, 4.4100, 58.6164
(28, 19): 0.2033, 4.4100, 57.2579
(28, 20): 0.1998, 4.4200, 56.6706
(28, 21): 0.2230, 4.4100, 54.9050
(28, 22): 0.1620, 4.4100, 24.2298
(28, 23): 0.1620, 4.4100, 24.2298
(28, 24): 0.1620, 4.4100, 24.2298
(28, 25): 0.1620, 4.4100, 24.2298
(28, 26): 0.1620, 4.4100, 24.2298
(28, 27): 0.1620, 4.4100, 24.2298
(29, 1): 0.1854, 4.4100, 57.7802
(29, 2): 0.1854, 4.4100, 57.7802
(29, 3): 0.1573, 4.4300, 65.0021
(29, 4): 0.1533, 4.4300, 56.7989
(29, 5): 0.1920, 4.4200, 44.1558
(29, 6): 0.2119, 4.4200, 61.2740
(29, 7): 0.1996, 4.4100, 49.2273
(29, 8): 0.1057, 4.4100, 4.9397
(29, 9): 0.1496, 4.4200, 35.2080
(29, 10): 0.1496, 4.4200, 35.2080
(29, 11): 0.1375, 4.4300, 51.9282
(29, 12): 0.1387, 4.4100, 31.2542
(29, 13): 0.1350, 4.4100, 14.6295
(29, 14): 0.1350, 4.4100, 14.6295
(29, 15): 0.0787, 4.4200, 10.4136
(29, 16): 0.1223, 4.4100, 27.0814
(29, 17): 0.1149, 4.4100, 4.9515
(29, 18): 0.1808, 4.4100, 45.5698
(29, 19): 0.1928, 4.4200, 57.6238
(29, 20): 0.2016, 4.4200, 55.8849
(29, 21): 0.2461, 4.4200, 52.7728
(29, 22): 0.1373, 4.4100, 12.8919
(29, 23): 0.1373, 4.4100, 12.8919
(29, 24): 0.1373, 4.4100, 12.8919
(29, 25): 0.1373, 4.4100, 12.8919
(29, 26): 0.1373, 4.4100, 12.8919
(29, 27): 0.1373, 4.4100, 12.8919
(30, 1): 0.1232, 4.4100, 37.6649
(30, 2): 0.1232, 4.4100, 37.6649
(30, 3): 0.0425, 4.4100, 19.0888
(30, 4): 0.0505, 4.4100, 15.4892
(30, 5): 0.1640, 4.4100, 55.0661
(30, 6): 0.1751, 4.4100, 49.4284
(30, 7): 0.1177, 4.4100, 14.6345
(30, 8): 0.1057, 4.4100, 4.9397
(30, 9): 0.1057, 4.4100, 4.9397
(30, 10): 0.1496, 4.4200, 35.2080
(30, 11): 0.1496, 4.4200, 35.2080
(30, 12): 0.1350, 4.4100, 14.6295
(30, 13): 0.1350, 4.4100, 14.6295
(30, 14): 0.0787, 4.4200, 10.4136
(30, 15): 0.0787, 4.4200, 10.4136
(30, 16): 0.1223, 4.4100, 27.0814
(30, 17): 0.1149, 4.4100, 4.9515
(30, 18): 0.0970, 4.4200, 13.8891
(30, 19): 0.0970, 4.4200, 13.8891
(30, 20): 0.2223, 4.4100, 46.0934
(30, 21): 0.2335, 4.4200, 50.8109
(30, 22): 0.1869, 4.4100, 15.8279
(30, 23): 0.1869, 4.4100, 15.8279
(30, 24): 0.1869, 4.4100, 15.8279
(30, 25): 0.1869, 4.4100, 15.8279
(30, 26): 0.1869, 4.4100, 15.8279
(30, 27): 0.1869, 4.4100, 15.8279
(31, 1): 0.1232, 4.4100, 37.6649
(31, 2): 0.1232, 4.4100, 37.6649
(31, 3): 0.0425, 4.4100, 19.0888
(31, 4): 0.0505, 4.4100, 15.4892
(31, 5): 0.1640, 4.4100, 55.0661
(31, 6): 0.1751, 4.4100, 49.4284
(31, 7): 0.1177, 4.4100, 14.6345
(31, 8): 0.1177, 4.4100, 14.6345
(31, 9): 0.1057, 4.4100, 4.9397
(31, 10): 0.1057, 4.4100, 4.9397
(31, 11): 0.1496, 4.4200, 35.2080
(31, 12): 0.1350, 4.4100, 14.6295
(31, 13): 0.0787, 4.4200, 10.4136
(31, 14): 0.0787, 4.4200, 10.4136
(31, 15): 0.0787, 4.4200, 10.4136
(31, 16): 0.1223, 4.4100, 27.0814
(31, 17): 0.1149, 4.4100, 4.9515
(31, 18): 0.1341, 4.4200, 9.6945
(31, 19): 0.1341, 4.4200, 9.6945
(31, 20): 0.2215, 4.4100, 52.5211
(31, 21): 0.1397, 4.4400, 13.2313
(31, 22): 0.1397, 4.4400, 13.2313
(31, 23): 0.1357, 4.4100, 9.7363
(31, 24): 0.1357, 4.4100, 9.7363
(31, 25): 0.1357, 4.4100, 9.7363
(31, 26): 0.1357, 4.4100, 9.7363
(31, 27): 0.1357, 4.4100, 9.7363
(32, 1): 0.1232, 4.4100, 37.6649
(32, 2): 0.1232, 4.4100, 37.6649
(32, 3): 0.0425, 4.4100, 19.0888
(32, 4): 0.0505, 4.4100, 15.4892
(32, 5): 0.1640, 4.4100, 55.0661
(32, 6): 0.1751, 4.4100, 49.4284
(32, 7): 0.1177, 4.4100, 14.6345
(32, 8): 0.1177, 4.4100, 14.6345
(32, 9): 0.1177, 4.4100, 14.6345
(32, 10): 0.1057, 4.4100, 4.9397
(32, 11): 0.1057, 4.4100, 4.9397
(32, 12): 0.0787, 4.4200, 10.4136
(32, 13): 0.0787, 4.4200, 10.4136
(32, 14): 0.0787, 4.4200, 10.4136
(32, 15): 0.0787, 4.4200, 10.4136
(32, 16): 0.1223, 4.4100, 27.0814
(32, 17): 0.1540, 4.4200, 14.1122
(32, 18): 0.1540, 4.4200, 14.1122
(32, 19): 0.1540, 4.4200, 14.1122
(32, 20): 0.2364, 4.4100, 61.0205
(32, 21): 0.1775, 4.4100, 42.3227
(32, 22): 0.1357, 4.4100, 9.7363
(32, 23): 0.1357, 4.4100, 9.7363
(32, 24): 0.1357, 4.4100, 9.7363
(32, 25): 0.1357, 4.4100, 9.7363
(32, 26): 0.1357, 4.4100, 9.7363
(32, 27): 0.1357, 4.4100, 9.7363
(33, 1): 0.1232, 4.4100, 37.6649
(33, 2): 0.1232, 4.4100, 37.6649
(33, 3): 0.0425, 4.4100, 19.0888
(33, 4): 0.0505, 4.4100, 15.4892
(33, 5): 0.1640, 4.4100, 55.0661
(33, 6): 0.1751, 4.4100, 49.4284
(33, 7): 0.1177, 4.4100, 14.6345
(33, 8): 0.1177, 4.4100, 14.6345
(33, 9): 0.1177, 4.4100, 14.6345
(33, 10): 0.1177, 4.4100, 14.6345
(33, 11): 0.1057, 4.4100, 4.9397
(33, 12): 0.0787, 4.4200, 10.4136
(33, 13): 0.0787, 4.4200, 10.4136
(33, 14): 0.0787, 4.4200, 10.4136
(33, 15): 0.0787, 4.4200, 10.4136
(33, 16): 0.2117, 4.4300, 38.0383
(33, 17): 0.2117, 4.4300, 38.0383
(33, 18): 0.2117, 4.4300, 38.0383
(33, 19): 0.2117, 4.4300, 38.0383
(33, 20): 0.2463, 4.4100, 61.8203
(33, 21): 0.2420, 4.4300, 60.6787
(33, 22): 0.1714, 4.4200, 26.2984
(33, 23): 0.1714, 4.4200, 26.2984
(33, 24): 0.1714, 4.4200, 26.2984
(33, 25): 0.1714, 4.4200, 26.2984
(33, 26): 0.1714, 4.4200, 26.2984
(33, 27): 0.1714, 4.4200, 26.2984
(34, 1): 0.1232, 4.4100, 37.6649
(34, 2): 0.1232, 4.4100, 37.6649
(34, 3): 0.0425, 4.4100, 19.0888
(34, 4): 0.0505, 4.4100, 15.4892
(34, 5): 0.1640, 4.4100, 55.0661
(34, 6): 0.1751, 4.4100, 49.4284
(34, 7): 0.1177, 4.4100, 14.6345
(34, 8): 0.1177, 4.4100, 14.6345
(34, 9): 0.1177, 4.4100, 14.6345
(34, 10): 0.1177, 4.4100, 14.6345
(34, 11): 0.1177, 4.4100, 14.6345
(34, 12): 0.0787, 4.4200, 10.4136
(34, 13): 0.0787, 4.4200, 10.4136
(34, 14): 0.1908, 4.4100, 33.8577
(34, 15): 0.1908, 4.4100, 33.8577
(34, 16): 0.1908, 4.4100, 33.8577
(34, 17): 0.1908, 4.4100, 33.8577
(34, 18): 0.1908, 4.4100, 33.8577
(34, 19): 0.1908, 4.4100, 33.8577
(34, 20): 0.2097, 4.4500, 63.5900
(34, 21): 0.1903, 4.4100, 65.5798
(34, 22): 0.1065, 4.4100, 10.2501
(34, 23): 0.1065, 4.4100, 10.2501
(34, 24): 0.1065, 4.4100, 10.2501
(34, 25): 0.1065, 4.4100, 10.2501
(34, 26): 0.1065, 4.4100, 10.2501
(34, 27): 0.1065, 4.4100, 10.2501
