(1, 1): 0.0851, 3.0100, 5.2479
(1, 2): 0.0851, 3.0100, 5.2479
(1, 3): 0.0851, 3.0100, 5.2479
(1, 4): 0.0851, 3.0100, 5.2479
(1, 5): 0.1745, 3.0300, 20.4998
(1, 6): 0.1745, 3.0300, 20.4998
(1, 7): 0.1745, 3.0300, 20.4998
(1, 8): 0.1745, 3.0300, 20.4998
(1, 9): 0.1208, 3.0100, 13.5363
(1, 10): 0.1208, 3.0100, 13.5363
(1, 11): 0.1208, 3.0100, 13.5363
(1, 12): 0.1208, 3.0100, 13.5363
(1, 13): 0.1208, 3.0100, 13.5363
(1, 14): 0.0814, 3.0100, 19.1560
(1, 15): 0.0814, 3.0100, 19.1560
(1, 16): 0.0814, 3.0100, 19.1560
(1, 17): 0.0877, 3.0100, 18.8537
(1, 18): 0.0551, 3.0200, 9.7413
(1, 19): 0.0789, 3.0100, 9.3984
(1, 20): 0.0789, 3.0100, 9.3984
(1, 21): 0.1267, 3.0100, 10.2510
(1, 22): 0.1267, 3.0100, 10.2510
(1, 23): 0.2150, 3.0100, 49.3351
(1, 24): 0.3128, 3.0100, 36.3499
(1, 25): 0.3128, 3.0100, 36.3499
(1, 26): 0.3128, 3.0100, 36.3499
(1, 27): 0.0730, 3.0100, 9.3978
(2, 1): 0.0851, 3.0100, 5.2479
(2, 2): 0.0851, 3.0100, 5.2479
(2, 3): 0.0851, 3.0100, 5.2479
(2, 4): 0.0851, 3.0100, 5.2479
(2, 5): 0.0851, 3.0100, 5.2479
(2, 6): 0.1745, 3.0300, 20.4998
(2, 7): 0.1745, 3.0300, 20.4998
(2, 8): 0.1745, 3.0300, 20.4998
(2, 9): 0.1745, 3.0300, 20.4998
(2, 10): 0.1208, 3.0100, 13.5363
(2, 11): 0.1208, 3.0100, 13.5363
(2, 12): 0.1208, 3.0100, 13.5363
(2, 13): 0.1208, 3.0100, 13.5363
(2, 14): 0.1666, 3.0100, 29.3686
(2, 15): 0.0814, 3.0100, 19.1560
(2, 16): 0.0814, 3.0100, 19.1560
(2, 17): 0.0877, 3.0100, 18.8537
(2, 18): 0.0551, 3.0200, 9.7413
(2, 19): 0.0789, 3.0100, 9.3984
(2, 20): 0.0789, 3.0100, 9.3984
(2, 21): 0.1267, 3.0100, 10.2510
(2, 22): 0.1339, 3.0100, 38.0438
(2, 23): 0.2150, 3.0100, 49.3351
(2, 24): 0.3128, 3.0100, 36.3499
(2, 25): 0.3128, 3.0100, 36.3499
(2, 26): 0.0730, 3.0100, 9.3978
(2, 27): 0.0730, 3.0100, 9.3978
(3, 1): 0.0851, 3.0100, 5.2479
(3, 2): 0.0851, 3.0100, 5.2479
(3, 3): 0.0851, 3.0100, 5.2479
(3, 4): 0.0851, 3.0100, 5.2479
(3, 5): 0.0851, 3.0100, 5.2479
(3, 6): 0.0851, 3.0100, 5.2479
(3, 7): 0.1745, 3.0300, 20.4998
(3, 8): 0.1745, 3.0300, 20.4998
(3, 9): 0.1745, 3.0300, 20.4998
(3, 10): 0.1745, 3.0300, 20.4998
(3, 11): 0.1208, 3.0100, 13.5363
(3, 12): 0.1208, 3.0100, 13.5363
(3, 13): 0.1208, 3.0100, 13.5363
(3, 14): 0.1666, 3.0100, 29.3686
(3, 15): 0.0795, 3.0100, 14.7162
(3, 16): 0.0814, 3.0100, 19.1560
(3, 17): 0.0877, 3.0100, 18.8537
(3, 18): 0.0551, 3.0200, 9.7413
(3, 19): 0.0681, 3.0100, 17.2863
(3, 20): 0.0508, 3.0100, 9.5048
(3, 21): 0.0528, 3.0100, 14.8692
(3, 22): 0.1339, 3.0100, 38.0438
(3, 23): 0.2150, 3.0100, 49.3351
(3, 24): 0.3128, 3.0100, 36.3499
(3, 25): 0.2651, 3.0100, 32.9460
(3, 26): 0.0730, 3.0100, 9.3978
(3, 27): 0.0730, 3.0100, 9.3978
(4, 1): 0.0851, 3.0100, 5.2479
(4, 2): 0.0851, 3.0100, 5.2479
(4, 3): 0.0851, 3.0100, 5.2479
(4, 4): 0.0851, 3.0100, 5.2479
(4, 5): 0.0851, 3.0100, 5.2479
(4, 6): 0.0851, 3.0100, 5.2479
(4, 7): 0.0851, 3.0100, 5.2479
(4, 8): 0.1745, 3.0300, 20.4998
(4, 9): 0.1745, 3.0300, 20.4998
(4, 10): 0.1745, 3.0300, 20.4998
(4, 11): 0.1745, 3.0300, 20.4998
(4, 12): 0.1208, 3.0100, 13.5363
(4, 13): 0.1208, 3.0100, 13.5363
(4, 14): 0.1666, 3.0100, 29.3686
(4, 15): 0.0795, 3.0100, 14.7162
(4, 16): 0.0713, 3.0100, 15.1812
(4, 17): 0.0936, 3.0100, 14.3093
(4, 18): 0.1599, 3.0100, 40.1100
(4, 19): 0.1635, 3.0100, 46.7224
(4, 20): 0.1992, 3.0100, 56.2176
(4, 21): 0.2096, 3.0100, 60.2583
(4, 22): 0.1990, 3.0400, 55.9416
(4, 23): 0.1852, 3.0300, 55.0063
(4, 24): 0.2411, 3.0200, 55.7347
(4, 25): 0.2651, 3.0100, 32.9460
(4, 26): 0.0730, 3.0100, 9.3978
(4, 27): 0.0870, 3.0100, 16.9305
(5, 1): 0.0851, 3.0100, 5.2479
(5, 2): 0.0851, 3.0100, 5.2479
(5, 3): 0.0851, 3.0100, 5.2479
(5, 4): 0.0851, 3.0100, 5.2479
(5, 5): 0.0851, 3.0100, 5.2479
(5, 6): 0.0851, 3.0100, 5.2479
(5, 7): 0.0851, 3.0100, 5.2479
(5, 8): 0.0851, 3.0100, 5.2479
(5, 9): 0.1745, 3.0300, 20.4998
(5, 10): 0.1745, 3.0300, 20.4998
(5, 11): 0.1745, 3.0300, 20.4998
(5, 12): 0.1223, 3.0300, 17.8338
(5, 13): 0.1223, 3.0300, 17.8338
(5, 14): 0.1223, 3.0300, 17.8338
(5, 15): 0.0795, 3.0100, 14.7162
(5, 16): 0.1714, 3.0100, 33.0818
(5, 17): 0.2487, 3.0200, 56.3902
(5, 18): 0.2000, 3.0200, 57.3163
(5, 19): 0.1676, 3.0100, 59.9677
(5, 20): 0.1976, 3.0100, 60.7395
(5, 21): 0.1717, 3.0100, 61.6130
(5, 22): 0.2023, 3.0100, 51.1061
(5, 23): 0.2071, 3.0200, 54.4669
(5, 24): 0.2278, 3.0100, 57.8911
(5, 25): 0.2764, 3.0100, 52.2666
(5, 26): 0.2439, 3.0200, 49.3690
(5, 27): 0.0870, 3.0100, 16.9305
(6, 1): 0.0851, 3.0100, 5.2479
(6, 2): 0.0851, 3.0100, 5.2479
(6, 3): 0.0851, 3.0100, 5.2479
(6, 4): 0.0851, 3.0100, 5.2479
(6, 5): 0.0851, 3.0100, 5.2479
(6, 6): 0.0851, 3.0100, 5.2479
(6, 7): 0.0851, 3.0100, 5.2479
(6, 8): 0.0851, 3.0100, 5.2479
(6, 9): 0.0851, 3.0100, 5.2479
(6, 10): 0.1745, 3.0300, 20.4998
(6, 11): 0.1745, 3.0300, 20.4998
(6, 12): 0.1070, 3.0100, 9.9129
(6, 13): 0.1223, 3.0300, 17.8338
(6, 14): 0.2158, 3.0200, 36.3721
(6, 15): 0.2158, 3.0200, 36.3721
(6, 16): 0.2466, 3.0300, 54.0527
(6, 17): 0.2724, 3.0100, 53.5254
(6, 18): 0.2066, 3.0500, 59.6098
(6, 19): 0.2058, 3.0100, 59.5215
(6, 20): 0.2123, 3.0100, 61.6674
(6, 21): 0.1818, 3.0100, 58.0983
(6, 22): 0.1943, 3.0300, 52.7802
(6, 23): 0.1924, 3.0100, 59.1798
(6, 24): 0.2302, 3.0300, 55.9524
(6, 25): 0.2545, 3.0000, 52.9938
(6, 26): 0.2570, 3.0300, 52.2836
(6, 27): 0.1506, 3.0100, 18.8020
(7, 1): 0.0851, 3.0100, 5.2479
(7, 2): 0.0851, 3.0100, 5.2479
(7, 3): 0.0851, 3.0100, 5.2479
(7, 4): 0.0851, 3.0100, 5.2479
(7, 5): 0.0851, 3.0100, 5.2479
(7, 6): 0.0851, 3.0100, 5.2479
(7, 7): 0.0851, 3.0100, 5.2479
(7, 8): 0.0851, 3.0100, 5.2479
(7, 9): 0.0851, 3.0100, 5.2479
(7, 10): 0.0851, 3.0100, 5.2479
(7, 11): 0.2000, 3.0100, 19.7668
(7, 12): 0.2000, 3.0100, 19.7668
(7, 13): 0.1070, 3.0100, 9.9129
(7, 14): 0.3746, 3.0200, 44.9915
(7, 15): 0.3746, 3.0200, 44.9915
(7, 16): 0.2742, 3.0100, 52.9120
(7, 17): 0.2472, 3.0300, 55.5946
(7, 18): 0.2343, 3.0100, 56.1855
(7, 19): 0.2179, 3.0200, 59.6059
(7, 20): 0.2135, 3.0200, 62.4288
(7, 21): 0.1815, 3.0100, 58.7489
(7, 22): 0.1930, 3.0200, 59.1649
(7, 23): 0.2039, 3.0100, 61.4163
(7, 24): 0.2385, 3.0200, 56.2855
(7, 25): 0.2430, 3.0200, 54.4748
(7, 26): 0.2437, 3.0100, 52.3356
(7, 27): 0.1829, 3.0200, 34.2211
(8, 1): 0.2335, 3.0100, 29.3177
(8, 2): 0.2335, 3.0100, 29.3177
(8, 3): 0.2335, 3.0100, 29.3177
(8, 4): 0.2335, 3.0100, 29.3177
(8, 5): 0.2335, 3.0100, 29.3177
(8, 6): 0.2335, 3.0100, 29.3177
(8, 7): 0.2335, 3.0100, 29.3177
(8, 8): 0.2335, 3.0100, 29.3177
(8, 9): 0.2335, 3.0100, 29.3177
(8, 10): 0.2335, 3.0100, 29.3177
(8, 11): 0.2341, 3.0100, 26.6046
(8, 12): 0.2341, 3.0100, 26.6046
(8, 13): 0.1385, 3.0100, 16.9614
(8, 14): 0.1385, 3.0100, 16.9614
(8, 15): 0.3173, 3.0100, 49.8690
(8, 16): 0.2862, 3.0100, 52.1005
(8, 17): 0.2605, 3.0200, 54.1186
(8, 18): 0.2493, 3.0100, 55.0331
(8, 19): 0.2195, 3.0200, 60.3512
(8, 20): 0.2265, 3.0100, 58.6641
(8, 21): 0.2426, 3.0100, 56.2399
(8, 22): 0.2422, 3.0100, 60.4640
(8, 23): 0.2423, 3.0100, 59.2215
(8, 24): 0.2371, 2.9999, 57.6858
(8, 25): 0.2601, 3.0100, 54.0513
(8, 26): 0.2273, 3.0100, 53.2568
(8, 27): 0.2064, 3.0100, 31.7846
(9, 1): 0.2427, 3.0100, 29.8593
(9, 2): 0.2427, 3.0100, 29.8593
(9, 3): 0.2427, 3.0100, 29.8593
(9, 4): 0.2427, 3.0100, 29.8593
(9, 5): 0.2427, 3.0100, 29.8593
(9, 6): 0.2427, 3.0100, 29.8593
(9, 7): 0.2427, 3.0100, 29.8593
(9, 8): 0.2427, 3.0100, 29.8593
(9, 9): 0.2427, 3.0100, 29.8593
(9, 10): 0.2427, 3.0100, 29.8593
(9, 11): 0.0959, 3.0100, 5.4517
(9, 12): 0.2768, 3.0100, 30.2156
(9, 13): 0.2768, 3.0100, 30.2156
(9, 14): 0.1385, 3.0100, 16.9614
(9, 15): 0.3101, 3.0300, 44.2377
(9, 16): 0.2947, 3.0200, 52.8397
(9, 17): 0.2804, 3.0300, 53.6411
(9, 18): 0.2713, 3.0100, 54.6989
(9, 19): 0.2275, 3.0300, 60.2580
(9, 20): 0.2337, 3.0200, 55.3497
(9, 21): 0.2274, 3.0100, 60.2814
(9, 22): 0.2961, 3.0200, 55.7074
(9, 23): 0.2408, 3.0100, 59.6673
(9, 24): 0.2141, 3.0300, 60.9170
(9, 25): 0.2432, 3.0100, 54.8098
(9, 26): 0.2627, 3.0100, 53.3377
(9, 27): 0.1107, 3.0100, 13.4712
(10, 1): 0.3022, 3.0100, 29.8997
(10, 2): 0.3022, 3.0100, 29.8997
(10, 3): 0.3022, 3.0100, 29.8997
(10, 4): 0.3022, 3.0100, 29.8997
(10, 5): 0.3022, 3.0100, 29.8997
(10, 6): 0.3022, 3.0100, 29.8997
(10, 7): 0.3022, 3.0100, 29.8997
(10, 8): 0.3022, 3.0100, 29.8997
(10, 9): 0.3022, 3.0100, 29.8997
(10, 10): 0.3022, 3.0100, 29.8997
(10, 11): 0.1395, 3.0100, 13.5434
(10, 12): 0.2768, 3.0100, 30.2156
(10, 13): 0.1465, 3.0100, 16.6187
(10, 14): 0.0934, 3.0100, 4.7835
(10, 15): 0.2960, 3.0300, 45.0162
(10, 16): 0.2932, 3.0300, 50.0483
(10, 17): 0.2849, 3.0100, 52.0648
(10, 18): 0.2465, 3.0100, 56.5289
(10, 19): 0.2521, 3.0300, 56.6214
(10, 20): 0.2573, 3.0100, 52.6034
(10, 21): 0.2601, 3.0400, 58.3986
(10, 22): 0.2695, 3.0400, 57.5841
(10, 23): 0.2500, 3.0100, 58.6044
(10, 24): 0.2497, 3.0200, 56.5959
(10, 25): 0.2596, 3.0100, 55.7172
(10, 26): 0.2636, 3.0100, 53.9478
(10, 27): 0.2636, 3.0100, 53.9478
(11, 1): 0.1616, 3.0100, 14.2099
(11, 2): 0.3050, 3.0100, 39.4821
(11, 3): 0.3050, 3.0100, 39.4821
(11, 4): 0.3050, 3.0100, 39.4821
(11, 5): 0.3050, 3.0100, 39.4821
(11, 6): 0.3050, 3.0100, 39.4821
(11, 7): 0.3050, 3.0100, 39.4821
(11, 8): 0.3050, 3.0100, 39.4821
(11, 9): 0.3050, 3.0100, 39.4821
(11, 10): 0.3050, 3.0100, 39.4821
(11, 11): 0.3622, 3.0100, 46.7275
(11, 12): 0.3560, 3.0100, 46.6936
(11, 13): 0.1465, 3.0100, 16.6187
(11, 14): 0.1465, 3.0100, 16.6187
(11, 15): 0.2960, 3.0300, 45.0162
(11, 16): 0.0831, 3.0100, 9.6330
(11, 17): 0.3013, 3.0100, 49.5182
(11, 18): 0.2429, 3.0100, 57.5015
(11, 19): 0.2671, 3.0100, 52.3368
(11, 20): 0.2645, 3.0100, 52.3994
(11, 21): 0.2709, 3.0100, 55.3135
(11, 22): 0.2557, 3.0200, 56.5280
(11, 23): 0.2579, 3.0100, 54.7772
(11, 24): 0.2645, 3.0100, 55.2099
(11, 25): 0.2544, 3.0100, 55.2728
(11, 26): 0.2574, 3.0100, 53.3098
(11, 27): 0.2574, 3.0100, 53.3098
(12, 1): 0.1616, 3.0100, 14.2099
(12, 2): 0.1616, 3.0100, 14.2099
(12, 3): 0.1616, 3.0100, 14.2099
(12, 4): 0.1616, 3.0100, 14.2099
(12, 5): 0.2945, 3.0100, 49.2470
(12, 6): 0.2945, 3.0100, 49.2470
(12, 7): 0.2945, 3.0100, 49.2470
(12, 8): 0.2945, 3.0100, 49.2470
(12, 9): 0.2945, 3.0100, 49.2470
(12, 10): 0.2945, 3.0100, 49.2470
(12, 11): 0.2831, 3.0400, 53.6423
(12, 12): 0.3352, 3.0100, 49.2777
(12, 13): 0.2633, 3.0200, 41.7104
(12, 14): 0.1992, 3.0200, 27.5495
(12, 15): 0.1992, 3.0200, 27.5495
(12, 16): 0.1480, 3.0100, 16.3801
(12, 17): 0.2674, 3.0100, 51.2067
(12, 18): 0.2424, 3.0200, 56.0875
(12, 19): 0.2380, 3.0100, 52.8634
(12, 20): 0.2746, 3.0100, 53.6753
(12, 21): 0.2729, 3.0300, 55.1621
(12, 22): 0.2553, 3.0100, 55.9265
(12, 23): 0.2784, 3.0100, 53.0334
(12, 24): 0.2815, 3.0200, 46.4268
(12, 25): 0.1184, 3.0100, 18.0367
(12, 26): 0.1385, 3.0100, 17.3969
(12, 27): 0.1385, 3.0100, 17.3969
(13, 1): 0.1616, 3.0100, 14.2099
(13, 2): 0.1616, 3.0100, 14.2099
(13, 3): 0.1616, 3.0100, 14.2099
(13, 4): 0.1616, 3.0100, 14.2099
(13, 5): 0.1616, 3.0100, 14.2099
(13, 6): 0.1616, 3.0100, 14.2099
(13, 7): 0.1616, 3.0100, 14.2099
(13, 8): 0.2787, 3.0100, 56.2967
(13, 9): 0.2787, 3.0100, 56.2967
(13, 10): 0.2787, 3.0100, 56.2967
(13, 11): 0.2834, 3.0100, 56.3489
(13, 12): 0.2654, 3.0100, 53.7613
(13, 13): 0.2565, 3.0100, 42.7354
(13, 14): 0.1113, 3.0100, 9.7882
(13, 15): 0.1113, 3.0100, 9.7882
(13, 16): 0.0873, 3.0100, 9.1923
(13, 17): 0.2124, 3.0300, 43.5084
(13, 18): 0.2051, 3.0100, 49.3726
(13, 19): 0.2456, 3.0200, 53.6131
(13, 20): 0.2325, 3.0100, 56.5269
(13, 21): 0.2853, 3.0300, 52.3720
(13, 22): 0.2744, 3.0100, 52.4126
(13, 23): 0.2672, 3.0100, 53.6270
(13, 24): 0.2534, 3.0300, 47.5927
(13, 25): 0.1203, 3.0100, 4.8393
(13, 26): 0.1385, 3.0100, 17.3969
(13, 27): 0.1689, 3.0100, 4.6520
(14, 1): 0.1616, 3.0100, 14.2099
(14, 2): 0.1616, 3.0100, 14.2099
(14, 3): 0.1616, 3.0100, 14.2099
(14, 4): 0.1616, 3.0100, 14.2099
(14, 5): 0.1616, 3.0100, 14.2099
(14, 6): 0.1616, 3.0100, 14.2099
(14, 7): 0.1616, 3.0100, 14.2099
(14, 8): 0.1616, 3.0100, 14.2099
(14, 9): 0.3181, 3.0100, 55.2434
(14, 10): 0.3181, 3.0100, 55.2434
(14, 11): 0.3014, 3.0200, 56.2984
(14, 12): 0.2597, 3.0100, 55.5580
(14, 13): 0.0563, 3.0100, 5.7638
(14, 14): 0.1113, 3.0100, 9.7882
(14, 15): 0.1043, 3.0100, 5.0555
(14, 16): 0.4645, 3.0100, 30.6697
(14, 17): 0.3460, 3.0100, 48.7465
(14, 18): 0.2485, 3.0200, 53.6138
(14, 19): 0.2530, 3.0300, 56.2896
(14, 20): 0.2799, 3.0200, 53.7890
(14, 21): 0.2736, 3.0300, 52.2462
(14, 22): 0.2566, 3.0100, 54.0550
(14, 23): 0.2464, 3.0100, 53.9845
(14, 24): 0.2461, 3.0200, 48.8598
(14, 25): 0.1936, 3.0400, 29.7115
(14, 26): 0.2450, 3.0100, 30.8092
(14, 27): 0.1689, 3.0100, 4.6520
(15, 1): 0.0440, 3.0100, 5.9007
(15, 2): 0.0440, 3.0100, 5.9007
(15, 3): 0.0440, 3.0100, 5.9007
(15, 4): 0.1616, 3.0100, 14.2099
(15, 5): 0.1616, 3.0100, 14.2099
(15, 6): 0.1616, 3.0100, 14.2099
(15, 7): 0.1616, 3.0100, 14.2099
(15, 8): 0.1616, 3.0100, 14.2099
(15, 9): 0.1616, 3.0100, 14.2099
(15, 10): 0.3446, 3.0100, 53.3223
(15, 11): 0.2705, 3.0200, 59.6958
(15, 12): 0.2927, 3.0089, 57.1066
(15, 13): 0.1462, 3.0100, 22.9261
(15, 14): 0.0721, 3.0100, 5.3303
(15, 15): 0.2452, 3.0500, 47.3709
(15, 16): 0.2313, 3.0100, 57.6692
(15, 17): 0.2771, 3.0100, 51.0257
(15, 18): 0.2762, 3.0200, 48.9177
(15, 19): 0.2453, 3.0200, 58.3587
(15, 20): 0.2456, 3.0000, 55.5759
(15, 21): 0.2228, 3.0300, 55.7877
(15, 22): 0.2419, 3.0100, 54.0613
(15, 23): 0.2309, 3.0100, 53.9849
(15, 24): 0.2519, 3.0100, 52.2634
(15, 25): 0.2348, 3.0099, 54.5347
(15, 26): 0.2711, 3.0200, 51.6699
(15, 27): 0.2451, 3.0100, 33.6269
(16, 1): 0.1836, 3.0200, 14.3609
(16, 2): 0.0440, 3.0100, 5.9007
(16, 3): 0.0440, 3.0100, 5.9007
(16, 4): 0.0440, 3.0100, 5.9007
(16, 5): 0.0440, 3.0100, 5.9007
(16, 6): 0.0440, 3.0100, 5.9007
(16, 7): 0.1924, 3.0100, 21.6549
(16, 8): 0.1924, 3.0100, 21.6549
(16, 9): 0.1924, 3.0100, 21.6549
(16, 10): 0.3363, 3.0200, 53.3940
(16, 11): 0.5388, 3.0100, 38.5037
(16, 12): 0.3356, 3.0400, 49.5892
(16, 13): 0.1292, 3.0100, 23.0319
(16, 14): 0.2441, 3.0300, 55.2008
(16, 15): 0.3636, 3.0100, 48.1144
(16, 16): 0.3041, 3.0100, 45.5138
(16, 17): 0.1827, 3.0100, 50.1662
(16, 18): 0.2376, 3.0100, 60.4226
(16, 19): 0.2428, 3.0200, 58.5220
(16, 20): 0.2464, 3.0600, 55.5631
(16, 21): 0.2203, 3.0100, 56.8495
(16, 22): 0.2071, 3.0100, 56.9938
(16, 23): 0.2055, 3.0100, 57.0496
(16, 24): 0.2111, 3.0100, 57.6606
(16, 25): 0.2493, 3.0100, 55.6191
(16, 26): 0.2461, 3.0100, 54.1909
(16, 27): 0.2147, 3.0100, 31.5552
(17, 1): 0.1836, 3.0200, 14.3609
(17, 2): 0.1836, 3.0200, 14.3609
(17, 3): 0.0928, 3.0100, 15.9154
(17, 4): 0.0440, 3.0100, 5.9007
(17, 5): 0.0440, 3.0100, 5.9007
(17, 6): 0.0440, 3.0100, 5.9007
(17, 7): 0.0440, 3.0100, 5.9007
(17, 8): 0.2216, 3.0100, 42.3661
(17, 9): 0.2216, 3.0100, 42.3661
(17, 10): 0.2576, 3.0100, 58.8526
(17, 11): 0.3328, 3.0100, 52.4672
(17, 12): 0.3437, 3.0100, 51.1234
(17, 13): 0.2184, 3.0100, 51.0520
(17, 14): 0.2003, 3.0300, 48.1606
(17, 15): 0.3019, 3.0100, 46.3890
(17, 16): 0.2429, 3.0100, 50.7049
(17, 17): 0.1985, 3.0100, 62.0296
(17, 18): 0.2207, 3.0100, 63.2518
(17, 19): 0.2455, 3.0100, 60.3806
(17, 20): 0.2228, 3.0300, 59.4068
(17, 21): 0.2192, 3.0200, 56.3243
(17, 22): 0.1884, 3.0100, 57.5642
(17, 23): 0.2095, 3.0200, 56.4929
(17, 24): 0.2347, 3.0600, 56.3937
(17, 25): 0.2646, 3.0100, 56.2828
(17, 26): 0.2301, 3.0200, 47.1582
(17, 27): 0.2301, 3.0200, 47.1582
(18, 1): 0.1836, 3.0200, 14.3609
(18, 2): 0.1836, 3.0200, 14.3609
(18, 3): 0.1836, 3.0200, 14.3609
(18, 4): 0.0928, 3.0100, 15.9154
(18, 5): 0.0928, 3.0100, 15.9154
(18, 6): 0.0440, 3.0100, 5.9007
(18, 7): 0.0440, 3.0100, 5.9007
(18, 8): 0.0440, 3.0100, 5.9007
(18, 9): 0.2643, 3.0100, 55.7227
(18, 10): 0.2330, 3.0100, 61.0073
(18, 11): 0.2752, 3.0200, 57.7217
(18, 12): 0.2784, 3.0100, 57.1210
(18, 13): 0.2437, 3.0188, 59.5535
(18, 14): 0.2408, 3.0200, 60.4122
(18, 15): 0.2260, 3.0100, 60.4877
(18, 16): 0.2126, 3.0100, 60.6919
(18, 17): 0.2041, 3.0400, 62.5493
(18, 18): 0.2069, 3.0100, 62.1519
(18, 19): 0.2315, 3.0100, 62.1856
(18, 20): 0.2371, 3.0100, 58.8559
(18, 21): 0.2258, 3.0100, 57.2398
(18, 22): 0.2203, 3.0600, 57.2059
(18, 23): 0.2320, 3.0200, 56.6997
(18, 24): 0.2724, 3.0100, 55.7086
(18, 25): 0.2674, 3.0300, 48.5130
(18, 26): 0.1632, 3.0100, 12.7422
(18, 27): 0.1632, 3.0100, 12.7422
(19, 1): 0.1836, 3.0200, 14.3609
(19, 2): 0.1836, 3.0200, 14.3609
(19, 3): 0.1836, 3.0200, 14.3609
(19, 4): 0.1836, 3.0200, 14.3609
(19, 5): 0.0928, 3.0100, 15.9154
(19, 6): 0.0928, 3.0100, 15.9154
(19, 7): 0.2221, 3.0100, 33.6742
(19, 8): 0.2221, 3.0100, 33.6742
(19, 9): 0.2715, 3.0200, 58.8747
(19, 10): 0.2557, 3.0200, 59.8460
(19, 11): 0.2511, 3.0200, 60.2145
(19, 12): 0.2451, 3.0100, 58.2733
(19, 13): 0.3172, 3.0100, 51.4697
(19, 14): 0.2860, 3.0200, 55.5612
(19, 15): 0.2110, 3.0100, 62.9610
(19, 16): 0.2163, 3.0500, 61.1965
(19, 17): 0.2291, 3.0100, 60.7996
(19, 18): 0.2298, 3.0200, 61.8154
(19, 19): 0.2379, 3.0200, 62.7237
(19, 20): 0.2498, 3.0100, 60.5830
(19, 21): 0.2363, 3.0100, 58.5371
(19, 22): 0.2368, 3.0100, 55.9592
(19, 23): 0.2383, 3.0100, 54.3760
(19, 24): 0.2428, 3.0300, 52.9624
(19, 25): 0.2112, 3.0200, 32.6466
(19, 26): 0.1484, 3.0100, 3.9431
(19, 27): 0.1484, 3.0100, 3.9431
(20, 1): 0.1978, 3.0100, 17.0504
(20, 2): 0.1836, 3.0200, 14.3609
(20, 3): 0.1836, 3.0200, 14.3609
(20, 4): 0.1836, 3.0200, 14.3609
(20, 5): 0.1836, 3.0200, 14.3609
(20, 6): 0.0928, 3.0100, 15.9154
(20, 7): 0.0928, 3.0100, 15.9154
(20, 8): 0.3332, 3.0100, 54.4758
(20, 9): 0.2527, 3.0100, 61.5171
(20, 10): 0.2375, 3.0100, 60.8802
(20, 11): 0.2423, 3.0100, 59.1014
(20, 12): 0.2312, 3.0100, 57.4131
(20, 13): 0.3201, 3.0100, 49.1310
(20, 14): 0.3035, 3.0300, 52.6468
(20, 15): 0.2100, 3.0200, 62.5782
(20, 16): 0.2461, 3.0200, 58.8994
(20, 17): 0.2482, 3.0100, 58.5023
(20, 18): 0.2312, 3.0000, 61.6302
(20, 19): 0.2673, 3.0400, 60.3153
(20, 20): 0.2349, 3.0100, 59.3756
(20, 21): 0.2308, 3.0100, 53.3020
(20, 22): 0.2310, 3.0200, 50.1292
(20, 23): 0.2226, 3.0200, 50.7199
(20, 24): 0.2178, 3.0100, 55.1099
(20, 25): 0.2050, 3.0100, 54.4531
(20, 26): 0.1239, 3.0100, 12.1927
(20, 27): 0.1239, 3.0100, 12.1927
(21, 1): 0.1842, 3.0100, 12.8494
(21, 2): 0.1978, 3.0100, 17.0504
(21, 3): 0.1978, 3.0100, 17.0504
(21, 4): 0.1836, 3.0200, 14.3609
(21, 5): 0.1836, 3.0200, 14.3609
(21, 6): 0.1836, 3.0200, 14.3609
(21, 7): 0.2589, 3.0700, 53.8510
(21, 8): 0.2856, 3.0200, 58.5920
(21, 9): 0.2301, 3.0200, 62.4285
(21, 10): 0.2638, 3.0100, 56.4098
(21, 11): 0.2283, 3.0100, 59.2804
(21, 12): 0.2536, 3.0300, 55.4239
(21, 13): 0.2855, 3.0100, 52.7870
(21, 14): 0.3066, 3.0200, 53.3879
(21, 15): 0.2385, 3.0200, 58.5310
(21, 16): 0.2465, 3.0200, 55.5427
(21, 17): 0.2572, 3.0200, 55.0397
(21, 18): 0.2450, 3.0100, 55.7148
(21, 19): 0.2297, 3.0500, 55.9896
(21, 20): 0.2315, 3.0700, 53.6894
(21, 21): 0.1830, 3.0100, 46.7545
(21, 22): 0.2257, 3.0100, 47.0526
(21, 23): 0.2263, 3.0100, 48.5375
(21, 24): 0.1718, 3.0100, 27.3150
(21, 25): 0.1718, 3.0100, 27.3150
(21, 26): 0.1239, 3.0100, 12.1927
(21, 27): 0.1239, 3.0100, 12.1927
(22, 1): 0.1842, 3.0100, 12.8494
(22, 2): 0.1842, 3.0100, 12.8494
(22, 3): 0.1978, 3.0100, 17.0504
(22, 4): 0.1978, 3.0100, 17.0504
(22, 5): 0.2664, 3.0300, 36.3001
(22, 6): 0.2664, 3.0300, 36.3001
(22, 7): 0.3908, 3.0100, 46.9510
(22, 8): 0.3057, 3.0100, 52.8615
(22, 9): 0.3039, 3.0100, 53.6604
(22, 10): 0.2595, 3.0100, 57.7078
(22, 11): 0.2415, 3.0100, 59.1638
(22, 12): 0.2340, 3.0058, 58.1610
(22, 13): 0.2682, 3.0100, 54.9519
(22, 14): 0.2353, 3.0200, 57.8076
(22, 15): 0.2449, 3.0300, 56.2224
(22, 16): 0.2602, 3.0300, 54.0503
(22, 17): 0.2747, 3.0200, 52.9051
(22, 18): 0.2631, 3.0100, 54.5839
(22, 19): 0.2835, 3.0100, 53.1293
(22, 20): 0.2009, 3.0100, 45.1341
(22, 21): 0.1101, 3.0100, 9.4495
(22, 22): 0.2257, 3.0100, 47.0526
(22, 23): 0.2263, 3.0100, 48.5375
(22, 24): 0.1718, 3.0100, 27.3150
(22, 25): 0.1718, 3.0100, 27.3150
(22, 26): 0.1239, 3.0100, 12.1927
(22, 27): 0.1239, 3.0100, 12.1927
(23, 1): 0.1842, 3.0100, 12.8494
(23, 2): 0.1842, 3.0100, 12.8494
(23, 3): 0.1842, 3.0100, 12.8494
(23, 4): 0.1978, 3.0100, 17.0504
(23, 5): 0.1978, 3.0100, 17.0504
(23, 6): 0.2201, 3.0100, 35.4097
(23, 7): 0.2473, 3.0100, 44.2803
(23, 8): 0.2685, 3.0100, 55.5835
(23, 9): 0.1874, 3.0200, 65.1934
(23, 10): 0.2124, 3.0100, 60.6522
(23, 11): 0.3110, 3.0200, 53.7319
(23, 12): 0.3144, 3.0100, 52.8553
(23, 13): 0.2921, 3.0100, 52.7319
(23, 14): 0.2413, 3.0100, 56.3914
(23, 15): 0.2866, 3.0100, 52.2577
(23, 16): 0.2783, 3.0200, 53.3169
(23, 17): 0.3139, 3.0100, 50.7443
(23, 18): 0.2622, 3.0100, 54.4432
(23, 19): 0.2417, 3.0000, 57.0836
(23, 20): 0.2184, 3.0100, 48.5988
(23, 21): 0.1101, 3.0100, 9.4495
(23, 22): 0.1101, 3.0100, 9.4495
(23, 23): 0.2263, 3.0100, 48.5375
(23, 24): 0.1718, 3.0100, 27.3150
(23, 25): 0.1718, 3.0100, 27.3150
(23, 26): 0.1718, 3.0100, 27.3150
(23, 27): 0.1239, 3.0100, 12.1927
(24, 1): 0.1022, 3.0100, 5.3596
(24, 2): 0.1842, 3.0100, 12.8494
(24, 3): 0.1842, 3.0100, 12.8494
(24, 4): 0.1842, 3.0100, 12.8494
(24, 5): 0.2120, 3.0200, 23.7241
(24, 6): 0.1764, 3.0200, 25.3814
(24, 7): 0.2492, 3.0100, 51.8645
(24, 8): 0.2083, 3.0400, 40.1110
(24, 9): 0.2072, 3.0200, 51.1080
(24, 10): 0.2265, 3.0200, 48.2180
(24, 11): 0.2603, 3.0100, 58.1598
(24, 12): 0.2912, 3.0300, 54.0658
(24, 13): 0.2835, 3.0100, 52.7571
(24, 14): 0.2682, 3.0100, 52.8839
(24, 15): 0.3476, 3.0100, 47.0323
(24, 16): 0.3233, 3.0100, 50.3663
(24, 17): 0.2733, 3.0100, 53.6200
(24, 18): 0.2791, 3.0400, 54.0558
(24, 19): 0.2262, 3.0200, 58.7614
(24, 20): 0.2493, 3.0100, 56.3511
(24, 21): 0.2040, 3.0100, 35.0416
(24, 22): 0.1549, 3.0100, 25.2072
(24, 23): 0.1549, 3.0100, 25.2072
(24, 24): 0.1549, 3.0100, 25.2072
(24, 25): 0.1549, 3.0100, 25.2072
(24, 26): 0.1718, 3.0100, 27.3150
(24, 27): 0.1239, 3.0100, 12.1927
(25, 1): 0.1022, 3.0100, 5.3596
(25, 2): 0.1022, 3.0100, 5.3596
(25, 3): 0.1917, 3.0000, 24.7310
(25, 4): 0.2589, 3.0100, 31.9890
(25, 5): 0.2408, 3.0300, 40.6579
(25, 6): 0.2472, 3.0300, 50.9481
(25, 7): 0.1988, 3.0100, 27.8962
(25, 8): 0.2524, 3.0100, 46.4454
(25, 9): 0.2844, 3.0100, 51.9685
(25, 10): 0.3071, 3.0300, 50.8529
(25, 11): 0.2692, 3.0100, 57.2586
(25, 12): 0.2643, 3.0100, 57.0979
(25, 13): 0.3081, 3.0100, 51.8393
(25, 14): 0.3108, 3.0300, 50.7820
(25, 15): 0.3157, 3.0100, 51.9574
(25, 16): 0.3131, 3.0100, 52.1440
(25, 17): 0.3039, 3.0200, 51.4968
(25, 18): 0.2458, 3.0100, 56.1134
(25, 19): 0.2404, 3.0277, 56.2377
(25, 20): 0.2474, 3.0100, 54.8690
(25, 21): 0.2514, 3.0100, 54.4130
(25, 22): 0.1549, 3.0100, 25.2072
(25, 23): 0.1549, 3.0100, 25.2072
(25, 24): 0.1549, 3.0100, 25.2072
(25, 25): 0.1549, 3.0100, 25.2072
(25, 26): 0.1549, 3.0100, 25.2072
(25, 27): 0.1549, 3.0100, 25.2072
(26, 1): 0.1022, 3.0100, 5.3596
(26, 2): 0.1022, 3.0100, 5.3596
(26, 3): 0.1917, 3.0000, 24.7310
(26, 4): 0.2264, 3.0100, 33.7081
(26, 5): 0.1858, 3.0100, 33.0223
(26, 6): 0.1858, 3.0400, 28.1600
(26, 7): 0.2473, 3.0100, 48.2818
(26, 8): 0.2860, 3.0200, 54.4529
(26, 9): 0.2551, 3.0100, 56.1720
(26, 10): 0.2154, 3.0100, 58.1264
(26, 11): 0.2380, 3.0100, 59.3663
(26, 12): 0.2232, 3.0200, 59.9315
(26, 13): 0.2359, 3.0300, 56.5915
(26, 14): 0.2715, 3.0200, 54.3455
(26, 15): 0.2758, 3.0100, 56.0920
(26, 16): 0.2681, 3.0100, 55.5644
(26, 17): 0.2827, 3.0400, 53.2037
(26, 18): 0.2936, 3.0100, 52.2390
(26, 19): 0.2652, 3.0300, 53.9153
(26, 20): 0.2603, 3.0100, 53.6439
(26, 21): 0.2418, 3.0200, 54.9141
(26, 22): 0.2243, 3.0100, 42.6288
(26, 23): 0.2243, 3.0100, 42.6288
(26, 24): 0.2243, 3.0100, 42.6288
(26, 25): 0.2243, 3.0100, 42.6288
(26, 26): 0.2243, 3.0100, 42.6288
(26, 27): 0.2243, 3.0100, 42.6288
(27, 1): 0.2049, 3.0100, 23.6726
(27, 2): 0.2049, 3.0100, 23.6726
(27, 3): 0.2698, 3.0200, 53.9143
(27, 4): 0.2502, 3.0100, 59.1827
(27, 5): 0.2205, 3.0100, 62.3617
(27, 6): 0.2396, 3.0100, 46.4524
(27, 7): 0.1431, 3.0100, 21.2045
(27, 8): 0.2111, 3.0400, 48.7158
(27, 9): 0.1967, 3.0100, 45.5878
(27, 10): 0.1567, 3.0200, 46.9325
(27, 11): 0.1867, 3.0100, 47.4296
(27, 12): 0.1446, 3.0300, 29.4626
(27, 13): 0.2451, 3.0200, 46.2677
(27, 14): 0.2107, 3.0400, 39.7531
(27, 15): 0.2757, 3.0300, 56.5935
(27, 16): 0.2735, 3.0300, 55.1164
(27, 17): 0.3081, 3.0200, 51.3220
(27, 18): 0.2751, 3.0200, 52.1966
(27, 19): 0.2630, 3.0100, 52.6583
(27, 20): 0.2494, 3.0100, 53.0729
(27, 21): 0.2621, 3.0100, 53.6090
(27, 22): 0.2633, 3.0100, 40.0414
(27, 23): 0.2633, 3.0100, 40.0414
(27, 24): 0.2633, 3.0100, 40.0414
(27, 25): 0.2633, 3.0100, 40.0414
(27, 26): 0.2633, 3.0100, 40.0414
(27, 27): 0.2633, 3.0100, 40.0414
(28, 1): 0.0602, 3.0100, 5.2668
(28, 2): 0.0602, 3.0100, 5.2668
(28, 3): 0.1586, 3.0100, 29.8408
(28, 4): 0.1902, 3.0100, 28.5264
(28, 5): 0.2787, 3.0200, 47.2497
(28, 6): 0.1726, 3.0200, 28.6347
(28, 7): 0.1447, 3.0100, 29.3026
(28, 8): 0.2121, 3.0100, 39.9545
(28, 9): 0.1731, 3.0100, 33.3054
(28, 10): 0.1567, 3.0200, 46.9325
(28, 11): 0.1867, 3.0100, 47.4296
(28, 12): 0.1446, 3.0300, 29.4626
(28, 13): 0.1411, 3.0100, 14.2681
(28, 14): 0.1411, 3.0100, 14.2681
(28, 15): 0.2674, 3.0100, 52.8761
(28, 16): 0.2690, 3.0100, 54.0592
(28, 17): 0.2824, 3.0100, 51.5402
(28, 18): 0.2581, 3.0100, 52.7519
(28, 19): 0.2543, 3.0400, 52.5124
(28, 20): 0.2407, 3.0100, 52.4283
(28, 21): 0.2532, 3.0100, 51.7523
(28, 22): 0.1906, 3.0100, 22.7070
(28, 23): 0.1906, 3.0100, 22.7070
(28, 24): 0.1906, 3.0100, 22.7070
(28, 25): 0.1906, 3.0100, 22.7070
(28, 26): 0.1906, 3.0100, 22.7070
(28, 27): 0.1906, 3.0100, 22.7070
(29, 1): 0.2455, 3.0300, 52.0061
(29, 2): 0.2455, 3.0300, 52.0061
(29, 3): 0.2057, 3.0200, 60.5460
(29, 4): 0.2143, 3.0100, 51.0188
(29, 5): 0.2304, 3.0400, 40.8927
(29, 6): 0.2651, 3.0200, 55.6455
(29, 7): 0.2517, 3.0400, 44.2767
(29, 8): 0.1050, 3.0100, 4.7614
(29, 9): 0.1731, 3.0100, 33.3054
(29, 10): 0.1731, 3.0100, 33.3054
(29, 11): 0.1867, 3.0100, 47.4296
(29, 12): 0.1446, 3.0300, 29.4626
(29, 13): 0.1411, 3.0100, 14.2681
(29, 14): 0.1411, 3.0100, 14.2681
(29, 15): 0.0949, 3.0100, 9.9853
(29, 16): 0.1419, 3.0100, 25.8389
(29, 17): 0.1092, 3.0100, 4.8396
(29, 18): 0.2044, 3.0300, 43.0945
(29, 19): 0.2365, 3.0100, 53.1463
(29, 20): 0.2086, 3.0200, 51.6553
(29, 21): 0.3015, 3.0100, 47.6895
(29, 22): 0.1604, 3.0200, 12.5565
(29, 23): 0.1604, 3.0200, 12.5565
(29, 24): 0.1604, 3.0200, 12.5565
(29, 25): 0.1604, 3.0200, 12.5565
(29, 26): 0.1604, 3.0200, 12.5565
(29, 27): 0.1604, 3.0200, 12.5565
(30, 1): 0.1640, 3.0199, 34.8586
(30, 2): 0.1640, 3.0199, 34.8586
(30, 3): 0.0799, 3.0000, 17.7322
(30, 4): 0.0531, 3.0100, 15.3280
(30, 5): 0.2410, 3.0200, 47.9838
(30, 6): 0.2131, 3.0200, 45.8941
(30, 7): 0.1412, 3.0100, 13.8119
(30, 8): 0.1050, 3.0100, 4.7614
(30, 9): 0.1050, 3.0100, 4.7614
(30, 10): 0.1731, 3.0100, 33.3054
(30, 11): 0.1731, 3.0100, 33.3054
(30, 12): 0.1411, 3.0100, 14.2681
(30, 13): 0.1411, 3.0100, 14.2681
(30, 14): 0.0949, 3.0100, 9.9853
(30, 15): 0.0949, 3.0100, 9.9853
(30, 16): 0.1419, 3.0100, 25.8389
(30, 17): 0.1092, 3.0100, 4.8396
(30, 18): 0.1193, 3.0100, 13.1538
(30, 19): 0.1193, 3.0100, 13.1538
(30, 20): 0.2881, 3.0100, 41.0498
(30, 21): 0.2924, 3.0100, 45.5387
(30, 22): 0.2104, 3.0200, 14.8997
(30, 23): 0.2104, 3.0200, 14.8997
(30, 24): 0.2104, 3.0200, 14.8997
(30, 25): 0.2104, 3.0200, 14.8997
(30, 26): 0.2104, 3.0200, 14.8997
(30, 27): 0.2104, 3.0200, 14.8997
(31, 1): 0.1640, 3.0199, 34.8586
(31, 2): 0.1640, 3.0199, 34.8586
(31, 3): 0.0799, 3.0000, 17.7322
(31, 4): 0.0531, 3.0100, 15.3280
(31, 5): 0.2410, 3.0200, 47.9838
(31, 6): 0.2131, 3.0200, 45.8941
(31, 7): 0.1412, 3.0100, 13.8119
(31, 8): 0.1412, 3.0100, 13.8119
(31, 9): 0.1050, 3.0100, 4.7614
(31, 10): 0.1050, 3.0100, 4.7614
(31, 11): 0.1731, 3.0100, 33.3054
(31, 12): 0.1411, 3.0100, 14.2681
(31, 13): 0.0949, 3.0100, 9.9853
(31, 14): 0.0949, 3.0100, 9.9853
(31, 15): 0.0949, 3.0100, 9.9853
(31, 16): 0.1419, 3.0100, 25.8389
(31, 17): 0.1092, 3.0100, 4.8396
(31, 18): 0.1383, 3.0100, 9.4229
(31, 19): 0.1383, 3.0100, 9.4229
(31, 20): 0.2749, 3.0100, 47.4462
(31, 21): 0.1584, 3.0200, 12.5524
(31, 22): 0.1584, 3.0200, 12.5524
(31, 23): 0.1361, 3.0100, 9.5349
(31, 24): 0.1361, 3.0100, 9.5349
(31, 25): 0.1361, 3.0100, 9.5349
(31, 26): 0.1361, 3.0100, 9.5349
(31, 27): 0.1361, 3.0100, 9.5349
(32, 1): 0.1640, 3.0199, 34.8586
(32, 2): 0.1640, 3.0199, 34.8586
(32, 3): 0.0799, 3.0000, 17.7322
(32, 4): 0.0531, 3.0100, 15.3280
(32, 5): 0.2410, 3.0200, 47.9838
(32, 6): 0.2131, 3.0200, 45.8941
(32, 7): 0.1412, 3.0100, 13.8119
(32, 8): 0.1412, 3.0100, 13.8119
(32, 9): 0.1412, 3.0100, 13.8119
(32, 10): 0.1050, 3.0100, 4.7614
(32, 11): 0.1050, 3.0100, 4.7614
(32, 12): 0.0949, 3.0100, 9.9853
(32, 13): 0.0949, 3.0100, 9.9853
(32, 14): 0.0949, 3.0100, 9.9853
(32, 15): 0.0949, 3.0100, 9.9853
(32, 16): 0.1419, 3.0100, 25.8389
(32, 17): 0.1680, 3.0100, 13.6183
(32, 18): 0.1680, 3.0100, 13.6183
(32, 19): 0.1680, 3.0100, 13.6183
(32, 20): 0.2852, 3.0200, 55.6675
(32, 21): 0.2160, 3.0100, 39.2067
(32, 22): 0.1361, 3.0100, 9.5349
(32, 23): 0.1361, 3.0100, 9.5349
(32, 24): 0.1361, 3.0100, 9.5349
(32, 25): 0.1361, 3.0100, 9.5349
(32, 26): 0.1361, 3.0100, 9.5349
(32, 27): 0.1361, 3.0100, 9.5349
(33, 1): 0.1640, 3.0199, 34.8586
(33, 2): 0.1640, 3.0199, 34.8586
(33, 3): 0.0799, 3.0000, 17.7322
(33, 4): 0.0531, 3.0100, 15.3280
(33, 5): 0.2410, 3.0200, 47.9838
(33, 6): 0.2131, 3.0200, 45.8941
(33, 7): 0.1412, 3.0100, 13.8119
(33, 8): 0.1412, 3.0100, 13.8119
(33, 9): 0.1412, 3.0100, 13.8119
(33, 10): 0.1412, 3.0100, 13.8119
(33, 11): 0.1050, 3.0100, 4.7614
(33, 12): 0.0949, 3.0100, 9.9853
(33, 13): 0.0949, 3.0100, 9.9853
(33, 14): 0.0949, 3.0100, 9.9853
(33, 15): 0.0949, 3.0100, 9.9853
(33, 16): 0.2350, 3.0200, 36.1399
(33, 17): 0.2350, 3.0200, 36.1399
(33, 18): 0.2350, 3.0200, 36.1399
(33, 19): 0.2350, 3.0200, 36.1399
(33, 20): 0.2964, 3.0100, 57.9164
(33, 21): 0.2828, 3.0100, 56.5727
(33, 22): 0.1862, 3.0300, 25.3103
(33, 23): 0.1862, 3.0300, 25.3103
(33, 24): 0.1862, 3.0300, 25.3103
(33, 25): 0.1862, 3.0300, 25.3103
(33, 26): 0.1862, 3.0300, 25.3103
(33, 27): 0.1862, 3.0300, 25.3103
(34, 1): 0.1640, 3.0199, 34.8586
(34, 2): 0.1640, 3.0199, 34.8586
(34, 3): 0.0799, 3.0000, 17.7322
(34, 4): 0.0531, 3.0100, 15.3280
(34, 5): 0.2410, 3.0200, 47.9838
(34, 6): 0.2131, 3.0200, 45.8941
(34, 7): 0.1412, 3.0100, 13.8119
(34, 8): 0.1412, 3.0100, 13.8119
(34, 9): 0.1412, 3.0100, 13.8119
(34, 10): 0.1412, 3.0100, 13.8119
(34, 11): 0.1412, 3.0100, 13.8119
(34, 12): 0.0949, 3.0100, 9.9853
(34, 13): 0.0949, 3.0100, 9.9853
(34, 14): 0.2217, 3.0200, 31.7007
(34, 15): 0.2217, 3.0200, 31.7007
(34, 16): 0.2217, 3.0200, 31.7007
(34, 17): 0.2217, 3.0200, 31.7007
(34, 18): 0.2217, 3.0200, 31.7007
(34, 19): 0.2217, 3.0200, 31.7007
(34, 20): 0.2444, 3.0100, 59.5104
(34, 21): 0.2404, 3.0100, 59.6334
(34, 22): 0.0956, 3.0100, 10.3446
(34, 23): 0.0956, 3.0100, 10.3446
(34, 24): 0.0956, 3.0100, 10.3446
(34, 25): 0.0956, 3.0100, 10.3446
(34, 26): 0.0956, 3.0100, 10.3446
(34, 27): 0.0956, 3.0100, 10.3446
