(9, 1): 0.2972, 0.1009, 3.2004, 0.2297
(9, 2): 0.2972, 0.1009, 3.2004, 0.2297
(9, 3): 0.4381, 0.1001, 2.8311, 0.2747
(9, 4): 0.5026, 0.1014, 2.7397, 0.3000
(9, 5): 0.5026, 0.1014, 2.7397, 0.3000
(9, 6): 0.3973, 0.1010, 3.1677, 0.3015
(9, 7): 0.5419, 0.1003, 2.5816, 0.2993
(9, 8): 0.5419, 0.1003, 2.5816, 0.2993
(9, 9): 0.5944, 0.1004, 2.4661, 0.2810
(9, 10): 0.6895, 0.1000, 2.1197, 0.3077
(9, 11): 0.5868, 0.1005, 2.3552, 0.2832
(9, 12): 0.5868, 0.1005, 2.3552, 0.2832
(9, 13): 0.4645, 0.1006, 2.7457, 0.2938
(9, 14): 0.5881, 0.1005, 2.2123, 0.3007
(9, 15): 0.5881, 0.1005, 2.2123, 0.3007
(9, 16): 0.6628, 0.1006, 1.8921, 0.2952
(9, 17): 0.7506, 0.1008, 1.6785, 0.2744
(9, 18): 0.7506, 0.1008, 1.6785, 0.2744
(9, 19): 0.7267, 0.1008, 1.6935, 0.2930
(9, 20): 0.6466, 0.1008, 1.9710, 0.3275
(9, 21): 0.5578, 0.1002, 2.1959, 0.2513
(9, 22): 0.5578, 0.1002, 2.1959, 0.2513
(9, 23): 0.7443, 0.1001, 1.5286, 0.2978
(9, 24): 0.6615, 0.1003, 1.8055, 0.3421
(9, 25): 0.6615, 0.1003, 1.8055, 0.3421
(9, 26): 0.7606, 0.1015, 1.5399, 0.3081
(9, 27): 0.8273, 0.1004, 1.3799, 0.3114
(9, 28): 0.6167, 0.1003, 1.9754, 0.2531
(9, 29): 0.6167, 0.1003, 1.9754, 0.2531
(9, 30): 0.7232, 0.1016, 1.6669, 0.3469
(9, 31): 0.6396, 0.1001, 1.9175, 0.3044
(9, 32): 0.6396, 0.1001, 1.9175, 0.3044
(9, 33): 0.6649, 0.1004, 1.9426, 0.3432
(9, 34): 0.4973, 0.1002, 2.7922, 0.2733
(9, 35): 0.5631, 0.1002, 2.3085, 0.3293
(9, 36): 0.5631, 0.1002, 2.3085, 0.3293
(9, 37): 0.6142, 0.1019, 2.0985, 0.3304
(10, 1): 0.3243, 0.1032, 3.1945, 0.3209
(10, 2): 0.3243, 0.1032, 3.1945, 0.3209
(10, 3): 0.4795, 0.1002, 2.8138, 0.2542
(10, 4): 0.4735, 0.1005, 2.7975, 0.2454
(10, 5): 0.4735, 0.1005, 2.7975, 0.2454
(10, 6): 0.4640, 0.1003, 2.8729, 0.2403
(10, 7): 0.4932, 0.1003, 2.8346, 0.2505
(10, 8): 0.4932, 0.1003, 2.8346, 0.2505
(10, 9): 0.5848, 0.1010, 2.4534, 0.2897
(10, 10): 0.5122, 0.1014, 2.7660, 0.3190
(10, 11): 0.6380, 0.1012, 2.2521, 0.2736
(10, 12): 0.6380, 0.1012, 2.2521, 0.2736
(10, 13): 0.5147, 0.1004, 2.6340, 0.2564
(10, 14): 0.5193, 0.1002, 2.5973, 0.3289
(10, 15): 0.5193, 0.1002, 2.5973, 0.3289
(10, 16): 0.5505, 0.1007, 2.5131, 0.3571
(10, 17): 0.7475, 0.1003, 1.8164, 0.3209
(10, 18): 0.7960, 0.1008, 1.6033, 0.3026
(10, 19): 0.7960, 0.1008, 1.6033, 0.3026
(10, 20): 0.6592, 0.1014, 1.8897, 0.3062
(10, 21): 0.6734, 0.1020, 1.8190, 0.3403
(10, 22): 0.6734, 0.1020, 1.8190, 0.3403
(10, 23): 0.6851, 0.1006, 1.8310, 0.3205
(10, 24): 0.6960, 0.1000, 1.7774, 0.2784
(10, 25): 0.6960, 0.1000, 1.7774, 0.2784
(10, 26): 0.8000, 0.1005, 1.4325, 0.3110
(10, 27): 0.7156, 0.1007, 1.6608, 0.3062
(10, 28): 0.6016, 0.1014, 2.0909, 0.2714
(10, 29): 0.6016, 0.1014, 2.0909, 0.2714
(10, 30): 0.6102, 0.1001, 2.0781, 0.3081
(10, 31): 0.7499, 0.1001, 1.6994, 0.3516
(10, 32): 0.7499, 0.1001, 1.6994, 0.3516
(10, 33): 0.6423, 0.1016, 1.9808, 0.2846
(10, 34): 0.7938, 0.1000, 1.5737, 0.2766
(10, 35): 0.6220, 0.1010, 2.0988, 0.2864
(10, 36): 0.6220, 0.1010, 2.0988, 0.2864
(10, 37): 0.5747, 0.1001, 2.1762, 0.3377
(11, 1): 0.4550, 0.1004, 2.8089, 0.2575
(11, 2): 0.4550, 0.1004, 2.8089, 0.2575
(11, 3): 0.4895, 0.1013, 2.7174, 0.2443
(11, 4): 0.4641, 0.1004, 2.8027, 0.2421
(11, 5): 0.4641, 0.1004, 2.8027, 0.2421
(11, 6): 0.4584, 0.1014, 2.8499, 0.2322
(11, 7): 0.4260, 0.1001, 3.0457, 0.2689
(11, 8): 0.4260, 0.1001, 3.0457, 0.2689
(11, 9): 0.5975, 0.1002, 2.3243, 0.2883
(11, 10): 0.5974, 0.1002, 2.3790, 0.2725
(11, 11): 0.5378, 0.1004, 2.5981, 0.2711
(11, 12): 0.5378, 0.1004, 2.5981, 0.2711
(11, 13): 0.6631, 0.1001, 2.0112, 0.2388
(11, 14): 0.5053, 0.1004, 2.5509, 0.2799
(11, 15): 0.5053, 0.1004, 2.5509, 0.2799
(11, 16): 0.5913, 0.1012, 2.3223, 0.2736
(11, 17): 0.6257, 0.1002, 2.1272, 0.2758
(11, 18): 0.5374, 0.1025, 2.5613, 0.3681
(11, 19): 0.5374, 0.1025, 2.5613, 0.3681
(11, 20): 0.5256, 0.1009, 2.3948, 0.3604
(11, 21): 0.6015, 0.1010, 2.1806, 0.3491
(11, 22): 0.6015, 0.1010, 2.1806, 0.3491
(11, 23): 0.5566, 0.1008, 2.2104, 0.2960
(11, 24): 0.5657, 0.1006, 2.2967, 0.3377
(11, 25): 0.5657, 0.1006, 2.2967, 0.3377
(11, 26): 0.7000, 0.1010, 1.8363, 0.3513
(11, 27): 0.6999, 0.1001, 1.7861, 0.2883
(11, 28): 0.8244, 0.1002, 1.5488, 0.3297
(11, 29): 0.8244, 0.1002, 1.5488, 0.3297
(11, 30): 0.6892, 0.1011, 1.9115, 0.2744
(11, 31): 0.6458, 0.1002, 2.0514, 0.3473
(11, 32): 0.6458, 0.1002, 2.0514, 0.3473
(11, 33): 0.5760, 0.1018, 2.3292, 0.2780
(11, 34): 0.5590, 0.1005, 2.4514, 0.3894
(11, 35): 0.7069, 0.1004, 1.8079, 0.2886
(11, 36): 0.7069, 0.1004, 1.8079, 0.2886
(11, 37): 0.5654, 0.1001, 2.2311, 0.2784
(12, 1): 0.5358, 0.1004, 2.5571, 0.2099
(12, 2): 0.5358, 0.1004, 2.5571, 0.2099
(12, 3): 0.5033, 0.1004, 2.6509, 0.2110
(12, 4): 0.5161, 0.1026, 2.5915, 0.2315
(12, 5): 0.5161, 0.1026, 2.5915, 0.2315
(12, 6): 0.4871, 0.1001, 2.7260, 0.2315
(12, 7): 0.5594, 0.1013, 2.4729, 0.3004
(12, 8): 0.5594, 0.1013, 2.4729, 0.3004
(12, 9): 0.5758, 0.1005, 2.4100, 0.2619
(12, 10): 0.4341, 0.1004, 2.9996, 0.3322
(12, 11): 0.4697, 0.1002, 2.8997, 0.2630
(12, 12): 0.4697, 0.1002, 2.8997, 0.2630
(12, 13): 0.5629, 0.1001, 2.4374, 0.2645
(12, 14): 0.4122, 0.1009, 2.9437, 0.2498
(12, 15): 0.4122, 0.1009, 2.9437, 0.2498
(12, 16): 0.4969, 0.1004, 2.5352, 0.2289
(12, 17): 0.6355, 0.1010, 2.0221, 0.3073
(12, 18): 0.5031, 0.1022, 2.4807, 0.2872
(12, 19): 0.5031, 0.1022, 2.4807, 0.2872
(12, 20): 0.5237, 0.1025, 2.4652, 0.2916
(12, 21): 0.6016, 0.1004, 2.1945, 0.3209
(12, 22): 0.6016, 0.1004, 2.1945, 0.3209
(12, 23): 0.4548, 0.1023, 2.7362, 0.3304
(12, 24): 0.5721, 0.1019, 2.3502, 0.2897
(12, 25): 0.5721, 0.1019, 2.3502, 0.2897
(12, 26): 0.7366, 0.1000, 1.7722, 0.2989
(12, 27): 0.6207, 0.1019, 2.0993, 0.2766
(12, 28): 0.6850, 0.1001, 1.9179, 0.3040
(12, 29): 0.6850, 0.1001, 1.9179, 0.3040
(12, 30): 0.6438, 0.1000, 2.0298, 0.3015
(12, 31): 0.5640, 0.1003, 2.2718, 0.2799
(12, 32): 0.5640, 0.1003, 2.2718, 0.2799
(12, 33): 0.6407, 0.1002, 2.0884, 0.3601
(12, 34): 0.6939, 0.1003, 1.9949, 0.2689
(12, 35): 0.6939, 0.1003, 1.9949, 0.2689
(12, 36): 0.7690, 0.1002, 1.6744, 0.3341
(12, 37): 0.6454, 0.1004, 2.0134, 0.2894
(13, 1): 0.5167, 0.1002, 2.6612, 0.2205
(13, 2): 0.5167, 0.1002, 2.6612, 0.2205
(13, 3): 0.5562, 0.1020, 2.5013, 0.2165
(13, 4): 0.5540, 0.1034, 2.5020, 0.2623
(13, 5): 0.5540, 0.1034, 2.5020, 0.2623
(13, 6): 0.5201, 0.1005, 2.5971, 0.2099
(13, 7): 0.3817, 0.1004, 3.4245, 0.2359
(13, 8): 0.3817, 0.1004, 3.4245, 0.2359
(13, 9): 0.4125, 0.1002, 3.2802, 0.3608
(13, 10): 0.3817, 0.1007, 3.4077, 0.2784
(13, 11): 0.6172, 0.1003, 2.3976, 0.2762
(13, 12): 0.6172, 0.1003, 2.3976, 0.2762
(13, 13): 0.5629, 0.1001, 2.4374, 0.2645
(13, 14): 0.4122, 0.1009, 2.9437, 0.2498
(13, 15): 0.4122, 0.1009, 2.9437, 0.2498
(13, 16): 0.4969, 0.1004, 2.5352, 0.2289
(13, 17): 0.6355, 0.1010, 2.0221, 0.3073
(13, 18): 0.5031, 0.1022, 2.4807, 0.2872
(13, 19): 0.5031, 0.1022, 2.4807, 0.2872
(13, 20): 0.5237, 0.1025, 2.4652, 0.2916
(13, 21): 0.6016, 0.1004, 2.1945, 0.3209
(13, 22): 0.6016, 0.1004, 2.1945, 0.3209
(13, 23): 0.4548, 0.1023, 2.7362, 0.3304
(13, 24): 0.5721, 0.1019, 2.3502, 0.2897
(13, 25): 0.5721, 0.1019, 2.3502, 0.2897
(13, 26): 0.7366, 0.1000, 1.7722, 0.2989
(13, 27): 0.6207, 0.1019, 2.0993, 0.2766
(13, 28): 0.6850, 0.1001, 1.9179, 0.3040
(13, 29): 0.6850, 0.1001, 1.9179, 0.3040
(13, 30): 0.6438, 0.1000, 2.0298, 0.3015
(13, 31): 0.6147, 0.1014, 2.2753, 0.3040
(13, 32): 0.6147, 0.1014, 2.2753, 0.3040
(13, 33): 0.5833, 0.1000, 2.5088, 0.2725
(13, 34): 0.5738, 0.1001, 2.4997, 0.3267
(13, 35): 0.5738, 0.1001, 2.4997, 0.3267
(13, 36): 0.5828, 0.1006, 2.3050, 0.2744
(13, 37): 0.6774, 0.1001, 1.8206, 0.3282
(14, 1): 0.5439, 0.1015, 2.5557, 0.2011
(14, 2): 0.5439, 0.1015, 2.5557, 0.2011
(14, 3): 0.5189, 0.1014, 2.6720, 0.2641
(14, 4): 0.5494, 0.1004, 2.5199, 0.2443
(14, 5): 0.5494, 0.1004, 2.5199, 0.2443
(14, 6): 0.3683, 0.1000, 3.4531, 0.1824
(14, 7): 0.3817, 0.1004, 3.4245, 0.2359
(14, 8): 0.4125, 0.1002, 3.2802, 0.3608
(14, 9): 0.4125, 0.1002, 3.2802, 0.3608
(14, 10): 0.3817, 0.1007, 3.4077, 0.2784
(14, 11): 0.6172, 0.1003, 2.3976, 0.2762
(14, 12): 0.6172, 0.1003, 2.3976, 0.2762
(14, 13): 0.5936, 0.1026, 2.5260, 0.2634
(14, 14): 0.4801, 0.1027, 3.0461, 0.2615
(14, 15): 0.4801, 0.1027, 3.0461, 0.2615
(14, 16): 0.4962, 0.1004, 2.7270, 0.2930
(14, 17): 0.5062, 0.1002, 2.5646, 0.2421
(14, 18): 0.5738, 0.1012, 2.3486, 0.2777
(14, 19): 0.5738, 0.1012, 2.3486, 0.2777
(14, 20): 0.5052, 0.1000, 2.4928, 0.3216
(14, 21): 0.5187, 0.1006, 2.5157, 0.2872
(14, 22): 0.5187, 0.1006, 2.5157, 0.2872
(14, 23): 0.5310, 0.1002, 2.4665, 0.3125
(14, 24): 0.6646, 0.1001, 2.1414, 0.2700
(14, 25): 0.6646, 0.1001, 2.1414, 0.2700
(14, 26): 0.6345, 0.1017, 2.0800, 0.2952
(14, 27): 0.6585, 0.1005, 1.9911, 0.2982
(14, 28): 0.6400, 0.1001, 2.0815, 0.2941
(14, 29): 0.6400, 0.1001, 2.0815, 0.2941
(14, 30): 0.6657, 0.1013, 1.9989, 0.3106
(14, 31): 0.6147, 0.1014, 2.2753, 0.3040
(14, 32): 0.6147, 0.1014, 2.2753, 0.3040
(14, 33): 0.5833, 0.1000, 2.5088, 0.2725
(14, 34): 0.5738, 0.1001, 2.4997, 0.3267
(14, 35): 0.5738, 0.1001, 2.4997, 0.3267
(14, 36): 0.5828, 0.1006, 2.3050, 0.2744
(14, 37): 0.6240, 0.1030, 2.0080, 0.3275
(15, 1): 0.5670, 0.1003, 2.4588, 0.2377
(15, 2): 0.5670, 0.1003, 2.4588, 0.2377
(15, 3): 0.5189, 0.1014, 2.6720, 0.2641
(15, 4): 0.5494, 0.1004, 2.5199, 0.2443
(15, 5): 0.5494, 0.1004, 2.5199, 0.2443
(15, 6): 0.3683, 0.1000, 3.4531, 0.1824
(15, 7): 0.4096, 0.1012, 3.2512, 0.3073
(15, 8): 0.4145, 0.1002, 3.2607, 0.2678
(15, 9): 0.4145, 0.1002, 3.2607, 0.2678
(15, 10): 0.3927, 0.1018, 3.4955, 0.2311
(15, 11): 0.4481, 0.1012, 3.1512, 0.2729
(15, 12): 0.4481, 0.1012, 3.1512, 0.2729
(15, 13): 0.5792, 0.1004, 2.5393, 0.2784
(15, 14): 0.5413, 0.1007, 2.7054, 0.2403
(15, 15): 0.5413, 0.1007, 2.7054, 0.2403
(15, 16): 0.5815, 0.1010, 2.3290, 0.3000
(15, 17): 0.5317, 0.1006, 2.4710, 0.2784
(15, 18): 0.5280, 0.1001, 2.3945, 0.2835
(15, 19): 0.5280, 0.1001, 2.3945, 0.2835
(15, 20): 0.6081, 0.1018, 2.1679, 0.2912
(15, 21): 0.5258, 0.1002, 2.4525, 0.2864
(15, 22): 0.5258, 0.1002, 2.4525, 0.2864
(15, 23): 0.5289, 0.1018, 2.5977, 0.3048
(15, 24): 0.5364, 0.1000, 2.5899, 0.3388
(15, 25): 0.5364, 0.1000, 2.5899, 0.3388
(15, 26): 0.5643, 0.1016, 2.4508, 0.2670
(15, 27): 0.7005, 0.1011, 1.9062, 0.2802
(15, 28): 0.5397, 0.1004, 2.5472, 0.3839
(15, 29): 0.5397, 0.1004, 2.5472, 0.3839
(15, 30): 0.7250, 0.1002, 1.9313, 0.3443
(15, 31): 0.7248, 0.1008, 1.9318, 0.2839
(15, 32): 0.7248, 0.1008, 1.9318, 0.2839
(15, 33): 0.6350, 0.1001, 2.1748, 0.2571
(15, 34): 0.6305, 0.1004, 2.2448, 0.3212
(15, 35): 0.6305, 0.1004, 2.2448, 0.3212
(15, 36): 0.6786, 0.1003, 1.9044, 0.3227
(15, 37): 0.6240, 0.1030, 2.0080, 0.3275
(16, 1): 0.5670, 0.1003, 2.4588, 0.2377
(16, 2): 0.5670, 0.1003, 2.4588, 0.2377
(16, 3): 0.5363, 0.1002, 2.5845, 0.2689
(16, 4): 0.3903, 0.1012, 3.3862, 0.1949
(16, 5): 0.3903, 0.1012, 3.3862, 0.1949
(16, 6): 0.3844, 0.1007, 3.3717, 0.3154
(16, 7): 0.4133, 0.1000, 3.2521, 0.2652
(16, 8): 0.3934, 0.1036, 3.4608, 0.2615
(16, 9): 0.3934, 0.1036, 3.4608, 0.2615
(16, 10): 0.3784, 0.1003, 3.5797, 0.2678
(16, 11): 0.4620, 0.1017, 3.0817, 0.2487
(16, 12): 0.4620, 0.1017, 3.0817, 0.2487
(16, 13): 0.3191, 0.1004, 3.8865, 0.2282
(16, 14): 0.5600, 0.1007, 2.7466, 0.2901
(16, 15): 0.5600, 0.1007, 2.7466, 0.2901
(16, 16): 0.6307, 0.1004, 2.2435, 0.2795
(16, 17): 0.5901, 0.1007, 2.3141, 0.2780
(16, 18): 0.4602, 0.1004, 2.8551, 0.2220
(16, 19): 0.4602, 0.1004, 2.8551, 0.2220
(16, 20): 0.6684, 0.1001, 2.1408, 0.2264
(16, 21): 0.6849, 0.1002, 2.0346, 0.2520
(16, 22): 0.6849, 0.1002, 2.0346, 0.2520
(16, 23): 0.4680, 0.1020, 2.9581, 0.2234
(16, 24): 0.6316, 0.1007, 2.3521, 0.3125
(16, 25): 0.6316, 0.1007, 2.3521, 0.3125
(16, 26): 0.4690, 0.1004, 3.1794, 0.3022
(16, 27): 0.6460, 0.1000, 2.0037, 0.3099
(16, 28): 0.5342, 0.1002, 2.5938, 0.3150
(16, 29): 0.5342, 0.1002, 2.5938, 0.3150
(16, 30): 0.5536, 0.1006, 2.4704, 0.2938
(16, 31): 0.6110, 0.1004, 2.0915, 0.2923
(16, 32): 0.6110, 0.1004, 2.0915, 0.2923
(16, 33): 0.6493, 0.1007, 2.0807, 0.3139
(16, 34): 0.7319, 0.1001, 1.8509, 0.2527
(16, 35): 0.7319, 0.1001, 1.8509, 0.2527
(16, 36): 0.6970, 0.1004, 1.7909, 0.3073
(16, 37): 0.7092, 0.1007, 1.7243, 0.3223
(1, 1): 0.4987, 0.1003, 2.1179, 0.2557
(1, 2): 0.4987, 0.1003, 2.1179, 0.2557
(1, 3): 0.4848, 0.1008, 2.1406, 0.2516
(1, 4): 0.4848, 0.1008, 2.1406, 0.2516
(1, 5): 0.5219, 0.1006, 2.0681, 0.2945
(1, 6): 0.5551, 0.1005, 1.9621, 0.2454
(1, 7): 0.6133, 0.1005, 1.7997, 0.2560
(1, 8): 0.6133, 0.1005, 1.7997, 0.2560
(1, 9): 0.4786, 0.1012, 2.2874, 0.2993
(1, 10): 0.4027, 0.1011, 2.6974, 0.2414
(1, 11): 0.4027, 0.1011, 2.6974, 0.2414
(1, 12): 0.4696, 0.1007, 2.3630, 0.2473
(1, 13): 0.4528, 0.1013, 2.3784, 0.2685
(1, 14): 0.4411, 0.1014, 2.3212, 0.2370
(1, 15): 0.4411, 0.1014, 2.3212, 0.2370
(1, 16): 0.5815, 0.1005, 1.7463, 0.2703
(1, 17): 0.5254, 0.1016, 1.7736, 0.3227
(1, 18): 0.5254, 0.1016, 1.7736, 0.3227
(1, 19): 0.4443, 0.1018, 1.9935, 0.2780
(1, 20): 0.5066, 0.1019, 2.0435, 0.2454
(1, 21): 0.5532, 0.1000, 2.0396, 0.3022
(1, 22): 0.5532, 0.1000, 2.0396, 0.3022
(1, 23): 0.4616, 0.1011, 2.6621, 0.3150
(1, 24): 0.5473, 0.1012, 2.2818, 0.2604
(1, 25): 0.4988, 0.1002, 2.5536, 0.2934
(1, 26): 0.4988, 0.1002, 2.5536, 0.2934
(1, 27): 0.5372, 0.1019, 2.4402, 0.2747
(1, 28): 0.5041, 0.1002, 2.5729, 0.3403
(1, 29): 0.5041, 0.1002, 2.5729, 0.3403
(1, 30): 0.5008, 0.1003, 2.0682, 0.2886
(1, 31): 0.5330, 0.1004, 1.5908, 0.3648
(1, 32): 0.7537, 0.1002, 1.1692, 0.2927
(1, 33): 0.7537, 0.1002, 1.1692, 0.2927
(1, 34): 0.6655, 0.1003, 1.5811, 0.2769
(1, 35): 0.6128, 0.1002, 1.8811, 0.3132
(1, 36): 0.6128, 0.1002, 1.8811, 0.3132
(1, 37): 0.4552, 0.1006, 2.5348, 0.3293
(2, 1): 0.5602, 0.1005, 2.2150, 0.2484
(2, 2): 0.5602, 0.1005, 2.2150, 0.2484
(2, 3): 0.5652, 0.1010, 2.1996, 0.2524
(2, 4): 0.5652, 0.1010, 2.1996, 0.2524
(2, 5): 0.5281, 0.1001, 2.1981, 0.2440
(2, 6): 0.5256, 0.1006, 2.2212, 0.2648
(2, 7): 0.3701, 0.1003, 2.7687, 0.3516
(2, 8): 0.3701, 0.1003, 2.7687, 0.3516
(2, 9): 0.4308, 0.1019, 2.4960, 0.2678
(2, 10): 0.5397, 0.1006, 2.1596, 0.2604
(2, 11): 0.5397, 0.1006, 2.1596, 0.2604
(2, 12): 0.5962, 0.1003, 1.9371, 0.3168
(2, 13): 0.4528, 0.1013, 2.3784, 0.2685
(2, 14): 0.4411, 0.1014, 2.3212, 0.2370
(2, 15): 0.4411, 0.1014, 2.3212, 0.2370
(2, 16): 0.5815, 0.1005, 1.7463, 0.2703
(2, 17): 0.5254, 0.1016, 1.7736, 0.3227
(2, 18): 0.5254, 0.1016, 1.7736, 0.3227
(2, 19): 0.4443, 0.1018, 1.9935, 0.2780
(2, 20): 0.5066, 0.1019, 2.0435, 0.2454
(2, 21): 0.5532, 0.1000, 2.0396, 0.3022
(2, 22): 0.5532, 0.1000, 2.0396, 0.3022
(2, 23): 0.4616, 0.1011, 2.6621, 0.3150
(2, 24): 0.5473, 0.1012, 2.2818, 0.2604
(2, 25): 0.4988, 0.1002, 2.5536, 0.2934
(2, 26): 0.4988, 0.1002, 2.5536, 0.2934
(2, 27): 0.5372, 0.1019, 2.4402, 0.2747
(2, 28): 0.5041, 0.1002, 2.5729, 0.3403
(2, 29): 0.5041, 0.1002, 2.5729, 0.3403
(2, 30): 0.4830, 0.1012, 1.7441, 0.2505
(2, 31): 0.6470, 0.1011, 1.3045, 0.3432
(2, 32): 0.5868, 0.1035, 1.6111, 0.2440
(2, 33): 0.5868, 0.1035, 1.6111, 0.2440
(2, 34): 0.5021, 0.1017, 2.0459, 0.2491
(2, 35): 0.5789, 0.1003, 1.9842, 0.3172
(2, 36): 0.5789, 0.1003, 1.9842, 0.3172
(2, 37): 0.4798, 0.1001, 2.5373, 0.2674
(3, 1): 0.4941, 0.1008, 2.6634, 0.2919
(3, 2): 0.4941, 0.1008, 2.6634, 0.2919
(3, 3): 0.4962, 0.1001, 2.5752, 0.2857
(3, 4): 0.4962, 0.1001, 2.5752, 0.2857
(3, 5): 0.5036, 0.1001, 2.3787, 0.2842
(3, 6): 0.3887, 0.1011, 2.7171, 0.3077
(3, 7): 0.3701, 0.1003, 2.7687, 0.3516
(3, 8): 0.3701, 0.1003, 2.7687, 0.3516
(3, 9): 0.4308, 0.1019, 2.4960, 0.2678
(3, 10): 0.5397, 0.1006, 2.1596, 0.2604
(3, 11): 0.5397, 0.1006, 2.1596, 0.2604
(3, 12): 0.5962, 0.1003, 1.9371, 0.3168
(3, 13): 0.4577, 0.1001, 2.4417, 0.3231
(3, 14): 0.5582, 0.1001, 1.9245, 0.3392
(3, 15): 0.5582, 0.1001, 1.9245, 0.3392
(3, 16): 0.5924, 0.1035, 1.6627, 0.2806
(3, 17): 0.6621, 0.1004, 1.4768, 0.2912
(3, 18): 0.6621, 0.1004, 1.4768, 0.2912
(3, 19): 0.6550, 0.1001, 1.4442, 0.2216
(3, 20): 0.6233, 0.1003, 1.6798, 0.3297
(3, 21): 0.7061, 0.1004, 1.5931, 0.2773
(3, 22): 0.7061, 0.1004, 1.5931, 0.2773
(3, 23): 0.6553, 0.1001, 1.7914, 0.2949
(3, 24): 0.6322, 0.1004, 1.9989, 0.3143
(3, 25): 0.6322, 0.1004, 1.9989, 0.3143
(3, 26): 0.5811, 0.1000, 2.1518, 0.2557
(3, 27): 0.4942, 0.1002, 2.2962, 0.2663
(3, 28): 0.4911, 0.1008, 2.2375, 0.2630
(3, 29): 0.4911, 0.1008, 2.2375, 0.2630
(3, 30): 0.4830, 0.1012, 1.7441, 0.2505
(3, 31): 0.6470, 0.1011, 1.3045, 0.3432
(3, 32): 0.5868, 0.1035, 1.6111, 0.2440
(3, 33): 0.5868, 0.1035, 1.6111, 0.2440
(3, 34): 0.5021, 0.1017, 2.0459, 0.2491
(3, 35): 0.5789, 0.1003, 1.9842, 0.3172
(3, 36): 0.5789, 0.1003, 1.9842, 0.3172
(3, 37): 0.5453, 0.1012, 2.7434, 0.2879
(4, 1): 0.4297, 0.1028, 2.8234, 0.3132
(4, 2): 0.4297, 0.1028, 2.8234, 0.3132
(4, 3): 0.4962, 0.1001, 2.5752, 0.2857
(4, 4): 0.4962, 0.1001, 2.5752, 0.2857
(4, 5): 0.5036, 0.1001, 2.3787, 0.2842
(4, 6): 0.3887, 0.1011, 2.7171, 0.3077
(4, 7): 0.3691, 0.1000, 2.8114, 0.2070
(4, 8): 0.3691, 0.1000, 2.8114, 0.2070
(4, 9): 0.5113, 0.1001, 2.1971, 0.2615
(4, 10): 0.4931, 0.1010, 2.2841, 0.2897
(4, 11): 0.4931, 0.1010, 2.2841, 0.2897
(4, 12): 0.3857, 0.1002, 2.8012, 0.3396
(4, 13): 0.4981, 0.1011, 2.1906, 0.3088
(4, 14): 0.4976, 0.1002, 2.1158, 0.2890
(4, 15): 0.4976, 0.1002, 2.1158, 0.2890
(4, 16): 0.5231, 0.1013, 1.9290, 0.2839
(4, 17): 0.6523, 0.1006, 1.4881, 0.2593
(4, 18): 0.6523, 0.1006, 1.4881, 0.2593
(4, 19): 0.6394, 0.1015, 1.5748, 0.2696
(4, 20): 0.6478, 0.1003, 1.6372, 0.2407
(4, 21): 0.7757, 0.1011, 1.5621, 0.3125
(4, 22): 0.7757, 0.1011, 1.5621, 0.3125
(4, 23): 0.6589, 0.1010, 1.7489, 0.2136
(4, 24): 0.6924, 0.1013, 1.7991, 0.2886
(4, 25): 0.6924, 0.1013, 1.7991, 0.2886
(4, 26): 0.5885, 0.1003, 1.9723, 0.2516
(4, 27): 0.4710, 0.1009, 2.2992, 0.3179
(4, 28): 0.5528, 0.1019, 1.7867, 0.3004
(4, 29): 0.5528, 0.1019, 1.7867, 0.3004
(4, 30): 0.5682, 0.1005, 1.6020, 0.3070
(4, 31): 0.6403, 0.1003, 1.5175, 0.2799
(4, 32): 0.5137, 0.1001, 1.8913, 0.3725
(4, 33): 0.5137, 0.1001, 1.8913, 0.3725
(4, 34): 0.4702, 0.1004, 2.1986, 0.2872
(4, 35): 0.4439, 0.1011, 2.6140, 0.3183
(4, 36): 0.4439, 0.1011, 2.6140, 0.3183
(4, 37): 0.5453, 0.1012, 2.7434, 0.2879
(5, 1): 0.4297, 0.1028, 2.8234, 0.3132
(5, 2): 0.4297, 0.1028, 2.8234, 0.3132
(5, 3): 0.5237, 0.1016, 2.5385, 0.3227
(5, 4): 0.5237, 0.1016, 2.5385, 0.3227
(5, 5): 0.4778, 0.1005, 2.5093, 0.2652
(5, 6): 0.4456, 0.1001, 2.6027, 0.3051
(5, 7): 0.4917, 0.1010, 2.2749, 0.2626
(5, 8): 0.4917, 0.1010, 2.2749, 0.2626
(5, 9): 0.3788, 0.1009, 2.6866, 0.2465
(5, 10): 0.5055, 0.1005, 2.1736, 0.3106
(5, 11): 0.5055, 0.1005, 2.1736, 0.3106
(5, 12): 0.4952, 0.1009, 2.1873, 0.2795
(5, 13): 0.5764, 0.1006, 1.9133, 0.3187
(5, 14): 0.4878, 0.1016, 2.2285, 0.3026
(5, 15): 0.4878, 0.1016, 2.2285, 0.3026
(5, 16): 0.6000, 0.1028, 1.7504, 0.2945
(5, 17): 0.6546, 0.1015, 1.5346, 0.2659
(5, 18): 0.6546, 0.1015, 1.5346, 0.2659
(5, 19): 0.4310, 0.1011, 2.1933, 0.3275
(5, 20): 0.6315, 0.1005, 1.8970, 0.2608
(5, 21): 0.7554, 0.1007, 1.5453, 0.2410
(5, 22): 0.7554, 0.1007, 1.5453, 0.2410
(5, 23): 0.7032, 0.1005, 1.6727, 0.3187
(5, 24): 0.6742, 0.1009, 1.7135, 0.2707
(5, 25): 0.6742, 0.1009, 1.7135, 0.2707
(5, 26): 0.5781, 0.1017, 1.9443, 0.3608
(5, 27): 0.6009, 0.1007, 1.7714, 0.2963
(5, 28): 0.6383, 0.1002, 1.6523, 0.3125
(5, 29): 0.6383, 0.1002, 1.6523, 0.3125
(5, 30): 0.7026, 0.1002, 1.5048, 0.3421
(5, 31): 0.6597, 0.1015, 1.6919, 0.2846
(5, 32): 0.6597, 0.1015, 1.6919, 0.2846
(5, 33): 0.6777, 0.1001, 1.6961, 0.3143
(5, 34): 0.4999, 0.1003, 2.3380, 0.3407
(5, 35): 0.4826, 0.1002, 3.0751, 0.2938
(5, 36): 0.4826, 0.1002, 3.0751, 0.2938
(5, 37): 0.4976, 0.1007, 3.2955, 0.3136
(6, 1): 0.4354, 0.1001, 2.7238, 0.3070
(6, 2): 0.4354, 0.1001, 2.7238, 0.3070
(6, 3): 0.4130, 0.1005, 2.8581, 0.2766
(6, 4): 0.4130, 0.1005, 2.8581, 0.2766
(6, 5): 0.4806, 0.1024, 2.5500, 0.3209
(6, 6): 0.4650, 0.1004, 2.6425, 0.2949
(6, 7): 0.5652, 0.1002, 2.0987, 0.2912
(6, 8): 0.5652, 0.1002, 2.0987, 0.2912
(6, 9): 0.5007, 0.1016, 2.2125, 0.2908
(6, 10): 0.5630, 0.1013, 2.0722, 0.2824
(6, 11): 0.5630, 0.1013, 2.0722, 0.2824
(6, 12): 0.5138, 0.1000, 2.2087, 0.3044
(6, 13): 0.5775, 0.1015, 2.0322, 0.2711
(6, 14): 0.5340, 0.1001, 2.1698, 0.3147
(6, 15): 0.5340, 0.1001, 2.1698, 0.3147
(6, 16): 0.5152, 0.1001, 2.1375, 0.2769
(6, 17): 0.5506, 0.1001, 1.9232, 0.2989
(6, 18): 0.5506, 0.1001, 1.9232, 0.2989
(6, 19): 0.4926, 0.1000, 2.0501, 0.2670
(6, 20): 0.7003, 0.1010, 1.7308, 0.3125
(6, 21): 0.5824, 0.1004, 2.0485, 0.2817
(6, 22): 0.5824, 0.1004, 2.0485, 0.2817
(6, 23): 0.5824, 0.1003, 1.9266, 0.2802
(6, 24): 0.5788, 0.1007, 1.8833, 0.2791
(6, 25): 0.5788, 0.1007, 1.8833, 0.2791
(6, 26): 0.7187, 0.1014, 1.4688, 0.2842
(6, 27): 0.7347, 0.1013, 1.4894, 0.2879
(6, 28): 0.6273, 0.1007, 1.8580, 0.2641
(6, 29): 0.6273, 0.1007, 1.8580, 0.2641
(6, 30): 0.7446, 0.1005, 1.4159, 0.2806
(6, 31): 0.7013, 0.1005, 1.5434, 0.2773
(6, 32): 0.7013, 0.1005, 1.5434, 0.2773
(6, 33): 0.6697, 0.1000, 1.7366, 0.3194
(6, 34): 0.6248, 0.1004, 2.2336, 0.3194
(6, 35): 0.5098, 0.1010, 3.3180, 0.2652
(6, 36): 0.5098, 0.1010, 3.3180, 0.2652
(6, 37): 0.4527, 0.1012, 3.6546, 0.2755
(7, 1): 0.4768, 0.1004, 2.3685, 0.2747
(7, 2): 0.4768, 0.1004, 2.3685, 0.2747
(7, 3): 0.4026, 0.1015, 2.8173, 0.3165
(7, 4): 0.4627, 0.1007, 2.6407, 0.2703
(7, 5): 0.4627, 0.1007, 2.6407, 0.2703
(7, 6): 0.5046, 0.1006, 2.6674, 0.3227
(7, 7): 0.6119, 0.1013, 1.9564, 0.2725
(7, 8): 0.6119, 0.1013, 1.9564, 0.2725
(7, 9): 0.5392, 0.1011, 2.2042, 0.2864
(7, 10): 0.5182, 0.1006, 2.3398, 0.3201
(7, 11): 0.5064, 0.1020, 2.3059, 0.3029
(7, 12): 0.5064, 0.1020, 2.3059, 0.3029
(7, 13): 0.5536, 0.1006, 2.2846, 0.3103
(7, 14): 0.5156, 0.1012, 2.3094, 0.3066
(7, 15): 0.5156, 0.1012, 2.3094, 0.3066
(7, 16): 0.4846, 0.1003, 2.3383, 0.2341
(7, 17): 0.5608, 0.1007, 2.0037, 0.2769
(7, 18): 0.5608, 0.1007, 2.0037, 0.2769
(7, 19): 0.5110, 0.1002, 2.0518, 0.2744
(7, 20): 0.5937, 0.1002, 2.1379, 0.2821
(7, 21): 0.6264, 0.1003, 1.8994, 0.3223
(7, 22): 0.6264, 0.1003, 1.8994, 0.3223
(7, 23): 0.5415, 0.1002, 2.1075, 0.2769
(7, 24): 0.6390, 0.1001, 1.7025, 0.2777
(7, 25): 0.6390, 0.1001, 1.7025, 0.2777
(7, 26): 0.6173, 0.1020, 1.7458, 0.3432
(7, 27): 0.5830, 0.1005, 1.8819, 0.3337
(7, 28): 0.5914, 0.1011, 2.0078, 0.2967
(7, 29): 0.5914, 0.1011, 2.0078, 0.2967
(7, 30): 0.6842, 0.1007, 1.5824, 0.2817
(7, 31): 0.6824, 0.1020, 1.6798, 0.2608
(7, 32): 0.6824, 0.1020, 1.6798, 0.2608
(7, 33): 0.5517, 0.1008, 2.2851, 0.2176
(7, 34): 0.5427, 0.1015, 2.9239, 0.2348
(7, 35): 0.5410, 0.1007, 3.3609, 0.2755
(7, 36): 0.5410, 0.1007, 3.3609, 0.2755
(7, 37): 0.5285, 0.1006, 3.4655, 0.2619
(8, 1): 0.2700, 0.1001, 3.3519, 0.1963
(8, 2): 0.2700, 0.1001, 3.3519, 0.1963
(8, 3): 0.3847, 0.1019, 2.8557, 0.3161
(8, 4): 0.4192, 0.1003, 2.9783, 0.2696
(8, 5): 0.4192, 0.1003, 2.9783, 0.2696
(8, 6): 0.4781, 0.1008, 2.8102, 0.2886
(8, 7): 0.6526, 0.1001, 1.9788, 0.2780
(8, 8): 0.6526, 0.1001, 1.9788, 0.2780
(8, 9): 0.6105, 0.1003, 2.3303, 0.3051
(8, 10): 0.5042, 0.1000, 2.6999, 0.2685
(8, 11): 0.5129, 0.1003, 2.3657, 0.3198
(8, 12): 0.5129, 0.1003, 2.3657, 0.3198
(8, 13): 0.5416, 0.1001, 2.3359, 0.3070
(8, 14): 0.5339, 0.1009, 2.2926, 0.3110
(8, 15): 0.5339, 0.1009, 2.2926, 0.3110
(8, 16): 0.5258, 0.1007, 2.2453, 0.3147
(8, 17): 0.4912, 0.1017, 2.3030, 0.2930
(8, 18): 0.4912, 0.1017, 2.3030, 0.2930
(8, 19): 0.5803, 0.1004, 2.0162, 0.3352
(8, 20): 0.6281, 0.1014, 2.0908, 0.2828
(8, 21): 0.6309, 0.1004, 1.8710, 0.3278
(8, 22): 0.6309, 0.1004, 1.8710, 0.3278
(8, 23): 0.7392, 0.1006, 1.5667, 0.2663
(8, 24): 0.6880, 0.1010, 1.6136, 0.3190
(8, 25): 0.6880, 0.1010, 1.6136, 0.3190
(8, 26): 0.5833, 0.1001, 1.9432, 0.3114
(8, 27): 0.6780, 0.1002, 1.7423, 0.3029
(8, 28): 0.6046, 0.1000, 1.8678, 0.2967
(8, 29): 0.6046, 0.1000, 1.8678, 0.2967
(8, 30): 0.6694, 0.1028, 1.7097, 0.3260
(8, 31): 0.5696, 0.1000, 2.1044, 0.2832
(8, 32): 0.5696, 0.1000, 2.1044, 0.2832
(8, 33): 0.5947, 0.1003, 2.1671, 0.3381
(8, 34): 0.5262, 0.1026, 2.9779, 0.2912
(8, 35): 0.5411, 0.1004, 2.9571, 0.2242
(8, 36): 0.5411, 0.1004, 2.9571, 0.2242
(8, 37): 0.5338, 0.1009, 2.8498, 0.3033
(17, 1): 0.5539, 0.1005, 2.5247, 0.2919
(17, 2): 0.5539, 0.1005, 2.5247, 0.2919
(17, 3): 0.4055, 0.1005, 3.2684, 0.3344
(17, 4): 0.4310, 0.1023, 3.2124, 0.3487
(17, 5): 0.4310, 0.1023, 3.2124, 0.3487
(17, 6): 0.3695, 0.1026, 3.6106, 0.2985
(17, 7): 0.4070, 0.1018, 3.3892, 0.2795
(17, 8): 0.4676, 0.1003, 3.0918, 0.2172
(17, 9): 0.4676, 0.1003, 3.0918, 0.2172
(17, 10): 0.4484, 0.1000, 3.1066, 0.2300
(17, 11): 0.4260, 0.1001, 3.0989, 0.2630
(17, 12): 0.4260, 0.1001, 3.0989, 0.2630
(17, 13): 0.4566, 0.1002, 3.1648, 0.2612
(17, 14): 0.4524, 0.1002, 3.3101, 0.2286
(17, 15): 0.4524, 0.1002, 3.3101, 0.2286
(17, 16): 0.5726, 0.1018, 2.6371, 0.2652
(17, 17): 0.5434, 0.1002, 2.6662, 0.2637
(17, 18): 0.5131, 0.1002, 2.7065, 0.2835
(17, 19): 0.5131, 0.1002, 2.7065, 0.2835
(17, 20): 0.5536, 0.1007, 2.6106, 0.3136
(17, 21): 0.6147, 0.1004, 2.2143, 0.3209
(17, 22): 0.6147, 0.1004, 2.2143, 0.3209
(17, 23): 0.6318, 0.1002, 2.1743, 0.3315
(17, 24): 0.6275, 0.1006, 2.4296, 0.3011
(17, 25): 0.6275, 0.1006, 2.4296, 0.3011
(17, 26): 0.7559, 0.1021, 1.9353, 0.2758
(17, 27): 0.5624, 0.1004, 2.4032, 0.2476
(17, 28): 0.5489, 0.1016, 2.5083, 0.2868
(17, 29): 0.5489, 0.1016, 2.5083, 0.2868
(17, 30): 0.6603, 0.1009, 2.0120, 0.2842
(17, 31): 0.5635, 0.1001, 2.3469, 0.2685
(17, 32): 0.5635, 0.1001, 2.3469, 0.2685
(17, 33): 0.5916, 0.1007, 2.3024, 0.3297
(17, 34): 0.7180, 0.1002, 1.8084, 0.2879
(17, 35): 0.7180, 0.1002, 1.8084, 0.2879
(17, 36): 0.6033, 0.1018, 2.1088, 0.2392
(17, 37): 0.7008, 0.1004, 1.7611, 0.2458
(18, 1): 0.3772, 0.1003, 3.1576, 0.2623
(18, 2): 0.3772, 0.1003, 3.1576, 0.2623
(18, 3): 0.4036, 0.1003, 3.2793, 0.3231
(18, 4): 0.4027, 0.1002, 3.4411, 0.3117
(18, 5): 0.4647, 0.1000, 3.1109, 0.2886
(18, 6): 0.4647, 0.1000, 3.1109, 0.2886
(18, 7): 0.4394, 0.1013, 3.1277, 0.2579
(18, 8): 0.4541, 0.1012, 3.0591, 0.2535
(18, 9): 0.4541, 0.1012, 3.0591, 0.2535
(18, 10): 0.4489, 0.1007, 3.0483, 0.3029
(18, 11): 0.4297, 0.1012, 3.1847, 0.2663
(18, 12): 0.4297, 0.1012, 3.1847, 0.2663
(18, 13): 0.4979, 0.1008, 3.0765, 0.3106
(18, 14): 0.6112, 0.1005, 2.5790, 0.2736
(18, 15): 0.6112, 0.1005, 2.5790, 0.2736
(18, 16): 0.5857, 0.1025, 2.6613, 0.2300
(18, 17): 0.4850, 0.1010, 3.0124, 0.2773
(18, 18): 0.5996, 0.1012, 2.3358, 0.3055
(18, 19): 0.5996, 0.1012, 2.3358, 0.3055
(18, 20): 0.5745, 0.1002, 2.5254, 0.3348
(18, 21): 0.5937, 0.1004, 2.3881, 0.3011
(18, 22): 0.5937, 0.1004, 2.3881, 0.3011
(18, 23): 0.7751, 0.1000, 1.8451, 0.3088
(18, 24): 0.6714, 0.1008, 2.2597, 0.2821
(18, 25): 0.6714, 0.1008, 2.2597, 0.2821
(18, 26): 0.8120, 0.1000, 1.6985, 0.2846
(18, 27): 0.6790, 0.1011, 1.9594, 0.2952
(18, 28): 0.6790, 0.1011, 1.9594, 0.2952
(18, 29): 0.6320, 0.1009, 2.1384, 0.3062
(18, 30): 0.7308, 0.1025, 1.8284, 0.2985
(18, 31): 0.6978, 0.1007, 1.9287, 0.3271
(18, 32): 0.6978, 0.1007, 1.9287, 0.3271
(18, 33): 0.6363, 0.1005, 2.0953, 0.2853
(18, 34): 0.7610, 0.1001, 1.6387, 0.3194
(18, 35): 0.7610, 0.1001, 1.6387, 0.3194
(18, 36): 0.5716, 0.1010, 2.2339, 0.2832
(18, 37): 0.5799, 0.1015, 2.1560, 0.2916
(19, 1): 0.3305, 0.1027, 2.1664, 0.3392
(19, 2): 0.3305, 0.1027, 2.1664, 0.3392
(19, 3): 0.4049, 0.1002, 3.4376, 0.3062
(19, 4): 0.4345, 0.1005, 3.2288, 0.2952
(19, 5): 0.4669, 0.1002, 2.9736, 0.2784
(19, 6): 0.4669, 0.1002, 2.9736, 0.2784
(19, 7): 0.4094, 0.1015, 3.0556, 0.2938
(19, 8): 0.4341, 0.1003, 3.1521, 0.2564
(19, 9): 0.4341, 0.1003, 3.1521, 0.2564
(19, 10): 0.4204, 0.1006, 3.4324, 0.2363
(19, 11): 0.5558, 0.1023, 2.6857, 0.2634
(19, 12): 0.5558, 0.1023, 2.6857, 0.2634
(19, 13): 0.5781, 0.1008, 2.5640, 0.2766
(19, 14): 0.6291, 0.1026, 2.4481, 0.2344
(19, 15): 0.6291, 0.1026, 2.4481, 0.2344
(19, 16): 0.3931, 0.1011, 3.6783, 0.2678
(19, 17): 0.5179, 0.1014, 2.9343, 0.2223
(19, 18): 0.4027, 0.1030, 3.5963, 0.3231
(19, 19): 0.4027, 0.1030, 3.5963, 0.3231
(19, 20): 0.4820, 0.1005, 2.6961, 0.2828
(19, 21): 0.6550, 0.1006, 2.1541, 0.2956
(19, 22): 0.6550, 0.1006, 2.1541, 0.2956
(19, 23): 0.5926, 0.1012, 2.3630, 0.2399
(19, 24): 0.6859, 0.1001, 2.0087, 0.3084
(19, 25): 0.6859, 0.1001, 2.0087, 0.3084
(19, 26): 0.5544, 0.1006, 2.4639, 0.3593
(19, 27): 0.5871, 0.1004, 2.1775, 0.3194
(19, 28): 0.5871, 0.1004, 2.1775, 0.3194
(19, 29): 0.6648, 0.1008, 1.9826, 0.2842
(19, 30): 0.5790, 0.1008, 2.2313, 0.2516
(19, 31): 0.7093, 0.1002, 1.7940, 0.2773
(19, 32): 0.7093, 0.1002, 1.7940, 0.2773
(19, 33): 0.6619, 0.1004, 1.9603, 0.2930
(19, 34): 0.6120, 0.1006, 2.0503, 0.3070
(19, 35): 0.6120, 0.1006, 2.0503, 0.3070
(19, 36): 0.6979, 0.1001, 1.8187, 0.2982
(19, 37): 0.6496, 0.1001, 1.8805, 0.2784
(20, 1): 0.4178, 0.1007, 1.9440, 0.2861
(20, 2): 0.4178, 0.1007, 1.9440, 0.2861
(20, 3): 0.4581, 0.1000, 2.8900, 0.2469
(20, 4): 0.4456, 0.1007, 3.0190, 0.3026
(20, 5): 0.4276, 0.1002, 3.0085, 0.2615
(20, 6): 0.4276, 0.1002, 3.0085, 0.2615
(20, 7): 0.4509, 0.1004, 3.1148, 0.2751
(20, 8): 0.5930, 0.1004, 2.5125, 0.2923
(20, 9): 0.5930, 0.1004, 2.5125, 0.2923
(20, 10): 0.5731, 0.1049, 2.5681, 0.2674
(20, 11): 0.5538, 0.1003, 2.8655, 0.2835
(20, 12): 0.5538, 0.1003, 2.8655, 0.2835
(20, 13): 0.5161, 0.1019, 3.0383, 0.2864
(20, 14): 0.5180, 0.1013, 3.1024, 0.2755
(20, 15): 0.5180, 0.1013, 3.1024, 0.2755
(20, 16): 0.4117, 0.1006, 3.5506, 0.2161
(20, 17): 0.4665, 0.1009, 3.2080, 0.2685
(20, 18): 0.4487, 0.1004, 3.1074, 0.3132
(20, 19): 0.4487, 0.1004, 3.1074, 0.3132
(20, 20): 0.4195, 0.1004, 3.0177, 0.2505
(20, 21): 0.5082, 0.1005, 2.6358, 0.3418
(20, 22): 0.5082, 0.1005, 2.6358, 0.3418
(20, 23): 0.5774, 0.1002, 2.4266, 0.2864
(20, 24): 0.5944, 0.1001, 2.2274, 0.3278
(20, 25): 0.5944, 0.1001, 2.2274, 0.3278
(20, 26): 0.4189, 0.1017, 2.9534, 0.2495
(20, 27): 0.5965, 0.1013, 2.2024, 0.2681
(20, 28): 0.5965, 0.1013, 2.2024, 0.2681
(20, 29): 0.6712, 0.1012, 2.0299, 0.3026
(20, 30): 0.5762, 0.1006, 2.3609, 0.2813
(20, 31): 0.6460, 0.1001, 2.0144, 0.2678
(20, 32): 0.6460, 0.1001, 2.0144, 0.2678
(20, 33): 0.6297, 0.1000, 2.1440, 0.3407
(20, 34): 0.5862, 0.1006, 2.1310, 0.2949
(20, 35): 0.5862, 0.1006, 2.1310, 0.2949
(20, 36): 0.6776, 0.1003, 1.8759, 0.3560
(20, 37): 0.5486, 0.1001, 2.2717, 0.2769
(21, 1): 0.4037, 0.1001, 2.0284, 0.2656
(21, 2): 0.4114, 0.1002, 2.6926, 0.3073
(21, 3): 0.4114, 0.1002, 2.6926, 0.3073
(21, 4): 0.4140, 0.1001, 3.2279, 0.2194
(21, 5): 0.5455, 0.1001, 2.6403, 0.2700
(21, 6): 0.5455, 0.1001, 2.6403, 0.2700
(21, 7): 0.5914, 0.1020, 2.5800, 0.2634
(21, 8): 0.6114, 0.1000, 2.4549, 0.2692
(21, 9): 0.6114, 0.1000, 2.4549, 0.2692
(21, 10): 0.5729, 0.1005, 2.6180, 0.2729
(21, 11): 0.5570, 0.1002, 2.7734, 0.2432
(21, 12): 0.5570, 0.1002, 2.7734, 0.2432
(21, 13): 0.5406, 0.1000, 2.8330, 0.2227
(21, 14): 0.5291, 0.1000, 2.8353, 0.2289
(21, 15): 0.5291, 0.1000, 2.8353, 0.2289
(21, 16): 0.4005, 0.1001, 3.5599, 0.3132
(21, 17): 0.4556, 0.1015, 3.0009, 0.2341
(21, 18): 0.4403, 0.1035, 3.1339, 0.2850
(21, 19): 0.4403, 0.1035, 3.1339, 0.2850
(21, 20): 0.3913, 0.1011, 3.2489, 0.3099
(21, 21): 0.4417, 0.1008, 2.8667, 0.3212
(21, 22): 0.4417, 0.1008, 2.8667, 0.3212
(21, 23): 0.6221, 0.1005, 2.0179, 0.2520
(21, 24): 0.6248, 0.1014, 2.0971, 0.2264
(21, 25): 0.6248, 0.1014, 2.0971, 0.2264
(21, 26): 0.6616, 0.1004, 1.9230, 0.3201
(21, 27): 0.5941, 0.1009, 2.2716, 0.2784
(21, 28): 0.5941, 0.1009, 2.2716, 0.2784
(21, 29): 0.5282, 0.1005, 2.4925, 0.3179
(21, 30): 0.4976, 0.1017, 2.7128, 0.3179
(21, 31): 0.5400, 0.1017, 2.4271, 0.2905
(21, 32): 0.5400, 0.1017, 2.4271, 0.2905
(21, 33): 0.6198, 0.1002, 2.0967, 0.2824
(21, 34): 0.5865, 0.1007, 2.1729, 0.3634
(21, 35): 0.5865, 0.1007, 2.1729, 0.3634
(21, 36): 0.6081, 0.1004, 2.0497, 0.3304
(21, 37): 0.6129, 0.1004, 2.1333, 0.2674
(22, 1): 0.4169, 0.1005, 1.9777, 0.2392
(22, 2): 0.3684, 0.1014, 2.2205, 0.2370
(22, 3): 0.3684, 0.1014, 2.2205, 0.2370
(22, 4): 0.5305, 0.1007, 2.8126, 0.2491
(22, 5): 0.5396, 0.1005, 2.6682, 0.2282
(22, 6): 0.5396, 0.1005, 2.6682, 0.2282
(22, 7): 0.5628, 0.1012, 2.5961, 0.2516
(22, 8): 0.5918, 0.1005, 2.5380, 0.2377
(22, 9): 0.5918, 0.1005, 2.5380, 0.2377
(22, 10): 0.5848, 0.1004, 2.6006, 0.2366
(22, 11): 0.5687, 0.1007, 2.6828, 0.2700
(22, 12): 0.5687, 0.1007, 2.6828, 0.2700
(22, 13): 0.5574, 0.1010, 2.7119, 0.2414
(22, 14): 0.5581, 0.1016, 2.6516, 0.2780
(22, 15): 0.5077, 0.1009, 2.6040, 0.2722
(22, 16): 0.5077, 0.1009, 2.6040, 0.2722
(22, 17): 0.5159, 0.1022, 2.7354, 0.2337
(22, 18): 0.4750, 0.1000, 2.7812, 0.2718
(22, 19): 0.4750, 0.1000, 2.7812, 0.2718
(22, 20): 0.3895, 0.1001, 3.0290, 0.2835
(22, 21): 0.3903, 0.1008, 2.9538, 0.3300
(22, 22): 0.3903, 0.1008, 2.9538, 0.3300
(22, 23): 0.4698, 0.1003, 2.5480, 0.2557
(22, 24): 0.5198, 0.1000, 2.5175, 0.2440
(22, 25): 0.5198, 0.1000, 2.5175, 0.2440
(22, 26): 0.6668, 0.1001, 1.9961, 0.3271
(22, 27): 0.4942, 0.1002, 2.5131, 0.2242
(22, 28): 0.4942, 0.1002, 2.5131, 0.2242
(22, 29): 0.6059, 0.1005, 2.0723, 0.2575
(22, 30): 0.5781, 0.1002, 2.2159, 0.2575
(22, 31): 0.6560, 0.1006, 1.9173, 0.2912
(22, 32): 0.6560, 0.1006, 1.9173, 0.2912
(22, 33): 0.6174, 0.1004, 2.1915, 0.2952
(22, 34): 0.5621, 0.1001, 2.2656, 0.2890
(22, 35): 0.5621, 0.1001, 2.2656, 0.2890
(22, 36): 0.7741, 0.1005, 1.5468, 0.2923
(22, 37): 0.7592, 0.1010, 1.6708, 0.3143
(23, 1): 0.4243, 0.1011, 1.9600, 0.2308
(23, 2): 0.3682, 0.1006, 2.0264, 0.2106
(23, 3): 0.3682, 0.1006, 2.0264, 0.2106
(23, 4): 0.5724, 0.1003, 2.6538, 0.2201
(23, 5): 0.5771, 0.1004, 2.5740, 0.2355
(23, 6): 0.5771, 0.1004, 2.5740, 0.2355
(23, 7): 0.5777, 0.1019, 2.5694, 0.2278
(23, 8): 0.5798, 0.1005, 2.5882, 0.2410
(23, 9): 0.5798, 0.1005, 2.5882, 0.2410
(23, 10): 0.5816, 0.1014, 2.6299, 0.2267
(23, 11): 0.3894, 0.1012, 3.3265, 0.2275
(23, 12): 0.3894, 0.1012, 3.3265, 0.2275
(23, 13): 0.3962, 0.1010, 3.3024, 0.3011
(23, 14): 0.3960, 0.1003, 3.2765, 0.3392
(23, 15): 0.4098, 0.1005, 3.1923, 0.2311
(23, 16): 0.4098, 0.1005, 3.1923, 0.2311
(23, 17): 0.3967, 0.1032, 3.1910, 0.2908
(23, 18): 0.2763, 0.1005, 3.6266, 0.3209
(23, 19): 0.2763, 0.1005, 3.6266, 0.3209
(23, 20): 0.4027, 0.1000, 2.8507, 0.2839
(23, 21): 0.3885, 0.1020, 2.9533, 0.2850
(23, 22): 0.3885, 0.1020, 2.9533, 0.2850
(23, 23): 0.3624, 0.1000, 3.0333, 0.2864
(23, 24): 0.3913, 0.1002, 2.9213, 0.2934
(23, 25): 0.3913, 0.1002, 2.9213, 0.2934
(23, 26): 0.4499, 0.1009, 2.7229, 0.2938
(23, 27): 0.3695, 0.1002, 3.0653, 0.2755
(23, 28): 0.3695, 0.1002, 3.0653, 0.2755
(23, 29): 0.4593, 0.1005, 2.7114, 0.2960
(23, 30): 0.4914, 0.1002, 2.5384, 0.2762
(23, 31): 0.3812, 0.1008, 3.1009, 0.3758
(23, 32): 0.3812, 0.1008, 3.1009, 0.3758
(23, 33): 0.6673, 0.1002, 1.8914, 0.2974
(23, 34): 0.6244, 0.1001, 2.0544, 0.3070
(23, 35): 0.6244, 0.1001, 2.0544, 0.3070
(23, 36): 0.7026, 0.1019, 1.7689, 0.3425
(23, 37): 0.6226, 0.1002, 2.0494, 0.3564
(24, 1): 0.4284, 0.1009, 1.9708, 0.2143
(24, 2): 0.4050, 0.1001, 1.9509, 0.1989
(24, 3): 0.4050, 0.1001, 1.9509, 0.1989
(24, 4): 0.5964, 0.1006, 2.5929, 0.1930
(24, 5): 0.3475, 0.1011, 3.1902, 0.2143
(24, 6): 0.3475, 0.1011, 3.1902, 0.2143
(24, 7): 0.3640, 0.1013, 3.1844, 0.2513
(24, 8): 0.3721, 0.1022, 3.1350, 0.2549
(24, 9): 0.3721, 0.1022, 3.1350, 0.2549
(24, 10): 0.3818, 0.1007, 3.0809, 0.2348
(24, 11): 0.3678, 0.1033, 3.1483, 0.2835
(24, 12): 0.3678, 0.1033, 3.1483, 0.2835
(24, 13): 0.3962, 0.1010, 3.3024, 0.3011
(24, 14): 0.3960, 0.1003, 3.2765, 0.3392
(24, 15): 0.4098, 0.1005, 3.1923, 0.2311
(24, 16): 0.4098, 0.1005, 3.1923, 0.2311
(24, 17): 0.3967, 0.1032, 3.1910, 0.2908
(24, 18): 0.2763, 0.1005, 3.6266, 0.3209
(24, 19): 0.2763, 0.1005, 3.6266, 0.3209
(24, 20): 0.4027, 0.1000, 2.8507, 0.2839
(24, 21): 0.3885, 0.1020, 2.9533, 0.2850
(24, 22): 0.3885, 0.1020, 2.9533, 0.2850
(24, 23): 0.3624, 0.1000, 3.0333, 0.2864
(24, 24): 0.3913, 0.1002, 2.9213, 0.2934
(24, 25): 0.3913, 0.1002, 2.9213, 0.2934
(24, 26): 0.4499, 0.1009, 2.7229, 0.2938
(24, 27): 0.3695, 0.1002, 3.0653, 0.2755
(24, 28): 0.3695, 0.1002, 3.0653, 0.2755
(24, 29): 0.4593, 0.1005, 2.7114, 0.2960
(24, 30): 0.4914, 0.1002, 2.5384, 0.2762
(24, 31): 0.4430, 0.1021, 2.8124, 0.2777
(24, 32): 0.4232, 0.1008, 2.8209, 0.2967
(24, 33): 0.4733, 0.1020, 2.6342, 0.3132
(24, 34): 0.6482, 0.1007, 1.9557, 0.2465
(24, 35): 0.6482, 0.1007, 1.9557, 0.2465
(24, 36): 0.7121, 0.1002, 1.7233, 0.3165
(24, 37): 0.5100, 0.1000, 2.3954, 0.3004
(25, 1): 0.4519, 0.1000, 1.9321, 0.2018
(25, 2): 0.4193, 0.1046, 1.9556, 0.2125
(25, 3): 0.4193, 0.1046, 1.9556, 0.2125
(25, 4): 0.4741, 0.1018, 2.6887, 0.1791
(25, 5): 0.4299, 0.1005, 2.8234, 0.2223
(25, 6): 0.4299, 0.1005, 2.8234, 0.2223
(25, 7): 0.3640, 0.1013, 3.1844, 0.2513
(25, 8): 0.3721, 0.1022, 3.1350, 0.2549
(25, 9): 0.3721, 0.1022, 3.1350, 0.2549
(25, 10): 0.3818, 0.1007, 3.0809, 0.2348
(25, 11): 0.3678, 0.1033, 3.1483, 0.2835
(25, 12): 0.3678, 0.1033, 3.1483, 0.2835
(25, 13): 0.3452, 0.1011, 3.2140, 0.2853
(25, 14): 0.3422, 0.1009, 3.2220, 0.2839
(25, 15): 0.3179, 0.1005, 3.3713, 0.2941
(25, 16): 0.3179, 0.1005, 3.3713, 0.2941
(25, 17): 0.3417, 0.1002, 3.4447, 0.3037
(25, 18): 0.3566, 0.1001, 3.2910, 0.2857
(25, 19): 0.3566, 0.1001, 3.2910, 0.2857
(25, 20): 0.3593, 0.1001, 2.8658, 0.2670
(25, 21): 0.3610, 0.1018, 2.9270, 0.3099
(25, 22): 0.3610, 0.1018, 2.9270, 0.3099
(25, 23): 0.4877, 0.1022, 2.5794, 0.2527
(25, 24): 0.5482, 0.1003, 2.3049, 0.2615
(25, 25): 0.5482, 0.1003, 2.3049, 0.2615
(25, 26): 0.4867, 0.1010, 2.5027, 0.3158
(25, 27): 0.3760, 0.1003, 2.9380, 0.3044
(25, 28): 0.3760, 0.1003, 2.9380, 0.3044
(25, 29): 0.4733, 0.1005, 2.6059, 0.2454
(25, 30): 0.4430, 0.1021, 2.8124, 0.2777
(25, 31): 0.4430, 0.1021, 2.8124, 0.2777
(25, 32): 0.4232, 0.1008, 2.8209, 0.2967
(25, 33): 0.4733, 0.1020, 2.6342, 0.3132
(25, 34): 0.6482, 0.1007, 1.9557, 0.2465
(25, 35): 0.6482, 0.1007, 1.9557, 0.2465
(25, 36): 0.7121, 0.1002, 1.7233, 0.3165
(25, 37): 0.6586, 0.1004, 1.9576, 0.3044
(26, 1): 0.4828, 0.1035, 1.8677, 0.2033
(26, 2): 0.4193, 0.1046, 1.9556, 0.2125
(26, 3): 0.4193, 0.1046, 1.9556, 0.2125
(26, 4): 0.4741, 0.1018, 2.6887, 0.1791
(26, 5): 0.4299, 0.1005, 2.8234, 0.2223
(26, 6): 0.4299, 0.1005, 2.8234, 0.2223
(26, 7): 0.4611, 0.1005, 2.7320, 0.2103
(26, 8): 0.4460, 0.1016, 2.7385, 0.2077
(26, 9): 0.4460, 0.1016, 2.7385, 0.2077
(26, 10): 0.4496, 0.1015, 2.7825, 0.2330
(26, 11): 0.4411, 0.1013, 2.8157, 0.2260
(26, 12): 0.4411, 0.1013, 2.8157, 0.2260
(26, 13): 0.4177, 0.1000, 2.8616, 0.2289
(26, 14): 0.4063, 0.1006, 2.9052, 0.2315
(26, 15): 0.4113, 0.1004, 2.9542, 0.2322
(26, 16): 0.4113, 0.1004, 2.9542, 0.2322
(26, 17): 0.4907, 0.1016, 2.5807, 0.2414
(26, 18): 0.5026, 0.1003, 2.5959, 0.2370
(26, 19): 0.5026, 0.1003, 2.5959, 0.2370
(26, 20): 0.5618, 0.1021, 2.1750, 0.2011
(26, 21): 0.5098, 0.1009, 2.3755, 0.2374
(26, 22): 0.5098, 0.1009, 2.3755, 0.2374
(26, 23): 0.4848, 0.1005, 2.6506, 0.2875
(26, 24): 0.4573, 0.1015, 2.6320, 0.2612
(26, 25): 0.4573, 0.1015, 2.6320, 0.2612
(26, 26): 0.5360, 0.1008, 2.3507, 0.2923
(26, 27): 0.4387, 0.1002, 2.6767, 0.3062
(26, 28): 0.4387, 0.1002, 2.6767, 0.3062
(26, 29): 0.4528, 0.1020, 2.7363, 0.3084
(26, 30): 0.4999, 0.1008, 2.4898, 0.2212
(26, 31): 0.4999, 0.1008, 2.4898, 0.2212
(26, 32): 0.5372, 0.1011, 2.3800, 0.2872
(26, 33): 0.6000, 0.1004, 2.0790, 0.2425
(26, 34): 0.7019, 0.1009, 1.7748, 0.3051
(26, 35): 0.7019, 0.1009, 1.7748, 0.3051
(26, 36): 0.6166, 0.1007, 2.0624, 0.2575
(26, 37): 0.6586, 0.1004, 1.9576, 0.3044
(27, 1): 0.4828, 0.1035, 1.8677, 0.2033
(27, 2): 0.4792, 0.1001, 2.0803, 0.2590
(27, 3): 0.4792, 0.1001, 2.0803, 0.2590
(27, 4): 0.4946, 0.1022, 2.5752, 0.2066
(27, 5): 0.4497, 0.1005, 2.7500, 0.2183
(27, 6): 0.4497, 0.1005, 2.7500, 0.2183
(27, 7): 0.4416, 0.1008, 2.7980, 0.1996
(27, 8): 0.4565, 0.1004, 2.7596, 0.2176
(27, 9): 0.4565, 0.1004, 2.7596, 0.2176
(27, 10): 0.4543, 0.1015, 2.7695, 0.2004
(27, 11): 0.4368, 0.1000, 2.8124, 0.2289
(27, 12): 0.3879, 0.1018, 3.0039, 0.2370
(27, 13): 0.3879, 0.1018, 3.0039, 0.2370
(27, 14): 0.4146, 0.1008, 2.9062, 0.2388
(27, 15): 0.5154, 0.1004, 2.6499, 0.2692
(27, 16): 0.5154, 0.1004, 2.6499, 0.2692
(27, 17): 0.5222, 0.1010, 2.6813, 0.2315
(27, 18): 0.5377, 0.1004, 2.6682, 0.2304
(27, 19): 0.5377, 0.1004, 2.6682, 0.2304
(27, 20): 0.5956, 0.1030, 2.1311, 0.2392
(27, 21): 0.5888, 0.1010, 2.2252, 0.2359
(27, 22): 0.5888, 0.1010, 2.2252, 0.2359
(27, 23): 0.5333, 0.1003, 2.4489, 0.2487
(27, 24): 0.4366, 0.1016, 2.7883, 0.3190
(27, 25): 0.4366, 0.1016, 2.7883, 0.3190
(27, 26): 0.4513, 0.1011, 2.6850, 0.2524
(27, 27): 0.3923, 0.1037, 2.9891, 0.2586
(27, 28): 0.3923, 0.1037, 2.9891, 0.2586
(27, 29): 0.5103, 0.1002, 2.4135, 0.2744
(27, 30): 0.5836, 0.1009, 2.1979, 0.3238
(27, 31): 0.5836, 0.1009, 2.1979, 0.3238
(27, 32): 0.4844, 0.1020, 2.6656, 0.2930
(27, 33): 0.4316, 0.1003, 2.7321, 0.3516
(27, 34): 0.4316, 0.1003, 2.7321, 0.3516
(27, 35): 0.3454, 0.1014, 3.1257, 0.2143
(27, 36): 0.7140, 0.1002, 1.7009, 0.2538
(27, 37): 0.6902, 0.1002, 1.8160, 0.2604
(28, 1): 0.4899, 0.1006, 1.8497, 0.2520
(28, 2): 0.4637, 0.1012, 2.0994, 0.2531
(28, 3): 0.4637, 0.1012, 2.0994, 0.2531
(28, 4): 0.4998, 0.1003, 2.6065, 0.1996
(28, 5): 0.4966, 0.1003, 2.5882, 0.1963
(28, 6): 0.4966, 0.1003, 2.5882, 0.1963
(28, 7): 0.4599, 0.1004, 2.7428, 0.2037
(28, 8): 0.4279, 0.1003, 2.8934, 0.2136
(28, 9): 0.4279, 0.1003, 2.8934, 0.2136
(28, 10): 0.4383, 0.1035, 2.8317, 0.2000
(28, 11): 0.4702, 0.1016, 2.7438, 0.1978
(28, 12): 0.4653, 0.1016, 2.7776, 0.1938
(28, 13): 0.4653, 0.1016, 2.7776, 0.1938
(28, 14): 0.5165, 0.1000, 2.6464, 0.2150
(28, 15): 0.5318, 0.1006, 2.5995, 0.2176
(28, 16): 0.5318, 0.1006, 2.5995, 0.2176
(28, 17): 0.5092, 0.1018, 2.7108, 0.2582
(28, 18): 0.5211, 0.1001, 2.6626, 0.2538
(28, 19): 0.5211, 0.1001, 2.6626, 0.2538
(28, 20): 0.6151, 0.1014, 2.1251, 0.2590
(28, 21): 0.4831, 0.1023, 2.6580, 0.2216
(28, 22): 0.4831, 0.1023, 2.6580, 0.2216
(28, 23): 0.2962, 0.1006, 3.5660, 0.2179
(28, 24): 0.3841, 0.1012, 3.0555, 0.2729
(28, 25): 0.3841, 0.1012, 3.0555, 0.2729
(28, 26): 0.3668, 0.1019, 3.0915, 0.2949
(28, 27): 0.4933, 0.1010, 2.5599, 0.2564
(28, 28): 0.4933, 0.1010, 2.5599, 0.2564
(28, 29): 0.5078, 0.1014, 2.4085, 0.2495
(28, 30): 0.6277, 0.1012, 2.0150, 0.2667
(28, 31): 0.6277, 0.1012, 2.0150, 0.2667
(28, 32): 0.5032, 0.1005, 2.4294, 0.2905
(28, 33): 0.6434, 0.1007, 1.9488, 0.2436
(28, 34): 0.6434, 0.1007, 1.9488, 0.2436
(28, 35): 0.5285, 0.1016, 2.3460, 0.2700
(28, 36): 0.4400, 0.1003, 2.6367, 0.2410
(28, 37): 0.4659, 0.1001, 2.5968, 0.1908
(29, 1): 0.4678, 0.1007, 1.9441, 0.2110
(29, 2): 0.4816, 0.1004, 2.1897, 0.2425
(29, 3): 0.4816, 0.1004, 2.1897, 0.2425
(29, 4): 0.5220, 0.1001, 2.5573, 0.2136
(29, 5): 0.5059, 0.1004, 2.5933, 0.1993
(29, 6): 0.5059, 0.1004, 2.5933, 0.1993
(29, 7): 0.4721, 0.1001, 2.7138, 0.2084
(29, 8): 0.4629, 0.1011, 2.7904, 0.2103
(29, 9): 0.4853, 0.1019, 2.7321, 0.2125
(29, 10): 0.4853, 0.1019, 2.7321, 0.2125
(29, 11): 0.5598, 0.1006, 2.5326, 0.1952
(29, 12): 0.5522, 0.1002, 2.5708, 0.1949
(29, 13): 0.5522, 0.1002, 2.5708, 0.1949
(29, 14): 0.5334, 0.1008, 2.5947, 0.1974
(29, 15): 0.4969, 0.1004, 2.7595, 0.2234
(29, 16): 0.4969, 0.1004, 2.7595, 0.2234
(29, 17): 0.5473, 0.1012, 2.5652, 0.2341
(29, 18): 0.5107, 0.1003, 2.6178, 0.2593
(29, 19): 0.5107, 0.1003, 2.6178, 0.2593
(29, 20): 0.5172, 0.1031, 2.5297, 0.2103
(29, 21): 0.4756, 0.1008, 2.6764, 0.2670
(29, 22): 0.4756, 0.1008, 2.6764, 0.2670
(29, 23): 0.3475, 0.1007, 3.2805, 0.2777
(29, 24): 0.3750, 0.1003, 3.1538, 0.2011
(29, 25): 0.3750, 0.1003, 3.1538, 0.2011
(29, 26): 0.5817, 0.1012, 2.2483, 0.2901
(29, 27): 0.4927, 0.1008, 2.6092, 0.2516
(29, 28): 0.4927, 0.1008, 2.6092, 0.2516
(29, 29): 0.4783, 0.1000, 2.5871, 0.2476
(29, 30): 0.5840, 0.1002, 2.1320, 0.2502
(29, 31): 0.5840, 0.1002, 2.1320, 0.2502
(29, 32): 0.6184, 0.1016, 1.9812, 0.3055
(29, 33): 0.4857, 0.1001, 2.5240, 0.2875
(29, 34): 0.4857, 0.1001, 2.5240, 0.2875
(29, 35): 0.4150, 0.1001, 2.8648, 0.2670
(29, 36): 0.3917, 0.1001, 3.0342, 0.2454
(29, 37): 0.3917, 0.1001, 3.0342, 0.2454
(30, 1): 0.4554, 0.1005, 1.9654, 0.2421
(30, 2): 0.4746, 0.1001, 2.8743, 0.2132
(30, 3): 0.4746, 0.1001, 2.8743, 0.2132
(30, 4): 0.4728, 0.1000, 2.7691, 0.2223
(30, 5): 0.4932, 0.1000, 2.6824, 0.2399
(30, 6): 0.5633, 0.1004, 2.4877, 0.2106
(30, 7): 0.5633, 0.1004, 2.4877, 0.2106
(30, 8): 0.5459, 0.1000, 2.5896, 0.2114
(30, 9): 0.5653, 0.1001, 2.5599, 0.2319
(30, 10): 0.5653, 0.1001, 2.5599, 0.2319
(30, 11): 0.5662, 0.1000, 2.5219, 0.1996
(30, 12): 0.5547, 0.1000, 2.5275, 0.1956
(30, 13): 0.5547, 0.1000, 2.5275, 0.1956
(30, 14): 0.5311, 0.1001, 2.6103, 0.2026
(30, 15): 0.5297, 0.1004, 2.6308, 0.2040
(30, 16): 0.5297, 0.1004, 2.6308, 0.2040
(30, 17): 0.5352, 0.1002, 2.6030, 0.2015
(30, 18): 0.5224, 0.1008, 2.5984, 0.2264
(30, 19): 0.5224, 0.1008, 2.5984, 0.2264
(30, 20): 0.5002, 0.1010, 2.5744, 0.2103
(30, 21): 0.4893, 0.1010, 2.6217, 0.2084
(30, 22): 0.4893, 0.1010, 2.6217, 0.2084
(30, 23): 0.3960, 0.1001, 3.0882, 0.2095
(30, 24): 0.3977, 0.1004, 3.0746, 0.2059
(30, 25): 0.3977, 0.1004, 3.0746, 0.2059
(30, 26): 0.5145, 0.1016, 2.4594, 0.2956
(30, 27): 0.4464, 0.1004, 2.7563, 0.2557
(30, 28): 0.4464, 0.1004, 2.7563, 0.2557
(30, 29): 0.4613, 0.1003, 2.5728, 0.3026
(30, 30): 0.5594, 0.1003, 2.1737, 0.2205
(30, 31): 0.5594, 0.1003, 2.1737, 0.2205
(30, 32): 0.5576, 0.1000, 2.3322, 0.2553
(30, 33): 0.3704, 0.1013, 3.1525, 0.2733
(30, 34): 0.3704, 0.1013, 3.1525, 0.2733
(30, 35): 0.4119, 0.1012, 2.9674, 0.2740
(30, 36): 0.5269, 0.1005, 2.4403, 0.2817
(30, 37): 0.5269, 0.1005, 2.4403, 0.2817
(31, 1): 0.4554, 0.1005, 1.9654, 0.2421
(31, 2): 0.4746, 0.1001, 2.8743, 0.2132
(31, 3): 0.4728, 0.1000, 2.7691, 0.2223
(31, 4): 0.4728, 0.1000, 2.7691, 0.2223
(31, 5): 0.4932, 0.1000, 2.6824, 0.2399
(31, 6): 0.5633, 0.1004, 2.4877, 0.2106
(31, 7): 0.5633, 0.1004, 2.4877, 0.2106
(31, 8): 0.5459, 0.1000, 2.5896, 0.2114
(31, 9): 0.5653, 0.1001, 2.5599, 0.2319
(31, 10): 0.5653, 0.1001, 2.5599, 0.2319
(31, 11): 0.5662, 0.1000, 2.5219, 0.1996
(31, 12): 0.5547, 0.1000, 2.5275, 0.1956
(31, 13): 0.5547, 0.1000, 2.5275, 0.1956
(31, 14): 0.5311, 0.1001, 2.6103, 0.2026
(31, 15): 0.5297, 0.1004, 2.6308, 0.2040
(31, 16): 0.5297, 0.1004, 2.6308, 0.2040
(31, 17): 0.5352, 0.1002, 2.6030, 0.2015
(31, 18): 0.5224, 0.1008, 2.5984, 0.2264
(31, 19): 0.5224, 0.1008, 2.5984, 0.2264
(31, 20): 0.5002, 0.1010, 2.5744, 0.2103
(31, 21): 0.4893, 0.1010, 2.6217, 0.2084
(31, 22): 0.4893, 0.1010, 2.6217, 0.2084
(31, 23): 0.3960, 0.1001, 3.0882, 0.2095
(31, 24): 0.3977, 0.1004, 3.0746, 0.2059
(31, 25): 0.3977, 0.1004, 3.0746, 0.2059
(31, 26): 0.5145, 0.1016, 2.4594, 0.2956
(31, 27): 0.4464, 0.1004, 2.7563, 0.2557
(31, 28): 0.4464, 0.1004, 2.7563, 0.2557
(31, 29): 0.4613, 0.1003, 2.5728, 0.3026
(31, 30): 0.5594, 0.1003, 2.1737, 0.2205
(31, 31): 0.5594, 0.1003, 2.1737, 0.2205
(31, 32): 0.5576, 0.1000, 2.3322, 0.2553
(31, 33): 0.3704, 0.1013, 3.1525, 0.2733
(31, 34): 0.3704, 0.1013, 3.1525, 0.2733
(31, 35): 0.4119, 0.1012, 2.9674, 0.2740
(31, 36): 0.5269, 0.1005, 2.4403, 0.2817
(31, 37): 0.5269, 0.1005, 2.4403, 0.2817
(32, 1): 0.4554, 0.1005, 1.9654, 0.2421
(32, 2): 0.4746, 0.1001, 2.8743, 0.2132
(32, 3): 0.4728, 0.1000, 2.7691, 0.2223
(32, 4): 0.4728, 0.1000, 2.7691, 0.2223
(32, 5): 0.4932, 0.1000, 2.6824, 0.2399
(32, 6): 0.5633, 0.1004, 2.4877, 0.2106
(32, 7): 0.5633, 0.1004, 2.4877, 0.2106
(32, 8): 0.5459, 0.1000, 2.5896, 0.2114
(32, 9): 0.5653, 0.1001, 2.5599, 0.2319
(32, 10): 0.5653, 0.1001, 2.5599, 0.2319
(32, 11): 0.5662, 0.1000, 2.5219, 0.1996
(32, 12): 0.5547, 0.1000, 2.5275, 0.1956
(32, 13): 0.5547, 0.1000, 2.5275, 0.1956
(32, 14): 0.5311, 0.1001, 2.6103, 0.2026
(32, 15): 0.5297, 0.1004, 2.6308, 0.2040
(32, 16): 0.5297, 0.1004, 2.6308, 0.2040
(32, 17): 0.5352, 0.1002, 2.6030, 0.2015
(32, 18): 0.5224, 0.1008, 2.5984, 0.2264
(32, 19): 0.5224, 0.1008, 2.5984, 0.2264
(32, 20): 0.5002, 0.1010, 2.5744, 0.2103
(32, 21): 0.4893, 0.1010, 2.6217, 0.2084
(32, 22): 0.4893, 0.1010, 2.6217, 0.2084
(32, 23): 0.3960, 0.1001, 3.0882, 0.2095
(32, 24): 0.3977, 0.1004, 3.0746, 0.2059
(32, 25): 0.3977, 0.1004, 3.0746, 0.2059
(32, 26): 0.5145, 0.1016, 2.4594, 0.2956
(32, 27): 0.4464, 0.1004, 2.7563, 0.2557
(32, 28): 0.4464, 0.1004, 2.7563, 0.2557
(32, 29): 0.4613, 0.1003, 2.5728, 0.3026
(32, 30): 0.5594, 0.1003, 2.1737, 0.2205
(32, 31): 0.5594, 0.1003, 2.1737, 0.2205
(32, 32): 0.5576, 0.1000, 2.3322, 0.2553
(32, 33): 0.3704, 0.1013, 3.1525, 0.2733
(32, 34): 0.3704, 0.1013, 3.1525, 0.2733
(32, 35): 0.4119, 0.1012, 2.9674, 0.2740
(32, 36): 0.5269, 0.1005, 2.4403, 0.2817
(32, 37): 0.5269, 0.1005, 2.4403, 0.2817
