(9, 1): 0.0711, 11.0503, 5.7709
(9, 2): 0.0711, 11.0503, 5.7709
(9, 3): 0.0620, 11.0648, 6.6248
(9, 4): 0.0424, 11.0262, 7.4394
(9, 5): 0.0424, 11.0262, 7.4394
(9, 6): -0.0278, 11.0406, 6.9331
(9, 7): 0.0119, 11.0777, 6.8071
(9, 8): 0.0119, 11.0777, 6.8071
(9, 9): 0.0224, 11.0233, 7.5860
(9, 10): 0.1439, 11.0144, 6.7763
(9, 11): 0.1662, 11.0219, 6.6847
(9, 12): 0.1662, 11.0219, 6.6847
(9, 13): 0.1531, 11.0235, 7.0798
(9, 14): 0.2661, 11.0138, 5.7140
(9, 15): 0.2661, 11.0138, 5.7140
(9, 16): 0.2537, 11.0040, 5.6776
(9, 17): 0.1627, 11.0083, 7.2166
(9, 18): 0.1627, 11.0083, 7.2166
(9, 19): 0.1347, 11.0320, 6.9923
(9, 20): 0.0573, 11.0150, 7.6332
(9, 21): 0.1006, 11.0344, 7.0580
(9, 22): 0.1006, 11.0344, 7.0580
(9, 23): 0.1773, 11.1137, 7.4015
(9, 24): 0.1154, 11.0444, 7.6295
(9, 25): 0.1154, 11.0444, 7.6295
(9, 26): 0.1430, 11.0229, 6.8147
(9, 27): 0.0869, 11.0719, 7.1900
(9, 28): 0.0632, 11.0480, 6.7683
(9, 29): 0.0632, 11.0480, 6.7683
(9, 30): 0.0605, 11.0029, 6.8367
(9, 31): 0.1197, 11.0015, 6.0858
(9, 32): 0.1197, 11.0015, 6.0858
(9, 33): -0.0138, 11.0037, 7.8637
(9, 34): 0.0422, 11.0151, 8.5768
(9, 35): 0.0699, 11.0509, 7.8981
(9, 36): 0.0699, 11.0509, 7.8981
(9, 37): 0.0436, 11.0553, 7.4111
(10, 1): 0.0950, 11.0304, 6.1513
(10, 2): 0.0950, 11.0304, 6.1513
(10, 3): 0.0838, 11.1408, 7.0106
(10, 4): 0.1109, 11.0383, 6.2273
(10, 5): 0.1109, 11.0383, 6.2273
(10, 6): 0.0360, 11.0254, 6.7822
(10, 7): 0.0207, 11.0625, 6.9028
(10, 8): 0.0207, 11.0625, 6.9028
(10, 9): 0.0158, 11.1728, 6.8044
(10, 10): 0.1171, 11.1045, 6.5777
(10, 11): 0.1602, 11.0327, 6.7038
(10, 12): 0.1602, 11.0327, 6.7038
(10, 13): 0.0859, 11.0663, 7.3347
(10, 14): 0.2473, 11.0220, 5.7619
(10, 15): 0.2473, 11.0220, 5.7619
(10, 16): 0.2108, 11.0101, 6.8432
(10, 17): 0.1762, 11.0712, 7.3722
(10, 18): 0.1115, 11.0282, 7.2964
(10, 19): 0.1115, 11.0282, 7.2964
(10, 20): 0.0864, 11.0212, 6.9021
(10, 21): 0.0534, 11.0872, 6.9218
(10, 22): 0.0534, 11.0872, 6.9218
(10, 23): 0.1471, 11.0669, 6.6832
(10, 24): 0.1549, 11.0410, 7.0918
(10, 25): 0.1549, 11.0410, 7.0918
(10, 26): 0.0655, 11.0298, 7.3948
(10, 27): 0.1311, 11.0400, 5.9070
(10, 28): 0.0661, 11.0111, 6.3057
(10, 29): 0.0661, 11.0111, 6.3057
(10, 30): 0.1304, 11.0087, 5.8371
(10, 31): 0.0689, 11.0247, 6.2810
(10, 32): 0.0689, 11.0247, 6.2810
(10, 33): 0.0489, 11.0665, 6.3824
(10, 34): 0.1386, 11.1511, 7.1505
(10, 35): 0.1614, 11.0657, 6.8746
(10, 36): 0.1614, 11.0657, 6.8746
(10, 37): 0.1701, 11.0774, 7.0146
(11, 1): 0.1081, 11.0107, 5.9673
(11, 2): 0.1081, 11.0107, 5.9673
(11, 3): 0.0806, 11.0103, 6.4780
(11, 4): 0.0759, 11.0256, 6.2189
(11, 5): 0.0759, 11.0256, 6.2189
(11, 6): 0.0754, 11.0377, 6.2594
(11, 7): 0.0227, 11.0052, 6.4823
(11, 8): 0.0227, 11.0052, 6.4823
(11, 9): 0.0539, 11.0304, 6.5576
(11, 10): 0.0996, 11.0393, 6.2167
(11, 11): 0.0973, 11.0107, 6.4225
(11, 12): 0.0973, 11.0107, 6.4225
(11, 13): 0.1411, 11.0081, 5.9764
(11, 14): 0.2257, 11.0214, 5.6705
(11, 15): 0.2257, 11.0214, 5.6705
(11, 16): 0.2728, 11.0394, 6.4082
(11, 17): 0.2874, 11.0403, 5.7137
(11, 18): 0.0785, 11.0618, 6.8813
(11, 19): 0.0785, 11.0618, 6.8813
(11, 20): 0.0629, 11.0176, 6.7316
(11, 21): 0.0075, 11.0146, 7.5545
(11, 22): 0.0075, 11.0146, 7.5545
(11, 23): 0.0488, 11.0934, 7.3415
(11, 24): 0.1443, 11.0027, 6.8953
(11, 25): 0.1443, 11.0027, 6.8953
(11, 26): 0.1373, 11.0542, 6.6893
(11, 27): 0.1057, 11.0388, 6.4173
(11, 28): 0.1462, 11.0106, 6.9659
(11, 29): 0.1462, 11.0106, 6.9659
(11, 30): 0.1273, 11.0121, 6.8105
(11, 31): -0.0035, 11.0253, 6.8834
(11, 32): -0.0035, 11.0253, 6.8834
(11, 33): 0.0549, 11.0098, 6.5329
(11, 34): 0.1065, 11.0031, 7.4652
(11, 35): 0.1405, 11.1103, 6.8019
(11, 36): 0.1405, 11.1103, 6.8019
(11, 37): 0.2357, 11.0143, 6.4019
(12, 1): 0.1076, 11.0201, 6.0416
(12, 2): 0.1076, 11.0201, 6.0416
(12, 3): 0.1233, 11.1328, 5.7221
(12, 4): 0.0878, 11.0348, 6.1197
(12, 5): 0.0878, 11.0348, 6.1197
(12, 6): 0.0981, 11.0138, 6.2025
(12, 7): 0.0699, 11.0226, 6.6339
(12, 8): 0.0699, 11.0226, 6.6339
(12, 9): 0.0805, 11.1126, 6.5516
(12, 10): 0.0380, 11.0010, 6.5832
(12, 11): 0.0773, 11.0265, 6.2481
(12, 12): 0.0773, 11.0265, 6.2481
(12, 13): 0.1826, 11.0177, 5.8342
(12, 14): 0.1973, 11.0554, 6.2446
(12, 15): 0.1973, 11.0554, 6.2446
(12, 16): 0.1571, 11.0773, 6.7363
(12, 17): 0.2106, 11.0165, 6.0479
(12, 18): 0.1031, 11.0034, 6.4019
(12, 19): 0.1031, 11.0034, 6.4019
(12, 20): 0.0422, 11.2032, 7.5977
(12, 21): -0.0256, 11.0071, 9.3351
(12, 22): -0.0256, 11.0071, 9.3351
(12, 23): 0.0642, 11.0447, 7.1844
(12, 24): 0.0516, 11.0067, 7.5529
(12, 25): 0.0516, 11.0067, 7.5529
(12, 26): 0.0785, 11.0510, 7.7483
(12, 27): 0.1284, 11.0025, 6.5085
(12, 28): 0.2935, 11.0253, 6.4259
(12, 29): 0.2935, 11.0253, 6.4259
(12, 30): 0.2247, 11.1018, 5.9674
(12, 31): 0.1955, 11.0269, 5.2371
(12, 32): 0.1955, 11.0269, 5.2371
(12, 33): 0.1015, 11.3845, 6.2664
(12, 34): 0.0590, 11.0168, 7.8566
(12, 35): 0.0590, 11.0168, 7.8566
(12, 36): 0.1282, 11.0553, 7.0974
(12, 37): 0.1705, 11.1526, 7.2256
(13, 1): 0.1270, 11.0357, 5.5503
(13, 2): 0.1270, 11.0357, 5.5503
(13, 3): 0.0579, 11.0368, 6.2685
(13, 4): 0.0876, 11.0086, 5.7973
(13, 5): 0.0876, 11.0086, 5.7973
(13, 6): 0.1238, 11.0178, 5.6282
(13, 7): 0.2045, 11.0620, 6.3834
(13, 8): 0.2045, 11.0620, 6.3834
(13, 9): 0.1267, 11.0490, 6.9010
(13, 10): 0.0416, 11.0109, 7.3308
(13, 11): 0.1108, 11.0672, 7.4141
(13, 12): 0.1108, 11.0672, 7.4141
(13, 13): 0.1826, 11.0177, 5.8342
(13, 14): 0.1973, 11.0554, 6.2446
(13, 15): 0.1973, 11.0554, 6.2446
(13, 16): 0.1571, 11.0773, 6.7363
(13, 17): 0.2106, 11.0165, 6.0479
(13, 18): 0.1031, 11.0034, 6.4019
(13, 19): 0.1031, 11.0034, 6.4019
(13, 20): 0.0422, 11.2032, 7.5977
(13, 21): -0.0256, 11.0071, 9.3351
(13, 22): -0.0256, 11.0071, 9.3351
(13, 23): 0.0642, 11.0447, 7.1844
(13, 24): 0.0516, 11.0067, 7.5529
(13, 25): 0.0516, 11.0067, 7.5529
(13, 26): 0.0785, 11.0510, 7.7483
(13, 27): 0.1284, 11.0025, 6.5085
(13, 28): 0.2935, 11.0253, 6.4259
(13, 29): 0.2935, 11.0253, 6.4259
(13, 30): 0.2247, 11.1018, 5.9674
(13, 31): 0.1726, 11.0903, 6.6629
(13, 32): 0.1726, 11.0903, 6.6629
(13, 33): 0.0896, 11.0400, 7.9720
(13, 34): 0.0750, 11.0094, 7.7994
(13, 35): 0.0750, 11.0094, 7.7994
(13, 36): -0.0074, 11.0049, 7.9319
(13, 37): 0.0362, 11.0033, 7.3943
(14, 1): 0.0760, 11.0315, 6.0555
(14, 2): 0.0760, 11.0315, 6.0555
(14, 3): 0.0860, 11.0535, 5.7929
(14, 4): 0.0346, 11.0201, 6.2684
(14, 5): 0.0346, 11.0201, 6.2684
(14, 6): 0.1430, 11.0188, 6.4662
(14, 7): 0.2045, 11.0620, 6.3834
(14, 8): 0.1267, 11.0490, 6.9010
(14, 9): 0.1267, 11.0490, 6.9010
(14, 10): 0.0416, 11.0109, 7.3308
(14, 11): 0.1108, 11.0672, 7.4141
(14, 12): 0.1108, 11.0672, 7.4141
(14, 13): 0.1939, 11.0302, 7.0359
(14, 14): 0.1083, 11.0188, 7.7493
(14, 15): 0.1083, 11.0188, 7.7493
(14, 16): 0.0804, 11.0181, 7.4776
(14, 17): 0.0980, 11.0311, 7.3183
(14, 18): 0.1169, 11.0695, 7.4150
(14, 19): 0.1169, 11.0695, 7.4150
(14, 20): -0.0462, 11.0976, 7.9716
(14, 21): -0.0448, 11.0113, 8.8858
(14, 22): -0.0448, 11.0113, 8.8858
(14, 23): 0.0437, 11.0145, 7.6792
(14, 24): 0.0553, 11.0150, 8.1580
(14, 25): 0.0553, 11.0150, 8.1580
(14, 26): 0.0747, 11.0091, 7.9069
(14, 27): 0.1176, 11.0423, 7.1269
(14, 28): 0.1992, 11.0200, 6.0937
(14, 29): 0.1992, 11.0200, 6.0937
(14, 30): 0.1768, 11.0116, 6.9221
(14, 31): 0.1726, 11.0903, 6.6629
(14, 32): 0.1726, 11.0903, 6.6629
(14, 33): 0.0896, 11.0400, 7.9720
(14, 34): 0.0750, 11.0094, 7.7994
(14, 35): 0.0750, 11.0094, 7.7994
(14, 36): -0.0074, 11.0049, 7.9319
(14, 37): -0.0680, 11.0115, 7.1154
(15, 1): 0.0244, 11.0028, 6.5856
(15, 2): 0.0244, 11.0028, 6.5856
(15, 3): 0.0860, 11.0535, 5.7929
(15, 4): 0.0346, 11.0201, 6.2684
(15, 5): 0.0346, 11.0201, 6.2684
(15, 6): 0.1430, 11.0188, 6.4662
(15, 7): 0.1441, 11.0138, 6.7842
(15, 8): 0.1704, 11.0154, 6.6179
(15, 9): 0.1704, 11.0154, 6.6179
(15, 10): 0.2006, 11.0018, 6.6942
(15, 11): 0.0411, 11.0262, 7.5149
(15, 12): 0.0411, 11.0262, 7.5149
(15, 13): 0.1069, 11.1181, 6.4471
(15, 14): 0.0470, 11.0261, 7.9755
(15, 15): 0.0470, 11.0261, 7.9755
(15, 16): -0.0133, 11.0903, 7.5271
(15, 17): 0.1184, 11.0158, 6.7661
(15, 18): 0.0198, 11.0695, 8.0079
(15, 19): 0.0198, 11.0695, 8.0079
(15, 20): -0.0192, 11.0056, 8.9002
(15, 21): 0.0320, 11.0204, 7.6344
(15, 22): 0.0320, 11.0204, 7.6344
(15, 23): 0.0376, 11.0789, 8.5224
(15, 24): 0.0278, 11.0615, 7.0370
(15, 25): 0.0278, 11.0615, 7.0370
(15, 26): 0.0276, 11.0097, 8.0824
(15, 27): 0.1018, 11.0038, 7.6002
(15, 28): 0.0353, 11.0991, 8.1184
(15, 29): 0.0353, 11.0991, 8.1184
(15, 30): 0.0806, 11.0391, 8.2460
(15, 31): 0.1455, 11.0170, 7.4285
(15, 32): 0.1455, 11.0170, 7.4285
(15, 33): 0.1760, 11.0102, 6.7660
(15, 34): 0.0640, 11.0260, 8.3320
(15, 35): 0.0640, 11.0260, 8.3320
(15, 36): -0.0196, 11.0268, 7.7034
(15, 37): -0.0680, 11.0115, 7.1154
(16, 1): 0.0244, 11.0028, 6.5856
(16, 2): 0.0244, 11.0028, 6.5856
(16, 3): 0.0284, 11.0018, 6.4434
(16, 4): 0.0961, 11.0286, 6.6584
(16, 5): 0.0961, 11.0286, 6.6584
(16, 6): 0.1136, 11.0083, 6.6284
(16, 7): 0.1647, 11.0071, 6.8186
(16, 8): 0.2560, 11.0494, 6.5464
(16, 9): 0.2560, 11.0494, 6.5464
(16, 10): 0.2321, 11.0243, 6.5090
(16, 11): 0.0387, 11.0480, 7.8357
(16, 12): 0.0387, 11.0480, 7.8357
(16, 13): 0.0508, 11.0014, 7.3086
(16, 14): 0.1421, 11.0404, 6.8214
(16, 15): 0.1421, 11.0404, 6.8214
(16, 16): 0.1805, 11.0344, 6.3896
(16, 17): 0.2237, 11.0464, 6.2144
(16, 18): 0.1714, 11.0456, 6.0431
(16, 19): 0.1714, 11.0456, 6.0431
(16, 20): 0.3002, 11.0344, 5.4465
(16, 21): 0.2339, 11.0059, 6.4886
(16, 22): 0.2339, 11.0059, 6.4886
(16, 23): 0.1908, 11.0391, 7.1716
(16, 24): 0.0206, 11.1024, 8.3211
(16, 25): 0.0206, 11.1024, 8.3211
(16, 26): 0.1149, 11.0174, 7.2166
(16, 27): 0.0598, 11.0915, 7.2467
(16, 28): 0.1422, 11.0500, 7.5726
(16, 29): 0.1422, 11.0500, 7.5726
(16, 30): 0.0836, 11.0886, 7.8412
(16, 31): 0.0746, 11.0062, 7.2300
(16, 32): 0.0746, 11.0062, 7.2300
(16, 33): 0.1351, 11.0548, 6.5370
(16, 34): 0.1098, 11.0148, 6.4880
(16, 35): 0.1098, 11.0148, 6.4880
(16, 36): -0.0123, 11.0336, 6.9076
(16, 37): -0.0997, 11.0252, 7.1857
(1, 1): 0.1569, 11.1466, 5.7945
(1, 2): 0.1569, 11.1466, 5.7945
(1, 3): 0.1867, 11.0293, 5.1070
(1, 4): 0.1867, 11.0293, 5.1070
(1, 5): 0.1798, 11.0006, 5.6084
(1, 6): 0.2141, 11.0265, 5.2682
(1, 7): 0.1096, 11.0318, 6.0558
(1, 8): 0.1096, 11.0318, 6.0558
(1, 9): 0.1022, 11.0883, 5.9731
(1, 10): 0.1766, 11.0078, 6.0497
(1, 11): 0.1766, 11.0078, 6.0497
(1, 12): 0.2561, 11.0028, 5.4049
(1, 13): 0.1414, 11.0084, 6.7905
(1, 14): 0.1012, 11.0065, 6.7944
(1, 15): 0.1012, 11.0065, 6.7944
(1, 16): 0.0191, 11.0128, 7.1380
(1, 17): 0.0986, 11.0152, 5.5536
(1, 18): 0.0986, 11.0152, 5.5536
(1, 19): 0.0327, 11.0308, 5.6177
(1, 20): 0.2450, 11.1618, 5.4421
(1, 21): 0.3588, 11.0683, 4.6948
(1, 22): 0.3588, 11.0683, 4.6948
(1, 23): 0.2906, 11.0735, 6.1620
(1, 24): 0.2541, 11.0161, 5.7012
(1, 25): 0.2297, 11.0690, 6.6708
(1, 26): 0.2297, 11.0690, 6.6708
(1, 27): 0.2355, 11.0369, 6.8157
(1, 28): 0.1507, 11.0116, 7.6191
(1, 29): 0.1507, 11.0116, 7.6191
(1, 30): 0.2268, 11.0767, 6.3626
(1, 31): 0.3974, 11.0592, 4.5278
(1, 32): 0.2036, 11.2706, 7.3583
(1, 33): 0.2036, 11.2706, 7.3583
(1, 34): 0.3138, 11.0263, 6.5985
(1, 35): 0.2521, 11.0082, 6.4888
(1, 36): 0.2521, 11.0082, 6.4888
(1, 37): 0.2214, 11.0167, 5.7933
(2, 1): 0.1036, 11.1256, 5.9571
(2, 2): 0.1036, 11.1256, 5.9571
(2, 3): 0.0751, 11.0705, 6.4517
(2, 4): 0.0751, 11.0705, 6.4517
(2, 5): 0.0589, 11.0036, 6.3728
(2, 6): 0.0806, 11.0190, 6.2798
(2, 7): 0.1382, 11.0146, 5.9351
(2, 8): 0.1382, 11.0146, 5.9351
(2, 9): 0.1810, 11.0160, 5.0628
(2, 10): 0.2407, 11.0195, 5.9582
(2, 11): 0.2407, 11.0195, 5.9582
(2, 12): 0.1658, 11.0673, 6.4184
(2, 13): 0.1414, 11.0084, 6.7905
(2, 14): 0.1012, 11.0065, 6.7944
(2, 15): 0.1012, 11.0065, 6.7944
(2, 16): 0.0191, 11.0128, 7.1380
(2, 17): 0.0986, 11.0152, 5.5536
(2, 18): 0.0986, 11.0152, 5.5536
(2, 19): 0.0327, 11.0308, 5.6177
(2, 20): 0.2450, 11.1618, 5.4421
(2, 21): 0.3588, 11.0683, 4.6948
(2, 22): 0.3588, 11.0683, 4.6948
(2, 23): 0.2906, 11.0735, 6.1620
(2, 24): 0.2541, 11.0161, 5.7012
(2, 25): 0.2297, 11.0690, 6.6708
(2, 26): 0.2297, 11.0690, 6.6708
(2, 27): 0.2355, 11.0369, 6.8157
(2, 28): 0.1507, 11.0116, 7.6191
(2, 29): 0.1507, 11.0116, 7.6191
(2, 30): 0.1706, 11.0266, 5.3738
(2, 31): 0.2463, 11.0228, 5.3332
(2, 32): 0.1774, 11.0126, 5.8789
(2, 33): 0.1774, 11.0126, 5.8789
(2, 34): 0.3122, 11.0657, 4.9877
(2, 35): 0.2271, 11.0535, 5.8441
(2, 36): 0.2271, 11.0535, 5.8441
(2, 37): 0.1489, 11.0178, 6.6872
(3, 1): 0.0352, 11.0737, 6.8905
(3, 2): 0.0352, 11.0737, 6.8905
(3, 3): 0.0610, 11.0023, 6.8577
(3, 4): 0.0610, 11.0023, 6.8577
(3, 5): 0.2067, 11.0444, 5.5137
(3, 6): 0.0169, 11.0922, 6.6084
(3, 7): 0.1382, 11.0146, 5.9351
(3, 8): 0.1382, 11.0146, 5.9351
(3, 9): 0.1810, 11.0160, 5.0628
(3, 10): 0.2407, 11.0195, 5.9582
(3, 11): 0.2407, 11.0195, 5.9582
(3, 12): 0.1658, 11.0673, 6.4184
(3, 13): 0.1222, 11.0045, 7.0746
(3, 14): 0.1176, 11.0147, 7.3720
(3, 15): 0.1176, 11.0147, 7.3720
(3, 16): 0.1614, 11.1104, 5.8182
(3, 17): 0.1034, 11.1653, 6.4079
(3, 18): 0.1034, 11.1653, 6.4079
(3, 19): 0.0656, 11.0331, 6.3554
(3, 20): 0.1376, 11.0496, 6.1993
(3, 21): 0.2278, 11.0048, 6.2248
(3, 22): 0.2278, 11.0048, 6.2248
(3, 23): 0.3053, 11.0923, 5.4796
(3, 24): 0.3348, 11.0102, 5.7643
(3, 25): 0.3348, 11.0102, 5.7643
(3, 26): 0.1968, 11.0956, 6.8369
(3, 27): 0.2799, 11.0490, 5.9928
(3, 28): 0.2274, 11.1782, 6.2607
(3, 29): 0.2274, 11.1782, 6.2607
(3, 30): 0.1706, 11.0266, 5.3738
(3, 31): 0.2463, 11.0228, 5.3332
(3, 32): 0.1774, 11.0126, 5.8789
(3, 33): 0.1774, 11.0126, 5.8789
(3, 34): 0.3122, 11.0657, 4.9877
(3, 35): 0.2271, 11.0535, 5.8441
(3, 36): 0.2271, 11.0535, 5.8441
(3, 37): 0.1150, 11.0005, 7.0735
(4, 1): 0.0852, 11.1279, 6.4384
(4, 2): 0.0852, 11.1279, 6.4384
(4, 3): 0.0610, 11.0023, 6.8577
(4, 4): 0.0610, 11.0023, 6.8577
(4, 5): 0.2067, 11.0444, 5.5137
(4, 6): 0.0169, 11.0922, 6.6084
(4, 7): 0.0576, 11.0310, 6.3863
(4, 8): 0.0576, 11.0310, 6.3863
(4, 9): 0.1286, 11.0046, 6.0963
(4, 10): 0.1464, 11.0260, 6.2469
(4, 11): 0.1464, 11.0260, 6.2469
(4, 12): 0.1373, 11.0057, 6.5437
(4, 13): 0.1417, 11.0322, 7.0963
(4, 14): 0.1005, 11.0615, 7.1255
(4, 15): 0.1005, 11.0615, 7.1255
(4, 16): 0.1167, 11.0977, 7.0414
(4, 17): 0.1759, 11.1088, 6.0192
(4, 18): 0.1759, 11.1088, 6.0192
(4, 19): 0.1397, 11.0098, 5.7888
(4, 20): 0.1520, 11.1122, 6.4301
(4, 21): 0.2161, 11.0294, 7.4977
(4, 22): 0.2161, 11.0294, 7.4977
(4, 23): 0.2714, 11.1257, 6.4045
(4, 24): 0.1744, 11.1147, 7.5301
(4, 25): 0.1744, 11.1147, 7.5301
(4, 26): 0.2067, 11.0706, 6.5246
(4, 27): 0.2186, 11.0350, 5.5287
(4, 28): 0.3070, 11.0903, 4.0705
(4, 29): 0.3070, 11.0903, 4.0705
(4, 30): 0.1285, 11.0225, 4.8812
(4, 31): 0.1589, 11.0037, 5.1266
(4, 32): 0.2288, 11.0545, 3.6491
(4, 33): 0.2288, 11.0545, 3.6491
(4, 34): 0.1482, 11.0322, 4.7654
(4, 35): 0.0963, 11.0490, 6.4132
(4, 36): 0.0963, 11.0490, 6.4132
(4, 37): 0.1150, 11.0005, 7.0735
(5, 1): 0.0852, 11.1279, 6.4384
(5, 2): 0.0852, 11.1279, 6.4384
(5, 3): 0.0836, 11.0039, 6.8276
(5, 4): 0.0836, 11.0039, 6.8276
(5, 5): 0.2123, 11.0215, 5.0906
(5, 6): 0.1673, 11.0247, 5.8023
(5, 7): 0.0308, 11.0018, 6.4056
(5, 8): 0.0308, 11.0018, 6.4056
(5, 9): 0.1017, 11.0510, 5.3987
(5, 10): 0.0232, 11.0167, 6.6118
(5, 11): 0.0232, 11.0167, 6.6118
(5, 12): 0.0069, 11.0301, 7.1905
(5, 13): 0.2288, 11.0057, 6.5132
(5, 14): 0.2834, 11.1262, 5.7548
(5, 15): 0.2834, 11.1262, 5.7548
(5, 16): 0.1355, 11.0156, 7.4994
(5, 17): 0.1490, 11.1586, 6.6825
(5, 18): 0.1490, 11.1586, 6.6825
(5, 19): 0.2008, 11.0106, 5.9497
(5, 20): 0.2116, 11.0418, 6.1658
(5, 21): 0.1530, 11.1036, 7.2636
(5, 22): 0.1530, 11.1036, 7.2636
(5, 23): 0.1406, 11.0053, 7.7644
(5, 24): 0.1893, 11.0116, 7.1351
(5, 25): 0.1893, 11.0116, 7.1351
(5, 26): 0.1894, 11.0391, 7.3373
(5, 27): 0.2461, 11.0819, 5.7423
(5, 28): 0.2361, 11.0021, 4.9000
(5, 29): 0.2361, 11.0021, 4.9000
(5, 30): 0.1320, 11.0625, 6.5877
(5, 31): 0.0783, 11.1005, 6.3286
(5, 32): 0.0783, 11.1005, 6.3286
(5, 33): 0.0270, 11.0254, 5.9998
(5, 34): -0.0237, 11.2099, 6.4332
(5, 35): 0.0172, 11.0001, 8.0209
(5, 36): 0.0172, 11.0001, 8.0209
(5, 37): 0.1089, 11.0218, 7.8763
(6, 1): 0.0701, 11.0423, 6.6467
(6, 2): 0.0701, 11.0423, 6.6467
(6, 3): 0.0742, 11.0256, 6.3761
(6, 4): 0.0742, 11.0256, 6.3761
(6, 5): 0.1780, 11.0076, 5.6294
(6, 6): 0.1549, 11.0551, 6.2134
(6, 7): 0.0695, 11.0200, 6.6033
(6, 8): 0.0695, 11.0200, 6.6033
(6, 9): 0.0392, 11.0007, 6.3075
(6, 10): 0.0063, 11.0199, 6.8631
(6, 11): 0.0063, 11.0199, 6.8631
(6, 12): -0.0472, 11.0040, 7.1407
(6, 13): 0.1295, 11.0583, 6.8272
(6, 14): 0.2315, 11.0920, 6.3457
(6, 15): 0.2315, 11.0920, 6.3457
(6, 16): 0.1458, 11.0144, 7.4836
(6, 17): 0.2279, 11.0930, 6.0138
(6, 18): 0.2279, 11.0930, 6.0138
(6, 19): 0.2795, 11.1246, 5.1350
(6, 20): 0.2796, 11.0407, 5.8807
(6, 21): 0.1672, 11.0158, 6.7770
(6, 22): 0.1672, 11.0158, 6.7770
(6, 23): 0.1102, 11.0625, 6.4248
(6, 24): 0.1530, 11.0025, 6.5693
(6, 25): 0.1530, 11.0025, 6.5693
(6, 26): 0.1289, 11.0032, 6.1786
(6, 27): 0.1355, 11.0228, 7.6379
(6, 28): 0.2238, 11.0118, 6.2183
(6, 29): 0.2238, 11.0118, 6.2183
(6, 30): 0.1392, 11.0258, 6.7966
(6, 31): 0.0123, 11.0468, 7.6203
(6, 32): 0.0123, 11.0468, 7.6203
(6, 33): -0.0244, 11.0312, 7.0759
(6, 34): 0.0766, 11.0050, 7.7935
(6, 35): 0.0547, 11.0081, 8.8115
(6, 36): 0.0547, 11.0081, 8.8115
(6, 37): 0.0460, 11.0943, 8.8945
(7, 1): 0.0655, 11.0364, 5.8771
(7, 2): 0.0655, 11.0364, 5.8771
(7, 3): 0.1042, 11.0523, 5.8358
(7, 4): 0.2044, 11.0119, 5.4075
(7, 5): 0.2044, 11.0119, 5.4075
(7, 6): 0.1129, 11.0528, 7.0028
(7, 7): 0.0699, 11.0808, 6.5080
(7, 8): 0.0699, 11.0808, 6.5080
(7, 9): 0.0324, 11.0228, 6.7632
(7, 10): 0.0842, 11.0152, 6.0374
(7, 11): 0.0910, 11.0037, 6.0886
(7, 12): 0.0910, 11.0037, 6.0886
(7, 13): 0.0845, 11.0538, 6.6912
(7, 14): 0.2264, 11.0447, 6.3379
(7, 15): 0.2264, 11.0447, 6.3379
(7, 16): 0.1181, 11.0138, 7.3462
(7, 17): 0.1567, 11.0378, 6.5279
(7, 18): 0.1567, 11.0378, 6.5279
(7, 19): 0.2042, 11.0164, 6.0115
(7, 20): 0.2943, 11.1015, 5.9596
(7, 21): 0.1421, 11.0796, 7.2026
(7, 22): 0.1421, 11.0796, 7.2026
(7, 23): 0.0065, 11.0558, 7.2260
(7, 24): 0.0121, 11.0145, 7.4364
(7, 25): 0.0121, 11.0145, 7.4364
(7, 26): 0.0280, 11.0070, 6.6594
(7, 27): -0.0088, 11.0456, 8.0609
(7, 28): 0.0428, 11.0400, 9.2774
(7, 29): 0.0428, 11.0400, 9.2774
(7, 30): 0.0805, 11.0062, 8.2941
(7, 31): 0.0029, 11.0068, 9.1481
(7, 32): 0.0029, 11.0068, 9.1481
(7, 33): 0.0056, 11.1351, 8.9702
(7, 34): 0.0541, 11.0250, 9.6957
(7, 35): 0.0576, 11.0065, 10.1867
(7, 36): 0.0576, 11.0065, 10.1867
(7, 37): 0.0426, 11.0088, 9.9685
(8, 1): 0.0223, 11.0315, 6.1681
(8, 2): 0.0223, 11.0315, 6.1681
(8, 3): 0.0225, 11.2703, 6.2340
(8, 4): 0.0448, 11.0605, 6.7468
(8, 5): 0.0448, 11.0605, 6.7468
(8, 6): 0.0043, 11.0102, 7.0921
(8, 7): 0.0523, 11.0075, 6.5356
(8, 8): 0.0523, 11.0075, 6.5356
(8, 9): 0.0652, 11.0071, 7.0287
(8, 10): 0.1265, 11.1973, 7.0477
(8, 11): 0.1170, 11.0530, 6.3903
(8, 12): 0.1170, 11.0530, 6.3903
(8, 13): 0.1503, 11.0664, 6.5415
(8, 14): 0.2539, 11.0294, 6.1511
(8, 15): 0.2539, 11.0294, 6.1511
(8, 16): 0.1867, 11.0474, 6.9889
(8, 17): 0.1163, 11.0007, 7.2493
(8, 18): 0.1163, 11.0007, 7.2493
(8, 19): 0.2152, 11.0412, 5.8212
(8, 20): 0.1611, 11.0209, 7.0423
(8, 21): 0.2312, 11.0363, 6.0199
(8, 22): 0.2312, 11.0363, 6.0199
(8, 23): 0.1314, 11.0570, 7.6074
(8, 24): -0.0008, 11.0191, 8.0169
(8, 25): -0.0008, 11.0191, 8.0169
(8, 26): 0.0281, 11.0568, 7.4672
(8, 27): 0.0569, 11.0077, 8.1148
(8, 28): 0.0383, 11.1423, 7.6574
(8, 29): 0.0383, 11.1423, 7.6574
(8, 30): 0.0823, 11.0232, 8.2742
(8, 31): 0.0835, 11.0791, 7.4226
(8, 32): 0.0835, 11.0791, 7.4226
(8, 33): 0.0159, 11.0715, 8.1702
(8, 34): -0.0311, 11.1645, 10.5379
(8, 35): 0.0716, 11.0014, 8.4051
(8, 36): 0.0716, 11.0014, 8.4051
(8, 37): -0.0016, 11.0065, 8.0338
(17, 1): 0.0212, 11.0447, 6.5323
(17, 2): 0.0212, 11.0447, 6.5323
(17, 3): 0.1051, 11.0256, 6.6333
(17, 4): 0.0995, 11.0511, 6.6815
(17, 5): 0.0995, 11.0511, 6.6815
(17, 6): 0.2373, 11.0386, 6.0742
(17, 7): 0.1575, 11.0356, 7.1913
(17, 8): 0.1522, 11.0215, 7.0796
(17, 9): 0.1522, 11.0215, 7.0796
(17, 10): 0.0877, 11.0269, 7.3448
(17, 11): 0.0279, 11.1021, 6.8304
(17, 12): 0.0279, 11.1021, 6.8304
(17, 13): 0.0698, 11.0151, 7.0575
(17, 14): 0.1266, 11.0058, 7.0906
(17, 15): 0.1266, 11.0058, 7.0906
(17, 16): 0.2456, 11.0298, 6.1772
(17, 17): 0.3546, 11.0317, 5.8501
(17, 18): 0.2063, 11.0306, 5.9697
(17, 19): 0.2063, 11.0306, 5.9697
(17, 20): 0.1195, 11.0303, 6.6893
(17, 21): 0.1557, 11.0669, 6.8727
(17, 22): 0.1557, 11.0669, 6.8727
(17, 23): 0.1834, 11.0309, 6.9954
(17, 24): 0.1482, 11.0101, 7.3722
(17, 25): 0.1482, 11.0101, 7.3722
(17, 26): 0.0094, 11.0202, 8.2372
(17, 27): 0.0562, 11.0130, 7.5092
(17, 28): 0.1946, 11.3417, 6.5870
(17, 29): 0.1946, 11.3417, 6.5870
(17, 30): 0.1188, 11.1214, 7.1383
(17, 31): 0.0965, 11.1071, 7.6391
(17, 32): 0.0965, 11.1071, 7.6391
(17, 33): 0.1316, 11.0069, 6.7984
(17, 34): 0.1422, 11.0084, 6.0948
(17, 35): 0.1422, 11.0084, 6.0948
(17, 36): 0.0237, 11.0010, 5.8227
(17, 37): -0.0406, 11.0435, 6.0349
(18, 1): 0.1126, 11.0200, 5.9089
(18, 2): 0.1126, 11.0200, 5.9089
(18, 3): 0.1022, 11.0243, 6.5146
(18, 4): 0.1796, 11.0402, 6.4890
(18, 5): 0.1229, 11.0004, 6.9893
(18, 6): 0.1229, 11.0004, 6.9893
(18, 7): 0.0953, 11.0577, 6.7208
(18, 8): 0.1225, 11.0159, 6.6445
(18, 9): 0.1225, 11.0159, 6.6445
(18, 10): 0.1325, 11.0792, 5.9949
(18, 11): 0.1234, 11.0011, 6.1493
(18, 12): 0.1234, 11.0011, 6.1493
(18, 13): 0.1320, 11.0770, 7.0788
(18, 14): 0.0981, 11.0013, 7.1052
(18, 15): 0.0981, 11.0013, 7.1052
(18, 16): 0.1355, 11.0857, 7.1649
(18, 17): 0.1482, 11.0053, 6.7321
(18, 18): 0.1915, 11.0753, 6.3652
(18, 19): 0.1915, 11.0753, 6.3652
(18, 20): 0.1196, 11.0467, 6.9646
(18, 21): 0.2688, 11.1328, 6.1360
(18, 22): 0.2688, 11.1328, 6.1360
(18, 23): 0.2642, 11.0617, 6.0369
(18, 24): 0.1959, 11.0746, 6.1977
(18, 25): 0.1959, 11.0746, 6.1977
(18, 26): 0.0593, 11.0197, 6.8934
(18, 27): 0.0983, 11.0765, 6.2208
(18, 28): 0.0983, 11.0765, 6.2208
(18, 29): 0.1293, 11.0282, 6.9718
(18, 30): 0.1476, 11.1024, 6.5850
(18, 31): 0.1471, 11.0388, 7.4272
(18, 32): 0.1471, 11.0388, 7.4272
(18, 33): 0.1336, 11.0099, 6.7273
(18, 34): 0.0945, 11.0007, 6.6849
(18, 35): 0.0945, 11.0007, 6.6849
(18, 36): 0.1011, 11.0357, 6.6451
(18, 37): 0.0298, 11.0457, 7.0845
(19, 1): 0.0200, 11.1733, 5.1874
(19, 2): 0.0200, 11.1733, 5.1874
(19, 3): 0.1556, 11.0003, 6.6948
(19, 4): 0.0907, 11.0265, 7.0246
(19, 5): 0.0083, 11.0452, 7.2606
(19, 6): 0.0083, 11.0452, 7.2606
(19, 7): -0.0016, 11.0714, 6.3972
(19, 8): 0.1243, 11.0399, 6.1951
(19, 9): 0.1243, 11.0399, 6.1951
(19, 10): 0.2387, 11.0322, 6.0874
(19, 11): 0.2602, 11.0413, 5.8082
(19, 12): 0.2602, 11.0413, 5.8082
(19, 13): 0.1512, 11.0006, 6.4706
(19, 14): 0.0959, 11.0130, 6.7521
(19, 15): 0.0959, 11.0130, 6.7521
(19, 16): 0.1157, 11.0090, 7.0280
(19, 17): 0.2306, 11.0102, 6.3376
(19, 18): 0.1507, 11.0071, 7.7835
(19, 19): 0.1507, 11.0071, 7.7835
(19, 20): 0.1734, 11.0039, 6.2637
(19, 21): 0.2011, 11.0028, 6.8256
(19, 22): 0.2011, 11.0028, 6.8256
(19, 23): 0.2184, 11.0020, 6.0857
(19, 24): 0.1861, 11.0170, 5.8875
(19, 25): 0.1861, 11.0170, 5.8875
(19, 26): 0.0679, 11.0129, 7.0689
(19, 27): 0.0778, 11.0202, 6.0472
(19, 28): 0.0778, 11.0202, 6.0472
(19, 29): 0.1428, 11.0958, 6.3238
(19, 30): 0.1041, 11.0294, 6.4142
(19, 31): 0.0847, 11.0018, 7.3991
(19, 32): 0.0847, 11.0018, 7.3991
(19, 33): 0.1148, 11.0001, 7.4566
(19, 34): 0.0718, 11.0047, 7.5712
(19, 35): 0.0718, 11.0047, 7.5712
(19, 36): 0.1009, 11.0115, 7.2244
(19, 37): 0.1062, 11.0447, 6.4413
(20, 1): 0.0604, 11.1085, 4.9827
(20, 2): 0.0604, 11.1085, 4.9827
(20, 3): -0.0474, 11.0526, 7.2615
(20, 4): -0.1149, 11.0219, 7.9610
(20, 5): -0.1277, 11.0454, 7.1302
(20, 6): -0.1277, 11.0454, 7.1302
(20, 7): 0.0343, 11.0080, 7.0474
(20, 8): 0.1639, 11.0949, 6.4518
(20, 9): 0.1639, 11.0949, 6.4518
(20, 10): 0.2126, 11.0780, 5.8759
(20, 11): 0.1200, 11.0094, 6.8490
(20, 12): 0.1200, 11.0094, 6.8490
(20, 13): 0.1023, 11.0239, 7.2743
(20, 14): 0.0630, 11.0278, 7.3560
(20, 15): 0.0630, 11.0278, 7.3560
(20, 16): 0.1308, 11.0273, 6.8220
(20, 17): 0.2269, 11.0142, 6.3896
(20, 18): 0.1500, 11.0425, 7.3341
(20, 19): 0.1500, 11.0425, 7.3341
(20, 20): 0.1543, 11.0351, 6.4951
(20, 21): 0.0836, 11.0200, 7.2181
(20, 22): 0.0836, 11.0200, 7.2181
(20, 23): 0.1817, 11.0001, 6.6507
(20, 24): 0.1050, 11.0733, 6.8179
(20, 25): 0.1050, 11.0733, 6.8179
(20, 26): 0.1179, 11.0354, 6.6936
(20, 27): 0.1907, 11.0860, 6.5594
(20, 28): 0.1907, 11.0860, 6.5594
(20, 29): 0.1773, 11.0285, 6.6303
(20, 30): 0.1729, 11.2273, 6.3861
(20, 31): 0.0997, 11.0075, 6.9792
(20, 32): 0.0997, 11.0075, 6.9792
(20, 33): 0.1445, 11.0061, 7.2621
(20, 34): 0.1384, 11.0739, 6.5399
(20, 35): 0.1384, 11.0739, 6.5399
(20, 36): 0.1343, 11.0464, 7.5438
(20, 37): 0.1481, 11.1199, 6.2112
(21, 1): 0.0496, 11.1806, 4.9739
(21, 2): -0.1201, 11.0429, 6.2820
(21, 3): -0.1201, 11.0429, 6.2820
(21, 4): -0.0369, 11.0227, 7.0695
(21, 5): -0.0721, 11.0306, 7.1554
(21, 6): -0.0721, 11.0306, 7.1554
(21, 7): 0.0304, 11.0031, 7.1078
(21, 8): -0.0201, 11.0133, 7.5281
(21, 9): -0.0201, 11.0133, 7.5281
(21, 10): 0.0042, 11.0169, 7.5661
(21, 11): 0.0441, 11.0580, 7.4150
(21, 12): 0.0441, 11.0580, 7.4150
(21, 13): 0.0770, 11.0018, 7.4649
(21, 14): 0.0691, 11.0742, 7.5023
(21, 15): 0.0691, 11.0742, 7.5023
(21, 16): 0.0768, 11.0821, 7.2865
(21, 17): 0.1581, 11.0862, 5.7947
(21, 18): 0.1163, 11.0156, 7.0041
(21, 19): 0.1163, 11.0156, 7.0041
(21, 20): 0.0807, 11.0193, 6.9491
(21, 21): 0.1955, 11.0827, 6.2454
(21, 22): 0.1955, 11.0827, 6.2454
(21, 23): 0.1016, 11.0194, 6.6681
(21, 24): 0.1527, 11.0279, 6.8041
(21, 25): 0.1527, 11.0279, 6.8041
(21, 26): 0.1614, 11.0560, 7.2110
(21, 27): 0.2459, 11.0328, 6.4645
(21, 28): 0.2459, 11.0328, 6.4645
(21, 29): 0.3350, 11.0262, 5.2631
(21, 30): 0.2769, 11.1075, 5.7701
(21, 31): 0.2464, 11.0253, 5.4730
(21, 32): 0.2464, 11.0253, 5.4730
(21, 33): 0.1889, 11.0453, 6.3689
(21, 34): 0.1927, 11.0002, 6.5556
(21, 35): 0.1927, 11.0002, 6.5556
(21, 36): 0.1755, 11.0496, 6.5659
(21, 37): 0.1672, 11.0157, 6.4497
(22, 1): 0.0965, 11.0125, 4.2956
(22, 2): -0.1060, 11.0234, 4.9375
(22, 3): -0.1060, 11.0234, 4.9375
(22, 4): -0.0611, 11.0125, 7.6172
(22, 5): -0.0591, 11.0851, 7.3856
(22, 6): -0.0591, 11.0851, 7.3856
(22, 7): 0.0707, 11.0098, 6.3557
(22, 8): 0.0529, 11.0139, 6.9584
(22, 9): 0.0529, 11.0139, 6.9584
(22, 10): 0.0358, 11.0005, 7.0017
(22, 11): 0.0172, 11.0675, 7.4636
(22, 12): 0.0172, 11.0675, 7.4636
(22, 13): 0.0153, 11.0054, 7.7306
(22, 14): 0.0353, 11.0345, 7.6904
(22, 15): -0.0530, 11.1603, 6.5073
(22, 16): -0.0530, 11.1603, 6.5073
(22, 17): 0.0754, 11.0640, 6.8408
(22, 18): 0.0561, 11.0230, 6.2290
(22, 19): 0.0561, 11.0230, 6.2290
(22, 20): 0.0577, 11.0105, 5.7761
(22, 21): 0.1010, 11.0427, 6.3591
(22, 22): 0.1010, 11.0427, 6.3591
(22, 23): 0.1881, 11.0468, 5.5873
(22, 24): 0.1341, 11.0138, 6.6313
(22, 25): 0.1341, 11.0138, 6.6313
(22, 26): 0.1815, 11.0019, 7.3311
(22, 27): 0.2198, 11.0406, 6.1069
(22, 28): 0.2198, 11.0406, 6.1069
(22, 29): 0.1653, 11.0068, 6.3259
(22, 30): 0.1801, 11.0431, 5.9384
(22, 31): 0.1082, 11.0108, 6.4162
(22, 32): 0.1082, 11.0108, 6.4162
(22, 33): 0.2156, 11.0310, 6.5877
(22, 34): 0.1826, 11.0126, 6.8249
(22, 35): 0.1826, 11.0126, 6.8249
(22, 36): 0.2541, 11.0509, 6.6545
(22, 37): 0.0282, 11.1025, 8.3992
(23, 1): 0.0070, 11.0309, 4.7227
(23, 2): -0.1115, 11.0013, 4.6374
(23, 3): -0.1115, 11.0013, 4.6374
(23, 4): -0.0665, 11.0146, 7.8299
(23, 5): 0.0119, 11.0573, 7.3679
(23, 6): 0.0119, 11.0573, 7.3679
(23, 7): 0.1032, 11.0581, 6.5266
(23, 8): 0.0814, 11.0038, 6.7471
(23, 9): 0.0814, 11.0038, 6.7471
(23, 10): -0.0034, 11.0192, 7.3869
(23, 11): -0.0088, 11.0385, 6.3016
(23, 12): -0.0088, 11.0385, 6.3016
(23, 13): 0.0005, 11.1244, 6.5975
(23, 14): 0.0424, 11.0110, 6.4118
(23, 15): 0.0241, 11.0094, 6.4226
(23, 16): 0.0241, 11.0094, 6.4226
(23, 17): -0.0425, 11.0481, 6.8420
(23, 18): -0.0702, 11.0481, 6.5917
(23, 19): -0.0702, 11.0481, 6.5917
(23, 20): 0.1192, 11.0579, 5.4803
(23, 21): 0.1406, 11.0209, 5.6625
(23, 22): 0.1406, 11.0209, 5.6625
(23, 23): 0.1721, 11.0319, 5.1355
(23, 24): 0.1221, 11.0436, 5.9549
(23, 25): 0.1221, 11.0436, 5.9549
(23, 26): 0.2654, 11.0351, 5.3422
(23, 27): 0.3118, 11.0164, 4.6563
(23, 28): 0.3118, 11.0164, 4.6563
(23, 29): 0.1540, 11.0255, 5.9251
(23, 30): 0.1731, 11.0955, 5.8736
(23, 31): 0.1533, 11.0192, 6.1729
(23, 32): 0.1533, 11.0192, 6.1729
(23, 33): 0.0221, 11.0694, 6.7416
(23, 34): 0.0879, 11.0240, 6.8266
(23, 35): 0.0879, 11.0240, 6.8266
(23, 36): 0.3314, 11.0344, 5.9636
(23, 37): 0.1355, 11.0793, 6.3766
(24, 1): -0.0340, 11.0527, 4.7215
(24, 2): -0.1007, 11.0003, 4.6746
(24, 3): -0.1007, 11.0003, 4.6746
(24, 4): -0.1313, 11.0125, 8.7225
(24, 5): 0.0191, 11.0392, 6.3852
(24, 6): 0.0191, 11.0392, 6.3852
(24, 7): 0.0988, 11.0061, 6.0352
(24, 8): 0.0550, 11.0097, 6.3247
(24, 9): 0.0550, 11.0097, 6.3247
(24, 10): 0.0026, 11.0214, 6.3255
(24, 11): 0.0523, 11.0147, 5.8292
(24, 12): 0.0523, 11.0147, 5.8292
(24, 13): 0.0005, 11.1244, 6.5975
(24, 14): 0.0424, 11.0110, 6.4118
(24, 15): 0.0241, 11.0094, 6.4226
(24, 16): 0.0241, 11.0094, 6.4226
(24, 17): -0.0425, 11.0481, 6.8420
(24, 18): -0.0702, 11.0481, 6.5917
(24, 19): -0.0702, 11.0481, 6.5917
(24, 20): 0.1192, 11.0579, 5.4803
(24, 21): 0.1406, 11.0209, 5.6625
(24, 22): 0.1406, 11.0209, 5.6625
(24, 23): 0.1721, 11.0319, 5.1355
(24, 24): 0.1221, 11.0436, 5.9549
(24, 25): 0.1221, 11.0436, 5.9549
(24, 26): 0.2654, 11.0351, 5.3422
(24, 27): 0.3118, 11.0164, 4.6563
(24, 28): 0.3118, 11.0164, 4.6563
(24, 29): 0.1540, 11.0255, 5.9251
(24, 30): 0.1731, 11.0955, 5.8736
(24, 31): 0.1323, 11.1106, 6.3192
(24, 32): 0.0027, 11.0126, 6.6308
(24, 33): -0.0274, 11.0578, 7.5925
(24, 34): 0.1155, 11.0502, 6.5808
(24, 35): 0.1155, 11.0502, 6.5808
(24, 36): 0.1491, 11.0123, 6.8438
(24, 37): 0.2662, 11.2301, 5.1127
(25, 1): -0.0175, 11.0476, 4.5497
(25, 2): -0.1317, 11.0400, 5.1823
(25, 3): -0.1317, 11.0400, 5.1823
(25, 4): -0.1574, 11.0326, 7.4055
(25, 5): -0.1643, 11.1920, 7.2521
(25, 6): -0.1643, 11.1920, 7.2521
(25, 7): 0.0988, 11.0061, 6.0352
(25, 8): 0.0550, 11.0097, 6.3247
(25, 9): 0.0550, 11.0097, 6.3247
(25, 10): 0.0026, 11.0214, 6.3255
(25, 11): 0.0523, 11.0147, 5.8292
(25, 12): 0.0523, 11.0147, 5.8292
(25, 13): 0.0427, 11.0234, 6.0398
(25, 14): 0.0454, 11.0049, 6.0737
(25, 15): 0.0719, 11.0114, 5.9711
(25, 16): 0.0719, 11.0114, 5.9711
(25, 17): 0.0460, 11.0029, 6.1091
(25, 18): 0.0646, 11.0343, 5.8574
(25, 19): 0.0646, 11.0343, 5.8574
(25, 20): 0.1401, 11.0576, 5.4651
(25, 21): 0.1604, 11.1156, 5.1464
(25, 22): 0.1604, 11.1156, 5.1464
(25, 23): 0.1338, 11.0173, 5.3334
(25, 24): 0.1453, 11.1460, 5.5054
(25, 25): 0.1453, 11.1460, 5.5054
(25, 26): 0.2121, 11.0214, 4.8679
(25, 27): 0.3112, 11.0228, 4.1687
(25, 28): 0.3112, 11.0228, 4.1687
(25, 29): 0.2345, 11.0010, 5.0895
(25, 30): 0.1323, 11.1106, 6.3192
(25, 31): 0.1323, 11.1106, 6.3192
(25, 32): 0.0027, 11.0126, 6.6308
(25, 33): -0.0274, 11.0578, 7.5925
(25, 34): 0.1155, 11.0502, 6.5808
(25, 35): 0.1155, 11.0502, 6.5808
(25, 36): 0.1491, 11.0123, 6.8438
(25, 37): 0.1193, 11.0763, 7.1173
(26, 1): -0.1170, 11.0098, 5.9531
(26, 2): -0.1317, 11.0400, 5.1823
(26, 3): -0.1317, 11.0400, 5.1823
(26, 4): -0.1574, 11.0326, 7.4055
(26, 5): -0.1643, 11.1920, 7.2521
(26, 6): -0.1643, 11.1920, 7.2521
(26, 7): -0.0940, 11.0138, 7.0227
(26, 8): -0.0933, 11.0437, 7.0955
(26, 9): -0.0933, 11.0437, 7.0955
(26, 10): -0.0820, 11.0086, 6.7083
(26, 11): -0.0986, 11.0458, 6.6754
(26, 12): -0.0986, 11.0458, 6.6754
(26, 13): -0.0310, 11.0559, 5.8029
(26, 14): -0.0795, 11.0018, 6.2243
(26, 15): -0.0555, 11.0619, 6.4867
(26, 16): -0.0555, 11.0619, 6.4867
(26, 17): 0.0185, 11.0067, 6.2059
(26, 18): 0.0449, 11.0072, 6.1774
(26, 19): 0.0449, 11.0072, 6.1774
(26, 20): 0.1184, 11.0999, 5.3634
(26, 21): 0.1154, 11.0902, 5.1899
(26, 22): 0.1154, 11.0902, 5.1899
(26, 23): 0.0705, 11.0085, 5.5034
(26, 24): 0.0778, 11.0335, 5.9335
(26, 25): 0.0778, 11.0335, 5.9335
(26, 26): 0.1332, 11.0136, 5.5559
(26, 27): 0.2358, 11.0116, 5.2024
(26, 28): 0.2358, 11.0116, 5.2024
(26, 29): 0.2603, 11.0017, 5.3138
(26, 30): 0.1088, 11.0002, 5.9456
(26, 31): 0.1088, 11.0002, 5.9456
(26, 32): 0.0598, 11.0453, 6.9991
(26, 33): 0.0316, 11.0586, 6.3857
(26, 34): 0.0544, 11.0035, 5.8679
(26, 35): 0.0544, 11.0035, 5.8679
(26, 36): 0.0823, 11.0392, 6.4765
(26, 37): 0.1193, 11.0763, 7.1173
(27, 1): -0.1170, 11.0098, 5.9531
(27, 2): -0.1982, 11.0394, 6.6787
(27, 3): -0.1982, 11.0394, 6.6787
(27, 4): -0.1951, 11.1649, 8.0090
(27, 5): -0.1587, 11.1540, 7.8217
(27, 6): -0.1587, 11.1540, 7.8217
(27, 7): -0.0602, 11.0190, 6.9869
(27, 8): -0.0453, 11.0483, 6.7438
(27, 9): -0.0453, 11.0483, 6.7438
(27, 10): -0.0104, 11.0386, 6.1827
(27, 11): 0.0021, 11.0300, 5.7469
(27, 12): -0.0628, 11.0397, 6.3190
(27, 13): -0.0628, 11.0397, 6.3190
(27, 14): -0.0687, 11.0197, 6.3972
(27, 15): 0.0173, 11.0581, 6.8174
(27, 16): 0.0173, 11.0581, 6.8174
(27, 17): 0.0369, 11.0154, 7.1570
(27, 18): 0.0731, 11.0120, 6.8717
(27, 19): 0.0731, 11.0120, 6.8717
(27, 20): 0.0954, 11.0172, 5.2900
(27, 21): 0.0386, 11.0454, 5.9225
(27, 22): 0.0386, 11.0454, 5.9225
(27, 23): 0.0663, 11.0044, 5.5194
(27, 24): 0.0788, 11.0299, 5.7729
(27, 25): 0.0788, 11.0299, 5.7729
(27, 26): 0.1964, 11.0002, 5.0942
(27, 27): 0.1558, 11.0186, 5.8556
(27, 28): 0.1558, 11.0186, 5.8556
(27, 29): 0.1612, 11.0003, 5.7883
(27, 30): 0.0702, 11.1010, 6.3116
(27, 31): 0.0702, 11.1010, 6.3116
(27, 32): -0.0206, 11.0019, 6.8867
(27, 33): -0.0855, 11.0088, 6.8591
(27, 34): -0.0855, 11.0088, 6.8591
(27, 35): -0.0445, 11.0180, 6.3487
(27, 36): -0.0127, 11.0647, 6.8347
(27, 37): 0.0291, 11.0199, 6.6779
(28, 1): -0.1196, 11.0660, 6.4219
(28, 2): -0.1037, 11.0338, 6.4875
(28, 3): -0.1037, 11.0338, 6.4875
(28, 4): -0.1624, 11.0409, 8.5056
(28, 5): -0.1398, 11.0395, 8.0606
(28, 6): -0.1398, 11.0395, 8.0606
(28, 7): -0.0819, 11.0722, 7.5439
(28, 8): -0.0146, 11.0028, 6.5533
(28, 9): -0.0146, 11.0028, 6.5533
(28, 10): 0.0096, 11.0901, 6.2282
(28, 11): 0.0290, 11.0008, 6.1027
(28, 12): -0.0552, 11.0308, 7.1946
(28, 13): -0.0552, 11.0308, 7.1946
(28, 14): 0.0316, 11.0451, 6.8544
(28, 15): 0.0399, 11.0043, 6.8518
(28, 16): 0.0399, 11.0043, 6.8518
(28, 17): 0.0864, 11.0143, 6.7094
(28, 18): 0.1226, 11.0151, 6.3299
(28, 19): 0.1226, 11.0151, 6.3299
(28, 20): 0.1204, 11.0214, 5.3492
(28, 21): 0.0756, 11.1767, 5.8563
(28, 22): 0.0756, 11.1767, 5.8563
(28, 23): -0.0453, 11.0032, 6.1273
(28, 24): 0.0723, 11.0701, 5.7978
(28, 25): 0.0723, 11.0701, 5.7978
(28, 26): 0.1750, 11.0054, 5.1063
(28, 27): 0.1476, 11.0506, 5.3218
(28, 28): 0.1476, 11.0506, 5.3218
(28, 29): 0.0929, 11.0236, 6.4174
(28, 30): 0.1624, 11.0023, 5.3827
(28, 31): 0.1624, 11.0023, 5.3827
(28, 32): 0.0477, 11.0187, 5.8896
(28, 33): 0.0006, 11.1001, 6.3034
(28, 34): 0.0006, 11.1001, 6.3034
(28, 35): 0.0782, 11.0566, 6.3447
(28, 36): 0.0805, 11.1099, 5.7614
(28, 37): 0.1635, 11.0046, 6.2392
(29, 1): -0.0563, 11.0880, 6.4523
(29, 2): -0.1165, 11.1583, 7.6268
(29, 3): -0.1165, 11.1583, 7.6268
(29, 4): -0.0697, 11.0320, 8.2217
(29, 5): -0.1022, 11.0044, 8.2953
(29, 6): -0.1022, 11.0044, 8.2953
(29, 7): -0.0672, 11.0681, 7.5649
(29, 8): -0.0573, 11.0026, 7.2104
(29, 9): -0.0061, 11.0301, 7.1665
(29, 10): -0.0061, 11.0301, 7.1665
(29, 11): 0.0131, 11.0075, 7.6886
(29, 12): 0.0136, 11.0576, 7.6688
(29, 13): 0.0136, 11.0576, 7.6688
(29, 14): 0.0655, 11.0024, 6.9451
(29, 15): 0.0757, 11.0111, 6.7451
(29, 16): 0.0757, 11.0111, 6.7451
(29, 17): 0.0445, 11.0245, 7.0180
(29, 18): 0.0512, 11.0164, 6.4437
(29, 19): 0.0512, 11.0164, 6.4437
(29, 20): 0.1088, 11.0051, 5.1595
(29, 21): 0.0302, 11.0160, 6.0902
(29, 22): 0.0302, 11.0160, 6.0902
(29, 23): -0.0161, 11.0394, 6.6657
(29, 24): 0.1082, 11.1214, 6.1907
(29, 25): 0.1082, 11.1214, 6.1907
(29, 26): 0.1114, 11.0559, 5.4219
(29, 27): 0.2543, 11.0097, 4.8710
(29, 28): 0.2543, 11.0097, 4.8710
(29, 29): 0.0656, 11.0639, 5.9237
(29, 30): 0.1496, 11.0136, 5.2129
(29, 31): 0.1496, 11.0136, 5.2129
(29, 32): 0.0897, 11.0202, 6.5405
(29, 33): 0.1760, 11.0258, 5.9989
(29, 34): 0.1760, 11.0258, 5.9989
(29, 35): 0.1915, 11.0289, 5.7256
(29, 36): 0.1412, 11.0026, 5.4789
(29, 37): 0.1412, 11.0026, 5.4789
(30, 1): 0.0880, 11.0674, 5.4435
(30, 2): -0.0522, 11.0044, 8.4997
(30, 3): -0.0522, 11.0044, 8.4997
(30, 4): 0.0054, 11.0005, 7.5862
(30, 5): -0.0341, 11.0198, 7.9609
(30, 6): -0.0326, 11.0046, 8.4113
(30, 7): -0.0326, 11.0046, 8.4113
(30, 8): -0.0471, 11.1003, 8.7342
(30, 9): 0.0031, 11.0080, 8.4819
(30, 10): 0.0031, 11.0080, 8.4819
(30, 11): 0.0115, 11.0036, 8.2756
(30, 12): 0.0006, 11.1393, 8.2019
(30, 13): 0.0006, 11.1393, 8.2019
(30, 14): 0.0387, 11.0281, 7.8763
(30, 15): 0.0537, 11.1216, 7.4866
(30, 16): 0.0537, 11.1216, 7.4866
(30, 17): 0.0207, 11.0228, 7.4828
(30, 18): 0.0171, 11.0054, 6.6816
(30, 19): 0.0171, 11.0054, 6.6816
(30, 20): 0.0136, 11.0114, 6.0423
(30, 21): -0.0297, 11.0017, 6.4993
(30, 22): -0.0297, 11.0017, 6.4993
(30, 23): 0.0723, 11.0012, 6.9301
(30, 24): 0.0506, 11.0472, 7.0504
(30, 25): 0.0506, 11.0472, 7.0504
(30, 26): -0.0044, 11.0844, 6.5568
(30, 27): 0.1156, 11.0095, 6.0687
(30, 28): 0.1156, 11.0095, 6.0687
(30, 29): -0.0788, 11.0202, 7.2361
(30, 30): -0.0822, 11.0479, 6.4581
(30, 31): -0.0822, 11.0479, 6.4581
(30, 32): 0.0317, 11.0422, 6.9869
(30, 33): 0.1208, 11.0219, 6.6373
(30, 34): 0.1208, 11.0219, 6.6373
(30, 35): 0.0883, 11.0071, 6.5633
(30, 36): 0.1549, 11.0016, 5.4256
(30, 37): 0.1549, 11.0016, 5.4256
(31, 1): 0.0880, 11.0674, 5.4435
(31, 2): -0.0522, 11.0044, 8.4997
(31, 3): 0.0054, 11.0005, 7.5862
(31, 4): 0.0054, 11.0005, 7.5862
(31, 5): -0.0341, 11.0198, 7.9609
(31, 6): -0.0326, 11.0046, 8.4113
(31, 7): -0.0326, 11.0046, 8.4113
(31, 8): -0.0471, 11.1003, 8.7342
(31, 9): 0.0031, 11.0080, 8.4819
(31, 10): 0.0031, 11.0080, 8.4819
(31, 11): 0.0115, 11.0036, 8.2756
(31, 12): 0.0006, 11.1393, 8.2019
(31, 13): 0.0006, 11.1393, 8.2019
(31, 14): 0.0387, 11.0281, 7.8763
(31, 15): 0.0537, 11.1216, 7.4866
(31, 16): 0.0537, 11.1216, 7.4866
(31, 17): 0.0207, 11.0228, 7.4828
(31, 18): 0.0171, 11.0054, 6.6816
(31, 19): 0.0171, 11.0054, 6.6816
(31, 20): 0.0136, 11.0114, 6.0423
(31, 21): -0.0297, 11.0017, 6.4993
(31, 22): -0.0297, 11.0017, 6.4993
(31, 23): 0.0723, 11.0012, 6.9301
(31, 24): 0.0506, 11.0472, 7.0504
(31, 25): 0.0506, 11.0472, 7.0504
(31, 26): -0.0044, 11.0844, 6.5568
(31, 27): 0.1156, 11.0095, 6.0687
(31, 28): 0.1156, 11.0095, 6.0687
(31, 29): -0.0788, 11.0202, 7.2361
(31, 30): -0.0822, 11.0479, 6.4581
(31, 31): -0.0822, 11.0479, 6.4581
(31, 32): 0.0317, 11.0422, 6.9869
(31, 33): 0.1208, 11.0219, 6.6373
(31, 34): 0.1208, 11.0219, 6.6373
(31, 35): 0.0883, 11.0071, 6.5633
(31, 36): 0.1549, 11.0016, 5.4256
(31, 37): 0.1549, 11.0016, 5.4256
(32, 1): 0.0880, 11.0674, 5.4435
(32, 2): -0.0522, 11.0044, 8.4997
(32, 3): 0.0054, 11.0005, 7.5862
(32, 4): 0.0054, 11.0005, 7.5862
(32, 5): -0.0341, 11.0198, 7.9609
(32, 6): -0.0326, 11.0046, 8.4113
(32, 7): -0.0326, 11.0046, 8.4113
(32, 8): -0.0471, 11.1003, 8.7342
(32, 9): 0.0031, 11.0080, 8.4819
(32, 10): 0.0031, 11.0080, 8.4819
(32, 11): 0.0115, 11.0036, 8.2756
(32, 12): 0.0006, 11.1393, 8.2019
(32, 13): 0.0006, 11.1393, 8.2019
(32, 14): 0.0387, 11.0281, 7.8763
(32, 15): 0.0537, 11.1216, 7.4866
(32, 16): 0.0537, 11.1216, 7.4866
(32, 17): 0.0207, 11.0228, 7.4828
(32, 18): 0.0171, 11.0054, 6.6816
(32, 19): 0.0171, 11.0054, 6.6816
(32, 20): 0.0136, 11.0114, 6.0423
(32, 21): -0.0297, 11.0017, 6.4993
(32, 22): -0.0297, 11.0017, 6.4993
(32, 23): 0.0723, 11.0012, 6.9301
(32, 24): 0.0506, 11.0472, 7.0504
(32, 25): 0.0506, 11.0472, 7.0504
(32, 26): -0.0044, 11.0844, 6.5568
(32, 27): 0.1156, 11.0095, 6.0687
(32, 28): 0.1156, 11.0095, 6.0687
(32, 29): -0.0788, 11.0202, 7.2361
(32, 30): -0.0822, 11.0479, 6.4581
(32, 31): -0.0822, 11.0479, 6.4581
(32, 32): 0.0317, 11.0422, 6.9869
(32, 33): 0.1208, 11.0219, 6.6373
(32, 34): 0.1208, 11.0219, 6.6373
(32, 35): 0.0883, 11.0071, 6.5633
(32, 36): 0.1549, 11.0016, 5.4256
(32, 37): 0.1549, 11.0016, 5.4256
