(9, 1): 0.3810, 0.1000, 2.1101, 0.2549
(9, 2): 0.3810, 0.1000, 2.1101, 0.2549
(9, 3): 0.3356, 0.1005, 2.5603, 0.2929
(9, 4): 0.1793, 0.1007, 3.4049, 0.1858
(9, 5): 0.1793, 0.1007, 3.4049, 0.1858
(9, 6): 0.1489, 0.1013, 3.7054, 0.2139
(9, 7): 0.2877, 0.1012, 2.9846, 0.2364
(9, 8): 0.2877, 0.1012, 2.9846, 0.2364
(9, 9): 0.3722, 0.1008, 2.6467, 0.2748
(9, 10): 0.5594, 0.1001, 1.8535, 0.2294
(9, 11): 0.4806, 0.1008, 1.9546, 0.2438
(9, 12): 0.4806, 0.1008, 1.9546, 0.2438
(9, 13): 0.3972, 0.1005, 2.2049, 0.2386
(9, 14): 0.3528, 0.1002, 2.4258, 0.2405
(9, 15): 0.3528, 0.1002, 2.4258, 0.2405
(9, 16): 0.4097, 0.1007, 2.2172, 0.2231
(9, 17): 0.4017, 0.1001, 2.3223, 0.2434
(9, 18): 0.4017, 0.1001, 2.3223, 0.2434
(9, 19): 0.3837, 0.1012, 2.5259, 0.2638
(9, 20): 0.4442, 0.1013, 2.2994, 0.2874
(9, 21): 0.4733, 0.1019, 2.1610, 0.2778
(9, 22): 0.4733, 0.1019, 2.1610, 0.2778
(9, 23): 0.4201, 0.1013, 2.3157, 0.2412
(9, 24): 0.5881, 0.1001, 1.7168, 0.2627
(9, 25): 0.5881, 0.1001, 1.7168, 0.2627
(9, 26): 0.4384, 0.1004, 2.1887, 0.2601
(9, 27): 0.4575, 0.1021, 2.0776, 0.2261
(9, 28): 0.5549, 0.1002, 1.6952, 0.2512
(9, 29): 0.5549, 0.1002, 1.6952, 0.2512
(9, 30): 0.4110, 0.1003, 2.2608, 0.2353
(9, 31): 0.5228, 0.1001, 1.9101, 0.2922
(9, 32): 0.5228, 0.1001, 1.9101, 0.2922
(9, 33): 0.2984, 0.1001, 2.9825, 0.1980
(9, 34): 0.3225, 0.1001, 3.1991, 0.2719
(9, 35): 0.3137, 0.1002, 2.8508, 0.2682
(9, 36): 0.3137, 0.1002, 2.8508, 0.2682
(9, 37): 0.3951, 0.1003, 2.4422, 0.2645
(10, 1): 0.3266, 0.1004, 2.3677, 0.2852
(10, 2): 0.3266, 0.1004, 2.3677, 0.2852
(10, 3): 0.1983, 0.1034, 3.3038, 0.1843
(10, 4): 0.2659, 0.1009, 2.9140, 0.3144
(10, 5): 0.2659, 0.1009, 2.9140, 0.3144
(10, 6): 0.2639, 0.1002, 2.9698, 0.2542
(10, 7): 0.2212, 0.1003, 3.1501, 0.2530
(10, 8): 0.2212, 0.1003, 3.1501, 0.2530
(10, 9): 0.2026, 0.1002, 3.2069, 0.2438
(10, 10): 0.4282, 0.1014, 2.2642, 0.2604
(10, 11): 0.3371, 0.1003, 2.5432, 0.3136
(10, 12): 0.3371, 0.1003, 2.5432, 0.3136
(10, 13): 0.4153, 0.1010, 2.2844, 0.2538
(10, 14): 0.3284, 0.1002, 2.6765, 0.2368
(10, 15): 0.3284, 0.1002, 2.6765, 0.2368
(10, 16): 0.3208, 0.1008, 2.6573, 0.2819
(10, 17): 0.4677, 0.1003, 2.0999, 0.2501
(10, 18): 0.2776, 0.1007, 2.9435, 0.2409
(10, 19): 0.2776, 0.1007, 2.9435, 0.2409
(10, 20): 0.4410, 0.1001, 2.2370, 0.2586
(10, 21): 0.3907, 0.1014, 2.3710, 0.2571
(10, 22): 0.3907, 0.1014, 2.3710, 0.2571
(10, 23): 0.3334, 0.1004, 2.7088, 0.2826
(10, 24): 0.4516, 0.1006, 2.1789, 0.2774
(10, 25): 0.4516, 0.1006, 2.1789, 0.2774
(10, 26): 0.5480, 0.1009, 1.7996, 0.2590
(10, 27): 0.4739, 0.1006, 1.9996, 0.2301
(10, 28): 0.4009, 0.1001, 2.2629, 0.3062
(10, 29): 0.4009, 0.1001, 2.2629, 0.3062
(10, 30): 0.4745, 0.1005, 2.0758, 0.2608
(10, 31): 0.4145, 0.1003, 2.4162, 0.2198
(10, 32): 0.4145, 0.1003, 2.4162, 0.2198
(10, 33): 0.3131, 0.1006, 2.8076, 0.2915
(10, 34): 0.4179, 0.1002, 2.5550, 0.2327
(10, 35): 0.2673, 0.1025, 2.9087, 0.2748
(10, 36): 0.2673, 0.1025, 2.9087, 0.2748
(10, 37): 0.3290, 0.1001, 2.4719, 0.2457
(11, 1): 0.2448, 0.1004, 2.9176, 0.2486
(11, 2): 0.2448, 0.1004, 2.9176, 0.2486
(11, 3): 0.2306, 0.1004, 3.0405, 0.2675
(11, 4): 0.2686, 0.1007, 2.8469, 0.2279
(11, 5): 0.2686, 0.1007, 2.8469, 0.2279
(11, 6): 0.2592, 0.1011, 2.8940, 0.2327
(11, 7): 0.1511, 0.1005, 3.4588, 0.2438
(11, 8): 0.1511, 0.1005, 3.4588, 0.2438
(11, 9): 0.2907, 0.1024, 2.5607, 0.2619
(11, 10): 0.3024, 0.1003, 2.6116, 0.2590
(11, 11): 0.3649, 0.1003, 2.4274, 0.2412
(11, 12): 0.3649, 0.1003, 2.4274, 0.2412
(11, 13): 0.4255, 0.1004, 2.2657, 0.2187
(11, 14): 0.4668, 0.1001, 2.1118, 0.2579
(11, 15): 0.4668, 0.1001, 2.1118, 0.2579
(11, 16): 0.3750, 0.1018, 2.4430, 0.2394
(11, 17): 0.2271, 0.1003, 3.0133, 0.3133
(11, 18): 0.3463, 0.1005, 2.5419, 0.2202
(11, 19): 0.3463, 0.1005, 2.5419, 0.2202
(11, 20): 0.3986, 0.1013, 2.2840, 0.2438
(11, 21): 0.3703, 0.1010, 2.4634, 0.2819
(11, 22): 0.3703, 0.1010, 2.4634, 0.2819
(11, 23): 0.3072, 0.1036, 2.7783, 0.2649
(11, 24): 0.3842, 0.1030, 2.5027, 0.1943
(11, 25): 0.3842, 0.1030, 2.5027, 0.1943
(11, 26): 0.5252, 0.1008, 1.9224, 0.2678
(11, 27): 0.4182, 0.1001, 2.2493, 0.2579
(11, 28): 0.4852, 0.1007, 2.1338, 0.2420
(11, 29): 0.4852, 0.1007, 2.1338, 0.2420
(11, 30): 0.4154, 0.1001, 2.3270, 0.2867
(11, 31): 0.3740, 0.1013, 2.6042, 0.2542
(11, 32): 0.3740, 0.1013, 2.6042, 0.2542
(11, 33): 0.3942, 0.1008, 2.5850, 0.2534
(11, 34): 0.3753, 0.1000, 2.7018, 0.2782
(11, 35): 0.4026, 0.1017, 2.5231, 0.3062
(11, 36): 0.4026, 0.1017, 2.5231, 0.3062
(11, 37): 0.5284, 0.1024, 1.9511, 0.2538
(12, 1): 0.2413, 0.1005, 3.0070, 0.2065
(12, 2): 0.2413, 0.1005, 3.0070, 0.2065
(12, 3): 0.2476, 0.1000, 2.9432, 0.2279
(12, 4): 0.2581, 0.1004, 2.9342, 0.2268
(12, 5): 0.2581, 0.1004, 2.9342, 0.2268
(12, 6): 0.2792, 0.1010, 2.8368, 0.2874
(12, 7): 0.2057, 0.1006, 3.1227, 0.2468
(12, 8): 0.2057, 0.1006, 3.1227, 0.2468
(12, 9): 0.3217, 0.1000, 2.4366, 0.2715
(12, 10): 0.3971, 0.1001, 2.1817, 0.2198
(12, 11): 0.5495, 0.1009, 1.8535, 0.2453
(12, 12): 0.5495, 0.1009, 1.8535, 0.2453
(12, 13): 0.3654, 0.1005, 2.5314, 0.2113
(12, 14): 0.4037, 0.1008, 2.1632, 0.2641
(12, 15): 0.4037, 0.1008, 2.1632, 0.2641
(12, 16): 0.3847, 0.1002, 2.3833, 0.2298
(12, 17): 0.3540, 0.1012, 2.5190, 0.2442
(12, 18): 0.2324, 0.1019, 2.9408, 0.3025
(12, 19): 0.2324, 0.1019, 2.9408, 0.3025
(12, 20): 0.3536, 0.1002, 2.4185, 0.2675
(12, 21): 0.3703, 0.1004, 2.4729, 0.2693
(12, 22): 0.3703, 0.1004, 2.4729, 0.2693
(12, 23): 0.2658, 0.1015, 2.9066, 0.2301
(12, 24): 0.3980, 0.1000, 2.3989, 0.2963
(12, 25): 0.3980, 0.1000, 2.3989, 0.2963
(12, 26): 0.4192, 0.1002, 2.3191, 0.2966
(12, 27): 0.3800, 0.1005, 2.4454, 0.2527
(12, 28): 0.5242, 0.1000, 1.9749, 0.2494
(12, 29): 0.5242, 0.1000, 1.9749, 0.2494
(12, 30): 0.6013, 0.1001, 1.6612, 0.2349
(12, 31): 0.5026, 0.1003, 2.0195, 0.2830
(12, 32): 0.5026, 0.1003, 2.0195, 0.2830
(12, 33): 0.4310, 0.1006, 2.4845, 0.2464
(12, 34): 0.3745, 0.1001, 2.7523, 0.2800
(12, 35): 0.3745, 0.1001, 2.7523, 0.2800
(12, 36): 0.3912, 0.1000, 2.5802, 0.2889
(12, 37): 0.4788, 0.1019, 2.0777, 0.2623
(13, 1): 0.2401, 0.1000, 3.0328, 0.2490
(13, 2): 0.2401, 0.1000, 3.0328, 0.2490
(13, 3): 0.2563, 0.1008, 2.9231, 0.2106
(13, 4): 0.2522, 0.1003, 2.9254, 0.2697
(13, 5): 0.2522, 0.1003, 2.9254, 0.2697
(13, 6): 0.2448, 0.1015, 2.9877, 0.1936
(13, 7): 0.4016, 0.1003, 2.4102, 0.2464
(13, 8): 0.4016, 0.1003, 2.4102, 0.2464
(13, 9): 0.4267, 0.1012, 2.3091, 0.2645
(13, 10): 0.4354, 0.1005, 2.2861, 0.2771
(13, 11): 0.3598, 0.1009, 2.5066, 0.2423
(13, 12): 0.3598, 0.1009, 2.5066, 0.2423
(13, 13): 0.3654, 0.1005, 2.5314, 0.2113
(13, 14): 0.4037, 0.1008, 2.1632, 0.2641
(13, 15): 0.4037, 0.1008, 2.1632, 0.2641
(13, 16): 0.3847, 0.1002, 2.3833, 0.2298
(13, 17): 0.3540, 0.1012, 2.5190, 0.2442
(13, 18): 0.2324, 0.1019, 2.9408, 0.3025
(13, 19): 0.2324, 0.1019, 2.9408, 0.3025
(13, 20): 0.3536, 0.1002, 2.4185, 0.2675
(13, 21): 0.3703, 0.1004, 2.4729, 0.2693
(13, 22): 0.3703, 0.1004, 2.4729, 0.2693
(13, 23): 0.2658, 0.1015, 2.9066, 0.2301
(13, 24): 0.3980, 0.1000, 2.3989, 0.2963
(13, 25): 0.3980, 0.1000, 2.3989, 0.2963
(13, 26): 0.4192, 0.1002, 2.3191, 0.2966
(13, 27): 0.3800, 0.1005, 2.4454, 0.2527
(13, 28): 0.5242, 0.1000, 1.9749, 0.2494
(13, 29): 0.5242, 0.1000, 1.9749, 0.2494
(13, 30): 0.6013, 0.1001, 1.6612, 0.2349
(13, 31): 0.4303, 0.1003, 2.3887, 0.2420
(13, 32): 0.4303, 0.1003, 2.3887, 0.2420
(13, 33): 0.4535, 0.1011, 2.2922, 0.2216
(13, 34): 0.4107, 0.1001, 2.6019, 0.2464
(13, 35): 0.4107, 0.1001, 2.6019, 0.2464
(13, 36): 0.3883, 0.1022, 2.4968, 0.2324
(13, 37): 0.4148, 0.1014, 2.1884, 0.2582
(14, 1): 0.2675, 0.1015, 2.9335, 0.2180
(14, 2): 0.2675, 0.1015, 2.9335, 0.2180
(14, 3): 0.2496, 0.1015, 2.9563, 0.2771
(14, 4): 0.2258, 0.1001, 3.0651, 0.2216
(14, 5): 0.2258, 0.1001, 3.0651, 0.2216
(14, 6): 0.4151, 0.1000, 2.3418, 0.2058
(14, 7): 0.4016, 0.1003, 2.4102, 0.2464
(14, 8): 0.4267, 0.1012, 2.3091, 0.2645
(14, 9): 0.4267, 0.1012, 2.3091, 0.2645
(14, 10): 0.4354, 0.1005, 2.2861, 0.2771
(14, 11): 0.3598, 0.1009, 2.5066, 0.2423
(14, 12): 0.3598, 0.1009, 2.5066, 0.2423
(14, 13): 0.4879, 0.1006, 2.1417, 0.2475
(14, 14): 0.5115, 0.1003, 2.0838, 0.2453
(14, 15): 0.5115, 0.1003, 2.0838, 0.2453
(14, 16): 0.4406, 0.1010, 2.3066, 0.2183
(14, 17): 0.4739, 0.1000, 2.1380, 0.2523
(14, 18): 0.2925, 0.1001, 2.7607, 0.2700
(14, 19): 0.2925, 0.1001, 2.7607, 0.2700
(14, 20): 0.3391, 0.1000, 2.5393, 0.3044
(14, 21): 0.2959, 0.1003, 2.7266, 0.2907
(14, 22): 0.2959, 0.1003, 2.7266, 0.2907
(14, 23): 0.3276, 0.1003, 2.6361, 0.2309
(14, 24): 0.1945, 0.1016, 3.4854, 0.2490
(14, 25): 0.1945, 0.1016, 3.4854, 0.2490
(14, 26): 0.3401, 0.1001, 2.5508, 0.2490
(14, 27): 0.3069, 0.1004, 2.6569, 0.3269
(14, 28): 0.3875, 0.1007, 2.3610, 0.2486
(14, 29): 0.3875, 0.1007, 2.3610, 0.2486
(14, 30): 0.4089, 0.1006, 2.2509, 0.2844
(14, 31): 0.4303, 0.1003, 2.3887, 0.2420
(14, 32): 0.4303, 0.1003, 2.3887, 0.2420
(14, 33): 0.4535, 0.1011, 2.2922, 0.2216
(14, 34): 0.4107, 0.1001, 2.6019, 0.2464
(14, 35): 0.4107, 0.1001, 2.6019, 0.2464
(14, 36): 0.3883, 0.1022, 2.4968, 0.2324
(14, 37): 0.4234, 0.1006, 2.2809, 0.2645
(15, 1): 0.2821, 0.1002, 2.8900, 0.2150
(15, 2): 0.2821, 0.1002, 2.8900, 0.2150
(15, 3): 0.2496, 0.1015, 2.9563, 0.2771
(15, 4): 0.2258, 0.1001, 3.0651, 0.2216
(15, 5): 0.2258, 0.1001, 3.0651, 0.2216
(15, 6): 0.4151, 0.1000, 2.3418, 0.2058
(15, 7): 0.4101, 0.1008, 2.3680, 0.2438
(15, 8): 0.4393, 0.1000, 2.2827, 0.2468
(15, 9): 0.4393, 0.1000, 2.2827, 0.2468
(15, 10): 0.2557, 0.1006, 3.1722, 0.2889
(15, 11): 0.2285, 0.1004, 3.3675, 0.2604
(15, 12): 0.2285, 0.1004, 3.3675, 0.2604
(15, 13): 0.3881, 0.1000, 2.6128, 0.2494
(15, 14): 0.3330, 0.1001, 2.8095, 0.2586
(15, 15): 0.3330, 0.1001, 2.8095, 0.2586
(15, 16): 0.3791, 0.1001, 2.4827, 0.2464
(15, 17): 0.4034, 0.1005, 2.3188, 0.2560
(15, 18): 0.2857, 0.1002, 2.7110, 0.2996
(15, 19): 0.2857, 0.1002, 2.7110, 0.2996
(15, 20): 0.3712, 0.1003, 2.4311, 0.2970
(15, 21): 0.3391, 0.1005, 2.5435, 0.2948
(15, 22): 0.3391, 0.1005, 2.5435, 0.2948
(15, 23): 0.2949, 0.1016, 2.9711, 0.2737
(15, 24): 0.2409, 0.1002, 3.4359, 0.2977
(15, 25): 0.2409, 0.1002, 3.4359, 0.2977
(15, 26): 0.3320, 0.1003, 2.8924, 0.2649
(15, 27): 0.4050, 0.1004, 2.3849, 0.2386
(15, 28): 0.4224, 0.1009, 2.3390, 0.2767
(15, 29): 0.4224, 0.1009, 2.3390, 0.2767
(15, 30): 0.3873, 0.1004, 2.5293, 0.2372
(15, 31): 0.4322, 0.1005, 2.3640, 0.2649
(15, 32): 0.4322, 0.1005, 2.3640, 0.2649
(15, 33): 0.4326, 0.1006, 2.3071, 0.2383
(15, 34): 0.4764, 0.1010, 2.1690, 0.2349
(15, 35): 0.4764, 0.1010, 2.1690, 0.2349
(15, 36): 0.3961, 0.1006, 2.4727, 0.2785
(15, 37): 0.4234, 0.1006, 2.2809, 0.2645
(16, 1): 0.2821, 0.1002, 2.8900, 0.2150
(16, 2): 0.2821, 0.1002, 2.8900, 0.2150
(16, 3): 0.2735, 0.1001, 2.9301, 0.3070
(16, 4): 0.3914, 0.1008, 2.4614, 0.2010
(16, 5): 0.3914, 0.1008, 2.4614, 0.2010
(16, 6): 0.4249, 0.1013, 2.3506, 0.2335
(16, 7): 0.4246, 0.1009, 2.3839, 0.2235
(16, 8): 0.2599, 0.1031, 3.2243, 0.2187
(16, 9): 0.2599, 0.1031, 3.2243, 0.2187
(16, 10): 0.2637, 0.1003, 3.1878, 0.2091
(16, 11): 0.2298, 0.1014, 3.5553, 0.2778
(16, 12): 0.2298, 0.1014, 3.5553, 0.2778
(16, 13): 0.3859, 0.1019, 2.5625, 0.2523
(16, 14): 0.4103, 0.1014, 2.5200, 0.2730
(16, 15): 0.4103, 0.1014, 2.5200, 0.2730
(16, 16): 0.4197, 0.1013, 2.3293, 0.2268
(16, 17): 0.3522, 0.1000, 2.4466, 0.2076
(16, 18): 0.4216, 0.1010, 2.2487, 0.2205
(16, 19): 0.4216, 0.1010, 2.2487, 0.2205
(16, 20): 0.4636, 0.1000, 2.2344, 0.2442
(16, 21): 0.3702, 0.1003, 2.6579, 0.2604
(16, 22): 0.3702, 0.1003, 2.6579, 0.2604
(16, 23): 0.3380, 0.1008, 2.8699, 0.2907
(16, 24): 0.2838, 0.1005, 3.3084, 0.2796
(16, 25): 0.2838, 0.1005, 3.3084, 0.2796
(16, 26): 0.3535, 0.1014, 3.2193, 0.2590
(16, 27): 0.3760, 0.1007, 2.5507, 0.2874
(16, 28): 0.3883, 0.1010, 2.3846, 0.2686
(16, 29): 0.3883, 0.1010, 2.3846, 0.2686
(16, 30): 0.3655, 0.1008, 2.4803, 0.2579
(16, 31): 0.3287, 0.1003, 2.6193, 0.2357
(16, 32): 0.3287, 0.1003, 2.6193, 0.2357
(16, 33): 0.4774, 0.1004, 2.1693, 0.2357
(16, 34): 0.3959, 0.1002, 2.6117, 0.2250
(16, 35): 0.3959, 0.1002, 2.6117, 0.2250
(16, 36): 0.4000, 0.1003, 2.4412, 0.2615
(16, 37): 0.5022, 0.1004, 2.0763, 0.2494
(1, 1): 0.2978, 0.1001, 2.4431, 0.2420
(1, 2): 0.2978, 0.1001, 2.4431, 0.2420
(1, 3): 0.3596, 0.1001, 2.2909, 0.2627
(1, 4): 0.3596, 0.1001, 2.2909, 0.2627
(1, 5): 0.3991, 0.1003, 2.3008, 0.2604
(1, 6): 0.4427, 0.1008, 2.3046, 0.2523
(1, 7): 0.4226, 0.1005, 2.4441, 0.1670
(1, 8): 0.4226, 0.1005, 2.4441, 0.1670
(1, 9): 0.6036, 0.1009, 1.8794, 0.2656
(1, 10): 0.4507, 0.1003, 2.3734, 0.2309
(1, 11): 0.4507, 0.1003, 2.3734, 0.2309
(1, 12): 0.4155, 0.1002, 2.4556, 0.2723
(1, 13): 0.4436, 0.1005, 2.3598, 0.2678
(1, 14): 0.4890, 0.1000, 2.1307, 0.2420
(1, 15): 0.4890, 0.1000, 2.1307, 0.2420
(1, 16): 0.5164, 0.1002, 1.9471, 0.2361
(1, 17): 0.4338, 0.1002, 2.1360, 0.2774
(1, 18): 0.4338, 0.1002, 2.1360, 0.2774
(1, 19): 0.4406, 0.1009, 2.0326, 0.2434
(1, 20): 0.4180, 0.1004, 2.2072, 0.2638
(1, 21): 0.5169, 0.1002, 1.9128, 0.2349
(1, 22): 0.5169, 0.1002, 1.9128, 0.2349
(1, 23): 0.4867, 0.1006, 2.1466, 0.2438
(1, 24): 0.3457, 0.1008, 2.7712, 0.2250
(1, 25): 0.3505, 0.1020, 2.9773, 0.2276
(1, 26): 0.3505, 0.1020, 2.9773, 0.2276
(1, 27): 0.2417, 0.1009, 3.7797, 0.2464
(1, 28): 0.4572, 0.1004, 2.8001, 0.2423
(1, 29): 0.4572, 0.1004, 2.8001, 0.2423
(1, 30): 0.5460, 0.1005, 1.8713, 0.2494
(1, 31): 0.3839, 0.1020, 1.7075, 0.2878
(1, 32): 0.3080, 0.1003, 1.8513, 0.2952
(1, 33): 0.3080, 0.1003, 1.8513, 0.2952
(1, 34): 0.3513, 0.1001, 1.8134, 0.2963
(1, 35): 0.4515, 0.1004, 1.8062, 0.2808
(1, 36): 0.4515, 0.1004, 1.8062, 0.2808
(1, 37): 0.2295, 0.1003, 2.9196, 0.2623
(2, 1): 0.3706, 0.1000, 2.3799, 0.2730
(2, 2): 0.3706, 0.1000, 2.3799, 0.2730
(2, 3): 0.4131, 0.1021, 2.3005, 0.2745
(2, 4): 0.4131, 0.1021, 2.3005, 0.2745
(2, 5): 0.3839, 0.1003, 2.4156, 0.2870
(2, 6): 0.4857, 0.1001, 2.1948, 0.2283
(2, 7): 0.5143, 0.1001, 2.0336, 0.2464
(2, 8): 0.5143, 0.1001, 2.0336, 0.2464
(2, 9): 0.4531, 0.1003, 2.2450, 0.2268
(2, 10): 0.2749, 0.1001, 3.1486, 0.1862
(2, 11): 0.2749, 0.1001, 3.1486, 0.1862
(2, 12): 0.4679, 0.1007, 2.2322, 0.2663
(2, 13): 0.4436, 0.1005, 2.3598, 0.2678
(2, 14): 0.4890, 0.1000, 2.1307, 0.2420
(2, 15): 0.4890, 0.1000, 2.1307, 0.2420
(2, 16): 0.5164, 0.1002, 1.9471, 0.2361
(2, 17): 0.4338, 0.1002, 2.1360, 0.2774
(2, 18): 0.4338, 0.1002, 2.1360, 0.2774
(2, 19): 0.4406, 0.1009, 2.0326, 0.2434
(2, 20): 0.4180, 0.1004, 2.2072, 0.2638
(2, 21): 0.5169, 0.1002, 1.9128, 0.2349
(2, 22): 0.5169, 0.1002, 1.9128, 0.2349
(2, 23): 0.4867, 0.1006, 2.1466, 0.2438
(2, 24): 0.3457, 0.1008, 2.7712, 0.2250
(2, 25): 0.3505, 0.1020, 2.9773, 0.2276
(2, 26): 0.3505, 0.1020, 2.9773, 0.2276
(2, 27): 0.2417, 0.1009, 3.7797, 0.2464
(2, 28): 0.4572, 0.1004, 2.8001, 0.2423
(2, 29): 0.4572, 0.1004, 2.8001, 0.2423
(2, 30): 0.3311, 0.1034, 1.9395, 0.2771
(2, 31): 0.4655, 0.1006, 1.3203, 0.3181
(2, 32): 0.3994, 0.1002, 1.6036, 0.3554
(2, 33): 0.3994, 0.1002, 1.6036, 0.3554
(2, 34): 0.3841, 0.1013, 1.7571, 0.2881
(2, 35): 0.3013, 0.1001, 2.3718, 0.2512
(2, 36): 0.3013, 0.1001, 2.3718, 0.2512
(2, 37): 0.3170, 0.1004, 2.9226, 0.2457
(3, 1): 0.3768, 0.1008, 2.4225, 0.2656
(3, 2): 0.3768, 0.1008, 2.4225, 0.2656
(3, 3): 0.4767, 0.1002, 2.1042, 0.2601
(3, 4): 0.4767, 0.1002, 2.1042, 0.2601
(3, 5): 0.4119, 0.1007, 2.2972, 0.2342
(3, 6): 0.4145, 0.1020, 2.2985, 0.2497
(3, 7): 0.5143, 0.1001, 2.0336, 0.2464
(3, 8): 0.5143, 0.1001, 2.0336, 0.2464
(3, 9): 0.4531, 0.1003, 2.2450, 0.2268
(3, 10): 0.2749, 0.1001, 3.1486, 0.1862
(3, 11): 0.2749, 0.1001, 3.1486, 0.1862
(3, 12): 0.4679, 0.1007, 2.2322, 0.2663
(3, 13): 0.3336, 0.1027, 2.8335, 0.2313
(3, 14): 0.4630, 0.1001, 2.2604, 0.2785
(3, 15): 0.4630, 0.1001, 2.2604, 0.2785
(3, 16): 0.5037, 0.1001, 1.9781, 0.2294
(3, 17): 0.5344, 0.1015, 1.7440, 0.2586
(3, 18): 0.5344, 0.1015, 1.7440, 0.2586
(3, 19): 0.5154, 0.1001, 1.7407, 0.2361
(3, 20): 0.4569, 0.1011, 2.0351, 0.2700
(3, 21): 0.4659, 0.1006, 2.1078, 0.2634
(3, 22): 0.4659, 0.1006, 2.1078, 0.2634
(3, 23): 0.2536, 0.1008, 2.9501, 0.3085
(3, 24): 0.3071, 0.1003, 2.7590, 0.2457
(3, 25): 0.3071, 0.1003, 2.7590, 0.2457
(3, 26): 0.4134, 0.1003, 2.4061, 0.2556
(3, 27): 0.3861, 0.1003, 2.4000, 0.2881
(3, 28): 0.3780, 0.1022, 2.2983, 0.2586
(3, 29): 0.3780, 0.1022, 2.2983, 0.2586
(3, 30): 0.3311, 0.1034, 1.9395, 0.2771
(3, 31): 0.4655, 0.1006, 1.3203, 0.3181
(3, 32): 0.3994, 0.1002, 1.6036, 0.3554
(3, 33): 0.3994, 0.1002, 1.6036, 0.3554
(3, 34): 0.3841, 0.1013, 1.7571, 0.2881
(3, 35): 0.3013, 0.1001, 2.3718, 0.2512
(3, 36): 0.3013, 0.1001, 2.3718, 0.2512
(3, 37): 0.3556, 0.1005, 3.3535, 0.2446
(4, 1): 0.4480, 0.1016, 2.1120, 0.2383
(4, 2): 0.4480, 0.1016, 2.1120, 0.2383
(4, 3): 0.4767, 0.1002, 2.1042, 0.2601
(4, 4): 0.4767, 0.1002, 2.1042, 0.2601
(4, 5): 0.4119, 0.1007, 2.2972, 0.2342
(4, 6): 0.4145, 0.1020, 2.2985, 0.2497
(4, 7): 0.3644, 0.1002, 2.5917, 0.2959
(4, 8): 0.3644, 0.1002, 2.5917, 0.2959
(4, 9): 0.4886, 0.1017, 2.0991, 0.2464
(4, 10): 0.4883, 0.1003, 2.1599, 0.2560
(4, 11): 0.4883, 0.1003, 2.1599, 0.2560
(4, 12): 0.3335, 0.1000, 2.6771, 0.2870
(4, 13): 0.4360, 0.1002, 2.2669, 0.2327
(4, 14): 0.4885, 0.1006, 2.0532, 0.2386
(4, 15): 0.4885, 0.1006, 2.0532, 0.2386
(4, 16): 0.5254, 0.1013, 1.8560, 0.2494
(4, 17): 0.5421, 0.1013, 1.7419, 0.2405
(4, 18): 0.5421, 0.1013, 1.7419, 0.2405
(4, 19): 0.4727, 0.1010, 1.9528, 0.2549
(4, 20): 0.5063, 0.1007, 1.8793, 0.2708
(4, 21): 0.4451, 0.1001, 2.3699, 0.2346
(4, 22): 0.4451, 0.1001, 2.3699, 0.2346
(4, 23): 0.4831, 0.1003, 2.0147, 0.2756
(4, 24): 0.4231, 0.1003, 2.3817, 0.2301
(4, 25): 0.4231, 0.1003, 2.3817, 0.2301
(4, 26): 0.4440, 0.1006, 2.1429, 0.2630
(4, 27): 0.3909, 0.1013, 2.3097, 0.2519
(4, 28): 0.4016, 0.1024, 2.0304, 0.3022
(4, 29): 0.4016, 0.1024, 2.0304, 0.3022
(4, 30): 0.4499, 0.1009, 1.6526, 0.2966
(4, 31): 0.5311, 0.1003, 1.3860, 0.2918
(4, 32): 0.4190, 0.1005, 1.7408, 0.2560
(4, 33): 0.4190, 0.1005, 1.7408, 0.2560
(4, 34): 0.2672, 0.1002, 2.4861, 0.2708
(4, 35): 0.3704, 0.1009, 2.3058, 0.2523
(4, 36): 0.3704, 0.1009, 2.3058, 0.2523
(4, 37): 0.3556, 0.1005, 3.3535, 0.2446
(5, 1): 0.4480, 0.1016, 2.1120, 0.2383
(5, 2): 0.4480, 0.1016, 2.1120, 0.2383
(5, 3): 0.4520, 0.1002, 2.2426, 0.2634
(5, 4): 0.4520, 0.1002, 2.2426, 0.2634
(5, 5): 0.4182, 0.1010, 2.3011, 0.2401
(5, 6): 0.3174, 0.1001, 2.7999, 0.2711
(5, 7): 0.4103, 0.1004, 2.3621, 0.2213
(5, 8): 0.4103, 0.1004, 2.3621, 0.2213
(5, 9): 0.4386, 0.1000, 2.1944, 0.2272
(5, 10): 0.4996, 0.1021, 1.9898, 0.2505
(5, 11): 0.4996, 0.1021, 1.9898, 0.2505
(5, 12): 0.4288, 0.1002, 2.2776, 0.2309
(5, 13): 0.4743, 0.1007, 2.0454, 0.2615
(5, 14): 0.4777, 0.1012, 2.0120, 0.2726
(5, 15): 0.4777, 0.1012, 2.0120, 0.2726
(5, 16): 0.4828, 0.1005, 1.9707, 0.2575
(5, 17): 0.5178, 0.1014, 1.7919, 0.2383
(5, 18): 0.5178, 0.1014, 1.7919, 0.2383
(5, 19): 0.4644, 0.1010, 1.9255, 0.2796
(5, 20): 0.5944, 0.1004, 1.8797, 0.2505
(5, 21): 0.5691, 0.1003, 1.9376, 0.2675
(5, 22): 0.5691, 0.1003, 1.9376, 0.2675
(5, 23): 0.4493, 0.1001, 2.3565, 0.2726
(5, 24): 0.3563, 0.1001, 2.6281, 0.2309
(5, 25): 0.3563, 0.1001, 2.6281, 0.2309
(5, 26): 0.5106, 0.1002, 1.8648, 0.2652
(5, 27): 0.3520, 0.1027, 2.3268, 0.3280
(5, 28): 0.4592, 0.1007, 1.8369, 0.2907
(5, 29): 0.4592, 0.1007, 1.8369, 0.2907
(5, 30): 0.5221, 0.1021, 1.5174, 0.2601
(5, 31): 0.4637, 0.1004, 1.8961, 0.2479
(5, 32): 0.4637, 0.1004, 1.8961, 0.2479
(5, 33): 0.2912, 0.1010, 2.6350, 0.3066
(5, 34): 0.3004, 0.1005, 2.6562, 0.2608
(5, 35): 0.2847, 0.1005, 3.5818, 0.2737
(5, 36): 0.2847, 0.1005, 3.5818, 0.2737
(5, 37): 0.2967, 0.1001, 4.2096, 0.2619
(6, 1): 0.4068, 0.1004, 2.1510, 0.2915
(6, 2): 0.4068, 0.1004, 2.1510, 0.2915
(6, 3): 0.3851, 0.1004, 2.3811, 0.2420
(6, 4): 0.3851, 0.1004, 2.3811, 0.2420
(6, 5): 0.4491, 0.1001, 2.2244, 0.2597
(6, 6): 0.3321, 0.1007, 2.8381, 0.2929
(6, 7): 0.3386, 0.1005, 2.7131, 0.2460
(6, 8): 0.3386, 0.1005, 2.7131, 0.2460
(6, 9): 0.3978, 0.1003, 2.3170, 0.2468
(6, 10): 0.4256, 0.1002, 2.2939, 0.2505
(6, 11): 0.4256, 0.1002, 2.2939, 0.2505
(6, 12): 0.4480, 0.1010, 2.2044, 0.2726
(6, 13): 0.5407, 0.1002, 1.9164, 0.2730
(6, 14): 0.4989, 0.1005, 1.9572, 0.2623
(6, 15): 0.4989, 0.1005, 1.9572, 0.2623
(6, 16): 0.4449, 0.1001, 2.0875, 0.2560
(6, 17): 0.5363, 0.1024, 1.6938, 0.2117
(6, 18): 0.5363, 0.1024, 1.6938, 0.2117
(6, 19): 0.4925, 0.1004, 1.8449, 0.2464
(6, 20): 0.5855, 0.1010, 2.0408, 0.2630
(6, 21): 0.5674, 0.1002, 1.9664, 0.2327
(6, 22): 0.5674, 0.1002, 1.9664, 0.2327
(6, 23): 0.4622, 0.1006, 2.2399, 0.2553
(6, 24): 0.4500, 0.1016, 1.9870, 0.2804
(6, 25): 0.4500, 0.1016, 1.9870, 0.2804
(6, 26): 0.4318, 0.1004, 1.9526, 0.2711
(6, 27): 0.4639, 0.1002, 1.8153, 0.2656
(6, 28): 0.4276, 0.1015, 2.0643, 0.2542
(6, 29): 0.4276, 0.1015, 2.0643, 0.2542
(6, 30): 0.3978, 0.1000, 2.0088, 0.3011
(6, 31): 0.2717, 0.1009, 2.5993, 0.2789
(6, 32): 0.2717, 0.1009, 2.5993, 0.2789
(6, 33): 0.4005, 0.1008, 2.1371, 0.2678
(6, 34): 0.3432, 0.1002, 2.9004, 0.2649
(6, 35): 0.4009, 0.1001, 3.7056, 0.2253
(6, 36): 0.4009, 0.1001, 3.7056, 0.2253
(6, 37): 0.4217, 0.1001, 3.7769, 0.2180
(7, 1): 0.4900, 0.1005, 1.8589, 0.2663
(7, 2): 0.4900, 0.1005, 1.8589, 0.2663
(7, 3): 0.4723, 0.1011, 2.0197, 0.2612
(7, 4): 0.4869, 0.1004, 2.0058, 0.2361
(7, 5): 0.4869, 0.1004, 2.0058, 0.2361
(7, 6): 0.3258, 0.1005, 2.8871, 0.3133
(7, 7): 0.3245, 0.1027, 2.7444, 0.2852
(7, 8): 0.3245, 0.1027, 2.7444, 0.2852
(7, 9): 0.4303, 0.1007, 2.2657, 0.2497
(7, 10): 0.3049, 0.1008, 2.6909, 0.2420
(7, 11): 0.4863, 0.1001, 1.9573, 0.2316
(7, 12): 0.4863, 0.1001, 1.9573, 0.2316
(7, 13): 0.5220, 0.1002, 1.9599, 0.2567
(7, 14): 0.4637, 0.1012, 2.0713, 0.2257
(7, 15): 0.4637, 0.1012, 2.0713, 0.2257
(7, 16): 0.3697, 0.1006, 2.3547, 0.2859
(7, 17): 0.4782, 0.1015, 1.9501, 0.2091
(7, 18): 0.4782, 0.1015, 1.9501, 0.2091
(7, 19): 0.4496, 0.1006, 2.0349, 0.2386
(7, 20): 0.4049, 0.1002, 2.6485, 0.2486
(7, 21): 0.4636, 0.1002, 2.3258, 0.2678
(7, 22): 0.4636, 0.1002, 2.3258, 0.2678
(7, 23): 0.2497, 0.1010, 3.0042, 0.2530
(7, 24): 0.2417, 0.1004, 2.7365, 0.2379
(7, 25): 0.2417, 0.1004, 2.7365, 0.2379
(7, 26): 0.3469, 0.1002, 2.2721, 0.2763
(7, 27): 0.4406, 0.1005, 1.9959, 0.2652
(7, 28): 0.4793, 0.1011, 1.8756, 0.2386
(7, 29): 0.4793, 0.1011, 1.8756, 0.2386
(7, 30): 0.4122, 0.1000, 2.0764, 0.2804
(7, 31): 0.4369, 0.1009, 2.0681, 0.2730
(7, 32): 0.4369, 0.1009, 2.0681, 0.2730
(7, 33): 0.2528, 0.1003, 2.9524, 0.3118
(7, 34): 0.3152, 0.1014, 3.5116, 0.2471
(7, 35): 0.3341, 0.1001, 4.4339, 0.2342
(7, 36): 0.3341, 0.1001, 4.4339, 0.2342
(7, 37): 0.4490, 0.1013, 3.9291, 0.2180
(8, 1): 0.4176, 0.1001, 2.0434, 0.2290
(8, 2): 0.4176, 0.1001, 2.0434, 0.2290
(8, 3): 0.5110, 0.1000, 1.8212, 0.2608
(8, 4): 0.3920, 0.1004, 2.3914, 0.2412
(8, 5): 0.3920, 0.1004, 2.3914, 0.2412
(8, 6): 0.2991, 0.1001, 2.9138, 0.2996
(8, 7): 0.2911, 0.1033, 2.8949, 0.2675
(8, 8): 0.2911, 0.1033, 2.8949, 0.2675
(8, 9): 0.4471, 0.1005, 2.3239, 0.2959
(8, 10): 0.3922, 0.1002, 2.4674, 0.2837
(8, 11): 0.4252, 0.1001, 2.0848, 0.2634
(8, 12): 0.4252, 0.1001, 2.0848, 0.2634
(8, 13): 0.4179, 0.1002, 2.1513, 0.2678
(8, 14): 0.4050, 0.1005, 2.1917, 0.2390
(8, 15): 0.4050, 0.1005, 2.1917, 0.2390
(8, 16): 0.3608, 0.1011, 2.3220, 0.2571
(8, 17): 0.2996, 0.1004, 2.6288, 0.2542
(8, 18): 0.2996, 0.1004, 2.6288, 0.2542
(8, 19): 0.3552, 0.1000, 2.5343, 0.3125
(8, 20): 0.3638, 0.1002, 2.7978, 0.3207
(8, 21): 0.4702, 0.1006, 2.1737, 0.2357
(8, 22): 0.4702, 0.1006, 2.1737, 0.2357
(8, 23): 0.3599, 0.1001, 2.4858, 0.2848
(8, 24): 0.3132, 0.1003, 2.5556, 0.2527
(8, 25): 0.3132, 0.1003, 2.5556, 0.2527
(8, 26): 0.3319, 0.1000, 2.4438, 0.2512
(8, 27): 0.4934, 0.1004, 1.9787, 0.2446
(8, 28): 0.5394, 0.1002, 1.7064, 0.2597
(8, 29): 0.5394, 0.1002, 1.7064, 0.2597
(8, 30): 0.3747, 0.1000, 2.3351, 0.2715
(8, 31): 0.5605, 0.1003, 1.7221, 0.2697
(8, 32): 0.5605, 0.1003, 1.7221, 0.2697
(8, 33): 0.2292, 0.1003, 3.4028, 0.2590
(8, 34): 0.3166, 0.1013, 3.5739, 0.2305
(8, 35): 0.3600, 0.1002, 3.5402, 0.2519
(8, 36): 0.3600, 0.1002, 3.5402, 0.2519
(8, 37): 0.4076, 0.1001, 3.3641, 0.2390
(17, 1): 0.3077, 0.1005, 2.8133, 0.2748
(17, 2): 0.3077, 0.1005, 2.8133, 0.2748
(17, 3): 0.4377, 0.1004, 2.3281, 0.2176
(17, 4): 0.4275, 0.1002, 2.3941, 0.2627
(17, 5): 0.4275, 0.1002, 2.3941, 0.2627
(17, 6): 0.2099, 0.1010, 3.5138, 0.1622
(17, 7): 0.2367, 0.1011, 3.3663, 0.1773
(17, 8): 0.2000, 0.1015, 3.7976, 0.1518
(17, 9): 0.2000, 0.1015, 3.7976, 0.1518
(17, 10): 0.3259, 0.1000, 2.9877, 0.2885
(17, 11): 0.4244, 0.1002, 2.3540, 0.2420
(17, 12): 0.4244, 0.1002, 2.3540, 0.2420
(17, 13): 0.4257, 0.1002, 2.3733, 0.2301
(17, 14): 0.3217, 0.1010, 2.8217, 0.2859
(17, 15): 0.3217, 0.1010, 2.8217, 0.2859
(17, 16): 0.4242, 0.1002, 2.2209, 0.2231
(17, 17): 0.3300, 0.1017, 2.4805, 0.2538
(17, 18): 0.4532, 0.1002, 2.2182, 0.2231
(17, 19): 0.4532, 0.1002, 2.2182, 0.2231
(17, 20): 0.4526, 0.1008, 2.4050, 0.2457
(17, 21): 0.3690, 0.1002, 2.6696, 0.2645
(17, 22): 0.3690, 0.1002, 2.6696, 0.2645
(17, 23): 0.3741, 0.1002, 2.5447, 0.2575
(17, 24): 0.4211, 0.1001, 2.6044, 0.2349
(17, 25): 0.4211, 0.1001, 2.6044, 0.2349
(17, 26): 0.3787, 0.1018, 2.9352, 0.2549
(17, 27): 0.4276, 0.1004, 2.3168, 0.2793
(17, 28): 0.4730, 0.1003, 2.0607, 0.2494
(17, 29): 0.4730, 0.1003, 2.0607, 0.2494
(17, 30): 0.3857, 0.1009, 2.4012, 0.2760
(17, 31): 0.3784, 0.1001, 2.4730, 0.2771
(17, 32): 0.3784, 0.1001, 2.4730, 0.2771
(17, 33): 0.4040, 0.1005, 2.5521, 0.2560
(17, 34): 0.4648, 0.1003, 2.3140, 0.2811
(17, 35): 0.4648, 0.1003, 2.3140, 0.2811
(17, 36): 0.5053, 0.1000, 2.0702, 0.2471
(17, 37): 0.5123, 0.1011, 1.9967, 0.2748
(18, 1): 0.3816, 0.1004, 2.3797, 0.2128
(18, 2): 0.3816, 0.1004, 2.3797, 0.2128
(18, 3): 0.4157, 0.1016, 2.4388, 0.2704
(18, 4): 0.2107, 0.1006, 3.5747, 0.2191
(18, 5): 0.2369, 0.1007, 3.5207, 0.2305
(18, 6): 0.2369, 0.1007, 3.5207, 0.2305
(18, 7): 0.3060, 0.1002, 3.0888, 0.2793
(18, 8): 0.3418, 0.1008, 2.8652, 0.2604
(18, 9): 0.3418, 0.1008, 2.8652, 0.2604
(18, 10): 0.3968, 0.1001, 2.3879, 0.2287
(18, 11): 0.3784, 0.1008, 2.5284, 0.2582
(18, 12): 0.3784, 0.1008, 2.5284, 0.2582
(18, 13): 0.2765, 0.1024, 2.9565, 0.2523
(18, 14): 0.2242, 0.1005, 3.0391, 0.2638
(18, 15): 0.2242, 0.1005, 3.0391, 0.2638
(18, 16): 0.4468, 0.1001, 2.1899, 0.2612
(18, 17): 0.3911, 0.1012, 2.3960, 0.2638
(18, 18): 0.4342, 0.1001, 2.2051, 0.2279
(18, 19): 0.4342, 0.1001, 2.2051, 0.2279
(18, 20): 0.3907, 0.1009, 2.5233, 0.2316
(18, 21): 0.3485, 0.1013, 2.5797, 0.2505
(18, 22): 0.3485, 0.1013, 2.5797, 0.2505
(18, 23): 0.3731, 0.1008, 2.6595, 0.2545
(18, 24): 0.4742, 0.1017, 2.4080, 0.2338
(18, 25): 0.4742, 0.1017, 2.4080, 0.2338
(18, 26): 0.4328, 0.1029, 2.4493, 0.2427
(18, 27): 0.4136, 0.1007, 2.2956, 0.2767
(18, 28): 0.4136, 0.1007, 2.2956, 0.2767
(18, 29): 0.3590, 0.1006, 2.4823, 0.2601
(18, 30): 0.3644, 0.1002, 2.5199, 0.2671
(18, 31): 0.4010, 0.1000, 2.4696, 0.2748
(18, 32): 0.4010, 0.1000, 2.4696, 0.2748
(18, 33): 0.4735, 0.1002, 2.2445, 0.2527
(18, 34): 0.3754, 0.1001, 2.5820, 0.2981
(18, 35): 0.3754, 0.1001, 2.5820, 0.2981
(18, 36): 0.4537, 0.1009, 2.1864, 0.2844
(18, 37): 0.4879, 0.1004, 1.9757, 0.2652
(19, 1): 0.1232, 0.1023, 2.4505, 0.2933
(19, 2): 0.1232, 0.1023, 2.4505, 0.2933
(19, 3): 0.2421, 0.1003, 3.4816, 0.1921
(19, 4): 0.2251, 0.1010, 3.6478, 0.2349
(19, 5): 0.3367, 0.1001, 2.9413, 0.2745
(19, 6): 0.3367, 0.1001, 2.9413, 0.2745
(19, 7): 0.4194, 0.1013, 2.3267, 0.2150
(19, 8): 0.4054, 0.1006, 2.4393, 0.2405
(19, 9): 0.4054, 0.1006, 2.4393, 0.2405
(19, 10): 0.2905, 0.1012, 3.0307, 0.2841
(19, 11): 0.3270, 0.1010, 2.6371, 0.2231
(19, 12): 0.3270, 0.1010, 2.6371, 0.2231
(19, 13): 0.3302, 0.1015, 2.5558, 0.2615
(19, 14): 0.3537, 0.1001, 2.4366, 0.2782
(19, 15): 0.3537, 0.1001, 2.4366, 0.2782
(19, 16): 0.2944, 0.1023, 2.7949, 0.2671
(19, 17): 0.3488, 0.1001, 2.6686, 0.2397
(19, 18): 0.4994, 0.1017, 2.0692, 0.1914
(19, 19): 0.4994, 0.1017, 2.0692, 0.1914
(19, 20): 0.4043, 0.1005, 2.2100, 0.2361
(19, 21): 0.4221, 0.1006, 2.2291, 0.2191
(19, 22): 0.4221, 0.1006, 2.2291, 0.2191
(19, 23): 0.3310, 0.1008, 2.7139, 0.2172
(19, 24): 0.2853, 0.1000, 2.8856, 0.1781
(19, 25): 0.2853, 0.1000, 2.8856, 0.1781
(19, 26): 0.4909, 0.1020, 2.0643, 0.2512
(19, 27): 0.3404, 0.1002, 2.5670, 0.2494
(19, 28): 0.3404, 0.1002, 2.5670, 0.2494
(19, 29): 0.5032, 0.1003, 1.9734, 0.2460
(19, 30): 0.4209, 0.1002, 2.3113, 0.2527
(19, 31): 0.2869, 0.1005, 2.9072, 0.2774
(19, 32): 0.2869, 0.1005, 2.9072, 0.2774
(19, 33): 0.3980, 0.1004, 2.4089, 0.2542
(19, 34): 0.3762, 0.1013, 2.4821, 0.2401
(19, 35): 0.3762, 0.1013, 2.4821, 0.2401
(19, 36): 0.3766, 0.1008, 2.4550, 0.2708
(19, 37): 0.5226, 0.1014, 1.8800, 0.2649
(20, 1): 0.2987, 0.1002, 1.8399, 0.2682
(20, 2): 0.2987, 0.1002, 1.8399, 0.2682
(20, 3): 0.3306, 0.1006, 2.8650, 0.2704
(20, 4): 0.3757, 0.1005, 2.7339, 0.2760
(20, 5): 0.4098, 0.1001, 2.4118, 0.2327
(20, 6): 0.4098, 0.1001, 2.4118, 0.2327
(20, 7): 0.3789, 0.1006, 2.6190, 0.2715
(20, 8): 0.3423, 0.1010, 2.6422, 0.2257
(20, 9): 0.3423, 0.1010, 2.6422, 0.2257
(20, 10): 0.3552, 0.1002, 2.5660, 0.2298
(20, 11): 0.3796, 0.1003, 2.4712, 0.2035
(20, 12): 0.3796, 0.1003, 2.4712, 0.2035
(20, 13): 0.3598, 0.1000, 2.5384, 0.2205
(20, 14): 0.3796, 0.1003, 2.4740, 0.1928
(20, 15): 0.3796, 0.1003, 2.4740, 0.1928
(20, 16): 0.3524, 0.1007, 2.4553, 0.2542
(20, 17): 0.2738, 0.1001, 2.8982, 0.2501
(20, 18): 0.4508, 0.1005, 2.1153, 0.2083
(20, 19): 0.4508, 0.1005, 2.1153, 0.2083
(20, 20): 0.3767, 0.1022, 2.3395, 0.2335
(20, 21): 0.2884, 0.1003, 2.6453, 0.2763
(20, 22): 0.2884, 0.1003, 2.6453, 0.2763
(20, 23): 0.4174, 0.1009, 2.1840, 0.2342
(20, 24): 0.3848, 0.1011, 2.2553, 0.2364
(20, 25): 0.3848, 0.1011, 2.2553, 0.2364
(20, 26): 0.4630, 0.1011, 2.0607, 0.2516
(20, 27): 0.3218, 0.1005, 2.6107, 0.2205
(20, 28): 0.3218, 0.1005, 2.6107, 0.2205
(20, 29): 0.3877, 0.1007, 2.4391, 0.2638
(20, 30): 0.2913, 0.1001, 2.9380, 0.2711
(20, 31): 0.3720, 0.1010, 2.5063, 0.2778
(20, 32): 0.3720, 0.1010, 2.5063, 0.2778
(20, 33): 0.5300, 0.1005, 1.9770, 0.2689
(20, 34): 0.4555, 0.1011, 2.1372, 0.2974
(20, 35): 0.4555, 0.1011, 2.1372, 0.2974
(20, 36): 0.4112, 0.1004, 2.2775, 0.2593
(20, 37): 0.5704, 0.1000, 1.6569, 0.2213
(21, 1): 0.1693, 0.1003, 2.3705, 0.2372
(21, 2): 0.3684, 0.1007, 2.2661, 0.2767
(21, 3): 0.3684, 0.1007, 2.2661, 0.2767
(21, 4): 0.3490, 0.1000, 2.7386, 0.2649
(21, 5): 0.3922, 0.1003, 2.3658, 0.2290
(21, 6): 0.3922, 0.1003, 2.3658, 0.2290
(21, 7): 0.3882, 0.1005, 2.4082, 0.2290
(21, 8): 0.3913, 0.1005, 2.3147, 0.2394
(21, 9): 0.3913, 0.1005, 2.3147, 0.2394
(21, 10): 0.3857, 0.1021, 2.3205, 0.2346
(21, 11): 0.3898, 0.1013, 2.3562, 0.2571
(21, 12): 0.3898, 0.1013, 2.3562, 0.2571
(21, 13): 0.4154, 0.1001, 2.2358, 0.2482
(21, 14): 0.3941, 0.1006, 2.2406, 0.2383
(21, 15): 0.3941, 0.1006, 2.2406, 0.2383
(21, 16): 0.3374, 0.1001, 2.4831, 0.2952
(21, 17): 0.4199, 0.1004, 2.1671, 0.2168
(21, 18): 0.3051, 0.1010, 2.6562, 0.2907
(21, 19): 0.3051, 0.1010, 2.6562, 0.2907
(21, 20): 0.3936, 0.1002, 2.3734, 0.2815
(21, 21): 0.2661, 0.1005, 2.7150, 0.2556
(21, 22): 0.2661, 0.1005, 2.7150, 0.2556
(21, 23): 0.4351, 0.1008, 1.8652, 0.1987
(21, 24): 0.3253, 0.1000, 2.4101, 0.2416
(21, 25): 0.3253, 0.1000, 2.4101, 0.2416
(21, 26): 0.3594, 0.1002, 2.3862, 0.2745
(21, 27): 0.4320, 0.1022, 2.1774, 0.2660
(21, 28): 0.4320, 0.1022, 2.1774, 0.2660
(21, 29): 0.3508, 0.1001, 2.6215, 0.2379
(21, 30): 0.2428, 0.1013, 3.2174, 0.2017
(21, 31): 0.3212, 0.1009, 2.7187, 0.3070
(21, 32): 0.3212, 0.1009, 2.7187, 0.3070
(21, 33): 0.4410, 0.1003, 2.1899, 0.3085
(21, 34): 0.5431, 0.1003, 1.7999, 0.2427
(21, 35): 0.5431, 0.1003, 1.7999, 0.2427
(21, 36): 0.5148, 0.1008, 1.8714, 0.2512
(21, 37): 0.5533, 0.1002, 1.7090, 0.2471
(22, 1): 0.1391, 0.1006, 2.4347, 0.2453
(22, 2): 0.2025, 0.1003, 2.3444, 0.2929
(22, 3): 0.2025, 0.1003, 2.3444, 0.2929
(22, 4): 0.3885, 0.1013, 2.4281, 0.2187
(22, 5): 0.3791, 0.1003, 2.3518, 0.2061
(22, 6): 0.3791, 0.1003, 2.3518, 0.2061
(22, 7): 0.3796, 0.1003, 2.3372, 0.2205
(22, 8): 0.3982, 0.1013, 2.2868, 0.2109
(22, 9): 0.3982, 0.1013, 2.2868, 0.2109
(22, 10): 0.3922, 0.1011, 2.3135, 0.2331
(22, 11): 0.3838, 0.1011, 2.3546, 0.2117
(22, 12): 0.3838, 0.1011, 2.3546, 0.2117
(22, 13): 0.3907, 0.1007, 2.3057, 0.2106
(22, 14): 0.3936, 0.1001, 2.2185, 0.2180
(22, 15): 0.3544, 0.1000, 2.1906, 0.2645
(22, 16): 0.3544, 0.1000, 2.1906, 0.2645
(22, 17): 0.2786, 0.1001, 2.6755, 0.2863
(22, 18): 0.2543, 0.1006, 2.8409, 0.2013
(22, 19): 0.2543, 0.1006, 2.8409, 0.2013
(22, 20): 0.4239, 0.1015, 2.0757, 0.2183
(22, 21): 0.3666, 0.1003, 2.4325, 0.2446
(22, 22): 0.3666, 0.1003, 2.4325, 0.2446
(22, 23): 0.3662, 0.1006, 2.2165, 0.2497
(22, 24): 0.3084, 0.1005, 2.5396, 0.2183
(22, 25): 0.3084, 0.1005, 2.5396, 0.2183
(22, 26): 0.4567, 0.1006, 1.9629, 0.2231
(22, 27): 0.3829, 0.1004, 2.4060, 0.2723
(22, 28): 0.3829, 0.1004, 2.4060, 0.2723
(22, 29): 0.3311, 0.1030, 2.7705, 0.2782
(22, 30): 0.3181, 0.1001, 2.8190, 0.2649
(22, 31): 0.3583, 0.1015, 2.6763, 0.2335
(22, 32): 0.3583, 0.1015, 2.6763, 0.2335
(22, 33): 0.3396, 0.1007, 2.7063, 0.2512
(22, 34): 0.3996, 0.1000, 2.2713, 0.3195
(22, 35): 0.3996, 0.1000, 2.2713, 0.3195
(22, 36): 0.5256, 0.1001, 1.7377, 0.2844
(22, 37): 0.3646, 0.1003, 2.4706, 0.2959
(23, 1): 0.1516, 0.1001, 2.3268, 0.2239
(23, 2): 0.1393, 0.1017, 2.3156, 0.1895
(23, 3): 0.1393, 0.1017, 2.3156, 0.1895
(23, 4): 0.3507, 0.1000, 2.4906, 0.2043
(23, 5): 0.3895, 0.1001, 2.3368, 0.2047
(23, 6): 0.3895, 0.1001, 2.3368, 0.2047
(23, 7): 0.4097, 0.1013, 2.2636, 0.2065
(23, 8): 0.4350, 0.1017, 2.1742, 0.2006
(23, 9): 0.4350, 0.1017, 2.1742, 0.2006
(23, 10): 0.4056, 0.1017, 2.2831, 0.2050
(23, 11): 0.3862, 0.1000, 2.2413, 0.2327
(23, 12): 0.3862, 0.1000, 2.2413, 0.2327
(23, 13): 0.3944, 0.1001, 2.2197, 0.2630
(23, 14): 0.3828, 0.1002, 2.1987, 0.2734
(23, 15): 0.3671, 0.1003, 2.1960, 0.2457
(23, 16): 0.3671, 0.1003, 2.1960, 0.2457
(23, 17): 0.3770, 0.1002, 2.2049, 0.2542
(23, 18): 0.3513, 0.1007, 2.2353, 0.2087
(23, 19): 0.3513, 0.1007, 2.2353, 0.2087
(23, 20): 0.4084, 0.1010, 2.1370, 0.2416
(23, 21): 0.3901, 0.1004, 2.3832, 0.2172
(23, 22): 0.3901, 0.1004, 2.3832, 0.2172
(23, 23): 0.3425, 0.1017, 2.4452, 0.2442
(23, 24): 0.3450, 0.1005, 2.4804, 0.2893
(23, 25): 0.3450, 0.1005, 2.4804, 0.2893
(23, 26): 0.3310, 0.1002, 2.6234, 0.2889
(23, 27): 0.3876, 0.1002, 2.3900, 0.2457
(23, 28): 0.3876, 0.1002, 2.3900, 0.2457
(23, 29): 0.2872, 0.1016, 3.1902, 0.2128
(23, 30): 0.2645, 0.1003, 3.2086, 0.2050
(23, 31): 0.3325, 0.1002, 2.9107, 0.2782
(23, 32): 0.3325, 0.1002, 2.9107, 0.2782
(23, 33): 0.4552, 0.1000, 2.2402, 0.2320
(23, 34): 0.3892, 0.1004, 2.3947, 0.2545
(23, 35): 0.3892, 0.1004, 2.3947, 0.2545
(23, 36): 0.4039, 0.1002, 2.1254, 0.2848
(23, 37): 0.4706, 0.1004, 2.0039, 0.2383
(24, 1): 0.1218, 0.1003, 2.4158, 0.2309
(24, 2): 0.1296, 0.1000, 2.3605, 0.2069
(24, 3): 0.1296, 0.1000, 2.3605, 0.2069
(24, 4): 0.3614, 0.1009, 2.4430, 0.2021
(24, 5): 0.2997, 0.1011, 2.3770, 0.2106
(24, 6): 0.2997, 0.1011, 2.3770, 0.2106
(24, 7): 0.3108, 0.1006, 2.3490, 0.2442
(24, 8): 0.3287, 0.1002, 2.2803, 0.2420
(24, 9): 0.3287, 0.1002, 2.2803, 0.2420
(24, 10): 0.3197, 0.1015, 2.3167, 0.2154
(24, 11): 0.3178, 0.1002, 2.3272, 0.2464
(24, 12): 0.3178, 0.1002, 2.3272, 0.2464
(24, 13): 0.3944, 0.1001, 2.2197, 0.2630
(24, 14): 0.3828, 0.1002, 2.1987, 0.2734
(24, 15): 0.3671, 0.1003, 2.1960, 0.2457
(24, 16): 0.3671, 0.1003, 2.1960, 0.2457
(24, 17): 0.3770, 0.1002, 2.2049, 0.2542
(24, 18): 0.3513, 0.1007, 2.2353, 0.2087
(24, 19): 0.3513, 0.1007, 2.2353, 0.2087
(24, 20): 0.4084, 0.1010, 2.1370, 0.2416
(24, 21): 0.3901, 0.1004, 2.3832, 0.2172
(24, 22): 0.3901, 0.1004, 2.3832, 0.2172
(24, 23): 0.3425, 0.1017, 2.4452, 0.2442
(24, 24): 0.3450, 0.1005, 2.4804, 0.2893
(24, 25): 0.3450, 0.1005, 2.4804, 0.2893
(24, 26): 0.3310, 0.1002, 2.6234, 0.2889
(24, 27): 0.3876, 0.1002, 2.3900, 0.2457
(24, 28): 0.3876, 0.1002, 2.3900, 0.2457
(24, 29): 0.2872, 0.1016, 3.1902, 0.2128
(24, 30): 0.2645, 0.1003, 3.2086, 0.2050
(24, 31): 0.3736, 0.1004, 2.5987, 0.2405
(24, 32): 0.2980, 0.1007, 3.0010, 0.2530
(24, 33): 0.4482, 0.1001, 2.2585, 0.2250
(24, 34): 0.4475, 0.1006, 2.1419, 0.2597
(24, 35): 0.4475, 0.1006, 2.1419, 0.2597
(24, 36): 0.4681, 0.1003, 1.9330, 0.2283
(24, 37): 0.4845, 0.1002, 2.0868, 0.2859
(25, 1): 0.1395, 0.1002, 2.3235, 0.2246
(25, 2): 0.1383, 0.1010, 2.3286, 0.2220
(25, 3): 0.1383, 0.1010, 2.3286, 0.2220
(25, 4): 0.2050, 0.1000, 2.8617, 0.1847
(25, 5): 0.1962, 0.1007, 2.8617, 0.1984
(25, 6): 0.1962, 0.1007, 2.8617, 0.1984
(25, 7): 0.3108, 0.1006, 2.3490, 0.2442
(25, 8): 0.3287, 0.1002, 2.2803, 0.2420
(25, 9): 0.3287, 0.1002, 2.2803, 0.2420
(25, 10): 0.3197, 0.1015, 2.3167, 0.2154
(25, 11): 0.3178, 0.1002, 2.3272, 0.2464
(25, 12): 0.3178, 0.1002, 2.3272, 0.2464
(25, 13): 0.3194, 0.1001, 2.3276, 0.2494
(25, 14): 0.3296, 0.1001, 2.2721, 0.2420
(25, 15): 0.2977, 0.1006, 2.3626, 0.2486
(25, 16): 0.2977, 0.1006, 2.3626, 0.2486
(25, 17): 0.3801, 0.1008, 2.1868, 0.2579
(25, 18): 0.4233, 0.1000, 2.0537, 0.2811
(25, 19): 0.4233, 0.1000, 2.0537, 0.2811
(25, 20): 0.3237, 0.1001, 2.4164, 0.2187
(25, 21): 0.3200, 0.1007, 2.4504, 0.2479
(25, 22): 0.3200, 0.1007, 2.4504, 0.2479
(25, 23): 0.4142, 0.1001, 2.1823, 0.2431
(25, 24): 0.4837, 0.1001, 1.9970, 0.2146
(25, 25): 0.4837, 0.1001, 1.9970, 0.2146
(25, 26): 0.3016, 0.1001, 2.7436, 0.2261
(25, 27): 0.3224, 0.1002, 2.7118, 0.2567
(25, 28): 0.3224, 0.1002, 2.7118, 0.2567
(25, 29): 0.2537, 0.1003, 3.2622, 0.2571
(25, 30): 0.3736, 0.1004, 2.5987, 0.2405
(25, 31): 0.3736, 0.1004, 2.5987, 0.2405
(25, 32): 0.2980, 0.1007, 3.0010, 0.2530
(25, 33): 0.4482, 0.1001, 2.2585, 0.2250
(25, 34): 0.4475, 0.1006, 2.1419, 0.2597
(25, 35): 0.4475, 0.1006, 2.1419, 0.2597
(25, 36): 0.4681, 0.1003, 1.9330, 0.2283
(25, 37): 0.3880, 0.1019, 2.3372, 0.1995
(26, 1): 0.1269, 0.1010, 2.4096, 0.2294
(26, 2): 0.1383, 0.1010, 2.3286, 0.2220
(26, 3): 0.1383, 0.1010, 2.3286, 0.2220
(26, 4): 0.2050, 0.1000, 2.8617, 0.1847
(26, 5): 0.1962, 0.1007, 2.8617, 0.1984
(26, 6): 0.1962, 0.1007, 2.8617, 0.1984
(26, 7): 0.2107, 0.1006, 2.8340, 0.1999
(26, 8): 0.2217, 0.1001, 2.7869, 0.1914
(26, 9): 0.2217, 0.1001, 2.7869, 0.1914
(26, 10): 0.2228, 0.1027, 2.7709, 0.1902
(26, 11): 0.2182, 0.1031, 2.7923, 0.1950
(26, 12): 0.2182, 0.1031, 2.7923, 0.1950
(26, 13): 0.2432, 0.1013, 2.6898, 0.1880
(26, 14): 0.2393, 0.1018, 2.7157, 0.1840
(26, 15): 0.2199, 0.1001, 2.7857, 0.2058
(26, 16): 0.2199, 0.1001, 2.7857, 0.2058
(26, 17): 0.2892, 0.1000, 2.4325, 0.2128
(26, 18): 0.2734, 0.1011, 2.4759, 0.1995
(26, 19): 0.2734, 0.1011, 2.4759, 0.1995
(26, 20): 0.3875, 0.1001, 2.2085, 0.2087
(26, 21): 0.3564, 0.1005, 2.3267, 0.2992
(26, 22): 0.3564, 0.1005, 2.3267, 0.2992
(26, 23): 0.2947, 0.1000, 2.7900, 0.2276
(26, 24): 0.2916, 0.1012, 2.7733, 0.2789
(26, 25): 0.2916, 0.1012, 2.7733, 0.2789
(26, 26): 0.2276, 0.1006, 3.1541, 0.2678
(26, 27): 0.3733, 0.1007, 2.5071, 0.2431
(26, 28): 0.3733, 0.1007, 2.5071, 0.2431
(26, 29): 0.3231, 0.1001, 2.7379, 0.2368
(26, 30): 0.3854, 0.1003, 2.4928, 0.2579
(26, 31): 0.3854, 0.1003, 2.4928, 0.2579
(26, 32): 0.4351, 0.1008, 2.2984, 0.2309
(26, 33): 0.3282, 0.1002, 2.6678, 0.2549
(26, 34): 0.4354, 0.1001, 2.0374, 0.2604
(26, 35): 0.4354, 0.1001, 2.0374, 0.2604
(26, 36): 0.4298, 0.1001, 2.0774, 0.2434
(26, 37): 0.3880, 0.1019, 2.3372, 0.1995
(27, 1): 0.1269, 0.1010, 2.4096, 0.2294
(27, 2): 0.1535, 0.1009, 2.5151, 0.2615
(27, 3): 0.1535, 0.1009, 2.5151, 0.2615
(27, 4): 0.2022, 0.1013, 2.8352, 0.2239
(27, 5): 0.2172, 0.1003, 2.7984, 0.2035
(27, 6): 0.2172, 0.1003, 2.7984, 0.2035
(27, 7): 0.2367, 0.1000, 2.7072, 0.2035
(27, 8): 0.2394, 0.1016, 2.7012, 0.1984
(27, 9): 0.2394, 0.1016, 2.7012, 0.1984
(27, 10): 0.2342, 0.1016, 2.7261, 0.2446
(27, 11): 0.2280, 0.1011, 2.7373, 0.2006
(27, 12): 0.2356, 0.1008, 2.7210, 0.2571
(27, 13): 0.2356, 0.1008, 2.7210, 0.2571
(27, 14): 0.2645, 0.1001, 2.6190, 0.2505
(27, 15): 0.3227, 0.1006, 2.3920, 0.2471
(27, 16): 0.3227, 0.1006, 2.3920, 0.2471
(27, 17): 0.3332, 0.1009, 2.3343, 0.2213
(27, 18): 0.3169, 0.1010, 2.3833, 0.2423
(27, 19): 0.3169, 0.1010, 2.3833, 0.2423
(27, 20): 0.3001, 0.1002, 2.5726, 0.2401
(27, 21): 0.2642, 0.1002, 2.7632, 0.2615
(27, 22): 0.2642, 0.1002, 2.7632, 0.2615
(27, 23): 0.2167, 0.1015, 3.2366, 0.2907
(27, 24): 0.2256, 0.1006, 3.1702, 0.3129
(27, 25): 0.2256, 0.1006, 3.1702, 0.3129
(27, 26): 0.2962, 0.1003, 2.8111, 0.2475
(27, 27): 0.3089, 0.1000, 2.7852, 0.2449
(27, 28): 0.3089, 0.1000, 2.7852, 0.2449
(27, 29): 0.3165, 0.1004, 2.7167, 0.2748
(27, 30): 0.3923, 0.1004, 2.3877, 0.2471
(27, 31): 0.3923, 0.1004, 2.3877, 0.2471
(27, 32): 0.3897, 0.1006, 2.4650, 0.2844
(27, 33): 0.2925, 0.1009, 2.7954, 0.2623
(27, 34): 0.2925, 0.1009, 2.7954, 0.2623
(27, 35): 0.3267, 0.1030, 2.5422, 0.2530
(27, 36): 0.3934, 0.1006, 2.1739, 0.2974
(27, 37): 0.5432, 0.1001, 1.7433, 0.2711
(28, 1): 0.1061, 0.1008, 2.4631, 0.2822
(28, 2): 0.1290, 0.1004, 2.5602, 0.2748
(28, 3): 0.1290, 0.1004, 2.5602, 0.2748
(28, 4): 0.1863, 0.1014, 2.9038, 0.2035
(28, 5): 0.2016, 0.1006, 2.8418, 0.2083
(28, 6): 0.2016, 0.1006, 2.8418, 0.2083
(28, 7): 0.2395, 0.1000, 2.7051, 0.1999
(28, 8): 0.2402, 0.1004, 2.7240, 0.1995
(28, 9): 0.2402, 0.1004, 2.7240, 0.1995
(28, 10): 0.2314, 0.1003, 2.7544, 0.1991
(28, 11): 0.2713, 0.1003, 2.6102, 0.2497
(28, 12): 0.2871, 0.1001, 2.5425, 0.2409
(28, 13): 0.2871, 0.1001, 2.5425, 0.2409
(28, 14): 0.3494, 0.1010, 2.3229, 0.2264
(28, 15): 0.3544, 0.1008, 2.2934, 0.2209
(28, 16): 0.3544, 0.1008, 2.2934, 0.2209
(28, 17): 0.3447, 0.1007, 2.3004, 0.2239
(28, 18): 0.3414, 0.1001, 2.3501, 0.2313
(28, 19): 0.3414, 0.1001, 2.3501, 0.2313
(28, 20): 0.2932, 0.1014, 2.6473, 0.2324
(28, 21): 0.2521, 0.1000, 2.9275, 0.1921
(28, 22): 0.2521, 0.1000, 2.9275, 0.1921
(28, 23): 0.1382, 0.1008, 3.6376, 0.1788
(28, 24): 0.2810, 0.1011, 2.7429, 0.2645
(28, 25): 0.2810, 0.1011, 2.7429, 0.2645
(28, 26): 0.2629, 0.1000, 2.8958, 0.2375
(28, 27): 0.3198, 0.1004, 2.6554, 0.2198
(28, 28): 0.3198, 0.1004, 2.6554, 0.2198
(28, 29): 0.3524, 0.1007, 2.3947, 0.2708
(28, 30): 0.3918, 0.1021, 2.3558, 0.2560
(28, 31): 0.3918, 0.1021, 2.3558, 0.2560
(28, 32): 0.4724, 0.1006, 1.9120, 0.2150
(28, 33): 0.3989, 0.1002, 2.2321, 0.2390
(28, 34): 0.3989, 0.1002, 2.2321, 0.2390
(28, 35): 0.3418, 0.1005, 2.4421, 0.2837
(28, 36): 0.3388, 0.1004, 2.2798, 0.2663
(28, 37): 0.4590, 0.1008, 1.9923, 0.2893
(29, 1): 0.0935, 0.1013, 2.5511, 0.2361
(29, 2): 0.1430, 0.1000, 2.6302, 0.2682
(29, 3): 0.1430, 0.1000, 2.6302, 0.2682
(29, 4): 0.1823, 0.1013, 2.9318, 0.2050
(29, 5): 0.2163, 0.1010, 2.8032, 0.2486
(29, 6): 0.2163, 0.1010, 2.8032, 0.2486
(29, 7): 0.2230, 0.1005, 2.7928, 0.2010
(29, 8): 0.2614, 0.1000, 2.6581, 0.2475
(29, 9): 0.3001, 0.1009, 2.5009, 0.2361
(29, 10): 0.3001, 0.1009, 2.5009, 0.2361
(29, 11): 0.3831, 0.1004, 2.2308, 0.2157
(29, 12): 0.3796, 0.1008, 2.2502, 0.2220
(29, 13): 0.3796, 0.1008, 2.2502, 0.2220
(29, 14): 0.3579, 0.1006, 2.3127, 0.2246
(29, 15): 0.3359, 0.1005, 2.3813, 0.2313
(29, 16): 0.3359, 0.1005, 2.3813, 0.2313
(29, 17): 0.3347, 0.1016, 2.3694, 0.2305
(29, 18): 0.3066, 0.1003, 2.5705, 0.2460
(29, 19): 0.3066, 0.1003, 2.5705, 0.2460
(29, 20): 0.2467, 0.1001, 2.9537, 0.2320
(29, 21): 0.2442, 0.1019, 2.9713, 0.2017
(29, 22): 0.2442, 0.1019, 2.9713, 0.2017
(29, 23): 0.3340, 0.1008, 2.5363, 0.2553
(29, 24): 0.4502, 0.1016, 2.0177, 0.2013
(29, 25): 0.4502, 0.1016, 2.0177, 0.2013
(29, 26): 0.2796, 0.1012, 2.7386, 0.2349
(29, 27): 0.2952, 0.1009, 2.7198, 0.2176
(29, 28): 0.2952, 0.1009, 2.7198, 0.2176
(29, 29): 0.4748, 0.1003, 2.0046, 0.2316
(29, 30): 0.4489, 0.1011, 2.0406, 0.2457
(29, 31): 0.4489, 0.1011, 2.0406, 0.2457
(29, 32): 0.5316, 0.1003, 1.7333, 0.2604
(29, 33): 0.3945, 0.1012, 2.2161, 0.2106
(29, 34): 0.3945, 0.1012, 2.2161, 0.2106
(29, 35): 0.4440, 0.1000, 2.0651, 0.2656
(29, 36): 0.4216, 0.1001, 2.1897, 0.2438
(29, 37): 0.4216, 0.1001, 2.1897, 0.2438
(30, 1): 0.1216, 0.1010, 2.4310, 0.2257
(30, 2): 0.1846, 0.1009, 3.0073, 0.2305
(30, 3): 0.1846, 0.1009, 3.0073, 0.2305
(30, 4): 0.2037, 0.1000, 2.8579, 0.2194
(30, 5): 0.2108, 0.1000, 2.8345, 0.1950
(30, 6): 0.3036, 0.1003, 2.4884, 0.2327
(30, 7): 0.3036, 0.1003, 2.4884, 0.2327
(30, 8): 0.3227, 0.1009, 2.4152, 0.2231
(30, 9): 0.3532, 0.1005, 2.3295, 0.2216
(30, 10): 0.3532, 0.1005, 2.3295, 0.2216
(30, 11): 0.3443, 0.1005, 2.3551, 0.2165
(30, 12): 0.3720, 0.1001, 2.2840, 0.2176
(30, 13): 0.3720, 0.1001, 2.2840, 0.2176
(30, 14): 0.3716, 0.1002, 2.2822, 0.2194
(30, 15): 0.3521, 0.1019, 2.3385, 0.2257
(30, 16): 0.3521, 0.1019, 2.3385, 0.2257
(30, 17): 0.3333, 0.1000, 2.3940, 0.2301
(30, 18): 0.3082, 0.1002, 2.5469, 0.2401
(30, 19): 0.3082, 0.1002, 2.5469, 0.2401
(30, 20): 0.2312, 0.1002, 3.0338, 0.2689
(30, 21): 0.2440, 0.1004, 2.9665, 0.2671
(30, 22): 0.2440, 0.1004, 2.9665, 0.2671
(30, 23): 0.4287, 0.1004, 2.0870, 0.2091
(30, 24): 0.4459, 0.1004, 2.0591, 0.2035
(30, 25): 0.4459, 0.1004, 2.0591, 0.2035
(30, 26): 0.2854, 0.1008, 2.7302, 0.2442
(30, 27): 0.2945, 0.1002, 2.7501, 0.2431
(30, 28): 0.2945, 0.1002, 2.7501, 0.2431
(30, 29): 0.5418, 0.1016, 1.8447, 0.2446
(30, 30): 0.4912, 0.1018, 1.9599, 0.2250
(30, 31): 0.4912, 0.1018, 1.9599, 0.2250
(30, 32): 0.4027, 0.1005, 2.3585, 0.2006
(30, 33): 0.3391, 0.1000, 2.4750, 0.2349
(30, 34): 0.3391, 0.1000, 2.4750, 0.2349
(30, 35): 0.4041, 0.1005, 2.2086, 0.2143
(30, 36): 0.6389, 0.1005, 1.5239, 0.2268
(30, 37): 0.6389, 0.1005, 1.5239, 0.2268
(31, 1): 0.1216, 0.1010, 2.4310, 0.2257
(31, 2): 0.1846, 0.1009, 3.0073, 0.2305
(31, 3): 0.2037, 0.1000, 2.8579, 0.2194
(31, 4): 0.2037, 0.1000, 2.8579, 0.2194
(31, 5): 0.2108, 0.1000, 2.8345, 0.1950
(31, 6): 0.3036, 0.1003, 2.4884, 0.2327
(31, 7): 0.3036, 0.1003, 2.4884, 0.2327
(31, 8): 0.3227, 0.1009, 2.4152, 0.2231
(31, 9): 0.3532, 0.1005, 2.3295, 0.2216
(31, 10): 0.3532, 0.1005, 2.3295, 0.2216
(31, 11): 0.3443, 0.1005, 2.3551, 0.2165
(31, 12): 0.3720, 0.1001, 2.2840, 0.2176
(31, 13): 0.3720, 0.1001, 2.2840, 0.2176
(31, 14): 0.3716, 0.1002, 2.2822, 0.2194
(31, 15): 0.3521, 0.1019, 2.3385, 0.2257
(31, 16): 0.3521, 0.1019, 2.3385, 0.2257
(31, 17): 0.3333, 0.1000, 2.3940, 0.2301
(31, 18): 0.3082, 0.1002, 2.5469, 0.2401
(31, 19): 0.3082, 0.1002, 2.5469, 0.2401
(31, 20): 0.2312, 0.1002, 3.0338, 0.2689
(31, 21): 0.2440, 0.1004, 2.9665, 0.2671
(31, 22): 0.2440, 0.1004, 2.9665, 0.2671
(31, 23): 0.4287, 0.1004, 2.0870, 0.2091
(31, 24): 0.4459, 0.1004, 2.0591, 0.2035
(31, 25): 0.4459, 0.1004, 2.0591, 0.2035
(31, 26): 0.2854, 0.1008, 2.7302, 0.2442
(31, 27): 0.2945, 0.1002, 2.7501, 0.2431
(31, 28): 0.2945, 0.1002, 2.7501, 0.2431
(31, 29): 0.5418, 0.1016, 1.8447, 0.2446
(31, 30): 0.4912, 0.1018, 1.9599, 0.2250
(31, 31): 0.4912, 0.1018, 1.9599, 0.2250
(31, 32): 0.4027, 0.1005, 2.3585, 0.2006
(31, 33): 0.3391, 0.1000, 2.4750, 0.2349
(31, 34): 0.3391, 0.1000, 2.4750, 0.2349
(31, 35): 0.4041, 0.1005, 2.2086, 0.2143
(31, 36): 0.6389, 0.1005, 1.5239, 0.2268
(31, 37): 0.6389, 0.1005, 1.5239, 0.2268
(32, 1): 0.1216, 0.1010, 2.4310, 0.2257
(32, 2): 0.1846, 0.1009, 3.0073, 0.2305
(32, 3): 0.2037, 0.1000, 2.8579, 0.2194
(32, 4): 0.2037, 0.1000, 2.8579, 0.2194
(32, 5): 0.2108, 0.1000, 2.8345, 0.1950
(32, 6): 0.3036, 0.1003, 2.4884, 0.2327
(32, 7): 0.3036, 0.1003, 2.4884, 0.2327
(32, 8): 0.3227, 0.1009, 2.4152, 0.2231
(32, 9): 0.3532, 0.1005, 2.3295, 0.2216
(32, 10): 0.3532, 0.1005, 2.3295, 0.2216
(32, 11): 0.3443, 0.1005, 2.3551, 0.2165
(32, 12): 0.3720, 0.1001, 2.2840, 0.2176
(32, 13): 0.3720, 0.1001, 2.2840, 0.2176
(32, 14): 0.3716, 0.1002, 2.2822, 0.2194
(32, 15): 0.3521, 0.1019, 2.3385, 0.2257
(32, 16): 0.3521, 0.1019, 2.3385, 0.2257
(32, 17): 0.3333, 0.1000, 2.3940, 0.2301
(32, 18): 0.3082, 0.1002, 2.5469, 0.2401
(32, 19): 0.3082, 0.1002, 2.5469, 0.2401
(32, 20): 0.2312, 0.1002, 3.0338, 0.2689
(32, 21): 0.2440, 0.1004, 2.9665, 0.2671
(32, 22): 0.2440, 0.1004, 2.9665, 0.2671
(32, 23): 0.4287, 0.1004, 2.0870, 0.2091
(32, 24): 0.4459, 0.1004, 2.0591, 0.2035
(32, 25): 0.4459, 0.1004, 2.0591, 0.2035
(32, 26): 0.2854, 0.1008, 2.7302, 0.2442
(32, 27): 0.2945, 0.1002, 2.7501, 0.2431
(32, 28): 0.2945, 0.1002, 2.7501, 0.2431
(32, 29): 0.5418, 0.1016, 1.8447, 0.2446
(32, 30): 0.4912, 0.1018, 1.9599, 0.2250
(32, 31): 0.4912, 0.1018, 1.9599, 0.2250
(32, 32): 0.4027, 0.1005, 2.3585, 0.2006
(32, 33): 0.3391, 0.1000, 2.4750, 0.2349
(32, 34): 0.3391, 0.1000, 2.4750, 0.2349
(32, 35): 0.4041, 0.1005, 2.2086, 0.2143
(32, 36): 0.6389, 0.1005, 1.5239, 0.2268
(32, 37): 0.6389, 0.1005, 1.5239, 0.2268
