(9, 1): -0.2524, 11.0055, 5.9083
(9, 2): -0.2524, 11.0055, 5.9083
(9, 3): -0.0805, 11.0309, 4.2811
(9, 4): 0.0359, 11.0392, 3.5917
(9, 5): 0.0359, 11.0392, 3.5917
(9, 6): -0.0027, 11.1278, 4.4448
(9, 7): 0.1389, 11.0015, 4.1362
(9, 8): 0.1389, 11.0015, 4.1362
(9, 9): 0.1086, 11.0457, 4.7698
(9, 10): 0.1285, 11.0064, 4.5314
(9, 11): 0.0782, 11.0130, 4.9271
(9, 12): 0.0782, 11.0130, 4.9271
(9, 13): 0.0370, 11.0189, 4.8791
(9, 14): 0.0776, 11.0367, 4.5618
(9, 15): 0.0776, 11.0367, 4.5618
(9, 16): -0.0540, 11.2537, 5.1882
(9, 17): -0.0843, 11.0245, 5.6495
(9, 18): -0.0843, 11.0245, 5.6495
(9, 19): -0.1579, 11.0128, 6.6119
(9, 20): -0.1297, 11.0052, 7.0072
(9, 21): -0.0417, 11.0168, 5.8488
(9, 22): -0.0417, 11.0168, 5.8488
(9, 23): -0.0713, 11.0565, 5.7766
(9, 24): -0.1703, 11.0159, 6.7170
(9, 25): -0.1703, 11.0159, 6.7170
(9, 26): -0.0827, 11.0537, 5.7707
(9, 27): -0.1799, 11.0218, 5.6304
(9, 28): -0.1895, 11.0557, 4.8944
(9, 29): -0.1895, 11.0557, 4.8944
(9, 30): -0.2215, 11.0435, 5.3235
(9, 31): -0.0142, 11.0141, 4.7247
(9, 32): -0.0142, 11.0141, 4.7247
(9, 33): 0.0305, 11.0166, 5.1519
(9, 34): -0.0486, 11.0153, 6.4310
(9, 35): -0.1483, 11.0048, 6.2409
(9, 36): -0.1483, 11.0048, 6.2409
(9, 37): -0.1799, 11.0377, 6.4926
(10, 1): -0.2686, 11.0080, 5.6287
(10, 2): -0.2686, 11.0080, 5.6287
(10, 3): -0.1306, 11.0073, 4.4980
(10, 4): -0.0905, 11.0121, 4.3156
(10, 5): -0.0905, 11.0121, 4.3156
(10, 6): -0.0364, 11.0293, 4.2609
(10, 7): -0.0241, 11.0040, 4.7606
(10, 8): -0.0241, 11.0040, 4.7606
(10, 9): 0.0329, 11.0208, 4.2697
(10, 10): 0.0676, 11.0672, 4.1636
(10, 11): -0.0184, 11.0436, 5.3701
(10, 12): -0.0184, 11.0436, 5.3701
(10, 13): -0.0422, 11.0358, 5.5219
(10, 14): -0.0422, 11.0131, 5.4610
(10, 15): -0.0422, 11.0131, 5.4610
(10, 16): -0.1033, 11.0053, 5.9204
(10, 17): -0.1454, 11.0625, 6.1075
(10, 18): -0.1476, 11.0408, 6.4788
(10, 19): -0.1476, 11.0408, 6.4788
(10, 20): -0.1268, 11.0381, 6.3043
(10, 21): -0.0777, 11.0341, 5.6803
(10, 22): -0.0777, 11.0341, 5.6803
(10, 23): -0.0121, 11.0406, 5.3643
(10, 24): -0.1272, 11.0339, 5.9612
(10, 25): -0.1272, 11.0339, 5.9612
(10, 26): -0.1612, 11.0423, 7.1644
(10, 27): -0.1506, 11.0470, 6.2515
(10, 28): -0.1524, 11.0169, 4.8634
(10, 29): -0.1524, 11.0169, 4.8634
(10, 30): -0.1955, 11.1053, 5.4935
(10, 31): -0.0740, 11.0257, 5.6774
(10, 32): -0.0740, 11.0257, 5.6774
(10, 33): -0.0006, 11.0339, 5.7969
(10, 34): 0.0059, 11.0068, 6.4195
(10, 35): -0.0461, 11.0100, 5.7650
(10, 36): -0.0461, 11.0100, 5.7650
(10, 37): -0.0781, 11.0384, 5.3213
(11, 1): -0.1692, 11.0098, 4.9875
(11, 2): -0.1692, 11.0098, 4.9875
(11, 3): -0.2282, 11.0244, 5.2785
(11, 4): -0.2419, 11.0401, 5.0094
(11, 5): -0.2419, 11.0401, 5.0094
(11, 6): -0.1264, 11.1109, 4.6478
(11, 7): -0.0237, 11.0408, 4.3632
(11, 8): -0.0237, 11.0408, 4.3632
(11, 9): 0.0128, 11.0088, 4.0752
(11, 10): 0.0012, 11.0168, 4.8582
(11, 11): 0.0132, 11.0107, 4.6528
(11, 12): 0.0132, 11.0107, 4.6528
(11, 13): -0.0275, 11.0124, 5.3156
(11, 14): -0.0381, 11.0084, 5.6435
(11, 15): -0.0381, 11.0084, 5.6435
(11, 16): -0.0838, 11.0111, 5.2183
(11, 17): -0.0607, 11.0190, 4.6087
(11, 18): -0.1008, 11.0340, 5.5159
(11, 19): -0.1008, 11.0340, 5.5159
(11, 20): -0.1398, 11.0175, 6.7393
(11, 21): -0.1136, 11.0064, 5.7382
(11, 22): -0.1136, 11.0064, 5.7382
(11, 23): -0.2041, 11.0140, 6.7956
(11, 24): -0.0712, 11.0483, 5.7773
(11, 25): -0.0712, 11.0483, 5.7773
(11, 26): -0.0690, 11.0970, 6.8188
(11, 27): -0.0019, 11.0131, 6.0243
(11, 28): 0.0187, 11.0004, 5.5117
(11, 29): 0.0187, 11.0004, 5.5117
(11, 30): 0.0055, 11.1328, 5.1895
(11, 31): -0.0613, 11.0454, 6.3247
(11, 32): -0.0613, 11.0454, 6.3247
(11, 33): 0.0518, 11.0153, 5.6514
(11, 34): 0.0463, 11.0647, 6.2062
(11, 35): 0.0020, 11.0304, 6.5558
(11, 36): 0.0020, 11.0304, 6.5558
(11, 37): 0.0061, 11.0690, 5.4556
(12, 1): -0.1280, 11.0156, 4.5029
(12, 2): -0.1280, 11.0156, 4.5029
(12, 3): -0.2592, 11.0144, 5.3595
(12, 4): -0.2572, 11.0244, 5.1839
(12, 5): -0.2572, 11.0244, 5.1839
(12, 6): -0.1331, 11.0303, 4.5080
(12, 7): -0.0828, 11.0084, 4.9949
(12, 8): -0.0828, 11.0084, 4.9949
(12, 9): -0.0137, 11.0217, 4.2960
(12, 10): -0.0553, 11.0184, 4.4201
(12, 11): -0.0250, 11.0119, 5.0244
(12, 12): -0.0250, 11.0119, 5.0244
(12, 13): 0.0057, 11.0044, 5.2612
(12, 14): -0.0597, 11.0022, 4.9639
(12, 15): -0.0597, 11.0022, 4.9639
(12, 16): -0.0905, 11.0012, 5.1472
(12, 17): -0.0801, 11.0521, 5.2634
(12, 18): -0.0889, 11.0281, 4.7497
(12, 19): -0.0889, 11.0281, 4.7497
(12, 20): -0.0555, 11.0555, 4.7646
(12, 21): -0.0037, 11.0046, 4.8812
(12, 22): -0.0037, 11.0046, 4.8812
(12, 23): 0.0029, 11.0285, 4.6296
(12, 24): 0.0278, 11.0303, 4.8206
(12, 25): 0.0278, 11.0303, 4.8206
(12, 26): 0.0166, 11.0166, 5.6940
(12, 27): 0.0172, 11.0587, 5.4332
(12, 28): 0.0755, 11.0195, 4.8118
(12, 29): 0.0755, 11.0195, 4.8118
(12, 30): 0.0078, 11.0124, 5.0044
(12, 31): 0.0114, 11.0577, 5.3874
(12, 32): 0.0114, 11.0577, 5.3874
(12, 33): 0.0467, 11.0614, 5.9053
(12, 34): 0.0376, 11.0031, 6.1238
(12, 35): 0.0376, 11.0031, 6.1238
(12, 36): 0.0153, 11.0338, 6.2365
(12, 37): 0.0733, 11.0747, 5.6880
(13, 1): -0.1304, 11.0009, 4.7346
(13, 2): -0.1304, 11.0009, 4.7346
(13, 3): -0.1932, 11.0043, 4.7833
(13, 4): -0.3035, 11.1090, 5.2041
(13, 5): -0.3035, 11.1090, 5.2041
(13, 6): -0.1570, 11.0654, 4.8253
(13, 7): -0.0500, 11.0226, 5.1636
(13, 8): -0.0500, 11.0226, 5.1636
(13, 9): -0.0124, 11.1181, 5.3580
(13, 10): 0.0221, 11.0836, 5.2627
(13, 11): -0.0069, 11.0388, 4.5441
(13, 12): -0.0069, 11.0388, 4.5441
(13, 13): 0.0057, 11.0044, 5.2612
(13, 14): -0.0597, 11.0022, 4.9639
(13, 15): -0.0597, 11.0022, 4.9639
(13, 16): -0.0905, 11.0012, 5.1472
(13, 17): -0.0801, 11.0521, 5.2634
(13, 18): -0.0889, 11.0281, 4.7497
(13, 19): -0.0889, 11.0281, 4.7497
(13, 20): -0.0555, 11.0555, 4.7646
(13, 21): -0.0037, 11.0046, 4.8812
(13, 22): -0.0037, 11.0046, 4.8812
(13, 23): 0.0029, 11.0285, 4.6296
(13, 24): 0.0278, 11.0303, 4.8206
(13, 25): 0.0278, 11.0303, 4.8206
(13, 26): 0.0166, 11.0166, 5.6940
(13, 27): 0.0172, 11.0587, 5.4332
(13, 28): 0.0755, 11.0195, 4.8118
(13, 29): 0.0755, 11.0195, 4.8118
(13, 30): 0.0078, 11.0124, 5.0044
(13, 31): 0.0579, 11.0007, 5.1975
(13, 32): 0.0579, 11.0007, 5.1975
(13, 33): 0.0783, 11.0644, 4.9164
(13, 34): 0.0679, 11.0619, 5.5123
(13, 35): 0.0679, 11.0619, 5.5123
(13, 36): 0.0489, 11.0637, 5.4316
(13, 37): 0.1106, 11.0102, 4.2753
(14, 1): -0.0759, 11.0205, 4.6786
(14, 2): -0.0759, 11.0205, 4.6786
(14, 3): -0.1716, 11.0268, 4.9726
(14, 4): -0.1599, 11.0281, 4.7621
(14, 5): -0.1599, 11.0281, 4.7621
(14, 6): -0.0988, 11.0109, 5.2406
(14, 7): -0.0500, 11.0226, 5.1636
(14, 8): -0.0124, 11.1181, 5.3580
(14, 9): -0.0124, 11.1181, 5.3580
(14, 10): 0.0221, 11.0836, 5.2627
(14, 11): -0.0069, 11.0388, 4.5441
(14, 12): -0.0069, 11.0388, 4.5441
(14, 13): -0.0133, 11.0523, 5.0721
(14, 14): -0.0291, 11.1827, 5.1222
(14, 15): -0.0291, 11.1827, 5.1222
(14, 16): -0.0325, 11.1132, 4.8982
(14, 17): 0.0883, 11.0048, 4.5115
(14, 18): 0.0621, 11.0107, 4.5033
(14, 19): 0.0621, 11.0107, 4.5033
(14, 20): 0.0051, 11.0906, 4.3698
(14, 21): 0.0311, 11.0169, 4.6446
(14, 22): 0.0311, 11.0169, 4.6446
(14, 23): 0.0228, 11.0268, 4.9692
(14, 24): 0.1036, 11.0148, 4.3749
(14, 25): 0.1036, 11.0148, 4.3749
(14, 26): 0.0850, 11.0628, 3.7526
(14, 27): 0.0929, 11.0111, 3.6269
(14, 28): 0.1381, 11.0018, 3.5402
(14, 29): 0.1381, 11.0018, 3.5402
(14, 30): 0.0880, 11.0007, 3.7576
(14, 31): 0.0579, 11.0007, 5.1975
(14, 32): 0.0579, 11.0007, 5.1975
(14, 33): 0.0783, 11.0644, 4.9164
(14, 34): 0.0679, 11.0619, 5.5123
(14, 35): 0.0679, 11.0619, 5.5123
(14, 36): 0.0489, 11.0637, 5.4316
(14, 37): 0.0696, 11.1942, 4.8240
(15, 1): -0.0331, 11.0743, 4.8633
(15, 2): -0.0331, 11.0743, 4.8633
(15, 3): -0.1716, 11.0268, 4.9726
(15, 4): -0.1599, 11.0281, 4.7621
(15, 5): -0.1599, 11.0281, 4.7621
(15, 6): -0.0988, 11.0109, 5.2406
(15, 7): -0.0130, 11.0095, 5.0909
(15, 8): 0.0133, 11.0547, 5.1757
(15, 9): 0.0133, 11.0547, 5.1757
(15, 10): 0.0549, 11.0260, 5.2119
(15, 11): 0.1278, 11.0766, 4.4538
(15, 12): 0.1278, 11.0766, 4.4538
(15, 13): 0.0988, 11.0898, 4.6488
(15, 14): 0.1020, 11.0149, 4.3092
(15, 15): 0.1020, 11.0149, 4.3092
(15, 16): 0.1111, 11.0003, 4.1370
(15, 17): 0.2185, 11.0222, 3.7882
(15, 18): 0.0701, 11.0267, 4.7096
(15, 19): 0.0701, 11.0267, 4.7096
(15, 20): 0.1243, 11.1646, 4.1912
(15, 21): 0.0579, 11.0383, 4.3845
(15, 22): 0.0579, 11.0383, 4.3845
(15, 23): 0.0537, 11.0009, 5.1186
(15, 24): 0.0268, 11.0487, 5.4985
(15, 25): 0.0268, 11.0487, 5.4985
(15, 26): 0.0520, 11.0021, 4.9098
(15, 27): 0.0302, 11.0820, 4.1693
(15, 28): 0.0565, 11.1167, 4.1402
(15, 29): 0.0565, 11.1167, 4.1402
(15, 30): 0.0256, 11.0172, 4.8787
(15, 31): 0.0403, 11.0223, 5.4164
(15, 32): 0.0403, 11.0223, 5.4164
(15, 33): 0.0350, 11.0033, 5.0474
(15, 34): 0.0314, 11.0231, 5.0366
(15, 35): 0.0314, 11.0231, 5.0366
(15, 36): -0.0073, 11.0730, 5.7125
(15, 37): 0.0696, 11.1942, 4.8240
(16, 1): -0.0331, 11.0743, 4.8633
(16, 2): -0.0331, 11.0743, 4.8633
(16, 3): 0.0340, 11.0566, 4.3749
(16, 4): 0.0313, 11.0741, 5.0986
(16, 5): 0.0313, 11.0741, 5.0986
(16, 6): 0.0448, 11.0164, 5.0023
(16, 7): 0.0935, 11.0123, 4.8845
(16, 8): 0.1117, 11.0004, 4.6808
(16, 9): 0.1117, 11.0004, 4.6808
(16, 10): 0.0969, 11.0284, 4.9959
(16, 11): 0.1182, 11.0409, 5.5129
(16, 12): 0.1182, 11.0409, 5.5129
(16, 13): 0.0875, 11.0161, 4.7412
(16, 14): 0.0677, 11.0584, 4.5513
(16, 15): 0.0677, 11.0584, 4.5513
(16, 16): 0.0729, 11.0892, 4.5393
(16, 17): 0.1216, 11.0114, 4.4047
(16, 18): 0.1572, 11.0112, 3.6713
(16, 19): 0.1572, 11.0112, 3.6713
(16, 20): 0.1249, 11.0081, 4.3107
(16, 21): 0.0299, 11.0619, 5.1019
(16, 22): 0.0299, 11.0619, 5.1019
(16, 23): 0.0433, 11.0049, 5.4188
(16, 24): 0.0229, 11.0120, 6.1690
(16, 25): 0.0229, 11.0120, 6.1690
(16, 26): 0.0158, 11.0193, 6.3478
(16, 27): 0.0365, 11.0624, 4.7142
(16, 28): 0.1219, 11.0156, 4.1606
(16, 29): 0.1219, 11.0156, 4.1606
(16, 30): 0.1359, 11.0174, 3.7984
(16, 31): 0.0931, 11.0093, 4.4169
(16, 32): 0.0931, 11.0093, 4.4169
(16, 33): 0.0775, 11.0499, 5.3721
(16, 34): 0.0218, 11.0512, 6.0681
(16, 35): 0.0218, 11.0512, 6.0681
(16, 36): -0.0022, 11.0056, 5.8670
(16, 37): -0.0400, 11.0191, 6.2205
(1, 1): 0.0687, 11.0285, 3.7172
(1, 2): 0.0687, 11.0285, 3.7172
(1, 3): 0.0466, 11.2073, 4.1522
(1, 4): 0.0466, 11.2073, 4.1522
(1, 5): 0.0034, 11.0717, 4.7179
(1, 6): -0.0588, 11.0307, 5.6870
(1, 7): -0.1342, 11.0389, 6.4711
(1, 8): -0.1342, 11.0389, 6.4711
(1, 9): -0.1168, 11.0014, 6.2246
(1, 10): -0.1660, 11.0418, 6.8076
(1, 11): -0.1660, 11.0418, 6.8076
(1, 12): -0.1968, 11.1690, 6.3793
(1, 13): -0.1993, 11.0378, 6.4227
(1, 14): -0.2735, 11.0000, 7.3303
(1, 15): -0.2735, 11.0000, 7.3303
(1, 16): -0.2871, 11.0390, 7.3897
(1, 17): -0.2354, 11.0908, 6.6000
(1, 18): -0.2354, 11.0908, 6.6000
(1, 19): -0.0335, 11.0674, 4.9896
(1, 20): 0.0314, 11.0589, 4.5847
(1, 21): 0.0887, 11.0115, 4.2714
(1, 22): 0.0887, 11.0115, 4.2714
(1, 23): 0.0120, 11.0228, 5.8776
(1, 24): 0.0805, 11.0407, 5.4420
(1, 25): 0.2135, 11.0194, 4.7873
(1, 26): 0.2135, 11.0194, 4.7873
(1, 27): 0.1644, 11.0130, 5.7302
(1, 28): 0.0313, 11.0016, 6.8541
(1, 29): 0.0313, 11.0016, 6.8541
(1, 30): 0.1895, 11.0707, 3.7997
(1, 31): 0.2885, 11.0033, 2.6706
(1, 32): 0.1291, 11.0090, 2.9111
(1, 33): 0.1291, 11.0090, 2.9111
(1, 34): -0.0169, 11.1844, 3.3816
(1, 35): 0.0856, 11.0342, 3.5604
(1, 36): 0.0856, 11.0342, 3.5604
(1, 37): -0.0820, 11.0011, 4.4519
(2, 1): 0.0617, 11.0001, 4.7621
(2, 2): 0.0617, 11.0001, 4.7621
(2, 3): 0.0913, 11.0140, 4.5733
(2, 4): 0.0913, 11.0140, 4.5733
(2, 5): 0.0277, 11.0623, 4.7393
(2, 6): 0.0153, 11.0190, 5.4127
(2, 7): 0.0176, 11.0157, 5.3473
(2, 8): 0.0176, 11.0157, 5.3473
(2, 9): -0.0127, 11.0610, 6.1521
(2, 10): -0.0043, 11.1893, 5.8247
(2, 11): -0.0043, 11.1893, 5.8247
(2, 12): -0.0971, 11.0268, 6.3128
(2, 13): -0.1993, 11.0378, 6.4227
(2, 14): -0.2735, 11.0000, 7.3303
(2, 15): -0.2735, 11.0000, 7.3303
(2, 16): -0.2871, 11.0390, 7.3897
(2, 17): -0.2354, 11.0908, 6.6000
(2, 18): -0.2354, 11.0908, 6.6000
(2, 19): -0.0335, 11.0674, 4.9896
(2, 20): 0.0314, 11.0589, 4.5847
(2, 21): 0.0887, 11.0115, 4.2714
(2, 22): 0.0887, 11.0115, 4.2714
(2, 23): 0.0120, 11.0228, 5.8776
(2, 24): 0.0805, 11.0407, 5.4420
(2, 25): 0.2135, 11.0194, 4.7873
(2, 26): 0.2135, 11.0194, 4.7873
(2, 27): 0.1644, 11.0130, 5.7302
(2, 28): 0.0313, 11.0016, 6.8541
(2, 29): 0.0313, 11.0016, 6.8541
(2, 30): 0.1589, 11.0392, 3.4209
(2, 31): 0.2792, 11.1633, 2.3156
(2, 32): -0.1106, 11.0596, 3.5067
(2, 33): -0.1106, 11.0596, 3.5067
(2, 34): -0.1054, 11.0779, 3.6514
(2, 35): 0.0241, 11.0069, 3.9300
(2, 36): 0.0241, 11.0069, 3.9300
(2, 37): -0.0328, 11.0062, 5.9314
(3, 1): 0.1213, 11.0490, 4.3102
(3, 2): 0.1213, 11.0490, 4.3102
(3, 3): 0.1256, 11.0180, 4.3677
(3, 4): 0.1256, 11.0180, 4.3677
(3, 5): 0.1006, 11.0183, 4.5554
(3, 6): 0.0116, 11.0278, 4.9228
(3, 7): 0.0176, 11.0157, 5.3473
(3, 8): 0.0176, 11.0157, 5.3473
(3, 9): -0.0127, 11.0610, 6.1521
(3, 10): -0.0043, 11.1893, 5.8247
(3, 11): -0.0043, 11.1893, 5.8247
(3, 12): -0.0971, 11.0268, 6.3128
(3, 13): -0.1010, 11.0021, 5.9527
(3, 14): -0.1950, 11.0713, 6.5412
(3, 15): -0.1950, 11.0713, 6.5412
(3, 16): -0.3762, 11.0206, 8.0600
(3, 17): -0.3668, 11.1215, 6.4855
(3, 18): -0.3668, 11.1215, 6.4855
(3, 19): -0.2808, 11.0291, 6.4190
(3, 20): -0.1831, 11.0118, 5.9207
(3, 21): -0.1465, 11.1558, 5.5492
(3, 22): -0.1465, 11.1558, 5.5492
(3, 23): -0.1368, 11.0040, 5.9804
(3, 24): -0.0616, 11.1091, 5.4858
(3, 25): -0.0616, 11.1091, 5.4858
(3, 26): 0.0488, 11.0118, 5.3450
(3, 27): 0.0551, 11.0281, 5.3661
(3, 28): 0.1459, 11.0139, 4.2024
(3, 29): 0.1459, 11.0139, 4.2024
(3, 30): 0.1589, 11.0392, 3.4209
(3, 31): 0.2792, 11.1633, 2.3156
(3, 32): -0.1106, 11.0596, 3.5067
(3, 33): -0.1106, 11.0596, 3.5067
(3, 34): -0.1054, 11.0779, 3.6514
(3, 35): 0.0241, 11.0069, 3.9300
(3, 36): 0.0241, 11.0069, 3.9300
(3, 37): -0.0573, 11.0155, 7.8232
(4, 1): 0.0600, 11.1333, 4.8597
(4, 2): 0.0600, 11.1333, 4.8597
(4, 3): 0.1256, 11.0180, 4.3677
(4, 4): 0.1256, 11.0180, 4.3677
(4, 5): 0.1006, 11.0183, 4.5554
(4, 6): 0.0116, 11.0278, 4.9228
(4, 7): 0.0779, 11.0528, 4.9739
(4, 8): 0.0779, 11.0528, 4.9739
(4, 9): 0.0691, 11.0898, 5.6924
(4, 10): 0.0648, 11.0207, 6.0553
(4, 11): 0.0648, 11.0207, 6.0553
(4, 12): 0.0481, 11.0382, 5.0304
(4, 13): 0.0042, 11.0630, 5.1174
(4, 14): -0.0416, 11.0207, 5.4002
(4, 15): -0.0416, 11.0207, 5.4002
(4, 16): -0.1292, 11.1229, 6.2613
(4, 17): -0.1413, 11.0492, 5.7661
(4, 18): -0.1413, 11.0492, 5.7661
(4, 19): -0.2442, 11.0033, 5.5115
(4, 20): -0.3340, 11.0245, 6.2958
(4, 21): -0.2821, 11.0402, 7.6516
(4, 22): -0.2821, 11.0402, 7.6516
(4, 23): -0.2670, 11.0134, 7.2260
(4, 24): -0.1827, 11.1205, 6.8704
(4, 25): -0.1827, 11.1205, 6.8704
(4, 26): -0.1367, 11.0635, 6.4448
(4, 27): -0.0372, 11.0590, 5.3983
(4, 28): 0.2189, 11.0395, 3.5717
(4, 29): 0.2189, 11.0395, 3.5717
(4, 30): 0.0243, 11.1302, 3.8369
(4, 31): -0.0503, 11.1689, 4.2533
(4, 32): 0.0514, 11.0193, 4.3108
(4, 33): 0.0514, 11.0193, 4.3108
(4, 34): -0.0087, 11.0256, 4.3490
(4, 35): 0.0926, 11.0028, 3.8401
(4, 36): 0.0926, 11.0028, 3.8401
(4, 37): -0.0573, 11.0155, 7.8232
(5, 1): 0.0600, 11.1333, 4.8597
(5, 2): 0.0600, 11.1333, 4.8597
(5, 3): 0.0494, 11.0603, 5.4110
(5, 4): 0.0494, 11.0603, 5.4110
(5, 5): 0.2076, 11.0062, 4.1887
(5, 6): 0.1132, 11.0374, 5.1327
(5, 7): 0.0822, 11.0769, 5.7688
(5, 8): 0.0822, 11.0769, 5.7688
(5, 9): 0.0664, 11.0182, 5.8552
(5, 10): 0.0357, 11.0363, 5.9834
(5, 11): 0.0357, 11.0363, 5.9834
(5, 12): 0.1109, 11.0258, 5.5330
(5, 13): 0.1395, 11.0046, 4.7815
(5, 14): 0.1310, 11.0577, 5.0746
(5, 15): 0.1310, 11.0577, 5.0746
(5, 16): 0.0793, 11.0591, 4.9607
(5, 17): -0.0000, 11.0080, 4.7126
(5, 18): -0.0000, 11.0080, 4.7126
(5, 19): 0.0057, 11.1328, 4.2484
(5, 20): -0.0802, 11.0608, 6.0110
(5, 21): -0.1071, 11.0002, 6.0293
(5, 22): -0.1071, 11.0002, 6.0293
(5, 23): -0.1228, 11.0051, 6.6547
(5, 24): -0.1432, 11.0686, 6.8628
(5, 25): -0.1432, 11.0686, 6.8628
(5, 26): -0.0983, 11.0273, 5.9806
(5, 27): -0.1384, 11.0963, 6.5846
(5, 28): -0.0414, 11.0389, 5.4235
(5, 29): -0.0414, 11.0389, 5.4235
(5, 30): 0.0829, 11.1188, 3.5723
(5, 31): -0.0135, 11.0153, 4.2933
(5, 32): -0.0135, 11.0153, 4.2933
(5, 33): -0.0259, 11.0336, 4.6278
(5, 34): 0.0090, 11.0441, 4.5511
(5, 35): -0.0543, 11.0376, 6.4616
(5, 36): -0.0543, 11.0376, 6.4616
(5, 37): -0.1031, 11.0154, 8.9082
(6, 1): -0.0122, 11.1103, 4.5304
(6, 2): -0.0122, 11.1103, 4.5304
(6, 3): 0.0290, 11.0340, 5.1473
(6, 4): 0.0290, 11.0340, 5.1473
(6, 5): 0.0876, 11.0001, 5.2017
(6, 6): 0.0646, 11.0042, 6.5673
(6, 7): 0.0976, 11.0853, 5.6835
(6, 8): 0.0976, 11.0853, 5.6835
(6, 9): 0.1077, 11.0387, 5.6505
(6, 10): 0.0715, 11.0680, 5.9659
(6, 11): 0.0715, 11.0680, 5.9659
(6, 12): 0.0857, 11.0495, 6.2475
(6, 13): 0.2063, 11.0067, 4.9571
(6, 14): 0.0535, 11.0431, 6.0687
(6, 15): 0.0535, 11.0431, 6.0687
(6, 16): 0.0427, 11.0327, 5.4312
(6, 17): 0.0543, 11.0101, 4.7527
(6, 18): 0.0543, 11.0101, 4.7527
(6, 19): 0.0346, 11.0256, 4.5215
(6, 20): -0.0161, 11.0076, 5.5396
(6, 21): -0.0554, 11.0366, 5.3598
(6, 22): -0.0554, 11.0366, 5.3598
(6, 23): -0.0931, 11.1169, 6.1767
(6, 24): -0.1490, 11.0153, 5.9015
(6, 25): -0.1490, 11.0153, 5.9015
(6, 26): -0.2028, 11.0358, 5.9430
(6, 27): -0.0380, 11.0416, 4.4351
(6, 28): -0.0677, 11.0004, 5.3789
(6, 29): -0.0677, 11.0004, 5.3789
(6, 30): -0.0352, 11.0066, 4.5584
(6, 31): 0.0101, 11.0334, 3.9702
(6, 32): 0.0101, 11.0334, 3.9702
(6, 33): -0.0053, 11.0250, 4.4621
(6, 34): -0.0301, 11.0173, 5.5578
(6, 35): 0.0243, 11.0120, 7.7841
(6, 36): 0.0243, 11.0120, 7.7841
(6, 37): -0.0227, 11.0262, 9.1327
(7, 1): -0.0434, 11.0193, 5.0298
(7, 2): -0.0434, 11.0193, 5.0298
(7, 3): 0.0074, 11.0838, 4.7850
(7, 4): 0.0732, 11.1016, 5.1172
(7, 5): 0.0732, 11.1016, 5.1172
(7, 6): 0.0604, 11.0243, 6.0741
(7, 7): 0.0847, 11.0954, 6.0279
(7, 8): 0.0847, 11.0954, 6.0279
(7, 9): 0.1351, 11.0152, 5.3937
(7, 10): 0.0492, 11.0880, 5.0914
(7, 11): 0.0957, 11.0096, 5.3184
(7, 12): 0.0957, 11.0096, 5.3184
(7, 13): 0.1186, 11.1908, 5.7390
(7, 14): 0.1022, 11.0387, 5.5975
(7, 15): 0.1022, 11.0387, 5.5975
(7, 16): 0.0216, 11.0233, 5.4688
(7, 17): 0.0763, 11.0833, 4.8145
(7, 18): 0.0763, 11.0833, 4.8145
(7, 19): 0.0379, 11.0099, 4.5067
(7, 20): -0.0133, 11.0759, 5.4429
(7, 21): -0.0270, 11.0188, 5.0170
(7, 22): -0.0270, 11.0188, 5.0170
(7, 23): -0.0546, 11.0053, 5.1121
(7, 24): -0.0769, 11.1060, 4.6820
(7, 25): -0.0769, 11.1060, 4.6820
(7, 26): -0.2342, 11.0231, 5.6032
(7, 27): -0.2023, 11.0498, 5.1745
(7, 28): -0.1550, 11.0740, 5.3325
(7, 29): -0.1550, 11.0740, 5.3325
(7, 30): -0.0629, 11.0565, 4.0599
(7, 31): 0.0484, 11.0224, 3.4513
(7, 32): 0.0484, 11.0224, 3.4513
(7, 33): 0.0794, 11.0005, 4.0731
(7, 34): -0.0260, 11.0018, 6.6140
(7, 35): -0.0023, 11.0032, 8.3151
(7, 36): -0.0023, 11.0032, 8.3151
(7, 37): -0.0176, 11.0182, 9.1474
(8, 1): -0.0942, 11.0057, 4.9317
(8, 2): -0.0942, 11.0057, 4.9317
(8, 3): -0.0162, 11.0019, 4.3863
(8, 4): 0.1210, 11.0524, 3.9576
(8, 5): 0.1210, 11.0524, 3.9576
(8, 6): 0.0611, 11.0830, 4.7681
(8, 7): 0.1655, 11.0107, 4.6260
(8, 8): 0.1655, 11.0107, 4.6260
(8, 9): 0.1379, 11.0362, 5.2640
(8, 10): 0.1028, 11.0341, 5.3456
(8, 11): 0.0848, 11.0280, 4.8488
(8, 12): 0.0848, 11.0280, 4.8488
(8, 13): 0.0536, 11.0178, 5.2474
(8, 14): 0.0906, 11.0247, 4.9333
(8, 15): 0.0906, 11.0247, 4.9333
(8, 16): 0.0126, 11.0378, 5.1501
(8, 17): 0.0070, 11.0645, 4.6809
(8, 18): 0.0070, 11.0645, 4.6809
(8, 19): -0.0046, 11.0304, 4.9662
(8, 20): -0.0284, 11.0038, 5.7432
(8, 21): 0.0081, 11.0264, 5.2159
(8, 22): 0.0081, 11.0264, 5.2159
(8, 23): -0.0712, 11.0206, 5.3105
(8, 24): 0.0388, 11.0981, 4.1800
(8, 25): 0.0388, 11.0981, 4.1800
(8, 26): -0.1464, 11.0072, 5.4935
(8, 27): -0.1318, 11.0652, 5.7695
(8, 28): -0.1149, 11.0033, 4.7591
(8, 29): -0.1149, 11.0033, 4.7591
(8, 30): -0.0527, 11.0553, 3.8089
(8, 31): -0.0086, 11.0363, 4.0869
(8, 32): -0.0086, 11.0363, 4.0869
(8, 33): 0.0630, 11.0304, 4.6818
(8, 34): 0.0134, 11.0227, 6.2992
(8, 35): -0.0553, 11.0581, 7.5736
(8, 36): -0.0553, 11.0581, 7.5736
(8, 37): -0.0831, 11.0126, 8.1206
(17, 1): 0.1211, 11.0470, 4.5123
(17, 2): 0.1211, 11.0470, 4.5123
(17, 3): 0.1263, 11.0625, 4.7540
(17, 4): 0.0697, 11.0385, 5.0482
(17, 5): 0.0697, 11.0385, 5.0482
(17, 6): 0.0404, 11.0411, 5.0469
(17, 7): 0.0166, 11.0315, 5.3011
(17, 8): 0.0452, 11.0331, 5.6848
(17, 9): 0.0452, 11.0331, 5.6848
(17, 10): 0.0205, 11.0198, 5.7029
(17, 11): 0.0189, 11.0157, 5.2708
(17, 12): 0.0189, 11.0157, 5.2708
(17, 13): 0.0316, 11.0168, 4.7903
(17, 14): 0.0412, 11.0005, 4.4855
(17, 15): 0.0412, 11.0005, 4.4855
(17, 16): 0.0996, 11.0132, 3.8008
(17, 17): 0.0840, 11.0318, 3.9465
(17, 18): 0.0973, 11.0182, 4.4408
(17, 19): 0.0973, 11.0182, 4.4408
(17, 20): 0.1230, 11.0267, 4.2259
(17, 21): 0.0615, 11.0118, 4.4867
(17, 22): 0.0615, 11.0118, 4.4867
(17, 23): 0.0301, 11.0445, 5.1320
(17, 24): 0.0219, 11.0055, 5.5158
(17, 25): 0.0219, 11.0055, 5.5158
(17, 26): 0.0516, 11.0271, 5.4778
(17, 27): 0.1587, 11.0240, 3.7889
(17, 28): 0.1945, 11.0473, 3.4039
(17, 29): 0.1945, 11.0473, 3.4039
(17, 30): 0.1782, 11.0034, 3.6176
(17, 31): 0.1124, 11.0087, 4.4497
(17, 32): 0.1124, 11.0087, 4.4497
(17, 33): 0.0726, 11.0909, 5.1922
(17, 34): 0.0633, 11.0075, 6.1540
(17, 35): 0.0633, 11.0075, 6.1540
(17, 36): 0.0297, 11.0296, 5.9027
(17, 37): 0.0501, 11.0366, 5.7203
(18, 1): 0.1317, 11.0667, 4.5519
(18, 2): 0.1317, 11.0667, 4.5519
(18, 3): 0.0743, 11.0338, 5.2473
(18, 4): 0.0142, 11.0143, 5.4721
(18, 5): 0.0681, 11.0643, 5.8240
(18, 6): 0.0681, 11.0643, 5.8240
(18, 7): 0.1129, 11.0193, 5.0632
(18, 8): 0.0850, 11.0558, 5.0120
(18, 9): 0.0850, 11.0558, 5.0120
(18, 10): 0.0699, 11.0035, 4.5374
(18, 11): 0.0167, 11.0365, 4.8671
(18, 12): 0.0167, 11.0365, 4.8671
(18, 13): 0.0323, 11.0060, 4.4422
(18, 14): 0.0405, 11.0009, 3.9042
(18, 15): 0.0405, 11.0009, 3.9042
(18, 16): 0.0449, 11.0822, 3.9159
(18, 17): 0.0601, 11.0106, 4.0566
(18, 18): 0.1213, 11.0299, 3.8136
(18, 19): 0.1213, 11.0299, 3.8136
(18, 20): 0.1477, 11.0295, 4.0424
(18, 21): 0.0707, 11.0162, 4.3314
(18, 22): 0.0707, 11.0162, 4.3314
(18, 23): 0.0484, 11.0156, 4.9093
(18, 24): -0.0075, 11.0017, 5.8074
(18, 25): -0.0075, 11.0017, 5.8074
(18, 26): 0.0657, 11.0503, 4.8855
(18, 27): 0.0858, 11.0134, 4.7828
(18, 28): 0.0858, 11.0134, 4.7828
(18, 29): 0.0896, 11.0504, 4.3931
(18, 30): 0.1100, 11.0055, 4.4474
(18, 31): 0.0617, 11.1158, 5.0705
(18, 32): 0.0617, 11.1158, 5.0705
(18, 33): 0.0624, 11.0168, 5.3766
(18, 34): 0.0614, 11.0487, 5.4415
(18, 35): 0.0614, 11.0487, 5.4415
(18, 36): 0.0435, 11.1241, 5.5312
(18, 37): 0.0871, 11.0939, 5.2650
(19, 1): 0.5806, 11.0093, 2.2557
(19, 2): 0.5806, 11.0093, 2.2557
(19, 3): 0.0179, 11.0067, 5.8731
(19, 4): 0.0345, 11.0350, 6.0316
(19, 5): 0.0340, 11.0184, 5.9202
(19, 6): 0.0340, 11.0184, 5.9202
(19, 7): 0.0912, 11.0005, 4.8904
(19, 8): 0.1211, 11.0247, 4.3487
(19, 9): 0.1211, 11.0247, 4.3487
(19, 10): 0.0671, 11.0004, 4.8035
(19, 11): 0.0965, 11.0558, 4.3383
(19, 12): 0.0965, 11.0558, 4.3383
(19, 13): 0.1638, 11.1033, 3.5397
(19, 14): 0.0107, 11.0388, 4.1736
(19, 15): 0.0107, 11.0388, 4.1736
(19, 16): 0.0464, 11.0028, 3.9113
(19, 17): 0.0681, 11.0633, 3.9761
(19, 18): 0.1172, 11.0144, 4.1627
(19, 19): 0.1172, 11.0144, 4.1627
(19, 20): 0.1925, 11.0362, 3.5900
(19, 21): 0.1677, 11.0757, 3.7684
(19, 22): 0.1677, 11.0757, 3.7684
(19, 23): 0.1058, 11.0037, 4.2224
(19, 24): 0.0509, 11.0292, 4.8329
(19, 25): 0.0509, 11.0292, 4.8329
(19, 26): 0.0748, 11.0260, 4.6327
(19, 27): 0.0769, 11.0337, 5.4891
(19, 28): 0.0769, 11.0337, 5.4891
(19, 29): 0.0328, 11.0885, 5.7180
(19, 30): 0.0649, 11.0527, 5.5826
(19, 31): 0.0424, 11.0142, 5.3199
(19, 32): 0.0424, 11.0142, 5.3199
(19, 33): 0.0874, 11.1273, 5.2200
(19, 34): 0.0675, 11.0571, 5.3046
(19, 35): 0.0675, 11.0571, 5.3046
(19, 36): 0.0780, 11.2036, 5.3526
(19, 37): 0.0347, 11.0250, 5.7775
(20, 1): 0.4386, 11.0667, 2.5588
(20, 2): 0.4386, 11.0667, 2.5588
(20, 3): 0.0538, 11.0319, 5.7188
(20, 4): 0.0511, 11.1082, 5.9923
(20, 5): 0.0909, 11.0001, 4.8365
(20, 6): 0.0909, 11.0001, 4.8365
(20, 7): 0.0863, 11.0439, 4.7437
(20, 8): 0.1590, 11.0246, 4.1138
(20, 9): 0.1590, 11.0246, 4.1138
(20, 10): 0.1551, 11.0033, 4.0210
(20, 11): 0.0715, 11.0188, 4.5230
(20, 12): 0.0715, 11.0188, 4.5230
(20, 13): 0.0818, 11.0140, 4.1660
(20, 14): 0.0636, 11.0380, 4.2121
(20, 15): 0.0636, 11.0380, 4.2121
(20, 16): -0.0033, 11.0071, 4.0854
(20, 17): 0.0632, 11.0052, 4.1314
(20, 18): 0.1003, 11.0411, 4.1522
(20, 19): 0.1003, 11.0411, 4.1522
(20, 20): 0.1212, 11.0182, 4.4943
(20, 21): 0.2139, 11.0123, 3.5155
(20, 22): 0.2139, 11.0123, 3.5155
(20, 23): 0.1387, 11.0399, 4.1157
(20, 24): 0.1451, 11.0106, 4.3012
(20, 25): 0.1451, 11.0106, 4.3012
(20, 26): 0.1070, 11.0413, 4.4146
(20, 27): 0.0860, 11.0814, 4.9562
(20, 28): 0.0860, 11.0814, 4.9562
(20, 29): 0.0350, 11.0169, 5.5477
(20, 30): 0.0386, 11.0604, 5.3432
(20, 31): 0.0348, 11.0004, 5.8384
(20, 32): 0.0348, 11.0004, 5.8384
(20, 33): 0.0342, 11.0687, 5.7156
(20, 34): 0.0396, 11.0098, 5.1813
(20, 35): 0.0396, 11.0098, 5.1813
(20, 36): 0.0179, 11.0076, 5.5786
(20, 37): 0.0012, 11.0033, 5.6220
(21, 1): 0.2315, 11.1752, 3.4624
(21, 2): 0.1511, 11.1652, 4.2472
(21, 3): 0.1511, 11.1652, 4.2472
(21, 4): 0.0480, 11.0130, 5.4936
(21, 5): -0.0220, 11.0326, 5.4719
(21, 6): -0.0220, 11.0326, 5.4719
(21, 7): -0.0115, 11.0088, 5.3115
(21, 8): 0.0211, 11.0053, 4.8225
(21, 9): 0.0211, 11.0053, 4.8225
(21, 10): 0.0917, 11.0418, 4.2391
(21, 11): 0.0477, 11.0081, 4.6037
(21, 12): 0.0477, 11.0081, 4.6037
(21, 13): 0.0165, 11.0066, 4.5986
(21, 14): 0.0360, 11.0096, 4.1055
(21, 15): 0.0360, 11.0096, 4.1055
(21, 16): -0.1218, 11.0125, 5.4580
(21, 17): -0.0127, 11.0059, 4.4508
(21, 18): 0.1229, 11.0316, 4.0274
(21, 19): 0.1229, 11.0316, 4.0274
(21, 20): 0.1950, 11.0086, 4.0915
(21, 21): 0.1857, 11.0274, 4.1091
(21, 22): 0.1857, 11.0274, 4.1091
(21, 23): 0.1949, 11.0005, 3.7179
(21, 24): 0.2239, 11.0880, 3.5154
(21, 25): 0.2239, 11.0880, 3.5154
(21, 26): 0.1196, 11.0020, 4.8014
(21, 27): 0.1354, 11.0184, 4.4501
(21, 28): 0.1354, 11.0184, 4.4501
(21, 29): 0.1176, 11.0139, 4.7508
(21, 30): 0.1171, 11.0290, 5.0566
(21, 31): 0.0465, 11.0225, 6.6071
(21, 32): 0.0465, 11.0225, 6.6071
(21, 33): 0.0418, 11.0374, 5.6145
(21, 34): 0.0309, 11.0152, 5.7143
(21, 35): 0.0309, 11.0152, 5.7143
(21, 36): 0.0601, 11.0637, 5.5286
(21, 37): -0.0123, 11.0990, 5.8309
(22, 1): 0.0783, 11.0977, 4.3617
(22, 2): 0.0605, 11.0403, 4.7018
(22, 3): 0.0605, 11.0403, 4.7018
(22, 4): 0.0219, 11.0549, 4.9045
(22, 5): -0.0391, 11.1643, 5.4151
(22, 6): -0.0391, 11.1643, 5.4151
(22, 7): -0.0389, 11.0015, 5.2254
(22, 8): -0.0935, 11.0599, 5.5565
(22, 9): -0.0935, 11.0599, 5.5565
(22, 10): -0.0220, 11.0418, 5.0475
(22, 11): 0.0470, 11.0006, 4.4842
(22, 12): 0.0470, 11.0006, 4.4842
(22, 13): 0.0545, 11.0537, 4.4498
(22, 14): 0.0600, 11.0115, 4.2869
(22, 15): 0.0312, 11.0355, 3.8699
(22, 16): 0.0312, 11.0355, 3.8699
(22, 17): -0.0084, 11.0826, 4.6106
(22, 18): 0.1043, 11.0017, 4.4437
(22, 19): 0.1043, 11.0017, 4.4437
(22, 20): 0.1849, 11.0706, 4.1422
(22, 21): 0.1776, 11.0107, 4.5398
(22, 22): 0.1776, 11.0107, 4.5398
(22, 23): 0.1422, 11.0759, 4.0149
(22, 24): 0.1403, 11.1967, 3.9261
(22, 25): 0.1403, 11.1967, 3.9261
(22, 26): 0.0616, 11.0465, 4.9104
(22, 27): 0.1367, 11.0124, 4.3009
(22, 28): 0.1367, 11.0124, 4.3009
(22, 29): 0.0957, 11.0064, 4.7197
(22, 30): 0.0972, 11.0579, 4.9278
(22, 31): 0.1240, 11.0442, 5.2640
(22, 32): 0.1240, 11.0442, 5.2640
(22, 33): 0.1470, 11.0795, 5.1823
(22, 34): 0.0894, 11.0573, 5.5342
(22, 35): 0.0894, 11.0573, 5.5342
(22, 36): 0.0267, 11.0018, 6.0273
(22, 37): 0.0723, 11.0107, 5.3802
(23, 1): 0.0177, 11.2293, 4.4531
(23, 2): -0.0028, 11.0170, 4.4228
(23, 3): -0.0028, 11.0170, 4.4228
(23, 4): -0.0122, 11.0029, 5.2209
(23, 5): -0.0516, 11.0105, 5.6919
(23, 6): -0.0516, 11.0105, 5.6919
(23, 7): -0.0634, 11.0076, 5.6263
(23, 8): -0.0654, 11.0003, 5.4573
(23, 9): -0.0654, 11.0003, 5.4573
(23, 10): -0.0252, 11.0302, 5.0949
(23, 11): 0.0606, 11.0284, 4.3022
(23, 12): 0.0606, 11.0284, 4.3022
(23, 13): 0.0099, 11.2577, 4.9015
(23, 14): 0.0646, 11.1125, 4.5524
(23, 15): 0.0637, 11.0579, 4.3217
(23, 16): 0.0637, 11.0579, 4.3217
(23, 17): 0.0715, 11.0039, 4.4181
(23, 18): 0.1405, 11.0249, 4.3164
(23, 19): 0.1405, 11.0249, 4.3164
(23, 20): 0.1946, 11.0560, 4.1102
(23, 21): 0.1138, 11.0247, 4.8623
(23, 22): 0.1138, 11.0247, 4.8623
(23, 23): 0.0412, 11.0268, 4.6341
(23, 24): 0.0519, 11.0007, 4.9531
(23, 25): 0.0519, 11.0007, 4.9531
(23, 26): 0.0670, 11.0310, 4.5913
(23, 27): 0.0469, 11.0430, 4.9143
(23, 28): 0.0469, 11.0430, 4.9143
(23, 29): 0.1059, 11.0191, 4.7436
(23, 30): 0.0775, 11.0654, 5.0301
(23, 31): 0.0728, 11.0025, 5.6268
(23, 32): 0.0728, 11.0025, 5.6268
(23, 33): 0.0894, 11.0439, 5.3511
(23, 34): 0.1565, 11.0002, 5.3009
(23, 35): 0.1565, 11.0002, 5.3009
(23, 36): 0.1791, 11.0098, 4.4254
(23, 37): 0.1598, 11.0083, 4.7915
(24, 1): -0.0324, 11.0160, 4.5612
(24, 2): -0.0470, 11.0256, 4.4856
(24, 3): -0.0470, 11.0256, 4.4856
(24, 4): -0.0100, 11.0099, 5.0904
(24, 5): -0.0507, 11.0581, 4.8423
(24, 6): -0.0507, 11.0581, 4.8423
(24, 7): -0.1163, 11.0334, 5.3494
(24, 8): -0.0613, 11.0160, 4.8438
(24, 9): -0.0613, 11.0160, 4.8438
(24, 10): -0.0126, 11.0710, 4.2849
(24, 11): 0.0202, 11.0659, 4.0533
(24, 12): 0.0202, 11.0659, 4.0533
(24, 13): 0.0099, 11.2577, 4.9015
(24, 14): 0.0646, 11.1125, 4.5524
(24, 15): 0.0637, 11.0579, 4.3217
(24, 16): 0.0637, 11.0579, 4.3217
(24, 17): 0.0715, 11.0039, 4.4181
(24, 18): 0.1405, 11.0249, 4.3164
(24, 19): 0.1405, 11.0249, 4.3164
(24, 20): 0.1946, 11.0560, 4.1102
(24, 21): 0.1138, 11.0247, 4.8623
(24, 22): 0.1138, 11.0247, 4.8623
(24, 23): 0.0412, 11.0268, 4.6341
(24, 24): 0.0519, 11.0007, 4.9531
(24, 25): 0.0519, 11.0007, 4.9531
(24, 26): 0.0670, 11.0310, 4.5913
(24, 27): 0.0469, 11.0430, 4.9143
(24, 28): 0.0469, 11.0430, 4.9143
(24, 29): 0.1059, 11.0191, 4.7436
(24, 30): 0.0775, 11.0654, 5.0301
(24, 31): 0.0035, 11.0077, 5.8019
(24, 32): 0.0720, 11.0026, 5.5515
(24, 33): 0.0911, 11.0096, 5.9177
(24, 34): 0.1833, 11.1504, 4.9705
(24, 35): 0.1833, 11.1504, 4.9705
(24, 36): 0.1631, 11.0656, 5.4384
(24, 37): 0.1246, 11.0638, 5.8292
(25, 1): -0.0242, 11.0489, 4.0968
(25, 2): 0.0180, 11.2053, 3.9101
(25, 3): 0.0180, 11.2053, 3.9101
(25, 4): 0.0556, 11.0043, 4.0858
(25, 5): 0.0524, 11.0265, 3.9357
(25, 6): 0.0524, 11.0265, 3.9357
(25, 7): -0.1163, 11.0334, 5.3494
(25, 8): -0.0613, 11.0160, 4.8438
(25, 9): -0.0613, 11.0160, 4.8438
(25, 10): -0.0126, 11.0710, 4.2849
(25, 11): 0.0202, 11.0659, 4.0533
(25, 12): 0.0202, 11.0659, 4.0533
(25, 13): 0.0120, 11.0252, 4.2569
(25, 14): -0.0175, 11.0325, 4.6244
(25, 15): 0.0518, 11.0160, 4.1354
(25, 16): 0.0518, 11.0160, 4.1354
(25, 17): 0.0148, 11.0025, 5.1936
(25, 18): -0.0019, 11.0590, 5.5699
(25, 19): -0.0019, 11.0590, 5.5699
(25, 20): 0.0614, 11.0391, 5.0445
(25, 21): 0.0226, 11.0204, 4.8567
(25, 22): 0.0226, 11.0204, 4.8567
(25, 23): 0.0052, 11.0568, 5.2453
(25, 24): -0.0125, 11.0318, 5.3287
(25, 25): -0.0125, 11.0318, 5.3287
(25, 26): 0.0539, 11.0024, 4.6525
(25, 27): 0.0504, 11.0143, 5.0705
(25, 28): 0.0504, 11.0143, 5.0705
(25, 29): 0.0328, 11.0355, 5.3629
(25, 30): 0.0035, 11.0077, 5.8019
(25, 31): 0.0035, 11.0077, 5.8019
(25, 32): 0.0720, 11.0026, 5.5515
(25, 33): 0.0911, 11.0096, 5.9177
(25, 34): 0.1833, 11.1504, 4.9705
(25, 35): 0.1833, 11.1504, 4.9705
(25, 36): 0.1631, 11.0656, 5.4384
(25, 37): 0.1601, 11.0126, 5.6528
(26, 1): 0.1380, 11.0770, 3.0163
(26, 2): 0.0180, 11.2053, 3.9101
(26, 3): 0.0180, 11.2053, 3.9101
(26, 4): 0.0556, 11.0043, 4.0858
(26, 5): 0.0524, 11.0265, 3.9357
(26, 6): 0.0524, 11.0265, 3.9357
(26, 7): -0.0562, 11.0089, 4.9377
(26, 8): -0.0187, 11.0804, 4.6218
(26, 9): -0.0187, 11.0804, 4.6218
(26, 10): 0.0801, 11.0545, 3.8836
(26, 11): 0.0054, 11.0225, 4.0619
(26, 12): 0.0054, 11.0225, 4.0619
(26, 13): 0.0266, 11.0743, 3.9930
(26, 14): -0.0327, 11.0584, 4.6142
(26, 15): 0.0411, 11.0100, 4.1960
(26, 16): 0.0411, 11.0100, 4.1960
(26, 17): -0.1006, 11.0104, 5.5157
(26, 18): -0.1199, 11.0070, 5.7405
(26, 19): -0.1199, 11.0070, 5.7405
(26, 20): -0.0663, 11.0348, 5.5878
(26, 21): -0.0516, 11.0697, 5.3299
(26, 22): -0.0516, 11.0697, 5.3299
(26, 23): -0.0521, 11.0018, 5.5776
(26, 24): 0.0393, 11.0122, 5.3602
(26, 25): 0.0393, 11.0122, 5.3602
(26, 26): 0.0354, 11.0049, 5.4194
(26, 27): 0.0614, 11.0574, 5.2614
(26, 28): 0.0614, 11.0574, 5.2614
(26, 29): -0.0238, 11.0095, 6.0164
(26, 30): 0.0221, 11.0455, 5.6619
(26, 31): 0.0221, 11.0455, 5.6619
(26, 32): 0.0414, 11.0224, 5.9791
(26, 33): 0.0314, 11.0579, 6.2874
(26, 34): 0.1168, 11.0967, 5.2748
(26, 35): 0.1168, 11.0967, 5.2748
(26, 36): 0.1316, 11.0490, 5.8397
(26, 37): 0.1601, 11.0126, 5.6528
(27, 1): 0.1380, 11.0770, 3.0163
(27, 2): -0.0157, 11.0378, 4.3700
(27, 3): -0.0157, 11.0378, 4.3700
(27, 4): 0.0455, 11.0012, 4.2353
(27, 5): -0.0424, 11.0544, 5.0772
(27, 6): -0.0424, 11.0544, 5.0772
(27, 7): -0.0318, 11.0239, 4.9085
(27, 8): -0.0169, 11.0106, 4.7350
(27, 9): -0.0169, 11.0106, 4.7350
(27, 10): -0.0486, 11.0567, 4.9877
(27, 11): 0.0211, 11.0631, 4.1297
(27, 12): -0.0159, 11.0091, 4.3459
(27, 13): -0.0159, 11.0091, 4.3459
(27, 14): -0.0212, 11.0380, 4.5449
(27, 15): -0.0133, 11.0058, 4.9762
(27, 16): -0.0133, 11.0058, 4.9762
(27, 17): -0.0499, 11.0044, 5.3415
(27, 18): -0.0079, 11.0635, 4.7845
(27, 19): -0.0079, 11.0635, 4.7845
(27, 20): -0.0703, 11.0596, 5.2352
(27, 21): -0.1178, 11.0386, 5.7028
(27, 22): -0.1178, 11.0386, 5.7028
(27, 23): -0.0990, 11.0334, 5.5742
(27, 24): 0.0324, 11.0655, 5.8135
(27, 25): 0.0324, 11.0655, 5.8135
(27, 26): 0.1240, 11.0055, 5.2976
(27, 27): 0.0945, 11.0517, 5.0532
(27, 28): 0.0945, 11.0517, 5.0532
(27, 29): 0.0828, 11.0075, 5.0506
(27, 30): 0.0302, 11.0159, 6.0844
(27, 31): 0.0302, 11.0159, 6.0844
(27, 32): -0.0145, 11.0131, 6.7786
(27, 33): -0.0041, 11.0827, 7.0337
(27, 34): -0.0041, 11.0827, 7.0337
(27, 35): 0.1183, 11.5346, 5.4049
(27, 36): 0.0961, 11.0120, 5.2958
(27, 37): 0.0809, 11.0259, 5.4605
(28, 1): 0.2099, 11.0064, 2.7881
(28, 2): 0.0830, 11.0871, 3.6084
(28, 3): 0.0830, 11.0871, 3.6084
(28, 4): 0.0100, 11.0228, 4.5119
(28, 5): 0.0034, 11.0092, 4.5191
(28, 6): 0.0034, 11.0092, 4.5191
(28, 7): 0.0237, 11.0285, 4.4443
(28, 8): -0.0036, 11.1271, 5.0552
(28, 9): -0.0036, 11.1271, 5.0552
(28, 10): -0.0352, 11.0471, 5.0022
(28, 11): -0.0318, 11.0310, 5.1293
(28, 12): -0.0094, 11.0188, 4.7384
(28, 13): -0.0094, 11.0188, 4.7384
(28, 14): -0.0185, 11.0235, 5.1754
(28, 15): 0.0523, 11.0780, 4.5652
(28, 16): 0.0523, 11.0780, 4.5652
(28, 17): 0.0509, 11.1162, 4.5641
(28, 18): -0.0029, 11.0033, 5.1363
(28, 19): -0.0029, 11.0033, 5.1363
(28, 20): -0.0599, 11.0191, 5.2004
(28, 21): -0.0539, 11.1324, 5.0807
(28, 22): -0.0539, 11.1324, 5.0807
(28, 23): -0.1030, 11.0052, 5.9071
(28, 24): 0.0553, 11.1219, 4.9497
(28, 25): 0.0553, 11.1219, 4.9497
(28, 26): 0.0739, 11.0800, 5.3763
(28, 27): 0.0919, 11.0762, 5.3049
(28, 28): 0.0919, 11.0762, 5.3049
(28, 29): 0.1365, 11.0474, 4.8410
(28, 30): 0.0252, 11.0082, 5.7733
(28, 31): 0.0252, 11.0082, 5.7733
(28, 32): -0.0032, 11.0373, 5.6571
(28, 33): -0.0813, 11.0312, 7.0966
(28, 34): -0.0813, 11.0312, 7.0966
(28, 35): -0.0318, 11.0282, 6.3544
(28, 36): -0.0152, 11.0078, 4.8883
(28, 37): 0.0273, 11.1121, 5.5311
(29, 1): 0.0579, 11.0175, 4.0520
(29, 2): 0.0876, 11.0135, 3.7734
(29, 3): 0.0876, 11.0135, 3.7734
(29, 4): 0.0474, 11.1224, 4.0442
(29, 5): -0.0151, 11.0475, 4.7189
(29, 6): -0.0151, 11.0475, 4.7189
(29, 7): -0.0063, 11.0173, 4.7351
(29, 8): -0.0322, 11.0957, 5.3150
(29, 9): -0.0547, 11.0203, 5.6037
(29, 10): -0.0547, 11.0203, 5.6037
(29, 11): -0.0210, 11.0153, 5.8030
(29, 12): -0.0245, 11.0105, 5.7154
(29, 13): -0.0245, 11.0105, 5.7154
(29, 14): 0.0051, 11.0229, 5.2194
(29, 15): 0.0400, 11.0286, 4.7906
(29, 16): 0.0400, 11.0286, 4.7906
(29, 17): 0.0958, 11.0473, 4.7083
(29, 18): 0.0819, 11.0007, 4.6833
(29, 19): 0.0819, 11.0007, 4.6833
(29, 20): 0.0443, 11.0355, 4.7016
(29, 21): 0.0019, 11.0184, 4.7212
(29, 22): 0.0019, 11.0184, 4.7212
(29, 23): -0.0629, 11.0482, 5.3037
(29, 24): 0.0926, 11.0047, 4.4831
(29, 25): 0.0926, 11.0047, 4.4831
(29, 26): 0.1672, 11.0202, 4.5826
(29, 27): 0.2934, 11.0459, 4.2563
(29, 28): 0.2934, 11.0459, 4.2563
(29, 29): 0.2364, 11.0384, 4.7547
(29, 30): 0.0445, 11.0141, 5.5233
(29, 31): 0.0445, 11.0141, 5.5233
(29, 32): -0.0569, 11.0877, 5.8936
(29, 33): -0.0880, 11.0432, 5.9783
(29, 34): -0.0880, 11.0432, 5.9783
(29, 35): -0.0167, 11.0483, 5.4375
(29, 36): -0.0868, 11.0253, 5.9615
(29, 37): -0.0868, 11.0253, 5.9615
(30, 1): 0.1630, 11.0113, 3.7781
(30, 2): 0.0790, 11.0354, 3.9626
(30, 3): 0.0790, 11.0354, 3.9626
(30, 4): 0.0320, 11.0571, 4.4089
(30, 5): -0.0262, 11.0465, 5.0309
(30, 6): 0.0200, 11.0449, 5.0406
(30, 7): 0.0200, 11.0449, 5.0406
(30, 8): 0.0880, 11.0135, 4.4674
(30, 9): 0.0371, 11.0094, 5.1521
(30, 10): 0.0371, 11.0094, 5.1521
(30, 11): 0.1121, 11.0038, 4.6812
(30, 12): 0.0430, 11.0383, 5.1119
(30, 13): 0.0430, 11.0383, 5.1119
(30, 14): 0.0282, 11.1091, 5.1681
(30, 15): 0.0068, 11.0017, 5.4599
(30, 16): 0.0068, 11.0017, 5.4599
(30, 17): 0.0979, 11.0039, 4.6071
(30, 18): 0.1135, 11.0564, 4.3197
(30, 19): 0.1135, 11.0564, 4.3197
(30, 20): 0.0972, 11.0034, 4.3171
(30, 21): 0.0409, 11.0037, 4.6345
(30, 22): 0.0409, 11.0037, 4.6345
(30, 23): 0.1186, 11.0184, 4.1933
(30, 24): 0.0627, 11.1296, 4.5357
(30, 25): 0.0627, 11.1296, 4.5357
(30, 26): 0.1308, 11.0085, 4.5366
(30, 27): 0.1061, 11.0251, 5.4915
(30, 28): 0.1061, 11.0251, 5.4915
(30, 29): -0.0044, 11.0118, 6.4881
(30, 30): -0.0610, 11.0318, 6.4265
(30, 31): -0.0610, 11.0318, 6.4265
(30, 32): -0.0426, 11.1143, 5.9052
(30, 33): -0.0732, 11.0508, 5.5285
(30, 34): -0.0732, 11.0508, 5.5285
(30, 35): -0.0858, 11.0076, 5.4649
(30, 36): -0.0702, 11.0442, 5.3968
(30, 37): -0.0702, 11.0442, 5.3968
(31, 1): 0.1630, 11.0113, 3.7781
(31, 2): 0.0790, 11.0354, 3.9626
(31, 3): 0.0320, 11.0571, 4.4089
(31, 4): 0.0320, 11.0571, 4.4089
(31, 5): -0.0262, 11.0465, 5.0309
(31, 6): 0.0200, 11.0449, 5.0406
(31, 7): 0.0200, 11.0449, 5.0406
(31, 8): 0.0880, 11.0135, 4.4674
(31, 9): 0.0371, 11.0094, 5.1521
(31, 10): 0.0371, 11.0094, 5.1521
(31, 11): 0.1121, 11.0038, 4.6812
(31, 12): 0.0430, 11.0383, 5.1119
(31, 13): 0.0430, 11.0383, 5.1119
(31, 14): 0.0282, 11.1091, 5.1681
(31, 15): 0.0068, 11.0017, 5.4599
(31, 16): 0.0068, 11.0017, 5.4599
(31, 17): 0.0979, 11.0039, 4.6071
(31, 18): 0.1135, 11.0564, 4.3197
(31, 19): 0.1135, 11.0564, 4.3197
(31, 20): 0.0972, 11.0034, 4.3171
(31, 21): 0.0409, 11.0037, 4.6345
(31, 22): 0.0409, 11.0037, 4.6345
(31, 23): 0.1186, 11.0184, 4.1933
(31, 24): 0.0627, 11.1296, 4.5357
(31, 25): 0.0627, 11.1296, 4.5357
(31, 26): 0.1308, 11.0085, 4.5366
(31, 27): 0.1061, 11.0251, 5.4915
(31, 28): 0.1061, 11.0251, 5.4915
(31, 29): -0.0044, 11.0118, 6.4881
(31, 30): -0.0610, 11.0318, 6.4265
(31, 31): -0.0610, 11.0318, 6.4265
(31, 32): -0.0426, 11.1143, 5.9052
(31, 33): -0.0732, 11.0508, 5.5285
(31, 34): -0.0732, 11.0508, 5.5285
(31, 35): -0.0858, 11.0076, 5.4649
(31, 36): -0.0702, 11.0442, 5.3968
(31, 37): -0.0702, 11.0442, 5.3968
(32, 1): 0.1630, 11.0113, 3.7781
(32, 2): 0.0790, 11.0354, 3.9626
(32, 3): 0.0320, 11.0571, 4.4089
(32, 4): 0.0320, 11.0571, 4.4089
(32, 5): -0.0262, 11.0465, 5.0309
(32, 6): 0.0200, 11.0449, 5.0406
(32, 7): 0.0200, 11.0449, 5.0406
(32, 8): 0.0880, 11.0135, 4.4674
(32, 9): 0.0371, 11.0094, 5.1521
(32, 10): 0.0371, 11.0094, 5.1521
(32, 11): 0.1121, 11.0038, 4.6812
(32, 12): 0.0430, 11.0383, 5.1119
(32, 13): 0.0430, 11.0383, 5.1119
(32, 14): 0.0282, 11.1091, 5.1681
(32, 15): 0.0068, 11.0017, 5.4599
(32, 16): 0.0068, 11.0017, 5.4599
(32, 17): 0.0979, 11.0039, 4.6071
(32, 18): 0.1135, 11.0564, 4.3197
(32, 19): 0.1135, 11.0564, 4.3197
(32, 20): 0.0972, 11.0034, 4.3171
(32, 21): 0.0409, 11.0037, 4.6345
(32, 22): 0.0409, 11.0037, 4.6345
(32, 23): 0.1186, 11.0184, 4.1933
(32, 24): 0.0627, 11.1296, 4.5357
(32, 25): 0.0627, 11.1296, 4.5357
(32, 26): 0.1308, 11.0085, 4.5366
(32, 27): 0.1061, 11.0251, 5.4915
(32, 28): 0.1061, 11.0251, 5.4915
(32, 29): -0.0044, 11.0118, 6.4881
(32, 30): -0.0610, 11.0318, 6.4265
(32, 31): -0.0610, 11.0318, 6.4265
(32, 32): -0.0426, 11.1143, 5.9052
(32, 33): -0.0732, 11.0508, 5.5285
(32, 34): -0.0732, 11.0508, 5.5285
(32, 35): -0.0858, 11.0076, 5.4649
(32, 36): -0.0702, 11.0442, 5.3968
(32, 37): -0.0702, 11.0442, 5.3968
