(1, 1): 0.2492, 4.4100, 4.5126, 0.4286
(1, 2): 0.2492, 4.4100, 4.5126, 0.4286
(1, 3): 0.2492, 4.4100, 4.5126, 0.4286
(1, 4): 0.2492, 4.4100, 4.5126, 0.4286
(1, 5): 0.2378, 4.4300, 19.1581, 0.2451
(1, 6): 0.2378, 4.4300, 19.1581, 0.2451
(1, 7): 0.2378, 4.4300, 19.1581, 0.2451
(1, 8): 0.2378, 4.4300, 19.1581, 0.2451
(1, 9): 0.1556, 4.4100, 13.8145, 0.2959
(1, 10): 0.1556, 4.4100, 13.8145, 0.2959
(1, 11): 0.1556, 4.4100, 13.8145, 0.2959
(1, 12): 0.1556, 4.4100, 13.8145, 0.2959
(1, 13): 0.1556, 4.4100, 13.8145, 0.2959
(1, 14): 0.0637, 4.4400, 19.4657, 0.2739
(1, 15): 0.0637, 4.4400, 19.4657, 0.2739
(1, 16): 0.0637, 4.4400, 19.4657, 0.2739
(1, 17): 0.0917, 4.4200, 18.1955, 0.2747
(1, 18): 0.0672, 4.4200, 9.7595, 0.3491
(1, 19): 0.0836, 4.4100, 8.8881, 0.3229
(1, 20): 0.0836, 4.4100, 8.8881, 0.3229
(1, 21): 0.0662, 4.4600, 9.8363, 0.3314
(1, 22): 0.0662, 4.4600, 9.8363, 0.3314
(1, 23): 0.0811, 4.4700, 64.7818, 0.1919
(1, 24): 0.0854, 4.4200, 53.9482, 0.2020
(1, 25): 0.0854, 4.4200, 53.9482, 0.2020
(1, 26): 0.0854, 4.4200, 53.9482, 0.2020
(1, 27): 0.0272, 4.4100, 9.6073, 0.3052
(2, 1): 0.2492, 4.4100, 4.5126, 0.4286
(2, 2): 0.2492, 4.4100, 4.5126, 0.4286
(2, 3): 0.2492, 4.4100, 4.5126, 0.4286
(2, 4): 0.2492, 4.4100, 4.5126, 0.4286
(2, 5): 0.2492, 4.4100, 4.5126, 0.4286
(2, 6): 0.2378, 4.4300, 19.1581, 0.2451
(2, 7): 0.2378, 4.4300, 19.1581, 0.2451
(2, 8): 0.2378, 4.4300, 19.1581, 0.2451
(2, 9): 0.2378, 4.4300, 19.1581, 0.2451
(2, 10): 0.1556, 4.4100, 13.8145, 0.2959
(2, 11): 0.1556, 4.4100, 13.8145, 0.2959
(2, 12): 0.1556, 4.4100, 13.8145, 0.2959
(2, 13): 0.1556, 4.4100, 13.8145, 0.2959
(2, 14): 0.1592, 4.4100, 30.8131, 0.2485
(2, 15): 0.0637, 4.4400, 19.4657, 0.2739
(2, 16): 0.0637, 4.4400, 19.4657, 0.2739
(2, 17): 0.0917, 4.4200, 18.1955, 0.2747
(2, 18): 0.0672, 4.4200, 9.7595, 0.3491
(2, 19): 0.0836, 4.4100, 8.8881, 0.3229
(2, 20): 0.0836, 4.4100, 8.8881, 0.3229
(2, 21): 0.0662, 4.4600, 9.8363, 0.3314
(2, 22): 0.0417, 4.5200, 42.6079, 0.1995
(2, 23): 0.0811, 4.4700, 64.7818, 0.1919
(2, 24): 0.0854, 4.4200, 53.9482, 0.2020
(2, 25): 0.0854, 4.4200, 53.9482, 0.2020
(2, 26): 0.0272, 4.4100, 9.6073, 0.3052
(2, 27): 0.0272, 4.4100, 9.6073, 0.3052
(3, 1): 0.2492, 4.4100, 4.5126, 0.4286
(3, 2): 0.2492, 4.4100, 4.5126, 0.4286
(3, 3): 0.2492, 4.4100, 4.5126, 0.4286
(3, 4): 0.2492, 4.4100, 4.5126, 0.4286
(3, 5): 0.2492, 4.4100, 4.5126, 0.4286
(3, 6): 0.2492, 4.4100, 4.5126, 0.4286
(3, 7): 0.2378, 4.4300, 19.1581, 0.2451
(3, 8): 0.2378, 4.4300, 19.1581, 0.2451
(3, 9): 0.2378, 4.4300, 19.1581, 0.2451
(3, 10): 0.2378, 4.4300, 19.1581, 0.2451
(3, 11): 0.1556, 4.4100, 13.8145, 0.2959
(3, 12): 0.1556, 4.4100, 13.8145, 0.2959
(3, 13): 0.1556, 4.4100, 13.8145, 0.2959
(3, 14): 0.1592, 4.4100, 30.8131, 0.2485
(3, 15): 0.1208, 4.4700, 14.0974, 0.3119
(3, 16): 0.0637, 4.4400, 19.4657, 0.2739
(3, 17): 0.0917, 4.4200, 18.1955, 0.2747
(3, 18): 0.0672, 4.4200, 9.7595, 0.3491
(3, 19): 0.0473, 4.5500, 18.6526, 0.2671
(3, 20): 0.0879, 4.4700, 8.7483, 0.3161
(3, 21): 0.0458, 4.4100, 14.3114, 0.2680
(3, 22): 0.0417, 4.5200, 42.6079, 0.1995
(3, 23): 0.0811, 4.4700, 64.7818, 0.1919
(3, 24): 0.0854, 4.4200, 53.9482, 0.2020
(3, 25): 0.0851, 4.5300, 43.1692, 0.2240
(3, 26): 0.0272, 4.4100, 9.6073, 0.3052
(3, 27): 0.0272, 4.4100, 9.6073, 0.3052
(4, 1): 0.2492, 4.4100, 4.5126, 0.4286
(4, 2): 0.2492, 4.4100, 4.5126, 0.4286
(4, 3): 0.2492, 4.4100, 4.5126, 0.4286
(4, 4): 0.2492, 4.4100, 4.5126, 0.4286
(4, 5): 0.2492, 4.4100, 4.5126, 0.4286
(4, 6): 0.2492, 4.4100, 4.5126, 0.4286
(4, 7): 0.2492, 4.4100, 4.5126, 0.4286
(4, 8): 0.2378, 4.4300, 19.1581, 0.2451
(4, 9): 0.2378, 4.4300, 19.1581, 0.2451
(4, 10): 0.2378, 4.4300, 19.1581, 0.2451
(4, 11): 0.2378, 4.4300, 19.1581, 0.2451
(4, 12): 0.1556, 4.4100, 13.8145, 0.2959
(4, 13): 0.1556, 4.4100, 13.8145, 0.2959
(4, 14): 0.1592, 4.4100, 30.8131, 0.2485
(4, 15): 0.1208, 4.4700, 14.0974, 0.3119
(4, 16): 0.1031, 4.4300, 14.2359, 0.2916
(4, 17): 0.0931, 4.4600, 14.0613, 0.3043
(4, 18): 0.1323, 4.5600, 42.6041, 0.2223
(4, 19): 0.1523, 4.5099, 53.6587, 0.1902
(4, 20): 0.1222, 4.4500, 68.3635, 0.1801
(4, 21): 0.1257, 4.4300, 67.9049, 0.1902
(4, 22): 0.1063, 4.4300, 69.4382, 0.1716
(4, 23): 0.1022, 4.4400, 67.9285, 0.1792
(4, 24): 0.1065, 4.4100, 65.7804, 0.1893
(4, 25): 0.0851, 4.5300, 43.1692, 0.2240
(4, 26): 0.0272, 4.4100, 9.6073, 0.3052
(4, 27): 0.0470, 4.5600, 17.3765, 0.2857
(5, 1): 0.2492, 4.4100, 4.5126, 0.4286
(5, 2): 0.2492, 4.4100, 4.5126, 0.4286
(5, 3): 0.2492, 4.4100, 4.5126, 0.4286
(5, 4): 0.2492, 4.4100, 4.5126, 0.4286
(5, 5): 0.2492, 4.4100, 4.5126, 0.4286
(5, 6): 0.2492, 4.4100, 4.5126, 0.4286
(5, 7): 0.2492, 4.4100, 4.5126, 0.4286
(5, 8): 0.2492, 4.4100, 4.5126, 0.4286
(5, 9): 0.2378, 4.4300, 19.1581, 0.2451
(5, 10): 0.2378, 4.4300, 19.1581, 0.2451
(5, 11): 0.2378, 4.4300, 19.1581, 0.2451
(5, 12): 0.1831, 4.4100, 17.6961, 0.2688
(5, 13): 0.1831, 4.4100, 17.6961, 0.2688
(5, 14): 0.1831, 4.4100, 17.6961, 0.2688
(5, 15): 0.1208, 4.4700, 14.0974, 0.3119
(5, 16): 0.0989, 4.4100, 35.2382, 0.2544
(5, 17): 0.1586, 4.4400, 63.8096, 0.2130
(5, 18): 0.1785, 4.4400, 61.5864, 0.1817
(5, 19): 0.1633, 4.4500, 67.7098, 0.1801
(5, 20): 0.1446, 4.4400, 69.2262, 0.1860
(5, 21): 0.1646, 4.6300, 65.2089, 0.1767
(5, 22): 0.1637, 4.4300, 65.4776, 0.1910
(5, 23): 0.1235, 4.6000, 67.9267, 0.1986
(5, 24): 0.1393, 4.4200, 65.0856, 0.2029
(5, 25): 0.1314, 4.4500, 66.8963, 0.2274
(5, 26): 0.1422, 4.4100, 58.4228, 0.2105
(5, 27): 0.0470, 4.5600, 17.3765, 0.2857
(6, 1): 0.2492, 4.4100, 4.5126, 0.4286
(6, 2): 0.2492, 4.4100, 4.5126, 0.4286
(6, 3): 0.2492, 4.4100, 4.5126, 0.4286
(6, 4): 0.2492, 4.4100, 4.5126, 0.4286
(6, 5): 0.2492, 4.4100, 4.5126, 0.4286
(6, 6): 0.2492, 4.4100, 4.5126, 0.4286
(6, 7): 0.2492, 4.4100, 4.5126, 0.4286
(6, 8): 0.2492, 4.4100, 4.5126, 0.4286
(6, 9): 0.2492, 4.4100, 4.5126, 0.4286
(6, 10): 0.2378, 4.4300, 19.1581, 0.2451
(6, 11): 0.2378, 4.4300, 19.1581, 0.2451
(6, 12): 0.2064, 4.4200, 8.8903, 0.3322
(6, 13): 0.1831, 4.4100, 17.6961, 0.2688
(6, 14): 0.1900, 4.4100, 35.8818, 0.2874
(6, 15): 0.1900, 4.4100, 35.8818, 0.2874
(6, 16): 0.1515, 4.4200, 61.9710, 0.2663
(6, 17): 0.1297, 4.4800, 65.3201, 0.2282
(6, 18): 0.1370, 4.4100, 65.3238, 0.1893
(6, 19): 0.1479, 4.4700, 67.3944, 0.1995
(6, 20): 0.1877, 4.4200, 63.8441, 0.1750
(6, 21): 0.1815, 4.5800, 63.9359, 0.1801
(6, 22): 0.1366, 4.4200, 70.0660, 0.2071
(6, 23): 0.1445, 4.6000, 68.0467, 0.2029
(6, 24): 0.1570, 4.4300, 63.0964, 0.2130
(6, 25): 0.1997, 4.4100, 59.6087, 0.2012
(6, 26): 0.1690, 4.4500, 60.2499, 0.1834
(6, 27): 0.0627, 4.4400, 21.0647, 0.2739
(7, 1): 0.2492, 4.4100, 4.5126, 0.4286
(7, 2): 0.2492, 4.4100, 4.5126, 0.4286
(7, 3): 0.2492, 4.4100, 4.5126, 0.4286
(7, 4): 0.2492, 4.4100, 4.5126, 0.4286
(7, 5): 0.2492, 4.4100, 4.5126, 0.4286
(7, 6): 0.2492, 4.4100, 4.5126, 0.4286
(7, 7): 0.2492, 4.4100, 4.5126, 0.4286
(7, 8): 0.2492, 4.4100, 4.5126, 0.4286
(7, 9): 0.2492, 4.4100, 4.5126, 0.4286
(7, 10): 0.2492, 4.4100, 4.5126, 0.4286
(7, 11): 0.2230, 4.4100, 20.1205, 0.2536
(7, 12): 0.2230, 4.4100, 20.1205, 0.2536
(7, 13): 0.2064, 4.4200, 8.8903, 0.3322
(7, 14): 0.1996, 4.4600, 55.2179, 0.3187
(7, 15): 0.1996, 4.4600, 55.2179, 0.3187
(7, 16): 0.1324, 4.4400, 61.6841, 0.2764
(7, 17): 0.1169, 4.4200, 64.8093, 0.2054
(7, 18): 0.1101, 4.4500, 68.6282, 0.1970
(7, 19): 0.1375, 4.4400, 68.0244, 0.2088
(7, 20): 0.1745, 4.4400, 64.5020, 0.1784
(7, 21): 0.1778, 4.4500, 65.9953, 0.1809
(7, 22): 0.1342, 4.4900, 70.9004, 0.1953
(7, 23): 0.1944, 4.4800, 60.7902, 0.1978
(7, 24): 0.1670, 4.4100, 62.3478, 0.1885
(7, 25): 0.1910, 4.4200, 58.7027, 0.1944
(7, 26): 0.2132, 4.4600, 55.2318, 0.1784
(7, 27): 0.1281, 4.4200, 36.3802, 0.2257
(8, 1): 0.2062, 4.4400, 32.4187, 0.2164
(8, 2): 0.2062, 4.4400, 32.4187, 0.2164
(8, 3): 0.2062, 4.4400, 32.4187, 0.2164
(8, 4): 0.2062, 4.4400, 32.4187, 0.2164
(8, 5): 0.2062, 4.4400, 32.4187, 0.2164
(8, 6): 0.2062, 4.4400, 32.4187, 0.2164
(8, 7): 0.2062, 4.4400, 32.4187, 0.2164
(8, 8): 0.2062, 4.4400, 32.4187, 0.2164
(8, 9): 0.2062, 4.4400, 32.4187, 0.2164
(8, 10): 0.2062, 4.4400, 32.4187, 0.2164
(8, 11): 0.1946, 4.4800, 29.8221, 0.2232
(8, 12): 0.1946, 4.4800, 29.8221, 0.2232
(8, 13): 0.0954, 4.4500, 16.6721, 0.2933
(8, 14): 0.0954, 4.4500, 16.6721, 0.2933
(8, 15): 0.1805, 4.4300, 57.0613, 0.3204
(8, 16): 0.1512, 4.5200, 62.8038, 0.2883
(8, 17): 0.1416, 4.4100, 65.2879, 0.2358
(8, 18): 0.1542, 4.4400, 65.6413, 0.2020
(8, 19): 0.1528, 4.5700, 65.6536, 0.1902
(8, 20): 0.1883, 4.4400, 61.1905, 0.1724
(8, 21): 0.1558, 4.4200, 65.9710, 0.1860
(8, 22): 0.1501, 4.4100, 65.5987, 0.1843
(8, 23): 0.1390, 4.4500, 66.4973, 0.1919
(8, 24): 0.1689, 4.4600, 61.7910, 0.1784
(8, 25): 0.2211, 4.4100, 55.4907, 0.1826
(8, 26): 0.2389, 4.4400, 53.3139, 0.1792
(8, 27): 0.1640, 4.5000, 32.1046, 0.2392
(9, 1): 0.1864, 4.4100, 33.0082, 0.2029
(9, 2): 0.1864, 4.4100, 33.0082, 0.2029
(9, 3): 0.1864, 4.4100, 33.0082, 0.2029
(9, 4): 0.1864, 4.4100, 33.0082, 0.2029
(9, 5): 0.1864, 4.4100, 33.0082, 0.2029
(9, 6): 0.1864, 4.4100, 33.0082, 0.2029
(9, 7): 0.1864, 4.4100, 33.0082, 0.2029
(9, 8): 0.1864, 4.4100, 33.0082, 0.2029
(9, 9): 0.1864, 4.4100, 33.0082, 0.2029
(9, 10): 0.1864, 4.4100, 33.0082, 0.2029
(9, 11): 0.1810, 4.4100, 4.8747, 0.4142
(9, 12): 0.1523, 4.5000, 38.5711, 0.2206
(9, 13): 0.1523, 4.5000, 38.5711, 0.2206
(9, 14): 0.0954, 4.4500, 16.6721, 0.2933
(9, 15): 0.1613, 4.4200, 52.6305, 0.2883
(9, 16): 0.1704, 4.4400, 61.6613, 0.2883
(9, 17): 0.1589, 4.4300, 62.6447, 0.2477
(9, 18): 0.1875, 4.4200, 61.0397, 0.2071
(9, 19): 0.1838, 4.5600, 61.5463, 0.1758
(9, 20): 0.1788, 4.5200, 60.9735, 0.1843
(9, 21): 0.1452, 4.4200, 64.9343, 0.1834
(9, 22): 0.1443, 4.4700, 64.8195, 0.2257
(9, 23): 0.1702, 4.4100, 62.6311, 0.1885
(9, 24): 0.1805, 4.5400, 61.3311, 0.1826
(9, 25): 0.2023, 4.4600, 58.5355, 0.1801
(9, 26): 0.2213, 4.4100, 55.0648, 0.1961
(9, 27): 0.1478, 4.4200, 12.0992, 0.2815
(10, 1): 0.1721, 4.4300, 38.8399, 0.2299
(10, 2): 0.1721, 4.4300, 38.8399, 0.2299
(10, 3): 0.1721, 4.4300, 38.8399, 0.2299
(10, 4): 0.1721, 4.4300, 38.8399, 0.2299
(10, 5): 0.1721, 4.4300, 38.8399, 0.2299
(10, 6): 0.1721, 4.4300, 38.8399, 0.2299
(10, 7): 0.1721, 4.4300, 38.8399, 0.2299
(10, 8): 0.1721, 4.4300, 38.8399, 0.2299
(10, 9): 0.1721, 4.4300, 38.8399, 0.2299
(10, 10): 0.1721, 4.4300, 38.8399, 0.2299
(10, 11): 0.1812, 4.4200, 13.2560, 0.2823
(10, 12): 0.1523, 4.5000, 38.5711, 0.2206
(10, 13): 0.1218, 4.5700, 18.5734, 0.2823
(10, 14): 0.1358, 4.4500, 4.8610, 0.4370
(10, 15): 0.2051, 4.4100, 51.6783, 0.2544
(10, 16): 0.2213, 4.4400, 53.9907, 0.2477
(10, 17): 0.1701, 4.4200, 61.4180, 0.2358
(10, 18): 0.1925, 4.4700, 59.5709, 0.1944
(10, 19): 0.1678, 4.4700, 61.4242, 0.1986
(10, 20): 0.1585, 4.4500, 62.5066, 0.1970
(10, 21): 0.1518, 4.5300, 63.0305, 0.1750
(10, 22): 0.1569, 4.4200, 63.1678, 0.1910
(10, 23): 0.2144, 4.4300, 57.5574, 0.2071
(10, 24): 0.2073, 4.4600, 58.8121, 0.1801
(10, 25): 0.2071, 4.4300, 59.0219, 0.1733
(10, 26): 0.2320, 4.4497, 53.4511, 0.1843
(10, 27): 0.2320, 4.4497, 53.4511, 0.1843
(11, 1): 0.0481, 4.4500, 17.5763, 0.3161
(11, 2): 0.1874, 4.4200, 50.2006, 0.2012
(11, 3): 0.1874, 4.4200, 50.2006, 0.2012
(11, 4): 0.1874, 4.4200, 50.2006, 0.2012
(11, 5): 0.1874, 4.4200, 50.2006, 0.2012
(11, 6): 0.1874, 4.4200, 50.2006, 0.2012
(11, 7): 0.1874, 4.4200, 50.2006, 0.2012
(11, 8): 0.1874, 4.4200, 50.2006, 0.2012
(11, 9): 0.1874, 4.4200, 50.2006, 0.2012
(11, 10): 0.1874, 4.4200, 50.2006, 0.2012
(11, 11): 0.1962, 4.4200, 65.3231, 0.2096
(11, 12): 0.2229, 4.6600, 61.5623, 0.2096
(11, 13): 0.1218, 4.5700, 18.5734, 0.2823
(11, 14): 0.1218, 4.5700, 18.5734, 0.2823
(11, 15): 0.2051, 4.4100, 51.6783, 0.2544
(11, 16): 0.1623, 4.4200, 8.3317, 0.3347
(11, 17): 0.2323, 4.4100, 55.1089, 0.1970
(11, 18): 0.2171, 4.6000, 56.6444, 0.1986
(11, 19): 0.2187, 4.4400, 57.3702, 0.1851
(11, 20): 0.1932, 4.4400, 59.3042, 0.1995
(11, 21): 0.1764, 4.5600, 60.8587, 0.1826
(11, 22): 0.1823, 4.4100, 60.2057, 0.1834
(11, 23): 0.1905, 4.4300, 59.5592, 0.1843
(11, 24): 0.1715, 4.4700, 61.4369, 0.1767
(11, 25): 0.2061, 4.4600, 57.0240, 0.1741
(11, 26): 0.2265, 4.4400, 51.6012, 0.1902
(11, 27): 0.2265, 4.4400, 51.6012, 0.1902
(12, 1): 0.0481, 4.4500, 17.5763, 0.3161
(12, 2): 0.0481, 4.4500, 17.5763, 0.3161
(12, 3): 0.0481, 4.4500, 17.5763, 0.3161
(12, 4): 0.0481, 4.4500, 17.5763, 0.3161
(12, 5): 0.2552, 4.5900, 57.2580, 0.1893
(12, 6): 0.2552, 4.5900, 57.2580, 0.1893
(12, 7): 0.2552, 4.5900, 57.2580, 0.1893
(12, 8): 0.2552, 4.5900, 57.2580, 0.1893
(12, 9): 0.2552, 4.5900, 57.2580, 0.1893
(12, 10): 0.2552, 4.5900, 57.2580, 0.1893
(12, 11): 0.2647, 4.4300, 61.0157, 0.2071
(12, 12): 0.2732, 4.4400, 57.8866, 0.2350
(12, 13): 0.2182, 4.5300, 47.0336, 0.2020
(12, 14): 0.1314, 4.4400, 31.7115, 0.2316
(12, 15): 0.1314, 4.4400, 31.7115, 0.2316
(12, 16): 0.1548, 4.4100, 16.1479, 0.3516
(12, 17): 0.2651, 4.4500, 51.7029, 0.2342
(12, 18): 0.2044, 4.4300, 57.8865, 0.1986
(12, 19): 0.2465, 4.4100, 54.7905, 0.1877
(12, 20): 0.2297, 4.4300, 54.9237, 0.1826
(12, 21): 0.1950, 4.4200, 59.1046, 0.1868
(12, 22): 0.1660, 4.4400, 62.6481, 0.1758
(12, 23): 0.1932, 4.4200, 57.7695, 0.1708
(12, 24): 0.1853, 4.4300, 50.7975, 0.1944
(12, 25): 0.1337, 4.5400, 16.4132, 0.2612
(12, 26): 0.1430, 4.4100, 15.4934, 0.2604
(12, 27): 0.1430, 4.4100, 15.4934, 0.2604
(13, 1): 0.0481, 4.4500, 17.5763, 0.3161
(13, 2): 0.0481, 4.4500, 17.5763, 0.3161
(13, 3): 0.0481, 4.4500, 17.5763, 0.3161
(13, 4): 0.0481, 4.4500, 17.5763, 0.3161
(13, 5): 0.0481, 4.4500, 17.5763, 0.3161
(13, 6): 0.0481, 4.4500, 17.5763, 0.3161
(13, 7): 0.0481, 4.4500, 17.5763, 0.3161
(13, 8): 0.2686, 4.4700, 61.9829, 0.1801
(13, 9): 0.2686, 4.4700, 61.9829, 0.1801
(13, 10): 0.2686, 4.4700, 61.9829, 0.1801
(13, 11): 0.2736, 4.4300, 60.5473, 0.1944
(13, 12): 0.2357, 4.4300, 59.2117, 0.1970
(13, 13): 0.1689, 4.5900, 51.8807, 0.2071
(13, 14): 0.1569, 4.4200, 9.7678, 0.3145
(13, 15): 0.1569, 4.4200, 9.7678, 0.3145
(13, 16): 0.1061, 4.4200, 9.1812, 0.4066
(13, 17): 0.2040, 4.5100, 43.7236, 0.2798
(13, 18): 0.2128, 4.4100, 50.8642, 0.2046
(13, 19): 0.2343, 4.4200, 53.7937, 0.1801
(13, 20): 0.2020, 4.4100, 55.6985, 0.1843
(13, 21): 0.1818, 4.4400, 58.7152, 0.1851
(13, 22): 0.1665, 4.4200, 59.7945, 0.1708
(13, 23): 0.2021, 4.4600, 53.9028, 0.1631
(13, 24): 0.1588, 4.4200, 48.3189, 0.1919
(13, 25): 0.1461, 4.4100, 3.9587, 0.4015
(13, 26): 0.1430, 4.4100, 15.4934, 0.2604
(13, 27): 0.1241, 4.4200, 4.1059, 0.3914
(14, 1): 0.0481, 4.4500, 17.5763, 0.3161
(14, 2): 0.0481, 4.4500, 17.5763, 0.3161
(14, 3): 0.0481, 4.4500, 17.5763, 0.3161
(14, 4): 0.0481, 4.4500, 17.5763, 0.3161
(14, 5): 0.0481, 4.4500, 17.5763, 0.3161
(14, 6): 0.0481, 4.4500, 17.5763, 0.3161
(14, 7): 0.0481, 4.4500, 17.5763, 0.3161
(14, 8): 0.0481, 4.4500, 17.5763, 0.3161
(14, 9): 0.2578, 4.5100, 62.9187, 0.1758
(14, 10): 0.2578, 4.5100, 62.9187, 0.1758
(14, 11): 0.2502, 4.4100, 65.4990, 0.2063
(14, 12): 0.2296, 4.4287, 60.0173, 0.2164
(14, 13): 0.1057, 4.4100, 5.6058, 0.4336
(14, 14): 0.1569, 4.4200, 9.7678, 0.3145
(14, 15): 0.0943, 4.4600, 5.0316, 0.4269
(14, 16): 0.2866, 4.4700, 40.5785, 0.3119
(14, 17): 0.2333, 4.5800, 55.2396, 0.2790
(14, 18): 0.1845, 4.4300, 59.1672, 0.2189
(14, 19): 0.1641, 4.4100, 59.4715, 0.1767
(14, 20): 0.1578, 4.4400, 58.5314, 0.1986
(14, 21): 0.1646, 4.4100, 57.8072, 0.1758
(14, 22): 0.1551, 4.4200, 58.2289, 0.1674
(14, 23): 0.1229, 4.4300, 59.0023, 0.1648
(14, 24): 0.1133, 4.4700, 54.2928, 0.1775
(14, 25): 0.0984, 4.4500, 30.1368, 0.1953
(14, 26): 0.1681, 4.5100, 29.7709, 0.1936
(14, 27): 0.1241, 4.4200, 4.1059, 0.3914
(15, 1): 0.0355, 4.4200, 6.0015, 0.3905
(15, 2): 0.0355, 4.4200, 6.0015, 0.3905
(15, 3): 0.0355, 4.4200, 6.0015, 0.3905
(15, 4): 0.0481, 4.4500, 17.5763, 0.3161
(15, 5): 0.0481, 4.4500, 17.5763, 0.3161
(15, 6): 0.0481, 4.4500, 17.5763, 0.3161
(15, 7): 0.0481, 4.4500, 17.5763, 0.3161
(15, 8): 0.0481, 4.4500, 17.5763, 0.3161
(15, 9): 0.0481, 4.4500, 17.5763, 0.3161
(15, 10): 0.2034, 4.4400, 70.0411, 0.2933
(15, 11): 0.2643, 4.5400, 63.0478, 0.2773
(15, 12): 0.2604, 4.5600, 62.1492, 0.2739
(15, 13): 0.1375, 4.4400, 23.9643, 0.3085
(15, 14): 0.0447, 4.4000, 5.5390, 0.3998
(15, 15): 0.2015, 4.5000, 48.3367, 0.2350
(15, 16): 0.2063, 4.4400, 57.8290, 0.2773
(15, 17): 0.2148, 4.5100, 52.5732, 0.2815
(15, 18): 0.1779, 4.5100, 51.6871, 0.2536
(15, 19): 0.1476, 4.4300, 61.3725, 0.1902
(15, 20): 0.1432, 4.4900, 59.0032, 0.1758
(15, 21): 0.1411, 4.4400, 57.7613, 0.1682
(15, 22): 0.1543, 4.4100, 57.6270, 0.1631
(15, 23): 0.1577, 4.5300, 57.1687, 0.1598
(15, 24): 0.1113, 4.4100, 59.8632, 0.1817
(15, 25): 0.1217, 4.4200, 59.3967, 0.1682
(15, 26): 0.1626, 4.4100, 54.5968, 0.1724
(15, 27): 0.1839, 4.4100, 33.0854, 0.2063
(16, 1): 0.1846, 4.4100, 14.9862, 0.2891
(16, 2): 0.0355, 4.4200, 6.0015, 0.3905
(16, 3): 0.0355, 4.4200, 6.0015, 0.3905
(16, 4): 0.0355, 4.4200, 6.0015, 0.3905
(16, 5): 0.0355, 4.4200, 6.0015, 0.3905
(16, 6): 0.0355, 4.4200, 6.0015, 0.3905
(16, 7): 0.0469, 4.4100, 26.7419, 0.2485
(16, 8): 0.0469, 4.4100, 26.7419, 0.2485
(16, 9): 0.0469, 4.4100, 26.7419, 0.2485
(16, 10): 0.1552, 4.4300, 71.0570, 0.3009
(16, 11): 0.2256, 4.4400, 66.5750, 0.3263
(16, 12): 0.2232, 4.4600, 63.1030, 0.2037
(16, 13): 0.1460, 4.4200, 23.6013, 0.2451
(16, 14): 0.2157, 4.5000, 59.1944, 0.2156
(16, 15): 0.2339, 4.4200, 59.9192, 0.2663
(16, 16): 0.2488, 4.4800, 49.9411, 0.2866
(16, 17): 0.1719, 4.4200, 51.9295, 0.2663
(16, 18): 0.1712, 4.5700, 62.1752, 0.2122
(16, 19): 0.1434, 4.4500, 63.9111, 0.1801
(16, 20): 0.1425, 4.4600, 59.9537, 0.1674
(16, 21): 0.1418, 4.4600, 58.4105, 0.1665
(16, 22): 0.1931, 4.5000, 56.0345, 0.1589
(16, 23): 0.1632, 4.5200, 58.2916, 0.1581
(16, 24): 0.2133, 4.4400, 56.1202, 0.1665
(16, 25): 0.1593, 4.4100, 57.5759, 0.1682
(16, 26): 0.1618, 4.4900, 56.1659, 0.1708
(16, 27): 0.1454, 4.4300, 32.9783, 0.1910
(17, 1): 0.1846, 4.4100, 14.9862, 0.2891
(17, 2): 0.1846, 4.4100, 14.9862, 0.2891
(17, 3): 0.1546, 4.4600, 14.5701, 0.2620
(17, 4): 0.0355, 4.4200, 6.0015, 0.3905
(17, 5): 0.0355, 4.4200, 6.0015, 0.3905
(17, 6): 0.0355, 4.4200, 6.0015, 0.3905
(17, 7): 0.0355, 4.4200, 6.0015, 0.3905
(17, 8): 0.1308, 4.4700, 50.4049, 0.2350
(17, 9): 0.1308, 4.4700, 50.4049, 0.2350
(17, 10): 0.2059, 4.4500, 67.1279, 0.2451
(17, 11): 0.2346, 4.4100, 64.9174, 0.2012
(17, 12): 0.2319, 4.4100, 65.9589, 0.2485
(17, 13): 0.2111, 4.4100, 53.2520, 0.1978
(17, 14): 0.2188, 4.4200, 48.5241, 0.2029
(17, 15): 0.1879, 4.4600, 57.1068, 0.2392
(17, 16): 0.1888, 4.4600, 56.4295, 0.2206
(17, 17): 0.1938, 4.5000, 63.3867, 0.1936
(17, 18): 0.1852, 4.6500, 62.8040, 0.2130
(17, 19): 0.1968, 4.4100, 60.3577, 0.2240
(17, 20): 0.2063, 4.4100, 57.3948, 0.1581
(17, 21): 0.2115, 4.4300, 55.4456, 0.1665
(17, 22): 0.2283, 4.5300, 53.6212, 0.1530
(17, 23): 0.1762, 4.4100, 56.4621, 0.1598
(17, 24): 0.2086, 4.4300, 52.7165, 0.1429
(17, 25): 0.1869, 4.4600, 54.4375, 0.1682
(17, 26): 0.1770, 4.4600, 48.5334, 0.1953
(17, 27): 0.1770, 4.4600, 48.5334, 0.1953
(18, 1): 0.1846, 4.4100, 14.9862, 0.2891
(18, 2): 0.1846, 4.4100, 14.9862, 0.2891
(18, 3): 0.1846, 4.4100, 14.9862, 0.2891
(18, 4): 0.1546, 4.4600, 14.5701, 0.2620
(18, 5): 0.1546, 4.4600, 14.5701, 0.2620
(18, 6): 0.0355, 4.4200, 6.0015, 0.3905
(18, 7): 0.0355, 4.4200, 6.0015, 0.3905
(18, 8): 0.0355, 4.4200, 6.0015, 0.3905
(18, 9): 0.1671, 4.4400, 66.8520, 0.2434
(18, 10): 0.2092, 4.4900, 67.8400, 0.2375
(18, 11): 0.2153, 4.4200, 65.1286, 0.2088
(18, 12): 0.2255, 4.4500, 63.6598, 0.1868
(18, 13): 0.2084, 4.4400, 64.7229, 0.1877
(18, 14): 0.2260, 4.4700, 63.2073, 0.1817
(18, 15): 0.2155, 4.5200, 63.4111, 0.1750
(18, 16): 0.2000, 4.4200, 61.9627, 0.1724
(18, 17): 0.2176, 4.4800, 60.3007, 0.1767
(18, 18): 0.2192, 4.4200, 61.5313, 0.2079
(18, 19): 0.2571, 4.4100, 57.6269, 0.2561
(18, 20): 0.1977, 4.4700, 59.5376, 0.1513
(18, 21): 0.1899, 4.4200, 57.4602, 0.1631
(18, 22): 0.2107, 4.4100, 53.8095, 0.1657
(18, 23): 0.2020, 4.4600, 54.7504, 0.1750
(18, 24): 0.2213, 4.5700, 52.6492, 0.1496
(18, 25): 0.1674, 4.6400, 49.9613, 0.1674
(18, 26): 0.0964, 4.4100, 12.8682, 0.2553
(18, 27): 0.0964, 4.4100, 12.8682, 0.2553
(19, 1): 0.1846, 4.4100, 14.9862, 0.2891
(19, 2): 0.1846, 4.4100, 14.9862, 0.2891
(19, 3): 0.1846, 4.4100, 14.9862, 0.2891
(19, 4): 0.1846, 4.4100, 14.9862, 0.2891
(19, 5): 0.1546, 4.4600, 14.5701, 0.2620
(19, 6): 0.1546, 4.4600, 14.5701, 0.2620
(19, 7): 0.1136, 4.4100, 38.6615, 0.2003
(19, 8): 0.1136, 4.4100, 38.6615, 0.2003
(19, 9): 0.1940, 4.4300, 69.0962, 0.2849
(19, 10): 0.1796, 4.4500, 68.7566, 0.1758
(19, 11): 0.1904, 4.4400, 65.1411, 0.1961
(19, 12): 0.2238, 4.4500, 62.4538, 0.1817
(19, 13): 0.2088, 4.4200, 62.1201, 0.1733
(19, 14): 0.2233, 4.5000, 60.2466, 0.1682
(19, 15): 0.2055, 4.4200, 63.0816, 0.1699
(19, 16): 0.2219, 4.4700, 60.6459, 0.1691
(19, 17): 0.2113, 4.4500, 60.0099, 0.1665
(19, 18): 0.2632, 4.4100, 58.1937, 0.1598
(19, 19): 0.2265, 4.5100, 61.8525, 0.2367
(19, 20): 0.2370, 4.5400, 57.0253, 0.1733
(19, 21): 0.2348, 4.5100, 54.0725, 0.1538
(19, 22): 0.2056, 4.5100, 55.5940, 0.1555
(19, 23): 0.1763, 4.4300, 59.6346, 0.1733
(19, 24): 0.1897, 4.4800, 57.5921, 0.1615
(19, 25): 0.1551, 4.4200, 39.8567, 0.1801
(19, 26): 0.1673, 4.4600, 4.5201, 0.3491
(19, 27): 0.1673, 4.4600, 4.5201, 0.3491
(20, 1): 0.1776, 4.4800, 18.2589, 0.2443
(20, 2): 0.1846, 4.4100, 14.9862, 0.2891
(20, 3): 0.1846, 4.4100, 14.9862, 0.2891
(20, 4): 0.1846, 4.4100, 14.9862, 0.2891
(20, 5): 0.1846, 4.4100, 14.9862, 0.2891
(20, 6): 0.1546, 4.4600, 14.5701, 0.2620
(20, 7): 0.1546, 4.4600, 14.5701, 0.2620
(20, 8): 0.1698, 4.4300, 71.7232, 0.2240
(20, 9): 0.1688, 4.5500, 71.9121, 0.2181
(20, 10): 0.2040, 4.4900, 67.0916, 0.1741
(20, 11): 0.2121, 4.4400, 64.7292, 0.1784
(20, 12): 0.2142, 4.5800, 61.8320, 0.1691
(20, 13): 0.2094, 4.4700, 59.7470, 0.1691
(20, 14): 0.1913, 4.4200, 61.6460, 0.1792
(20, 15): 0.2072, 4.4100, 61.1296, 0.1682
(20, 16): 0.2091, 4.4300, 61.3134, 0.1716
(20, 17): 0.1645, 4.4200, 64.4591, 0.1691
(20, 18): 0.2580, 4.4200, 57.3518, 0.1674
(20, 19): 0.2228, 4.4400, 59.9068, 0.1910
(20, 20): 0.1982, 4.4300, 60.5026, 0.1733
(20, 21): 0.2119, 4.4400, 57.0534, 0.1564
(20, 22): 0.1975, 4.4200, 59.2545, 0.1716
(20, 23): 0.2249, 4.5000, 57.5161, 0.1640
(20, 24): 0.1939, 4.4300, 61.8692, 0.1691
(20, 25): 0.2283, 4.4800, 55.9903, 0.1564
(20, 26): 0.1280, 4.4300, 13.8356, 0.2358
(20, 27): 0.1280, 4.4300, 13.8356, 0.2358
(21, 1): 0.1691, 4.4100, 13.5131, 0.2747
(21, 2): 0.1776, 4.4800, 18.2589, 0.2443
(21, 3): 0.1776, 4.4800, 18.2589, 0.2443
(21, 4): 0.1846, 4.4100, 14.9862, 0.2891
(21, 5): 0.1846, 4.4100, 14.9862, 0.2891
(21, 6): 0.1846, 4.4100, 14.9862, 0.2891
(21, 7): 0.2377, 4.5347, 57.0443, 0.1877
(21, 8): 0.2132, 4.4500, 70.1077, 0.1893
(21, 9): 0.2047, 4.4200, 68.3701, 0.2037
(21, 10): 0.2197, 4.5200, 67.0218, 0.1851
(21, 11): 0.2159, 4.5600, 64.0417, 0.1750
(21, 12): 0.2292, 4.4500, 58.4663, 0.1606
(21, 13): 0.2269, 4.4700, 58.5075, 0.1665
(21, 14): 0.2107, 4.4400, 57.8498, 0.1640
(21, 15): 0.1651, 4.5300, 62.4733, 0.1741
(21, 16): 0.1572, 4.4100, 63.0519, 0.1733
(21, 17): 0.1810, 4.4800, 60.8577, 0.1801
(21, 18): 0.2102, 4.4100, 61.3479, 0.1910
(21, 19): 0.2541, 4.4300, 55.9449, 0.1792
(21, 20): 0.2162, 4.4700, 57.8910, 0.1851
(21, 21): 0.1863, 4.5500, 48.4021, 0.1843
(21, 22): 0.1911, 4.4600, 49.3832, 0.2063
(21, 23): 0.2517, 4.4700, 45.4624, 0.1826
(21, 24): 0.1784, 4.4200, 25.3539, 0.2071
(21, 25): 0.1784, 4.4200, 25.3539, 0.2071
(21, 26): 0.1280, 4.4300, 13.8356, 0.2358
(21, 27): 0.1280, 4.4300, 13.8356, 0.2358
(22, 1): 0.1691, 4.4100, 13.5131, 0.2747
(22, 2): 0.1691, 4.4100, 13.5131, 0.2747
(22, 3): 0.1776, 4.4800, 18.2589, 0.2443
(22, 4): 0.1776, 4.4800, 18.2589, 0.2443
(22, 5): 0.2524, 4.4700, 41.6069, 0.2215
(22, 6): 0.2524, 4.4700, 41.6069, 0.2215
(22, 7): 0.2689, 4.6000, 62.7523, 0.1978
(22, 8): 0.2270, 4.5000, 65.4376, 0.1699
(22, 9): 0.2169, 4.4100, 65.0547, 0.2282
(22, 10): 0.2449, 4.4800, 62.2417, 0.2595
(22, 11): 0.2414, 4.5100, 61.2260, 0.1724
(22, 12): 0.2563, 4.4300, 56.4501, 0.1572
(22, 13): 0.2411, 4.4400, 56.2124, 0.1691
(22, 14): 0.2183, 4.5700, 57.2516, 0.1631
(22, 15): 0.1775, 4.4300, 60.2613, 0.1767
(22, 16): 0.1508, 4.5000, 62.1693, 0.1843
(22, 17): 0.2030, 4.4300, 59.1214, 0.1860
(22, 18): 0.2287, 4.4200, 57.4011, 0.2265
(22, 19): 0.2762, 4.4998, 53.6274, 0.2401
(22, 20): 0.2436, 4.5000, 41.6005, 0.2198
(22, 21): 0.1045, 4.4100, 9.4470, 0.3331
(22, 22): 0.1911, 4.4600, 49.3832, 0.2063
(22, 23): 0.2517, 4.4700, 45.4624, 0.1826
(22, 24): 0.1784, 4.4200, 25.3539, 0.2071
(22, 25): 0.1784, 4.4200, 25.3539, 0.2071
(22, 26): 0.1280, 4.4300, 13.8356, 0.2358
(22, 27): 0.1280, 4.4300, 13.8356, 0.2358
(23, 1): 0.1691, 4.4100, 13.5131, 0.2747
(23, 2): 0.1691, 4.4100, 13.5131, 0.2747
(23, 3): 0.1691, 4.4100, 13.5131, 0.2747
(23, 4): 0.1776, 4.4800, 18.2589, 0.2443
(23, 5): 0.1776, 4.4800, 18.2589, 0.2443
(23, 6): 0.2694, 4.4400, 34.6904, 0.2071
(23, 7): 0.2447, 4.4200, 47.5046, 0.1851
(23, 8): 0.2365, 4.4200, 61.9559, 0.1826
(23, 9): 0.2432, 4.4300, 62.1645, 0.1674
(23, 10): 0.2477, 4.4200, 61.8034, 0.2299
(23, 11): 0.2395, 4.4400, 59.6221, 0.2832
(23, 12): 0.2437, 4.5900, 58.4184, 0.2046
(23, 13): 0.2387, 4.4800, 56.5335, 0.1809
(23, 14): 0.2080, 4.5000, 57.7621, 0.1784
(23, 15): 0.1676, 4.4300, 62.2664, 0.1986
(23, 16): 0.2068, 4.4100, 59.2683, 0.2139
(23, 17): 0.2538, 4.4400, 56.0051, 0.2485
(23, 18): 0.2831, 4.4100, 54.2630, 0.2358
(23, 19): 0.3565, 4.4100, 48.9034, 0.1893
(23, 20): 0.3589, 4.4800, 40.3350, 0.2037
(23, 21): 0.1045, 4.4100, 9.4470, 0.3331
(23, 22): 0.1045, 4.4100, 9.4470, 0.3331
(23, 23): 0.2517, 4.4700, 45.4624, 0.1826
(23, 24): 0.1784, 4.4200, 25.3539, 0.2071
(23, 25): 0.1784, 4.4200, 25.3539, 0.2071
(23, 26): 0.1784, 4.4200, 25.3539, 0.2071
(23, 27): 0.1280, 4.4300, 13.8356, 0.2358
(24, 1): 0.0842, 4.4200, 5.7038, 0.3846
(24, 2): 0.1691, 4.4100, 13.5131, 0.2747
(24, 3): 0.1691, 4.4100, 13.5131, 0.2747
(24, 4): 0.1691, 4.4100, 13.5131, 0.2747
(24, 5): 0.2029, 4.4400, 24.1557, 0.2223
(24, 6): 0.2354, 4.4100, 24.1953, 0.2164
(24, 7): 0.2256, 4.5400, 55.8006, 0.1927
(24, 8): 0.1896, 4.5400, 42.9871, 0.1944
(24, 9): 0.2103, 4.5500, 52.1611, 0.1851
(24, 10): 0.1981, 4.4200, 49.7217, 0.1741
(24, 11): 0.2235, 4.4700, 57.7602, 0.2451
(24, 12): 0.2084, 4.4400, 60.3311, 0.2502
(24, 13): 0.2095, 4.4200, 57.6885, 0.2088
(24, 14): 0.2000, 4.4100, 59.3942, 0.2282
(24, 15): 0.2177, 4.4600, 58.5592, 0.2612
(24, 16): 0.2239, 4.4400, 57.0808, 0.2798
(24, 17): 0.2716, 4.4100, 54.5732, 0.2654
(24, 18): 0.2910, 4.4100, 53.4012, 0.2291
(24, 19): 0.3112, 4.5300, 51.5888, 0.2079
(24, 20): 0.3585, 4.4600, 46.9190, 0.2020
(24, 21): 0.2445, 4.4500, 33.4485, 0.2181
(24, 22): 0.1912, 4.4100, 24.0759, 0.2561
(24, 23): 0.1912, 4.4100, 24.0759, 0.2561
(24, 24): 0.1912, 4.4100, 24.0759, 0.2561
(24, 25): 0.1912, 4.4100, 24.0759, 0.2561
(24, 26): 0.1784, 4.4200, 25.3539, 0.2071
(24, 27): 0.1280, 4.4300, 13.8356, 0.2358
(25, 1): 0.0842, 4.4200, 5.7038, 0.3846
(25, 2): 0.0842, 4.4200, 5.7038, 0.3846
(25, 3): 0.2413, 4.4100, 23.6483, 0.1944
(25, 4): 0.2436, 4.4100, 33.3555, 0.1851
(25, 5): 0.2247, 4.4900, 41.5857, 0.1826
(25, 6): 0.2553, 4.4200, 51.5784, 0.1708
(25, 7): 0.1855, 4.4200, 31.4952, 0.2164
(25, 8): 0.2311, 4.5000, 51.4061, 0.2020
(25, 9): 0.2400, 4.4200, 56.0100, 0.1902
(25, 10): 0.2861, 4.4400, 55.9982, 0.1868
(25, 11): 0.2124, 4.4100, 60.7906, 0.2003
(25, 12): 0.1936, 4.5200, 63.0318, 0.2130
(25, 13): 0.2305, 4.4200, 57.3340, 0.2105
(25, 14): 0.2561, 4.4200, 55.2840, 0.2274
(25, 15): 0.2729, 4.4500, 55.8843, 0.2282
(25, 16): 0.2027, 4.4500, 57.0066, 0.2164
(25, 17): 0.2866, 4.4300, 51.6737, 0.2333
(25, 18): 0.2644, 4.4400, 55.0339, 0.2291
(25, 19): 0.2963, 4.4800, 52.0507, 0.2265
(25, 20): 0.3193, 4.4400, 50.2495, 0.2020
(25, 21): 0.3223, 4.4100, 49.2079, 0.2037
(25, 22): 0.1912, 4.4100, 24.0759, 0.2561
(25, 23): 0.1912, 4.4100, 24.0759, 0.2561
(25, 24): 0.1912, 4.4100, 24.0759, 0.2561
(25, 25): 0.1912, 4.4100, 24.0759, 0.2561
(25, 26): 0.1912, 4.4100, 24.0759, 0.2561
(25, 27): 0.1912, 4.4100, 24.0759, 0.2561
(26, 1): 0.0842, 4.4200, 5.7038, 0.3846
(26, 2): 0.0842, 4.4200, 5.7038, 0.3846
(26, 3): 0.2413, 4.4100, 23.6483, 0.1944
(26, 4): 0.2285, 4.4600, 35.0258, 0.1910
(26, 5): 0.1987, 4.4100, 33.4929, 0.1817
(26, 6): 0.1949, 4.4100, 30.3527, 0.2088
(26, 7): 0.2513, 4.6000, 53.3565, 0.1834
(26, 8): 0.2632, 4.5000, 60.1328, 0.1741
(26, 9): 0.2540, 4.4800, 60.5301, 0.1834
(26, 10): 0.2651, 4.4600, 57.5880, 0.1860
(26, 11): 0.1905, 4.4100, 62.7267, 0.1953
(26, 12): 0.1749, 4.4900, 62.5781, 0.2063
(26, 13): 0.2364, 4.5200, 56.5534, 0.1944
(26, 14): 0.2813, 4.4100, 54.4684, 0.2046
(26, 15): 0.2257, 4.4800, 57.9156, 0.2020
(26, 16): 0.2363, 4.4300, 56.3000, 0.2172
(26, 17): 0.2665, 4.4100, 53.0687, 0.2096
(26, 18): 0.2411, 4.4600, 55.8344, 0.2249
(26, 19): 0.3052, 4.4900, 50.0549, 0.2257
(26, 20): 0.2865, 4.4300, 50.9922, 0.2113
(26, 21): 0.3090, 4.4200, 49.3263, 0.1944
(26, 22): 0.3330, 4.4300, 36.4282, 0.1986
(26, 23): 0.3330, 4.4300, 36.4282, 0.1986
(26, 24): 0.3330, 4.4300, 36.4282, 0.1986
(26, 25): 0.3330, 4.4300, 36.4282, 0.1986
(26, 26): 0.3330, 4.4300, 36.4282, 0.1986
(26, 27): 0.3330, 4.4300, 36.4282, 0.1986
(27, 1): 0.1652, 4.4400, 25.5031, 0.2249
(27, 2): 0.1652, 4.4400, 25.5031, 0.2249
(27, 3): 0.2187, 4.4600, 60.5884, 0.1801
(27, 4): 0.2466, 4.5600, 60.9404, 0.1581
(27, 5): 0.2648, 4.4300, 61.9314, 0.1530
(27, 6): 0.2027, 4.5300, 52.1157, 0.1817
(27, 7): 0.2494, 4.7600, 19.3340, 0.2232
(27, 8): 0.2542, 4.5900, 50.6023, 0.1809
(27, 9): 0.2814, 4.4300, 44.8749, 0.1868
(27, 10): 0.2186, 4.5300, 50.0867, 0.2054
(27, 11): 0.1857, 4.9200, 49.8974, 0.2029
(27, 12): 0.1239, 4.4400, 30.1031, 0.2240
(27, 13): 0.2025, 4.4900, 49.5042, 0.2096
(27, 14): 0.1765, 4.4200, 41.0488, 0.2181
(27, 15): 0.2303, 4.4100, 57.8198, 0.2029
(27, 16): 0.2615, 4.4800, 53.5821, 0.2156
(27, 17): 0.2559, 4.4200, 53.6711, 0.2358
(27, 18): 0.2816, 4.4300, 51.9289, 0.2164
(27, 19): 0.2673, 4.4100, 53.4169, 0.2316
(27, 20): 0.3135, 4.4400, 48.7969, 0.2012
(27, 21): 0.3351, 4.4900, 47.2847, 0.1961
(27, 22): 0.2850, 4.4600, 41.2468, 0.2308
(27, 23): 0.2850, 4.4600, 41.2468, 0.2308
(27, 24): 0.2850, 4.4600, 41.2468, 0.2308
(27, 25): 0.2850, 4.4600, 41.2468, 0.2308
(27, 26): 0.2850, 4.4600, 41.2468, 0.2308
(27, 27): 0.2850, 4.4600, 41.2468, 0.2308
(28, 1): 0.1158, 4.4100, 5.1057, 0.3559
(28, 2): 0.1158, 4.4100, 5.1057, 0.3559
(28, 3): 0.1568, 4.4100, 30.9298, 0.1919
(28, 4): 0.1816, 4.5300, 32.3283, 0.2088
(28, 5): 0.2171, 4.5500, 50.5280, 0.1657
(28, 6): 0.1662, 4.4900, 30.0926, 0.2079
(28, 7): 0.2182, 4.4700, 28.9570, 0.2113
(28, 8): 0.3079, 4.7900, 39.0179, 0.1801
(28, 9): 0.2523, 4.4600, 34.1661, 0.2088
(28, 10): 0.2186, 4.5300, 50.0867, 0.2054
(28, 11): 0.1857, 4.9200, 49.8974, 0.2029
(28, 12): 0.1239, 4.4400, 30.1031, 0.2240
(28, 13): 0.1193, 4.4700, 14.1133, 0.2883
(28, 14): 0.1193, 4.4700, 14.1133, 0.2883
(28, 15): 0.2451, 4.4200, 53.6382, 0.2232
(28, 16): 0.2516, 4.4300, 55.2261, 0.2029
(28, 17): 0.2572, 4.4500, 53.1241, 0.1961
(28, 18): 0.2853, 4.4199, 50.9354, 0.1936
(28, 19): 0.2868, 4.4200, 50.1031, 0.2012
(28, 20): 0.3267, 4.4100, 48.0907, 0.2003
(28, 21): 0.3600, 4.4800, 46.6355, 0.1877
(28, 22): 0.2035, 4.4300, 24.7363, 0.2519
(28, 23): 0.2035, 4.4300, 24.7363, 0.2519
(28, 24): 0.2035, 4.4300, 24.7363, 0.2519
(28, 25): 0.2035, 4.4300, 24.7363, 0.2519
(28, 26): 0.2035, 4.4300, 24.7363, 0.2519
(28, 27): 0.2035, 4.4300, 24.7363, 0.2519
(29, 1): 0.2360, 4.4400, 57.1561, 0.1665
(29, 2): 0.2360, 4.4400, 57.1561, 0.1665
(29, 3): 0.1951, 4.6200, 67.7235, 0.1564
(29, 4): 0.1653, 4.4900, 57.2787, 0.1555
(29, 5): 0.1701, 4.5000, 46.8239, 0.1826
(29, 6): 0.2314, 4.4300, 62.0061, 0.1555
(29, 7): 0.2373, 4.4300, 49.6052, 0.1784
(29, 8): 0.2282, 4.4300, 4.9122, 0.3863
(29, 9): 0.2523, 4.4600, 34.1661, 0.2088
(29, 10): 0.2523, 4.4600, 34.1661, 0.2088
(29, 11): 0.1857, 4.9200, 49.8974, 0.2029
(29, 12): 0.1239, 4.4400, 30.1031, 0.2240
(29, 13): 0.1193, 4.4700, 14.1133, 0.2883
(29, 14): 0.1193, 4.4700, 14.1133, 0.2883
(29, 15): 0.1008, 4.4500, 10.3878, 0.3204
(29, 16): 0.1237, 4.4600, 28.1383, 0.2485
(29, 17): 0.1999, 4.4300, 4.1522, 0.3702
(29, 18): 0.2427, 4.4200, 43.1498, 0.2249
(29, 19): 0.2895, 4.4500, 52.0188, 0.2130
(29, 20): 0.3468, 4.5700, 46.3155, 0.1936
(29, 21): 0.3278, 4.5500, 49.7080, 0.2172
(29, 22): 0.1341, 4.4100, 14.3458, 0.3052
(29, 23): 0.1341, 4.4100, 14.3458, 0.3052
(29, 24): 0.1341, 4.4100, 14.3458, 0.3052
(29, 25): 0.1341, 4.4100, 14.3458, 0.3052
(29, 26): 0.1341, 4.4100, 14.3458, 0.3052
(29, 27): 0.1341, 4.4100, 14.3458, 0.3052
(30, 1): 0.1914, 4.4500, 38.4146, 0.1792
(30, 2): 0.1914, 4.4500, 38.4146, 0.1792
(30, 3): 0.1058, 4.4600, 19.1982, 0.2257
(30, 4): 0.1241, 4.5100, 14.6575, 0.2316
(30, 5): 0.1961, 4.4300, 54.8135, 0.1708
(30, 6): 0.2016, 4.4900, 48.9623, 0.1750
(30, 7): 0.1935, 4.4600, 13.4569, 0.2502
(30, 8): 0.2282, 4.4300, 4.9122, 0.3863
(30, 9): 0.2282, 4.4300, 4.9122, 0.3863
(30, 10): 0.2523, 4.4600, 34.1661, 0.2088
(30, 11): 0.2523, 4.4600, 34.1661, 0.2088
(30, 12): 0.1193, 4.4700, 14.1133, 0.2883
(30, 13): 0.1193, 4.4700, 14.1133, 0.2883
(30, 14): 0.1008, 4.4500, 10.3878, 0.3204
(30, 15): 0.1008, 4.4500, 10.3878, 0.3204
(30, 16): 0.1237, 4.4600, 28.1383, 0.2485
(30, 17): 0.1999, 4.4300, 4.1522, 0.3702
(30, 18): 0.1322, 4.4200, 13.9716, 0.2891
(30, 19): 0.1322, 4.4200, 13.9716, 0.2891
(30, 20): 0.3055, 4.4300, 40.3486, 0.2257
(30, 21): 0.3239, 4.4500, 46.0114, 0.2012
(30, 22): 0.1775, 4.4100, 17.6155, 0.2967
(30, 23): 0.1775, 4.4100, 17.6155, 0.2967
(30, 24): 0.1775, 4.4100, 17.6155, 0.2967
(30, 25): 0.1775, 4.4100, 17.6155, 0.2967
(30, 26): 0.1775, 4.4100, 17.6155, 0.2967
(30, 27): 0.1775, 4.4100, 17.6155, 0.2967
(31, 1): 0.1914, 4.4500, 38.4146, 0.1792
(31, 2): 0.1914, 4.4500, 38.4146, 0.1792
(31, 3): 0.1058, 4.4600, 19.1982, 0.2257
(31, 4): 0.1241, 4.5100, 14.6575, 0.2316
(31, 5): 0.1961, 4.4300, 54.8135, 0.1708
(31, 6): 0.2016, 4.4900, 48.9623, 0.1750
(31, 7): 0.1935, 4.4600, 13.4569, 0.2502
(31, 8): 0.1935, 4.4600, 13.4569, 0.2502
(31, 9): 0.2282, 4.4300, 4.9122, 0.3863
(31, 10): 0.2282, 4.4300, 4.9122, 0.3863
(31, 11): 0.2523, 4.4600, 34.1661, 0.2088
(31, 12): 0.1193, 4.4700, 14.1133, 0.2883
(31, 13): 0.1008, 4.4500, 10.3878, 0.3204
(31, 14): 0.1008, 4.4500, 10.3878, 0.3204
(31, 15): 0.1008, 4.4500, 10.3878, 0.3204
(31, 16): 0.1237, 4.4600, 28.1383, 0.2485
(31, 17): 0.1999, 4.4300, 4.1522, 0.3702
(31, 18): 0.1605, 4.4400, 9.2635, 0.3102
(31, 19): 0.1605, 4.4400, 9.2635, 0.3102
(31, 20): 0.3047, 4.4500, 44.1733, 0.2054
(31, 21): 0.1400, 4.4100, 13.4664, 0.2883
(31, 22): 0.1400, 4.4100, 13.4664, 0.2883
(31, 23): 0.1098, 4.4100, 9.8220, 0.3153
(31, 24): 0.1098, 4.4100, 9.8220, 0.3153
(31, 25): 0.1098, 4.4100, 9.8220, 0.3153
(31, 26): 0.1098, 4.4100, 9.8220, 0.3153
(31, 27): 0.1098, 4.4100, 9.8220, 0.3153
(32, 1): 0.1914, 4.4500, 38.4146, 0.1792
(32, 2): 0.1914, 4.4500, 38.4146, 0.1792
(32, 3): 0.1058, 4.4600, 19.1982, 0.2257
(32, 4): 0.1241, 4.5100, 14.6575, 0.2316
(32, 5): 0.1961, 4.4300, 54.8135, 0.1708
(32, 6): 0.2016, 4.4900, 48.9623, 0.1750
(32, 7): 0.1935, 4.4600, 13.4569, 0.2502
(32, 8): 0.1935, 4.4600, 13.4569, 0.2502
(32, 9): 0.1935, 4.4600, 13.4569, 0.2502
(32, 10): 0.2282, 4.4300, 4.9122, 0.3863
(32, 11): 0.2282, 4.4300, 4.9122, 0.3863
(32, 12): 0.1008, 4.4500, 10.3878, 0.3204
(32, 13): 0.1008, 4.4500, 10.3878, 0.3204
(32, 14): 0.1008, 4.4500, 10.3878, 0.3204
(32, 15): 0.1008, 4.4500, 10.3878, 0.3204
(32, 16): 0.1237, 4.4600, 28.1383, 0.2485
(32, 17): 0.1398, 4.4400, 14.5054, 0.2705
(32, 18): 0.1398, 4.4400, 14.5054, 0.2705
(32, 19): 0.1398, 4.4400, 14.5054, 0.2705
(32, 20): 0.3101, 4.4700, 50.9927, 0.1843
(32, 21): 0.2529, 4.4100, 35.0744, 0.1995
(32, 22): 0.1098, 4.4100, 9.8220, 0.3153
(32, 23): 0.1098, 4.4100, 9.8220, 0.3153
(32, 24): 0.1098, 4.4100, 9.8220, 0.3153
(32, 25): 0.1098, 4.4100, 9.8220, 0.3153
(32, 26): 0.1098, 4.4100, 9.8220, 0.3153
(32, 27): 0.1098, 4.4100, 9.8220, 0.3153
(33, 1): 0.1914, 4.4500, 38.4146, 0.1792
(33, 2): 0.1914, 4.4500, 38.4146, 0.1792
(33, 3): 0.1058, 4.4600, 19.1982, 0.2257
(33, 4): 0.1241, 4.5100, 14.6575, 0.2316
(33, 5): 0.1961, 4.4300, 54.8135, 0.1708
(33, 6): 0.2016, 4.4900, 48.9623, 0.1750
(33, 7): 0.1935, 4.4600, 13.4569, 0.2502
(33, 8): 0.1935, 4.4600, 13.4569, 0.2502
(33, 9): 0.1935, 4.4600, 13.4569, 0.2502
(33, 10): 0.1935, 4.4600, 13.4569, 0.2502
(33, 11): 0.2282, 4.4300, 4.9122, 0.3863
(33, 12): 0.1008, 4.4500, 10.3878, 0.3204
(33, 13): 0.1008, 4.4500, 10.3878, 0.3204
(33, 14): 0.1008, 4.4500, 10.3878, 0.3204
(33, 15): 0.1008, 4.4500, 10.3878, 0.3204
(33, 16): 0.2012, 4.4400, 36.0448, 0.2105
(33, 17): 0.2012, 4.4400, 36.0448, 0.2105
(33, 18): 0.2012, 4.4400, 36.0448, 0.2105
(33, 19): 0.2012, 4.4400, 36.0448, 0.2105
(33, 20): 0.2583, 4.4200, 56.1792, 0.1877
(33, 21): 0.2943, 4.6300, 51.8336, 0.2130
(33, 22): 0.1897, 4.4700, 24.5970, 0.2392
(33, 23): 0.1897, 4.4700, 24.5970, 0.2392
(33, 24): 0.1897, 4.4700, 24.5970, 0.2392
(33, 25): 0.1897, 4.4700, 24.5970, 0.2392
(33, 26): 0.1897, 4.4700, 24.5970, 0.2392
(33, 27): 0.1897, 4.4700, 24.5970, 0.2392
(34, 1): 0.1914, 4.4500, 38.4146, 0.1792
(34, 2): 0.1914, 4.4500, 38.4146, 0.1792
(34, 3): 0.1058, 4.4600, 19.1982, 0.2257
(34, 4): 0.1241, 4.5100, 14.6575, 0.2316
(34, 5): 0.1961, 4.4300, 54.8135, 0.1708
(34, 6): 0.2016, 4.4900, 48.9623, 0.1750
(34, 7): 0.1935, 4.4600, 13.4569, 0.2502
(34, 8): 0.1935, 4.4600, 13.4569, 0.2502
(34, 9): 0.1935, 4.4600, 13.4569, 0.2502
(34, 10): 0.1935, 4.4600, 13.4569, 0.2502
(34, 11): 0.1935, 4.4600, 13.4569, 0.2502
(34, 12): 0.1008, 4.4500, 10.3878, 0.3204
(34, 13): 0.1008, 4.4500, 10.3878, 0.3204
(34, 14): 0.2728, 4.4300, 29.0702, 0.2215
(34, 15): 0.2728, 4.4300, 29.0702, 0.2215
(34, 16): 0.2728, 4.4300, 29.0702, 0.2215
(34, 17): 0.2728, 4.4300, 29.0702, 0.2215
(34, 18): 0.2728, 4.4300, 29.0702, 0.2215
(34, 19): 0.2728, 4.4300, 29.0702, 0.2215
(34, 20): 0.3228, 4.4500, 52.4868, 0.2029
(34, 21): 0.3775, 4.4500, 47.3790, 0.1919
(34, 22): 0.1283, 4.4200, 10.1459, 0.3390
(34, 23): 0.1283, 4.4200, 10.1459, 0.3390
(34, 24): 0.1283, 4.4200, 10.1459, 0.3390
(34, 25): 0.1283, 4.4200, 10.1459, 0.3390
(34, 26): 0.1283, 4.4200, 10.1459, 0.3390
(34, 27): 0.1283, 4.4200, 10.1459, 0.3390
(35, 1): 0.1914, 4.4500, 38.4146, 0.1792
(35, 2): 0.1914, 4.4500, 38.4146, 0.1792
(35, 3): 0.1058, 4.4600, 19.1982, 0.2257
(35, 4): 0.1241, 4.5100, 14.6575, 0.2316
(35, 5): 0.1961, 4.4300, 54.8135, 0.1708
(35, 6): 0.2016, 4.4900, 48.9623, 0.1750
(35, 7): 0.1935, 4.4600, 13.4569, 0.2502
(35, 8): 0.1935, 4.4600, 13.4569, 0.2502
(35, 9): 0.1935, 4.4600, 13.4569, 0.2502
(35, 10): 0.1935, 4.4600, 13.4569, 0.2502
(35, 11): 0.1935, 4.4600, 13.4569, 0.2502
(35, 12): 0.1008, 4.4500, 10.3878, 0.3204
(35, 13): 0.2728, 4.4300, 29.0702, 0.2215
(35, 14): 0.2728, 4.4300, 29.0702, 0.2215
(35, 15): 0.2728, 4.4300, 29.0702, 0.2215
(35, 16): 0.2728, 4.4300, 29.0702, 0.2215
(35, 17): 0.2728, 4.4300, 29.0702, 0.2215
(35, 18): 0.2728, 4.4300, 29.0702, 0.2215
(35, 19): 0.2728, 4.4300, 29.0702, 0.2215
(35, 20): 0.3228, 4.4500, 52.4868, 0.2029
(35, 21): 0.3775, 4.4500, 47.3790, 0.1919
(35, 22): 0.1283, 4.4200, 10.1459, 0.3390
(35, 23): 0.1283, 4.4200, 10.1459, 0.3390
(35, 24): 0.1283, 4.4200, 10.1459, 0.3390
(35, 25): 0.1283, 4.4200, 10.1459, 0.3390
(35, 26): 0.1283, 4.4200, 10.1459, 0.3390
(35, 27): 0.1283, 4.4200, 10.1459, 0.3390
(36, 1): 0.1914, 4.4500, 38.4146, 0.1792
(36, 2): 0.1914, 4.4500, 38.4146, 0.1792
(36, 3): 0.1058, 4.4600, 19.1982, 0.2257
(36, 4): 0.1241, 4.5100, 14.6575, 0.2316
(36, 5): 0.1961, 4.4300, 54.8135, 0.1708
(36, 6): 0.2016, 4.4900, 48.9623, 0.1750
(36, 7): 0.1935, 4.4600, 13.4569, 0.2502
(36, 8): 0.1935, 4.4600, 13.4569, 0.2502
(36, 9): 0.1935, 4.4600, 13.4569, 0.2502
(36, 10): 0.1935, 4.4600, 13.4569, 0.2502
(36, 11): 0.1935, 4.4600, 13.4569, 0.2502
(36, 12): 0.2728, 4.4300, 29.0702, 0.2215
(36, 13): 0.2728, 4.4300, 29.0702, 0.2215
(36, 14): 0.2728, 4.4300, 29.0702, 0.2215
(36, 15): 0.2728, 4.4300, 29.0702, 0.2215
(36, 16): 0.2728, 4.4300, 29.0702, 0.2215
(36, 17): 0.2728, 4.4300, 29.0702, 0.2215
(36, 18): 0.2728, 4.4300, 29.0702, 0.2215
(36, 19): 0.2728, 4.4300, 29.0702, 0.2215
(36, 20): 0.3228, 4.4500, 52.4868, 0.2029
(36, 21): 0.3775, 4.4500, 47.3790, 0.1919
(36, 22): 0.1283, 4.4200, 10.1459, 0.3390
(36, 23): 0.1283, 4.4200, 10.1459, 0.3390
(36, 24): 0.1283, 4.4200, 10.1459, 0.3390
(36, 25): 0.1283, 4.4200, 10.1459, 0.3390
(36, 26): 0.1283, 4.4200, 10.1459, 0.3390
(36, 27): 0.1283, 4.4200, 10.1459, 0.3390
(37, 1): 0.1914, 4.4500, 38.4146, 0.1792
(37, 2): 0.1914, 4.4500, 38.4146, 0.1792
(37, 3): 0.1058, 4.4600, 19.1982, 0.2257
(37, 4): 0.1241, 4.5100, 14.6575, 0.2316
(37, 5): 0.1961, 4.4300, 54.8135, 0.1708
(37, 6): 0.2016, 4.4900, 48.9623, 0.1750
(37, 7): 0.1935, 4.4600, 13.4569, 0.2502
(37, 8): 0.1935, 4.4600, 13.4569, 0.2502
(37, 9): 0.1935, 4.4600, 13.4569, 0.2502
(37, 10): 0.1935, 4.4600, 13.4569, 0.2502
(37, 11): 0.1935, 4.4600, 13.4569, 0.2502
(37, 12): 0.2728, 4.4300, 29.0702, 0.2215
(37, 13): 0.2728, 4.4300, 29.0702, 0.2215
(37, 14): 0.2728, 4.4300, 29.0702, 0.2215
(37, 15): 0.2728, 4.4300, 29.0702, 0.2215
(37, 16): 0.2728, 4.4300, 29.0702, 0.2215
(37, 17): 0.2728, 4.4300, 29.0702, 0.2215
(37, 18): 0.2728, 4.4300, 29.0702, 0.2215
(37, 19): 0.2728, 4.4300, 29.0702, 0.2215
(37, 20): 0.3228, 4.4500, 52.4868, 0.2029
(37, 21): 0.3775, 4.4500, 47.3790, 0.1919
(37, 22): 0.1283, 4.4200, 10.1459, 0.3390
(37, 23): 0.1283, 4.4200, 10.1459, 0.3390
(37, 24): 0.1283, 4.4200, 10.1459, 0.3390
(37, 25): 0.1283, 4.4200, 10.1459, 0.3390
(37, 26): 0.1283, 4.4200, 10.1459, 0.3390
(37, 27): 0.1283, 4.4200, 10.1459, 0.3390
