(5, 17): 1.2635, 0.0200, 13.8307, 0.0118
(5, 18): 0.8213, 0.0200, 23.3103, 0.0152
(5, 19): 0.8543, 0.0200, 23.8960, 0.0085
(5, 20): 0.9049, 0.0200, 22.2501, 0.0068
(5, 21): 0.8818, 0.0200, 22.3574, 0.0076
(5, 22): 1.0986, 0.0200, 17.1397, 0.0101
(5, 23): 1.2477, 0.0200, 14.2536, 0.0110
(5, 24): 1.3219, 0.0200, 12.5536, 0.0135
(5, 25): 1.6652, 0.0200, 7.5881, 0.0110
(5, 26): 1.4359, 0.0200, 9.8142, 0.0127
(5, 27): 1.0114, 0.0200, 3.9891, 0.0118
(6, 1): nan, nan, nan, 0.0000
(6, 2): nan, nan, nan, 0.0000
(6, 3): nan, nan, nan, 0.0000
(6, 4): nan, nan, nan, 0.0000
(6, 5): nan, nan, nan, 0.0000
(6, 6): nan, nan, nan, 0.0000
(6, 7): nan, nan, nan, 0.0000
(6, 8): nan, nan, nan, 0.0000
(6, 9): nan, nan, nan, 0.0000
(6, 10): nan, nan, nan, 0.0000
(6, 11): 0.7132, 0.0200, 8.1413, 0.0068
(6, 12): 0.6632, 0.0200, 3.7598, 0.0076
(6, 13): nan, nan, nan, 0.0000
(6, 14): nan, nan, nan, 0.0000
(6, 15): 1.6432, 0.0200, 4.7482, 0.0203
(6, 16): 2.0110, 0.0200, 5.3732, 0.0186
(6, 17): 1.2134, 0.0200, 14.2227, 0.0220
(6, 18): 0.9453, 0.0200, 20.1499, 0.0101
(6, 19): 1.0637, 0.0200, 17.9671, 0.0093
(6, 20): 0.8929, 0.0200, 22.3346, 0.0101
(33, 5): nan, nan, nan, 0.0000
(33, 6): nan, nan, nan, 0.0000
(33, 7): nan, nan, nan, 0.0000
(33, 8): nan, nan, nan, 0.0000
(33, 9): nan, nan, nan, 0.0000
(33, 10): nan, nan, nan, 0.0000
(33, 11): nan, nan, nan, 0.0000
(33, 12): nan, nan, nan, 0.0000
(33, 13): nan, nan, nan, 0.0000
(33, 14): nan, nan, nan, 0.0000
(33, 15): nan, nan, nan, 0.0000
(33, 16): nan, nan, nan, 0.0000
(33, 17): nan, nan, nan, 0.0000
(33, 18): nan, nan, nan, 0.0000
(33, 19): 1.1640, 0.0200, 8.2344, 0.0110
(33, 20): 1.2291, 0.0200, 13.3135, 0.0152
(33, 21): 1.5202, 0.0200, 8.8326, 0.0220
(33, 22): 1.0834, 0.0200, 5.8533, 0.0144
(33, 23): nan, nan, nan, 0.0000
(33, 24): nan, nan, nan, 0.0000
(33, 25): nan, nan, nan, 0.0000
(33, 26): nan, nan, nan, 0.0000
(33, 27): nan, nan, nan, 0.0000
(34, 1): nan, nan, nan, 0.0000
(34, 2): nan, nan, nan, 0.0000
(34, 3): nan, nan, nan, 0.0000
(34, 4): nan, nan, nan, 0.0000
(34, 5): nan, nan, nan, 0.0000
(34, 6): nan, nan, nan, 0.0000
(34, 7): nan, nan, nan, 0.0000
(34, 8): nan, nan, nan, 0.0000
(29, 20): 1.4254, 0.0200, 9.5935, 0.0144
(29, 21): 1.5630, 0.0200, 8.0004, 0.0169
(29, 22): 1.1694, 0.0200, 2.6289, 0.0152
(29, 23): nan, nan, nan, 0.0000
(29, 24): nan, nan, nan, 0.0000
(29, 25): nan, nan, nan, 0.0000
(29, 26): nan, nan, nan, 0.0000
(29, 27): nan, nan, nan, 0.0000
(30, 1): nan, nan, nan, 0.0000
(30, 2): 0.7664, 0.0200, 15.2212, 0.0093
(30, 3): 0.5899, 0.0200, 8.3079, 0.0101
(30, 4): 0.6096, 0.0200, 6.5278, 0.0068
(30, 5): 0.8968, 0.0200, 18.8101, 0.0085
(30, 6): 0.8589, 0.0200, 17.4230, 0.0085
(30, 7): 0.7327, 0.0200, 5.1788, 0.0042
(30, 8): nan, nan, nan, 0.0000
(30, 9): nan, nan, nan, 0.0000
(30, 10): nan, nan, nan, 0.0000
(30, 11): nan, nan, nan, 0.0000
(30, 12): nan, nan, nan, 0.0000
(30, 13): nan, nan, nan, 0.0000
(30, 14): nan, nan, nan, 0.0000
(30, 15): nan, nan, nan, 0.0000
(30, 16): nan, nan, nan, 0.0000
(30, 17): nan, nan, nan, 0.0000
(30, 18): nan, nan, nan, 0.0000
(30, 19): 1.0811, 0.0200, 2.9727, 0.0101
(30, 20): 1.5783, 0.0200, 6.1461, 0.0101
(30, 21): 1.3676, 0.0200, 9.4401, 0.0110
(30, 22): 1.2699, 0.0200, 2.9346, 0.0135
(30, 23): nan, nan, nan, 0.0000
(9, 2): nan, nan, nan, 0.0000
(9, 3): nan, nan, nan, 0.0000
(9, 4): nan, nan, nan, 0.0000
(9, 5): nan, nan, nan, 0.0000
(9, 6): nan, nan, nan, 0.0000
(9, 7): nan, nan, nan, 0.0000
(9, 8): nan, nan, nan, 0.0000
(9, 9): nan, nan, nan, 0.0000
(9, 10): 0.8740, 0.0200, 10.6721, 0.0059
(9, 11): 0.5501, 0.0200, 2.2480, 0.0110
(9, 12): nan, nan, nan, 0.0000
(9, 13): nan, nan, nan, 0.0000
(9, 14): nan, nan, nan, 0.0000
(9, 15): 1.5439, 0.0200, 7.0918, 0.0068
(9, 16): 2.3435, 0.0200, 3.4348, 0.0237
(9, 17): 1.7425, 0.0200, 7.2482, 0.0178
(9, 18): 1.3072, 0.0200, 12.5765, 0.0093
(9, 19): 0.9623, 0.0200, 19.5364, 0.0059
(9, 20): 1.0697, 0.0200, 16.9379, 0.0093
(9, 21): 1.0779, 0.0200, 17.2386, 0.0101
(9, 22): 1.5677, 0.0200, 9.2200, 0.0144
(9, 23): 1.1088, 0.0200, 15.7295, 0.0118
(9, 24): 1.0679, 0.0200, 16.7675, 0.0076
(9, 25): 1.1068, 0.0200, 15.6064, 0.0068
(9, 26): 1.3002, 0.0200, 11.6036, 0.0085
(9, 27): 0.9082, 0.0200, 3.4966, 0.0085
(10, 1): nan, nan, nan, 0.0000
(10, 2): nan, nan, nan, 0.0000
(10, 3): nan, nan, nan, 0.0000
(10, 4): nan, nan, nan, 0.0000
(10, 5): nan, nan, nan, 0.0000
(7, 25): 1.1353, 0.0200, 14.8012, 0.0127
(7, 26): 1.0219, 0.0200, 16.6750, 0.0118
(7, 27): 1.0908, 0.0200, 8.6563, 0.0135
(8, 1): nan, nan, nan, 0.0000
(8, 2): nan, nan, nan, 0.0000
(8, 3): nan, nan, nan, 0.0000
(8, 4): nan, nan, nan, 0.0000
(8, 5): nan, nan, nan, 0.0000
(8, 6): nan, nan, nan, 0.0000
(8, 7): nan, nan, nan, 0.0000
(8, 8): nan, nan, nan, 0.0000
(8, 9): nan, nan, nan, 0.0000
(8, 10): 0.7947, 0.0200, 12.3610, 0.0059
(8, 11): 0.7851, 0.0200, 11.2816, 0.0059
(8, 12): nan, nan, nan, 0.0000
(8, 13): nan, nan, nan, 0.0000
(8, 14): 0.8475, 0.0200, 5.0823, 0.0144
(8, 15): 1.8213, 0.0200, 5.3180, 0.0093
(8, 16): 2.1890, 0.0200, 3.9863, 0.0144
(8, 17): 1.5067, 0.0200, 9.9159, 0.0186
(8, 18): 1.1913, 0.0200, 15.0071, 0.0085
(8, 19): 0.9867, 0.0200, 19.3054, 0.0110
(8, 20): 0.9352, 0.0200, 20.4230, 0.0093
(8, 21): 1.0954, 0.0200, 17.0851, 0.0059
(8, 22): 1.0330, 0.0200, 18.4069, 0.0101
(8, 23): 1.0521, 0.0200, 17.6587, 0.0127
(8, 24): 1.0029, 0.0200, 17.4464, 0.0042
(8, 25): 1.0676, 0.0200, 16.0021, 0.0135
(8, 26): 1.0932, 0.0200, 15.0662, 0.0093
(8, 27): 1.1704, 0.0200, 6.9383, 0.0110
(9, 1): nan, nan, nan, 0.0000
(12, 14): 0.9685, 0.0200, 8.7936, 0.0076
(12, 15): nan, nan, nan, 0.0000
(12, 16): 1.4167, 0.0200, 2.3561, 0.0152
(12, 17): 1.5374, 0.0200, 8.4489, 0.0169
(12, 18): 1.1291, 0.0200, 14.7518, 0.0076
(12, 19): 1.1717, 0.0200, 13.9485, 0.0076
(12, 20): 1.0983, 0.0200, 15.3974, 0.0093
(12, 21): 1.1592, 0.0200, 14.5900, 0.0034
(12, 22): 0.9560, 0.0200, 19.4456, 0.0101
(12, 23): 1.0395, 0.0200, 16.8746, 0.0051
(12, 24): 1.1221, 0.0200, 12.8212, 0.0118
(12, 25): 0.8320, 0.0200, 5.2254, 0.0161
(12, 26): 0.8422, 0.0200, 4.7497, 0.0110
(12, 27): nan, nan, nan, 0.0000
(13, 1): nan, nan, nan, 0.0000
(13, 2): nan, nan, nan, 0.0000
(13, 3): nan, nan, nan, 0.0000
(13, 4): nan, nan, nan, 0.0000
(13, 5): nan, nan, nan, 0.0000
(13, 6): nan, nan, nan, 0.0000
(13, 7): nan, nan, nan, 0.0000
(13, 8): nan, nan, nan, 0.0000
(13, 9): nan, nan, nan, 0.0000
(13, 10): 0.9188, 0.0200, 22.5988, 0.0101
(13, 11): 1.1513, 0.0200, 16.8085, 0.0110
(13, 12): 1.0758, 0.0200, 17.0511, 0.0135
(13, 13): 1.0671, 0.0200, 13.5704, 0.0101
(13, 14): 0.6956, 0.0200, 3.7235, 0.0127
(13, 15): nan, nan, nan, 0.0000
(13, 16): 1.1238, 0.0200, 1.7497, 0.0228
(13, 17): 1.9142, 0.0200, 4.0068, 0.0152
(6, 21): 0.9944, 0.0200, 19.5626, 0.0059
(6, 22): 1.3113, 0.0200, 13.5196, 0.0085
(6, 23): 1.2805, 0.0200, 13.7882, 0.0085
(6, 24): 1.5071, 0.0200, 9.8114, 0.0093
(6, 25): 1.4309, 0.0200, 10.8116, 0.0110
(6, 26): 1.1344, 0.0200, 15.0183, 0.0051
(6, 27): 1.0871, 0.0200, 4.5079, 0.0068
(7, 1): nan, nan, nan, 0.0000
(7, 2): nan, nan, nan, 0.0000
(7, 3): nan, nan, nan, 0.0000
(7, 4): nan, nan, nan, 0.0000
(7, 5): nan, nan, nan, 0.0000
(7, 6): nan, nan, nan, 0.0000
(7, 7): nan, nan, nan, 0.0000
(7, 8): nan, nan, nan, 0.0000
(7, 9): nan, nan, nan, 0.0000
(7, 10): 0.4847, 0.0200, 2.3664, 0.0169
(7, 11): 0.7176, 0.0200, 8.4031, 0.0144
(7, 12): nan, nan, nan, 0.0000
(7, 13): nan, nan, nan, 0.0000
(7, 14): nan, nan, nan, 0.0000
(7, 15): 1.8983, 0.0200, 4.9653, 0.0194
(7, 16): 1.9903, 0.0200, 5.1581, 0.0186
(7, 17): 1.0866, 0.0200, 16.3513, 0.0144
(7, 18): 0.9707, 0.0200, 19.6805, 0.0127
(7, 19): 1.1472, 0.0200, 16.0689, 0.0144
(7, 20): 0.9841, 0.0200, 19.7900, 0.0085
(7, 21): 0.9583, 0.0200, 21.0132, 0.0161
(7, 22): 1.2880, 0.0200, 14.2612, 0.0059
(7, 23): 1.1611, 0.0200, 15.8200, 0.0144
(7, 24): 1.0261, 0.0200, 17.7626, 0.0118
(19, 11): 1.1920, 0.0200, 15.7488, 0.0101
(19, 12): 1.1158, 0.0200, 16.9619, 0.0051
(19, 13): 1.0096, 0.0200, 18.8797, 0.0051
(19, 14): 1.0355, 0.0200, 18.3203, 0.0068
(19, 15): 1.0352, 0.0200, 18.6198, 0.0051
(19, 16): 0.9876, 0.0200, 19.3307, 0.0068
(19, 17): 0.9413, 0.0200, 20.1041, 0.0068
(19, 18): 0.9708, 0.0200, 20.3857, 0.0118
(19, 19): 1.9044, 0.0200, 6.2203, 0.0161
(19, 20): 1.0019, 0.0200, 18.4505, 0.0152
(19, 21): 0.8238, 0.0200, 21.7872, 0.0110
(19, 22): 0.8310, 0.0200, 21.1791, 0.0051
(19, 23): 1.0420, 0.0200, 16.5330, 0.0017
(19, 24): 0.8469, 0.0200, 21.0008, 0.0093
(19, 25): 0.7743, 0.0200, 14.7770, 0.0085
(19, 26): 0.4969, 0.0200, 2.2892, 0.0169
(19, 27): nan, nan, nan, 0.0000
(20, 1): nan, nan, nan, 0.0000
(20, 2): nan, nan, nan, 0.0000
(20, 3): nan, nan, nan, 0.0000
(20, 4): nan, nan, nan, 0.0000
(20, 5): nan, nan, nan, 0.0000
(20, 6): nan, nan, nan, 0.0000
(20, 7): 0.5989, 0.0200, 6.6439, 0.0127
(20, 8): 1.4322, 0.0200, 13.1660, 0.0178
(20, 9): 1.3751, 0.0200, 13.5767, 0.0127
(20, 10): 0.8690, 0.0200, 24.7762, 0.0169
(20, 11): 1.0512, 0.0200, 19.0323, 0.0076
(20, 12): 0.9924, 0.0200, 19.8720, 0.0085
(20, 13): 0.9868, 0.0200, 18.9469, 0.0068
(20, 14): 1.1035, 0.0200, 16.3451, 0.0059
(22, 23): nan, nan, nan, 0.0000
(22, 24): nan, nan, nan, 0.0000
(22, 25): nan, nan, nan, 0.0000
(22, 26): nan, nan, nan, 0.0000
(22, 27): nan, nan, nan, 0.0000
(23, 1): nan, nan, nan, 0.0000
(23, 2): nan, nan, nan, 0.0000
(23, 3): nan, nan, nan, 0.0000
(23, 4): nan, nan, nan, 0.0000
(23, 5): 0.6382, 0.0200, 7.9093, 0.0101
(23, 6): 0.8608, 0.0200, 13.2394, 0.0178
(23, 7): 0.8564, 0.0200, 17.6915, 0.0076
(23, 8): 0.8577, 0.0200, 23.2145, 0.0178
(23, 9): 0.8374, 0.0200, 24.6407, 0.0144
(23, 10): 1.6800, 0.0200, 8.5632, 0.0152
(23, 11): 1.8992, 0.0200, 5.6004, 0.0085
(23, 12): 1.4315, 0.0200, 11.8688, 0.0127
(23, 13): 1.0863, 0.0200, 16.0856, 0.0101
(23, 14): 1.0898, 0.0200, 15.9449, 0.0093
(23, 15): 1.2504, 0.0200, 13.2359, 0.0127
(23, 16): 1.5773, 0.0200, 8.6587, 0.0110
(23, 17): 1.9094, 0.0200, 5.3552, 0.0152
(23, 18): 1.8635, 0.0200, 5.7495, 0.0127
(23, 19): 1.3721, 0.0200, 10.8941, 0.0101
(23, 20): 1.4138, 0.0200, 8.3355, 0.0101
(23, 21): nan, nan, nan, 0.0000
(23, 22): nan, nan, nan, 0.0000
(23, 23): nan, nan, nan, 0.0000
(23, 24): nan, nan, nan, 0.0000
(23, 25): nan, nan, nan, 0.0000
(23, 26): nan, nan, nan, 0.0000
(32, 1): nan, nan, nan, 0.0000
(32, 2): nan, nan, nan, 0.0000
(32, 3): nan, nan, nan, 0.0000
(32, 4): nan, nan, nan, 0.0000
(32, 5): nan, nan, nan, 0.0000
(32, 6): nan, nan, nan, 0.0000
(32, 7): nan, nan, nan, 0.0000
(32, 8): nan, nan, nan, 0.0000
(32, 9): nan, nan, nan, 0.0000
(32, 10): nan, nan, nan, 0.0000
(32, 11): nan, nan, nan, 0.0000
(32, 12): nan, nan, nan, 0.0000
(32, 13): nan, nan, nan, 0.0000
(32, 14): nan, nan, nan, 0.0000
(32, 15): nan, nan, nan, 0.0000
(32, 16): nan, nan, nan, 0.0000
(32, 17): nan, nan, nan, 0.0000
(32, 18): nan, nan, nan, 0.0000
(32, 19): 0.8701, 0.0200, 4.0424, 0.0093
(32, 20): 1.1986, 0.0200, 13.2910, 0.0152
(32, 21): 1.1566, 0.0200, 8.8501, 0.0110
(32, 22): 0.8588, 0.0200, 2.6780, 0.0144
(32, 23): nan, nan, nan, 0.0000
(32, 24): nan, nan, nan, 0.0000
(32, 25): nan, nan, nan, 0.0000
(32, 26): nan, nan, nan, 0.0000
(32, 27): nan, nan, nan, 0.0000
(33, 1): nan, nan, nan, 0.0000
(33, 2): nan, nan, nan, 0.0000
(33, 3): nan, nan, nan, 0.0000
(33, 4): nan, nan, nan, 0.0000
(27, 12): 1.0116, 0.0200, 7.6586, 0.0068
(27, 13): 1.3041, 0.0200, 9.8515, 0.0135
(27, 14): 1.2719, 0.0200, 8.1100, 0.0085
(27, 15): 1.4837, 0.0200, 9.7228, 0.0093
(27, 16): 1.5737, 0.0200, 8.2450, 0.0135
(27, 17): 1.7693, 0.0200, 6.1424, 0.0101
(27, 18): 1.4988, 0.0200, 8.6885, 0.0144
(27, 19): 1.7062, 0.0200, 6.6743, 0.0152
(27, 20): 1.4534, 0.0200, 9.0480, 0.0085
(27, 21): 1.2947, 0.0200, 11.1347, 0.0169
(27, 22): 1.5758, 0.0200, 6.0376, 0.0085
(27, 23): nan, nan, nan, 0.0000
(27, 24): nan, nan, nan, 0.0000
(27, 25): nan, nan, nan, 0.0000
(27, 26): nan, nan, nan, 0.0000
(27, 27): nan, nan, nan, 0.0000
(28, 1): nan, nan, nan, 0.0000
(28, 2): 0.4263, 0.0200, 2.6739, 0.0101
(28, 3): 0.6419, 0.0200, 13.7686, 0.0169
(28, 4): 0.7733, 0.0200, 12.1986, 0.0135
(28, 5): 0.8124, 0.0200, 19.6151, 0.0034
(28, 6): 0.8225, 0.0200, 10.3671, 0.0025
(28, 7): 0.9018, 0.0200, 9.7000, 0.0110
(28, 8): 0.9004, 0.0200, 14.9384, 0.0101
(28, 9): 1.0353, 0.0200, 9.7925, 0.0059
(28, 10): nan, nan, nan, 0.0000
(28, 11): nan, nan, nan, 0.0000
(28, 12): nan, nan, nan, 0.0000
(28, 13): nan, nan, nan, 0.0000
(28, 14): 1.0709, 0.0200, 3.2117, 0.0127
(28, 15): 1.7084, 0.0200, 6.8008, 0.0135
(13, 18): 1.0822, 0.0200, 13.8821, 0.0161
(13, 19): 0.9651, 0.0200, 17.8668, 0.0127
(13, 20): 0.9807, 0.0200, 17.3048, 0.0110
(13, 21): 1.0175, 0.0200, 17.1664, 0.0118
(13, 22): 0.8674, 0.0200, 20.8776, 0.0101
(13, 23): 0.8385, 0.0200, 20.5333, 0.0101
(13, 24): 1.0706, 0.0200, 12.7404, 0.0085
(13, 25): 0.6395, 0.0200, 1.5653, 0.0135
(13, 26): nan, nan, nan, 0.0000
(13, 27): nan, nan, nan, 0.0000
(14, 1): nan, nan, nan, 0.0000
(14, 2): nan, nan, nan, 0.0000
(14, 3): nan, nan, nan, 0.0000
(14, 4): nan, nan, nan, 0.0000
(14, 5): nan, nan, nan, 0.0000
(14, 6): nan, nan, nan, 0.0000
(14, 7): nan, nan, nan, 0.0000
(14, 8): nan, nan, nan, 0.0000
(14, 9): nan, nan, nan, 0.0000
(14, 10): 0.9604, 0.0200, 21.9920, 0.0093
(14, 11): 1.2505, 0.0200, 15.5869, 0.0161
(14, 12): 1.1973, 0.0200, 14.7792, 0.0254
(14, 13): 0.7463, 0.0200, 1.7359, 0.0194
(14, 14): nan, nan, nan, 0.0000
(14, 15): 0.6670, 0.0200, 1.7184, 0.0270
(14, 16): 1.7576, 0.0200, 4.4700, 0.0161
(14, 17): 2.1540, 0.0200, 3.8818, 0.0127
(14, 18): 1.3964, 0.0200, 10.8289, 0.0178
(14, 19): 0.8332, 0.0200, 21.3906, 0.0118
(14, 20): 1.0690, 0.0200, 15.5567, 0.0144
(14, 21): 0.9198, 0.0200, 18.7130, 0.0085
(21, 19): 1.1628, 0.0200, 14.7993, 0.0118
(21, 20): 1.2054, 0.0200, 13.7309, 0.0076
(21, 21): 1.0653, 0.0200, 13.0993, 0.0059
(21, 22): 1.2858, 0.0200, 9.9766, 0.0110
(21, 23): 1.0920, 0.0200, 12.7571, 0.0101
(21, 24): 0.7955, 0.0200, 9.1056, 0.0144
(21, 25): nan, nan, nan, 0.0000
(21, 26): nan, nan, nan, 0.0000
(21, 27): nan, nan, nan, 0.0000
(22, 1): nan, nan, nan, 0.0000
(22, 2): nan, nan, nan, 0.0000
(22, 3): nan, nan, nan, 0.0000
(22, 4): nan, nan, nan, 0.0000
(22, 5): nan, nan, nan, 0.0000
(22, 6): 1.1293, 0.0200, 10.9501, 0.0068
(22, 7): 1.0773, 0.0200, 18.4312, 0.0118
(22, 8): 0.7889, 0.0200, 27.3600, 0.0127
(22, 9): 1.5548, 0.0200, 10.4865, 0.0237
(22, 10): 1.8135, 0.0200, 7.0658, 0.0144
(22, 11): 0.9490, 0.0200, 20.8574, 0.0076
(22, 12): 0.8135, 0.0200, 23.2677, 0.0076
(22, 13): 1.0309, 0.0200, 17.4401, 0.0059
(22, 14): 0.9271, 0.0200, 19.7673, 0.0068
(22, 15): 1.1368, 0.0200, 15.0647, 0.0017
(22, 16): 1.2119, 0.0200, 13.9258, 0.0068
(22, 17): 1.3190, 0.0200, 12.1462, 0.0068
(22, 18): 1.8773, 0.0200, 5.9303, 0.0093
(22, 19): 2.0489, 0.0200, 4.7947, 0.0178
(22, 20): 1.2648, 0.0200, 9.1064, 0.0194
(22, 21): 1.0152, 0.0200, 2.1553, 0.0144
(22, 22): nan, nan, nan, 0.0000
(14, 22): 0.8453, 0.0200, 20.5947, 0.0076
(14, 23): 0.8399, 0.0200, 20.3841, 0.0051
(14, 24): 0.8911, 0.0200, 17.1436, 0.0068
(14, 25): 0.7550, 0.0200, 10.8206, 0.0051
(14, 26): 0.7286, 0.0200, 11.7950, 0.0110
(14, 27): 0.5404, 0.0200, 1.6814, 0.0093
(15, 1): nan, nan, nan, 0.0000
(15, 2): nan, nan, nan, 0.0000
(15, 3): nan, nan, nan, 0.0000
(15, 4): nan, nan, nan, 0.0000
(15, 5): nan, nan, nan, 0.0000
(15, 6): nan, nan, nan, 0.0000
(15, 7): nan, nan, nan, 0.0000
(15, 8): nan, nan, nan, 0.0000
(15, 9): 0.9221, 0.0200, 4.5257, 0.0152
(15, 10): 2.2882, 0.0200, 4.2661, 0.0186
(15, 11): 2.4582, 0.0200, 3.5063, 0.0203
(15, 12): 1.7241, 0.0200, 7.4959, 0.0127
(15, 13): 1.4715, 0.0200, 3.3925, 0.0135
(15, 14): 0.6228, 0.0200, 1.9661, 0.0228
(15, 15): 1.4998, 0.0200, 7.6538, 0.0144
(15, 16): 2.1674, 0.0200, 4.3696, 0.0203
(15, 17): 1.9996, 0.0200, 4.4121, 0.0144
(15, 18): 1.9319, 0.0200, 4.8299, 0.0135
(15, 19): 1.0544, 0.0200, 16.3781, 0.0076
(15, 20): 0.9425, 0.0200, 18.2878, 0.0051
(15, 21): 0.8755, 0.0200, 19.5262, 0.0068
(15, 22): 0.8053, 0.0200, 21.5466, 0.0085
(15, 23): 0.7732, 0.0200, 22.3390, 0.0085
(15, 24): 1.0474, 0.0200, 15.5218, 0.0025
(15, 25): 0.9329, 0.0200, 18.0846, 0.0042
(18, 7): nan, nan, nan, 0.0000
(18, 8): 0.5249, 0.0200, 2.5400, 0.0152
(18, 9): 1.4745, 0.0200, 10.9873, 0.0254
(18, 10): 1.7039, 0.0200, 8.9848, 0.0203
(18, 11): 1.3973, 0.0200, 12.4236, 0.0127
(18, 12): 1.1279, 0.0200, 17.2616, 0.0118
(18, 13): 1.0768, 0.0200, 17.9623, 0.0118
(18, 14): 1.1235, 0.0200, 17.0346, 0.0093
(18, 15): 1.0250, 0.0200, 19.2136, 0.0110
(18, 16): 0.9931, 0.0200, 18.9141, 0.0059
(18, 17): 1.0077, 0.0200, 18.6022, 0.0076
(18, 18): 1.4385, 0.0200, 11.0917, 0.0118
(18, 19): 2.0347, 0.0200, 5.1134, 0.0203
(18, 20): 0.7702, 0.0200, 24.6120, 0.0085
(18, 21): 0.8213, 0.0200, 21.6021, 0.0093
(18, 22): 0.8804, 0.0200, 19.2469, 0.0076
(18, 23): 0.9629, 0.0200, 17.5022, 0.0101
(18, 24): 0.8336, 0.0200, 20.5836, 0.0025
(18, 25): 0.8023, 0.0200, 18.6283, 0.0068
(18, 26): 0.6486, 0.0200, 4.9850, 0.0068
(18, 27): nan, nan, nan, 0.0000
(19, 1): nan, nan, nan, 0.0000
(19, 2): nan, nan, nan, 0.0000
(19, 3): nan, nan, nan, 0.0000
(19, 4): nan, nan, nan, 0.0000
(19, 5): nan, nan, nan, 0.0000
(19, 6): nan, nan, nan, 0.0000
(19, 7): nan, nan, nan, 0.0000
(19, 8): 0.7296, 0.0200, 14.8585, 0.0085
(19, 9): 2.2323, 0.0200, 4.5821, 0.0169
(19, 10): 0.8497, 0.0200, 25.6143, 0.0186
(36, 17): nan, nan, nan, 0.0000
(36, 18): nan, nan, nan, 0.0000
(36, 19): nan, nan, nan, 0.0000
(36, 20): nan, nan, nan, 0.0000
(36, 21): nan, nan, nan, 0.0000
(36, 22): nan, nan, nan, 0.0000
(36, 23): nan, nan, nan, 0.0000
(36, 24): nan, nan, nan, 0.0000
(36, 25): nan, nan, nan, 0.0000
(36, 26): nan, nan, nan, 0.0000
(36, 27): nan, nan, nan, 0.0000
(37, 1): nan, nan, nan, 0.0000
(37, 2): nan, nan, nan, 0.0000
(37, 3): nan, nan, nan, 0.0000
(37, 4): nan, nan, nan, 0.0000
(37, 5): nan, nan, nan, 0.0000
(37, 6): nan, nan, nan, 0.0000
(37, 7): nan, nan, nan, 0.0000
(37, 8): nan, nan, nan, 0.0000
(37, 9): nan, nan, nan, 0.0000
(37, 10): nan, nan, nan, 0.0000
(37, 11): nan, nan, nan, 0.0000
(37, 12): nan, nan, nan, 0.0000
(37, 13): nan, nan, nan, 0.0000
(37, 14): nan, nan, nan, 0.0000
(37, 15): nan, nan, nan, 0.0000
(37, 16): nan, nan, nan, 0.0000
(37, 17): nan, nan, nan, 0.0000
(37, 18): nan, nan, nan, 0.0000
(37, 19): nan, nan, nan, 0.0000
(37, 20): nan, nan, nan, 0.0000
(37, 21): nan, nan, nan, 0.0000
(37, 22): nan, nan, nan, 0.0000
(37, 23): nan, nan, nan, 0.0000
(37, 24): nan, nan, nan, 0.0000
(37, 25): nan, nan, nan, 0.0000
(37, 26): nan, nan, nan, 0.0000
(37, 27): nan, nan, nan, 0.0000
(35, 13): nan, nan, nan, 0.0000
(35, 14): nan, nan, nan, 0.0000
(35, 15): nan, nan, nan, 0.0000
(35, 16): nan, nan, nan, 0.0000
(35, 17): nan, nan, nan, 0.0000
(35, 18): nan, nan, nan, 0.0000
(35, 19): nan, nan, nan, 0.0000
(35, 20): nan, nan, nan, 0.0000
(35, 21): nan, nan, nan, 0.0000
(35, 22): nan, nan, nan, 0.0000
(35, 23): nan, nan, nan, 0.0000
(35, 24): nan, nan, nan, 0.0000
(35, 25): nan, nan, nan, 0.0000
(35, 26): nan, nan, nan, 0.0000
(35, 27): nan, nan, nan, 0.0000
(36, 1): nan, nan, nan, 0.0000
(36, 2): nan, nan, nan, 0.0000
(36, 3): nan, nan, nan, 0.0000
(36, 4): nan, nan, nan, 0.0000
(36, 5): nan, nan, nan, 0.0000
(36, 6): nan, nan, nan, 0.0000
(36, 7): nan, nan, nan, 0.0000
(36, 8): nan, nan, nan, 0.0000
(36, 9): nan, nan, nan, 0.0000
(36, 10): nan, nan, nan, 0.0000
(36, 11): nan, nan, nan, 0.0000
(36, 12): nan, nan, nan, 0.0000
(36, 13): nan, nan, nan, 0.0000
(36, 14): nan, nan, nan, 0.0000
(36, 15): nan, nan, nan, 0.0000
(36, 16): nan, nan, nan, 0.0000
(3, 9): nan, nan, nan, 0.0000
(3, 10): nan, nan, nan, 0.0000
(3, 11): nan, nan, nan, 0.0000
(3, 12): nan, nan, nan, 0.0000
(3, 13): nan, nan, nan, 0.0000
(3, 14): nan, nan, nan, 0.0000
(3, 15): nan, nan, nan, 0.0000
(3, 16): 0.6820, 0.0200, 7.0646, 0.0076
(3, 17): 1.1216, 0.0200, 4.0407, 0.0093
(3, 18): 0.6337, 0.0200, 3.6765, 0.0161
(3, 19): 0.7003, 0.0200, 6.6211, 0.0068
(3, 20): 0.5037, 0.0200, 4.2904, 0.0152
(3, 21): 0.5535, 0.0200, 6.3281, 0.0203
(3, 22): 0.7089, 0.0200, 15.6443, 0.0135
(3, 23): 1.0507, 0.0200, 16.6213, 0.0085
(3, 24): 0.9349, 0.0200, 15.5800, 0.0110
(3, 25): nan, nan, nan, 0.0000
(3, 26): nan, nan, nan, 0.0000
(3, 27): nan, nan, nan, 0.0000
(4, 1): nan, nan, nan, 0.0000
(4, 2): nan, nan, nan, 0.0000
(4, 3): nan, nan, nan, 0.0000
(4, 4): nan, nan, nan, 0.0000
(4, 5): nan, nan, nan, 0.0000
(4, 6): nan, nan, nan, 0.0000
(4, 7): nan, nan, nan, 0.0000
(4, 8): nan, nan, nan, 0.0000
(4, 9): nan, nan, nan, 0.0000
(4, 10): nan, nan, nan, 0.0000
(4, 11): nan, nan, nan, 0.0000
(4, 12): nan, nan, nan, 0.0000
(1, 1): nan, nan, nan, 0.0000
(1, 2): nan, nan, nan, 0.0000
(1, 3): nan, nan, nan, 0.0000
(1, 4): nan, nan, nan, 0.0000
(1, 5): nan, nan, nan, 0.0000
(1, 6): nan, nan, nan, 0.0000
(1, 7): nan, nan, nan, 0.0000
(1, 8): nan, nan, nan, 0.0000
(1, 9): nan, nan, nan, 0.0000
(1, 10): nan, nan, nan, 0.0000
(1, 11): nan, nan, nan, 0.0000
(1, 12): nan, nan, nan, 0.0000
(1, 13): nan, nan, nan, 0.0000
(1, 14): nan, nan, nan, 0.0000
(1, 15): nan, nan, nan, 0.0000
(1, 16): nan, nan, nan, 0.0000
(1, 17): nan, nan, nan, 0.0000
(1, 18): nan, nan, nan, 0.0000
(1, 19): nan, nan, nan, 0.0000
(1, 20): nan, nan, nan, 0.0000
(1, 21): nan, nan, nan, 0.0000
(1, 22): nan, nan, nan, 0.0000
(1, 23): nan, nan, nan, 0.0000
(1, 24): nan, nan, nan, 0.0000
(1, 25): nan, nan, nan, 0.0000
(1, 26): nan, nan, nan, 0.0000
(1, 27): nan, nan, nan, 0.0000
(2, 1): nan, nan, nan, 0.0000
(2, 2): nan, nan, nan, 0.0000
(2, 3): nan, nan, nan, 0.0000
(2, 4): nan, nan, nan, 0.0000
(28, 16): 1.5386, 0.0200, 8.8994, 0.0101
(28, 17): 1.4444, 0.0200, 9.9276, 0.0076
(28, 18): 1.3066, 0.0200, 11.2004, 0.0127
(28, 19): 1.3971, 0.0200, 9.7308, 0.0118
(28, 20): 1.3966, 0.0200, 9.8052, 0.0161
(28, 21): 1.3961, 0.0200, 10.2320, 0.0127
(28, 22): 1.1691, 0.0200, 5.2470, 0.0127
(28, 23): nan, nan, nan, 0.0000
(28, 24): nan, nan, nan, 0.0000
(28, 25): nan, nan, nan, 0.0000
(28, 26): nan, nan, nan, 0.0000
(28, 27): nan, nan, nan, 0.0000
(29, 1): nan, nan, nan, 0.0000
(29, 2): 0.9643, 0.0200, 19.1354, 0.0076
(29, 3): 0.8302, 0.0200, 25.6890, 0.0068
(29, 4): 0.7097, 0.0200, 24.1406, 0.0051
(29, 5): 0.8515, 0.0200, 16.4143, 0.0118
(29, 6): 0.9184, 0.0200, 22.4920, 0.0042
(29, 7): 0.8953, 0.0200, 17.1013, 0.0085
(29, 8): 0.7021, 0.0200, 1.7662, 0.0118
(29, 9): nan, nan, nan, 0.0000
(29, 10): nan, nan, nan, 0.0000
(29, 11): nan, nan, nan, 0.0000
(29, 12): nan, nan, nan, 0.0000
(29, 13): nan, nan, nan, 0.0000
(29, 14): nan, nan, nan, 0.0000
(29, 15): 1.1103, 0.0200, 2.0590, 0.0110
(29, 16): 1.2969, 0.0200, 4.7227, 0.0042
(29, 17): 0.8730, 0.0200, 1.3783, 0.0169
(29, 18): 1.6715, 0.0200, 5.5344, 0.0059
(29, 19): 1.5509, 0.0200, 8.3118, 0.0144
(4, 13): 0.7249, 0.0200, 5.1856, 0.0118
(4, 14): 0.9829, 0.0200, 8.5672, 0.0068
(4, 15): 0.7364, 0.0200, 4.9374, 0.0135
(4, 16): 0.6878, 0.0200, 5.4583, 0.0110
(4, 17): 0.7499, 0.0200, 4.9471, 0.0178
(4, 18): 0.9292, 0.0200, 12.8337, 0.0110
(4, 19): 0.7620, 0.0200, 20.7284, 0.0127
(4, 20): 0.8073, 0.0200, 24.3048, 0.0068
(4, 21): 0.9898, 0.0200, 19.5418, 0.0101
(4, 22): 0.8926, 0.0200, 22.5019, 0.0076
(4, 23): 0.9303, 0.0200, 20.5152, 0.0059
(4, 24): 1.1016, 0.0200, 16.3816, 0.0068
(4, 25): 1.0610, 0.0200, 10.3354, 0.0118
(4, 26): 0.6155, 0.0200, 3.6555, 0.0110
(4, 27): nan, nan, nan, 0.0000
(5, 1): nan, nan, nan, 0.0000
(5, 2): nan, nan, nan, 0.0000
(5, 3): nan, nan, nan, 0.0000
(5, 4): nan, nan, nan, 0.0000
(5, 5): nan, nan, nan, 0.0000
(5, 6): nan, nan, nan, 0.0000
(5, 7): nan, nan, nan, 0.0000
(5, 8): nan, nan, nan, 0.0000
(5, 9): nan, nan, nan, 0.0000
(5, 10): nan, nan, nan, 0.0000
(5, 11): nan, nan, nan, 0.0000
(5, 12): nan, nan, nan, 0.0000
(5, 13): 0.7827, 0.0200, 6.4668, 0.0101
(5, 14): nan, nan, nan, 0.0000
(5, 15): nan, nan, nan, 0.0000
(5, 16): 1.0657, 0.0200, 8.5460, 0.0118
(17, 3): nan, nan, nan, 0.0000
(17, 4): nan, nan, nan, 0.0000
(17, 5): nan, nan, nan, 0.0000
(17, 6): nan, nan, nan, 0.0000
(17, 7): nan, nan, nan, 0.0000
(17, 8): nan, nan, nan, 0.0000
(17, 9): 1.3309, 0.0200, 9.4390, 0.0135
(17, 10): 1.6346, 0.0200, 9.3624, 0.0169
(17, 11): 1.1969, 0.0200, 16.3849, 0.0161
(17, 12): 1.7058, 0.0200, 8.3726, 0.0093
(17, 13): 1.0804, 0.0200, 14.6407, 0.0127
(17, 14): 1.2824, 0.0200, 10.6915, 0.0101
(17, 15): 1.6851, 0.0200, 6.9747, 0.0093
(17, 16): 1.4085, 0.0200, 9.8540, 0.0118
(17, 17): 1.1120, 0.0200, 16.7104, 0.0135
(17, 18): 1.4337, 0.0200, 11.1645, 0.0144
(17, 19): 1.6956, 0.0200, 7.9967, 0.0178
(17, 20): 0.8874, 0.0200, 20.7441, 0.0076
(17, 21): 0.9352, 0.0200, 18.8482, 0.0085
(17, 22): 0.8151, 0.0200, 21.5745, 0.0059
(17, 23): 0.8158, 0.0200, 21.2188, 0.0059
(17, 24): 0.7773, 0.0200, 22.1117, 0.0025
(17, 25): 0.8998, 0.0200, 18.8739, 0.0144
(17, 26): 1.1083, 0.0200, 12.1583, 0.0161
(17, 27): nan, nan, nan, 0.0000
(18, 1): nan, nan, nan, 0.0000
(18, 2): nan, nan, nan, 0.0000
(18, 3): nan, nan, nan, 0.0000
(18, 4): nan, nan, nan, 0.0000
(18, 5): nan, nan, nan, 0.0000
(18, 6): nan, nan, nan, 0.0000
(23, 27): nan, nan, nan, 0.0000
(24, 1): nan, nan, nan, 0.0000
(24, 2): nan, nan, nan, 0.0000
(24, 3): nan, nan, nan, 0.0000
(24, 4): 0.6241, 0.0200, 5.7963, 0.0127
(24, 5): 0.7092, 0.0200, 10.1165, 0.0110
(24, 6): 0.7217, 0.0200, 10.3297, 0.0110
(24, 7): 0.9851, 0.0200, 17.2957, 0.0076
(24, 8): 0.8317, 0.0200, 15.4088, 0.0085
(24, 9): 0.9113, 0.0200, 17.6054, 0.0076
(24, 10): 0.8531, 0.0200, 18.2946, 0.0085
(24, 11): 1.9167, 0.0200, 5.8804, 0.0178
(24, 12): 2.0255, 0.0200, 5.2070, 0.0161
(24, 13): 1.4354, 0.0200, 10.2611, 0.0144
(24, 14): 1.7233, 0.0200, 7.1809, 0.0144
(24, 15): 2.1772, 0.0200, 4.0648, 0.0194
(24, 16): 2.0743, 0.0200, 4.0210, 0.0127
(24, 17): 2.0983, 0.0200, 3.9673, 0.0127
(24, 18): 1.6549, 0.0200, 7.3569, 0.0203
(24, 19): 1.4049, 0.0200, 10.0859, 0.0144
(24, 20): 1.4260, 0.0200, 9.6079, 0.0127
(24, 21): 1.1432, 0.0200, 8.1183, 0.0110
(24, 22): nan, nan, nan, 0.0000
(24, 23): nan, nan, nan, 0.0000
(24, 24): nan, nan, nan, 0.0000
(24, 25): nan, nan, nan, 0.0000
(24, 26): nan, nan, nan, 0.0000
(24, 27): nan, nan, nan, 0.0000
(25, 1): nan, nan, nan, 0.0000
(25, 2): nan, nan, nan, 0.0000
(25, 3): nan, nan, nan, 0.0000
(20, 15): 1.0169, 0.0200, 18.3738, 0.0034
(20, 16): 1.0611, 0.0200, 17.6165, 0.0085
(20, 17): 1.0248, 0.0200, 18.1567, 0.0034
(20, 18): 1.0992, 0.0200, 16.9115, 0.0101
(20, 19): 1.3149, 0.0200, 12.8448, 0.0101
(20, 20): 1.0187, 0.0200, 17.9268, 0.0076
(20, 21): 0.9164, 0.0200, 19.6787, 0.0025
(20, 22): 1.0564, 0.0200, 16.7409, 0.0059
(20, 23): 1.0262, 0.0200, 17.6133, 0.0068
(20, 24): 1.0593, 0.0200, 17.1450, 0.0034
(20, 25): 0.8911, 0.0200, 20.2056, 0.0068
(20, 26): 0.6846, 0.0200, 5.3944, 0.0051
(20, 27): nan, nan, nan, 0.0000
(21, 1): nan, nan, nan, 0.0000
(21, 2): nan, nan, nan, 0.0000
(21, 3): nan, nan, nan, 0.0000
(21, 4): nan, nan, nan, 0.0000
(21, 5): nan, nan, nan, 0.0000
(21, 6): 0.7597, 0.0200, 5.4564, 0.0144
(21, 7): 0.9966, 0.0200, 18.2495, 0.0085
(21, 8): 0.9758, 0.0200, 22.4741, 0.0178
(21, 9): 1.2331, 0.0200, 16.2045, 0.0135
(21, 10): 1.0822, 0.0200, 18.9538, 0.0093
(21, 11): 1.0162, 0.0200, 19.5205, 0.0059
(21, 12): 0.9487, 0.0200, 20.0781, 0.0042
(21, 13): 0.9217, 0.0200, 20.3162, 0.0068
(21, 14): 0.9332, 0.0200, 19.8756, 0.0076
(21, 15): 1.0179, 0.0200, 18.0067, 0.0076
(21, 16): 1.0764, 0.0200, 16.8349, 0.0076
(21, 17): 1.2193, 0.0200, 13.9750, 0.0059
(21, 18): 1.4111, 0.0200, 11.3244, 0.0068
(11, 10): 0.8986, 0.0200, 16.7726, 0.0085
(11, 11): 1.1128, 0.0200, 16.9566, 0.0110
(11, 12): 1.1733, 0.0200, 15.6475, 0.0110
(11, 13): 0.8659, 0.0200, 6.1542, 0.0093
(11, 14): nan, nan, nan, 0.0000
(11, 15): nan, nan, nan, 0.0000
(11, 16): 0.7183, 0.0200, 3.1120, 0.0135
(11, 17): 1.0846, 0.0200, 15.6478, 0.0144
(11, 18): 1.1324, 0.0200, 14.7219, 0.0110
(11, 19): 1.1281, 0.0200, 15.2534, 0.0093
(11, 20): 1.3152, 0.0200, 12.1264, 0.0085
(11, 21): 1.0821, 0.0200, 16.4571, 0.0093
(11, 22): 1.1273, 0.0200, 15.6865, 0.0118
(11, 23): 1.0756, 0.0200, 16.6602, 0.0178
(11, 24): 1.0552, 0.0200, 16.9688, 0.0076
(11, 25): 1.1051, 0.0200, 15.4420, 0.0068
(11, 26): 1.3112, 0.0200, 10.7919, 0.0068
(11, 27): nan, nan, nan, 0.0000
(12, 1): nan, nan, nan, 0.0000
(12, 2): nan, nan, nan, 0.0000
(12, 3): nan, nan, nan, 0.0000
(12, 4): nan, nan, nan, 0.0000
(12, 5): nan, nan, nan, 0.0000
(12, 6): nan, nan, nan, 0.0000
(12, 7): nan, nan, nan, 0.0000
(12, 8): nan, nan, nan, 0.0000
(12, 9): nan, nan, nan, 0.0000
(12, 10): 0.9635, 0.0200, 19.4118, 0.0093
(12, 11): 1.2150, 0.0200, 15.2552, 0.0127
(12, 12): 1.4189, 0.0200, 11.1030, 0.0135
(12, 13): 1.0309, 0.0200, 13.8020, 0.0076
(30, 24): nan, nan, nan, 0.0000
(30, 25): nan, nan, nan, 0.0000
(30, 26): nan, nan, nan, 0.0000
(30, 27): nan, nan, nan, 0.0000
(31, 1): nan, nan, nan, 0.0000
(31, 2): nan, nan, nan, 0.0000
(31, 3): nan, nan, nan, 0.0000
(31, 4): nan, nan, nan, 0.0000
(31, 5): nan, nan, nan, 0.0000
(31, 6): nan, nan, nan, 0.0000
(31, 7): nan, nan, nan, 0.0000
(31, 8): nan, nan, nan, 0.0000
(31, 9): nan, nan, nan, 0.0000
(31, 10): nan, nan, nan, 0.0000
(31, 11): nan, nan, nan, 0.0000
(31, 12): nan, nan, nan, 0.0000
(31, 13): nan, nan, nan, 0.0000
(31, 14): nan, nan, nan, 0.0000
(31, 15): nan, nan, nan, 0.0000
(31, 16): nan, nan, nan, 0.0000
(31, 17): nan, nan, nan, 0.0000
(31, 18): nan, nan, nan, 0.0000
(31, 19): 0.9341, 0.0200, 2.4285, 0.0152
(31, 20): 1.2624, 0.0200, 10.1569, 0.0178
(31, 21): 0.9550, 0.0200, 3.2800, 0.0068
(31, 22): nan, nan, nan, 0.0000
(31, 23): nan, nan, nan, 0.0000
(31, 24): nan, nan, nan, 0.0000
(31, 25): nan, nan, nan, 0.0000
(31, 26): nan, nan, nan, 0.0000
(31, 27): nan, nan, nan, 0.0000
(26, 8): 0.9277, 0.0200, 20.8086, 0.0042
(26, 9): 0.9215, 0.0200, 20.9769, 0.0118
(26, 10): 1.0987, 0.0200, 16.6754, 0.0135
(26, 11): 1.2080, 0.0200, 14.5022, 0.0118
(26, 12): 1.4754, 0.0200, 10.2528, 0.0093
(26, 13): 1.2679, 0.0200, 12.7157, 0.0144
(26, 14): 1.5044, 0.0200, 9.6182, 0.0144
(26, 15): 1.5334, 0.0200, 9.1055, 0.0034
(26, 16): 1.6618, 0.0200, 7.4712, 0.0076
(26, 17): 1.5408, 0.0200, 8.3852, 0.0068
(26, 18): 1.4826, 0.0200, 8.8637, 0.0118
(26, 19): 1.5872, 0.0200, 7.6927, 0.0186
(26, 20): 1.5386, 0.0200, 8.2202, 0.0101
(26, 21): 1.2866, 0.0200, 11.1914, 0.0076
(26, 22): 1.1781, 0.0200, 9.8503, 0.0152
(26, 23): nan, nan, nan, 0.0000
(26, 24): nan, nan, nan, 0.0000
(26, 25): nan, nan, nan, 0.0000
(26, 26): nan, nan, nan, 0.0000
(26, 27): nan, nan, nan, 0.0000
(27, 1): nan, nan, nan, 0.0000
(27, 2): 0.8341, 0.0200, 8.9230, 0.0118
(27, 3): 0.9119, 0.0200, 20.7534, 0.0161
(27, 4): 0.7672, 0.0200, 26.3364, 0.0110
(27, 5): 0.8712, 0.0200, 24.2092, 0.0059
(27, 6): 0.9160, 0.0200, 17.2812, 0.0051
(27, 7): 0.8003, 0.0200, 7.6560, 0.0051
(27, 8): 0.9147, 0.0200, 17.5732, 0.0068
(27, 9): 0.9801, 0.0200, 14.8134, 0.0093
(27, 10): 1.1384, 0.0200, 12.4376, 0.0085
(27, 11): 1.1459, 0.0200, 12.1155, 0.0085
(25, 4): 0.7843, 0.0200, 13.7408, 0.0051
(25, 5): 0.7686, 0.0200, 17.6291, 0.0068
(25, 6): 0.7990, 0.0200, 21.2997, 0.0085
(25, 7): 0.8740, 0.0200, 10.4747, 0.0076
(25, 8): 1.1093, 0.0200, 13.7366, 0.0085
(25, 9): 1.0859, 0.0200, 15.8527, 0.0085
(25, 10): 1.0399, 0.0200, 17.4763, 0.0144
(25, 11): 1.3901, 0.0200, 11.4783, 0.0076
(25, 12): 1.4685, 0.0200, 10.6362, 0.0161
(25, 13): 1.5636, 0.0200, 8.9562, 0.0135
(25, 14): 1.8884, 0.0200, 6.0651, 0.0161
(25, 15): 1.9128, 0.0200, 5.5348, 0.0076
(25, 16): 1.5621, 0.0200, 8.3230, 0.0093
(25, 17): 1.8766, 0.0200, 5.5930, 0.0186
(25, 18): 1.6084, 0.0200, 7.7130, 0.0152
(25, 19): 1.6611, 0.0200, 7.1602, 0.0135
(25, 20): 1.5153, 0.0200, 8.7139, 0.0068
(25, 21): 1.5294, 0.0200, 8.4306, 0.0068
(25, 22): 1.1953, 0.0200, 4.9174, 0.0093
(25, 23): nan, nan, nan, 0.0000
(25, 24): nan, nan, nan, 0.0000
(25, 25): nan, nan, nan, 0.0000
(25, 26): nan, nan, nan, 0.0000
(25, 27): nan, nan, nan, 0.0000
(26, 1): nan, nan, nan, 0.0000
(26, 2): 0.5815, 0.0200, 2.1666, 0.0152
(26, 3): 0.6944, 0.0200, 10.8140, 0.0101
(26, 4): 0.7845, 0.0200, 13.9966, 0.0093
(26, 5): 0.6540, 0.0200, 15.2742, 0.0034
(26, 6): 0.7512, 0.0200, 11.9978, 0.0135
(26, 7): 0.9329, 0.0200, 18.1529, 0.0076
(15, 26): 0.9489, 0.0200, 16.6958, 0.0051
(15, 27): 0.9542, 0.0200, 9.9039, 0.0127
(16, 1): nan, nan, nan, 0.0000
(16, 2): nan, nan, nan, 0.0000
(16, 3): nan, nan, nan, 0.0000
(16, 4): nan, nan, nan, 0.0000
(16, 5): nan, nan, nan, 0.0000
(16, 6): nan, nan, nan, 0.0000
(16, 7): nan, nan, nan, 0.0000
(16, 8): nan, nan, nan, 0.0000
(16, 9): 0.8128, 0.0200, 8.3563, 0.0127
(16, 10): 2.1920, 0.0200, 4.4733, 0.0169
(16, 11): 2.3728, 0.0200, 3.4242, 0.0144
(16, 12): 1.2101, 0.0200, 15.2192, 0.0152
(16, 13): 0.9181, 0.0200, 7.0329, 0.0093
(16, 14): 1.4668, 0.0200, 10.0462, 0.0093
(16, 15): 1.8752, 0.0200, 5.8766, 0.0178
(16, 16): 1.7695, 0.0200, 5.4143, 0.0135
(16, 17): 1.8320, 0.0200, 5.1705, 0.0161
(16, 18): 1.2354, 0.0200, 13.1193, 0.0186
(16, 19): 1.0815, 0.0200, 16.8408, 0.0068
(16, 20): 0.8919, 0.0200, 19.9037, 0.0059
(16, 21): 0.8821, 0.0200, 19.5053, 0.0059
(16, 22): 0.8469, 0.0200, 20.7380, 0.0051
(16, 23): 0.7695, 0.0200, 22.9963, 0.0068
(16, 24): 0.8796, 0.0200, 19.7751, 0.0068
(16, 25): 0.8985, 0.0200, 19.1584, 0.0101
(16, 26): 0.9239, 0.0200, 17.9839, 0.0085
(16, 27): 0.8497, 0.0200, 10.9223, 0.0068
(17, 1): nan, nan, nan, 0.0000
(17, 2): nan, nan, nan, 0.0000
(34, 9): nan, nan, nan, 0.0000
(34, 10): nan, nan, nan, 0.0000
(34, 11): nan, nan, nan, 0.0000
(34, 12): nan, nan, nan, 0.0000
(34, 13): nan, nan, nan, 0.0000
(34, 14): nan, nan, nan, 0.0000
(34, 15): nan, nan, nan, 0.0000
(34, 16): nan, nan, nan, 0.0000
(34, 17): nan, nan, nan, 0.0000
(34, 18): nan, nan, nan, 0.0000
(34, 19): 1.2572, 0.0200, 6.2285, 0.0076
(34, 20): 1.5175, 0.0200, 9.1567, 0.0144
(34, 21): 1.3851, 0.0200, 10.5447, 0.0178
(34, 22): 0.9849, 0.0200, 2.2517, 0.0270
(34, 23): nan, nan, nan, 0.0000
(34, 24): nan, nan, nan, 0.0000
(34, 25): nan, nan, nan, 0.0000
(34, 26): nan, nan, nan, 0.0000
(34, 27): nan, nan, nan, 0.0000
(35, 1): nan, nan, nan, 0.0000
(35, 2): nan, nan, nan, 0.0000
(35, 3): nan, nan, nan, 0.0000
(35, 4): nan, nan, nan, 0.0000
(35, 5): nan, nan, nan, 0.0000
(35, 6): nan, nan, nan, 0.0000
(35, 7): nan, nan, nan, 0.0000
(35, 8): nan, nan, nan, 0.0000
(35, 9): nan, nan, nan, 0.0000
(35, 10): nan, nan, nan, 0.0000
(35, 11): nan, nan, nan, 0.0000
(35, 12): nan, nan, nan, 0.0000
(10, 6): nan, nan, nan, 0.0000
(10, 7): nan, nan, nan, 0.0000
(10, 8): nan, nan, nan, 0.0000
(10, 9): nan, nan, nan, 0.0000
(10, 10): 0.8394, 0.0200, 13.1812, 0.0152
(10, 11): 0.7112, 0.0200, 5.2922, 0.0085
(10, 12): 0.7856, 0.0200, 13.8570, 0.0118
(10, 13): nan, nan, nan, 0.0000
(10, 14): 0.6137, 0.0200, 1.8322, 0.0186
(10, 15): 1.5372, 0.0200, 7.5987, 0.0085
(10, 16): 1.6924, 0.0200, 6.8684, 0.0101
(10, 17): 1.5716, 0.0200, 8.8077, 0.0161
(10, 18): 1.1558, 0.0200, 14.8369, 0.0093
(10, 19): 1.2248, 0.0200, 13.7842, 0.0110
(10, 20): 1.2674, 0.0200, 13.1515, 0.0093
(10, 21): 1.0280, 0.0200, 18.3608, 0.0068
(10, 22): 1.3106, 0.0200, 12.7617, 0.0051
(10, 23): 1.5000, 0.0200, 9.7881, 0.0135
(10, 24): 1.1466, 0.0200, 15.2379, 0.0076
(10, 25): 1.0500, 0.0200, 16.9761, 0.0059
(10, 26): 1.2067, 0.0200, 12.8898, 0.0085
(10, 27): nan, nan, nan, 0.0000
(11, 1): nan, nan, nan, 0.0000
(11, 2): nan, nan, nan, 0.0000
(11, 3): nan, nan, nan, 0.0000
(11, 4): nan, nan, nan, 0.0000
(11, 5): nan, nan, nan, 0.0000
(11, 6): nan, nan, nan, 0.0000
(11, 7): nan, nan, nan, 0.0000
(11, 8): nan, nan, nan, 0.0000
(11, 9): nan, nan, nan, 0.0000
(2, 5): nan, nan, nan, 0.0000
(2, 6): nan, nan, nan, 0.0000
(2, 7): nan, nan, nan, 0.0000
(2, 8): nan, nan, nan, 0.0000
(2, 9): nan, nan, nan, 0.0000
(2, 10): nan, nan, nan, 0.0000
(2, 11): nan, nan, nan, 0.0000
(2, 12): nan, nan, nan, 0.0000
(2, 13): nan, nan, nan, 0.0000
(2, 14): nan, nan, nan, 0.0000
(2, 15): nan, nan, nan, 0.0000
(2, 16): nan, nan, nan, 0.0000
(2, 17): nan, nan, nan, 0.0000
(2, 18): nan, nan, nan, 0.0000
(2, 19): nan, nan, nan, 0.0000
(2, 20): 0.6034, 0.0200, 3.6802, 0.0076
(2, 21): 0.7585, 0.0200, 3.0473, 0.0101
(2, 22): nan, nan, nan, 0.0000
(2, 23): nan, nan, nan, 0.0000
(2, 24): nan, nan, nan, 0.0000
(2, 25): nan, nan, nan, 0.0000
(2, 26): nan, nan, nan, 0.0000
(2, 27): nan, nan, nan, 0.0000
(3, 1): nan, nan, nan, 0.0000
(3, 2): nan, nan, nan, 0.0000
(3, 3): nan, nan, nan, 0.0000
(3, 4): nan, nan, nan, 0.0000
(3, 5): nan, nan, nan, 0.0000
(3, 6): nan, nan, nan, 0.0000
(3, 7): nan, nan, nan, 0.0000
(3, 8): nan, nan, nan, 0.0000
