(10, 10): 0.2336, 3.0100, 34.2944
(10, 11): 0.1697, 3.0300, 13.3995
(10, 12): 0.1898, 3.0900, 35.5378
(10, 14): 0.1770, 3.0200, 4.3309
(10, 15): 0.2604, 3.0600, 46.5173
(10, 16): 0.2924, 3.0300, 47.4821
(10, 17): 0.2217, 3.0700, 55.9383
(10, 18): 0.2437, 3.0100, 54.3763
(10, 19): 0.2120, 3.0700, 56.7738
(10, 20): 0.2077, 3.0200, 57.3893
(10, 21): 0.1885, 3.0200, 59.0509
(10, 22): 0.1951, 3.0900, 59.0266
(10, 23): 0.2383, 3.1500, 55.0248
(10, 24): 0.2552, 3.0300, 53.8044
(10, 25): 0.2249, 3.0700, 56.3832
(10, 26): 0.2966, 3.1300, 47.3440
(11, 10): 0.2127, 3.0300, 47.6907
(11, 11): 0.2160, 3.0700, 62.6940
(11, 12): 0.2545, 3.0300, 57.8589
(11, 13): 0.1304, 3.0300, 18.0908
(11, 16): 0.1509, 3.0300, 8.2928
(11, 17): 0.2773, 3.0200, 50.7723
(11, 18): 0.2665, 3.0100, 51.7785
(11, 19): 0.2568, 3.0200, 53.5874
(11, 20): 0.2622, 3.0400, 52.6779
(11, 21): 0.2206, 3.1300, 56.1424
(11, 22): 0.2433, 3.0300, 54.4438
(11, 23): 0.2576, 3.0800, 52.9118
(11, 24): 0.2315, 3.0200, 54.9576
(11, 25): 0.2344, 3.0100, 53.9294
(11, 26): 0.2723, 3.2200, 47.3401
(12, 10): 0.2953, 3.0600, 50.9093
(12, 11): 0.2922, 3.0200, 57.7950
(12, 12): 0.2977, 3.0481, 55.0477
(12, 13): 0.2523, 3.0100, 43.9895
(12, 14): 0.1658, 3.1100, 29.6466
(12, 16): 0.2108, 3.0600, 14.3877
(12, 17): 0.3029, 3.1800, 48.1431
(12, 18): 0.2650, 3.0200, 51.8041
(12, 19): 0.2840, 3.0600, 51.1422
(12, 20): 0.3021, 3.0300, 48.5524
(12, 21): 0.2533, 3.0300, 53.2909
(12, 22): 0.2333, 3.0200, 55.6148
(12, 23): 0.2302, 3.2100, 54.0616
(12, 24): 0.2300, 3.0700, 46.9535
(12, 25): 0.1284, 3.0600, 16.2902
(12, 26): 0.1756, 3.0100, 14.2899
(13, 10): 0.2725, 3.0700, 57.9171
(13, 11): 0.2835, 3.0100, 59.1527
(13, 12): 0.2608, 3.0100, 56.3628
(13, 13): 0.2552, 3.0800, 45.0535
(13, 14): 0.1444, 3.0400, 9.8028
(13, 16): 0.1307, 3.0100, 8.6115
(13, 17): 0.2432, 3.0100, 40.5261
(13, 18): 0.2670, 3.0400, 46.0688
(13, 19): 0.2876, 3.0100, 48.8667
(13, 20): 0.2786, 3.0100, 48.5962
(13, 21): 0.2293, 3.0400, 53.7933
(13, 22): 0.2292, 3.0100, 53.3892
(13, 23): 0.2429, 3.0800, 50.0011
(13, 24): 0.2227, 3.0200, 42.9722
(13, 25): 0.1049, 3.0100, 4.1134
(14, 10): 0.2895, 3.1700, 59.2871
(14, 11): 0.2884, 3.0300, 61.0023
(14, 12): 0.2682, 3.1300, 57.4559
(14, 13): 0.1308, 3.0200, 5.2287
(14, 15): 0.0988, 3.0100, 4.8411
(14, 16): 0.3672, 3.0100, 35.2113
(14, 17): 0.2991, 3.0100, 49.2932
(14, 18): 0.2297, 3.0300, 55.7611
(14, 19): 0.2204, 3.1100, 53.6421
(14, 20): 0.2091, 3.0300, 53.3137
(14, 21): 0.2078, 3.0100, 51.6159
(14, 22): 0.1887, 3.0500, 54.7187
(14, 23): 0.1491, 3.0100, 56.1997
(14, 24): 0.1521, 3.0800, 50.5129
(14, 25): 0.1272, 3.0700, 28.4730
(14, 26): 0.2244, 3.0100, 26.6626
(14, 27): 0.1712, 3.0100, 3.6010
(15, 9): 0.0925, 3.0300, 16.1091
(15, 10): 0.2619, 3.0200, 63.2800
(15, 11): 0.2647, 3.1500, 62.6606
(15, 12): 0.3281, 3.0200, 55.2773
(15, 13): 0.1829, 3.0600, 21.8013
(15, 14): 0.0986, 3.0100, 4.9570
(15, 15): 0.2346, 3.0500, 45.3084
(15, 16): 0.2594, 3.0299, 52.3631
(15, 17): 0.2610, 3.0300, 48.6642
(15, 18): 0.2054, 3.0100, 49.1600
(15, 19): 0.2048, 3.0000, 55.4816
(15, 20): 0.1870, 3.0100, 54.5791
(15, 21): 0.1665, 3.0100, 55.0884
(15, 22): 0.1926, 3.0100, 53.6561
(15, 23): 0.1910, 3.0300, 53.7284
(15, 24): 0.1558, 3.0700, 55.2348
(15, 25): 0.1886, 3.1000, 55.6254
(15, 26): 0.2022, 3.0300, 50.7066
(15, 27): 0.2517, 3.0100, 29.0245
(16, 9): 0.0755, 3.0600, 25.3345
(16, 10): 0.2093, 3.0600, 65.5126
(16, 11): 0.3027, 3.0100, 58.6578
(16, 12): 0.2470, 3.0200, 60.2036
(16, 13): 0.2026, 3.0700, 21.2415
(16, 14): 0.2780, 3.0700, 53.0504
(16, 15): 0.3104, 3.0800, 52.4265
(16, 16): 0.3803, 3.0100, 39.8261
(16, 17): 0.2341, 3.0800, 46.4318
(16, 18): 0.2097, 3.0100, 58.0369
(16, 19): 0.1786, 3.0500, 59.9637
(16, 20): 0.2034, 3.0200, 53.9537
(16, 21): 0.1794, 3.0200, 54.5252
(16, 22): 0.2441, 3.0200, 51.1081
(16, 23): 0.1905, 3.0300, 55.3345
(16, 24): 0.2068, 3.2300, 53.3857
(16, 25): 0.2268, 3.0200, 51.0475
(16, 26): 0.2087, 3.0700, 51.5417
(16, 27): 0.2041, 3.0400, 29.5309
(17, 9): 0.1430, 3.1000, 49.1986
(17, 10): 0.2520, 3.0600, 62.0611
(17, 11): 0.3012, 3.0400, 58.2315
(17, 12): 0.3329, 3.0400, 56.3984
(17, 13): 0.2425, 3.1400, 50.2379
(17, 14): 0.2629, 3.0100, 44.8396
(17, 15): 0.2369, 3.0200, 52.2368
(17, 16): 0.2394, 3.0600, 51.3690
(17, 17): 0.2279, 3.0200, 59.4118
(17, 18): 0.2245, 3.0800, 58.5003
(17, 19): 0.2309, 3.0400, 57.3267
(17, 20): 0.2327, 3.0900, 54.5958
(17, 21): 0.2167, 3.0700, 54.6502
(17, 22): 0.2505, 3.0200, 51.3020
(17, 23): 0.2279, 3.0200, 51.4049
(17, 24): 0.2239, 3.0400, 51.1031
(17, 25): 0.2304, 3.1300, 50.3454
(17, 26): 0.1746, 3.0200, 45.8960
(18, 8): 0.0231, 3.0100, 6.1329
(18, 9): 0.2143, 3.0500, 61.5214
(18, 10): 0.2195, 3.0100, 66.3423
(18, 11): 0.2288, 3.0300, 63.4244
(18, 12): 0.3017, 3.0500, 56.0795
(18, 13): 0.2854, 3.0400, 56.5293
(18, 14): 0.2920, 3.0100, 56.3549
(18, 15): 0.2581, 3.0200, 59.4226
(18, 16): 0.2537, 3.0900, 56.2717
(18, 17): 0.2786, 3.0400, 53.9998
(18, 18): 0.2677, 3.0700, 56.3433
(18, 19): 0.3014, 3.0200, 53.1767
(18, 20): 0.2436, 3.0900, 54.7207
(18, 21): 0.2344, 3.0600, 52.7871
(18, 22): 0.2762, 3.0500, 47.7671
(18, 23): 0.2544, 3.0300, 49.9283
(18, 24): 0.2683, 3.0600, 48.3076
(18, 25): 0.2387, 3.0297, 43.8256
(18, 26): 0.1054, 3.0100, 12.4938
(19, 8): 0.1452, 3.0300, 36.3030
(19, 9): 0.2314, 3.0300, 64.4636
(19, 10): 0.2202, 3.0400, 64.6648
(19, 11): 0.2435, 3.0700, 59.7654
(19, 12): 0.2975, 3.0100, 55.0897
(2, 20): 0.0646, 3.0200, 9.1082
(2, 21): 0.0696, 3.0200, 9.6656
(3, 16): 0.0955, 3.0100, 18.1885
(3, 17): 0.1169, 3.0200, 17.2347
(3, 18): 0.0846, 3.0100, 9.3191
(3, 19): 0.0685, 3.0600, 17.8358
(3, 20): 0.0634, 3.0300, 9.0810
(3, 21): 0.0355, 3.0100, 14.5461
(3, 22): 0.0676, 3.0600, 40.5510
(3, 23): 0.1192, 3.0300, 60.4884
(3, 24): 0.1349, 3.0400, 49.6367
(4, 13): 0.1555, 3.0300, 13.6029
(4, 14): 0.1947, 3.1300, 28.6650
(4, 15): 0.1581, 3.0300, 12.9652
(4, 16): 0.0981, 3.1100, 14.2536
(4, 17): 0.0945, 3.0100, 13.8861
(4, 18): 0.1597, 3.0300, 40.2580
(4, 19): 0.1874, 3.0100, 50.0602
(4, 20): 0.1726, 3.0500, 62.1961
(4, 21): 0.1705, 3.0800, 62.5650
(4, 22): 0.1274, 3.0400, 66.7381
(4, 23): 0.1318, 3.0298, 64.3516
(4, 24): 0.1832, 3.0100, 57.6394
(4, 25): 0.1201, 3.0100, 40.3614
(4, 26): 0.0544, 3.0300, 9.0681
(5, 13): 0.1741, 3.0500, 17.7759
(5, 16): 0.1415, 3.0400, 32.2608
(5, 17): 0.1776, 3.1000, 61.4522
(5, 18): 0.2200, 3.0800, 56.9996
(5, 19): 0.2274, 3.0200, 60.0288
(5, 20): 0.1864, 3.0400, 63.8350
(5, 21): 0.1690, 3.0400, 64.4176
(5, 22): 0.1809, 3.0900, 62.7613
(5, 23): 0.1748, 3.1200, 61.9607
(5, 24): 0.1887, 3.0299, 59.8270
(5, 25): 0.1959, 3.0200, 59.6936
(5, 26): 0.1636, 3.0300, 56.0917
(5, 27): 0.0501, 3.0100, 17.2058
(6, 11): 0.2495, 3.0400, 18.4488
(6, 12): 0.2030, 3.0400, 8.6351
(6, 15): 0.2118, 3.0200, 34.2982
(6, 16): 0.1825, 3.0100, 58.4596
(6, 17): 0.1838, 3.0600, 59.2193
(6, 18): 0.1737, 3.0300, 61.0412
(6, 19): 0.1901, 3.0500, 62.3156
(6, 20): 0.2395, 3.0500, 58.8659
(6, 21): 0.2035, 3.0600, 61.3973
(6, 22): 0.1961, 3.0200, 62.7760
(6, 23): 0.1848, 3.0100, 63.0539
(6, 24): 0.2258, 3.1900, 55.8962
(6, 25): 0.2321, 3.0500, 56.1288
(6, 26): 0.2379, 3.0800, 53.3187
(6, 27): 0.0799, 3.0100, 20.2875
(7, 10): 0.2378, 3.0200, 4.2465
(7, 11): 0.2370, 3.0100, 19.2459
(7, 15): 0.2794, 3.0200, 47.9271
(7, 16): 0.1844, 3.1100, 56.2959
(7, 17): 0.1746, 3.0500, 58.0609
(7, 18): 0.1471, 3.1400, 64.0660
(7, 19): 0.1886, 3.0200, 62.0056
(7, 20): 0.2447, 3.0200, 57.3633
(7, 21): 0.2520, 3.0100, 58.1658
(7, 22): 0.1947, 3.0700, 63.6814
(7, 23): 0.2013, 3.0300, 60.6154
(7, 24): 0.2249, 3.0700, 55.8879
(7, 25): 0.2494, 3.0200, 52.6368
(7, 26): 0.2878, 3.1300, 48.4269
(7, 27): 0.1537, 3.0100, 34.5041
(8, 10): 0.2276, 3.0200, 30.8002
(8, 11): 0.2184, 3.0600, 28.2105
(8, 14): 0.1038, 3.0100, 16.2614
(8, 15): 0.2864, 3.0600, 47.4886
(8, 16): 0.1725, 3.0200, 58.9478
(8, 17): 0.2345, 3.0200, 55.4296
(8, 18): 0.1909, 3.0100, 61.2661
(8, 19): 0.1979, 3.0400, 60.5203
(8, 20): 0.2234, 3.0800, 57.4758
(8, 21): 0.2312, 3.0394, 57.9476
(8, 22): 0.1955, 3.0600, 60.4543
(8, 23): 0.2140, 3.0200, 58.0228
(8, 24): 0.2316, 3.0100, 54.9978
(8, 25): 0.2700, 3.0100, 50.7287
(8, 26): 0.3275, 3.0100, 45.6721
(8, 27): 0.2066, 3.0300, 29.4302
(9, 10): 0.1930, 3.0100, 32.3024
(9, 11): 0.1500, 3.0200, 4.9645
(9, 15): 0.2621, 3.0100, 44.9631
(9, 16): 0.2361, 3.0400, 54.7524
(9, 17): 0.2197, 3.0200, 56.0868
(9, 18): 0.2525, 3.1100, 54.5038
(9, 19): 0.2401, 3.0500, 55.6079
(9, 20): 0.1999, 3.0100, 58.5833
(9, 21): 0.1690, 3.0100, 62.2934
(9, 22): 0.2099, 3.0500, 57.8673
(9, 23): 0.2330, 3.0100, 56.0803
(9, 24): 0.2367, 3.0200, 55.2096
(9, 25): 0.2553, 3.0600, 52.7666
(9, 26): 0.3014, 3.1400, 47.5885
(9, 27): 0.1357, 3.0700, 12.2352
(19, 13): 0.2961, 3.0643, 53.7733
(19, 14): 0.2840, 3.1300, 54.2002
(19, 15): 0.2876, 3.0400, 54.7468
(19, 16): 0.2602, 3.0400, 56.4834
(19, 17): 0.2435, 3.0100, 56.2168
(19, 18): 0.2920, 3.0100, 55.0908
(19, 19): 0.3102, 3.0700, 53.3169
(19, 20): 0.2624, 3.0264, 54.4822
(19, 21): 0.2545, 3.0400, 51.6122
(19, 22): 0.2455, 3.0400, 51.5200
(19, 23): 0.2327, 3.0100, 53.7147
(19, 24): 0.2357, 3.0300, 53.3990
(19, 25): 0.2008, 3.0200, 36.4656
(19, 26): 0.1216, 3.0100, 4.6591
(20, 7): 0.1505, 3.0100, 14.4562
(20, 8): 0.2210, 3.1200, 65.0504
(20, 9): 0.2039, 3.2000, 67.2845
(20, 10): 0.2439, 3.1100, 62.2617
(20, 11): 0.2716, 3.0600, 58.2008
(20, 12): 0.2512, 3.0900, 57.8645
(20, 13): 0.2788, 3.0900, 52.9883
(20, 14): 0.2810, 3.0300, 53.0289
(20, 15): 0.2476, 3.0200, 56.7617
(20, 16): 0.2331, 3.0400, 58.5203
(20, 17): 0.2282, 3.0100, 57.6160
(20, 18): 0.2964, 3.0100, 54.0104
(20, 19): 0.2827, 3.0100, 54.1123
(20, 20): 0.2828, 3.0300, 52.1007
(20, 21): 0.2563, 3.0400, 52.5214
(20, 22): 0.2611, 3.1300, 52.9404
(20, 23): 0.2681, 3.0291, 53.5831
(20, 24): 0.2547, 3.0900, 55.3691
(20, 25): 0.2692, 3.0100, 51.8048
(20, 26): 0.1188, 3.0100, 13.9236
(21, 6): 0.2012, 3.0400, 14.2020
(21, 7): 0.2461, 3.0100, 56.0178
(21, 8): 0.2473, 3.0800, 65.4055
(21, 9): 0.2297, 3.0400, 65.9378
(21, 10): 0.2895, 3.0900, 61.0294
(21, 11): 0.2585, 3.0100, 59.1285
(21, 12): 0.2722, 3.0200, 54.0757
(21, 13): 0.2894, 3.0600, 52.2302
(21, 14): 0.2509, 3.0200, 53.6542
(21, 15): 0.2084, 3.0100, 57.7299
(21, 16): 0.2035, 3.0100, 57.7663
(21, 17): 0.2150, 3.0200, 57.0523
(21, 18): 0.2609, 3.0400, 55.9508
(21, 19): 0.3017, 3.0100, 51.2752
(21, 20): 0.2831, 3.0100, 51.3347
(21, 21): 0.2178, 3.0100, 45.4746
(21, 22): 0.2634, 3.0100, 43.4056
(21, 23): 0.3172, 3.0300, 40.3797
(21, 24): 0.1956, 3.0100, 24.3195
(22, 6): 0.2924, 3.0400, 38.4548
(22, 7): 0.3270, 3.0100, 56.4935
(22, 8): 0.2607, 3.0100, 61.0018
(22, 9): 0.2549, 3.0400, 60.4784
(22, 10): 0.2963, 3.0200, 56.6194
(22, 11): 0.2756, 3.1000, 57.2946
(22, 12): 0.3011, 3.1100, 51.8291
(22, 13): 0.2700, 3.0300, 53.1453
(22, 14): 0.2333, 3.0985, 53.6801
(22, 15): 0.2391, 3.1700, 54.6904
(22, 16): 0.2198, 3.1000, 55.1750
(22, 17): 0.2574, 3.0300, 53.5171
(22, 18): 0.2803, 3.0300, 52.0562
(22, 19): 0.3163, 3.0300, 49.6986
(22, 20): 0.3340, 3.0400, 35.4071
(22, 21): 0.1283, 3.0600, 8.9121
(23, 5): 0.2120, 3.1100, 16.7994
(23, 6): 0.2843, 3.0300, 33.3703
(23, 7): 0.2782, 3.0100, 44.2295
(23, 8): 0.2866, 3.0100, 56.0760
(23, 9): 0.3074, 3.0100, 55.2398
(23, 10): 0.2586, 3.0500, 60.0768
(23, 11): 0.3185, 3.0600, 51.7298
(23, 12): 0.2777, 3.0900, 54.7597
(23, 13): 0.2744, 3.0700, 52.9562
(23, 14): 0.2539, 3.0300, 53.1634
(23, 15): 0.2297, 3.0200, 55.7163
(23, 16): 0.2941, 3.0500, 50.8813
(23, 17): 0.3460, 3.0300, 47.7442
(23, 18): 0.3505, 3.0300, 48.0870
(23, 19): 0.3973, 3.0300, 45.1793
(23, 20): 0.3809, 3.0300, 38.2402
(24, 4): 0.2159, 3.0100, 12.0762
(24, 5): 0.2327, 3.0100, 22.5432
(24, 6): 0.3985, 3.0200, 21.2145
(24, 7): 0.3082, 3.0400, 49.4594
(24, 8): 0.2071, 3.0200, 41.2493
(24, 9): 0.2508, 3.0200, 48.1395
(24, 10): 0.2209, 3.0100, 47.4798
(24, 11): 0.2466, 3.0400, 55.1513
(24, 12): 0.2475, 3.1098, 56.1464
(24, 13): 0.2717, 3.0300, 52.2713
(24, 14): 0.2837, 3.1000, 51.2928
(24, 15): 0.2702, 3.0500, 53.0456
(24, 16): 0.3166, 3.0100, 48.6408
(24, 17): 0.3717, 3.0500, 45.8778
(24, 18): 0.3585, 3.1000, 47.2803
(24, 19): 0.4152, 3.0400, 42.9411
(24, 20): 0.4320, 3.0500, 41.0546
(24, 21): 0.3047, 3.0700, 29.7530
(25, 4): 0.2538, 3.0100, 32.4216
(25, 5): 0.2612, 3.0300, 38.5506
(25, 6): 0.2836, 3.0100, 48.3886
(25, 7): 0.1981, 3.0200, 30.4623
(25, 8): 0.2614, 3.1300, 48.2902
(25, 9): 0.2616, 3.1100, 53.5756
(25, 10): 0.2978, 3.0400, 51.6897
(25, 11): 0.2458, 3.0200, 56.9547
(25, 12): 0.2492, 3.0200, 56.7708
(25, 13): 0.2942, 3.1100, 51.0006
(25, 14): 0.3489, 3.0100, 47.1080
(25, 15): 0.3804, 3.0900, 46.5407
(25, 16): 0.3130, 3.0900, 48.0619
(25, 17): 0.3423, 3.1700, 46.7591
(25, 18): 0.3702, 3.0200, 45.6390
(25, 19): 0.3643, 3.0500, 45.9776
(25, 20): 0.3959, 3.0100, 43.7487
(25, 21): 0.3734, 3.1000, 44.7299
(25, 22): 0.2283, 3.0200, 22.1761
(26, 2): 0.1145, 3.0200, 5.2728
(26, 3): 0.2519, 3.0600, 22.8653
(26, 4): 0.2524, 3.0100, 32.9307
(26, 5): 0.2426, 3.0900, 30.5190
(26, 6): 0.2294, 3.0500, 28.4159
(26, 7): 0.2837, 3.0100, 49.8885
(26, 8): 0.2872, 3.0200, 55.2825
(26, 9): 0.3278, 3.0200, 52.4294
(26, 10): 0.3161, 3.0900, 51.8303
(26, 11): 0.2234, 3.0400, 58.9605
(26, 12): 0.2304, 3.0100, 56.4769
(26, 13): 0.3025, 3.0499, 50.1688
(26, 14): 0.3135, 3.0200, 51.1695
(26, 15): 0.3082, 3.0500, 49.9011
(26, 16): 0.3170, 3.0400, 48.5128
(26, 17): 0.3497, 3.0100, 45.7107
(26, 18): 0.3599, 3.0500, 45.2324
(26, 19): 0.3814, 3.0100, 43.5640
(26, 20): 0.3599, 3.1100, 44.5790
(26, 21): 0.4012, 3.0300, 41.6427
(26, 22): 0.3712, 3.0600, 33.6564
(27, 2): 0.1920, 3.0300, 24.0548
(27, 3): 0.2856, 3.0100, 55.3723
(27, 4): 0.2919, 3.0500, 55.8252
(27, 5): 0.3183, 3.0600, 56.1268
(27, 6): 0.2551, 3.0600, 47.0991
(27, 7): 0.2122, 3.0200, 20.3193
(27, 8): 0.3211, 3.0600, 44.5095
(27, 9): 0.3244, 3.0100, 41.0257
(27, 10): 0.2724, 3.0600, 44.9472
(27, 11): 0.2260, 3.0100, 46.2080
(27, 12): 0.1546, 3.0100, 28.2229
(27, 13): 0.2578, 3.0400, 44.6542
(27, 14): 0.2228, 3.1300, 37.5248
(27, 15): 0.2759, 3.0100, 53.1373
(27, 16): 0.3112, 3.0800, 48.8010
(27, 17): 0.3466, 3.0400, 45.6498
(27, 18): 0.3720, 3.0400, 44.1473
(27, 19): 0.3246, 3.0200, 48.0236
(27, 20): 0.3365, 3.0300, 46.1109
(27, 21): 0.4059, 3.1290, 41.5805
(27, 22): 0.3519, 3.0200, 36.2018
(28, 2): 0.1336, 3.0300, 4.7071
(28, 3): 0.1718, 3.0300, 29.9281
(28, 4): 0.2112, 3.0300, 30.3171
(28, 5): 0.2482, 3.0500, 47.4264
(28, 6): 0.2133, 3.0500, 27.2590
(28, 7): 0.2259, 3.0400, 28.2373
(28, 8): 0.3283, 3.1300, 37.3848
(28, 9): 0.3305, 3.0400, 31.9062
(28, 14): 0.1182, 3.0100, 14.0912
(28, 15): 0.3020, 3.0700, 48.9432
(28, 16): 0.2843, 3.0500, 51.9211
(28, 17): 0.2893, 3.0300, 50.9053
(28, 18): 0.3454, 3.0300, 45.4768
(28, 19): 0.3441, 3.0500, 45.0634
(28, 20): 0.3793, 3.0200, 43.7024
(28, 21): 0.3639, 3.0500, 45.8011
(28, 22): 0.2553, 3.0300, 22.1090
(29, 2): 0.2668, 3.0600, 53.8666
(29, 3): 0.2262, 3.0400, 63.7612
(29, 4): 0.1730, 3.0400, 56.1837
(29, 5): 0.1903, 3.0100, 44.8595
(29, 6): 0.2759, 3.0600, 57.0117
(29, 7): 0.2683, 3.0100, 46.6041
(29, 8): 0.2036, 3.0600, 4.8360
(29, 15): 0.0834, 3.0300, 10.6575
(29, 16): 0.1851, 3.0500, 24.8226
(29, 17): 0.1133, 3.0300, 4.7970
(29, 18): 0.3148, 3.0400, 37.6574
(29, 19): 0.3693, 3.0600, 45.1813
(29, 20): 0.3590, 3.0200, 44.8953
(29, 21): 0.4152, 3.0500, 42.6014
(29, 22): 0.1387, 3.0200, 14.0423
(30, 2): 0.2504, 3.0700, 34.3691
(30, 3): 0.1479, 3.0100, 17.5680
(30, 4): 0.0938, 3.0600, 14.8654
(30, 5): 0.2580, 3.0100, 48.8999
(30, 6): 0.2393, 3.0100, 45.3723
(30, 7): 0.2057, 3.0100, 12.8558
(30, 19): 0.1235, 3.0400, 14.0547
(30, 20): 0.3590, 3.0200, 36.5296
(30, 21): 0.4313, 3.0400, 38.2347
(30, 22): 0.2524, 3.0300, 15.1307
(31, 19): 0.1529, 3.0600, 9.2012
(31, 20): 0.3977, 3.0300, 37.4356
(31, 21): 0.1771, 3.0300, 12.3052
(32, 19): 0.1726, 3.0300, 13.3940
(32, 20): 0.3830, 3.0700, 44.7719
(32, 21): 0.2734, 3.0200, 33.5251
(32, 22): 0.1245, 3.0300, 9.5189
(33, 19): 0.2525, 3.0200, 32.5271
(33, 20): 0.3140, 3.1100, 50.7697
(33, 21): 0.3515, 3.0200, 46.7946
(33, 22): 0.2397, 3.0100, 22.2107
(34, 19): 0.3426, 3.0300, 25.2338
(34, 20): 0.3917, 3.0200, 46.2845
(34, 21): 0.4068, 3.0300, 44.7511
(34, 22): 0.1200, 3.0200, 10.3923
