(1, 1): 0.2492, 4.4100, 4.5126
(1, 2): 0.2492, 4.4100, 4.5126
(1, 3): 0.2492, 4.4100, 4.5126
(1, 4): 0.2492, 4.4100, 4.5126
(1, 5): 0.2378, 4.4300, 19.1581
(1, 6): 0.2378, 4.4300, 19.1581
(1, 7): 0.2378, 4.4300, 19.1581
(1, 8): 0.2378, 4.4300, 19.1581
(1, 9): 0.1556, 4.4100, 13.8145
(1, 10): 0.1556, 4.4100, 13.8145
(1, 11): 0.1556, 4.4100, 13.8145
(1, 12): 0.1556, 4.4100, 13.8145
(1, 13): 0.1556, 4.4100, 13.8145
(1, 14): 0.0637, 4.4400, 19.4657
(1, 15): 0.0637, 4.4400, 19.4657
(1, 16): 0.0637, 4.4400, 19.4657
(1, 17): 0.0917, 4.4200, 18.1955
(1, 18): 0.0672, 4.4200, 9.7595
(1, 19): 0.0836, 4.4100, 8.8881
(1, 20): 0.0836, 4.4100, 8.8881
(1, 21): 0.0662, 4.4600, 9.8363
(1, 22): 0.0662, 4.4600, 9.8363
(1, 23): 0.0811, 4.4700, 64.7818
(1, 24): 0.0854, 4.4200, 53.9482
(1, 25): 0.0854, 4.4200, 53.9482
(1, 26): 0.0854, 4.4200, 53.9482
(1, 27): 0.0272, 4.4100, 9.6073
(2, 1): 0.2492, 4.4100, 4.5126
(2, 2): 0.2492, 4.4100, 4.5126
(2, 3): 0.2492, 4.4100, 4.5126
(2, 4): 0.2492, 4.4100, 4.5126
(2, 5): 0.2492, 4.4100, 4.5126
(2, 6): 0.2378, 4.4300, 19.1581
(2, 7): 0.2378, 4.4300, 19.1581
(2, 8): 0.2378, 4.4300, 19.1581
(2, 9): 0.2378, 4.4300, 19.1581
(2, 10): 0.1556, 4.4100, 13.8145
(2, 11): 0.1556, 4.4100, 13.8145
(2, 12): 0.1556, 4.4100, 13.8145
(2, 13): 0.1556, 4.4100, 13.8145
(2, 14): 0.1592, 4.4100, 30.8131
(2, 15): 0.0637, 4.4400, 19.4657
(2, 16): 0.0637, 4.4400, 19.4657
(2, 17): 0.0917, 4.4200, 18.1955
(2, 18): 0.0672, 4.4200, 9.7595
(2, 19): 0.0836, 4.4100, 8.8881
(2, 20): 0.0836, 4.4100, 8.8881
(2, 21): 0.0662, 4.4600, 9.8363
(2, 22): 0.0417, 4.5200, 42.6079
(2, 23): 0.0811, 4.4700, 64.7818
(2, 24): 0.0854, 4.4200, 53.9482
(2, 25): 0.0854, 4.4200, 53.9482
(2, 26): 0.0272, 4.4100, 9.6073
(2, 27): 0.0272, 4.4100, 9.6073
(3, 1): 0.2492, 4.4100, 4.5126
(3, 2): 0.2492, 4.4100, 4.5126
(3, 3): 0.2492, 4.4100, 4.5126
(3, 4): 0.2492, 4.4100, 4.5126
(3, 5): 0.2492, 4.4100, 4.5126
(3, 6): 0.2492, 4.4100, 4.5126
(3, 7): 0.2378, 4.4300, 19.1581
(3, 8): 0.2378, 4.4300, 19.1581
(3, 9): 0.2378, 4.4300, 19.1581
(3, 10): 0.2378, 4.4300, 19.1581
(3, 11): 0.1556, 4.4100, 13.8145
(3, 12): 0.1556, 4.4100, 13.8145
(3, 13): 0.1556, 4.4100, 13.8145
(3, 14): 0.1592, 4.4100, 30.8131
(3, 15): 0.1208, 4.4700, 14.0974
(3, 16): 0.0637, 4.4400, 19.4657
(3, 17): 0.0917, 4.4200, 18.1955
(3, 18): 0.0672, 4.4200, 9.7595
(3, 19): 0.0473, 4.5500, 18.6526
(3, 20): 0.0879, 4.4700, 8.7483
(3, 21): 0.0458, 4.4100, 14.3114
(3, 22): 0.0417, 4.5200, 42.6079
(3, 23): 0.0811, 4.4700, 64.7818
(3, 24): 0.0854, 4.4200, 53.9482
(3, 25): 0.0851, 4.5300, 43.1692
(3, 26): 0.0272, 4.4100, 9.6073
(3, 27): 0.0272, 4.4100, 9.6073
(4, 1): 0.2492, 4.4100, 4.5126
(4, 2): 0.2492, 4.4100, 4.5126
(4, 3): 0.2492, 4.4100, 4.5126
(4, 4): 0.2492, 4.4100, 4.5126
(4, 5): 0.2492, 4.4100, 4.5126
(4, 6): 0.2492, 4.4100, 4.5126
(4, 7): 0.2492, 4.4100, 4.5126
(4, 8): 0.2378, 4.4300, 19.1581
(4, 9): 0.2378, 4.4300, 19.1581
(4, 10): 0.2378, 4.4300, 19.1581
(4, 11): 0.2378, 4.4300, 19.1581
(4, 12): 0.1556, 4.4100, 13.8145
(4, 13): 0.1556, 4.4100, 13.8145
(4, 14): 0.1592, 4.4100, 30.8131
(4, 15): 0.1208, 4.4700, 14.0974
(4, 16): 0.1031, 4.4300, 14.2359
(4, 17): 0.0931, 4.4600, 14.0613
(4, 18): 0.1323, 4.5600, 42.6041
(4, 19): 0.1523, 4.5099, 53.6587
(4, 20): 0.1222, 4.4500, 68.3635
(4, 21): 0.1257, 4.4300, 67.9049
(4, 22): 0.1063, 4.4300, 69.4382
(4, 23): 0.1022, 4.4400, 67.9285
(4, 24): 0.1065, 4.4100, 65.7804
(4, 25): 0.0851, 4.5300, 43.1692
(4, 26): 0.0272, 4.4100, 9.6073
(4, 27): 0.0470, 4.5600, 17.3765
(5, 1): 0.2492, 4.4100, 4.5126
(5, 2): 0.2492, 4.4100, 4.5126
(5, 3): 0.2492, 4.4100, 4.5126
(5, 4): 0.2492, 4.4100, 4.5126
(5, 5): 0.2492, 4.4100, 4.5126
(5, 6): 0.2492, 4.4100, 4.5126
(5, 7): 0.2492, 4.4100, 4.5126
(5, 8): 0.2492, 4.4100, 4.5126
(5, 9): 0.2378, 4.4300, 19.1581
(5, 10): 0.2378, 4.4300, 19.1581
(5, 11): 0.2378, 4.4300, 19.1581
(5, 12): 0.1831, 4.4100, 17.6961
(5, 13): 0.1831, 4.4100, 17.6961
(5, 14): 0.1831, 4.4100, 17.6961
(5, 15): 0.1208, 4.4700, 14.0974
(5, 16): 0.0989, 4.4100, 35.2382
(5, 17): 0.1586, 4.4400, 63.8096
(5, 18): 0.1785, 4.4400, 61.5864
(5, 19): 0.1633, 4.4500, 67.7098
(5, 20): 0.1446, 4.4400, 69.2262
(5, 21): 0.1646, 4.6300, 65.2089
(5, 22): 0.1637, 4.4300, 65.4776
(5, 23): 0.1235, 4.6000, 67.9267
(5, 24): 0.1393, 4.4200, 65.0856
(5, 25): 0.1314, 4.4500, 66.8963
(5, 26): 0.1422, 4.4100, 58.4228
(5, 27): 0.0470, 4.5600, 17.3765
(6, 1): 0.2492, 4.4100, 4.5126
(6, 2): 0.2492, 4.4100, 4.5126
(6, 3): 0.2492, 4.4100, 4.5126
(6, 4): 0.2492, 4.4100, 4.5126
(6, 5): 0.2492, 4.4100, 4.5126
(6, 6): 0.2492, 4.4100, 4.5126
(6, 7): 0.2492, 4.4100, 4.5126
(6, 8): 0.2492, 4.4100, 4.5126
(6, 9): 0.2492, 4.4100, 4.5126
(6, 10): 0.2378, 4.4300, 19.1581
(6, 11): 0.2378, 4.4300, 19.1581
(6, 12): 0.2064, 4.4200, 8.8903
(6, 13): 0.1831, 4.4100, 17.6961
(6, 14): 0.1900, 4.4100, 35.8818
(6, 15): 0.1900, 4.4100, 35.8818
(6, 16): 0.1515, 4.4200, 61.9710
(6, 17): 0.1297, 4.4800, 65.3201
(6, 18): 0.1370, 4.4100, 65.3238
(6, 19): 0.1479, 4.4700, 67.3944
(6, 20): 0.1877, 4.4200, 63.8441
(6, 21): 0.1815, 4.5800, 63.9359
(6, 22): 0.1366, 4.4200, 70.0660
(6, 23): 0.1445, 4.6000, 68.0467
(6, 24): 0.1570, 4.4300, 63.0964
(6, 25): 0.1997, 4.4100, 59.6087
(6, 26): 0.1690, 4.4500, 60.2499
(6, 27): 0.0627, 4.4400, 21.0647
(7, 1): 0.2492, 4.4100, 4.5126
(7, 2): 0.2492, 4.4100, 4.5126
(7, 3): 0.2492, 4.4100, 4.5126
(7, 4): 0.2492, 4.4100, 4.5126
(7, 5): 0.2492, 4.4100, 4.5126
(7, 6): 0.2492, 4.4100, 4.5126
(7, 7): 0.2492, 4.4100, 4.5126
(7, 8): 0.2492, 4.4100, 4.5126
(7, 9): 0.2492, 4.4100, 4.5126
(7, 10): 0.2492, 4.4100, 4.5126
(7, 11): 0.2230, 4.4100, 20.1205
(7, 12): 0.2230, 4.4100, 20.1205
(7, 13): 0.2064, 4.4200, 8.8903
(7, 14): 0.1996, 4.4600, 55.2179
(7, 15): 0.1996, 4.4600, 55.2179
(7, 16): 0.1324, 4.4400, 61.6841
(7, 17): 0.1169, 4.4200, 64.8093
(7, 18): 0.1101, 4.4500, 68.6282
(7, 19): 0.1375, 4.4400, 68.0244
(7, 20): 0.1745, 4.4400, 64.5020
(7, 21): 0.1778, 4.4500, 65.9953
(7, 22): 0.1342, 4.4900, 70.9004
(7, 23): 0.1944, 4.4800, 60.7902
(7, 24): 0.1670, 4.4100, 62.3478
(7, 25): 0.1910, 4.4200, 58.7027
(7, 26): 0.2132, 4.4600, 55.2318
(7, 27): 0.1281, 4.4200, 36.3802
(8, 1): 0.2062, 4.4400, 32.4187
(8, 2): 0.2062, 4.4400, 32.4187
(8, 3): 0.2062, 4.4400, 32.4187
(8, 4): 0.2062, 4.4400, 32.4187
(8, 5): 0.2062, 4.4400, 32.4187
(8, 6): 0.2062, 4.4400, 32.4187
(8, 7): 0.2062, 4.4400, 32.4187
(8, 8): 0.2062, 4.4400, 32.4187
(8, 9): 0.2062, 4.4400, 32.4187
(8, 10): 0.2062, 4.4400, 32.4187
(8, 11): 0.1946, 4.4800, 29.8221
(8, 12): 0.1946, 4.4800, 29.8221
(8, 13): 0.0954, 4.4500, 16.6721
(8, 14): 0.0954, 4.4500, 16.6721
(8, 15): 0.1805, 4.4300, 57.0613
(8, 16): 0.1512, 4.5200, 62.8038
(8, 17): 0.1416, 4.4100, 65.2879
(8, 18): 0.1542, 4.4400, 65.6413
(8, 19): 0.1528, 4.5700, 65.6536
(8, 20): 0.1883, 4.4400, 61.1905
(8, 21): 0.1558, 4.4200, 65.9710
(8, 22): 0.1501, 4.4100, 65.5987
(8, 23): 0.1390, 4.4500, 66.4973
(8, 24): 0.1689, 4.4600, 61.7910
(8, 25): 0.2211, 4.4100, 55.4907
(8, 26): 0.2389, 4.4400, 53.3139
(8, 27): 0.1640, 4.5000, 32.1046
(9, 1): 0.1864, 4.4100, 33.0082
(9, 2): 0.1864, 4.4100, 33.0082
(9, 3): 0.1864, 4.4100, 33.0082
(9, 4): 0.1864, 4.4100, 33.0082
(9, 5): 0.1864, 4.4100, 33.0082
(9, 6): 0.1864, 4.4100, 33.0082
(9, 7): 0.1864, 4.4100, 33.0082
(9, 8): 0.1864, 4.4100, 33.0082
(9, 9): 0.1864, 4.4100, 33.0082
(9, 10): 0.1864, 4.4100, 33.0082
(9, 11): 0.1810, 4.4100, 4.8747
(9, 12): 0.1523, 4.5000, 38.5711
(9, 13): 0.1523, 4.5000, 38.5711
(9, 14): 0.0954, 4.4500, 16.6721
(9, 15): 0.1613, 4.4200, 52.6305
(9, 16): 0.1704, 4.4400, 61.6613
(9, 17): 0.1589, 4.4300, 62.6447
(9, 18): 0.1875, 4.4200, 61.0397
(9, 19): 0.1838, 4.5600, 61.5463
(9, 20): 0.1788, 4.5200, 60.9735
(9, 21): 0.1452, 4.4200, 64.9343
(9, 22): 0.1443, 4.4700, 64.8195
(9, 23): 0.1702, 4.4100, 62.6311
(9, 24): 0.1805, 4.5400, 61.3311
(9, 25): 0.2023, 4.4600, 58.5355
(9, 26): 0.2213, 4.4100, 55.0648
(9, 27): 0.1478, 4.4200, 12.0992
(10, 1): 0.1721, 4.4300, 38.8399
(10, 2): 0.1721, 4.4300, 38.8399
(10, 3): 0.1721, 4.4300, 38.8399
(10, 4): 0.1721, 4.4300, 38.8399
(10, 5): 0.1721, 4.4300, 38.8399
(10, 6): 0.1721, 4.4300, 38.8399
(10, 7): 0.1721, 4.4300, 38.8399
(10, 8): 0.1721, 4.4300, 38.8399
(10, 9): 0.1721, 4.4300, 38.8399
(10, 10): 0.1721, 4.4300, 38.8399
(10, 11): 0.1812, 4.4200, 13.2560
(10, 12): 0.1523, 4.5000, 38.5711
(10, 13): 0.1218, 4.5700, 18.5734
(10, 14): 0.1358, 4.4500, 4.8610
(10, 15): 0.2051, 4.4100, 51.6783
(10, 16): 0.2213, 4.4400, 53.9907
(10, 17): 0.1701, 4.4200, 61.4180
(10, 18): 0.1925, 4.4700, 59.5709
(10, 19): 0.1678, 4.4700, 61.4242
(10, 20): 0.1585, 4.4500, 62.5066
(10, 21): 0.1518, 4.5300, 63.0305
(10, 22): 0.1569, 4.4200, 63.1678
(10, 23): 0.2144, 4.4300, 57.5574
(10, 24): 0.2073, 4.4600, 58.8121
(10, 25): 0.2071, 4.4300, 59.0219
(10, 26): 0.2320, 4.4497, 53.4511
(10, 27): 0.2320, 4.4497, 53.4511
(11, 1): 0.0481, 4.4500, 17.5763
(11, 2): 0.1874, 4.4200, 50.2006
(11, 3): 0.1874, 4.4200, 50.2006
(11, 4): 0.1874, 4.4200, 50.2006
(11, 5): 0.1874, 4.4200, 50.2006
(11, 6): 0.1874, 4.4200, 50.2006
(11, 7): 0.1874, 4.4200, 50.2006
(11, 8): 0.1874, 4.4200, 50.2006
(11, 9): 0.1874, 4.4200, 50.2006
(11, 10): 0.1874, 4.4200, 50.2006
(11, 11): 0.1962, 4.4200, 65.3231
(11, 12): 0.2229, 4.6600, 61.5623
(11, 13): 0.1218, 4.5700, 18.5734
(11, 14): 0.1218, 4.5700, 18.5734
(11, 15): 0.2051, 4.4100, 51.6783
(11, 16): 0.1623, 4.4200, 8.3317
(11, 17): 0.2323, 4.4100, 55.1089
(11, 18): 0.2171, 4.6000, 56.6444
(11, 19): 0.2187, 4.4400, 57.3702
(11, 20): 0.1932, 4.4400, 59.3042
(11, 21): 0.1764, 4.5600, 60.8587
(11, 22): 0.1823, 4.4100, 60.2057
(11, 23): 0.1905, 4.4300, 59.5592
(11, 24): 0.1715, 4.4700, 61.4369
(11, 25): 0.2061, 4.4600, 57.0240
(11, 26): 0.2265, 4.4400, 51.6012
(11, 27): 0.2265, 4.4400, 51.6012
(12, 1): 0.0481, 4.4500, 17.5763
(12, 2): 0.0481, 4.4500, 17.5763
(12, 3): 0.0481, 4.4500, 17.5763
(12, 4): 0.0481, 4.4500, 17.5763
(12, 5): 0.2552, 4.5900, 57.2580
(12, 6): 0.2552, 4.5900, 57.2580
(12, 7): 0.2552, 4.5900, 57.2580
(12, 8): 0.2552, 4.5900, 57.2580
(12, 9): 0.2552, 4.5900, 57.2580
(12, 10): 0.2552, 4.5900, 57.2580
(12, 11): 0.2647, 4.4300, 61.0157
(12, 12): 0.2732, 4.4400, 57.8866
(12, 13): 0.2182, 4.5300, 47.0336
(12, 14): 0.1314, 4.4400, 31.7115
(12, 15): 0.1314, 4.4400, 31.7115
(12, 16): 0.1548, 4.4100, 16.1479
(12, 17): 0.2651, 4.4500, 51.7029
(12, 18): 0.2044, 4.4300, 57.8865
(12, 19): 0.2465, 4.4100, 54.7905
(12, 20): 0.2297, 4.4300, 54.9237
(12, 21): 0.1950, 4.4200, 59.1046
(12, 22): 0.1660, 4.4400, 62.6481
(12, 23): 0.1932, 4.4200, 57.7695
(12, 24): 0.1853, 4.4300, 50.7975
(12, 25): 0.1337, 4.5400, 16.4132
(12, 26): 0.1430, 4.4100, 15.4934
(12, 27): 0.1430, 4.4100, 15.4934
(13, 1): 0.0481, 4.4500, 17.5763
(13, 2): 0.0481, 4.4500, 17.5763
(13, 3): 0.0481, 4.4500, 17.5763
(13, 4): 0.0481, 4.4500, 17.5763
(13, 5): 0.0481, 4.4500, 17.5763
(13, 6): 0.0481, 4.4500, 17.5763
(13, 7): 0.0481, 4.4500, 17.5763
(13, 8): 0.2686, 4.4700, 61.9829
(13, 9): 0.2686, 4.4700, 61.9829
(13, 10): 0.2686, 4.4700, 61.9829
(13, 11): 0.2736, 4.4300, 60.5473
(13, 12): 0.2357, 4.4300, 59.2117
(13, 13): 0.1689, 4.5900, 51.8807
(13, 14): 0.1569, 4.4200, 9.7678
(13, 15): 0.1569, 4.4200, 9.7678
(13, 16): 0.1061, 4.4200, 9.1812
(13, 17): 0.2040, 4.5100, 43.7236
(13, 18): 0.2128, 4.4100, 50.8642
(13, 19): 0.2343, 4.4200, 53.7937
(13, 20): 0.2020, 4.4100, 55.6985
(13, 21): 0.1818, 4.4400, 58.7152
(13, 22): 0.1665, 4.4200, 59.7945
(13, 23): 0.2021, 4.4600, 53.9028
(13, 24): 0.1588, 4.4200, 48.3189
(13, 25): 0.1461, 4.4100, 3.9587
(13, 26): 0.1430, 4.4100, 15.4934
(13, 27): 0.1241, 4.4200, 4.1059
(14, 1): 0.0481, 4.4500, 17.5763
(14, 2): 0.0481, 4.4500, 17.5763
(14, 3): 0.0481, 4.4500, 17.5763
(14, 4): 0.0481, 4.4500, 17.5763
(14, 5): 0.0481, 4.4500, 17.5763
(14, 6): 0.0481, 4.4500, 17.5763
(14, 7): 0.0481, 4.4500, 17.5763
(14, 8): 0.0481, 4.4500, 17.5763
(14, 9): 0.2578, 4.5100, 62.9187
(14, 10): 0.2578, 4.5100, 62.9187
(14, 11): 0.2502, 4.4100, 65.4990
(14, 12): 0.2296, 4.4287, 60.0173
(14, 13): 0.1057, 4.4100, 5.6058
(14, 14): 0.1569, 4.4200, 9.7678
(14, 15): 0.0943, 4.4600, 5.0316
(14, 16): 0.2866, 4.4700, 40.5785
(14, 17): 0.2333, 4.5800, 55.2396
(14, 18): 0.1845, 4.4300, 59.1672
(14, 19): 0.1641, 4.4100, 59.4715
(14, 20): 0.1578, 4.4400, 58.5314
(14, 21): 0.1646, 4.4100, 57.8072
(14, 22): 0.1551, 4.4200, 58.2289
(14, 23): 0.1229, 4.4300, 59.0023
(14, 24): 0.1133, 4.4700, 54.2928
(14, 25): 0.0984, 4.4500, 30.1368
(14, 26): 0.1681, 4.5100, 29.7709
(14, 27): 0.1241, 4.4200, 4.1059
(15, 1): 0.0355, 4.4200, 6.0015
(15, 2): 0.0355, 4.4200, 6.0015
(15, 3): 0.0355, 4.4200, 6.0015
(15, 4): 0.0481, 4.4500, 17.5763
(15, 5): 0.0481, 4.4500, 17.5763
(15, 6): 0.0481, 4.4500, 17.5763
(15, 7): 0.0481, 4.4500, 17.5763
(15, 8): 0.0481, 4.4500, 17.5763
(15, 9): 0.0481, 4.4500, 17.5763
(15, 10): 0.2034, 4.4400, 70.0411
(15, 11): 0.2643, 4.5400, 63.0478
(15, 12): 0.2604, 4.5600, 62.1492
(15, 13): 0.1375, 4.4400, 23.9643
(15, 14): 0.0447, 4.4000, 5.5390
(15, 15): 0.2015, 4.5000, 48.3367
(15, 16): 0.2063, 4.4400, 57.8290
(15, 17): 0.2148, 4.5100, 52.5732
(15, 18): 0.1779, 4.5100, 51.6871
(15, 19): 0.1476, 4.4300, 61.3725
(15, 20): 0.1432, 4.4900, 59.0032
(15, 21): 0.1411, 4.4400, 57.7613
(15, 22): 0.1543, 4.4100, 57.6270
(15, 23): 0.1577, 4.5300, 57.1687
(15, 24): 0.1113, 4.4100, 59.8632
(15, 25): 0.1217, 4.4200, 59.3967
(15, 26): 0.1626, 4.4100, 54.5968
(15, 27): 0.1839, 4.4100, 33.0854
(16, 1): 0.1846, 4.4100, 14.9862
(16, 2): 0.0355, 4.4200, 6.0015
(16, 3): 0.0355, 4.4200, 6.0015
(16, 4): 0.0355, 4.4200, 6.0015
(16, 5): 0.0355, 4.4200, 6.0015
(16, 6): 0.0355, 4.4200, 6.0015
(16, 7): 0.0469, 4.4100, 26.7419
(16, 8): 0.0469, 4.4100, 26.7419
(16, 9): 0.0469, 4.4100, 26.7419
(16, 10): 0.1552, 4.4300, 71.0570
(16, 11): 0.2256, 4.4400, 66.5750
(16, 12): 0.2232, 4.4600, 63.1030
(16, 13): 0.1460, 4.4200, 23.6013
(16, 14): 0.2157, 4.5000, 59.1944
(16, 15): 0.2339, 4.4200, 59.9192
(16, 16): 0.2488, 4.4800, 49.9411
(16, 17): 0.1719, 4.4200, 51.9295
(16, 18): 0.1712, 4.5700, 62.1752
(16, 19): 0.1434, 4.4500, 63.9111
(16, 20): 0.1425, 4.4600, 59.9537
(16, 21): 0.1418, 4.4600, 58.4105
(16, 22): 0.1931, 4.5000, 56.0345
(16, 23): 0.1632, 4.5200, 58.2916
(16, 24): 0.2133, 4.4400, 56.1202
(16, 25): 0.1593, 4.4100, 57.5759
(16, 26): 0.1618, 4.4900, 56.1659
(16, 27): 0.1454, 4.4300, 32.9783
(17, 1): 0.1846, 4.4100, 14.9862
(17, 2): 0.1846, 4.4100, 14.9862
(17, 3): 0.1546, 4.4600, 14.5701
(17, 4): 0.0355, 4.4200, 6.0015
(17, 5): 0.0355, 4.4200, 6.0015
(17, 6): 0.0355, 4.4200, 6.0015
(17, 7): 0.0355, 4.4200, 6.0015
(17, 8): 0.1308, 4.4700, 50.4049
(17, 9): 0.1308, 4.4700, 50.4049
(17, 10): 0.2059, 4.4500, 67.1279
(17, 11): 0.2346, 4.4100, 64.9174
(17, 12): 0.2319, 4.4100, 65.9589
(17, 13): 0.2111, 4.4100, 53.2520
(17, 14): 0.2188, 4.4200, 48.5241
(17, 15): 0.1879, 4.4600, 57.1068
(17, 16): 0.1888, 4.4600, 56.4295
(17, 17): 0.1938, 4.5000, 63.3867
(17, 18): 0.1852, 4.6500, 62.8040
(17, 19): 0.1968, 4.4100, 60.3577
(17, 20): 0.2063, 4.4100, 57.3948
(17, 21): 0.2115, 4.4300, 55.4456
(17, 22): 0.2283, 4.5300, 53.6212
(17, 23): 0.1762, 4.4100, 56.4621
(17, 24): 0.2086, 4.4300, 52.7165
(17, 25): 0.1869, 4.4600, 54.4375
(17, 26): 0.1770, 4.4600, 48.5334
(17, 27): 0.1770, 4.4600, 48.5334
(18, 1): 0.1846, 4.4100, 14.9862
(18, 2): 0.1846, 4.4100, 14.9862
(18, 3): 0.1846, 4.4100, 14.9862
(18, 4): 0.1546, 4.4600, 14.5701
(18, 5): 0.1546, 4.4600, 14.5701
(18, 6): 0.0355, 4.4200, 6.0015
(18, 7): 0.0355, 4.4200, 6.0015
(18, 8): 0.0355, 4.4200, 6.0015
(18, 9): 0.1671, 4.4400, 66.8520
(18, 10): 0.2092, 4.4900, 67.8400
(18, 11): 0.2153, 4.4200, 65.1286
(18, 12): 0.2255, 4.4500, 63.6598
(18, 13): 0.2084, 4.4400, 64.7229
(18, 14): 0.2260, 4.4700, 63.2073
(18, 15): 0.2155, 4.5200, 63.4111
(18, 16): 0.2000, 4.4200, 61.9627
(18, 17): 0.2176, 4.4800, 60.3007
(18, 18): 0.2192, 4.4200, 61.5313
(18, 19): 0.2571, 4.4100, 57.6269
(18, 20): 0.1977, 4.4700, 59.5376
(18, 21): 0.1899, 4.4200, 57.4602
(18, 22): 0.2107, 4.4100, 53.8095
(18, 23): 0.2020, 4.4600, 54.7504
(18, 24): 0.2213, 4.5700, 52.6492
(18, 25): 0.1674, 4.6400, 49.9613
(18, 26): 0.0964, 4.4100, 12.8682
(18, 27): 0.0964, 4.4100, 12.8682
(19, 1): 0.1846, 4.4100, 14.9862
(19, 2): 0.1846, 4.4100, 14.9862
(19, 3): 0.1846, 4.4100, 14.9862
(19, 4): 0.1846, 4.4100, 14.9862
(19, 5): 0.1546, 4.4600, 14.5701
(19, 6): 0.1546, 4.4600, 14.5701
(19, 7): 0.1136, 4.4100, 38.6615
(19, 8): 0.1136, 4.4100, 38.6615
(19, 9): 0.1940, 4.4300, 69.0962
(19, 10): 0.1796, 4.4500, 68.7566
(19, 11): 0.1904, 4.4400, 65.1411
(19, 12): 0.2238, 4.4500, 62.4538
(19, 13): 0.2088, 4.4200, 62.1201
(19, 14): 0.2233, 4.5000, 60.2466
(19, 15): 0.2055, 4.4200, 63.0816
(19, 16): 0.2219, 4.4700, 60.6459
(19, 17): 0.2113, 4.4500, 60.0099
(19, 18): 0.2632, 4.4100, 58.1937
(19, 19): 0.2265, 4.5100, 61.8525
(19, 20): 0.2370, 4.5400, 57.0253
(19, 21): 0.2348, 4.5100, 54.0725
(19, 22): 0.2056, 4.5100, 55.5940
(19, 23): 0.1763, 4.4300, 59.6346
(19, 24): 0.1897, 4.4800, 57.5921
(19, 25): 0.1551, 4.4200, 39.8567
(19, 26): 0.1673, 4.4600, 4.5201
(19, 27): 0.1673, 4.4600, 4.5201
(20, 1): 0.1776, 4.4800, 18.2589
(20, 2): 0.1846, 4.4100, 14.9862
(20, 3): 0.1846, 4.4100, 14.9862
(20, 4): 0.1846, 4.4100, 14.9862
(20, 5): 0.1846, 4.4100, 14.9862
(20, 6): 0.1546, 4.4600, 14.5701
(20, 7): 0.1546, 4.4600, 14.5701
(20, 8): 0.1698, 4.4300, 71.7232
(20, 9): 0.1688, 4.5500, 71.9121
(20, 10): 0.2040, 4.4900, 67.0916
(20, 11): 0.2121, 4.4400, 64.7292
(20, 12): 0.2142, 4.5800, 61.8320
(20, 13): 0.2094, 4.4700, 59.7470
(20, 14): 0.1913, 4.4200, 61.6460
(20, 15): 0.2072, 4.4100, 61.1296
(20, 16): 0.2091, 4.4300, 61.3134
(20, 17): 0.1645, 4.4200, 64.4591
(20, 18): 0.2580, 4.4200, 57.3518
(20, 19): 0.2228, 4.4400, 59.9068
(20, 20): 0.1982, 4.4300, 60.5026
(20, 21): 0.2119, 4.4400, 57.0534
(20, 22): 0.1975, 4.4200, 59.2545
(20, 23): 0.2249, 4.5000, 57.5161
(20, 24): 0.1939, 4.4300, 61.8692
(20, 25): 0.2283, 4.4800, 55.9903
(20, 26): 0.1280, 4.4300, 13.8356
(20, 27): 0.1280, 4.4300, 13.8356
(21, 1): 0.1691, 4.4100, 13.5131
(21, 2): 0.1776, 4.4800, 18.2589
(21, 3): 0.1776, 4.4800, 18.2589
(21, 4): 0.1846, 4.4100, 14.9862
(21, 5): 0.1846, 4.4100, 14.9862
(21, 6): 0.1846, 4.4100, 14.9862
(21, 7): 0.2377, 4.5347, 57.0443
(21, 8): 0.2132, 4.4500, 70.1077
(21, 9): 0.2047, 4.4200, 68.3701
(21, 10): 0.2197, 4.5200, 67.0218
(21, 11): 0.2159, 4.5600, 64.0417
(21, 12): 0.2292, 4.4500, 58.4663
(21, 13): 0.2269, 4.4700, 58.5075
(21, 14): 0.2107, 4.4400, 57.8498
(21, 15): 0.1651, 4.5300, 62.4733
(21, 16): 0.1572, 4.4100, 63.0519
(21, 17): 0.1810, 4.4800, 60.8577
(21, 18): 0.2102, 4.4100, 61.3479
(21, 19): 0.2541, 4.4300, 55.9449
(21, 20): 0.2162, 4.4700, 57.8910
(21, 21): 0.1863, 4.5500, 48.4021
(21, 22): 0.1911, 4.4600, 49.3832
(21, 23): 0.2517, 4.4700, 45.4624
(21, 24): 0.1784, 4.4200, 25.3539
(21, 25): 0.1784, 4.4200, 25.3539
(21, 26): 0.1280, 4.4300, 13.8356
(21, 27): 0.1280, 4.4300, 13.8356
(22, 1): 0.1691, 4.4100, 13.5131
(22, 2): 0.1691, 4.4100, 13.5131
(22, 3): 0.1776, 4.4800, 18.2589
(22, 4): 0.1776, 4.4800, 18.2589
(22, 5): 0.2524, 4.4700, 41.6069
(22, 6): 0.2524, 4.4700, 41.6069
(22, 7): 0.2689, 4.6000, 62.7523
(22, 8): 0.2270, 4.5000, 65.4376
(22, 9): 0.2169, 4.4100, 65.0547
(22, 10): 0.2449, 4.4800, 62.2417
(22, 11): 0.2414, 4.5100, 61.2260
(22, 12): 0.2563, 4.4300, 56.4501
(22, 13): 0.2411, 4.4400, 56.2124
(22, 14): 0.2183, 4.5700, 57.2516
(22, 15): 0.1775, 4.4300, 60.2613
(22, 16): 0.1508, 4.5000, 62.1693
(22, 17): 0.2030, 4.4300, 59.1214
(22, 18): 0.2287, 4.4200, 57.4011
(22, 19): 0.2762, 4.4998, 53.6274
(22, 20): 0.2436, 4.5000, 41.6005
(22, 21): 0.1045, 4.4100, 9.4470
(22, 22): 0.1911, 4.4600, 49.3832
(22, 23): 0.2517, 4.4700, 45.4624
(22, 24): 0.1784, 4.4200, 25.3539
(22, 25): 0.1784, 4.4200, 25.3539
(22, 26): 0.1280, 4.4300, 13.8356
(22, 27): 0.1280, 4.4300, 13.8356
(23, 1): 0.1691, 4.4100, 13.5131
(23, 2): 0.1691, 4.4100, 13.5131
(23, 3): 0.1691, 4.4100, 13.5131
(23, 4): 0.1776, 4.4800, 18.2589
(23, 5): 0.1776, 4.4800, 18.2589
(23, 6): 0.2694, 4.4400, 34.6904
(23, 7): 0.2447, 4.4200, 47.5046
(23, 8): 0.2365, 4.4200, 61.9559
(23, 9): 0.2432, 4.4300, 62.1645
(23, 10): 0.2477, 4.4200, 61.8034
(23, 11): 0.2395, 4.4400, 59.6221
(23, 12): 0.2437, 4.5900, 58.4184
(23, 13): 0.2387, 4.4800, 56.5335
(23, 14): 0.2080, 4.5000, 57.7621
(23, 15): 0.1676, 4.4300, 62.2664
(23, 16): 0.2068, 4.4100, 59.2683
(23, 17): 0.2538, 4.4400, 56.0051
(23, 18): 0.2831, 4.4100, 54.2630
(23, 19): 0.3565, 4.4100, 48.9034
(23, 20): 0.3589, 4.4800, 40.3350
(23, 21): 0.1045, 4.4100, 9.4470
(23, 22): 0.1045, 4.4100, 9.4470
(23, 23): 0.2517, 4.4700, 45.4624
(23, 24): 0.1784, 4.4200, 25.3539
(23, 25): 0.1784, 4.4200, 25.3539
(23, 26): 0.1784, 4.4200, 25.3539
(23, 27): 0.1280, 4.4300, 13.8356
(24, 1): 0.0842, 4.4200, 5.7038
(24, 2): 0.1691, 4.4100, 13.5131
(24, 3): 0.1691, 4.4100, 13.5131
(24, 4): 0.1691, 4.4100, 13.5131
(24, 5): 0.2029, 4.4400, 24.1557
(24, 6): 0.2354, 4.4100, 24.1953
(24, 7): 0.2256, 4.5400, 55.8006
(24, 8): 0.1896, 4.5400, 42.9871
(24, 9): 0.2103, 4.5500, 52.1611
(24, 10): 0.1981, 4.4200, 49.7217
(24, 11): 0.2235, 4.4700, 57.7602
(24, 12): 0.2084, 4.4400, 60.3311
(24, 13): 0.2095, 4.4200, 57.6885
(24, 14): 0.2000, 4.4100, 59.3942
(24, 15): 0.2177, 4.4600, 58.5592
(24, 16): 0.2239, 4.4400, 57.0808
(24, 17): 0.2716, 4.4100, 54.5732
(24, 18): 0.2910, 4.4100, 53.4012
(24, 19): 0.3112, 4.5300, 51.5888
(24, 20): 0.3585, 4.4600, 46.9190
(24, 21): 0.2445, 4.4500, 33.4485
(24, 22): 0.1912, 4.4100, 24.0759
(24, 23): 0.1912, 4.4100, 24.0759
(24, 24): 0.1912, 4.4100, 24.0759
(24, 25): 0.1912, 4.4100, 24.0759
(24, 26): 0.1784, 4.4200, 25.3539
(24, 27): 0.1280, 4.4300, 13.8356
(25, 1): 0.0842, 4.4200, 5.7038
(25, 2): 0.0842, 4.4200, 5.7038
(25, 3): 0.2413, 4.4100, 23.6483
(25, 4): 0.2436, 4.4100, 33.3555
(25, 5): 0.2247, 4.4900, 41.5857
(25, 6): 0.2553, 4.4200, 51.5784
(25, 7): 0.1855, 4.4200, 31.4952
(25, 8): 0.2311, 4.5000, 51.4061
(25, 9): 0.2400, 4.4200, 56.0100
(25, 10): 0.2861, 4.4400, 55.9982
(25, 11): 0.2124, 4.4100, 60.7906
(25, 12): 0.1936, 4.5200, 63.0318
(25, 13): 0.2305, 4.4200, 57.3340
(25, 14): 0.2561, 4.4200, 55.2840
(25, 15): 0.2729, 4.4500, 55.8843
(25, 16): 0.2027, 4.4500, 57.0066
(25, 17): 0.2866, 4.4300, 51.6737
(25, 18): 0.2644, 4.4400, 55.0339
(25, 19): 0.2963, 4.4800, 52.0507
(25, 20): 0.3193, 4.4400, 50.2495
(25, 21): 0.3223, 4.4100, 49.2079
(25, 22): 0.1912, 4.4100, 24.0759
(25, 23): 0.1912, 4.4100, 24.0759
(25, 24): 0.1912, 4.4100, 24.0759
(25, 25): 0.1912, 4.4100, 24.0759
(25, 26): 0.1912, 4.4100, 24.0759
(25, 27): 0.1912, 4.4100, 24.0759
(26, 1): 0.0842, 4.4200, 5.7038
(26, 2): 0.0842, 4.4200, 5.7038
(26, 3): 0.2413, 4.4100, 23.6483
(26, 4): 0.2285, 4.4600, 35.0258
(26, 5): 0.1987, 4.4100, 33.4929
(26, 6): 0.1949, 4.4100, 30.3527
(26, 7): 0.2513, 4.6000, 53.3565
(26, 8): 0.2632, 4.5000, 60.1328
(26, 9): 0.2540, 4.4800, 60.5301
(26, 10): 0.2651, 4.4600, 57.5880
(26, 11): 0.1905, 4.4100, 62.7267
(26, 12): 0.1749, 4.4900, 62.5781
(26, 13): 0.2364, 4.5200, 56.5534
(26, 14): 0.2813, 4.4100, 54.4684
(26, 15): 0.2257, 4.4800, 57.9156
(26, 16): 0.2363, 4.4300, 56.3000
(26, 17): 0.2665, 4.4100, 53.0687
(26, 18): 0.2411, 4.4600, 55.8344
(26, 19): 0.3052, 4.4900, 50.0549
(26, 20): 0.2865, 4.4300, 50.9922
(26, 21): 0.3090, 4.4200, 49.3263
(26, 22): 0.3330, 4.4300, 36.4282
(26, 23): 0.3330, 4.4300, 36.4282
(26, 24): 0.3330, 4.4300, 36.4282
(26, 25): 0.3330, 4.4300, 36.4282
(26, 26): 0.3330, 4.4300, 36.4282
(26, 27): 0.3330, 4.4300, 36.4282
(27, 1): 0.1652, 4.4400, 25.5031
(27, 2): 0.1652, 4.4400, 25.5031
(27, 3): 0.2187, 4.4600, 60.5884
(27, 4): 0.2466, 4.5600, 60.9404
(27, 5): 0.2648, 4.4300, 61.9314
(27, 6): 0.2027, 4.5300, 52.1157
(27, 7): 0.2494, 4.7600, 19.3340
(27, 8): 0.2542, 4.5900, 50.6023
(27, 9): 0.2814, 4.4300, 44.8749
(27, 10): 0.2186, 4.5300, 50.0867
(27, 11): 0.1857, 4.9200, 49.8974
(27, 12): 0.1239, 4.4400, 30.1031
(27, 13): 0.2025, 4.4900, 49.5042
(27, 14): 0.1765, 4.4200, 41.0488
(27, 15): 0.2303, 4.4100, 57.8198
(27, 16): 0.2615, 4.4800, 53.5821
(27, 17): 0.2559, 4.4200, 53.6711
(27, 18): 0.2816, 4.4300, 51.9289
(27, 19): 0.2673, 4.4100, 53.4169
(27, 20): 0.3135, 4.4400, 48.7969
(27, 21): 0.3351, 4.4900, 47.2847
(27, 22): 0.2850, 4.4600, 41.2468
(27, 23): 0.2850, 4.4600, 41.2468
(27, 24): 0.2850, 4.4600, 41.2468
(27, 25): 0.2850, 4.4600, 41.2468
(27, 26): 0.2850, 4.4600, 41.2468
(27, 27): 0.2850, 4.4600, 41.2468
(28, 1): 0.1158, 4.4100, 5.1057
(28, 2): 0.1158, 4.4100, 5.1057
(28, 3): 0.1568, 4.4100, 30.9298
(28, 4): 0.1816, 4.5300, 32.3283
(28, 5): 0.2171, 4.5500, 50.5280
(28, 6): 0.1662, 4.4900, 30.0926
(28, 7): 0.2182, 4.4700, 28.9570
(28, 8): 0.3079, 4.7900, 39.0179
(28, 9): 0.2523, 4.4600, 34.1661
(28, 10): 0.2186, 4.5300, 50.0867
(28, 11): 0.1857, 4.9200, 49.8974
(28, 12): 0.1239, 4.4400, 30.1031
(28, 13): 0.1193, 4.4700, 14.1133
(28, 14): 0.1193, 4.4700, 14.1133
(28, 15): 0.2451, 4.4200, 53.6382
(28, 16): 0.2516, 4.4300, 55.2261
(28, 17): 0.2572, 4.4500, 53.1241
(28, 18): 0.2853, 4.4199, 50.9354
(28, 19): 0.2868, 4.4200, 50.1031
(28, 20): 0.3267, 4.4100, 48.0907
(28, 21): 0.3600, 4.4800, 46.6355
(28, 22): 0.2035, 4.4300, 24.7363
(28, 23): 0.2035, 4.4300, 24.7363
(28, 24): 0.2035, 4.4300, 24.7363
(28, 25): 0.2035, 4.4300, 24.7363
(28, 26): 0.2035, 4.4300, 24.7363
(28, 27): 0.2035, 4.4300, 24.7363
(29, 1): 0.2360, 4.4400, 57.1561
(29, 2): 0.2360, 4.4400, 57.1561
(29, 3): 0.1951, 4.6200, 67.7235
(29, 4): 0.1653, 4.4900, 57.2787
(29, 5): 0.1701, 4.5000, 46.8239
(29, 6): 0.2314, 4.4300, 62.0061
(29, 7): 0.2373, 4.4300, 49.6052
(29, 8): 0.2282, 4.4300, 4.9122
(29, 9): 0.2523, 4.4600, 34.1661
(29, 10): 0.2523, 4.4600, 34.1661
(29, 11): 0.1857, 4.9200, 49.8974
(29, 12): 0.1239, 4.4400, 30.1031
(29, 13): 0.1193, 4.4700, 14.1133
(29, 14): 0.1193, 4.4700, 14.1133
(29, 15): 0.1008, 4.4500, 10.3878
(29, 16): 0.1237, 4.4600, 28.1383
(29, 17): 0.1999, 4.4300, 4.1522
(29, 18): 0.2427, 4.4200, 43.1498
(29, 19): 0.2895, 4.4500, 52.0188
(29, 20): 0.3468, 4.5700, 46.3155
(29, 21): 0.3278, 4.5500, 49.7080
(29, 22): 0.1341, 4.4100, 14.3458
(29, 23): 0.1341, 4.4100, 14.3458
(29, 24): 0.1341, 4.4100, 14.3458
(29, 25): 0.1341, 4.4100, 14.3458
(29, 26): 0.1341, 4.4100, 14.3458
(29, 27): 0.1341, 4.4100, 14.3458
(30, 1): 0.1914, 4.4500, 38.4146
(30, 2): 0.1914, 4.4500, 38.4146
(30, 3): 0.1058, 4.4600, 19.1982
(30, 4): 0.1241, 4.5100, 14.6575
(30, 5): 0.1961, 4.4300, 54.8135
(30, 6): 0.2016, 4.4900, 48.9623
(30, 7): 0.1935, 4.4600, 13.4569
(30, 8): 0.2282, 4.4300, 4.9122
(30, 9): 0.2282, 4.4300, 4.9122
(30, 10): 0.2523, 4.4600, 34.1661
(30, 11): 0.2523, 4.4600, 34.1661
(30, 12): 0.1193, 4.4700, 14.1133
(30, 13): 0.1193, 4.4700, 14.1133
(30, 14): 0.1008, 4.4500, 10.3878
(30, 15): 0.1008, 4.4500, 10.3878
(30, 16): 0.1237, 4.4600, 28.1383
(30, 17): 0.1999, 4.4300, 4.1522
(30, 18): 0.1322, 4.4200, 13.9716
(30, 19): 0.1322, 4.4200, 13.9716
(30, 20): 0.3055, 4.4300, 40.3486
(30, 21): 0.3239, 4.4500, 46.0114
(30, 22): 0.1775, 4.4100, 17.6155
(30, 23): 0.1775, 4.4100, 17.6155
(30, 24): 0.1775, 4.4100, 17.6155
(30, 25): 0.1775, 4.4100, 17.6155
(30, 26): 0.1775, 4.4100, 17.6155
(30, 27): 0.1775, 4.4100, 17.6155
(31, 1): 0.1914, 4.4500, 38.4146
(31, 2): 0.1914, 4.4500, 38.4146
(31, 3): 0.1058, 4.4600, 19.1982
(31, 4): 0.1241, 4.5100, 14.6575
(31, 5): 0.1961, 4.4300, 54.8135
(31, 6): 0.2016, 4.4900, 48.9623
(31, 7): 0.1935, 4.4600, 13.4569
(31, 8): 0.1935, 4.4600, 13.4569
(31, 9): 0.2282, 4.4300, 4.9122
(31, 10): 0.2282, 4.4300, 4.9122
(31, 11): 0.2523, 4.4600, 34.1661
(31, 12): 0.1193, 4.4700, 14.1133
(31, 13): 0.1008, 4.4500, 10.3878
(31, 14): 0.1008, 4.4500, 10.3878
(31, 15): 0.1008, 4.4500, 10.3878
(31, 16): 0.1237, 4.4600, 28.1383
(31, 17): 0.1999, 4.4300, 4.1522
(31, 18): 0.1605, 4.4400, 9.2635
(31, 19): 0.1605, 4.4400, 9.2635
(31, 20): 0.3047, 4.4500, 44.1733
(31, 21): 0.1400, 4.4100, 13.4664
(31, 22): 0.1400, 4.4100, 13.4664
(31, 23): 0.1098, 4.4100, 9.8220
(31, 24): 0.1098, 4.4100, 9.8220
(31, 25): 0.1098, 4.4100, 9.8220
(31, 26): 0.1098, 4.4100, 9.8220
(31, 27): 0.1098, 4.4100, 9.8220
(32, 1): 0.1914, 4.4500, 38.4146
(32, 2): 0.1914, 4.4500, 38.4146
(32, 3): 0.1058, 4.4600, 19.1982
(32, 4): 0.1241, 4.5100, 14.6575
(32, 5): 0.1961, 4.4300, 54.8135
(32, 6): 0.2016, 4.4900, 48.9623
(32, 7): 0.1935, 4.4600, 13.4569
(32, 8): 0.1935, 4.4600, 13.4569
(32, 9): 0.1935, 4.4600, 13.4569
(32, 10): 0.2282, 4.4300, 4.9122
(32, 11): 0.2282, 4.4300, 4.9122
(32, 12): 0.1008, 4.4500, 10.3878
(32, 13): 0.1008, 4.4500, 10.3878
(32, 14): 0.1008, 4.4500, 10.3878
(32, 15): 0.1008, 4.4500, 10.3878
(32, 16): 0.1237, 4.4600, 28.1383
(32, 17): 0.1398, 4.4400, 14.5054
(32, 18): 0.1398, 4.4400, 14.5054
(32, 19): 0.1398, 4.4400, 14.5054
(32, 20): 0.3101, 4.4700, 50.9927
(32, 21): 0.2529, 4.4100, 35.0744
(32, 22): 0.1098, 4.4100, 9.8220
(32, 23): 0.1098, 4.4100, 9.8220
(32, 24): 0.1098, 4.4100, 9.8220
(32, 25): 0.1098, 4.4100, 9.8220
(32, 26): 0.1098, 4.4100, 9.8220
(32, 27): 0.1098, 4.4100, 9.8220
(33, 1): 0.1914, 4.4500, 38.4146
(33, 2): 0.1914, 4.4500, 38.4146
(33, 3): 0.1058, 4.4600, 19.1982
(33, 4): 0.1241, 4.5100, 14.6575
(33, 5): 0.1961, 4.4300, 54.8135
(33, 6): 0.2016, 4.4900, 48.9623
(33, 7): 0.1935, 4.4600, 13.4569
(33, 8): 0.1935, 4.4600, 13.4569
(33, 9): 0.1935, 4.4600, 13.4569
(33, 10): 0.1935, 4.4600, 13.4569
(33, 11): 0.2282, 4.4300, 4.9122
(33, 12): 0.1008, 4.4500, 10.3878
(33, 13): 0.1008, 4.4500, 10.3878
(33, 14): 0.1008, 4.4500, 10.3878
(33, 15): 0.1008, 4.4500, 10.3878
(33, 16): 0.2012, 4.4400, 36.0448
(33, 17): 0.2012, 4.4400, 36.0448
(33, 18): 0.2012, 4.4400, 36.0448
(33, 19): 0.2012, 4.4400, 36.0448
(33, 20): 0.2583, 4.4200, 56.1792
(33, 21): 0.2943, 4.6300, 51.8336
(33, 22): 0.1897, 4.4700, 24.5970
(33, 23): 0.1897, 4.4700, 24.5970
(33, 24): 0.1897, 4.4700, 24.5970
(33, 25): 0.1897, 4.4700, 24.5970
(33, 26): 0.1897, 4.4700, 24.5970
(33, 27): 0.1897, 4.4700, 24.5970
(34, 1): 0.1914, 4.4500, 38.4146
(34, 2): 0.1914, 4.4500, 38.4146
(34, 3): 0.1058, 4.4600, 19.1982
(34, 4): 0.1241, 4.5100, 14.6575
(34, 5): 0.1961, 4.4300, 54.8135
(34, 6): 0.2016, 4.4900, 48.9623
(34, 7): 0.1935, 4.4600, 13.4569
(34, 8): 0.1935, 4.4600, 13.4569
(34, 9): 0.1935, 4.4600, 13.4569
(34, 10): 0.1935, 4.4600, 13.4569
(34, 11): 0.1935, 4.4600, 13.4569
(34, 12): 0.1008, 4.4500, 10.3878
(34, 13): 0.1008, 4.4500, 10.3878
(34, 14): 0.2728, 4.4300, 29.0702
(34, 15): 0.2728, 4.4300, 29.0702
(34, 16): 0.2728, 4.4300, 29.0702
(34, 17): 0.2728, 4.4300, 29.0702
(34, 18): 0.2728, 4.4300, 29.0702
(34, 19): 0.2728, 4.4300, 29.0702
(34, 20): 0.3228, 4.4500, 52.4868
(34, 21): 0.3775, 4.4500, 47.3790
(34, 22): 0.1283, 4.4200, 10.1459
(34, 23): 0.1283, 4.4200, 10.1459
(34, 24): 0.1283, 4.4200, 10.1459
(34, 25): 0.1283, 4.4200, 10.1459
(34, 26): 0.1283, 4.4200, 10.1459
(34, 27): 0.1283, 4.4200, 10.1459
