(10, 7): nan, nan, nan, 0.0000
(10, 8): nan, nan, nan, 0.0000
(10, 9): nan, nan, nan, 0.0000
(10, 10): 0.1799, 4.4100, 27.7500, 0.2161
(10, 11): 0.1055, 4.4200, 11.0949, 0.3412
(10, 12): 0.1501, 4.4300, 29.3707, 0.2135
(10, 13): nan, nan, nan, 0.0000
(10, 14): 0.0613, 4.4300, 4.3085, 0.4943
(10, 15): 0.1802, 4.4500, 47.8636, 0.1785
(10, 16): 0.1709, 4.4100, 54.7577, 0.1977
(10, 17): 0.2070, 4.4800, 52.9695, 0.1864
(10, 18): 0.1802, 4.5300, 58.3049, 0.1680
(10, 19): 0.1590, 4.4300, 60.8701, 0.1636
(10, 20): 0.1735, 4.5100, 55.0288, 0.1592
(10, 21): 0.1801, 4.5600, 64.4877, 0.1522
(10, 22): 0.1786, 4.4600, 66.1159, 0.1601
(10, 23): 0.1679, 4.6200, 67.4310, 0.1776
(10, 24): 0.1787, 4.4700, 62.4146, 0.1540
(10, 25): 0.1762, 4.4100, 63.1707, 0.1522
(10, 26): 0.1994, 4.4300, 59.4240, 0.1566
(10, 27): nan, nan, nan, 0.0000
(11, 1): nan, nan, nan, 0.0000
(11, 2): nan, nan, nan, 0.0000
(11, 3): nan, nan, nan, 0.0000
(11, 4): nan, nan, nan, 0.0000
(11, 5): nan, nan, nan, 0.0000
(11, 6): nan, nan, nan, 0.0000
(11, 7): nan, nan, nan, 0.0000
(11, 8): nan, nan, nan, 0.0000
(11, 9): nan, nan, nan, 0.0000
(11, 10): 0.1589, 4.4100, 38.9668, 0.1916
(11, 11): 0.1636, 4.5100, 51.1953, 0.1697
(11, 12): 0.1779, 4.4200, 51.1631, 0.1732
(11, 13): 0.0745, 4.4100, 16.0734, 0.2975
(11, 14): nan, nan, nan, 0.0000
(11, 15): nan, nan, nan, 0.0000
(11, 16): 0.0318, 4.4100, 9.0407, 0.3937
(11, 17): 0.1998, 4.4500, 52.5052, 0.1986
(11, 18): 0.1848, 4.4900, 57.9534, 0.1767
(11, 19): 0.1657, 4.4661, 54.4186, 0.1724
(11, 20): 0.1338, 4.5100, 58.8079, 0.1671
(11, 21): 0.1393, 4.4900, 64.4737, 0.1706
(11, 22): 0.1412, 4.4100, 65.5460, 0.1627
(11, 23): 0.1661, 4.4500, 60.8379, 0.1706
(11, 24): 0.2069, 4.5400, 59.9609, 0.1654
(11, 25): 0.1725, 4.4600, 64.1203, 0.1697
(11, 26): 0.2008, 4.6000, 58.6630, 0.1636
(11, 27): nan, nan, nan, 0.0000
(12, 1): nan, nan, nan, 0.0000
(12, 2): nan, nan, nan, 0.0000
(12, 3): nan, nan, nan, 0.0000
(12, 4): nan, nan, nan, 0.0000
(12, 5): nan, nan, nan, 0.0000
(12, 6): nan, nan, nan, 0.0000
(12, 7): nan, nan, nan, 0.0000
(12, 8): nan, nan, nan, 0.0000
(12, 9): nan, nan, nan, 0.0000
(12, 10): 0.1392, 4.4500, 51.1287, 0.1636
(12, 11): 0.1568, 4.5400, 53.4260, 0.1522
(12, 12): 0.1504, 4.4500, 55.4277, 0.1654
(12, 13): 0.1183, 4.4200, 44.2053, 0.1925
(12, 14): 0.1054, 4.4200, 26.4894, 0.2336
(12, 15): nan, nan, nan, 0.0000
(12, 16): 0.0726, 4.4100, 16.1254, 0.3386
(12, 17): 0.1517, 4.4600, 53.0347, 0.1951
(12, 18): 0.1679, 4.5000, 55.5085, 0.1785
(12, 19): 0.1407, 4.4700, 53.6813, 0.1759
(12, 20): 0.1535, 4.4900, 59.7928, 0.1715
(12, 21): 0.1371, 4.4400, 64.0036, 0.1767
(12, 22): 0.1379, 4.4300, 65.0396, 0.1671
(12, 23): 0.1668, 4.5500, 61.6695, 0.1654
(12, 24): 0.1930, 4.4300, 53.9067, 0.1899
(12, 25): 0.1055, 4.4800, 18.6354, 0.2625
(12, 26): 0.1005, 4.4400, 18.1645, 0.2607
(12, 27): nan, nan, nan, 0.0000
(13, 1): nan, nan, nan, 0.0000
(13, 2): nan, nan, nan, 0.0000
(13, 3): nan, nan, nan, 0.0000
(13, 4): nan, nan, nan, 0.0000
(13, 5): nan, nan, nan, 0.0000
(13, 6): nan, nan, nan, 0.0000
(13, 7): nan, nan, nan, 0.0000
(13, 8): nan, nan, nan, 0.0000
(13, 9): nan, nan, nan, 0.0000
(13, 10): 0.1119, 4.4900, 59.0052, 0.1619
(13, 11): 0.1157, 4.6000, 59.9032, 0.1540
(13, 12): 0.1162, 4.5399, 56.8176, 0.1724
(13, 13): 0.1238, 4.4100, 45.2958, 0.1899
(13, 14): 0.0949, 4.4200, 8.1228, 0.3657
(13, 15): nan, nan, nan, 0.0000
(13, 16): 0.0129, 4.5400, 8.6558, 0.4392
(13, 17): 0.1204, 4.4800, 43.5012, 0.2345
(13, 18): 0.1424, 4.4300, 48.6269, 0.1969
(13, 19): 0.1518, 4.5400, 57.5435, 0.1872
(13, 20): 0.1737, 4.4300, 59.2374, 0.1645
(13, 21): 0.1527, 4.4300, 61.0995, 0.1741
(13, 22): 0.1819, 4.4800, 59.6665, 0.1584
(13, 23): 0.1722, 4.4100, 61.5512, 0.1689
(13, 24): 0.2098, 4.4400, 49.9979, 0.1855
(13, 25): -0.0012, 4.4200, 5.6341, 0.4689
(13, 26): nan, nan, nan, 0.0000
(13, 27): nan, nan, nan, 0.0000
(14, 1): nan, nan, nan, 0.0000
(14, 2): nan, nan, nan, 0.0000
(14, 3): nan, nan, nan, 0.0000
(14, 4): nan, nan, nan, 0.0000
(14, 5): nan, nan, nan, 0.0000
(14, 6): nan, nan, nan, 0.0000
(14, 7): nan, nan, nan, 0.0000
(14, 8): nan, nan, nan, 0.0000
(14, 9): nan, nan, nan, 0.0000
(14, 10): 0.1405, 4.4100, 59.2866, 0.1715
(14, 11): 0.1051, 4.4200, 62.3289, 0.1820
(14, 12): 0.1208, 4.5000, 58.1948, 0.1872
(14, 13): -0.0541, 4.4100, 5.4326, 0.4698
(14, 14): nan, nan, nan, 0.0000
(14, 15): -0.0101, 4.4400, 5.0649, 0.4943
(14, 16): 0.1285, 4.4200, 47.7845, 0.2817
(14, 17): 0.1209, 4.4100, 62.0647, 0.2327
(14, 18): 0.1440, 4.6200, 56.8289, 0.1942
(14, 19): 0.1404, 4.5200, 64.0029, 0.1872
(14, 20): 0.1734, 4.4200, 60.6291, 0.1697
(14, 21): 0.1484, 4.4500, 60.6468, 0.1724
(14, 22): 0.1654, 4.4100, 61.6354, 0.1715
(14, 23): 0.1662, 4.4200, 60.7953, 0.1636
(14, 24): 0.1763, 4.4100, 52.9999, 0.1724
(14, 25): 0.1298, 4.4200, 31.0810, 0.2170
(14, 26): 0.1161, 4.4800, 34.6264, 0.2143
(14, 27): -0.0594, 4.4300, 5.1554, 0.4488
(15, 1): nan, nan, nan, 0.0000
(15, 2): nan, nan, nan, 0.0000
(15, 3): nan, nan, nan, 0.0000
(15, 4): nan, nan, nan, 0.0000
(15, 5): nan, nan, nan, 0.0000
(15, 6): nan, nan, nan, 0.0000
(15, 7): nan, nan, nan, 0.0000
(15, 8): nan, nan, nan, 0.0000
(15, 9): 0.0833, 4.4700, 12.7417, 0.3193
(15, 10): 0.1537, 4.4300, 59.1848, 0.2248
(15, 11): 0.1397, 4.4600, 60.1675, 0.2205
(15, 12): 0.1361, 4.4500, 61.0485, 0.1995
(15, 13): 0.0386, 4.4100, 22.8782, 0.2756
(15, 14): -0.0561, 4.4100, 5.4309, 0.4891
(15, 15): 0.0858, 4.4100, 54.0186, 0.2362
(15, 16): 0.0809, 4.6200, 66.9358, 0.2178
(15, 17): 0.1007, 4.4500, 61.2593, 0.2450
(15, 18): 0.1347, 4.4100, 54.1769, 0.1872
(15, 19): 0.1549, 4.4800, 64.0349, 0.1715
(15, 20): 0.1185, 4.4100, 65.3804, 0.1837
(15, 21): 0.1384, 4.4200, 61.4070, 0.1671
(15, 22): 0.1387, 4.4300, 62.0350, 0.1662
(15, 23): 0.1382, 4.4200, 60.8261, 0.1592
(15, 24): 0.1625, 4.4300, 59.3776, 0.1732
(15, 25): 0.1466, 4.4600, 61.4836, 0.1654
(15, 26): 0.1757, 4.4200, 56.7492, 0.1514
(15, 27): 0.0802, 4.5200, 39.0499, 0.2003
(16, 1): nan, nan, nan, 0.0000
(16, 2): nan, nan, nan, 0.0000
(16, 3): nan, nan, nan, 0.0000
(16, 4): nan, nan, nan, 0.0000
(16, 5): nan, nan, nan, 0.0000
(16, 6): nan, nan, nan, 0.0000
(16, 7): nan, nan, nan, 0.0000
(16, 8): nan, nan, nan, 0.0000
(16, 9): 0.1006, 4.4900, 19.6852, 0.2528
(16, 10): 0.1517, 4.4600, 59.0438, 0.2695
(16, 11): 0.1558, 4.4400, 60.2682, 0.2511
(16, 12): 0.0984, 4.4100, 62.6117, 0.2091
(16, 13): 0.0436, 4.4600, 22.4649, 0.2765
(16, 14): 0.0805, 4.4200, 63.5513, 0.2493
(16, 15): 0.1134, 4.4300, 64.8202, 0.2485
(16, 16): 0.0855, 4.4300, 59.3688, 0.2283
(16, 17): 0.0919, 4.4100, 54.8241, 0.2038
(16, 18): 0.1270, 4.4600, 69.5001, 0.1636
(16, 19): 0.1391, 4.4200, 67.2635, 0.1610
(16, 20): 0.1040, 4.4300, 65.9498, 0.1662
(16, 21): 0.0994, 4.5700, 65.3919, 0.1601
(16, 22): 0.0896, 4.4500, 65.7844, 0.1610
(16, 23): 0.0954, 4.5000, 65.8021, 0.1706
(16, 24): 0.1393, 4.4900, 62.0852, 0.1697
(16, 25): 0.1364, 4.4100, 64.1014, 0.1654
(16, 26): 0.1226, 4.5000, 62.2966, 0.1636
(16, 27): 0.0576, 4.4900, 36.6389, 0.2065
(17, 1): nan, nan, nan, 0.0000
(17, 2): nan, nan, nan, 0.0000
(17, 3): nan, nan, nan, 0.0000
(17, 4): nan, nan, nan, 0.0000
(17, 5): nan, nan, nan, 0.0000
(17, 6): nan, nan, nan, 0.0000
(17, 7): nan, nan, nan, 0.0000
(17, 8): nan, nan, nan, 0.0000
(17, 9): 0.0713, 4.4800, 44.7503, 0.1872
(17, 10): 0.1114, 4.4900, 61.8248, 0.1575
(17, 11): 0.0988, 4.4900, 64.3950, 0.1706
(17, 12): 0.0470, 4.6900, 69.4183, 0.2012
(17, 13): 0.0447, 4.5000, 59.5878, 0.2021
(17, 14): 0.0966, 4.5000, 51.9279, 0.1776
(17, 15): 0.1064, 4.4300, 59.1506, 0.2170
(17, 16): 0.1207, 4.4200, 57.9101, 0.2161
(17, 17): 0.1438, 4.5157, 66.7299, 0.1584
(17, 18): 0.1198, 4.4200, 72.8633, 0.1522
(17, 19): 0.1339, 4.4200, 72.0674, 0.1540
(17, 20): 0.1148, 4.4200, 68.0392, 0.1584
(17, 21): 0.0851, 4.7900, 66.9307, 0.1697
(17, 22): 0.0801, 4.4400, 66.0519, 0.1601
(17, 23): 0.0701, 4.4500, 65.8681, 0.1689
(17, 24): 0.1174, 4.4800, 63.4598, 0.1610
(17, 25): 0.1135, 4.7400, 67.6692, 0.1767
(17, 26): 0.0956, 4.4900, 55.0634, 0.1785
(17, 27): nan, nan, nan, 0.0000
(18, 1): nan, nan, nan, 0.0000
(18, 2): nan, nan, nan, 0.0000
(18, 3): nan, nan, nan, 0.0000
(18, 4): nan, nan, nan, 0.0000
(18, 5): nan, nan, nan, 0.0000
(18, 6): nan, nan, nan, 0.0000
(18, 7): nan, nan, nan, 0.0000
(18, 8): -0.0680, 4.4100, 5.3419, 0.4654
(18, 9): 0.0859, 4.4100, 61.5033, 0.1671
(18, 10): 0.0458, 4.4300, 68.3396, 0.1724
(18, 11): 0.0840, 4.4300, 65.1421, 0.1759
(18, 12): 0.0710, 4.4900, 67.1442, 0.1759
(18, 13): 0.0706, 4.4600, 68.8020, 0.1794
(18, 14): 0.1055, 4.4300, 69.9261, 0.1680
(18, 15): 0.1178, 4.6200, 69.4159, 0.1645
(18, 16): 0.1199, 4.5400, 68.4582, 0.1619
(18, 17): 0.1305, 4.5500, 69.1273, 0.1584
(18, 18): 0.1080, 4.5900, 74.4906, 0.1540
(18, 19): 0.1098, 4.4300, 77.3126, 0.1584
(18, 20): 0.1328, 4.5500, 69.4130, 0.1619
(18, 21): 0.1113, 4.4200, 67.1252, 0.1680
(18, 22): 0.1113, 4.4100, 65.7236, 0.1601
(18, 23): 0.1092, 4.5800, 64.9164, 0.1557
(18, 24): 0.1061, 4.4400, 67.4518, 0.1549
(18, 25): 0.0968, 4.4400, 58.1910, 0.1732
(18, 26): 0.0324, 4.4200, 13.7556, 0.2738
(18, 27): nan, nan, nan, 0.0000
(19, 1): nan, nan, nan, 0.0000
(19, 2): nan, nan, nan, 0.0000
(19, 3): nan, nan, nan, 0.0000
(19, 4): nan, nan, nan, 0.0000
(19, 5): nan, nan, nan, 0.0000
(19, 6): nan, nan, nan, 0.0000
(19, 7): nan, nan, nan, 0.0000
(19, 8): 0.0446, 4.4300, 35.8434, 0.1969
(19, 9): 0.0763, 4.6800, 68.1507, 0.1680
(19, 10): 0.0957, 4.4300, 64.3630, 0.1575
(19, 11): 0.1115, 4.5100, 63.2878, 0.1776
(19, 12): 0.0865, 4.4200, 65.7169, 0.1706
(1, 1): nan, nan, nan, 0.0000
(1, 2): nan, nan, nan, 0.0000
(1, 3): nan, nan, nan, 0.0000
(1, 4): nan, nan, nan, 0.0000
(1, 5): nan, nan, nan, 0.0000
(1, 6): nan, nan, nan, 0.0000
(1, 7): nan, nan, nan, 0.0000
(1, 8): nan, nan, nan, 0.0000
(1, 9): nan, nan, nan, 0.0000
(1, 10): nan, nan, nan, 0.0000
(1, 11): nan, nan, nan, 0.0000
(1, 12): nan, nan, nan, 0.0000
(1, 13): nan, nan, nan, 0.0000
(1, 14): nan, nan, nan, 0.0000
(1, 15): nan, nan, nan, 0.0000
(1, 16): nan, nan, nan, 0.0000
(1, 17): nan, nan, nan, 0.0000
(1, 18): nan, nan, nan, 0.0000
(1, 19): nan, nan, nan, 0.0000
(1, 20): nan, nan, nan, 0.0000
(1, 21): nan, nan, nan, 0.0000
(1, 22): nan, nan, nan, 0.0000
(1, 23): nan, nan, nan, 0.0000
(1, 24): nan, nan, nan, 0.0000
(1, 25): nan, nan, nan, 0.0000
(1, 26): nan, nan, nan, 0.0000
(1, 27): nan, nan, nan, 0.0000
(2, 1): nan, nan, nan, 0.0000
(2, 2): nan, nan, nan, 0.0000
(2, 3): nan, nan, nan, 0.0000
(2, 4): nan, nan, nan, 0.0000
(2, 5): nan, nan, nan, 0.0000
(2, 6): nan, nan, nan, 0.0000
(2, 7): nan, nan, nan, 0.0000
(2, 8): nan, nan, nan, 0.0000
(2, 9): nan, nan, nan, 0.0000
(2, 10): nan, nan, nan, 0.0000
(2, 11): nan, nan, nan, 0.0000
(2, 12): nan, nan, nan, 0.0000
(2, 13): nan, nan, nan, 0.0000
(2, 14): nan, nan, nan, 0.0000
(2, 15): nan, nan, nan, 0.0000
(2, 16): nan, nan, nan, 0.0000
(2, 17): nan, nan, nan, 0.0000
(2, 18): nan, nan, nan, 0.0000
(2, 19): nan, nan, nan, 0.0000
(2, 20): 0.0427, 4.4700, 8.0593, 0.3491
(2, 21): 0.0849, 4.4200, 9.2441, 0.4016
(2, 22): nan, nan, nan, 0.0000
(2, 23): nan, nan, nan, 0.0000
(2, 24): nan, nan, nan, 0.0000
(2, 25): nan, nan, nan, 0.0000
(2, 26): nan, nan, nan, 0.0000
(2, 27): nan, nan, nan, 0.0000
(3, 1): nan, nan, nan, 0.0000
(3, 2): nan, nan, nan, 0.0000
(3, 3): nan, nan, nan, 0.0000
(3, 4): nan, nan, nan, 0.0000
(3, 5): nan, nan, nan, 0.0000
(3, 6): nan, nan, nan, 0.0000
(3, 7): nan, nan, nan, 0.0000
(3, 8): nan, nan, nan, 0.0000
(3, 9): nan, nan, nan, 0.0000
(3, 10): nan, nan, nan, 0.0000
(3, 11): nan, nan, nan, 0.0000
(3, 12): nan, nan, nan, 0.0000
(3, 13): nan, nan, nan, 0.0000
(3, 14): nan, nan, nan, 0.0000
(3, 15): nan, nan, nan, 0.0000
(3, 16): 0.0172, 4.4800, 17.3351, 0.2773
(3, 17): 0.0184, 4.4100, 17.3168, 0.2651
(3, 18): 0.0241, 4.4400, 8.3225, 0.3386
(3, 19): 0.0484, 4.4200, 14.8907, 0.2397
(3, 20): 0.0081, 4.4500, 8.2108, 0.3386
(3, 21): 0.0768, 4.4200, 13.0409, 0.2677
(3, 22): 0.0487, 4.4300, 39.8189, 0.1969
(3, 23): 0.1008, 4.4700, 52.9612, 0.1680
(3, 24): 0.1387, 4.4500, 43.3668, 0.1741
(3, 25): nan, nan, nan, 0.0000
(3, 26): nan, nan, nan, 0.0000
(3, 27): nan, nan, nan, 0.0000
(4, 1): nan, nan, nan, 0.0000
(4, 2): nan, nan, nan, 0.0000
(4, 3): nan, nan, nan, 0.0000
(4, 4): nan, nan, nan, 0.0000
(4, 5): nan, nan, nan, 0.0000
(4, 6): nan, nan, nan, 0.0000
(4, 7): nan, nan, nan, 0.0000
(4, 8): nan, nan, nan, 0.0000
(4, 9): nan, nan, nan, 0.0000
(4, 10): nan, nan, nan, 0.0000
(4, 11): nan, nan, nan, 0.0000
(4, 12): nan, nan, nan, 0.0000
(4, 13): 0.0612, 4.4186, 12.2225, 0.3010
(4, 14): 0.0566, 4.4100, 29.2598, 0.2336
(4, 15): 0.0240, 4.4100, 12.9060, 0.3123
(4, 16): 0.0526, 4.4500, 12.4068, 0.2878
(4, 17): 0.0256, 4.4600, 13.6169, 0.2808
(4, 18): 0.0451, 4.4400, 42.6441, 0.1907
(4, 19): 0.0642, 4.4300, 48.6016, 0.1706
(4, 20): 0.0782, 4.4500, 61.2596, 0.1584
(4, 21): 0.0792, 4.4800, 67.9107, 0.1619
(4, 22): 0.1035, 4.4900, 59.8859, 0.1566
(4, 23): 0.0840, 4.4100, 59.7276, 0.1549
(4, 24): 0.1351, 4.4300, 60.6996, 0.1514
(4, 25): 0.1298, 4.4500, 38.2841, 0.1977
(4, 26): 0.0280, 4.4800, 8.7344, 0.3368
(4, 27): nan, nan, nan, 0.0000
(5, 1): nan, nan, nan, 0.0000
(5, 2): nan, nan, nan, 0.0000
(5, 3): nan, nan, nan, 0.0000
(5, 4): nan, nan, nan, 0.0000
(5, 5): nan, nan, nan, 0.0000
(5, 6): nan, nan, nan, 0.0000
(5, 7): nan, nan, nan, 0.0000
(5, 8): nan, nan, nan, 0.0000
(5, 9): nan, nan, nan, 0.0000
(5, 10): nan, nan, nan, 0.0000
(5, 11): nan, nan, nan, 0.0000
(5, 12): nan, nan, nan, 0.0000
(5, 13): 0.0578, 4.4900, 16.4495, 0.2791
(5, 14): nan, nan, nan, 0.0000
(5, 15): nan, nan, nan, 0.0000
(5, 16): 0.0436, 4.5000, 34.1209, 0.2117
(5, 17): 0.1143, 4.4400, 60.9894, 0.1636
(5, 18): 0.0748, 4.4500, 63.3773, 0.1654
(5, 19): 0.0561, 4.5600, 65.1384, 0.1627
(5, 20): 0.0688, 4.4400, 69.9013, 0.1575
(5, 21): 0.0767, 4.4500, 67.1600, 0.1601
(5, 22): 0.0867, 4.4100, 58.2703, 0.1671
(5, 23): 0.1000, 4.5200, 60.7491, 0.1540
(5, 24): 0.1197, 4.5000, 63.7178, 0.1505
(5, 25): 0.1397, 4.4300, 60.6910, 0.1645
(5, 26): 0.1202, 4.4800, 56.3372, 0.1689
(5, 27): -0.0029, 4.5100, 17.3039, 0.2800
(6, 1): nan, nan, nan, 0.0000
(6, 2): nan, nan, nan, 0.0000
(6, 3): nan, nan, nan, 0.0000
(6, 4): nan, nan, nan, 0.0000
(6, 5): nan, nan, nan, 0.0000
(6, 6): nan, nan, nan, 0.0000
(6, 7): nan, nan, nan, 0.0000
(6, 8): nan, nan, nan, 0.0000
(6, 9): nan, nan, nan, 0.0000
(6, 10): nan, nan, nan, 0.0000
(6, 11): 0.0888, 4.4100, 19.2350, 0.2607
(6, 12): 0.0894, 4.4100, 8.4241, 0.3701
(6, 13): nan, nan, nan, 0.0000
(6, 14): nan, nan, nan, 0.0000
(6, 15): 0.1114, 4.4500, 36.3695, 0.2371
(6, 16): 0.1708, 4.4800, 56.3754, 0.1767
(6, 17): 0.1129, 4.4300, 60.7882, 0.1794
(6, 18): 0.0923, 4.5600, 63.8453, 0.1680
(6, 19): 0.0693, 4.4900, 66.9822, 0.1776
(6, 20): 0.0991, 4.4200, 69.7495, 0.1697
(6, 21): 0.1090, 4.4700, 62.9379, 0.1514
(6, 22): 0.0867, 4.4400, 61.5749, 0.1662
(6, 23): 0.0872, 4.4500, 67.6735, 0.1680
(6, 24): 0.1174, 4.4100, 62.1022, 0.1461
(6, 25): 0.1205, 4.4100, 61.4020, 0.1566
(6, 26): 0.1285, 4.4200, 59.2542, 0.1619
(6, 27): 0.0349, 4.4300, 20.3853, 0.2555
(7, 1): nan, nan, nan, 0.0000
(7, 2): nan, nan, nan, 0.0000
(7, 3): nan, nan, nan, 0.0000
(7, 4): nan, nan, nan, 0.0000
(7, 5): nan, nan, nan, 0.0000
(7, 6): nan, nan, nan, 0.0000
(7, 7): nan, nan, nan, 0.0000
(7, 8): nan, nan, nan, 0.0000
(7, 9): nan, nan, nan, 0.0000
(7, 10): 0.1581, 4.4200, 3.7535, 0.4934
(7, 11): 0.1156, 4.4700, 18.2411, 0.2703
(7, 12): nan, nan, nan, 0.0000
(7, 13): nan, nan, nan, 0.0000
(7, 14): nan, nan, nan, 0.0000
(7, 15): 0.1998, 4.4700, 50.6118, 0.2170
(7, 16): 0.1698, 4.4800, 53.9116, 0.2126
(7, 17): 0.1371, 4.4300, 58.6860, 0.1785
(7, 18): 0.1345, 4.4100, 59.0954, 0.1732
(7, 19): 0.1074, 4.4200, 65.4403, 0.1750
(7, 20): 0.0965, 4.6000, 71.4040, 0.1715
(7, 21): 0.0869, 4.6800, 66.0969, 0.1645
(7, 22): 0.1053, 4.4400, 67.1852, 0.1540
(7, 23): 0.1178, 4.5400, 69.5616, 0.1540
(7, 24): 0.1116, 4.4700, 66.0606, 0.1566
(7, 25): 0.1355, 4.5400, 60.8149, 0.1654
(7, 26): 0.1392, 4.5300, 58.0750, 0.1592
(7, 27): 0.1237, 4.4100, 34.6416, 0.2021
(8, 1): nan, nan, nan, 0.0000
(8, 2): nan, nan, nan, 0.0000
(8, 3): nan, nan, nan, 0.0000
(8, 4): nan, nan, nan, 0.0000
(8, 5): nan, nan, nan, 0.0000
(8, 6): nan, nan, nan, 0.0000
(8, 7): nan, nan, nan, 0.0000
(8, 8): nan, nan, nan, 0.0000
(8, 9): nan, nan, nan, 0.0000
(8, 10): 0.1418, 4.4100, 27.5761, 0.2213
(8, 11): 0.1288, 4.4200, 25.2034, 0.2353
(8, 12): nan, nan, nan, 0.0000
(8, 13): nan, nan, nan, 0.0000
(8, 14): 0.0815, 4.4200, 15.7198, 0.2905
(8, 15): 0.1408, 4.4100, 58.0520, 0.2143
(8, 16): 0.1757, 4.4200, 54.6156, 0.2213
(8, 17): 0.1750, 4.4100, 55.4962, 0.1969
(8, 18): 0.1206, 4.4400, 60.3316, 0.1872
(8, 19): 0.1273, 4.4600, 65.2379, 0.1715
(8, 20): 0.1217, 4.4100, 65.7924, 0.1741
(8, 21): 0.1282, 4.4600, 65.0444, 0.1531
(8, 22): 0.1547, 4.4600, 69.0751, 0.1514
(8, 23): 0.1382, 4.4200, 69.8518, 0.1531
(8, 24): 0.1414, 4.4200, 66.9099, 0.1549
(8, 25): 0.1744, 4.4800, 60.0425, 0.1601
(8, 26): 0.1562, 4.4400, 58.3546, 0.1732
(8, 27): 0.1351, 4.4700, 33.8893, 0.2082
(9, 1): nan, nan, nan, 0.0000
(9, 2): nan, nan, nan, 0.0000
(9, 3): nan, nan, nan, 0.0000
(9, 4): nan, nan, nan, 0.0000
(9, 5): nan, nan, nan, 0.0000
(9, 6): nan, nan, nan, 0.0000
(9, 7): nan, nan, nan, 0.0000
(9, 8): nan, nan, nan, 0.0000
(9, 9): nan, nan, nan, 0.0000
(9, 10): 0.1669, 4.4700, 27.3681, 0.2213
(9, 11): 0.1659, 4.4500, 3.8613, 0.4969
(9, 12): nan, nan, nan, 0.0000
(9, 13): nan, nan, nan, 0.0000
(9, 14): nan, nan, nan, 0.0000
(9, 15): 0.1462, 4.4700, 50.9585, 0.2021
(9, 16): 0.1789, 4.4300, 56.7032, 0.2030
(9, 17): 0.1746, 4.4500, 57.0946, 0.1969
(9, 18): 0.1430, 4.4700, 61.5190, 0.1794
(9, 19): 0.1473, 4.4800, 65.5025, 0.1645
(9, 20): 0.1239, 4.4100, 61.7220, 0.1715
(9, 21): 0.1391, 4.4900, 68.1876, 0.1619
(9, 22): 0.1699, 4.4500, 69.1143, 0.1654
(9, 23): 0.1731, 4.5700, 67.2180, 0.1566
(9, 24): 0.1545, 4.4400, 67.3734, 0.1549
(9, 25): 0.1730, 4.5000, 61.2490, 0.1592
(9, 26): 0.1733, 4.5000, 61.2655, 0.1584
(9, 27): 0.0183, 4.4700, 15.0591, 0.2983
(10, 1): nan, nan, nan, 0.0000
(10, 2): nan, nan, nan, 0.0000
(10, 3): nan, nan, nan, 0.0000
(10, 4): nan, nan, nan, 0.0000
(10, 5): nan, nan, nan, 0.0000
(10, 6): nan, nan, nan, 0.0000
(19, 13): 0.1010, 4.6200, 66.0663, 0.1829
(19, 14): 0.1200, 4.4400, 68.8530, 0.1706
(19, 15): 0.1253, 4.4300, 70.5436, 0.1689
(19, 16): 0.1297, 4.4600, 69.2889, 0.1610
(19, 17): 0.1381, 4.5700, 68.3652, 0.1505
(19, 18): 0.1494, 4.4400, 70.0000, 0.1435
(19, 19): 0.1565, 4.4400, 71.5596, 0.1400
(19, 20): 0.1573, 4.5500, 69.4375, 0.1435
(19, 21): 0.1357, 4.4700, 67.1152, 0.1549
(19, 22): 0.1361, 4.4200, 63.5743, 0.1592
(19, 23): 0.1354, 4.4100, 62.9054, 0.1514
(19, 24): 0.0975, 4.4500, 64.0707, 0.1417
(19, 25): 0.0245, 4.5000, 40.5897, 0.1767
(19, 26): -0.0469, 4.4200, 4.5041, 0.4392
(19, 27): nan, nan, nan, 0.0000
(20, 1): nan, nan, nan, 0.0000
(20, 2): nan, nan, nan, 0.0000
(20, 3): nan, nan, nan, 0.0000
(20, 4): nan, nan, nan, 0.0000
(20, 5): nan, nan, nan, 0.0000
(20, 6): nan, nan, nan, 0.0000
(20, 7): 0.0022, 4.5800, 14.9932, 0.2843
(20, 8): 0.0877, 4.4300, 68.9838, 0.1662
(20, 9): 0.1072, 4.4100, 67.4891, 0.1531
(20, 10): 0.1255, 4.4200, 63.6946, 0.1461
(20, 11): 0.1235, 4.5900, 63.1849, 0.1829
(20, 12): 0.1129, 4.5000, 63.5645, 0.1785
(20, 13): 0.1336, 4.4500, 62.8055, 0.1645
(20, 14): 0.1394, 4.4500, 66.0629, 0.1706
(20, 15): 0.1170, 4.4500, 69.6400, 0.1592
(20, 16): 0.1476, 4.6100, 66.2380, 0.1610
(20, 17): 0.1366, 4.4200, 66.2582, 0.1601
(20, 18): 0.1340, 4.5200, 69.2122, 0.1479
(20, 19): 0.1405, 4.5200, 71.1597, 0.1496
(20, 20): 0.1529, 4.5100, 66.7001, 0.1409
(20, 21): 0.1246, 4.4200, 62.7478, 0.1601
(20, 22): 0.1092, 4.4700, 61.0957, 0.1654
(20, 23): 0.1026, 4.6200, 63.1304, 0.1549
(20, 24): 0.0801, 4.4100, 68.7000, 0.1540
(20, 25): 0.0551, 4.4400, 65.8430, 0.1461
(20, 26): -0.0268, 4.4400, 14.1853, 0.2563
(20, 27): nan, nan, nan, 0.0000
(21, 1): nan, nan, nan, 0.0000
(21, 2): nan, nan, nan, 0.0000
(21, 3): nan, nan, nan, 0.0000
(21, 4): nan, nan, nan, 0.0000
(21, 5): nan, nan, nan, 0.0000
(21, 6): 0.0069, 4.4200, 15.5093, 0.2975
(21, 7): 0.1136, 4.4100, 57.5069, 0.1662
(21, 8): 0.1169, 4.4600, 65.1166, 0.1610
(21, 9): 0.1266, 4.4400, 66.1497, 0.1461
(21, 10): 0.1671, 4.4200, 60.5399, 0.1487
(21, 11): 0.1421, 4.4200, 62.8700, 0.1627
(21, 12): 0.1345, 4.4300, 62.9606, 0.1820
(21, 13): 0.1566, 4.4100, 62.4146, 0.1619
(21, 14): 0.1387, 4.4400, 65.5175, 0.1636
(21, 15): 0.1018, 4.4800, 67.4739, 0.1619
(21, 16): 0.1085, 4.4400, 63.5951, 0.1636
(21, 17): 0.1256, 4.4900, 62.7704, 0.1662
(21, 18): 0.1120, 4.4500, 65.4025, 0.1584
(21, 19): 0.0994, 4.4100, 67.5594, 0.1645
(21, 20): 0.0834, 4.4500, 66.3740, 0.1601
(21, 21): 0.0721, 4.4500, 53.5371, 0.1680
(21, 22): 0.0794, 4.4100, 55.8482, 0.1724
(21, 23): 0.0625, 4.4400, 59.1523, 0.1697
(21, 24): 0.0375, 4.4400, 31.4473, 0.1977
(21, 25): nan, nan, nan, 0.0000
(21, 26): nan, nan, nan, 0.0000
(21, 27): nan, nan, nan, 0.0000
(22, 1): nan, nan, nan, 0.0000
(22, 2): nan, nan, nan, 0.0000
(22, 3): nan, nan, nan, 0.0000
(22, 4): nan, nan, nan, 0.0000
(22, 5): nan, nan, nan, 0.0000
(22, 6): 0.0751, 4.4100, 42.2985, 0.1942
(22, 7): 0.1453, 4.4300, 59.4868, 0.1680
(22, 8): 0.1344, 4.4300, 61.0037, 0.1785
(22, 9): 0.1395, 4.5400, 65.1649, 0.1645
(22, 10): 0.1601, 4.4900, 64.9065, 0.1549
(22, 11): 0.1581, 4.4600, 65.1384, 0.1470
(22, 12): 0.1768, 4.4598, 60.4315, 0.1461
(22, 13): 0.1667, 4.5100, 62.6721, 0.1566
(22, 14): 0.1449, 4.6800, 63.8927, 0.1601
(22, 15): 0.1294, 4.4400, 63.0991, 0.1671
(22, 16): 0.1180, 4.4500, 63.1319, 0.1566
(22, 17): 0.1187, 4.5200, 62.7254, 0.1706
(22, 18): 0.1170, 4.5100, 63.4920, 0.1531
(22, 19): 0.0887, 4.5700, 68.4580, 0.2038
(22, 20): 0.0699, 4.4300, 52.3833, 0.1697
(22, 21): -0.0254, 4.4600, 9.7297, 0.3167
(22, 22): nan, nan, nan, 0.0000
(22, 23): nan, nan, nan, 0.0000
(22, 24): nan, nan, nan, 0.0000
(22, 25): nan, nan, nan, 0.0000
(22, 26): nan, nan, nan, 0.0000
(22, 27): nan, nan, nan, 0.0000
(23, 1): nan, nan, nan, 0.0000
(23, 2): nan, nan, nan, 0.0000
(23, 3): nan, nan, nan, 0.0000
(23, 4): nan, nan, nan, 0.0000
(23, 5): 0.0056, 4.4200, 18.0272, 0.2598
(23, 6): 0.0430, 4.5200, 39.0942, 0.1986
(23, 7): 0.0927, 4.4300, 48.2400, 0.1697
(23, 8): 0.1144, 4.4100, 63.5189, 0.1680
(23, 9): 0.1283, 4.4100, 66.1422, 0.1417
(23, 10): 0.1615, 4.4600, 61.5911, 0.1592
(23, 11): 0.1873, 4.4200, 61.2666, 0.1531
(23, 12): 0.1613, 4.4100, 63.6683, 0.1662
(23, 13): 0.1567, 4.4200, 61.7669, 0.1514
(23, 14): 0.1562, 4.6000, 60.0814, 0.1452
(23, 15): 0.1500, 4.4300, 60.3865, 0.1496
(23, 16): 0.1396, 4.6300, 61.6872, 0.1540
(23, 17): 0.1300, 4.4700, 62.5560, 0.1566
(23, 18): 0.1122, 4.4100, 64.6705, 0.1557
(23, 19): 0.0718, 4.5500, 69.9552, 0.1522
(23, 20): 0.0547, 4.4500, 59.5912, 0.1662
(23, 21): nan, nan, nan, 0.0000
(23, 22): nan, nan, nan, 0.0000
(23, 23): nan, nan, nan, 0.0000
(23, 24): nan, nan, nan, 0.0000
(23, 25): nan, nan, nan, 0.0000
(23, 26): nan, nan, nan, 0.0000
(23, 27): nan, nan, nan, 0.0000
(24, 1): nan, nan, nan, 0.0000
(24, 2): nan, nan, nan, 0.0000
(24, 3): nan, nan, nan, 0.0000
(24, 4): -0.0298, 4.4600, 13.4269, 0.3062
(24, 5): 0.0345, 4.4100, 24.5091, 0.2187
(24, 6): 0.0273, 4.4300, 26.6065, 0.2231
(24, 7): 0.1040, 4.4200, 56.1525, 0.1487
(24, 8): 0.1076, 4.4100, 41.8961, 0.1680
(24, 9): 0.1446, 4.6000, 51.7110, 0.1470
(24, 10): 0.1689, 4.4400, 48.1197, 0.1584
(24, 11): 0.1829, 4.4500, 59.5597, 0.1566
(24, 12): 0.1637, 4.4300, 61.7706, 0.1654
(24, 13): 0.1660, 4.4900, 59.4576, 0.1461
(24, 14): 0.1552, 4.5800, 59.7774, 0.1479
(24, 15): 0.1514, 4.5100, 59.9540, 0.1662
(24, 16): 0.1332, 4.4500, 63.0643, 0.1601
(24, 17): 0.0942, 4.4500, 67.1570, 0.1592
(24, 18): 0.0905, 4.4700, 67.4197, 0.1540
(24, 19): 0.0717, 4.4800, 70.4277, 0.1610
(24, 20): 0.0825, 4.4200, 69.2838, 0.1592
(24, 21): 0.0298, 4.6000, 43.4248, 0.1925
(24, 22): nan, nan, nan, 0.0000
(24, 23): nan, nan, nan, 0.0000
(24, 24): nan, nan, nan, 0.0000
(24, 25): nan, nan, nan, 0.0000
(24, 26): nan, nan, nan, 0.0000
(24, 27): nan, nan, nan, 0.0000
(25, 1): nan, nan, nan, 0.0000
(25, 2): nan, nan, nan, 0.0000
(25, 3): nan, nan, nan, 0.0000
(25, 4): 0.0797, 4.4900, 33.5745, 0.1829
(25, 5): 0.1758, 4.4400, 36.2319, 0.1662
(25, 6): 0.0853, 4.5800, 55.2184, 0.1566
(25, 7): 0.0804, 4.5000, 29.6810, 0.2091
(25, 8): 0.1242, 4.4300, 50.3912, 0.1627
(25, 9): 0.1422, 4.4500, 58.6096, 0.1566
(25, 10): 0.1667, 4.4200, 58.5161, 0.1794
(25, 11): 0.1800, 4.4200, 62.3496, 0.1610
(25, 12): 0.1503, 4.4300, 64.6765, 0.1601
(25, 13): 0.1479, 4.4300, 62.0892, 0.1619
(25, 14): 0.1473, 4.4100, 61.4782, 0.1662
(25, 15): 0.1331, 4.4800, 63.2907, 0.1601
(25, 16): 0.1032, 4.4200, 66.7158, 0.1680
(25, 17): 0.1098, 4.4400, 65.2811, 0.1732
(25, 18): 0.1041, 4.4800, 65.3139, 0.1566
(25, 19): 0.0815, 4.5500, 67.7586, 0.1645
(25, 20): 0.0666, 4.5600, 68.4980, 0.1671
(25, 21): 0.0457, 4.4500, 70.7815, 0.1636
(25, 22): -0.0043, 4.4500, 29.7217, 0.2205
(25, 23): nan, nan, nan, 0.0000
(25, 24): nan, nan, nan, 0.0000
(25, 25): nan, nan, nan, 0.0000
(25, 26): nan, nan, nan, 0.0000
(25, 27): nan, nan, nan, 0.0000
(26, 1): nan, nan, nan, 0.0000
(26, 2): -0.0775, 4.4700, 5.1393, 0.4374
(26, 3): 0.0670, 4.4600, 24.4426, 0.2003
(26, 4): 0.0876, 4.4200, 35.1219, 0.1741
(26, 5): 0.0789, 4.4200, 32.8606, 0.1724
(26, 6): 0.0987, 4.4100, 27.9149, 0.2003
(26, 7): 0.1530, 4.4700, 49.8205, 0.1610
(26, 8): 0.1722, 4.5000, 58.4034, 0.1452
(26, 9): 0.1587, 4.4300, 59.3476, 0.1531
(26, 10): 0.1338, 4.4200, 62.3615, 0.1662
(26, 11): 0.1464, 4.4600, 65.9025, 0.1514
(26, 12): 0.1139, 4.4100, 67.3879, 0.1601
(26, 13): 0.0982, 4.4100, 67.0148, 0.1724
(26, 14): 0.1250, 4.4400, 64.9185, 0.1689
(26, 15): 0.0999, 4.4200, 68.7606, 0.1785
(26, 16): 0.1024, 4.4598, 67.3506, 0.1724
(26, 17): 0.0843, 4.4300, 69.1964, 0.1741
(26, 18): 0.1035, 4.4200, 65.9072, 0.1697
(26, 19): 0.0655, 4.4500, 68.1694, 0.1706
(26, 20): 0.0597, 4.4300, 67.4053, 0.1671
(26, 21): 0.0643, 4.4100, 67.1118, 0.1619
(26, 22): 0.1099, 4.6200, 50.5963, 0.1724
(26, 23): nan, nan, nan, 0.0000
(26, 24): nan, nan, nan, 0.0000
(26, 25): nan, nan, nan, 0.0000
(26, 26): nan, nan, nan, 0.0000
(26, 27): nan, nan, nan, 0.0000
(27, 1): nan, nan, nan, 0.0000
(27, 2): 0.0433, 4.4400, 24.6641, 0.2108
(27, 3): 0.1267, 4.4200, 55.6981, 0.1435
(27, 4): 0.1218, 4.4600, 61.1720, 0.1339
(27, 5): 0.1141, 4.4800, 64.1743, 0.1277
(27, 6): 0.1058, 4.4100, 51.7497, 0.1540
(27, 7): 0.0886, 4.4100, 20.5733, 0.2108
(27, 8): 0.1302, 4.6200, 50.1437, 0.1575
(27, 9): 0.1102, 4.4100, 49.1027, 0.1715
(27, 10): 0.0635, 4.4100, 52.1071, 0.1837
(27, 11): 0.0916, 4.4900, 52.7032, 0.1794
(27, 12): 0.0490, 4.4700, 32.7547, 0.2100
(27, 13): 0.0936, 4.5300, 55.3404, 0.1697
(27, 14): 0.0175, 4.4100, 49.9064, 0.1951
(27, 15): 0.0834, 4.5800, 71.9531, 0.1619
(27, 16): 0.0839, 4.4200, 70.2601, 0.1662
(27, 17): 0.1031, 4.4500, 65.9914, 0.1820
(27, 18): 0.1012, 4.4600, 63.6065, 0.1522
(27, 19): 0.0793, 4.4400, 64.1586, 0.1575
(27, 20): 0.0616, 4.5500, 66.4152, 0.1680
(27, 21): 0.0724, 4.4200, 65.8354, 0.1619
(27, 22): 0.0732, 4.5000, 50.5064, 0.1697
(27, 23): nan, nan, nan, 0.0000
(27, 24): nan, nan, nan, 0.0000
(27, 25): nan, nan, nan, 0.0000
(27, 26): nan, nan, nan, 0.0000
(27, 27): nan, nan, nan, 0.0000
(28, 1): nan, nan, nan, 0.0000
(28, 2): -0.1219, 4.4100, 5.6014, 0.4199
(28, 3): 0.0429, 4.4200, 30.2755, 0.1960
(28, 4): 0.0671, 4.4100, 30.4808, 0.1872
(28, 5): 0.1103, 4.4500, 50.5113, 0.1444
(28, 6): 0.0821, 4.4600, 29.6898, 0.1899
(28, 7): 0.1096, 4.4800, 28.0424, 0.1759
(28, 8): 0.1071, 4.4100, 42.0777, 0.1724
(28, 9): 0.0914, 4.4600, 34.6964, 0.2073
(28, 10): nan, nan, nan, 0.0000
(28, 11): nan, nan, nan, 0.0000
(28, 12): nan, nan, nan, 0.0000
(28, 13): nan, nan, nan, 0.0000
(28, 14): 0.0545, 4.4800, 15.5837, 0.2686
(28, 15): 0.0810, 4.4800, 69.2938, 0.1899
(28, 16): 0.0626, 4.4600, 72.9082, 0.1706
(28, 17): 0.0712, 4.4600, 68.1865, 0.1584
(28, 18): 0.0509, 4.5700, 69.2925, 0.1592
(28, 19): 0.0435, 4.4800, 68.7412, 0.1584
(28, 20): 0.0560, 4.4400, 65.7445, 0.1741
(28, 21): 0.0497, 4.4100, 65.8557, 0.1662
(28, 22): -0.0144, 4.4100, 28.1882, 0.2100
(28, 23): nan, nan, nan, 0.0000
(28, 24): nan, nan, nan, 0.0000
(28, 25): nan, nan, nan, 0.0000
(28, 26): nan, nan, nan, 0.0000
(28, 27): nan, nan, nan, 0.0000
(29, 1): nan, nan, nan, 0.0000
(29, 2): 0.0755, 4.4100, 60.4062, 0.1610
(29, 3): 0.0668, 4.4600, 68.0759, 0.1531
(29, 4): 0.0642, 4.4300, 58.9986, 0.1601
(29, 5): 0.0827, 4.4200, 48.2460, 0.1619
(29, 6): 0.1157, 4.4400, 64.6520, 0.1426
(29, 7): 0.1164, 4.4100, 50.3957, 0.1496
(29, 8): 0.0134, 4.4100, 4.7702, 0.4147
(29, 9): nan, nan, nan, 0.0000
(29, 10): nan, nan, nan, 0.0000
(29, 11): nan, nan, nan, 0.0000
(29, 12): nan, nan, nan, 0.0000
(29, 13): nan, nan, nan, 0.0000
(29, 14): nan, nan, nan, 0.0000
(29, 15): 0.0184, 4.4700, 10.8492, 0.3211
(29, 16): 0.0221, 4.4100, 30.5345, 0.2231
(29, 17): -0.1180, 4.4100, 5.8453, 0.4016
(29, 18): 0.0227, 4.4800, 58.2241, 0.1864
(29, 19): 0.0776, 4.4200, 66.8090, 0.1785
(29, 20): 0.0720, 4.4900, 63.4587, 0.1654
(29, 21): 0.0745, 4.5000, 60.8079, 0.1566
(29, 22): -0.0759, 4.4200, 14.5609, 0.2922
(29, 23): nan, nan, nan, 0.0000
(29, 24): nan, nan, nan, 0.0000
(29, 25): nan, nan, nan, 0.0000
(29, 26): nan, nan, nan, 0.0000
(29, 27): nan, nan, nan, 0.0000
(30, 1): nan, nan, nan, 0.0000
(30, 2): 0.0477, 4.4200, 37.8325, 0.1750
(30, 3): 0.0309, 4.4300, 17.1083, 0.2222
(30, 4): 0.0430, 4.4200, 14.0890, 0.2432
(30, 5): 0.0813, 4.4100, 59.0470, 0.1610
(30, 6): 0.0905, 4.4100, 52.4159, 0.1619
(30, 7): 0.0238, 4.4300, 15.0728, 0.2528
(30, 8): nan, nan, nan, 0.0000
(30, 9): nan, nan, nan, 0.0000
(30, 10): nan, nan, nan, 0.0000
(30, 11): nan, nan, nan, 0.0000
(30, 12): nan, nan, nan, 0.0000
(30, 13): nan, nan, nan, 0.0000
(30, 14): nan, nan, nan, 0.0000
(30, 15): nan, nan, nan, 0.0000
(30, 16): nan, nan, nan, 0.0000
(30, 17): nan, nan, nan, 0.0000
(30, 18): nan, nan, nan, 0.0000
(30, 19): -0.0596, 4.4200, 15.7110, 0.2660
(30, 20): 0.0640, 4.4100, 53.8754, 0.1732
(30, 21): 0.0957, 4.6200, 56.8270, 0.1697
(30, 22): -0.0391, 4.5000, 18.3889, 0.2703
(30, 23): nan, nan, nan, 0.0000
(30, 24): nan, nan, nan, 0.0000
(30, 25): nan, nan, nan, 0.0000
(30, 26): nan, nan, nan, 0.0000
(30, 27): nan, nan, nan, 0.0000
(31, 1): nan, nan, nan, 0.0000
(31, 2): nan, nan, nan, 0.0000
(31, 3): nan, nan, nan, 0.0000
(31, 4): nan, nan, nan, 0.0000
(31, 5): nan, nan, nan, 0.0000
(31, 6): nan, nan, nan, 0.0000
(31, 7): nan, nan, nan, 0.0000
(31, 8): nan, nan, nan, 0.0000
(31, 9): nan, nan, nan, 0.0000
(31, 10): nan, nan, nan, 0.0000
(31, 11): nan, nan, nan, 0.0000
(31, 12): nan, nan, nan, 0.0000
(31, 13): nan, nan, nan, 0.0000
(31, 14): nan, nan, nan, 0.0000
(31, 15): nan, nan, nan, 0.0000
(31, 16): nan, nan, nan, 0.0000
(31, 17): nan, nan, nan, 0.0000
(31, 18): nan, nan, nan, 0.0000
(31, 19): -0.0158, 4.4200, 10.5482, 0.2686
(31, 20): 0.0554, 4.5400, 62.7892, 0.1592
(31, 21): -0.0521, 4.5000, 15.6166, 0.2677
(31, 22): nan, nan, nan, 0.0000
(31, 23): nan, nan, nan, 0.0000
(31, 24): nan, nan, nan, 0.0000
(31, 25): nan, nan, nan, 0.0000
(31, 26): nan, nan, nan, 0.0000
(31, 27): nan, nan, nan, 0.0000
(32, 1): nan, nan, nan, 0.0000
(32, 2): nan, nan, nan, 0.0000
(32, 3): nan, nan, nan, 0.0000
(32, 4): nan, nan, nan, 0.0000
(32, 5): nan, nan, nan, 0.0000
(32, 6): nan, nan, nan, 0.0000
(32, 7): nan, nan, nan, 0.0000
(32, 8): nan, nan, nan, 0.0000
(32, 9): nan, nan, nan, 0.0000
(32, 10): nan, nan, nan, 0.0000
(32, 11): nan, nan, nan, 0.0000
(32, 12): nan, nan, nan, 0.0000
(32, 13): nan, nan, nan, 0.0000
(32, 14): nan, nan, nan, 0.0000
(32, 15): nan, nan, nan, 0.0000
(32, 16): nan, nan, nan, 0.0000
(32, 17): nan, nan, nan, 0.0000
(32, 18): nan, nan, nan, 0.0000
(32, 19): -0.0026, 4.4200, 15.8685, 0.2170
(32, 20): 0.0692, 4.5700, 73.4102, 0.1487
(32, 21): 0.0181, 4.4100, 48.8133, 0.1575
(32, 22): -0.0455, 4.4200, 10.7542, 0.2878
(32, 23): nan, nan, nan, 0.0000
(32, 24): nan, nan, nan, 0.0000
(32, 25): nan, nan, nan, 0.0000
(32, 26): nan, nan, nan, 0.0000
(32, 27): nan, nan, nan, 0.0000
(33, 1): nan, nan, nan, 0.0000
(33, 2): nan, nan, nan, 0.0000
(33, 3): nan, nan, nan, 0.0000
(33, 4): nan, nan, nan, 0.0000
(33, 5): nan, nan, nan, 0.0000
(33, 6): nan, nan, nan, 0.0000
(33, 7): nan, nan, nan, 0.0000
(33, 8): nan, nan, nan, 0.0000
(33, 9): nan, nan, nan, 0.0000
(33, 10): nan, nan, nan, 0.0000
(33, 11): nan, nan, nan, 0.0000
(33, 12): nan, nan, nan, 0.0000
(33, 13): nan, nan, nan, 0.0000
(33, 14): nan, nan, nan, 0.0000
(33, 15): nan, nan, nan, 0.0000
(33, 16): nan, nan, nan, 0.0000
(33, 17): nan, nan, nan, 0.0000
(33, 18): nan, nan, nan, 0.0000
(33, 19): 0.0049, 4.4700, 46.2810, 0.1610
(33, 20): 0.0429, 4.4100, 75.9378, 0.1461
(33, 21): 0.0799, 4.5200, 71.5304, 0.1452
(33, 22): 0.0429, 4.4300, 28.7635, 0.1942
(33, 23): nan, nan, nan, 0.0000
(33, 24): nan, nan, nan, 0.0000
(33, 25): nan, nan, nan, 0.0000
(33, 26): nan, nan, nan, 0.0000
(33, 27): nan, nan, nan, 0.0000
(34, 1): nan, nan, nan, 0.0000
(34, 2): nan, nan, nan, 0.0000
(34, 3): nan, nan, nan, 0.0000
(34, 4): nan, nan, nan, 0.0000
(34, 5): nan, nan, nan, 0.0000
(34, 6): nan, nan, nan, 0.0000
(34, 7): nan, nan, nan, 0.0000
(34, 8): nan, nan, nan, 0.0000
(34, 9): nan, nan, nan, 0.0000
(34, 10): nan, nan, nan, 0.0000
(34, 11): nan, nan, nan, 0.0000
(34, 12): nan, nan, nan, 0.0000
(34, 13): nan, nan, nan, 0.0000
(34, 14): nan, nan, nan, 0.0000
(34, 15): nan, nan, nan, 0.0000
(34, 16): nan, nan, nan, 0.0000
(34, 17): nan, nan, nan, 0.0000
(34, 18): nan, nan, nan, 0.0000
(34, 19): -0.0117, 4.4100, 39.3005, 0.1741
(34, 20): 0.0217, 4.4500, 75.0326, 0.1365
(34, 21): -0.0016, 4.4200, 78.2273, 0.1627
(34, 22): -0.0063, 4.4300, 10.1943, 0.2642
(34, 23): nan, nan, nan, 0.0000
(34, 24): nan, nan, nan, 0.0000
(34, 25): nan, nan, nan, 0.0000
(34, 26): nan, nan, nan, 0.0000
(34, 27): nan, nan, nan, 0.0000
(35, 1): nan, nan, nan, 0.0000
(35, 2): nan, nan, nan, 0.0000
(35, 3): nan, nan, nan, 0.0000
(35, 4): nan, nan, nan, 0.0000
(35, 5): nan, nan, nan, 0.0000
(35, 6): nan, nan, nan, 0.0000
(35, 7): nan, nan, nan, 0.0000
(35, 8): nan, nan, nan, 0.0000
(35, 9): nan, nan, nan, 0.0000
(35, 10): nan, nan, nan, 0.0000
(35, 11): nan, nan, nan, 0.0000
(35, 12): nan, nan, nan, 0.0000
(35, 13): nan, nan, nan, 0.0000
(35, 14): nan, nan, nan, 0.0000
(35, 15): nan, nan, nan, 0.0000
(35, 16): nan, nan, nan, 0.0000
(35, 17): nan, nan, nan, 0.0000
(35, 18): nan, nan, nan, 0.0000
(35, 19): nan, nan, nan, 0.0000
(35, 20): nan, nan, nan, 0.0000
(35, 21): nan, nan, nan, 0.0000
(35, 22): nan, nan, nan, 0.0000
(35, 23): nan, nan, nan, 0.0000
(35, 24): nan, nan, nan, 0.0000
(35, 25): nan, nan, nan, 0.0000
(35, 26): nan, nan, nan, 0.0000
(35, 27): nan, nan, nan, 0.0000
(36, 1): nan, nan, nan, 0.0000
(36, 2): nan, nan, nan, 0.0000
(36, 3): nan, nan, nan, 0.0000
(36, 4): nan, nan, nan, 0.0000
(36, 5): nan, nan, nan, 0.0000
(36, 6): nan, nan, nan, 0.0000
(36, 7): nan, nan, nan, 0.0000
(36, 8): nan, nan, nan, 0.0000
(36, 9): nan, nan, nan, 0.0000
(36, 10): nan, nan, nan, 0.0000
(36, 11): nan, nan, nan, 0.0000
(36, 12): nan, nan, nan, 0.0000
(36, 13): nan, nan, nan, 0.0000
(36, 14): nan, nan, nan, 0.0000
(36, 15): nan, nan, nan, 0.0000
(36, 16): nan, nan, nan, 0.0000
(36, 17): nan, nan, nan, 0.0000
(36, 18): nan, nan, nan, 0.0000
(36, 19): nan, nan, nan, 0.0000
(36, 20): nan, nan, nan, 0.0000
(36, 21): nan, nan, nan, 0.0000
(36, 22): nan, nan, nan, 0.0000
(36, 23): nan, nan, nan, 0.0000
(36, 24): nan, nan, nan, 0.0000
(36, 25): nan, nan, nan, 0.0000
(36, 26): nan, nan, nan, 0.0000
(36, 27): nan, nan, nan, 0.0000
(37, 1): nan, nan, nan, 0.0000
(37, 2): nan, nan, nan, 0.0000
(37, 3): nan, nan, nan, 0.0000
(37, 4): nan, nan, nan, 0.0000
(37, 5): nan, nan, nan, 0.0000
(37, 6): nan, nan, nan, 0.0000
(37, 7): nan, nan, nan, 0.0000
(37, 8): nan, nan, nan, 0.0000
(37, 9): nan, nan, nan, 0.0000
(37, 10): nan, nan, nan, 0.0000
(37, 11): nan, nan, nan, 0.0000
(37, 12): nan, nan, nan, 0.0000
(37, 13): nan, nan, nan, 0.0000
(37, 14): nan, nan, nan, 0.0000
(37, 15): nan, nan, nan, 0.0000
(37, 16): nan, nan, nan, 0.0000
(37, 17): nan, nan, nan, 0.0000
(37, 18): nan, nan, nan, 0.0000
(37, 19): nan, nan, nan, 0.0000
(37, 20): nan, nan, nan, 0.0000
(37, 21): nan, nan, nan, 0.0000
(37, 22): nan, nan, nan, 0.0000
(37, 23): nan, nan, nan, 0.0000
(37, 24): nan, nan, nan, 0.0000
(37, 25): nan, nan, nan, 0.0000
(37, 26): nan, nan, nan, 0.0000
(37, 27): nan, nan, nan, 0.0000
