(1, 1): 0.1071, 3.0200, 3.9470
(1, 2): 0.1071, 3.0200, 3.9470
(1, 3): 0.1071, 3.0200, 3.9470
(1, 4): 0.1071, 3.0200, 3.9470
(1, 5): 0.1160, 3.0300, 18.0879
(1, 6): 0.1160, 3.0300, 18.0879
(1, 7): 0.1160, 3.0300, 18.0879
(1, 8): 0.1160, 3.0300, 18.0879
(1, 9): 0.0513, 3.0100, 12.4549
(1, 10): 0.0513, 3.0100, 12.4549
(1, 11): 0.0513, 3.0100, 12.4549
(1, 12): 0.0513, 3.0100, 12.4549
(1, 13): 0.0513, 3.0100, 12.4549
(1, 14): 0.0251, 3.0200, 17.0364
(1, 15): 0.0251, 3.0200, 17.0364
(1, 16): 0.0251, 3.0200, 17.0364
(1, 17): 0.0443, 3.0700, 16.4005
(1, 18): 0.0130, 3.0200, 8.6693
(1, 19): 0.0200, 3.0400, 8.3882
(1, 20): 0.0200, 3.0400, 8.3882
(1, 21): 0.1211, 3.0400, 8.5046
(1, 22): 0.1211, 3.0400, 8.5046
(1, 23): 0.1111, 3.0500, 51.7734
(1, 24): 0.1627, 3.1000, 41.4082
(1, 25): 0.1627, 3.1000, 41.4082
(1, 26): 0.1627, 3.1000, 41.4082
(1, 27): 0.0187, 3.0100, 8.8536
(2, 1): 0.1071, 3.0200, 3.9470
(2, 2): 0.1071, 3.0200, 3.9470
(2, 3): 0.1071, 3.0200, 3.9470
(2, 4): 0.1071, 3.0200, 3.9470
(2, 5): 0.1071, 3.0200, 3.9470
(2, 6): 0.1160, 3.0300, 18.0879
(2, 7): 0.1160, 3.0300, 18.0879
(2, 8): 0.1160, 3.0300, 18.0879
(2, 9): 0.1160, 3.0300, 18.0879
(2, 10): 0.0513, 3.0100, 12.4549
(2, 11): 0.0513, 3.0100, 12.4549
(2, 12): 0.0513, 3.0100, 12.4549
(2, 13): 0.0513, 3.0100, 12.4549
(2, 14): 0.0738, 3.0600, 28.2110
(2, 15): 0.0251, 3.0200, 17.0364
(2, 16): 0.0251, 3.0200, 17.0364
(2, 17): 0.0443, 3.0700, 16.4005
(2, 18): 0.0130, 3.0200, 8.6693
(2, 19): 0.0200, 3.0400, 8.3882
(2, 20): 0.0200, 3.0400, 8.3882
(2, 21): 0.1211, 3.0400, 8.5046
(2, 22): 0.0703, 3.0400, 38.2620
(2, 23): 0.1111, 3.0500, 51.7734
(2, 24): 0.1627, 3.1000, 41.4082
(2, 25): 0.1627, 3.1000, 41.4082
(2, 26): 0.0187, 3.0100, 8.8536
(2, 27): 0.0187, 3.0100, 8.8536
(3, 1): 0.1071, 3.0200, 3.9470
(3, 2): 0.1071, 3.0200, 3.9470
(3, 3): 0.1071, 3.0200, 3.9470
(3, 4): 0.1071, 3.0200, 3.9470
(3, 5): 0.1071, 3.0200, 3.9470
(3, 6): 0.1071, 3.0200, 3.9470
(3, 7): 0.1160, 3.0300, 18.0879
(3, 8): 0.1160, 3.0300, 18.0879
(3, 9): 0.1160, 3.0300, 18.0879
(3, 10): 0.1160, 3.0300, 18.0879
(3, 11): 0.0513, 3.0100, 12.4549
(3, 12): 0.0513, 3.0100, 12.4549
(3, 13): 0.0513, 3.0100, 12.4549
(3, 14): 0.0738, 3.0600, 28.2110
(3, 15): 0.0240, 3.0100, 12.8729
(3, 16): 0.0251, 3.0200, 17.0364
(3, 17): 0.0443, 3.0700, 16.4005
(3, 18): 0.0130, 3.0200, 8.6693
(3, 19): 0.0399, 3.0400, 15.0749
(3, 20): 0.0017, 3.0100, 8.3147
(3, 21): 0.0660, 3.0100, 13.1904
(3, 22): 0.0703, 3.0400, 38.2620
(3, 23): 0.1111, 3.0500, 51.7734
(3, 24): 0.1627, 3.1000, 41.4082
(3, 25): 0.1604, 3.0100, 36.0989
(3, 26): 0.0187, 3.0100, 8.8536
(3, 27): 0.0187, 3.0100, 8.8536
(4, 1): 0.1071, 3.0200, 3.9470
(4, 2): 0.1071, 3.0200, 3.9470
(4, 3): 0.1071, 3.0200, 3.9470
(4, 4): 0.1071, 3.0200, 3.9470
(4, 5): 0.1071, 3.0200, 3.9470
(4, 6): 0.1071, 3.0200, 3.9470
(4, 7): 0.1071, 3.0200, 3.9470
(4, 8): 0.1160, 3.0300, 18.0879
(4, 9): 0.1160, 3.0300, 18.0879
(4, 10): 0.1160, 3.0300, 18.0879
(4, 11): 0.1160, 3.0300, 18.0879
(4, 12): 0.0513, 3.0100, 12.4549
(4, 13): 0.0513, 3.0100, 12.4549
(4, 14): 0.0738, 3.0600, 28.2110
(4, 15): 0.0240, 3.0100, 12.8729
(4, 16): 0.0112, 3.0200, 13.4380
(4, 17): 0.0248, 3.0200, 13.6002
(4, 18): 0.0639, 3.0300, 41.0731
(4, 19): 0.0857, 3.0100, 46.6221
(4, 20): 0.1009, 3.0200, 58.6654
(4, 21): 0.1038, 3.0100, 64.7685
(4, 22): 0.1252, 3.1100, 57.4227
(4, 23): 0.1268, 3.1100, 54.8156
(4, 24): 0.1846, 3.0200, 55.4377
(4, 25): 0.1604, 3.0100, 36.0989
(4, 26): 0.0187, 3.0100, 8.8536
(4, 27): 0.0275, 3.0100, 16.3970
(5, 1): 0.1071, 3.0200, 3.9470
(5, 2): 0.1071, 3.0200, 3.9470
(5, 3): 0.1071, 3.0200, 3.9470
(5, 4): 0.1071, 3.0200, 3.9470
(5, 5): 0.1071, 3.0200, 3.9470
(5, 6): 0.1071, 3.0200, 3.9470
(5, 7): 0.1071, 3.0200, 3.9470
(5, 8): 0.1071, 3.0200, 3.9470
(5, 9): 0.1160, 3.0300, 18.0879
(5, 10): 0.1160, 3.0300, 18.0879
(5, 11): 0.1160, 3.0300, 18.0879
(5, 12): 0.0775, 3.0400, 15.7218
(5, 13): 0.0775, 3.0400, 15.7218
(5, 14): 0.0775, 3.0400, 15.7218
(5, 15): 0.0240, 3.0100, 12.8729
(5, 16): 0.0769, 3.0100, 31.9959
(5, 17): 0.1359, 3.0700, 58.5307
(5, 18): 0.1185, 3.0200, 58.3429
(5, 19): 0.0973, 3.0100, 60.2596
(5, 20): 0.1145, 3.0100, 64.5933
(5, 21): 0.0919, 3.0600, 65.0986
(5, 22): 0.0983, 3.1000, 56.9231
(5, 23): 0.1236, 3.0300, 58.0901
(5, 24): 0.1446, 3.1000, 60.7928
(5, 25): 0.1852, 3.0200, 55.8760
(5, 26): 0.1667, 3.1100, 51.8064
(5, 27): 0.0275, 3.0100, 16.3970
(6, 1): 0.1071, 3.0200, 3.9470
(6, 2): 0.1071, 3.0200, 3.9470
(6, 3): 0.1071, 3.0200, 3.9470
(6, 4): 0.1071, 3.0200, 3.9470
(6, 5): 0.1071, 3.0200, 3.9470
(6, 6): 0.1071, 3.0200, 3.9470
(6, 7): 0.1071, 3.0200, 3.9470
(6, 8): 0.1071, 3.0200, 3.9470
(6, 9): 0.1071, 3.0200, 3.9470
(6, 10): 0.1160, 3.0300, 18.0879
(6, 11): 0.1160, 3.0300, 18.0879
(6, 12): 0.0898, 3.0100, 8.3282
(6, 13): 0.0775, 3.0400, 15.7218
(6, 14): 0.1314, 3.0500, 34.8991
(6, 15): 0.1314, 3.0500, 34.8991
(6, 16): 0.1601, 3.0400, 53.5832
(6, 17): 0.1400, 3.0600, 57.7108
(6, 18): 0.1197, 3.0500, 60.5855
(6, 19): 0.0953, 3.0100, 63.6949
(6, 20): 0.1184, 3.0100, 67.1481
(6, 21): 0.1139, 3.0600, 62.2169
(6, 22): 0.1063, 3.0500, 59.2752
(6, 23): 0.1325, 3.0900, 62.2289
(6, 24): 0.1410, 3.0600, 59.3795
(6, 25): 0.1671, 3.0300, 56.6421
(6, 26): 0.1664, 3.0900, 55.3297
(6, 27): 0.0855, 3.0200, 18.5981
(7, 1): 0.1071, 3.0200, 3.9470
(7, 2): 0.1071, 3.0200, 3.9470
(7, 3): 0.1071, 3.0200, 3.9470
(7, 4): 0.1071, 3.0200, 3.9470
(7, 5): 0.1071, 3.0200, 3.9470
(7, 6): 0.1071, 3.0200, 3.9470
(7, 7): 0.1071, 3.0200, 3.9470
(7, 8): 0.1071, 3.0200, 3.9470
(7, 9): 0.1071, 3.0200, 3.9470
(7, 10): 0.1071, 3.0200, 3.9470
(7, 11): 0.1313, 3.0100, 17.4126
(7, 12): 0.1313, 3.0100, 17.4126
(7, 13): 0.0898, 3.0100, 8.3282
(7, 14): 0.2301, 3.0700, 47.7864
(7, 15): 0.2301, 3.0700, 47.7864
(7, 16): 0.1996, 3.0100, 50.9065
(7, 17): 0.1729, 3.0500, 54.8544
(7, 18): 0.1599, 3.0400, 56.2814
(7, 19): 0.1292, 3.0300, 62.7729
(7, 20): 0.1174, 3.0200, 68.5083
(7, 21): 0.1013, 3.0800, 64.2533
(7, 22): 0.1266, 3.0300, 64.5261
(7, 23): 0.1441, 3.0100, 66.1784
(7, 24): 0.1491, 3.1800, 61.5698
(7, 25): 0.1635, 3.1500, 57.6655
(7, 26): 0.1633, 3.0399, 55.5640
(7, 27): 0.1407, 3.0300, 33.4623
(8, 1): 0.1514, 3.0100, 26.8434
(8, 2): 0.1514, 3.0100, 26.8434
(8, 3): 0.1514, 3.0100, 26.8434
(8, 4): 0.1514, 3.0100, 26.8434
(8, 5): 0.1514, 3.0100, 26.8434
(8, 6): 0.1514, 3.0100, 26.8434
(8, 7): 0.1514, 3.0100, 26.8434
(8, 8): 0.1514, 3.0100, 26.8434
(8, 9): 0.1514, 3.0100, 26.8434
(8, 10): 0.1514, 3.0100, 26.8434
(8, 11): 0.1281, 3.0300, 25.0594
(8, 12): 0.1281, 3.0300, 25.0594
(8, 13): 0.1044, 3.0100, 15.1098
(8, 14): 0.1044, 3.0100, 15.1098
(8, 15): 0.1818, 3.0200, 53.7927
(8, 16): 0.2007, 3.0100, 52.0354
(8, 17): 0.2117, 3.0200, 51.2940
(8, 18): 0.1500, 3.0100, 56.0087
(8, 19): 0.1385, 3.1000, 63.4746
(8, 20): 0.1531, 3.0100, 62.0153
(8, 21): 0.1732, 3.0200, 59.9906
(8, 22): 0.1879, 3.0200, 64.9882
(8, 23): 0.1757, 3.0400, 65.1411
(8, 24): 0.1776, 3.0100, 62.4977
(8, 25): 0.1911, 3.0100, 58.0539
(8, 26): 0.1990, 3.0600, 53.9622
(8, 27): 0.1606, 3.0400, 32.2448
(9, 1): 0.1642, 3.0100, 27.2626
(9, 2): 0.1642, 3.0100, 27.2626
(9, 3): 0.1642, 3.0100, 27.2626
(9, 4): 0.1642, 3.0100, 27.2626
(9, 5): 0.1642, 3.0100, 27.2626
(9, 6): 0.1642, 3.0100, 27.2626
(9, 7): 0.1642, 3.0100, 27.2626
(9, 8): 0.1642, 3.0100, 27.2626
(9, 9): 0.1642, 3.0100, 27.2626
(9, 10): 0.1642, 3.0100, 27.2626
(9, 11): 0.1331, 3.0200, 3.9352
(9, 12): 0.1552, 3.0300, 28.8942
(9, 13): 0.1552, 3.0300, 28.8942
(9, 14): 0.1044, 3.0100, 15.1098
(9, 15): 0.1780, 3.0300, 47.9397
(9, 16): 0.2222, 3.1200, 52.5027
(9, 17): 0.2210, 3.0700, 52.4620
(9, 18): 0.1882, 3.0400, 56.7141
(9, 19): 0.1737, 3.0400, 62.3168
(9, 20): 0.1601, 3.0200, 57.8341
(9, 21): 0.1668, 3.0200, 64.8086
(9, 22): 0.2062, 3.1100, 64.7120
(9, 23): 0.1963, 3.0500, 64.3213
(9, 24): 0.1814, 3.0700, 64.0827
(9, 25): 0.2033, 3.0500, 57.8979
(9, 26): 0.2072, 3.0100, 57.5527
(9, 27): 0.0782, 3.0400, 13.4691
(10, 1): 0.2001, 3.0100, 26.4706
(10, 2): 0.2001, 3.0100, 26.4706
(10, 3): 0.2001, 3.0100, 26.4706
(10, 4): 0.2001, 3.0100, 26.4706
(10, 5): 0.2001, 3.0100, 26.4706
(10, 6): 0.2001, 3.0100, 26.4706
(10, 7): 0.2001, 3.0100, 26.4706
(10, 8): 0.2001, 3.0100, 26.4706
(10, 9): 0.2001, 3.0100, 26.4706
(10, 10): 0.2001, 3.0100, 26.4706
(10, 11): 0.1280, 3.0400, 10.4637
(10, 12): 0.1552, 3.0300, 28.8942
(10, 13): 0.1298, 3.0200, 14.2800
(10, 14): 0.0867, 3.0200, 4.0545
(10, 15): 0.2035, 3.1200, 45.6740
(10, 16): 0.2323, 3.0300, 48.8768
(10, 17): 0.2187, 3.0300, 51.4951
(10, 18): 0.2226, 3.0300, 54.9177
(10, 19): 0.1960, 3.0300, 56.8764
(10, 20): 0.2073, 3.0900, 51.7677
(10, 21): 0.2215, 3.0500, 59.8817
(10, 22): 0.2068, 3.2700, 62.8820
(10, 23): 0.2055, 3.1000, 62.9805
(10, 24): 0.2059, 3.0200, 59.3520
(10, 25): 0.2398, 3.0500, 57.8939
(10, 26): 0.2386, 3.0200, 55.5311
(10, 27): 0.2386, 3.0200, 55.5311
(11, 1): 0.0800, 3.0100, 12.6896
(11, 2): 0.1874, 3.0100, 36.7106
(11, 3): 0.1874, 3.0100, 36.7106
(11, 4): 0.1874, 3.0100, 36.7106
(11, 5): 0.1874, 3.0100, 36.7106
(11, 6): 0.1874, 3.0100, 36.7106
(11, 7): 0.1874, 3.0100, 36.7106
(11, 8): 0.1874, 3.0100, 36.7106
(11, 9): 0.1874, 3.0100, 36.7106
(11, 10): 0.1874, 3.0100, 36.7106
(11, 11): 0.1944, 3.0200, 48.1677
(11, 12): 0.1924, 3.0100, 49.6132
(11, 13): 0.1298, 3.0200, 14.2800
(11, 14): 0.1298, 3.0200, 14.2800
(11, 15): 0.2035, 3.1200, 45.6740
(11, 16): 0.0331, 3.0100, 8.9783
(11, 17): 0.2562, 3.0100, 46.4673
(11, 18): 0.2151, 3.0600, 54.7902
(11, 19): 0.1806, 3.0600, 53.0341
(11, 20): 0.1944, 3.0300, 52.7788
(11, 21): 0.1912, 3.0100, 59.1499
(11, 22): 0.1854, 3.0800, 60.8429
(11, 23): 0.1862, 3.0800, 58.6039
(11, 24): 0.2372, 3.0400, 56.7458
(11, 25): 0.2501, 3.0500, 56.0299
(11, 26): 0.2074, 3.0100, 57.2512
(11, 27): 0.2074, 3.0100, 57.2512
(12, 1): 0.0800, 3.0100, 12.6896
(12, 2): 0.0800, 3.0100, 12.6896
(12, 3): 0.0800, 3.0100, 12.6896
(12, 4): 0.0800, 3.0100, 12.6896
(12, 5): 0.1550, 3.0100, 49.4272
(12, 6): 0.1550, 3.0100, 49.4272
(12, 7): 0.1550, 3.0100, 49.4272
(12, 8): 0.1550, 3.0100, 49.4272
(12, 9): 0.1550, 3.0100, 49.4272
(12, 10): 0.1550, 3.0100, 49.4272
(12, 11): 0.1731, 3.0400, 51.6412
(12, 12): 0.1821, 3.0100, 52.1771
(12, 13): 0.1485, 3.0200, 41.6346
(12, 14): 0.1339, 3.0900, 24.9585
(12, 15): 0.1339, 3.0900, 24.9585
(12, 16): 0.0837, 3.0600, 15.7057
(12, 17): 0.2135, 3.0100, 47.5166
(12, 18): 0.2060, 3.0600, 51.7929
(12, 19): 0.1769, 3.0300, 50.1819
(12, 20): 0.2011, 3.0100, 55.0769
(12, 21): 0.1874, 3.0300, 58.6502
(12, 22): 0.1778, 3.0100, 60.7796
(12, 23): 0.2000, 3.0200, 58.0800
(12, 24): 0.2403, 3.0200, 49.5298
(12, 25): 0.0818, 3.0700, 19.2817
(12, 26): 0.1244, 3.0200, 17.0957
(12, 27): 0.1244, 3.0200, 17.0957
(13, 1): 0.0800, 3.0100, 12.6896
(13, 2): 0.0800, 3.0100, 12.6896
(13, 3): 0.0800, 3.0100, 12.6896
(13, 4): 0.0800, 3.0100, 12.6896
(13, 5): 0.0800, 3.0100, 12.6896
(13, 6): 0.0800, 3.0100, 12.6896
(13, 7): 0.0800, 3.0100, 12.6896
(13, 8): 0.1387, 3.0100, 56.0189
(13, 9): 0.1387, 3.0100, 56.0189
(13, 10): 0.1387, 3.0100, 56.0189
(13, 11): 0.1326, 3.1500, 57.2088
(13, 12): 0.1552, 3.0200, 52.7299
(13, 13): 0.1509, 3.0400, 42.9588
(13, 14): 0.0475, 3.0100, 8.5802
(13, 15): 0.0475, 3.0100, 8.5802
(13, 16): 0.0337, 3.0100, 8.3123
(13, 17): 0.1510, 3.1100, 41.1163
(13, 18): 0.1893, 3.0500, 44.7122
(13, 19): 0.1876, 3.0900, 53.9030
(13, 20): 0.2044, 3.0397, 56.0079
(13, 21): 0.1883, 3.0300, 57.2498
(13, 22): 0.2057, 3.0100, 56.9945
(13, 23): 0.2156, 3.0200, 56.8651
(13, 24): 0.2584, 3.0400, 45.5937
(13, 25): 0.0888, 3.0300, 4.8138
(13, 26): 0.1244, 3.0200, 17.0957
(13, 27): 0.0198, 3.0100, 4.5227
(14, 1): 0.0800, 3.0100, 12.6896
(14, 2): 0.0800, 3.0100, 12.6896
(14, 3): 0.0800, 3.0100, 12.6896
(14, 4): 0.0800, 3.0100, 12.6896
(14, 5): 0.0800, 3.0100, 12.6896
(14, 6): 0.0800, 3.0100, 12.6896
(14, 7): 0.0800, 3.0100, 12.6896
(14, 8): 0.0800, 3.0100, 12.6896
(14, 9): 0.1572, 3.0100, 57.3912
(14, 10): 0.1572, 3.0100, 57.3912
(14, 11): 0.1359, 3.0200, 58.8517
(14, 12): 0.1527, 3.0400, 54.7927
(14, 13): -0.0087, 3.0300, 5.0568
(14, 14): 0.0475, 3.0100, 8.5802
(14, 15): 0.0236, 3.0400, 4.7629
(14, 16): 0.1795, 3.0700, 43.6546
(14, 17): 0.1765, 3.0300, 56.3422
(14, 18): 0.1586, 3.1000, 55.2130
(14, 19): 0.1843, 3.0400, 59.1715
(14, 20): 0.1964, 3.0200, 58.0628
(14, 21): 0.2045, 3.0700, 54.8734
(14, 22): 0.2086, 3.0400, 56.9795
(14, 23): 0.1897, 3.1300, 58.1325
(14, 24): 0.2029, 3.0500, 50.4023
(14, 25): 0.1585, 3.0400, 29.3617
(14, 26): 0.1566, 3.0400, 32.0874
(14, 27): 0.0198, 3.0100, 4.5227
(15, 1): -0.0473, 3.0100, 5.2511
(15, 2): -0.0473, 3.0100, 5.2511
(15, 3): -0.0473, 3.0100, 5.2511
(15, 4): 0.0800, 3.0100, 12.6896
(15, 5): 0.0800, 3.0100, 12.6896
(15, 6): 0.0800, 3.0100, 12.6896
(15, 7): 0.0800, 3.0100, 12.6896
(15, 8): 0.0800, 3.0100, 12.6896
(15, 9): 0.0800, 3.0100, 12.6896
(15, 10): 0.1612, 3.1200, 58.2151
(15, 11): 0.1480, 3.0400, 59.1206
(15, 12): 0.1479, 3.0200, 59.6591
(15, 13): 0.0543, 3.0100, 22.2007
(15, 14): -0.0232, 3.0200, 5.1967
(15, 15): 0.1243, 3.0500, 50.4329
(15, 16): 0.1076, 3.0500, 63.7867
(15, 17): 0.1251, 3.0300, 58.4850
(15, 18): 0.1656, 3.0900, 50.5479
(15, 19): 0.1871, 3.1000, 60.4947
(15, 20): 0.1794, 3.0300, 58.4571
(15, 21): 0.1747, 3.0300, 57.4390
(15, 22): 0.1714, 3.1000, 58.4150
(15, 23): 0.1562, 3.1100, 58.7064
(15, 24): 0.1861, 3.0100, 56.7742
(15, 25): 0.1875, 3.0400, 57.0854
(15, 26): 0.1880, 3.0900, 55.3643
(15, 27): 0.1086, 3.0100, 37.0584
(16, 1): 0.0431, 3.1000, 14.4175
(16, 2): -0.0473, 3.0100, 5.2511
(16, 3): -0.0473, 3.0100, 5.2511
(16, 4): -0.0473, 3.0100, 5.2511
(16, 5): -0.0473, 3.0100, 5.2511
(16, 6): -0.0473, 3.0100, 5.2511
(16, 7): 0.1135, 3.0200, 19.1998
(16, 8): 0.1135, 3.0200, 19.1998
(16, 9): 0.1135, 3.0200, 19.1998
(16, 10): 0.1944, 3.2100, 54.7442
(16, 11): 0.2321, 3.0300, 53.0657
(16, 12): 0.1260, 3.0400, 59.3398
(16, 13): 0.0563, 3.0100, 21.9174
(16, 14): 0.1263, 3.0700, 58.7281
(16, 15): 0.1572, 3.0100, 60.1418
(16, 16): 0.1086, 3.0200, 56.8767
(16, 17): 0.1169, 3.0500, 52.3706
(16, 18): 0.1480, 3.0200, 65.8013
(16, 19): 0.1782, 3.0200, 62.7257
(16, 20): 0.1521, 3.0600, 60.5047
(16, 21): 0.1235, 3.0600, 62.5083
(16, 22): 0.1198, 3.0400, 62.2347
(16, 23): 0.1293, 3.0100, 61.8166
(16, 24): 0.1513, 3.1100, 60.6019
(16, 25): 0.1628, 3.0200, 61.0204
(16, 26): 0.1367, 3.0100, 60.6322
(16, 27): 0.0902, 3.0800, 34.5768
(17, 1): 0.0431, 3.1000, 14.4175
(17, 2): 0.0431, 3.1000, 14.4175
(17, 3): 0.0030, 3.0100, 14.9745
(17, 4): -0.0473, 3.0100, 5.2511
(17, 5): -0.0473, 3.0100, 5.2511
(17, 6): -0.0473, 3.0100, 5.2511
(17, 7): -0.0473, 3.0100, 5.2511
(17, 8): 0.1029, 3.0600, 42.2076
(17, 9): 0.1029, 3.0600, 42.2076
(17, 10): 0.1259, 3.0300, 60.1675
(17, 11): 0.1385, 3.0400, 60.2340
(17, 12): 0.0920, 3.0300, 65.9698
(17, 13): 0.0815, 3.0400, 55.8744
(17, 14): 0.1134, 3.0300, 50.3612
(17, 15): 0.1679, 3.0700, 53.2825
(17, 16): 0.1435, 3.0100, 55.7964
(17, 17): 0.1612, 3.0400, 64.2974
(17, 18): 0.1474, 3.0100, 69.2393
(17, 19): 0.1686, 3.0100, 67.6926
(17, 20): 0.1434, 3.0300, 64.1594
(17, 21): 0.1016, 3.0200, 64.8320
(17, 22): 0.1050, 3.0400, 63.0218
(17, 23): 0.0972, 3.0300, 62.6483
(17, 24): 0.1384, 3.1200, 61.0310
(17, 25): 0.1380, 3.0100, 64.6890
(17, 26): 0.1325, 3.0700, 51.5486
(17, 27): 0.1325, 3.0700, 51.5486
(18, 1): 0.0431, 3.1000, 14.4175
(18, 2): 0.0431, 3.1000, 14.4175
(18, 3): 0.0431, 3.1000, 14.4175
(18, 4): 0.0030, 3.0100, 14.9745
(18, 5): 0.0030, 3.0100, 14.9745
(18, 6): -0.0473, 3.0100, 5.2511
(18, 7): -0.0473, 3.0100, 5.2511
(18, 8): -0.0473, 3.0100, 5.2511
(18, 9): 0.1071, 3.1000, 59.1922
(18, 10): 0.0788, 3.0100, 64.5267
(18, 11): 0.0860, 3.0200, 64.9384
(18, 12): 0.0899, 3.0100, 64.8413
(18, 13): 0.1121, 3.1500, 64.0419
(18, 14): 0.1446, 3.0200, 65.3374
(18, 15): 0.1393, 3.0100, 66.4610
(18, 16): 0.1561, 3.0900, 64.1996
(18, 17): 0.1513, 3.1500, 66.5226
(18, 18): 0.1356, 3.0100, 70.7857
(18, 19): 0.1429, 3.1100, 72.5650
(18, 20): 0.1704, 3.0100, 64.8747
(18, 21): 0.1550, 3.0100, 62.1685
(18, 22): 0.1301, 3.0600, 63.4273
(18, 23): 0.1350, 3.0300, 61.8628
(18, 24): 0.1912, 3.1700, 59.6276
(18, 25): 0.1329, 3.0500, 54.5649
(18, 26): 0.0434, 3.0300, 13.4478
(18, 27): 0.0434, 3.0300, 13.4478
(19, 1): 0.0431, 3.1000, 14.4175
(19, 2): 0.0431, 3.1000, 14.4175
(19, 3): 0.0431, 3.1000, 14.4175
(19, 4): 0.0431, 3.1000, 14.4175
(19, 5): 0.0030, 3.0100, 14.9745
(19, 6): 0.0030, 3.0100, 14.9745
(19, 7): 0.0656, 3.0100, 34.3617
(19, 8): 0.0656, 3.0100, 34.3617
(19, 9): 0.0855, 3.0300, 66.9584
(19, 10): 0.1074, 3.0200, 63.4004
(19, 11): 0.1365, 3.1000, 60.8510
(19, 12): 0.1192, 3.0600, 61.4548
(19, 13): 0.1522, 3.0100, 60.3858
(19, 14): 0.1547, 3.0200, 64.6979
(19, 15): 0.1504, 3.0500, 67.2909
(19, 16): 0.1631, 3.1000, 65.1819
(19, 17): 0.1541, 3.0900, 66.2897
(19, 18): 0.1816, 3.0300, 65.9697
(19, 19): 0.1702, 3.0800, 69.1709
(19, 20): 0.1793, 3.1200, 67.1999
(19, 21): 0.1554, 3.0100, 64.6582
(19, 22): 0.1631, 3.0200, 60.4254
(19, 23): 0.1477, 3.1000, 61.2826
(19, 24): 0.1010, 3.0500, 63.2685
(19, 25): 0.0529, 3.0400, 38.4890
(19, 26): 0.0361, 3.0200, 3.9138
(19, 27): 0.0361, 3.0200, 3.9138
(20, 1): 0.0195, 3.0400, 17.5637
(20, 2): 0.0431, 3.1000, 14.4175
(20, 3): 0.0431, 3.1000, 14.4175
(20, 4): 0.0431, 3.1000, 14.4175
(20, 5): 0.0431, 3.1000, 14.4175
(20, 6): 0.0030, 3.0100, 14.9745
(20, 7): 0.0030, 3.0100, 14.9745
(20, 8): 0.1252, 3.0100, 65.0803
(20, 9): 0.1299, 3.0600, 64.7653
(20, 10): 0.1400, 3.0800, 61.9498
(20, 11): 0.1605, 3.0600, 59.0911
(20, 12): 0.1445, 3.0100, 59.8028
(20, 13): 0.1673, 3.1400, 58.9606
(20, 14): 0.1669, 3.0700, 62.7420
(20, 15): 0.1403, 3.0500, 66.5965
(20, 16): 0.1653, 3.0700, 63.9369
(20, 17): 0.1634, 3.0300, 63.0606
(20, 18): 0.1666, 3.0600, 65.2352
(20, 19): 0.1756, 3.2000, 67.1032
(20, 20): 0.1487, 3.2300, 67.0346
(20, 21): 0.1367, 3.0400, 61.2706
(20, 22): 0.1378, 3.0700, 57.9338
(20, 23): 0.1284, 3.0400, 60.5550
(20, 24): 0.1008, 3.0800, 66.1155
(20, 25): 0.0720, 3.0700, 63.8298
(20, 26): 0.0040, 3.0100, 13.4473
(20, 27): 0.0040, 3.0100, 13.4473
(21, 1): -0.0027, 3.0100, 12.7459
(21, 2): 0.0195, 3.0400, 17.5637
(21, 3): 0.0195, 3.0400, 17.5637
(21, 4): 0.0431, 3.1000, 14.4175
(21, 5): 0.0431, 3.1000, 14.4175
(21, 6): 0.0431, 3.1000, 14.4175
(21, 7): 0.1676, 3.0900, 52.3455
(21, 8): 0.1365, 3.0200, 62.6571
(21, 9): 0.1545, 3.0600, 62.8105
(21, 10): 0.1895, 3.0100, 58.4633
(21, 11): 0.1634, 3.0100, 60.3115
(21, 12): 0.1768, 3.0300, 58.1030
(21, 13): 0.2050, 3.0800, 56.9779
(21, 14): 0.1858, 3.0200, 60.0066
(21, 15): 0.1260, 3.0500, 64.2961
(21, 16): 0.1445, 3.0200, 59.2647
(21, 17): 0.1561, 3.0700, 59.2508
(21, 18): 0.1303, 3.0100, 63.1279
(21, 19): 0.1251, 3.1400, 64.3996
(21, 20): 0.1204, 3.0900, 62.0762
(21, 21): 0.0926, 3.1200, 51.5217
(21, 22): 0.0947, 3.1600, 54.2596
(21, 23): 0.0935, 3.0200, 56.1996
(21, 24): 0.0529, 3.0400, 29.7774
(21, 25): 0.0529, 3.0400, 29.7774
(21, 26): 0.0040, 3.0100, 13.4473
(21, 27): 0.0040, 3.0100, 13.4473
(22, 1): -0.0027, 3.0100, 12.7459
(22, 2): -0.0027, 3.0100, 12.7459
(22, 3): 0.0195, 3.0400, 17.5637
(22, 4): 0.0195, 3.0400, 17.5637
(22, 5): 0.1084, 3.0300, 39.8311
(22, 6): 0.1084, 3.0300, 39.8311
(22, 7): 0.1834, 3.0200, 55.5958
(22, 8): 0.1679, 3.0100, 57.3878
(22, 9): 0.1686, 3.0100, 61.7043
(22, 10): 0.2075, 3.0300, 59.5070
(22, 11): 0.1909, 3.0300, 61.2416
(22, 12): 0.1813, 3.1800, 59.7505
(22, 13): 0.1954, 3.0400, 59.1016
(22, 14): 0.1637, 3.0300, 61.5373
(22, 15): 0.1563, 3.0400, 59.8624
(22, 16): 0.1456, 3.0700, 59.8128
(22, 17): 0.1502, 3.0200, 59.0460
(22, 18): 0.1168, 3.0700, 63.2957
(22, 19): 0.1203, 3.0400, 64.5134
(22, 20): 0.0889, 3.0100, 50.4772
(22, 21): -0.0334, 3.0100, 9.9180
(22, 22): 0.0947, 3.1600, 54.2596
(22, 23): 0.0935, 3.0200, 56.1996
(22, 24): 0.0529, 3.0400, 29.7774
(22, 25): 0.0529, 3.0400, 29.7774
(22, 26): 0.0040, 3.0100, 13.4473
(22, 27): 0.0040, 3.0100, 13.4473
(23, 1): -0.0027, 3.0100, 12.7459
(23, 2): -0.0027, 3.0100, 12.7459
(23, 3): -0.0027, 3.0100, 12.7459
(23, 4): 0.0195, 3.0400, 17.5637
(23, 5): 0.0195, 3.0400, 17.5637
(23, 6): 0.0866, 3.1000, 36.1217
(23, 7): 0.1262, 3.0200, 45.3618
(23, 8): 0.1414, 3.0200, 60.3738
(23, 9): 0.1456, 3.0600, 64.3233
(23, 10): 0.1855, 3.1300, 58.6839
(23, 11): 0.2052, 3.0700, 59.0533
(23, 12): 0.1769, 3.0200, 61.0287
(23, 13): 0.1871, 3.1600, 58.2572
(23, 14): 0.1568, 3.0800, 59.7509
(23, 15): 0.1721, 3.0300, 57.7889
(23, 16): 0.1549, 3.1700, 60.0651
(23, 17): 0.1506, 3.0100, 60.0491
(23, 18): 0.1433, 3.0100, 60.9565
(23, 19): 0.0975, 3.0300, 66.6509
(23, 20): 0.0994, 3.1100, 55.0112
(23, 21): -0.0334, 3.0100, 9.9180
(23, 22): -0.0334, 3.0100, 9.9180
(23, 23): 0.0935, 3.0200, 56.1996
(23, 24): 0.0529, 3.0400, 29.7774
(23, 25): 0.0529, 3.0400, 29.7774
(23, 26): 0.0529, 3.0400, 29.7774
(23, 27): 0.0040, 3.0100, 13.4473
(24, 1): -0.0808, 3.0300, 5.3045
(24, 2): -0.0027, 3.0100, 12.7459
(24, 3): -0.0027, 3.0100, 12.7459
(24, 4): -0.0027, 3.0100, 12.7459
(24, 5): 0.0633, 3.0300, 23.2412
(24, 6): 0.0426, 3.0500, 25.8185
(24, 7): 0.1191, 3.0100, 54.5273
(24, 8): 0.1175, 3.0400, 40.9647
(24, 9): 0.1520, 3.0200, 50.6167
(24, 10): 0.1910, 3.0200, 45.9500
(24, 11): 0.1941, 3.0200, 58.1831
(24, 12): 0.1887, 3.0600, 58.7339
(24, 13): 0.1947, 3.0100, 56.1496
(24, 14): 0.1903, 3.0100, 55.7625
(24, 15): 0.1819, 3.0700, 56.4867
(24, 16): 0.1675, 3.0300, 59.2567
(24, 17): 0.1166, 3.0400, 63.9807
(24, 18): 0.1145, 3.0800, 64.3440
(24, 19): 0.1049, 3.0200, 66.2667
(24, 20): 0.1181, 3.0500, 65.8250
(24, 21): 0.0546, 3.0100, 41.3965
(24, 22): 0.0166, 3.0100, 28.6324
(24, 23): 0.0166, 3.0100, 28.6324
(24, 24): 0.0166, 3.0100, 28.6324
(24, 25): 0.0166, 3.0100, 28.6324
(24, 26): 0.0529, 3.0400, 29.7774
(24, 27): 0.0040, 3.0100, 13.4473
(25, 1): -0.0808, 3.0300, 5.3045
(25, 2): -0.0808, 3.0300, 5.3045
(25, 3): 0.0908, 3.0400, 23.3624
(25, 4): 0.1195, 3.0200, 31.2570
(25, 5): 0.0942, 3.0300, 40.9850
(25, 6): 0.1029, 3.0500, 53.3654
(25, 7): 0.0481, 3.0400, 29.6097
(25, 8): 0.1458, 3.0095, 48.2173
(25, 9): 0.1755, 3.0500, 54.9943
(25, 10): 0.2116, 3.0400, 53.7755
(25, 11): 0.1998, 3.0100, 59.9098
(25, 12): 0.1762, 3.1000, 61.3908
(25, 13): 0.1953, 3.1300, 56.6653
(25, 14): 0.1805, 3.0500, 57.6382
(25, 15): 0.1709, 3.1500, 58.8691
(25, 16): 0.1293, 3.0300, 63.3369
(25, 17): 0.1353, 3.1200, 62.2325
(25, 18): 0.1168, 3.0100, 63.7086
(25, 19): 0.1156, 3.0300, 63.7507
(25, 20): 0.0908, 3.0100, 65.3889
(25, 21): 0.0975, 3.0500, 64.6465
(25, 22): 0.0166, 3.0100, 28.6324
(25, 23): 0.0166, 3.0100, 28.6324
(25, 24): 0.0166, 3.0100, 28.6324
(25, 25): 0.0166, 3.0100, 28.6324
(25, 26): 0.0166, 3.0100, 28.6324
(25, 27): 0.0166, 3.0100, 28.6324
(26, 1): -0.0808, 3.0300, 5.3045
(26, 2): -0.0808, 3.0300, 5.3045
(26, 3): 0.0908, 3.0400, 23.3624
(26, 4): 0.1360, 3.0400, 33.2613
(26, 5): 0.1142, 3.0300, 30.7581
(26, 6): 0.1105, 3.0500, 27.2045
(26, 7): 0.1612, 3.0900, 48.9030
(26, 8): 0.1881, 3.1400, 56.6194
(26, 9): 0.1662, 3.0400, 58.3602
(26, 10): 0.1706, 3.0900, 58.2313
(26, 11): 0.1708, 3.0100, 62.5628
(26, 12): 0.1679, 3.1200, 60.8001
(26, 13): 0.1375, 3.0600, 62.1338
(26, 14): 0.1424, 3.0200, 62.1561
(26, 15): 0.1340, 3.0400, 64.5083
(26, 16): 0.1263, 3.0500, 64.3518
(26, 17): 0.1414, 3.0400, 62.5053
(26, 18): 0.1455, 3.0100, 61.2324
(26, 19): 0.1040, 3.0500, 63.7206
(26, 20): 0.1071, 3.0600, 62.0795
(26, 21): 0.0924, 3.0400, 63.8214
(26, 22): 0.0893, 3.0100, 48.4962
(26, 23): 0.0893, 3.0100, 48.4962
(26, 24): 0.0893, 3.0100, 48.4962
(26, 25): 0.0893, 3.0100, 48.4962
(26, 26): 0.0893, 3.0100, 48.4962
(26, 27): 0.0893, 3.0100, 48.4962
(27, 1): 0.0625, 3.0300, 23.7600
(27, 2): 0.0625, 3.0300, 23.7600
(27, 3): 0.1461, 3.0800, 53.9519
(27, 4): 0.1459, 3.1500, 58.6037
(27, 5): 0.1244, 3.0100, 62.8531
(27, 6): 0.1531, 3.0200, 47.5211
(27, 7): 0.1054, 3.0100, 19.8535
(27, 8): 0.1601, 3.1500, 47.5808
(27, 9): 0.1512, 3.0300, 45.4380
(27, 10): 0.1078, 3.0300, 47.9932
(27, 11): 0.1337, 3.0600, 48.7542
(27, 12): 0.1006, 3.0300, 29.6799
(27, 13): 0.1282, 3.0800, 51.9789
(27, 14): 0.0609, 3.0500, 46.1932
(27, 15): 0.1304, 3.0400, 66.3394
(27, 16): 0.1289, 3.0400, 65.0303
(27, 17): 0.1521, 3.0700, 60.6624
(27, 18): 0.1099, 3.0200, 62.3623
(27, 19): 0.1052, 3.1800, 61.0344
(27, 20): 0.0872, 3.0400, 63.3678
(27, 21): 0.1262, 3.0500, 60.0651
(27, 22): 0.1123, 3.0100, 47.2215
(27, 23): 0.1123, 3.0100, 47.2215
(27, 24): 0.1123, 3.0100, 47.2215
(27, 25): 0.1123, 3.0100, 47.2215
(27, 26): 0.1123, 3.0100, 47.2215
(27, 27): 0.1123, 3.0100, 47.2215
(28, 1): -0.0478, 3.0200, 4.9953
(28, 2): -0.0478, 3.0200, 4.9953
(28, 3): 0.0568, 3.0500, 29.4860
(28, 4): 0.0770, 3.0500, 29.8468
(28, 5): 0.1278, 3.0300, 48.8305
(28, 6): 0.1028, 3.0700, 28.4826
(28, 7): 0.1169, 3.0600, 27.5185
(28, 8): 0.1245, 3.0200, 40.6065
(28, 9): 0.1013, 3.1200, 33.9598
(28, 10): 0.1078, 3.0300, 47.9932
(28, 11): 0.1337, 3.0600, 48.7542
(28, 12): 0.1006, 3.0300, 29.6799
(28, 13): 0.0012, 3.0100, 15.9365
(28, 14): 0.0012, 3.0100, 15.9365
(28, 15): 0.1320, 3.0300, 63.3508
(28, 16): 0.1116, 3.0200, 66.8592
(28, 17): 0.1125, 3.0100, 63.4761
(28, 18): 0.1038, 3.0400, 63.1985
(28, 19): 0.0814, 3.0800, 64.4097
(28, 20): 0.0804, 3.0100, 63.0892
(28, 21): 0.0829, 3.0500, 63.8044
(28, 22): 0.0140, 3.0300, 27.1468
(28, 23): 0.0140, 3.0300, 27.1468
(28, 24): 0.0140, 3.0300, 27.1468
(28, 25): 0.0140, 3.0300, 27.1468
(28, 26): 0.0140, 3.0300, 27.1468
(28, 27): 0.0140, 3.0300, 27.1468
(29, 1): 0.1071, 3.1300, 57.0829
(29, 2): 0.1071, 3.1300, 57.0829
(29, 3): 0.1111, 3.1100, 62.1142
(29, 4): 0.1428, 3.0300, 50.2656
(29, 5): 0.1072, 3.0400, 46.7716
(29, 6): 0.1254, 3.0400, 63.4086
(29, 7): 0.1195, 3.0600, 49.9474
(29, 8): 0.0218, 3.0200, 4.6714
(29, 9): 0.1013, 3.1200, 33.9598
(29, 10): 0.1013, 3.1200, 33.9598
(29, 11): 0.1337, 3.0600, 48.7542
(29, 12): 0.1006, 3.0300, 29.6799
(29, 13): 0.0012, 3.0100, 15.9365
(29, 14): 0.0012, 3.0100, 15.9365
(29, 15): 0.0694, 3.0100, 9.9044
(29, 16): 0.0343, 3.0100, 29.8475
(29, 17): -0.0123, 3.0100, 5.0292
(29, 18): 0.0470, 3.0300, 52.9812
(29, 19): 0.1281, 3.0100, 61.2774
(29, 20): 0.1176, 3.0200, 58.7942
(29, 21): 0.1317, 3.0400, 55.4727
(29, 22): -0.0390, 3.0300, 13.8192
(29, 23): -0.0390, 3.0300, 13.8192
(29, 24): -0.0390, 3.0300, 13.8192
(29, 25): -0.0390, 3.0300, 13.8192
(29, 26): -0.0390, 3.0300, 13.8192
(29, 27): -0.0390, 3.0300, 13.8192
(30, 1): 0.0771, 3.0700, 35.7860
(30, 2): 0.0771, 3.0700, 35.7860
(30, 3): 0.0388, 3.0400, 16.8244
(30, 4): 0.0201, 3.0300, 14.6557
(30, 5): 0.1368, 3.0900, 53.3274
(30, 6): 0.1168, 3.0175, 49.8458
(30, 7): 0.0699, 3.0100, 13.7829
(30, 8): 0.0218, 3.0200, 4.6714
(30, 9): 0.0218, 3.0200, 4.6714
(30, 10): 0.1013, 3.1200, 33.9598
(30, 11): 0.1013, 3.1200, 33.9598
(30, 12): 0.0012, 3.0100, 15.9365
(30, 13): 0.0012, 3.0100, 15.9365
(30, 14): 0.0694, 3.0100, 9.9044
(30, 15): 0.0694, 3.0100, 9.9044
(30, 16): 0.0343, 3.0100, 29.8475
(30, 17): -0.0123, 3.0100, 5.0292
(30, 18): -0.0354, 3.0100, 15.2362
(30, 19): -0.0354, 3.0100, 15.2362
(30, 20): 0.1225, 3.0500, 48.9398
(30, 21): 0.1655, 3.0800, 50.6839
(30, 22): -0.0010, 3.0200, 17.3921
(30, 23): -0.0010, 3.0200, 17.3921
(30, 24): -0.0010, 3.0200, 17.3921
(30, 25): -0.0010, 3.0200, 17.3921
(30, 26): -0.0010, 3.0200, 17.3921
(30, 27): -0.0010, 3.0200, 17.3921
(31, 1): 0.0771, 3.0700, 35.7860
(31, 2): 0.0771, 3.0700, 35.7860
(31, 3): 0.0388, 3.0400, 16.8244
(31, 4): 0.0201, 3.0300, 14.6557
(31, 5): 0.1368, 3.0900, 53.3274
(31, 6): 0.1168, 3.0175, 49.8458
(31, 7): 0.0699, 3.0100, 13.7829
(31, 8): 0.0699, 3.0100, 13.7829
(31, 9): 0.0218, 3.0200, 4.6714
(31, 10): 0.0218, 3.0200, 4.6714
(31, 11): 0.1013, 3.1200, 33.9598
(31, 12): 0.0012, 3.0100, 15.9365
(31, 13): 0.0694, 3.0100, 9.9044
(31, 14): 0.0694, 3.0100, 9.9044
(31, 15): 0.0694, 3.0100, 9.9044
(31, 16): 0.0343, 3.0100, 29.8475
(31, 17): -0.0123, 3.0100, 5.0292
(31, 18): -0.0052, 3.0300, 10.3829
(31, 19): -0.0052, 3.0300, 10.3829
(31, 20): 0.1084, 3.0800, 57.3132
(31, 21): 0.0135, 3.0500, 14.2523
(31, 22): 0.0135, 3.0500, 14.2523
(31, 23): -0.0329, 3.0100, 10.5515
(31, 24): -0.0329, 3.0100, 10.5515
(31, 25): -0.0329, 3.0100, 10.5515
(31, 26): -0.0329, 3.0100, 10.5515
(31, 27): -0.0329, 3.0100, 10.5515
(32, 1): 0.0771, 3.0700, 35.7860
(32, 2): 0.0771, 3.0700, 35.7860
(32, 3): 0.0388, 3.0400, 16.8244
(32, 4): 0.0201, 3.0300, 14.6557
(32, 5): 0.1368, 3.0900, 53.3274
(32, 6): 0.1168, 3.0175, 49.8458
(32, 7): 0.0699, 3.0100, 13.7829
(32, 8): 0.0699, 3.0100, 13.7829
(32, 9): 0.0699, 3.0100, 13.7829
(32, 10): 0.0218, 3.0200, 4.6714
(32, 11): 0.0218, 3.0200, 4.6714
(32, 12): 0.0694, 3.0100, 9.9044
(32, 13): 0.0694, 3.0100, 9.9044
(32, 14): 0.0694, 3.0100, 9.9044
(32, 15): 0.0694, 3.0100, 9.9044
(32, 16): 0.0343, 3.0100, 29.8475
(32, 17): 0.0637, 3.0900, 15.5547
(32, 18): 0.0637, 3.0900, 15.5547
(32, 19): 0.0637, 3.0900, 15.5547
(32, 20): 0.1094, 3.0500, 68.6150
(32, 21): 0.0433, 3.0400, 46.7036
(32, 22): -0.0329, 3.0100, 10.5515
(32, 23): -0.0329, 3.0100, 10.5515
(32, 24): -0.0329, 3.0100, 10.5515
(32, 25): -0.0329, 3.0100, 10.5515
(32, 26): -0.0329, 3.0100, 10.5515
(32, 27): -0.0329, 3.0100, 10.5515
(33, 1): 0.0771, 3.0700, 35.7860
(33, 2): 0.0771, 3.0700, 35.7860
(33, 3): 0.0388, 3.0400, 16.8244
(33, 4): 0.0201, 3.0300, 14.6557
(33, 5): 0.1368, 3.0900, 53.3274
(33, 6): 0.1168, 3.0175, 49.8458
(33, 7): 0.0699, 3.0100, 13.7829
(33, 8): 0.0699, 3.0100, 13.7829
(33, 9): 0.0699, 3.0100, 13.7829
(33, 10): 0.0699, 3.0100, 13.7829
(33, 11): 0.0218, 3.0200, 4.6714
(33, 12): 0.0694, 3.0100, 9.9044
(33, 13): 0.0694, 3.0100, 9.9044
(33, 14): 0.0694, 3.0100, 9.9044
(33, 15): 0.0694, 3.0100, 9.9044
(33, 16): 0.0115, 3.0400, 45.7391
(33, 17): 0.0115, 3.0400, 45.7391
(33, 18): 0.0115, 3.0400, 45.7391
(33, 19): 0.0115, 3.0400, 45.7391
(33, 20): 0.0756, 3.0100, 71.7399
(33, 21): 0.1019, 3.0100, 68.8440
(33, 22): 0.0299, 3.0300, 29.1450
(33, 23): 0.0299, 3.0300, 29.1450
(33, 24): 0.0299, 3.0300, 29.1450
(33, 25): 0.0299, 3.0300, 29.1450
(33, 26): 0.0299, 3.0300, 29.1450
(33, 27): 0.0299, 3.0300, 29.1450
(34, 1): 0.0771, 3.0700, 35.7860
(34, 2): 0.0771, 3.0700, 35.7860
(34, 3): 0.0388, 3.0400, 16.8244
(34, 4): 0.0201, 3.0300, 14.6557
(34, 5): 0.1368, 3.0900, 53.3274
(34, 6): 0.1168, 3.0175, 49.8458
(34, 7): 0.0699, 3.0100, 13.7829
(34, 8): 0.0699, 3.0100, 13.7829
(34, 9): 0.0699, 3.0100, 13.7829
(34, 10): 0.0699, 3.0100, 13.7829
(34, 11): 0.0699, 3.0100, 13.7829
(34, 12): 0.0694, 3.0100, 9.9044
(34, 13): 0.0694, 3.0100, 9.9044
(34, 14): 0.0150, 3.0700, 37.5048
(34, 15): 0.0150, 3.0700, 37.5048
(34, 16): 0.0150, 3.0700, 37.5048
(34, 17): 0.0150, 3.0700, 37.5048
(34, 18): 0.0150, 3.0700, 37.5048
(34, 19): 0.0150, 3.0700, 37.5048
(34, 20): 0.0491, 3.0300, 71.5785
(34, 21): 0.0555, 3.0200, 70.7499
(34, 22): -0.0179, 3.0400, 10.4698
(34, 23): -0.0179, 3.0400, 10.4698
(34, 24): -0.0179, 3.0400, 10.4698
(34, 25): -0.0179, 3.0400, 10.4698
(34, 26): -0.0179, 3.0400, 10.4698
(34, 27): -0.0179, 3.0400, 10.4698
