(10, 10): 0.1799, 4.4100, 27.7500
(10, 11): 0.1055, 4.4200, 11.0949
(10, 12): 0.1501, 4.4300, 29.3707
(10, 14): 0.0613, 4.4300, 4.3085
(10, 15): 0.1802, 4.4500, 47.8636
(10, 16): 0.1709, 4.4100, 54.7577
(10, 17): 0.2070, 4.4800, 52.9695
(10, 18): 0.1802, 4.5300, 58.3049
(10, 19): 0.1590, 4.4300, 60.8701
(10, 20): 0.1735, 4.5100, 55.0288
(10, 21): 0.1801, 4.5600, 64.4877
(10, 22): 0.1786, 4.4600, 66.1159
(10, 23): 0.1679, 4.6200, 67.4310
(10, 24): 0.1787, 4.4700, 62.4146
(10, 25): 0.1762, 4.4100, 63.1707
(10, 26): 0.1994, 4.4300, 59.4240
(11, 10): 0.1589, 4.4100, 38.9668
(11, 11): 0.1636, 4.5100, 51.1953
(11, 12): 0.1779, 4.4200, 51.1631
(11, 13): 0.0745, 4.4100, 16.0734
(11, 16): 0.0318, 4.4100, 9.0407
(11, 17): 0.1998, 4.4500, 52.5052
(11, 18): 0.1848, 4.4900, 57.9534
(11, 19): 0.1657, 4.4661, 54.4186
(11, 20): 0.1338, 4.5100, 58.8079
(11, 21): 0.1393, 4.4900, 64.4737
(11, 22): 0.1412, 4.4100, 65.5460
(11, 23): 0.1661, 4.4500, 60.8379
(11, 24): 0.2069, 4.5400, 59.9609
(11, 25): 0.1725, 4.4600, 64.1203
(11, 26): 0.2008, 4.6000, 58.6630
(12, 10): 0.1392, 4.4500, 51.1287
(12, 11): 0.1568, 4.5400, 53.4260
(12, 12): 0.1504, 4.4500, 55.4277
(12, 13): 0.1183, 4.4200, 44.2053
(12, 14): 0.1054, 4.4200, 26.4894
(12, 16): 0.0726, 4.4100, 16.1254
(12, 17): 0.1517, 4.4600, 53.0347
(12, 18): 0.1679, 4.5000, 55.5085
(12, 19): 0.1407, 4.4700, 53.6813
(12, 20): 0.1535, 4.4900, 59.7928
(12, 21): 0.1371, 4.4400, 64.0036
(12, 22): 0.1379, 4.4300, 65.0396
(12, 23): 0.1668, 4.5500, 61.6695
(12, 24): 0.1930, 4.4300, 53.9067
(12, 25): 0.1055, 4.4800, 18.6354
(12, 26): 0.1005, 4.4400, 18.1645
(13, 10): 0.1119, 4.4900, 59.0052
(13, 11): 0.1157, 4.6000, 59.9032
(13, 12): 0.1162, 4.5399, 56.8176
(13, 13): 0.1238, 4.4100, 45.2958
(13, 14): 0.0949, 4.4200, 8.1228
(13, 16): 0.0129, 4.5400, 8.6558
(13, 17): 0.1204, 4.4800, 43.5012
(13, 18): 0.1424, 4.4300, 48.6269
(13, 19): 0.1518, 4.5400, 57.5435
(13, 20): 0.1737, 4.4300, 59.2374
(13, 21): 0.1527, 4.4300, 61.0995
(13, 22): 0.1819, 4.4800, 59.6665
(13, 23): 0.1722, 4.4100, 61.5512
(13, 24): 0.2098, 4.4400, 49.9979
(13, 25): -0.0012, 4.4200, 5.6341
(14, 10): 0.1405, 4.4100, 59.2866
(14, 11): 0.1051, 4.4200, 62.3289
(14, 12): 0.1208, 4.5000, 58.1948
(14, 13): -0.0541, 4.4100, 5.4326
(14, 15): -0.0101, 4.4400, 5.0649
(14, 16): 0.1285, 4.4200, 47.7845
(14, 17): 0.1209, 4.4100, 62.0647
(14, 18): 0.1440, 4.6200, 56.8289
(14, 19): 0.1404, 4.5200, 64.0029
(14, 20): 0.1734, 4.4200, 60.6291
(14, 21): 0.1484, 4.4500, 60.6468
(14, 22): 0.1654, 4.4100, 61.6354
(14, 23): 0.1662, 4.4200, 60.7953
(14, 24): 0.1763, 4.4100, 52.9999
(14, 25): 0.1298, 4.4200, 31.0810
(14, 26): 0.1161, 4.4800, 34.6264
(14, 27): -0.0594, 4.4300, 5.1554
(15, 9): 0.0833, 4.4700, 12.7417
(15, 10): 0.1537, 4.4300, 59.1848
(15, 11): 0.1397, 4.4600, 60.1675
(15, 12): 0.1361, 4.4500, 61.0485
(15, 13): 0.0386, 4.4100, 22.8782
(15, 14): -0.0561, 4.4100, 5.4309
(15, 15): 0.0858, 4.4100, 54.0186
(15, 16): 0.0809, 4.6200, 66.9358
(15, 17): 0.1007, 4.4500, 61.2593
(15, 18): 0.1347, 4.4100, 54.1769
(15, 19): 0.1549, 4.4800, 64.0349
(15, 20): 0.1185, 4.4100, 65.3804
(15, 21): 0.1384, 4.4200, 61.4070
(15, 22): 0.1387, 4.4300, 62.0350
(15, 23): 0.1382, 4.4200, 60.8261
(15, 24): 0.1625, 4.4300, 59.3776
(15, 25): 0.1466, 4.4600, 61.4836
(15, 26): 0.1757, 4.4200, 56.7492
(15, 27): 0.0802, 4.5200, 39.0499
(16, 9): 0.1006, 4.4900, 19.6852
(16, 10): 0.1517, 4.4600, 59.0438
(16, 11): 0.1558, 4.4400, 60.2682
(16, 12): 0.0984, 4.4100, 62.6117
(16, 13): 0.0436, 4.4600, 22.4649
(16, 14): 0.0805, 4.4200, 63.5513
(16, 15): 0.1134, 4.4300, 64.8202
(16, 16): 0.0855, 4.4300, 59.3688
(16, 17): 0.0919, 4.4100, 54.8241
(16, 18): 0.1270, 4.4600, 69.5001
(16, 19): 0.1391, 4.4200, 67.2635
(16, 20): 0.1040, 4.4300, 65.9498
(16, 21): 0.0994, 4.5700, 65.3919
(16, 22): 0.0896, 4.4500, 65.7844
(16, 23): 0.0954, 4.5000, 65.8021
(16, 24): 0.1393, 4.4900, 62.0852
(16, 25): 0.1364, 4.4100, 64.1014
(16, 26): 0.1226, 4.5000, 62.2966
(16, 27): 0.0576, 4.4900, 36.6389
(17, 9): 0.0713, 4.4800, 44.7503
(17, 10): 0.1114, 4.4900, 61.8248
(17, 11): 0.0988, 4.4900, 64.3950
(17, 12): 0.0470, 4.6900, 69.4183
(17, 13): 0.0447, 4.5000, 59.5878
(17, 14): 0.0966, 4.5000, 51.9279
(17, 15): 0.1064, 4.4300, 59.1506
(17, 16): 0.1207, 4.4200, 57.9101
(17, 17): 0.1438, 4.5157, 66.7299
(17, 18): 0.1198, 4.4200, 72.8633
(17, 19): 0.1339, 4.4200, 72.0674
(17, 20): 0.1148, 4.4200, 68.0392
(17, 21): 0.0851, 4.7900, 66.9307
(17, 22): 0.0801, 4.4400, 66.0519
(17, 23): 0.0701, 4.4500, 65.8681
(17, 24): 0.1174, 4.4800, 63.4598
(17, 25): 0.1135, 4.7400, 67.6692
(17, 26): 0.0956, 4.4900, 55.0634
(18, 8): -0.0680, 4.4100, 5.3419
(18, 9): 0.0859, 4.4100, 61.5033
(18, 10): 0.0458, 4.4300, 68.3396
(18, 11): 0.0840, 4.4300, 65.1421
(18, 12): 0.0710, 4.4900, 67.1442
(18, 13): 0.0706, 4.4600, 68.8020
(18, 14): 0.1055, 4.4300, 69.9261
(18, 15): 0.1178, 4.6200, 69.4159
(18, 16): 0.1199, 4.5400, 68.4582
(18, 17): 0.1305, 4.5500, 69.1273
(18, 18): 0.1080, 4.5900, 74.4906
(18, 19): 0.1098, 4.4300, 77.3126
(18, 20): 0.1328, 4.5500, 69.4130
(18, 21): 0.1113, 4.4200, 67.1252
(18, 22): 0.1113, 4.4100, 65.7236
(18, 23): 0.1092, 4.5800, 64.9164
(18, 24): 0.1061, 4.4400, 67.4518
(18, 25): 0.0968, 4.4400, 58.1910
(18, 26): 0.0324, 4.4200, 13.7556
(19, 8): 0.0446, 4.4300, 35.8434
(19, 9): 0.0763, 4.6800, 68.1507
(19, 10): 0.0957, 4.4300, 64.3630
(19, 11): 0.1115, 4.5100, 63.2878
(19, 12): 0.0865, 4.4200, 65.7169
(2, 20): 0.0427, 4.4700, 8.0593
(2, 21): 0.0849, 4.4200, 9.2441
(3, 16): 0.0172, 4.4800, 17.3351
(3, 17): 0.0184, 4.4100, 17.3168
(3, 18): 0.0241, 4.4400, 8.3225
(3, 19): 0.0484, 4.4200, 14.8907
(3, 20): 0.0081, 4.4500, 8.2108
(3, 21): 0.0768, 4.4200, 13.0409
(3, 22): 0.0487, 4.4300, 39.8189
(3, 23): 0.1008, 4.4700, 52.9612
(3, 24): 0.1387, 4.4500, 43.3668
(4, 13): 0.0612, 4.4186, 12.2225
(4, 14): 0.0566, 4.4100, 29.2598
(4, 15): 0.0240, 4.4100, 12.9060
(4, 16): 0.0526, 4.4500, 12.4068
(4, 17): 0.0256, 4.4600, 13.6169
(4, 18): 0.0451, 4.4400, 42.6441
(4, 19): 0.0642, 4.4300, 48.6016
(4, 20): 0.0782, 4.4500, 61.2596
(4, 21): 0.0792, 4.4800, 67.9107
(4, 22): 0.1035, 4.4900, 59.8859
(4, 23): 0.0840, 4.4100, 59.7276
(4, 24): 0.1351, 4.4300, 60.6996
(4, 25): 0.1298, 4.4500, 38.2841
(4, 26): 0.0280, 4.4800, 8.7344
(5, 13): 0.0578, 4.4900, 16.4495
(5, 16): 0.0436, 4.5000, 34.1209
(5, 17): 0.1143, 4.4400, 60.9894
(5, 18): 0.0748, 4.4500, 63.3773
(5, 19): 0.0561, 4.5600, 65.1384
(5, 20): 0.0688, 4.4400, 69.9013
(5, 21): 0.0767, 4.4500, 67.1600
(5, 22): 0.0867, 4.4100, 58.2703
(5, 23): 0.1000, 4.5200, 60.7491
(5, 24): 0.1197, 4.5000, 63.7178
(5, 25): 0.1397, 4.4300, 60.6910
(5, 26): 0.1202, 4.4800, 56.3372
(5, 27): -0.0029, 4.5100, 17.3039
(6, 11): 0.0888, 4.4100, 19.2350
(6, 12): 0.0894, 4.4100, 8.4241
(6, 15): 0.1114, 4.4500, 36.3695
(6, 16): 0.1708, 4.4800, 56.3754
(6, 17): 0.1129, 4.4300, 60.7882
(6, 18): 0.0923, 4.5600, 63.8453
(6, 19): 0.0693, 4.4900, 66.9822
(6, 20): 0.0991, 4.4200, 69.7495
(6, 21): 0.1090, 4.4700, 62.9379
(6, 22): 0.0867, 4.4400, 61.5749
(6, 23): 0.0872, 4.4500, 67.6735
(6, 24): 0.1174, 4.4100, 62.1022
(6, 25): 0.1205, 4.4100, 61.4020
(6, 26): 0.1285, 4.4200, 59.2542
(6, 27): 0.0349, 4.4300, 20.3853
(7, 10): 0.1581, 4.4200, 3.7535
(7, 11): 0.1156, 4.4700, 18.2411
(7, 15): 0.1998, 4.4700, 50.6118
(7, 16): 0.1698, 4.4800, 53.9116
(7, 17): 0.1371, 4.4300, 58.6860
(7, 18): 0.1345, 4.4100, 59.0954
(7, 19): 0.1074, 4.4200, 65.4403
(7, 20): 0.0965, 4.6000, 71.4040
(7, 21): 0.0869, 4.6800, 66.0969
(7, 22): 0.1053, 4.4400, 67.1852
(7, 23): 0.1178, 4.5400, 69.5616
(7, 24): 0.1116, 4.4700, 66.0606
(7, 25): 0.1355, 4.5400, 60.8149
(7, 26): 0.1392, 4.5300, 58.0750
(7, 27): 0.1237, 4.4100, 34.6416
(8, 10): 0.1418, 4.4100, 27.5761
(8, 11): 0.1288, 4.4200, 25.2034
(8, 14): 0.0815, 4.4200, 15.7198
(8, 15): 0.1408, 4.4100, 58.0520
(8, 16): 0.1757, 4.4200, 54.6156
(8, 17): 0.1750, 4.4100, 55.4962
(8, 18): 0.1206, 4.4400, 60.3316
(8, 19): 0.1273, 4.4600, 65.2379
(8, 20): 0.1217, 4.4100, 65.7924
(8, 21): 0.1282, 4.4600, 65.0444
(8, 22): 0.1547, 4.4600, 69.0751
(8, 23): 0.1382, 4.4200, 69.8518
(8, 24): 0.1414, 4.4200, 66.9099
(8, 25): 0.1744, 4.4800, 60.0425
(8, 26): 0.1562, 4.4400, 58.3546
(8, 27): 0.1351, 4.4700, 33.8893
(9, 10): 0.1669, 4.4700, 27.3681
(9, 11): 0.1659, 4.4500, 3.8613
(9, 15): 0.1462, 4.4700, 50.9585
(9, 16): 0.1789, 4.4300, 56.7032
(9, 17): 0.1746, 4.4500, 57.0946
(9, 18): 0.1430, 4.4700, 61.5190
(9, 19): 0.1473, 4.4800, 65.5025
(9, 20): 0.1239, 4.4100, 61.7220
(9, 21): 0.1391, 4.4900, 68.1876
(9, 22): 0.1699, 4.4500, 69.1143
(9, 23): 0.1731, 4.5700, 67.2180
(9, 24): 0.1545, 4.4400, 67.3734
(9, 25): 0.1730, 4.5000, 61.2490
(9, 26): 0.1733, 4.5000, 61.2655
(9, 27): 0.0183, 4.4700, 15.0591
(19, 13): 0.1010, 4.6200, 66.0663
(19, 14): 0.1200, 4.4400, 68.8530
(19, 15): 0.1253, 4.4300, 70.5436
(19, 16): 0.1297, 4.4600, 69.2889
(19, 17): 0.1381, 4.5700, 68.3652
(19, 18): 0.1494, 4.4400, 70.0000
(19, 19): 0.1565, 4.4400, 71.5596
(19, 20): 0.1573, 4.5500, 69.4375
(19, 21): 0.1357, 4.4700, 67.1152
(19, 22): 0.1361, 4.4200, 63.5743
(19, 23): 0.1354, 4.4100, 62.9054
(19, 24): 0.0975, 4.4500, 64.0707
(19, 25): 0.0245, 4.5000, 40.5897
(19, 26): -0.0469, 4.4200, 4.5041
(20, 7): 0.0022, 4.5800, 14.9932
(20, 8): 0.0877, 4.4300, 68.9838
(20, 9): 0.1072, 4.4100, 67.4891
(20, 10): 0.1255, 4.4200, 63.6946
(20, 11): 0.1235, 4.5900, 63.1849
(20, 12): 0.1129, 4.5000, 63.5645
(20, 13): 0.1336, 4.4500, 62.8055
(20, 14): 0.1394, 4.4500, 66.0629
(20, 15): 0.1170, 4.4500, 69.6400
(20, 16): 0.1476, 4.6100, 66.2380
(20, 17): 0.1366, 4.4200, 66.2582
(20, 18): 0.1340, 4.5200, 69.2122
(20, 19): 0.1405, 4.5200, 71.1597
(20, 20): 0.1529, 4.5100, 66.7001
(20, 21): 0.1246, 4.4200, 62.7478
(20, 22): 0.1092, 4.4700, 61.0957
(20, 23): 0.1026, 4.6200, 63.1304
(20, 24): 0.0801, 4.4100, 68.7000
(20, 25): 0.0551, 4.4400, 65.8430
(20, 26): -0.0268, 4.4400, 14.1853
(21, 6): 0.0069, 4.4200, 15.5093
(21, 7): 0.1136, 4.4100, 57.5069
(21, 8): 0.1169, 4.4600, 65.1166
(21, 9): 0.1266, 4.4400, 66.1497
(21, 10): 0.1671, 4.4200, 60.5399
(21, 11): 0.1421, 4.4200, 62.8700
(21, 12): 0.1345, 4.4300, 62.9606
(21, 13): 0.1566, 4.4100, 62.4146
(21, 14): 0.1387, 4.4400, 65.5175
(21, 15): 0.1018, 4.4800, 67.4739
(21, 16): 0.1085, 4.4400, 63.5951
(21, 17): 0.1256, 4.4900, 62.7704
(21, 18): 0.1120, 4.4500, 65.4025
(21, 19): 0.0994, 4.4100, 67.5594
(21, 20): 0.0834, 4.4500, 66.3740
(21, 21): 0.0721, 4.4500, 53.5371
(21, 22): 0.0794, 4.4100, 55.8482
(21, 23): 0.0625, 4.4400, 59.1523
(21, 24): 0.0375, 4.4400, 31.4473
(22, 6): 0.0751, 4.4100, 42.2985
(22, 7): 0.1453, 4.4300, 59.4868
(22, 8): 0.1344, 4.4300, 61.0037
(22, 9): 0.1395, 4.5400, 65.1649
(22, 10): 0.1601, 4.4900, 64.9065
(22, 11): 0.1581, 4.4600, 65.1384
(22, 12): 0.1768, 4.4598, 60.4315
(22, 13): 0.1667, 4.5100, 62.6721
(22, 14): 0.1449, 4.6800, 63.8927
(22, 15): 0.1294, 4.4400, 63.0991
(22, 16): 0.1180, 4.4500, 63.1319
(22, 17): 0.1187, 4.5200, 62.7254
(22, 18): 0.1170, 4.5100, 63.4920
(22, 19): 0.0887, 4.5700, 68.4580
(22, 20): 0.0699, 4.4300, 52.3833
(22, 21): -0.0254, 4.4600, 9.7297
(23, 5): 0.0056, 4.4200, 18.0272
(23, 6): 0.0430, 4.5200, 39.0942
(23, 7): 0.0927, 4.4300, 48.2400
(23, 8): 0.1144, 4.4100, 63.5189
(23, 9): 0.1283, 4.4100, 66.1422
(23, 10): 0.1615, 4.4600, 61.5911
(23, 11): 0.1873, 4.4200, 61.2666
(23, 12): 0.1613, 4.4100, 63.6683
(23, 13): 0.1567, 4.4200, 61.7669
(23, 14): 0.1562, 4.6000, 60.0814
(23, 15): 0.1500, 4.4300, 60.3865
(23, 16): 0.1396, 4.6300, 61.6872
(23, 17): 0.1300, 4.4700, 62.5560
(23, 18): 0.1122, 4.4100, 64.6705
(23, 19): 0.0718, 4.5500, 69.9552
(23, 20): 0.0547, 4.4500, 59.5912
(24, 4): -0.0298, 4.4600, 13.4269
(24, 5): 0.0345, 4.4100, 24.5091
(24, 6): 0.0273, 4.4300, 26.6065
(24, 7): 0.1040, 4.4200, 56.1525
(24, 8): 0.1076, 4.4100, 41.8961
(24, 9): 0.1446, 4.6000, 51.7110
(24, 10): 0.1689, 4.4400, 48.1197
(24, 11): 0.1829, 4.4500, 59.5597
(24, 12): 0.1637, 4.4300, 61.7706
(24, 13): 0.1660, 4.4900, 59.4576
(24, 14): 0.1552, 4.5800, 59.7774
(24, 15): 0.1514, 4.5100, 59.9540
(24, 16): 0.1332, 4.4500, 63.0643
(24, 17): 0.0942, 4.4500, 67.1570
(24, 18): 0.0905, 4.4700, 67.4197
(24, 19): 0.0717, 4.4800, 70.4277
(24, 20): 0.0825, 4.4200, 69.2838
(24, 21): 0.0298, 4.6000, 43.4248
(25, 4): 0.0797, 4.4900, 33.5745
(25, 5): 0.1758, 4.4400, 36.2319
(25, 6): 0.0853, 4.5800, 55.2184
(25, 7): 0.0804, 4.5000, 29.6810
(25, 8): 0.1242, 4.4300, 50.3912
(25, 9): 0.1422, 4.4500, 58.6096
(25, 10): 0.1667, 4.4200, 58.5161
(25, 11): 0.1800, 4.4200, 62.3496
(25, 12): 0.1503, 4.4300, 64.6765
(25, 13): 0.1479, 4.4300, 62.0892
(25, 14): 0.1473, 4.4100, 61.4782
(25, 15): 0.1331, 4.4800, 63.2907
(25, 16): 0.1032, 4.4200, 66.7158
(25, 17): 0.1098, 4.4400, 65.2811
(25, 18): 0.1041, 4.4800, 65.3139
(25, 19): 0.0815, 4.5500, 67.7586
(25, 20): 0.0666, 4.5600, 68.4980
(25, 21): 0.0457, 4.4500, 70.7815
(25, 22): -0.0043, 4.4500, 29.7217
(26, 2): -0.0775, 4.4700, 5.1393
(26, 3): 0.0670, 4.4600, 24.4426
(26, 4): 0.0876, 4.4200, 35.1219
(26, 5): 0.0789, 4.4200, 32.8606
(26, 6): 0.0987, 4.4100, 27.9149
(26, 7): 0.1530, 4.4700, 49.8205
(26, 8): 0.1722, 4.5000, 58.4034
(26, 9): 0.1587, 4.4300, 59.3476
(26, 10): 0.1338, 4.4200, 62.3615
(26, 11): 0.1464, 4.4600, 65.9025
(26, 12): 0.1139, 4.4100, 67.3879
(26, 13): 0.0982, 4.4100, 67.0148
(26, 14): 0.1250, 4.4400, 64.9185
(26, 15): 0.0999, 4.4200, 68.7606
(26, 16): 0.1024, 4.4598, 67.3506
(26, 17): 0.0843, 4.4300, 69.1964
(26, 18): 0.1035, 4.4200, 65.9072
(26, 19): 0.0655, 4.4500, 68.1694
(26, 20): 0.0597, 4.4300, 67.4053
(26, 21): 0.0643, 4.4100, 67.1118
(26, 22): 0.1099, 4.6200, 50.5963
(27, 2): 0.0433, 4.4400, 24.6641
(27, 3): 0.1267, 4.4200, 55.6981
(27, 4): 0.1218, 4.4600, 61.1720
(27, 5): 0.1141, 4.4800, 64.1743
(27, 6): 0.1058, 4.4100, 51.7497
(27, 7): 0.0886, 4.4100, 20.5733
(27, 8): 0.1302, 4.6200, 50.1437
(27, 9): 0.1102, 4.4100, 49.1027
(27, 10): 0.0635, 4.4100, 52.1071
(27, 11): 0.0916, 4.4900, 52.7032
(27, 12): 0.0490, 4.4700, 32.7547
(27, 13): 0.0936, 4.5300, 55.3404
(27, 14): 0.0175, 4.4100, 49.9064
(27, 15): 0.0834, 4.5800, 71.9531
(27, 16): 0.0839, 4.4200, 70.2601
(27, 17): 0.1031, 4.4500, 65.9914
(27, 18): 0.1012, 4.4600, 63.6065
(27, 19): 0.0793, 4.4400, 64.1586
(27, 20): 0.0616, 4.5500, 66.4152
(27, 21): 0.0724, 4.4200, 65.8354
(27, 22): 0.0732, 4.5000, 50.5064
(28, 2): -0.1219, 4.4100, 5.6014
(28, 3): 0.0429, 4.4200, 30.2755
(28, 4): 0.0671, 4.4100, 30.4808
(28, 5): 0.1103, 4.4500, 50.5113
(28, 6): 0.0821, 4.4600, 29.6898
(28, 7): 0.1096, 4.4800, 28.0424
(28, 8): 0.1071, 4.4100, 42.0777
(28, 9): 0.0914, 4.4600, 34.6964
(28, 14): 0.0545, 4.4800, 15.5837
(28, 15): 0.0810, 4.4800, 69.2938
(28, 16): 0.0626, 4.4600, 72.9082
(28, 17): 0.0712, 4.4600, 68.1865
(28, 18): 0.0509, 4.5700, 69.2925
(28, 19): 0.0435, 4.4800, 68.7412
(28, 20): 0.0560, 4.4400, 65.7445
(28, 21): 0.0497, 4.4100, 65.8557
(28, 22): -0.0144, 4.4100, 28.1882
(29, 2): 0.0755, 4.4100, 60.4062
(29, 3): 0.0668, 4.4600, 68.0759
(29, 4): 0.0642, 4.4300, 58.9986
(29, 5): 0.0827, 4.4200, 48.2460
(29, 6): 0.1157, 4.4400, 64.6520
(29, 7): 0.1164, 4.4100, 50.3957
(29, 8): 0.0134, 4.4100, 4.7702
(29, 15): 0.0184, 4.4700, 10.8492
(29, 16): 0.0221, 4.4100, 30.5345
(29, 17): -0.1180, 4.4100, 5.8453
(29, 18): 0.0227, 4.4800, 58.2241
(29, 19): 0.0776, 4.4200, 66.8090
(29, 20): 0.0720, 4.4900, 63.4587
(29, 21): 0.0745, 4.5000, 60.8079
(29, 22): -0.0759, 4.4200, 14.5609
(30, 2): 0.0477, 4.4200, 37.8325
(30, 3): 0.0309, 4.4300, 17.1083
(30, 4): 0.0430, 4.4200, 14.0890
(30, 5): 0.0813, 4.4100, 59.0470
(30, 6): 0.0905, 4.4100, 52.4159
(30, 7): 0.0238, 4.4300, 15.0728
(30, 19): -0.0596, 4.4200, 15.7110
(30, 20): 0.0640, 4.4100, 53.8754
(30, 21): 0.0957, 4.6200, 56.8270
(30, 22): -0.0391, 4.5000, 18.3889
(31, 19): -0.0158, 4.4200, 10.5482
(31, 20): 0.0554, 4.5400, 62.7892
(31, 21): -0.0521, 4.5000, 15.6166
(32, 19): -0.0026, 4.4200, 15.8685
(32, 20): 0.0692, 4.5700, 73.4102
(32, 21): 0.0181, 4.4100, 48.8133
(32, 22): -0.0455, 4.4200, 10.7542
(33, 19): 0.0049, 4.4700, 46.2810
(33, 20): 0.0429, 4.4100, 75.9378
(33, 21): 0.0799, 4.5200, 71.5304
(33, 22): 0.0429, 4.4300, 28.7635
(34, 19): -0.0117, 4.4100, 39.3005
(34, 20): 0.0217, 4.4500, 75.0326
(34, 21): -0.0016, 4.4200, 78.2273
(34, 22): -0.0063, 4.4300, 10.1943
