(1, 1): 0.5381, 0.0200, 1.4639, 0.0151
(1, 2): 0.5381, 0.0200, 1.4639, 0.0151
(1, 3): 0.5381, 0.0200, 1.4639, 0.0151
(1, 4): 0.5381, 0.0200, 1.4639, 0.0151
(1, 5): 0.7796, 0.0200, 5.2754, 0.0100
(1, 6): 0.7796, 0.0200, 5.2754, 0.0100
(1, 7): 0.7796, 0.0200, 5.2754, 0.0100
(1, 8): 0.7796, 0.0200, 5.2754, 0.0100
(1, 9): 1.0469, 0.0200, 2.3903, 0.0184
(1, 10): 1.0469, 0.0200, 2.3903, 0.0184
(1, 11): 1.0469, 0.0200, 2.3903, 0.0184
(1, 12): 1.0469, 0.0200, 2.3903, 0.0184
(1, 13): 1.0469, 0.0200, 2.3903, 0.0184
(1, 14): 1.1937, 0.0200, 2.5930, 0.0209
(1, 15): 1.1937, 0.0200, 2.5930, 0.0209
(1, 16): 1.1937, 0.0200, 2.5930, 0.0209
(1, 17): 1.0474, 0.0200, 3.1842, 0.0234
(1, 18): 0.8725, 0.0200, 1.9848, 0.0167
(1, 19): 0.9787, 0.0200, 1.7380, 0.0117
(1, 20): 0.9787, 0.0200, 1.7380, 0.0117
(1, 21): 1.1155, 0.0200, 1.4781, 0.0176
(1, 22): 1.1155, 0.0200, 1.4781, 0.0176
(1, 23): 1.8946, 0.0200, 3.1069, 0.0117
(1, 24): 1.6218, 0.0200, 4.3240, 0.0125
(1, 25): 1.6218, 0.0200, 4.3240, 0.0125
(1, 26): 1.6218, 0.0200, 4.3240, 0.0125
(1, 27): 1.0519, 0.0200, 1.7679, 0.0075
(2, 1): 0.5381, 0.0200, 1.4639, 0.0151
(2, 2): 0.5381, 0.0200, 1.4639, 0.0151
(2, 3): 0.5381, 0.0200, 1.4639, 0.0151
(2, 4): 0.5381, 0.0200, 1.4639, 0.0151
(2, 5): 0.5381, 0.0200, 1.4639, 0.0151
(2, 6): 0.7796, 0.0200, 5.2754, 0.0100
(2, 7): 0.7796, 0.0200, 5.2754, 0.0100
(2, 8): 0.7796, 0.0200, 5.2754, 0.0100
(2, 9): 0.7796, 0.0200, 5.2754, 0.0100
(2, 10): 1.0469, 0.0200, 2.3903, 0.0184
(2, 11): 1.0469, 0.0200, 2.3903, 0.0184
(2, 12): 1.0469, 0.0200, 2.3903, 0.0184
(2, 13): 1.0469, 0.0200, 2.3903, 0.0184
(2, 14): 1.4717, 0.0200, 3.1207, 0.0192
(2, 15): 1.1937, 0.0200, 2.5930, 0.0209
(2, 16): 1.1937, 0.0200, 2.5930, 0.0209
(2, 17): 1.0474, 0.0200, 3.1842, 0.0234
(2, 18): 0.8725, 0.0200, 1.9848, 0.0167
(2, 19): 1.0277, 0.0200, 3.1328, 0.0142
(2, 20): 0.9787, 0.0200, 1.7380, 0.0117
(2, 21): 1.1155, 0.0200, 1.4781, 0.0176
(2, 22): 1.1155, 0.0200, 1.4781, 0.0176
(2, 23): 1.8946, 0.0200, 3.1069, 0.0117
(2, 24): 1.6218, 0.0200, 4.3240, 0.0125
(2, 25): 1.6218, 0.0200, 4.3240, 0.0125
(2, 26): 1.0519, 0.0200, 1.7679, 0.0075
(2, 27): 1.0519, 0.0200, 1.7679, 0.0075
(3, 1): 0.5381, 0.0200, 1.4639, 0.0151
(3, 2): 0.5381, 0.0200, 1.4639, 0.0151
(3, 3): 0.5381, 0.0200, 1.4639, 0.0151
(3, 4): 0.5381, 0.0200, 1.4639, 0.0151
(3, 5): 0.5381, 0.0200, 1.4639, 0.0151
(3, 6): 0.5381, 0.0200, 1.4639, 0.0151
(3, 7): 0.7796, 0.0200, 5.2754, 0.0100
(3, 8): 0.7796, 0.0200, 5.2754, 0.0100
(3, 9): 0.7796, 0.0200, 5.2754, 0.0100
(3, 10): 0.7796, 0.0200, 5.2754, 0.0100
(3, 11): 1.0469, 0.0200, 2.3903, 0.0184
(3, 12): 1.0469, 0.0200, 2.3903, 0.0184
(3, 13): 1.0469, 0.0200, 2.3903, 0.0184
(3, 14): 1.4717, 0.0200, 3.1207, 0.0192
(3, 15): 1.3580, 0.0200, 1.5160, 0.0159
(3, 16): 1.1937, 0.0200, 2.5930, 0.0209
(3, 17): 1.0474, 0.0200, 3.1842, 0.0234
(3, 18): 0.8725, 0.0200, 1.9848, 0.0167
(3, 19): 1.0277, 0.0200, 3.1328, 0.0142
(3, 20): 0.9117, 0.0200, 1.9450, 0.0159
(3, 21): 1.0800, 0.0200, 2.7057, 0.0117
(3, 22): 1.3436, 0.0200, 5.7819, 0.0117
(3, 23): 1.8946, 0.0200, 3.1069, 0.0117
(3, 24): 1.6218, 0.0200, 4.3240, 0.0125
(3, 25): 1.6218, 0.0200, 4.3240, 0.0125
(3, 26): 1.0519, 0.0200, 1.7679, 0.0075
(3, 27): 1.0519, 0.0200, 1.7679, 0.0075
(4, 1): 0.5381, 0.0200, 1.4639, 0.0151
(4, 2): 0.5381, 0.0200, 1.4639, 0.0151
(4, 3): 0.5381, 0.0200, 1.4639, 0.0151
(4, 4): 0.5381, 0.0200, 1.4639, 0.0151
(4, 5): 0.5381, 0.0200, 1.4639, 0.0151
(4, 6): 0.5381, 0.0200, 1.4639, 0.0151
(4, 7): 0.5381, 0.0200, 1.4639, 0.0151
(4, 8): 0.7796, 0.0200, 5.2754, 0.0100
(4, 9): 0.7796, 0.0200, 5.2754, 0.0100
(4, 10): 0.7796, 0.0200, 5.2754, 0.0100
(4, 11): 0.7796, 0.0200, 5.2754, 0.0100
(4, 12): 1.0469, 0.0200, 2.3903, 0.0184
(4, 13): 1.0469, 0.0200, 2.3903, 0.0184
(4, 14): 1.4717, 0.0200, 3.1207, 0.0192
(4, 15): 1.3580, 0.0200, 1.5160, 0.0159
(4, 16): 1.2760, 0.0200, 1.8039, 0.0151
(4, 17): 1.1552, 0.0200, 2.1632, 0.0234
(4, 18): 1.4556, 0.0200, 4.9434, 0.0176
(4, 19): 1.3822, 0.0200, 6.7172, 0.0134
(4, 20): 1.5316, 0.0200, 7.3180, 0.0117
(4, 21): 1.4948, 0.0200, 8.5353, 0.0134
(4, 22): 1.5327, 0.0200, 7.5428, 0.0100
(4, 23): 1.3718, 0.0200, 8.7914, 0.0100
(4, 24): 1.6216, 0.0200, 7.1840, 0.0075
(4, 25): 1.5784, 0.0200, 4.0382, 0.0084
(4, 26): 1.0519, 0.0200, 1.7679, 0.0075
(4, 27): 1.1459, 0.0200, 2.9852, 0.0159
(5, 1): 0.5381, 0.0200, 1.4639, 0.0151
(5, 2): 0.5381, 0.0200, 1.4639, 0.0151
(5, 3): 0.5381, 0.0200, 1.4639, 0.0151
(5, 4): 0.5381, 0.0200, 1.4639, 0.0151
(5, 5): 0.5381, 0.0200, 1.4639, 0.0151
(5, 6): 0.5381, 0.0200, 1.4639, 0.0151
(5, 7): 0.5381, 0.0200, 1.4639, 0.0151
(5, 8): 0.5381, 0.0200, 1.4639, 0.0151
(5, 9): 0.7796, 0.0200, 5.2754, 0.0100
(5, 10): 0.7796, 0.0200, 5.2754, 0.0100
(5, 11): 0.7796, 0.0200, 5.2754, 0.0100
(5, 12): 0.6989, 0.0200, 2.5601, 0.0142
(5, 13): 1.0137, 0.0200, 3.2592, 0.0109
(5, 14): 1.0137, 0.0200, 3.2592, 0.0109
(5, 15): 1.3580, 0.0200, 1.5160, 0.0159
(5, 16): 1.7081, 0.0200, 2.9332, 0.0151
(5, 17): 1.9921, 0.0200, 4.0537, 0.0142
(5, 18): 1.5720, 0.0200, 6.9245, 0.0159
(5, 19): 1.1250, 0.0200, 12.7606, 0.0109
(5, 20): 1.4924, 0.0200, 8.5929, 0.0125
(5, 21): 1.5251, 0.0200, 8.1014, 0.0134
(5, 22): 1.6007, 0.0200, 5.9750, 0.0201
(5, 23): 1.4837, 0.0200, 7.9172, 0.0167
(5, 24): 1.2569, 0.0200, 11.9689, 0.0100
(5, 25): 2.1322, 0.0200, 3.6950, 0.0109
(5, 26): 1.3679, 0.0200, 9.1726, 0.0067
(5, 27): 1.1459, 0.0200, 2.9852, 0.0159
(6, 1): 0.5381, 0.0200, 1.4639, 0.0151
(6, 2): 0.5381, 0.0200, 1.4639, 0.0151
(6, 3): 0.5381, 0.0200, 1.4639, 0.0151
(6, 4): 0.5381, 0.0200, 1.4639, 0.0151
(6, 5): 0.5381, 0.0200, 1.4639, 0.0151
(6, 6): 0.5381, 0.0200, 1.4639, 0.0151
(6, 7): 0.5381, 0.0200, 1.4639, 0.0151
(6, 8): 0.5381, 0.0200, 1.4639, 0.0151
(6, 9): 0.5381, 0.0200, 1.4639, 0.0151
(6, 10): 0.7796, 0.0200, 5.2754, 0.0100
(6, 11): 0.7796, 0.0200, 5.2754, 0.0100
(6, 12): 0.6989, 0.0200, 2.5601, 0.0142
(6, 13): 0.6989, 0.0200, 2.5601, 0.0142
(6, 14): 2.2159, 0.0200, 1.5021, 0.0217
(6, 15): 2.2159, 0.0200, 1.5021, 0.0217
(6, 16): 2.0883, 0.0200, 3.2659, 0.0159
(6, 17): 1.7775, 0.0200, 5.1501, 0.0217
(6, 18): 1.3977, 0.0200, 9.2195, 0.0084
(6, 19): 1.3799, 0.0200, 9.7348, 0.0142
(6, 20): 1.3172, 0.0200, 11.0789, 0.0117
(6, 21): 1.3456, 0.0200, 9.9245, 0.0075
(6, 22): 1.6498, 0.0200, 5.8952, 0.0167
(6, 23): 1.5091, 0.0200, 8.0254, 0.0226
(6, 24): 1.2698, 0.0200, 10.9176, 0.0059
(6, 25): 1.3429, 0.0200, 9.9188, 0.0125
(6, 26): 1.1848, 0.0200, 11.9439, 0.0142
(6, 27): 1.1798, 0.0200, 3.3582, 0.0184
(7, 1): 0.5381, 0.0200, 1.4639, 0.0151
(7, 2): 0.5381, 0.0200, 1.4639, 0.0151
(7, 3): 0.5381, 0.0200, 1.4639, 0.0151
(7, 4): 0.5381, 0.0200, 1.4639, 0.0151
(7, 5): 0.5381, 0.0200, 1.4639, 0.0151
(7, 6): 0.5381, 0.0200, 1.4639, 0.0151
(7, 7): 0.5381, 0.0200, 1.4639, 0.0151
(7, 8): 0.5381, 0.0200, 1.4639, 0.0151
(7, 9): 0.5381, 0.0200, 1.4639, 0.0151
(7, 10): 0.5381, 0.0200, 1.4639, 0.0151
(7, 11): 1.0947, 0.0200, 3.5878, 0.0067
(7, 12): 1.0947, 0.0200, 3.5878, 0.0067
(7, 13): 0.6989, 0.0200, 2.5601, 0.0142
(7, 14): 1.7353, 0.0200, 4.2201, 0.0117
(7, 15): 1.7353, 0.0200, 4.2201, 0.0117
(7, 16): 2.5464, 0.0200, 1.6301, 0.0142
(7, 17): 1.9056, 0.0200, 4.4887, 0.0100
(7, 18): 1.4190, 0.0200, 8.7440, 0.0092
(7, 19): 1.5667, 0.0200, 7.7653, 0.0050
(7, 20): 1.3862, 0.0200, 10.6075, 0.0092
(7, 21): 1.2058, 0.0200, 11.8247, 0.0067
(7, 22): 1.1402, 0.0200, 13.1752, 0.0050
(7, 23): 0.9321, 0.0200, 18.0120, 0.0075
(7, 24): 0.9692, 0.0200, 15.9645, 0.0075
(7, 25): 1.2352, 0.0200, 10.9057, 0.0092
(7, 26): 1.0762, 0.0200, 13.2771, 0.0092
(7, 27): 1.4763, 0.0200, 4.6469, 0.0084
(8, 1): 1.1209, 0.0200, 5.3625, 0.0050
(8, 2): 1.1209, 0.0200, 5.3625, 0.0050
(8, 3): 1.1209, 0.0200, 5.3625, 0.0050
(8, 4): 1.1209, 0.0200, 5.3625, 0.0050
(8, 5): 1.1209, 0.0200, 5.3625, 0.0050
(8, 6): 1.1209, 0.0200, 5.3625, 0.0050
(8, 7): 1.1209, 0.0200, 5.3625, 0.0050
(8, 8): 1.1209, 0.0200, 5.3625, 0.0050
(8, 9): 1.1209, 0.0200, 5.3625, 0.0050
(8, 10): 1.1209, 0.0200, 5.3625, 0.0050
(8, 11): 1.0326, 0.0200, 5.3430, 0.0067
(8, 12): 1.0326, 0.0200, 5.3430, 0.0067
(8, 13): 1.3332, 0.0200, 2.0607, 0.0159
(8, 14): 1.3332, 0.0200, 2.0607, 0.0159
(8, 15): 2.0298, 0.0200, 3.2967, 0.0184
(8, 16): 2.5459, 0.0200, 1.6859, 0.0151
(8, 17): 2.1555, 0.0200, 3.3309, 0.0268
(8, 18): 1.7352, 0.0200, 5.7248, 0.0167
(8, 19): 1.5150, 0.0200, 8.5146, 0.0092
(8, 20): 1.3684, 0.0200, 10.3379, 0.0109
(8, 21): 1.2215, 0.0200, 11.9712, 0.0067
(8, 22): 1.2142, 0.0200, 12.9625, 0.0100
(8, 23): 1.1883, 0.0200, 13.1338, 0.0042
(8, 24): 0.9637, 0.0200, 16.5977, 0.0067
(8, 25): 1.3361, 0.0200, 9.9910, 0.0125
(8, 26): 1.2656, 0.0200, 10.5368, 0.0125
(8, 27): 1.4968, 0.0200, 4.3880, 0.0125
(9, 1): 1.0501, 0.0200, 6.0550, 0.0109
(9, 2): 1.0501, 0.0200, 6.0550, 0.0109
(9, 3): 1.0501, 0.0200, 6.0550, 0.0109
(9, 4): 1.0501, 0.0200, 6.0550, 0.0109
(9, 5): 1.0501, 0.0200, 6.0550, 0.0109
(9, 6): 1.0501, 0.0200, 6.0550, 0.0109
(9, 7): 1.0501, 0.0200, 6.0550, 0.0109
(9, 8): 1.0501, 0.0200, 6.0550, 0.0109
(9, 9): 1.0501, 0.0200, 6.0550, 0.0109
(9, 10): 1.0501, 0.0200, 6.0550, 0.0109
(9, 11): 0.7967, 0.0200, 1.1307, 0.0159
(9, 12): 0.7967, 0.0200, 1.1307, 0.0159
(9, 13): 0.7497, 0.0200, 1.3108, 0.0159
(9, 14): 0.7497, 0.0200, 1.3108, 0.0159
(9, 15): 1.5305, 0.0200, 5.9520, 0.0184
(9, 16): 2.0774, 0.0200, 3.4991, 0.0167
(9, 17): 1.8247, 0.0200, 5.0044, 0.0192
(9, 18): 1.6695, 0.0200, 6.4021, 0.0176
(9, 19): 1.5935, 0.0200, 7.8214, 0.0134
(9, 20): 1.3015, 0.0200, 10.4111, 0.0117
(9, 21): 1.4665, 0.0200, 9.1876, 0.0050
(9, 22): 1.4211, 0.0200, 9.5773, 0.0067
(9, 23): 1.0021, 0.0200, 16.0350, 0.0100
(9, 24): 1.0695, 0.0200, 15.3028, 0.0125
(9, 25): 1.3169, 0.0200, 10.4971, 0.0084
(9, 26): 1.4485, 0.0200, 8.6857, 0.0042
(9, 27): 1.0368, 0.0200, 2.6510, 0.0100
(10, 1): 1.1960, 0.0200, 5.4070, 0.0134
(10, 2): 1.1960, 0.0200, 5.4070, 0.0134
(10, 3): 1.1960, 0.0200, 5.4070, 0.0134
(10, 4): 1.1960, 0.0200, 5.4070, 0.0134
(10, 5): 1.1960, 0.0200, 5.4070, 0.0134
(10, 6): 1.1960, 0.0200, 5.4070, 0.0134
(10, 7): 1.1960, 0.0200, 5.4070, 0.0134
(10, 8): 1.1960, 0.0200, 5.4070, 0.0134
(10, 9): 1.1960, 0.0200, 5.4070, 0.0134
(10, 10): 1.1960, 0.0200, 5.4070, 0.0134
(10, 11): 0.9758, 0.0200, 2.5236, 0.0176
(10, 12): 1.1626, 0.0200, 5.4978, 0.0134
(10, 13): 0.7497, 0.0200, 1.3108, 0.0159
(10, 14): 0.7497, 0.0200, 1.3108, 0.0159
(10, 15): 1.3154, 0.0200, 8.2490, 0.0067
(10, 16): 1.5529, 0.0200, 6.6654, 0.0176
(10, 17): 1.6673, 0.0200, 6.1861, 0.0176
(10, 18): 1.5709, 0.0200, 7.7292, 0.0075
(10, 19): 1.5167, 0.0200, 8.3451, 0.0109
(10, 20): 1.1641, 0.0200, 11.8515, 0.0117
(10, 21): 1.2633, 0.0200, 12.1474, 0.0100
(10, 22): 1.0726, 0.0200, 15.0512, 0.0084
(10, 23): 1.1551, 0.0200, 13.7262, 0.0159
(10, 24): 1.0860, 0.0200, 15.0624, 0.0100
(10, 25): 1.4075, 0.0200, 9.7951, 0.0192
(10, 26): 1.3512, 0.0200, 10.0020, 0.0151
(10, 27): 1.3512, 0.0200, 10.0020, 0.0151
(11, 1): 1.6716, 0.0200, 1.0675, 0.0334
(11, 2): 1.1784, 0.0200, 7.4542, 0.0075
(11, 3): 1.1784, 0.0200, 7.4542, 0.0075
(11, 4): 1.1784, 0.0200, 7.4542, 0.0075
(11, 5): 1.1784, 0.0200, 7.4542, 0.0075
(11, 6): 1.1784, 0.0200, 7.4542, 0.0075
(11, 7): 1.1784, 0.0200, 7.4542, 0.0075
(11, 8): 1.1784, 0.0200, 7.4542, 0.0075
(11, 9): 1.1784, 0.0200, 7.4542, 0.0075
(11, 10): 1.1784, 0.0200, 7.4542, 0.0075
(11, 11): 1.6577, 0.0200, 5.2251, 0.0075
(11, 12): 1.5151, 0.0200, 6.3519, 0.0134
(11, 13): 1.0436, 0.0200, 3.1607, 0.0134
(11, 14): 0.7497, 0.0200, 1.3108, 0.0159
(11, 15): 1.3154, 0.0200, 8.2490, 0.0067
(11, 16): 0.8423, 0.0200, 2.3855, 0.0251
(11, 17): 2.0059, 0.0200, 3.9171, 0.0159
(11, 18): 1.4542, 0.0200, 9.1211, 0.0109
(11, 19): 1.2311, 0.0200, 11.0643, 0.0084
(11, 20): 1.4105, 0.0200, 8.8847, 0.0125
(11, 21): 1.4101, 0.0200, 9.5551, 0.0050
(11, 22): 1.2504, 0.0200, 11.6854, 0.0125
(11, 23): 1.3414, 0.0200, 10.5081, 0.0125
(11, 24): 1.3585, 0.0200, 10.7537, 0.0067
(11, 25): 1.4081, 0.0200, 9.8669, 0.0142
(11, 26): 1.3569, 0.0200, 9.6380, 0.0084
(11, 27): 1.3569, 0.0200, 9.6380, 0.0084
(12, 1): 1.6716, 0.0200, 1.0675, 0.0334
(12, 2): 1.6716, 0.0200, 1.0675, 0.0334
(12, 3): 1.6716, 0.0200, 1.0675, 0.0334
(12, 4): 1.6716, 0.0200, 1.0675, 0.0334
(12, 5): 1.6035, 0.0200, 5.4319, 0.0100
(12, 6): 1.6035, 0.0200, 5.4319, 0.0100
(12, 7): 1.6035, 0.0200, 5.4319, 0.0100
(12, 8): 1.6035, 0.0200, 5.4319, 0.0100
(12, 9): 1.6035, 0.0200, 5.4319, 0.0100
(12, 10): 1.6035, 0.0200, 5.4319, 0.0100
(12, 11): 1.6894, 0.0200, 5.5552, 0.0134
(12, 12): 1.7578, 0.0200, 5.0885, 0.0117
(12, 13): 1.5035, 0.0200, 5.7755, 0.0109
(12, 14): 1.3597, 0.0200, 3.9178, 0.0059
(12, 15): 1.4819, 0.0200, 1.7982, 0.0201
(12, 16): 1.4819, 0.0200, 1.7982, 0.0201
(12, 17): 1.8223, 0.0200, 4.8583, 0.0209
(12, 18): 1.8614, 0.0200, 5.2170, 0.0201
(12, 19): 1.5250, 0.0200, 7.5302, 0.0100
(12, 20): 1.5039, 0.0200, 8.4344, 0.0117
(12, 21): 1.3592, 0.0200, 10.4089, 0.0142
(12, 22): 1.3173, 0.0200, 10.8706, 0.0092
(12, 23): 1.4228, 0.0200, 9.5610, 0.0084
(12, 24): 1.5551, 0.0200, 6.8225, 0.0100
(12, 25): 1.0541, 0.0200, 3.8121, 0.0117
(12, 26): 0.9834, 0.0200, 3.8963, 0.0067
(12, 27): 0.9834, 0.0200, 3.8963, 0.0067
(13, 1): 1.6716, 0.0200, 1.0675, 0.0334
(13, 2): 1.6716, 0.0200, 1.0675, 0.0334
(13, 3): 1.6716, 0.0200, 1.0675, 0.0334
(13, 4): 1.6716, 0.0200, 1.0675, 0.0334
(13, 5): 1.6716, 0.0200, 1.0675, 0.0334
(13, 6): 1.6716, 0.0200, 1.0675, 0.0334
(13, 7): 1.6716, 0.0200, 1.0675, 0.0334
(13, 8): 1.2564, 0.0200, 9.9770, 0.0159
(13, 9): 1.2564, 0.0200, 9.9770, 0.0159
(13, 10): 1.2564, 0.0200, 9.9770, 0.0159
(13, 11): 1.3131, 0.0200, 9.5265, 0.0184
(13, 12): 1.5725, 0.0200, 6.7330, 0.0050
(13, 13): 1.5556, 0.0200, 5.4633, 0.0075
(13, 14): 1.0677, 0.0200, 1.7169, 0.0142
(13, 15): 1.0677, 0.0200, 1.7169, 0.0142
(13, 16): 1.4140, 0.0200, 0.9788, 0.0284
(13, 17): 2.4374, 0.0200, 1.6539, 0.0343
(13, 18): 1.6462, 0.0200, 5.7609, 0.0142
(13, 19): 1.5940, 0.0200, 7.2090, 0.0159
(13, 20): 1.4633, 0.0200, 8.8707, 0.0084
(13, 21): 1.9862, 0.0200, 4.3345, 0.0134
(13, 22): 1.3844, 0.0200, 9.8981, 0.0109
(13, 23): 1.3453, 0.0200, 10.7415, 0.0125
(13, 24): 1.3292, 0.0200, 8.9105, 0.0117
(13, 25): 0.7141, 0.0200, 1.3985, 0.0201
(13, 26): 0.9834, 0.0200, 3.8963, 0.0067
(13, 27): 0.6431, 0.0200, 1.4092, 0.0159
(14, 1): 1.6716, 0.0200, 1.0675, 0.0334
(14, 2): 1.6716, 0.0200, 1.0675, 0.0334
(14, 3): 1.6716, 0.0200, 1.0675, 0.0334
(14, 4): 1.6716, 0.0200, 1.0675, 0.0334
(14, 5): 1.6716, 0.0200, 1.0675, 0.0334
(14, 6): 1.6716, 0.0200, 1.0675, 0.0334
(14, 7): 1.6716, 0.0200, 1.0675, 0.0334
(14, 8): 1.6716, 0.0200, 1.0675, 0.0334
(14, 9): 1.5673, 0.0200, 6.9822, 0.0151
(14, 10): 1.5673, 0.0200, 6.9822, 0.0151
(14, 11): 1.6988, 0.0200, 6.2008, 0.0125
(14, 12): 1.6416, 0.0200, 6.4668, 0.0151
(14, 13): 0.8533, 0.0200, 1.2590, 0.0167
(14, 14): 1.0677, 0.0200, 1.7169, 0.0142
(14, 15): 1.0852, 0.0200, 0.8301, 0.0284
(14, 16): 1.5427, 0.0200, 4.2173, 0.0084
(14, 17): 2.1718, 0.0200, 2.8812, 0.0334
(14, 18): 2.2422, 0.0200, 3.0713, 0.0184
(14, 19): 1.4155, 0.0200, 9.6874, 0.0134
(14, 20): 1.5926, 0.0200, 7.4702, 0.0125
(14, 21): 1.2985, 0.0200, 10.6163, 0.0117
(14, 22): 1.5298, 0.0200, 8.2659, 0.0059
(14, 23): 1.1216, 0.0200, 13.8900, 0.0100
(14, 24): 1.3600, 0.0200, 8.7875, 0.0075
(14, 25): 1.0771, 0.0200, 6.7513, 0.0067
(14, 26): 0.9878, 0.0200, 8.1449, 0.0075
(14, 27): 0.6431, 0.0200, 1.4092, 0.0159
(15, 1): 0.8891, 0.0200, 1.1125, 0.0242
(15, 2): 0.8891, 0.0200, 1.1125, 0.0242
(15, 3): 0.8891, 0.0200, 1.1125, 0.0242
(15, 4): 1.6716, 0.0200, 1.0675, 0.0334
(15, 5): 1.6716, 0.0200, 1.0675, 0.0334
(15, 6): 1.6716, 0.0200, 1.0675, 0.0334
(15, 7): 1.6716, 0.0200, 1.0675, 0.0334
(15, 8): 1.6716, 0.0200, 1.0675, 0.0334
(15, 9): 1.6716, 0.0200, 1.0675, 0.0334
(15, 10): 2.5867, 0.0200, 1.5556, 0.0184
(15, 11): 2.2348, 0.0200, 3.2975, 0.0159
(15, 12): 1.6248, 0.0200, 6.9320, 0.0142
(15, 13): 1.1674, 0.0200, 4.0726, 0.0167
(15, 14): 0.9456, 0.0200, 1.1642, 0.0242
(15, 15): 2.1146, 0.0200, 2.8975, 0.0192
(15, 16): 2.8805, 0.0200, 1.3895, 0.0176
(15, 17): 2.4978, 0.0200, 1.6195, 0.0142
(15, 18): 2.2620, 0.0200, 2.8397, 0.0192
(15, 19): 1.3861, 0.0200, 10.3181, 0.0125
(15, 20): 1.5851, 0.0200, 7.6820, 0.0159
(15, 21): 1.1643, 0.0200, 12.9397, 0.0059
(15, 22): 1.1241, 0.0200, 13.5691, 0.0125
(15, 23): 1.1582, 0.0200, 12.9266, 0.0059
(15, 24): 1.2539, 0.0200, 10.8901, 0.0075
(15, 25): 1.2286, 0.0200, 11.4704, 0.0067
(15, 26): 0.9906, 0.0200, 14.6815, 0.0059
(15, 27): 0.9460, 0.0200, 9.0823, 0.0059
(16, 1): 0.9528, 0.0200, 3.3783, 0.0125
(16, 2): 0.8891, 0.0200, 1.1125, 0.0242
(16, 3): 0.8891, 0.0200, 1.1125, 0.0242
(16, 4): 0.8891, 0.0200, 1.1125, 0.0242
(16, 5): 0.8891, 0.0200, 1.1125, 0.0242
(16, 6): 0.8891, 0.0200, 1.1125, 0.0242
(16, 7): 1.3563, 0.0200, 2.7754, 0.0176
(16, 8): 1.3563, 0.0200, 2.7754, 0.0176
(16, 9): 1.3563, 0.0200, 2.7754, 0.0176
(16, 10): 2.8768, 0.0200, 0.9511, 0.0209
(16, 11): 1.4448, 0.0200, 6.4597, 0.0100
(16, 12): 1.8005, 0.0200, 4.6268, 0.0284
(16, 13): 1.5281, 0.0200, 2.5013, 0.0142
(16, 14): 2.2276, 0.0200, 2.8444, 0.0167
(16, 15): 2.0487, 0.0200, 3.1315, 0.0201
(16, 16): 1.9423, 0.0200, 3.0970, 0.0109
(16, 17): 2.4105, 0.0200, 2.1265, 0.0159
(16, 18): 1.7610, 0.0200, 6.7967, 0.0067
(16, 19): 1.5249, 0.0200, 8.8576, 0.0084
(16, 20): 1.2554, 0.0200, 12.0069, 0.0059
(16, 21): 1.1155, 0.0200, 13.9215, 0.0125
(16, 22): 1.0973, 0.0200, 14.2063, 0.0075
(16, 23): 1.1891, 0.0200, 12.5931, 0.0075
(16, 24): 1.1346, 0.0200, 13.1758, 0.0067
(16, 25): 1.0983, 0.0200, 13.8023, 0.0067
(16, 26): 1.0392, 0.0200, 13.9063, 0.0067
(16, 27): 0.8637, 0.0200, 9.2434, 0.0059
(17, 1): 0.9528, 0.0200, 3.3783, 0.0125
(17, 2): 0.9528, 0.0200, 3.3783, 0.0125
(17, 3): 1.1537, 0.0200, 2.3447, 0.0209
(17, 4): 0.8891, 0.0200, 1.1125, 0.0242
(17, 5): 0.8891, 0.0200, 1.1125, 0.0242
(17, 6): 0.8891, 0.0200, 1.1125, 0.0242
(17, 7): 0.8891, 0.0200, 1.1125, 0.0242
(17, 8): 1.1468, 0.0200, 8.0668, 0.0067
(17, 9): 1.1468, 0.0200, 8.0668, 0.0067
(17, 10): 1.5066, 0.0200, 7.6348, 0.0184
(17, 11): 1.6778, 0.0200, 5.9361, 0.0184
(17, 12): 1.8072, 0.0200, 4.6974, 0.0242
(17, 13): 1.7666, 0.0200, 4.7499, 0.0176
(17, 14): 1.6100, 0.0200, 5.5654, 0.0159
(17, 15): 1.8817, 0.0200, 3.4227, 0.0059
(17, 16): 2.0361, 0.0200, 2.9891, 0.0134
(17, 17): 1.5580, 0.0200, 8.3374, 0.0084
(17, 18): 1.3751, 0.0200, 11.7402, 0.0067
(17, 19): 1.4950, 0.0200, 9.4734, 0.0176
(17, 20): 1.2485, 0.0200, 12.5875, 0.0192
(17, 21): 1.3665, 0.0200, 10.2222, 0.0109
(17, 22): 1.1600, 0.0200, 12.9079, 0.0033
(17, 23): 1.1593, 0.0200, 12.5114, 0.0075
(17, 24): 1.0833, 0.0200, 13.9137, 0.0059
(17, 25): 1.2915, 0.0200, 10.6620, 0.0059
(17, 26): 1.3197, 0.0200, 8.4068, 0.0075
(17, 27): 0.8637, 0.0200, 9.2434, 0.0059
(18, 1): 0.9528, 0.0200, 3.3783, 0.0125
(18, 2): 0.9528, 0.0200, 3.3783, 0.0125
(18, 3): 0.9528, 0.0200, 3.3783, 0.0125
(18, 4): 1.1537, 0.0200, 2.3447, 0.0209
(18, 5): 1.1537, 0.0200, 2.3447, 0.0209
(18, 6): 0.8891, 0.0200, 1.1125, 0.0242
(18, 7): 0.8891, 0.0200, 1.1125, 0.0242
(18, 8): 0.8891, 0.0200, 1.1125, 0.0242
(18, 9): 2.4522, 0.0200, 2.2240, 0.0167
(18, 10): 1.5279, 0.0200, 7.6955, 0.0217
(18, 11): 2.3542, 0.0200, 2.9314, 0.0092
(18, 12): 1.3187, 0.0200, 10.3926, 0.0151
(18, 13): 1.4205, 0.0200, 9.3664, 0.0142
(18, 14): 2.0206, 0.0200, 4.5779, 0.0201
(18, 15): 1.4548, 0.0200, 9.0667, 0.0067
(18, 16): 1.5657, 0.0200, 8.0209, 0.0067
(18, 17): 1.3285, 0.0200, 11.4341, 0.0075
(18, 18): 1.1345, 0.0200, 14.6675, 0.0084
(18, 19): 1.3749, 0.0200, 11.2277, 0.0159
(18, 20): 1.1595, 0.0200, 14.5154, 0.0134
(18, 21): 1.4189, 0.0200, 10.0991, 0.0092
(18, 22): 1.3213, 0.0200, 10.7716, 0.0042
(18, 23): 1.3110, 0.0200, 10.3673, 0.0092
(18, 24): 1.2433, 0.0200, 11.3467, 0.0075
(18, 25): 1.1757, 0.0200, 10.4544, 0.0084
(18, 26): 0.8980, 0.0200, 3.2171, 0.0117
(18, 27): 0.8980, 0.0200, 3.2171, 0.0117
(19, 1): 0.9528, 0.0200, 3.3783, 0.0125
(19, 2): 0.9528, 0.0200, 3.3783, 0.0125
(19, 3): 0.9528, 0.0200, 3.3783, 0.0125
(19, 4): 0.9528, 0.0200, 3.3783, 0.0125
(19, 5): 1.1537, 0.0200, 2.3447, 0.0209
(19, 6): 1.1537, 0.0200, 2.3447, 0.0209
(19, 7): 1.2949, 0.0200, 5.2300, 0.0192
(19, 8): 1.2949, 0.0200, 5.2300, 0.0192
(19, 9): 1.8936, 0.0200, 5.0126, 0.0251
(19, 10): 1.5628, 0.0200, 7.7548, 0.0134
(19, 11): 2.7841, 0.0200, 1.8289, 0.0176
(19, 12): 1.2491, 0.0200, 11.5385, 0.0184
(19, 13): 1.4017, 0.0200, 8.6612, 0.0167
(19, 14): 1.6822, 0.0200, 6.4719, 0.0125
(19, 15): 1.8084, 0.0200, 5.8599, 0.0242
(19, 16): 1.7459, 0.0200, 6.8253, 0.0109
(19, 17): 1.3170, 0.0200, 11.7561, 0.0109
(19, 18): 1.2721, 0.0200, 12.2822, 0.0117
(19, 19): 2.1157, 0.0200, 4.4846, 0.0226
(19, 20): 2.0284, 0.0200, 5.0532, 0.0151
(19, 21): 1.2562, 0.0200, 12.2731, 0.0042
(19, 22): 1.2939, 0.0200, 11.1070, 0.0100
(19, 23): 1.1982, 0.0200, 11.8293, 0.0042
(19, 24): 1.0602, 0.0200, 13.3449, 0.0084
(19, 25): 1.0070, 0.0200, 8.0003, 0.0059
(19, 26): 0.6219, 0.0200, 1.2663, 0.0125
(19, 27): 0.6219, 0.0200, 1.2663, 0.0125
(20, 1): 1.0255, 0.0200, 3.4167, 0.0125
(20, 2): 0.9528, 0.0200, 3.3783, 0.0125
(20, 3): 0.9528, 0.0200, 3.3783, 0.0125
(20, 4): 0.9528, 0.0200, 3.3783, 0.0125
(20, 5): 0.9528, 0.0200, 3.3783, 0.0125
(20, 6): 1.1537, 0.0200, 2.3447, 0.0209
(20, 7): 1.1537, 0.0200, 2.3447, 0.0209
(20, 8): 2.1555, 0.0200, 3.2895, 0.0100
(20, 9): 1.3029, 0.0200, 10.8914, 0.0201
(20, 10): 1.4875, 0.0200, 8.8358, 0.0142
(20, 11): 2.3493, 0.0200, 3.2192, 0.0209
(20, 12): 1.5625, 0.0200, 7.9743, 0.0134
(20, 13): 1.1339, 0.0200, 11.8572, 0.0159
(20, 14): 1.4344, 0.0200, 8.4926, 0.0159
(20, 15): 1.3762, 0.0200, 10.3261, 0.0084
(20, 16): 1.4220, 0.0200, 9.6977, 0.0142
(20, 17): 1.3802, 0.0200, 10.4689, 0.0117
(20, 18): 1.6018, 0.0200, 8.2587, 0.0117
(20, 19): 1.8013, 0.0200, 6.3818, 0.0242
(20, 20): 1.4889, 0.0200, 9.3321, 0.0192
(20, 21): 1.1236, 0.0200, 13.0109, 0.0084
(20, 22): 1.2445, 0.0200, 10.6494, 0.0067
(20, 23): 1.0637, 0.0200, 12.5773, 0.0092
(20, 24): 1.3746, 0.0200, 9.2350, 0.0075
(20, 25): 1.0637, 0.0200, 13.1696, 0.0067
(20, 26): 0.7618, 0.0200, 3.6075, 0.0109
(20, 27): 0.7618, 0.0200, 3.6075, 0.0109
(21, 1): 0.8938, 0.0200, 2.8758, 0.0184
(21, 2): 1.0255, 0.0200, 3.4167, 0.0125
(21, 3): 1.0255, 0.0200, 3.4167, 0.0125
(21, 4): 0.9528, 0.0200, 3.3783, 0.0125
(21, 5): 0.9528, 0.0200, 3.3783, 0.0125
(21, 6): 0.9528, 0.0200, 3.3783, 0.0125
(21, 7): 1.6598, 0.0200, 5.5034, 0.0209
(21, 8): 1.5002, 0.0200, 8.3005, 0.0192
(21, 9): 1.2660, 0.0200, 11.6711, 0.0134
(21, 10): 1.4551, 0.0200, 8.8857, 0.0184
(21, 11): 1.4868, 0.0200, 9.0246, 0.0184
(21, 12): 1.7402, 0.0200, 6.3421, 0.0109
(21, 13): 1.5572, 0.0200, 7.5470, 0.0142
(21, 14): 1.4022, 0.0200, 9.2992, 0.0167
(21, 15): 1.2725, 0.0200, 11.0417, 0.0092
(21, 16): 1.3782, 0.0200, 9.5490, 0.0109
(21, 17): 1.4543, 0.0200, 8.6585, 0.0142
(21, 18): 1.6409, 0.0200, 6.8395, 0.0167
(21, 19): 1.3492, 0.0200, 10.0264, 0.0100
(21, 20): 1.1459, 0.0200, 12.8878, 0.0125
(21, 21): 1.0903, 0.0200, 10.9832, 0.0125
(21, 22): 1.4220, 0.0200, 7.5715, 0.0142
(21, 23): 1.1556, 0.0200, 10.6719, 0.0092
(21, 24): 1.0635, 0.0200, 5.9900, 0.0075
(21, 25): 1.0635, 0.0200, 5.9900, 0.0075
(21, 26): 0.7618, 0.0200, 3.6075, 0.0109
(21, 27): 0.7618, 0.0200, 3.6075, 0.0109
(22, 1): 0.8938, 0.0200, 2.8758, 0.0184
(22, 2): 0.8938, 0.0200, 2.8758, 0.0184
(22, 3): 1.0255, 0.0200, 3.4167, 0.0125
(22, 4): 1.0255, 0.0200, 3.4167, 0.0125
(22, 5): 1.0021, 0.0200, 9.4591, 0.0167
(22, 6): 1.0021, 0.0200, 9.4591, 0.0167
(22, 7): 1.7057, 0.0200, 5.0466, 0.0209
(22, 8): 2.1471, 0.0200, 3.3116, 0.0217
(22, 9): 1.4391, 0.0200, 8.6498, 0.0167
(22, 10): 1.3637, 0.0200, 10.1962, 0.0134
(22, 11): 1.3995, 0.0200, 10.0284, 0.0109
(22, 12): 1.5978, 0.0200, 7.7155, 0.0059
(22, 13): 1.2471, 0.0200, 11.7930, 0.0100
(22, 14): 1.2586, 0.0200, 11.5789, 0.0142
(22, 15): 1.3443, 0.0200, 9.9254, 0.0151
(22, 16): 1.3123, 0.0200, 10.1383, 0.0092
(22, 17): 1.2261, 0.0200, 11.2883, 0.0100
(22, 18): 1.3218, 0.0200, 10.0462, 0.0100
(22, 19): 2.4757, 0.0200, 2.2248, 0.0125
(22, 20): 1.0811, 0.0200, 10.4751, 0.0109
(22, 21): 0.9509, 0.0200, 2.1505, 0.0125
(22, 22): 1.4220, 0.0200, 7.5715, 0.0142
(22, 23): 1.1556, 0.0200, 10.6719, 0.0092
(22, 24): 1.0635, 0.0200, 5.9900, 0.0075
(22, 25): 1.0635, 0.0200, 5.9900, 0.0075
(22, 26): 0.7618, 0.0200, 3.6075, 0.0109
(22, 27): 0.7618, 0.0200, 3.6075, 0.0109
(23, 1): 0.8938, 0.0200, 2.8758, 0.0184
(23, 2): 0.8938, 0.0200, 2.8758, 0.0184
(23, 3): 0.8938, 0.0200, 2.8758, 0.0184
(23, 4): 1.0255, 0.0200, 3.4167, 0.0125
(23, 5): 1.0255, 0.0200, 3.4167, 0.0125
(23, 6): 1.0496, 0.0200, 7.3617, 0.0134
(23, 7): 1.0445, 0.0200, 10.3813, 0.0117
(23, 8): 1.9220, 0.0200, 4.4990, 0.0234
(23, 9): 1.1914, 0.0200, 13.0069, 0.0084
(23, 10): 1.2695, 0.0200, 11.3744, 0.0125
(23, 11): 1.2962, 0.0200, 10.8731, 0.0125
(23, 12): 1.5549, 0.0200, 7.9914, 0.0176
(23, 13): 1.4227, 0.0200, 9.2821, 0.0142
(23, 14): 1.2707, 0.0200, 10.9765, 0.0100
(23, 15): 1.2845, 0.0200, 10.6066, 0.0125
(23, 16): 1.3332, 0.0200, 10.1747, 0.0084
(23, 17): 1.3574, 0.0200, 9.5910, 0.0125
(23, 18): 1.2109, 0.0200, 11.6166, 0.0075
(23, 19): 1.2047, 0.0200, 11.9754, 0.0117
(23, 20): 1.1405, 0.0200, 10.7004, 0.0075
(23, 21): 1.1405, 0.0200, 10.7004, 0.0075
(23, 22): 0.9509, 0.0200, 2.1505, 0.0125
(23, 23): 1.1556, 0.0200, 10.6719, 0.0092
(23, 24): 1.0635, 0.0200, 5.9900, 0.0075
(23, 25): 1.0635, 0.0200, 5.9900, 0.0075
(23, 26): 1.0635, 0.0200, 5.9900, 0.0075
(23, 27): 0.7618, 0.0200, 3.6075, 0.0109
(24, 1): 0.8266, 0.0200, 1.1008, 0.0217
(24, 2): 0.8938, 0.0200, 2.8758, 0.0184
(24, 3): 0.8938, 0.0200, 2.8758, 0.0184
(24, 4): 0.8938, 0.0200, 2.8758, 0.0184
(24, 5): 1.0926, 0.0200, 4.6744, 0.0159
(24, 6): 0.8768, 0.0200, 6.3341, 0.0167
(24, 7): 1.1270, 0.0200, 11.0053, 0.0151
(24, 8): 0.9002, 0.0200, 11.0448, 0.0059
(24, 9): 0.9611, 0.0200, 13.4682, 0.0151
(24, 10): 0.9909, 0.0200, 12.8771, 0.0067
(24, 11): 1.2075, 0.0200, 12.5307, 0.0151
(24, 12): 1.2616, 0.0200, 11.5241, 0.0184
(24, 13): 1.3639, 0.0200, 9.6846, 0.0159
(24, 14): 1.2230, 0.0200, 11.6281, 0.0117
(24, 15): 1.5769, 0.0200, 7.0604, 0.0142
(24, 16): 1.6507, 0.0200, 6.7758, 0.0084
(24, 17): 1.2711, 0.0200, 11.0950, 0.0084
(24, 18): 1.2438, 0.0200, 11.5673, 0.0134
(24, 19): 1.2848, 0.0200, 11.3565, 0.0075
(24, 20): 1.2523, 0.0200, 11.5121, 0.0067
(24, 21): 1.6278, 0.0200, 3.9752, 0.0125
(24, 22): 0.9595, 0.0200, 6.0544, 0.0084
(24, 23): 0.9595, 0.0200, 6.0544, 0.0084
(24, 24): 0.9595, 0.0200, 6.0544, 0.0084
(24, 25): 0.9595, 0.0200, 6.0544, 0.0084
(24, 26): 1.0635, 0.0200, 5.9900, 0.0075
(24, 27): 0.7618, 0.0200, 3.6075, 0.0109
(25, 1): 0.8266, 0.0200, 1.1008, 0.0217
(25, 2): 0.8266, 0.0200, 1.1008, 0.0217
(25, 3): 1.2255, 0.0200, 5.7645, 0.0167
(25, 4): 1.2255, 0.0200, 5.7645, 0.0167
(25, 5): 1.1296, 0.0200, 8.5319, 0.0151
(25, 6): 1.1700, 0.0200, 10.2443, 0.0125
(25, 7): 1.0525, 0.0200, 6.0596, 0.0184
(25, 8): 1.2065, 0.0200, 9.2129, 0.0084
(25, 9): 1.5578, 0.0200, 7.3319, 0.0151
(25, 10): 2.2529, 0.0200, 3.0361, 0.0167
(25, 11): 1.5297, 0.0200, 8.3506, 0.0201
(25, 12): 1.3430, 0.0200, 10.5172, 0.0192
(25, 13): 1.4174, 0.0200, 9.0590, 0.0142
(25, 14): 1.8069, 0.0200, 5.4645, 0.0226
(25, 15): 1.2351, 0.0200, 11.7103, 0.0176
(25, 16): 1.2124, 0.0200, 12.2006, 0.0050
(25, 17): 1.6321, 0.0200, 6.9194, 0.0125
(25, 18): 1.1761, 0.0200, 12.6000, 0.0134
(25, 19): 1.1727, 0.0200, 12.5651, 0.0100
(25, 20): 1.1703, 0.0200, 11.7226, 0.0109
(25, 21): 1.2289, 0.0200, 11.1863, 0.0075
(25, 22): 0.9595, 0.0200, 6.0544, 0.0084
(25, 23): 0.9595, 0.0200, 6.0544, 0.0084
(25, 24): 0.9595, 0.0200, 6.0544, 0.0084
(25, 25): 0.9595, 0.0200, 6.0544, 0.0084
(25, 26): 0.9595, 0.0200, 6.0544, 0.0084
(25, 27): 0.9595, 0.0200, 6.0544, 0.0084
(26, 1): 0.8266, 0.0200, 1.1008, 0.0217
(26, 2): 0.8266, 0.0200, 1.1008, 0.0217
(26, 3): 1.0449, 0.0200, 4.9706, 0.0151
(26, 4): 1.3749, 0.0200, 4.9676, 0.0201
(26, 5): 1.0338, 0.0200, 7.4056, 0.0084
(26, 6): 1.0838, 0.0200, 6.0717, 0.0134
(26, 7): 1.5635, 0.0200, 6.4244, 0.0092
(26, 8): 1.0173, 0.0200, 15.4123, 0.0084
(26, 9): 1.1816, 0.0200, 12.4990, 0.0084
(26, 10): 1.0917, 0.0200, 13.7439, 0.0192
(26, 11): 1.1493, 0.0200, 13.9302, 0.0176
(26, 12): 1.4296, 0.0200, 9.6598, 0.0226
(26, 13): 1.5901, 0.0200, 7.3230, 0.0242
(26, 14): 1.6162, 0.0200, 7.1487, 0.0251
(26, 15): 1.6507, 0.0200, 7.1763, 0.0159
(26, 16): 1.5519, 0.0200, 8.1739, 0.0117
(26, 17): 1.1995, 0.0180, 11.7656, 0.0134
(26, 18): 1.2378, 0.0200, 11.4266, 0.0084
(26, 19): 1.2903, 0.0200, 10.4873, 0.0125
(26, 20): 1.2718, 0.0200, 10.7385, 0.0084
(26, 21): 1.0979, 0.0200, 13.2107, 0.0059
(26, 22): 1.0058, 0.0200, 10.9089, 0.0059
(26, 23): 1.0058, 0.0200, 10.9089, 0.0059
(26, 24): 1.0058, 0.0200, 10.9089, 0.0059
(26, 25): 1.0058, 0.0200, 10.9089, 0.0059
(26, 26): 1.0058, 0.0200, 10.9089, 0.0059
(26, 27): 1.0058, 0.0200, 10.9089, 0.0059
(27, 1): 1.1786, 0.0200, 3.9104, 0.0192
(27, 2): 1.1786, 0.0200, 3.9104, 0.0192
(27, 3): 1.3859, 0.0200, 8.4436, 0.0134
(27, 4): 1.5830, 0.0200, 7.4502, 0.0109
(27, 5): 1.2845, 0.0200, 11.1447, 0.0092
(27, 6): 1.1371, 0.0200, 10.5351, 0.0109
(27, 7): 0.9866, 0.0200, 4.9624, 0.0092
(27, 8): 1.0933, 0.0200, 11.5075, 0.0100
(27, 9): 0.8827, 0.0200, 14.1720, 0.0092
(27, 10): 0.8370, 0.0200, 14.3959, 0.0167
(27, 11): 1.1209, 0.0200, 10.5732, 0.0167
(27, 12): 0.8706, 0.0200, 8.4069, 0.0067
(27, 13): 1.1715, 0.0200, 10.3234, 0.0134
(27, 14): 0.9595, 0.0200, 11.0411, 0.0092
(27, 15): 1.0902, 0.0200, 14.9533, 0.0125
(27, 16): 1.4333, 0.0200, 9.4110, 0.0100
(27, 17): 1.6755, 0.0200, 6.4082, 0.0100
(27, 18): 1.0865, 0.0200, 13.3862, 0.0059
(27, 19): 1.0622, 0.0200, 13.7424, 0.0117
(27, 20): 1.0464, 0.0200, 14.0128, 0.0109
(27, 21): 1.1919, 0.0200, 11.6118, 0.0067
(27, 22): 1.3970, 0.0200, 6.6215, 0.0142
(27, 23): 1.3970, 0.0200, 6.6215, 0.0142
(27, 24): 1.3970, 0.0200, 6.6215, 0.0142
(27, 25): 1.3970, 0.0200, 6.6215, 0.0142
(27, 26): 1.3970, 0.0200, 6.6215, 0.0142
(27, 27): 1.3970, 0.0200, 6.6215, 0.0142
(28, 1): 0.5812, 0.0200, 1.6342, 0.0176
(28, 2): 0.5812, 0.0200, 1.6342, 0.0176
(28, 3): 1.1321, 0.0200, 5.5645, 0.0159
(28, 4): 1.2515, 0.0200, 4.7970, 0.0159
(28, 5): 1.0689, 0.0200, 11.3068, 0.0075
(28, 6): 0.9633, 0.0200, 7.1279, 0.0092
(28, 7): 0.8778, 0.0200, 8.1795, 0.0151
(28, 8): 1.2488, 0.0200, 7.7419, 0.0092
(28, 9): 0.8427, 0.0200, 10.3659, 0.0092
(28, 10): 0.8370, 0.0200, 14.3959, 0.0167
(28, 11): 1.1209, 0.0200, 10.5732, 0.0167
(28, 12): 0.8706, 0.0200, 8.4069, 0.0067
(28, 13): 1.1715, 0.0200, 10.3234, 0.0134
(28, 14): 0.7873, 0.0200, 4.0892, 0.0109
(28, 15): 1.4187, 0.0200, 9.0755, 0.0117
(28, 16): 1.1436, 0.0200, 13.1414, 0.0092
(28, 17): 1.0055, 0.0200, 15.0428, 0.0059
(28, 18): 0.8779, 0.0200, 17.1777, 0.0059
(28, 19): 1.0096, 0.0200, 14.6270, 0.0109
(28, 20): 1.3573, 0.0200, 9.3828, 0.0100
(28, 21): 1.2262, 0.0200, 11.1567, 0.0075
(28, 22): 0.9300, 0.0200, 6.2317, 0.0134
(28, 23): 0.9300, 0.0200, 6.2317, 0.0134
(28, 24): 0.9300, 0.0200, 6.2317, 0.0134
(28, 25): 0.9300, 0.0200, 6.2317, 0.0134
(28, 26): 0.9300, 0.0200, 6.2317, 0.0134
(28, 27): 0.9300, 0.0200, 6.2317, 0.0134
(29, 1): 1.2146, 0.0200, 10.4348, 0.0100
(29, 2): 1.2146, 0.0200, 10.4348, 0.0100
(29, 3): 1.0204, 0.0200, 14.8313, 0.0084
(29, 4): 1.0781, 0.0200, 12.0159, 0.0117
(29, 5): 1.1869, 0.0200, 8.5452, 0.0151
(29, 6): 0.9403, 0.0200, 16.9874, 0.0067
(29, 7): 0.8119, 0.0200, 15.4088, 0.0050
(29, 8): 0.4723, 0.0200, 1.9268, 0.0117
(29, 9): 0.8427, 0.0200, 10.3659, 0.0092
(29, 10): 0.8427, 0.0200, 10.3659, 0.0092
(29, 11): 1.1209, 0.0200, 10.5732, 0.0167
(29, 12): 0.8706, 0.0200, 8.4069, 0.0067
(29, 13): 0.7873, 0.0200, 4.0892, 0.0109
(29, 14): 0.7873, 0.0200, 4.0892, 0.0109
(29, 15): 0.8189, 0.0200, 2.6326, 0.0092
(29, 16): 1.0254, 0.0200, 5.8716, 0.0059
(29, 17): 0.6285, 0.0200, 1.5406, 0.0117
(29, 18): 1.0069, 0.0200, 11.2193, 0.0109
(29, 19): 1.1932, 0.0200, 12.0404, 0.0067
(29, 20): 1.1420, 0.0200, 12.4794, 0.0067
(29, 21): 1.2180, 0.0200, 11.0970, 0.0084
(29, 22): 0.8603, 0.0200, 3.2217, 0.0167
(29, 23): 0.8603, 0.0200, 3.2217, 0.0167
(29, 24): 0.8603, 0.0200, 3.2217, 0.0167
(29, 25): 0.8603, 0.0200, 3.2217, 0.0167
(29, 26): 0.8603, 0.0200, 3.2217, 0.0167
(29, 27): 0.8603, 0.0200, 3.2217, 0.0167
(30, 1): 0.8335, 0.0200, 10.2540, 0.0134
(30, 2): 0.8335, 0.0200, 10.2540, 0.0134
(30, 3): 0.7031, 0.0200, 5.2699, 0.0084
(30, 4): 0.6666, 0.0200, 4.5855, 0.0067
(30, 5): 1.5486, 0.0200, 6.1146, 0.0092
(30, 6): 0.9188, 0.0200, 12.9761, 0.0075
(30, 7): 0.6635, 0.0200, 4.5635, 0.0075
(30, 8): 0.4723, 0.0200, 1.9268, 0.0117
(30, 9): 0.4723, 0.0200, 1.9268, 0.0117
(30, 10): 0.8427, 0.0200, 10.3659, 0.0092
(30, 11): 0.8427, 0.0200, 10.3659, 0.0092
(30, 12): 0.7873, 0.0200, 4.0892, 0.0109
(30, 13): 0.7873, 0.0200, 4.0892, 0.0109
(30, 14): 0.8189, 0.0200, 2.6326, 0.0092
(30, 15): 0.8189, 0.0200, 2.6326, 0.0092
(30, 16): 1.0254, 0.0200, 5.8716, 0.0059
(30, 17): 0.6285, 0.0200, 1.5406, 0.0117
(30, 18): 0.8071, 0.0200, 3.7175, 0.0084
(30, 19): 0.8071, 0.0200, 3.7175, 0.0084
(30, 20): 1.1303, 0.0200, 10.4280, 0.0117
(30, 21): 1.0801, 0.0200, 12.4326, 0.0084
(30, 22): 0.8846, 0.0200, 4.2158, 0.0092
(30, 23): 0.8846, 0.0200, 4.2158, 0.0092
(30, 24): 0.8846, 0.0200, 4.2158, 0.0092
(30, 25): 0.8846, 0.0200, 4.2158, 0.0092
(30, 26): 0.8846, 0.0200, 4.2158, 0.0092
(30, 27): 0.8846, 0.0200, 4.2158, 0.0092
(31, 1): 0.8335, 0.0200, 10.2540, 0.0134
(31, 2): 0.8335, 0.0200, 10.2540, 0.0134
(31, 3): 0.7031, 0.0200, 5.2699, 0.0084
(31, 4): 0.6666, 0.0200, 4.5855, 0.0067
(31, 5): 1.5486, 0.0200, 6.1146, 0.0092
(31, 6): 0.9188, 0.0200, 12.9761, 0.0075
(31, 7): 0.6635, 0.0200, 4.5635, 0.0075
(31, 8): 0.6635, 0.0200, 4.5635, 0.0075
(31, 9): 0.4723, 0.0200, 1.9268, 0.0117
(31, 10): 0.4723, 0.0200, 1.9268, 0.0117
(31, 11): 0.8427, 0.0200, 10.3659, 0.0092
(31, 12): 0.7873, 0.0200, 4.0892, 0.0109
(31, 13): 0.8189, 0.0200, 2.6326, 0.0092
(31, 14): 0.8189, 0.0200, 2.6326, 0.0092
(31, 15): 0.8189, 0.0200, 2.6326, 0.0092
(31, 16): 1.0254, 0.0200, 5.8716, 0.0059
(31, 17): 0.6285, 0.0200, 1.5406, 0.0117
(31, 18): 0.7536, 0.0200, 2.8579, 0.0075
(31, 19): 0.7536, 0.0200, 2.8579, 0.0075
(31, 20): 1.0701, 0.0200, 12.6444, 0.0084
(31, 21): 0.8122, 0.0200, 3.7268, 0.0125
(31, 22): 0.8122, 0.0200, 3.7268, 0.0125
(31, 23): 0.7354, 0.0200, 2.9060, 0.0151
(31, 24): 0.7354, 0.0200, 2.9060, 0.0151
(31, 25): 0.7354, 0.0200, 2.9060, 0.0151
(31, 26): 0.7354, 0.0200, 2.9060, 0.0151
(31, 27): 0.7354, 0.0200, 2.9060, 0.0151
(32, 1): 0.8335, 0.0200, 10.2540, 0.0134
(32, 2): 0.8335, 0.0200, 10.2540, 0.0134
(32, 3): 0.7031, 0.0200, 5.2699, 0.0084
(32, 4): 0.6666, 0.0200, 4.5855, 0.0067
(32, 5): 1.5486, 0.0200, 6.1146, 0.0092
(32, 6): 0.9188, 0.0200, 12.9761, 0.0075
(32, 7): 0.6635, 0.0200, 4.5635, 0.0075
(32, 8): 0.6635, 0.0200, 4.5635, 0.0075
(32, 9): 0.6635, 0.0200, 4.5635, 0.0075
(32, 10): 0.4723, 0.0200, 1.9268, 0.0117
(32, 11): 0.4723, 0.0200, 1.9268, 0.0117
(32, 12): 0.8189, 0.0200, 2.6326, 0.0092
(32, 13): 0.8189, 0.0200, 2.6326, 0.0092
(32, 14): 0.8189, 0.0200, 2.6326, 0.0092
(32, 15): 0.8189, 0.0200, 2.6326, 0.0092
(32, 16): 0.7559, 0.0200, 4.3436, 0.0100
(32, 17): 0.7559, 0.0200, 4.3436, 0.0100
(32, 18): 0.7559, 0.0200, 4.3436, 0.0100
(32, 19): 0.7559, 0.0200, 4.3436, 0.0100
(32, 20): 1.4680, 0.0200, 8.9961, 0.0217
(32, 21): 1.0158, 0.0200, 10.3337, 0.0092
(32, 22): 0.7354, 0.0200, 2.9060, 0.0151
(32, 23): 0.7354, 0.0200, 2.9060, 0.0151
(32, 24): 0.7354, 0.0200, 2.9060, 0.0151
(32, 25): 0.7354, 0.0200, 2.9060, 0.0151
(32, 26): 0.7354, 0.0200, 2.9060, 0.0151
(32, 27): 0.7354, 0.0200, 2.9060, 0.0151
(33, 1): 0.8335, 0.0200, 10.2540, 0.0134
(33, 2): 0.8335, 0.0200, 10.2540, 0.0134
(33, 3): 0.7031, 0.0200, 5.2699, 0.0084
(33, 4): 0.6666, 0.0200, 4.5855, 0.0067
(33, 5): 1.5486, 0.0200, 6.1146, 0.0092
(33, 6): 0.9188, 0.0200, 12.9761, 0.0075
(33, 7): 0.6635, 0.0200, 4.5635, 0.0075
(33, 8): 0.6635, 0.0200, 4.5635, 0.0075
(33, 9): 0.6635, 0.0200, 4.5635, 0.0075
(33, 10): 0.6635, 0.0200, 4.5635, 0.0075
(33, 11): 0.4723, 0.0200, 1.9268, 0.0117
(33, 12): 0.8189, 0.0200, 2.6326, 0.0092
(33, 13): 0.8189, 0.0200, 2.6326, 0.0092
(33, 14): 0.8189, 0.0200, 2.6326, 0.0092
(33, 15): 0.9034, 0.0200, 10.9721, 0.0084
(33, 16): 0.9034, 0.0200, 10.9721, 0.0084
(33, 17): 0.9034, 0.0200, 10.9721, 0.0084
(33, 18): 0.9034, 0.0200, 10.9721, 0.0084
(33, 19): 0.9034, 0.0200, 10.9721, 0.0084
(33, 20): 1.0268, 0.0200, 16.5967, 0.0167
(33, 21): 1.3317, 0.0200, 11.0220, 0.0084
(33, 22): 0.8594, 0.0200, 7.1985, 0.0142
(33, 23): 0.8594, 0.0200, 7.1985, 0.0142
(33, 24): 0.8594, 0.0200, 7.1985, 0.0142
(33, 25): 0.8594, 0.0200, 7.1985, 0.0142
(33, 26): 0.8594, 0.0200, 7.1985, 0.0142
(33, 27): 0.8594, 0.0200, 7.1985, 0.0142
(34, 1): 0.8335, 0.0200, 10.2540, 0.0134
(34, 2): 0.8335, 0.0200, 10.2540, 0.0134
(34, 3): 0.7031, 0.0200, 5.2699, 0.0084
(34, 4): 0.6666, 0.0200, 4.5855, 0.0067
(34, 5): 1.5486, 0.0200, 6.1146, 0.0092
(34, 6): 0.9188, 0.0200, 12.9761, 0.0075
(34, 7): 0.6635, 0.0200, 4.5635, 0.0075
(34, 8): 0.6635, 0.0200, 4.5635, 0.0075
(34, 9): 0.6635, 0.0200, 4.5635, 0.0075
(34, 10): 0.6635, 0.0200, 4.5635, 0.0075
(34, 11): 0.6635, 0.0200, 4.5635, 0.0075
(34, 12): 0.8189, 0.0200, 2.6326, 0.0092
(34, 13): 0.8189, 0.0200, 2.6326, 0.0092
(34, 14): 0.9061, 0.0200, 9.3615, 0.0084
(34, 15): 0.9061, 0.0200, 9.3615, 0.0084
(34, 16): 0.9061, 0.0200, 9.3615, 0.0084
(34, 17): 0.9061, 0.0200, 9.3615, 0.0084
(34, 18): 0.9061, 0.0200, 9.3615, 0.0084
(34, 19): 0.9061, 0.0200, 9.3615, 0.0084
(34, 20): 0.9743, 0.0200, 17.4157, 0.0050
(34, 21): 0.9164, 0.0200, 18.1340, 0.0125
(34, 22): 0.7027, 0.0200, 3.0502, 0.0134
(34, 23): 0.7027, 0.0200, 3.0502, 0.0134
(34, 24): 0.7027, 0.0200, 3.0502, 0.0134
(34, 25): 0.7027, 0.0200, 3.0502, 0.0134
(34, 26): 0.7027, 0.0200, 3.0502, 0.0134
(34, 27): 0.7027, 0.0200, 3.0502, 0.0134
(35, 1): 0.8335, 0.0200, 10.2540, 0.0134
(35, 2): 0.8335, 0.0200, 10.2540, 0.0134
(35, 3): 0.7031, 0.0200, 5.2699, 0.0084
(35, 4): 0.6666, 0.0200, 4.5855, 0.0067
(35, 5): 1.5486, 0.0200, 6.1146, 0.0092
(35, 6): 0.9188, 0.0200, 12.9761, 0.0075
(35, 7): 0.6635, 0.0200, 4.5635, 0.0075
(35, 8): 0.6635, 0.0200, 4.5635, 0.0075
(35, 9): 0.6635, 0.0200, 4.5635, 0.0075
(35, 10): 0.6635, 0.0200, 4.5635, 0.0075
(35, 11): 0.6635, 0.0200, 4.5635, 0.0075
(35, 12): 0.8189, 0.0200, 2.6326, 0.0092
(35, 13): 0.9061, 0.0200, 9.3615, 0.0084
(35, 14): 0.9061, 0.0200, 9.3615, 0.0084
(35, 15): 0.9061, 0.0200, 9.3615, 0.0084
(35, 16): 0.9061, 0.0200, 9.3615, 0.0084
(35, 17): 0.9061, 0.0200, 9.3615, 0.0084
(35, 18): 0.9061, 0.0200, 9.3615, 0.0084
(35, 19): 0.9061, 0.0200, 9.3615, 0.0084
(35, 20): 0.9743, 0.0200, 17.4157, 0.0050
(35, 21): 0.9164, 0.0200, 18.1340, 0.0125
(35, 22): 0.7027, 0.0200, 3.0502, 0.0134
(35, 23): 0.7027, 0.0200, 3.0502, 0.0134
(35, 24): 0.7027, 0.0200, 3.0502, 0.0134
(35, 25): 0.7027, 0.0200, 3.0502, 0.0134
(35, 26): 0.7027, 0.0200, 3.0502, 0.0134
(35, 27): 0.7027, 0.0200, 3.0502, 0.0134
(36, 1): 0.8335, 0.0200, 10.2540, 0.0134
(36, 2): 0.8335, 0.0200, 10.2540, 0.0134
(36, 3): 0.7031, 0.0200, 5.2699, 0.0084
(36, 4): 0.6666, 0.0200, 4.5855, 0.0067
(36, 5): 1.5486, 0.0200, 6.1146, 0.0092
(36, 6): 0.9188, 0.0200, 12.9761, 0.0075
(36, 7): 0.6635, 0.0200, 4.5635, 0.0075
(36, 8): 0.6635, 0.0200, 4.5635, 0.0075
(36, 9): 0.6635, 0.0200, 4.5635, 0.0075
(36, 10): 0.6635, 0.0200, 4.5635, 0.0075
(36, 11): 0.6635, 0.0200, 4.5635, 0.0075
(36, 12): 0.9061, 0.0200, 9.3615, 0.0084
(36, 13): 0.9061, 0.0200, 9.3615, 0.0084
(36, 14): 0.9061, 0.0200, 9.3615, 0.0084
(36, 15): 0.9061, 0.0200, 9.3615, 0.0084
(36, 16): 0.9061, 0.0200, 9.3615, 0.0084
(36, 17): 0.9061, 0.0200, 9.3615, 0.0084
(36, 18): 0.9061, 0.0200, 9.3615, 0.0084
(36, 19): 0.9061, 0.0200, 9.3615, 0.0084
(36, 20): 0.9743, 0.0200, 17.4157, 0.0050
(36, 21): 0.9164, 0.0200, 18.1340, 0.0125
(36, 22): 0.7027, 0.0200, 3.0502, 0.0134
(36, 23): 0.7027, 0.0200, 3.0502, 0.0134
(36, 24): 0.7027, 0.0200, 3.0502, 0.0134
(36, 25): 0.7027, 0.0200, 3.0502, 0.0134
(36, 26): 0.7027, 0.0200, 3.0502, 0.0134
(36, 27): 0.7027, 0.0200, 3.0502, 0.0134
(37, 1): 0.8335, 0.0200, 10.2540, 0.0134
(37, 2): 0.8335, 0.0200, 10.2540, 0.0134
(37, 3): 0.7031, 0.0200, 5.2699, 0.0084
(37, 4): 0.6666, 0.0200, 4.5855, 0.0067
(37, 5): 1.5486, 0.0200, 6.1146, 0.0092
(37, 6): 0.9188, 0.0200, 12.9761, 0.0075
(37, 7): 0.6635, 0.0200, 4.5635, 0.0075
(37, 8): 0.6635, 0.0200, 4.5635, 0.0075
(37, 9): 0.6635, 0.0200, 4.5635, 0.0075
(37, 10): 0.6635, 0.0200, 4.5635, 0.0075
(37, 11): 0.6635, 0.0200, 4.5635, 0.0075
(37, 12): 0.9061, 0.0200, 9.3615, 0.0084
(37, 13): 0.9061, 0.0200, 9.3615, 0.0084
(37, 14): 0.9061, 0.0200, 9.3615, 0.0084
(37, 15): 0.9061, 0.0200, 9.3615, 0.0084
(37, 16): 0.9061, 0.0200, 9.3615, 0.0084
(37, 17): 0.9061, 0.0200, 9.3615, 0.0084
(37, 18): 0.9061, 0.0200, 9.3615, 0.0084
(37, 19): 0.9061, 0.0200, 9.3615, 0.0084
(37, 20): 0.9743, 0.0200, 17.4157, 0.0050
(37, 21): 0.9164, 0.0200, 18.1340, 0.0125
(37, 22): 0.7027, 0.0200, 3.0502, 0.0134
(37, 23): 0.7027, 0.0200, 3.0502, 0.0134
(37, 24): 0.7027, 0.0200, 3.0502, 0.0134
(37, 25): 0.7027, 0.0200, 3.0502, 0.0134
(37, 26): 0.7027, 0.0200, 3.0502, 0.0134
(37, 27): 0.7027, 0.0200, 3.0502, 0.0134
