(10, 7): nan, nan, nan, 0.0000
(10, 8): nan, nan, nan, 0.0000
(10, 9): nan, nan, nan, 0.0000
(10, 10): 0.2042, 4.4100, 25.8964, 0.2500
(10, 11): -0.0348, 4.5100, 12.8103, 0.3311
(10, 12): 0.2519, 4.4300, 23.8260, 0.2575
(10, 13): nan, nan, nan, 0.0000
(10, 14): -0.0838, 4.4200, 4.6403, 0.3880
(10, 15): 0.2530, 4.4300, 39.9222, 0.2057
(10, 16): 0.2935, 4.4100, 41.8834, 0.2266
(10, 17): 0.2808, 4.4600, 46.0437, 0.2316
(10, 18): 0.2622, 4.4100, 50.0899, 0.2065
(10, 19): 0.2294, 4.4400, 52.1575, 0.2057
(10, 20): 0.1859, 4.4500, 50.4900, 0.1931
(10, 21): 0.1809, 4.4600, 57.7668, 0.1898
(10, 22): 0.1870, 4.5600, 56.7088, 0.1839
(10, 23): 0.2049, 4.4800, 54.4024, 0.1890
(10, 24): 0.1631, 4.4500, 57.1369, 0.1781
(10, 25): 0.1826, 4.4100, 55.3833, 0.2074
(10, 26): 0.1359, 4.4500, 55.2603, 0.2023
(10, 27): nan, nan, nan, 0.0000
(11, 1): nan, nan, nan, 0.0000
(11, 2): nan, nan, nan, 0.0000
(11, 3): nan, nan, nan, 0.0000
(11, 4): nan, nan, nan, 0.0000
(11, 5): nan, nan, nan, 0.0000
(11, 6): nan, nan, nan, 0.0000
(11, 7): nan, nan, nan, 0.0000
(11, 8): nan, nan, nan, 0.0000
(11, 9): nan, nan, nan, 0.0000
(11, 10): 0.2872, 4.4500, 30.5759, 0.2157
(11, 11): 0.3341, 4.4100, 38.1179, 0.2492
(11, 12): 0.3154, 4.4200, 39.6779, 0.2550
(11, 13): 0.0726, 4.4100, 15.6682, 0.3478
(11, 14): nan, nan, nan, 0.0000
(11, 15): nan, nan, nan, 0.0000
(11, 16): -0.0135, 4.4100, 9.9981, 0.4256
(11, 17): 0.2783, 4.4300, 46.9018, 0.2625
(11, 18): 0.2057, 4.4800, 54.5490, 0.2065
(11, 19): 0.2185, 4.4600, 49.1976, 0.1923
(11, 20): 0.2261, 4.4600, 47.6043, 0.1982
(11, 21): 0.1693, 4.5000, 56.4258, 0.2015
(11, 22): 0.1898, 4.4100, 54.7710, 0.1982
(11, 23): 0.1902, 4.4100, 53.9553, 0.1973
(11, 24): 0.1583, 4.4300, 58.2944, 0.1915
(11, 25): 0.1460, 4.4100, 58.6283, 0.2065
(11, 26): 0.1424, 4.4800, 53.8963, 0.1990
(11, 27): nan, nan, nan, 0.0000
(12, 1): nan, nan, nan, 0.0000
(12, 2): nan, nan, nan, 0.0000
(12, 3): nan, nan, nan, 0.0000
(12, 4): nan, nan, nan, 0.0000
(12, 5): nan, nan, nan, 0.0000
(12, 6): nan, nan, nan, 0.0000
(12, 7): nan, nan, nan, 0.0000
(12, 8): nan, nan, nan, 0.0000
(12, 9): nan, nan, nan, 0.0000
(12, 10): 0.3098, 4.4400, 36.6391, 0.2366
(12, 11): 0.3042, 4.4500, 41.5859, 0.2341
(12, 12): 0.3363, 4.5400, 41.9744, 0.2533
(12, 13): 0.2626, 4.4100, 35.7642, 0.2299
(12, 14): 0.1402, 4.4500, 25.6376, 0.2625
(12, 15): nan, nan, nan, 0.0000
(12, 16): 0.1461, 4.4100, 14.7147, 0.4114
(12, 17): 0.2305, 4.4200, 48.3775, 0.2584
(12, 18): 0.1938, 4.4300, 54.0724, 0.2450
(12, 19): 0.1604, 4.4400, 52.0550, 0.2166
(12, 20): 0.1646, 4.4200, 56.6202, 0.2149
(12, 21): 0.1973, 4.4700, 55.4266, 0.2040
(12, 22): 0.2126, 4.4400, 53.2260, 0.1931
(12, 23): 0.1951, 4.4500, 54.3292, 0.1973
(12, 24): 0.1905, 4.4800, 46.2267, 0.2157
(12, 25): 0.0800, 4.4500, 16.7331, 0.2642
(12, 26): 0.0816, 4.4400, 16.5014, 0.2709
(12, 27): nan, nan, nan, 0.0000
(13, 1): nan, nan, nan, 0.0000
(13, 2): nan, nan, nan, 0.0000
(13, 3): nan, nan, nan, 0.0000
(13, 4): nan, nan, nan, 0.0000
(13, 5): nan, nan, nan, 0.0000
(13, 6): nan, nan, nan, 0.0000
(13, 7): nan, nan, nan, 0.0000
(13, 8): nan, nan, nan, 0.0000
(13, 9): nan, nan, nan, 0.0000
(13, 10): 0.2394, 4.5700, 46.6874, 0.2048
(13, 11): 0.3196, 4.4200, 42.3959, 0.2040
(13, 12): 0.3064, 4.4100, 42.9566, 0.2107
(13, 13): 0.2309, 4.4500, 38.8157, 0.2341
(13, 14): 0.0616, 4.4200, 9.4211, 0.3554
(13, 15): nan, nan, nan, 0.0000
(13, 16): -0.0174, 4.4900, 9.9374, 0.4791
(13, 17): 0.2096, 4.4100, 39.9187, 0.3420
(13, 18): 0.2301, 4.7100, 47.2234, 0.2391
(13, 19): 0.1410, 4.4300, 55.9816, 0.2283
(13, 20): 0.1291, 4.4200, 59.5458, 0.2166
(13, 21): 0.1583, 4.4100, 57.2738, 0.2676
(13, 22): 0.1808, 4.5200, 55.3665, 0.2040
(13, 23): 0.1731, 4.5200, 55.6948, 0.1931
(13, 24): 0.1382, 4.4100, 47.8799, 0.2023
(13, 25): 0.1037, 4.4200, 3.9468, 0.4013
(13, 26): nan, nan, nan, 0.0000
(13, 27): nan, nan, nan, 0.0000
(14, 1): nan, nan, nan, 0.0000
(14, 2): nan, nan, nan, 0.0000
(14, 3): nan, nan, nan, 0.0000
(14, 4): nan, nan, nan, 0.0000
(14, 5): nan, nan, nan, 0.0000
(14, 6): nan, nan, nan, 0.0000
(14, 7): nan, nan, nan, 0.0000
(14, 8): nan, nan, nan, 0.0000
(14, 9): nan, nan, nan, 0.0000
(14, 10): 0.3410, 4.4100, 42.3621, 0.2191
(14, 11): 0.3424, 4.4400, 44.0268, 0.2207
(14, 12): 0.3060, 4.4700, 44.8542, 0.2224
(14, 13): 0.0139, 4.4100, 5.6990, 0.3913
(14, 14): nan, nan, nan, 0.0000
(14, 15): 0.0383, 4.4100, 5.1270, 0.4515
(14, 16): 0.4584, 4.4100, 28.1951, 0.3595
(14, 17): 0.3351, 4.4300, 46.0410, 0.3336
(14, 18): 0.2221, 4.4700, 51.1589, 0.2709
(14, 19): 0.1696, 4.4200, 57.9934, 0.2115
(14, 20): 0.1489, 4.4600, 57.1759, 0.2291
(14, 21): 0.1474, 4.4100, 56.3220, 0.2082
(14, 22): 0.1979, 4.4200, 52.7174, 0.1990
(14, 23): 0.1515, 4.5100, 56.3272, 0.1881
(14, 24): 0.1795, 4.4800, 47.4588, 0.2023
(14, 25): 0.1417, 4.4300, 28.4381, 0.2249
(14, 26): 0.1562, 4.4300, 29.9336, 0.2149
(14, 27): 0.1538, 4.4300, 3.8452, 0.4005
(15, 1): nan, nan, nan, 0.0000
(15, 2): nan, nan, nan, 0.0000
(15, 3): nan, nan, nan, 0.0000
(15, 4): nan, nan, nan, 0.0000
(15, 5): nan, nan, nan, 0.0000
(15, 6): nan, nan, nan, 0.0000
(15, 7): nan, nan, nan, 0.0000
(15, 8): nan, nan, nan, 0.0000
(15, 9): 0.0286, 4.4100, 13.4934, 0.4080
(15, 10): 0.3591, 4.4300, 41.2204, 0.3462
(15, 11): 0.2826, 4.4500, 48.0054, 0.2525
(15, 12): 0.3464, 4.4500, 45.4678, 0.2224
(15, 13): 0.1512, 4.5100, 20.1868, 0.2701
(15, 14): 0.0994, 4.4800, 4.8404, 0.3946
(15, 15): 0.3197, 4.4300, 38.7281, 0.2717
(15, 16): 0.2381, 4.4400, 53.1818, 0.3035
(15, 17): 0.1748, 4.4100, 53.8459, 0.3771
(15, 18): 0.1385, 4.5700, 51.6451, 0.2768
(15, 19): 0.1229, 4.4500, 62.0122, 0.2107
(15, 20): 0.1271, 4.4100, 58.0605, 0.2241
(15, 21): 0.2062, 4.5600, 53.1387, 0.1865
(15, 22): 0.1914, 4.4300, 53.3287, 0.1873
(15, 23): 0.1930, 4.4800, 52.9875, 0.1814
(15, 24): 0.2395, 4.4100, 47.8466, 0.1873
(15, 25): 0.1787, 4.4500, 52.7707, 0.1915
(15, 26): 0.1810, 4.4400, 49.8993, 0.1781
(15, 27): 0.1765, 4.4600, 30.4472, 0.2032
(16, 1): nan, nan, nan, 0.0000
(16, 2): nan, nan, nan, 0.0000
(16, 3): nan, nan, nan, 0.0000
(16, 4): nan, nan, nan, 0.0000
(16, 5): nan, nan, nan, 0.0000
(16, 6): nan, nan, nan, 0.0000
(16, 7): nan, nan, nan, 0.0000
(16, 8): nan, nan, nan, 0.0000
(16, 9): 0.0723, 4.5400, 19.6593, 0.2968
(16, 10): 0.3398, 4.4900, 42.9580, 0.3921
(16, 11): 0.4350, 4.4800, 36.5664, 0.3386
(16, 12): 0.3829, 4.4100, 40.5381, 0.2910
(16, 13): 0.1904, 4.4100, 19.0583, 0.2968
(16, 14): 0.3014, 4.4400, 47.1189, 0.2893
(16, 15): 0.3782, 4.4600, 43.5458, 0.3445
(16, 16): 0.2504, 4.4200, 44.8648, 0.3503
(16, 17): 0.1159, 4.4600, 48.8924, 0.2893
(16, 18): 0.1787, 4.5100, 59.3575, 0.2107
(16, 19): 0.1422, 4.4200, 60.2550, 0.2023
(16, 20): 0.1402, 4.4200, 57.1573, 0.1873
(16, 21): 0.1793, 4.4500, 55.1041, 0.1856
(16, 22): 0.1576, 4.5100, 55.9944, 0.1798
(16, 23): 0.1450, 4.4200, 56.9070, 0.1898
(16, 24): 0.1729, 4.4100, 54.2993, 0.1865
(16, 25): 0.2190, 4.4600, 50.7094, 0.1747
(16, 26): 0.1905, 4.4100, 49.7343, 0.1806
(16, 27): 0.1006, 4.5100, 30.8401, 0.2090
(17, 1): nan, nan, nan, 0.0000
(17, 2): nan, nan, nan, 0.0000
(17, 3): nan, nan, nan, 0.0000
(17, 4): nan, nan, nan, 0.0000
(17, 5): nan, nan, nan, 0.0000
(17, 6): nan, nan, nan, 0.0000
(17, 7): nan, nan, nan, 0.0000
(17, 8): nan, nan, nan, 0.0000
(17, 9): 0.2260, 4.4200, 33.7850, 0.2099
(17, 10): 0.2266, 4.4500, 48.4326, 0.2299
(17, 11): 0.2798, 4.4300, 45.9838, 0.2634
(17, 12): 0.3130, 4.4400, 45.1324, 0.3110
(17, 13): 0.1959, 4.5600, 46.2270, 0.2676
(17, 14): 0.2124, 4.4100, 41.9554, 0.2425
(17, 15): 0.2532, 4.4300, 46.7788, 0.3453
(17, 16): 0.1942, 4.4500, 49.0382, 0.3336
(17, 17): 0.1305, 4.4400, 60.8737, 0.2149
(17, 18): 0.1525, 4.4100, 61.3477, 0.1923
(17, 19): 0.1242, 4.4100, 63.3962, 0.2140
(17, 20): 0.1266, 4.4200, 61.3838, 0.1982
(17, 21): 0.1687, 4.4700, 56.5398, 0.2015
(17, 22): 0.1458, 4.5700, 56.0026, 0.1831
(17, 23): 0.1486, 4.4800, 55.0634, 0.1931
(17, 24): 0.2238, 4.4600, 49.9581, 0.1722
(17, 25): 0.2379, 4.4500, 50.0388, 0.1881
(17, 26): 0.1910, 4.4100, 42.8856, 0.2007
(17, 27): nan, nan, nan, 0.0000
(18, 1): nan, nan, nan, 0.0000
(18, 2): nan, nan, nan, 0.0000
(18, 3): nan, nan, nan, 0.0000
(18, 4): nan, nan, nan, 0.0000
(18, 5): nan, nan, nan, 0.0000
(18, 6): nan, nan, nan, 0.0000
(18, 7): nan, nan, nan, 0.0000
(18, 8): 0.0562, 4.4300, 4.7610, 0.4256
(18, 9): 0.3039, 4.5200, 41.6408, 0.2734
(18, 10): 0.1979, 4.4200, 51.3753, 0.2358
(18, 11): 0.1922, 4.4700, 54.6924, 0.2659
(18, 12): 0.2598, 4.4400, 48.5833, 0.2023
(18, 13): 0.2184, 4.4400, 53.1352, 0.2124
(18, 14): 0.2553, 4.4100, 53.0550, 0.2483
(18, 15): 0.2677, 4.4500, 50.3908, 0.1998
(18, 16): 0.2113, 4.4500, 54.6945, 0.2082
(18, 17): 0.2074, 4.5800, 57.2046, 0.1906
(18, 18): 0.1495, 4.4700, 61.6106, 0.1873
(18, 19): 0.1251, 4.4700, 64.3658, 0.2082
(18, 20): 0.1639, 4.4100, 60.5387, 0.1823
(18, 21): 0.1449, 4.4500, 59.7792, 0.1940
(18, 22): 0.1708, 4.5100, 55.3333, 0.1890
(18, 23): 0.1521, 4.6400, 55.1083, 0.2040
(18, 24): 0.2462, 4.4200, 49.8260, 0.1890
(18, 25): 0.2125, 4.4200, 44.2589, 0.1940
(18, 26): 0.0351, 4.4500, 12.6388, 0.2893
(18, 27): nan, nan, nan, 0.0000
(19, 1): nan, nan, nan, 0.0000
(19, 2): nan, nan, nan, 0.0000
(19, 3): nan, nan, nan, 0.0000
(19, 4): nan, nan, nan, 0.0000
(19, 5): nan, nan, nan, 0.0000
(19, 6): nan, nan, nan, 0.0000
(19, 7): nan, nan, nan, 0.0000
(19, 8): 0.2574, 4.6600, 25.3875, 0.2475
(19, 9): 0.2259, 4.4100, 51.3815, 0.2600
(19, 10): 0.2279, 4.5500, 50.5605, 0.2224
(19, 11): 0.2128, 4.5100, 53.9122, 0.2801
(19, 12): 0.2104, 4.6000, 51.8766, 0.2048
(1, 1): nan, nan, nan, 0.0000
(1, 2): nan, nan, nan, 0.0000
(1, 3): nan, nan, nan, 0.0000
(1, 4): nan, nan, nan, 0.0000
(1, 5): nan, nan, nan, 0.0000
(1, 6): nan, nan, nan, 0.0000
(1, 7): nan, nan, nan, 0.0000
(1, 8): nan, nan, nan, 0.0000
(1, 9): nan, nan, nan, 0.0000
(1, 10): nan, nan, nan, 0.0000
(1, 11): nan, nan, nan, 0.0000
(1, 12): nan, nan, nan, 0.0000
(1, 13): nan, nan, nan, 0.0000
(1, 14): nan, nan, nan, 0.0000
(1, 15): nan, nan, nan, 0.0000
(1, 16): nan, nan, nan, 0.0000
(1, 17): nan, nan, nan, 0.0000
(1, 18): nan, nan, nan, 0.0000
(1, 19): nan, nan, nan, 0.0000
(1, 20): nan, nan, nan, 0.0000
(1, 21): nan, nan, nan, 0.0000
(1, 22): nan, nan, nan, 0.0000
(1, 23): nan, nan, nan, 0.0000
(1, 24): nan, nan, nan, 0.0000
(1, 25): nan, nan, nan, 0.0000
(1, 26): nan, nan, nan, 0.0000
(1, 27): nan, nan, nan, 0.0000
(2, 1): nan, nan, nan, 0.0000
(2, 2): nan, nan, nan, 0.0000
(2, 3): nan, nan, nan, 0.0000
(2, 4): nan, nan, nan, 0.0000
(2, 5): nan, nan, nan, 0.0000
(2, 6): nan, nan, nan, 0.0000
(2, 7): nan, nan, nan, 0.0000
(2, 8): nan, nan, nan, 0.0000
(2, 9): nan, nan, nan, 0.0000
(2, 10): nan, nan, nan, 0.0000
(2, 11): nan, nan, nan, 0.0000
(2, 12): nan, nan, nan, 0.0000
(2, 13): nan, nan, nan, 0.0000
(2, 14): nan, nan, nan, 0.0000
(2, 15): nan, nan, nan, 0.0000
(2, 16): nan, nan, nan, 0.0000
(2, 17): nan, nan, nan, 0.0000
(2, 18): nan, nan, nan, 0.0000
(2, 19): nan, nan, nan, 0.0000
(2, 20): -0.1104, 4.4400, 9.7335, 0.3411
(2, 21): -0.0193, 4.4100, 10.3090, 0.3537
(2, 22): nan, nan, nan, 0.0000
(2, 23): nan, nan, nan, 0.0000
(2, 24): nan, nan, nan, 0.0000
(2, 25): nan, nan, nan, 0.0000
(2, 26): nan, nan, nan, 0.0000
(2, 27): nan, nan, nan, 0.0000
(3, 1): nan, nan, nan, 0.0000
(3, 2): nan, nan, nan, 0.0000
(3, 3): nan, nan, nan, 0.0000
(3, 4): nan, nan, nan, 0.0000
(3, 5): nan, nan, nan, 0.0000
(3, 6): nan, nan, nan, 0.0000
(3, 7): nan, nan, nan, 0.0000
(3, 8): nan, nan, nan, 0.0000
(3, 9): nan, nan, nan, 0.0000
(3, 10): nan, nan, nan, 0.0000
(3, 11): nan, nan, nan, 0.0000
(3, 12): nan, nan, nan, 0.0000
(3, 13): nan, nan, nan, 0.0000
(3, 14): nan, nan, nan, 0.0000
(3, 15): nan, nan, nan, 0.0000
(3, 16): -0.0120, 4.4500, 16.4437, 0.3119
(3, 17): -0.0454, 4.5300, 17.2069, 0.3119
(3, 18): -0.0668, 4.4500, 8.8286, 0.3470
(3, 19): -0.0515, 4.4400, 16.8117, 0.2943
(3, 20): -0.0666, 4.4300, 8.6466, 0.3269
(3, 21): -0.1011, 4.4200, 15.2360, 0.2935
(3, 22): 0.0157, 4.5000, 38.4819, 0.2266
(3, 23): 0.1446, 4.4700, 46.4929, 0.2575
(3, 24): 0.2140, 4.4100, 36.4901, 0.2843
(3, 25): nan, nan, nan, 0.0000
(3, 26): nan, nan, nan, 0.0000
(3, 27): nan, nan, nan, 0.0000
(4, 1): nan, nan, nan, 0.0000
(4, 2): nan, nan, nan, 0.0000
(4, 3): nan, nan, nan, 0.0000
(4, 4): nan, nan, nan, 0.0000
(4, 5): nan, nan, nan, 0.0000
(4, 6): nan, nan, nan, 0.0000
(4, 7): nan, nan, nan, 0.0000
(4, 8): nan, nan, nan, 0.0000
(4, 9): nan, nan, nan, 0.0000
(4, 10): nan, nan, nan, 0.0000
(4, 11): nan, nan, nan, 0.0000
(4, 12): nan, nan, nan, 0.0000
(4, 13): 0.0654, 4.4100, 11.4762, 0.3127
(4, 14): 0.1467, 4.4500, 23.7780, 0.2876
(4, 15): 0.0597, 4.4200, 11.4806, 0.3386
(4, 16): -0.0007, 4.4200, 12.2813, 0.3328
(4, 17): -0.0261, 4.4200, 13.7768, 0.3537
(4, 18): 0.1673, 4.4800, 31.9537, 0.2483
(4, 19): 0.1593, 4.4700, 39.5496, 0.2224
(4, 20): 0.1566, 4.4300, 52.4016, 0.2207
(4, 21): 0.2360, 4.4600, 52.5216, 0.2099
(4, 22): 0.1518, 4.4700, 52.5091, 0.2040
(4, 23): 0.1409, 4.4700, 50.9411, 0.1973
(4, 24): 0.1623, 4.5000, 54.6345, 0.2057
(4, 25): 0.1913, 4.4500, 32.6106, 0.2784
(4, 26): 0.0127, 4.4200, 9.0712, 0.3353
(4, 27): nan, nan, nan, 0.0000
(5, 1): nan, nan, nan, 0.0000
(5, 2): nan, nan, nan, 0.0000
(5, 3): nan, nan, nan, 0.0000
(5, 4): nan, nan, nan, 0.0000
(5, 5): nan, nan, nan, 0.0000
(5, 6): nan, nan, nan, 0.0000
(5, 7): nan, nan, nan, 0.0000
(5, 8): nan, nan, nan, 0.0000
(5, 9): nan, nan, nan, 0.0000
(5, 10): nan, nan, nan, 0.0000
(5, 11): nan, nan, nan, 0.0000
(5, 12): nan, nan, nan, 0.0000
(5, 13): 0.0922, 4.4200, 14.5406, 0.2876
(5, 14): nan, nan, nan, 0.0000
(5, 15): nan, nan, nan, 0.0000
(5, 16): 0.0910, 4.4300, 29.0763, 0.2751
(5, 17): 0.1731, 4.4100, 50.3388, 0.2559
(5, 18): 0.1968, 4.4700, 48.1717, 0.2232
(5, 19): 0.1327, 4.4600, 53.4897, 0.1873
(5, 20): 0.1626, 4.4800, 56.7931, 0.2132
(5, 21): 0.1022, 4.4300, 59.5066, 0.2157
(5, 22): 0.1905, 4.4400, 43.3748, 0.2241
(5, 23): 0.1693, 4.4200, 49.9054, 0.2115
(5, 24): 0.1670, 4.4800, 55.8355, 0.1823
(5, 25): 0.1985, 4.5100, 52.4249, 0.2475
(5, 26): 0.1685, 4.4500, 49.7059, 0.1873
(5, 27): 0.0644, 4.4300, 15.6973, 0.2876
(6, 1): nan, nan, nan, 0.0000
(6, 2): nan, nan, nan, 0.0000
(6, 3): nan, nan, nan, 0.0000
(6, 4): nan, nan, nan, 0.0000
(6, 5): nan, nan, nan, 0.0000
(6, 6): nan, nan, nan, 0.0000
(6, 7): nan, nan, nan, 0.0000
(6, 8): nan, nan, nan, 0.0000
(6, 9): nan, nan, nan, 0.0000
(6, 10): nan, nan, nan, 0.0000
(6, 11): 0.1443, 4.4400, 15.3807, 0.2375
(6, 12): 0.0515, 4.4500, 8.2140, 0.3286
(6, 13): nan, nan, nan, 0.0000
(6, 14): nan, nan, nan, 0.0000
(6, 15): 0.1790, 4.4900, 30.1995, 0.3428
(6, 16): 0.2089, 4.4300, 46.1307, 0.2701
(6, 17): 0.2001, 4.4400, 48.3188, 0.2609
(6, 18): 0.1986, 4.4600, 51.4773, 0.2032
(6, 19): 0.1711, 4.5600, 54.5034, 0.2074
(6, 20): 0.1724, 4.4900, 57.2416, 0.1998
(6, 21): 0.0929, 4.4100, 56.0308, 0.1940
(6, 22): 0.1011, 4.4400, 50.2535, 0.2291
(6, 23): 0.1365, 4.4800, 54.9549, 0.2258
(6, 24): 0.1354, 4.4100, 55.1392, 0.1931
(6, 25): 0.1816, 4.5000, 51.0834, 0.2015
(6, 26): 0.1740, 4.4100, 50.5131, 0.1856
(6, 27): 0.0391, 4.4200, 19.1819, 0.2968
(7, 1): nan, nan, nan, 0.0000
(7, 2): nan, nan, nan, 0.0000
(7, 3): nan, nan, nan, 0.0000
(7, 4): nan, nan, nan, 0.0000
(7, 5): nan, nan, nan, 0.0000
(7, 6): nan, nan, nan, 0.0000
(7, 7): nan, nan, nan, 0.0000
(7, 8): nan, nan, nan, 0.0000
(7, 9): nan, nan, nan, 0.0000
(7, 10): -0.0487, 4.4600, 3.9770, 0.3913
(7, 11): 0.1383, 4.4900, 15.3376, 0.2500
(7, 12): nan, nan, nan, 0.0000
(7, 13): nan, nan, nan, 0.0000
(7, 14): nan, nan, nan, 0.0000
(7, 15): 0.4108, 4.4100, 33.5594, 0.3027
(7, 16): 0.1959, 4.4300, 48.5623, 0.3269
(7, 17): 0.1564, 4.4100, 52.4088, 0.2525
(7, 18): 0.2462, 4.4600, 48.6155, 0.2032
(7, 19): 0.1476, 4.4100, 56.7609, 0.2132
(7, 20): 0.1274, 4.4400, 61.6881, 0.1923
(7, 21): 0.1389, 4.4300, 54.0915, 0.1823
(7, 22): 0.1563, 4.4800, 54.2219, 0.1764
(7, 23): 0.1547, 4.4355, 56.3359, 0.1639
(7, 24): 0.1481, 4.4500, 53.8735, 0.1739
(7, 25): 0.1694, 4.4300, 52.3799, 0.1957
(7, 26): 0.1405, 4.4400, 51.9728, 0.1789
(7, 27): 0.1296, 4.4900, 33.0283, 0.2425
(8, 1): nan, nan, nan, 0.0000
(8, 2): nan, nan, nan, 0.0000
(8, 3): nan, nan, nan, 0.0000
(8, 4): nan, nan, nan, 0.0000
(8, 5): nan, nan, nan, 0.0000
(8, 6): nan, nan, nan, 0.0000
(8, 7): nan, nan, nan, 0.0000
(8, 8): nan, nan, nan, 0.0000
(8, 9): nan, nan, nan, 0.0000
(8, 10): 0.1526, 4.4100, 23.5399, 0.2283
(8, 11): 0.1846, 4.4300, 20.3698, 0.2333
(8, 12): nan, nan, nan, 0.0000
(8, 13): nan, nan, nan, 0.0000
(8, 14): 0.1836, 4.4800, 13.2345, 0.3244
(8, 15): 0.3045, 4.4300, 41.6346, 0.2876
(8, 16): 0.2673, 4.4500, 45.0544, 0.3211
(8, 17): 0.1956, 4.4300, 50.8638, 0.2742
(8, 18): 0.2317, 4.6400, 48.3919, 0.2383
(8, 19): 0.2136, 4.4200, 54.0463, 0.2048
(8, 20): 0.1408, 4.4400, 57.9389, 0.1965
(8, 21): 0.1460, 4.4100, 56.2011, 0.1848
(8, 22): 0.1869, 4.4300, 56.8543, 0.1831
(8, 23): 0.1663, 4.6300, 56.9107, 0.1848
(8, 24): 0.1712, 4.4900, 53.0353, 0.1672
(8, 25): 0.1368, 4.5100, 54.0855, 0.2065
(8, 26): 0.1249, 4.7300, 53.0729, 0.2007
(8, 27): 0.1014, 4.5100, 32.3527, 0.2567
(9, 1): nan, nan, nan, 0.0000
(9, 2): nan, nan, nan, 0.0000
(9, 3): nan, nan, nan, 0.0000
(9, 4): nan, nan, nan, 0.0000
(9, 5): nan, nan, nan, 0.0000
(9, 6): nan, nan, nan, 0.0000
(9, 7): nan, nan, nan, 0.0000
(9, 8): nan, nan, nan, 0.0000
(9, 9): nan, nan, nan, 0.0000
(9, 10): 0.1205, 4.4900, 25.9981, 0.2375
(9, 11): 0.0262, 4.4400, 4.0646, 0.4072
(9, 12): nan, nan, nan, 0.0000
(9, 13): nan, nan, nan, 0.0000
(9, 14): nan, nan, nan, 0.0000
(9, 15): 0.2825, 4.4700, 37.5857, 0.2391
(9, 16): 0.3051, 4.4500, 43.4252, 0.2634
(9, 17): 0.2485, 4.5800, 48.1909, 0.2500
(9, 18): 0.3059, 4.4700, 46.1310, 0.2308
(9, 19): 0.2401, 4.4500, 53.7733, 0.2099
(9, 20): 0.1812, 4.4600, 52.2671, 0.1948
(9, 21): 0.1499, 4.4200, 58.6987, 0.2007
(9, 22): 0.1946, 4.4600, 56.2662, 0.2107
(9, 23): 0.1829, 4.5700, 56.3825, 0.1806
(9, 24): 0.1686, 4.4100, 56.3717, 0.1789
(9, 25): 0.1555, 4.4200, 54.2413, 0.1965
(9, 26): 0.1796, 4.4400, 52.2937, 0.1998
(9, 27): 0.0553, 4.5100, 12.6431, 0.3085
(10, 1): nan, nan, nan, 0.0000
(10, 2): nan, nan, nan, 0.0000
(10, 3): nan, nan, nan, 0.0000
(10, 4): nan, nan, nan, 0.0000
(10, 5): nan, nan, nan, 0.0000
(10, 6): nan, nan, nan, 0.0000
(19, 13): 0.2910, 4.4700, 46.1255, 0.2333
(19, 14): 0.2518, 4.4200, 51.1559, 0.2408
(19, 15): 0.1865, 4.4100, 56.6409, 0.2492
(19, 16): 0.1680, 4.4400, 57.5950, 0.2099
(19, 17): 0.2005, 4.4300, 57.9659, 0.1906
(19, 18): 0.2290, 4.4500, 56.6162, 0.1948
(19, 19): 0.2015, 4.5200, 60.2413, 0.2500
(19, 20): 0.2438, 4.4400, 56.2557, 0.2241
(19, 21): 0.2714, 4.4800, 52.5442, 0.1756
(19, 22): 0.2137, 4.5000, 52.8095, 0.1890
(19, 23): 0.1592, 4.4100, 52.5464, 0.1798
(19, 24): 0.1111, 4.5200, 53.4557, 0.1865
(19, 25): 0.1023, 4.4200, 30.8479, 0.2057
(19, 26): -0.1564, 4.4500, 4.4262, 0.4047
(19, 27): nan, nan, nan, 0.0000
(20, 1): nan, nan, nan, 0.0000
(20, 2): nan, nan, nan, 0.0000
(20, 3): nan, nan, nan, 0.0000
(20, 4): nan, nan, nan, 0.0000
(20, 5): nan, nan, nan, 0.0000
(20, 6): nan, nan, nan, 0.0000
(20, 7): 0.0182, 4.5100, 14.2187, 0.3503
(20, 8): 0.2975, 4.5400, 46.0623, 0.2893
(20, 9): 0.2016, 4.4600, 53.2273, 0.2124
(20, 10): 0.1687, 4.4100, 54.8052, 0.2140
(20, 11): 0.1567, 4.4500, 56.5060, 0.2559
(20, 12): 0.1754, 4.4200, 53.8627, 0.2149
(20, 13): 0.3013, 4.5700, 42.4822, 0.2090
(20, 14): 0.3062, 4.5000, 45.1791, 0.2333
(20, 15): 0.1708, 4.4200, 57.8350, 0.1982
(20, 16): 0.1794, 4.4300, 56.9903, 0.2099
(20, 17): 0.2329, 4.4500, 54.5827, 0.1982
(20, 18): 0.1702, 4.4500, 60.7419, 0.2132
(20, 19): 0.2164, 4.4400, 59.0461, 0.2383
(20, 20): 0.2347, 4.4100, 55.0479, 0.2048
(20, 21): 0.2468, 4.4300, 48.0986, 0.1739
(20, 22): 0.1463, 4.4600, 49.5375, 0.1906
(20, 23): 0.0882, 4.4200, 51.6314, 0.1898
(20, 24): 0.0983, 4.4700, 56.1209, 0.2057
(20, 25): 0.0897, 4.5200, 54.6829, 0.1881
(20, 26): 0.0425, 4.4300, 11.1637, 0.2759
(20, 27): nan, nan, nan, 0.0000
(21, 1): nan, nan, nan, 0.0000
(21, 2): nan, nan, nan, 0.0000
(21, 3): nan, nan, nan, 0.0000
(21, 4): nan, nan, nan, 0.0000
(21, 5): nan, nan, nan, 0.0000
(21, 6): 0.2208, 4.4100, 13.1567, 0.3545
(21, 7): 0.2755, 4.4400, 42.7779, 0.2567
(21, 8): 0.2619, 4.4700, 49.9698, 0.2249
(21, 9): 0.1827, 4.4200, 54.4523, 0.1982
(21, 10): 0.1283, 4.4700, 56.1809, 0.2291
(21, 11): 0.1075, 4.5900, 59.6210, 0.2224
(21, 12): 0.1962, 4.4200, 52.3396, 0.2232
(21, 13): 0.2277, 4.4300, 50.1373, 0.2291
(21, 14): 0.2011, 4.4100, 54.0300, 0.2207
(21, 15): 0.1827, 4.4600, 52.8635, 0.1973
(21, 16): 0.1550, 4.4200, 54.0801, 0.2074
(21, 17): 0.1657, 4.5400, 53.3123, 0.2149
(21, 18): 0.2251, 4.4100, 49.9891, 0.2241
(21, 19): 0.2250, 4.4400, 50.6284, 0.2015
(21, 20): 0.2549, 4.6400, 47.8403, 0.1848
(21, 21): 0.1993, 4.4500, 42.6102, 0.1982
(21, 22): 0.1415, 4.5200, 45.5902, 0.2140
(21, 23): 0.1369, 4.4100, 46.1669, 0.1873
(21, 24): 0.1418, 4.4200, 25.1353, 0.2291
(21, 25): nan, nan, nan, 0.0000
(21, 26): nan, nan, nan, 0.0000
(21, 27): nan, nan, nan, 0.0000
(22, 1): nan, nan, nan, 0.0000
(22, 2): nan, nan, nan, 0.0000
(22, 3): nan, nan, nan, 0.0000
(22, 4): nan, nan, nan, 0.0000
(22, 5): nan, nan, nan, 0.0000
(22, 6): 0.2889, 4.5700, 30.5382, 0.2575
(22, 7): 0.3853, 4.4100, 39.2330, 0.2901
(22, 8): 0.3131, 4.4100, 43.0049, 0.2776
(22, 9): 0.2603, 4.4400, 47.9633, 0.2358
(22, 10): 0.2028, 4.4800, 53.4833, 0.2140
(22, 11): 0.1372, 4.4100, 59.2703, 0.2115
(22, 12): 0.2014, 4.4200, 53.5364, 0.2090
(22, 13): 0.1948, 4.4500, 53.9927, 0.1982
(22, 14): 0.1546, 4.4500, 57.0011, 0.2065
(22, 15): 0.1643, 4.4800, 53.5233, 0.2115
(22, 16): 0.1945, 4.5200, 51.5571, 0.2048
(22, 17): 0.2255, 4.4294, 49.0680, 0.1923
(22, 18): 0.2689, 4.4100, 46.9779, 0.1965
(22, 19): 0.2690, 4.4500, 47.6506, 0.2910
(22, 20): 0.2005, 4.4400, 40.7796, 0.2057
(22, 21): 0.1452, 4.4100, 7.9363, 0.3177
(22, 22): nan, nan, nan, 0.0000
(22, 23): nan, nan, nan, 0.0000
(22, 24): nan, nan, nan, 0.0000
(22, 25): nan, nan, nan, 0.0000
(22, 26): nan, nan, nan, 0.0000
(22, 27): nan, nan, nan, 0.0000
(23, 1): nan, nan, nan, 0.0000
(23, 2): nan, nan, nan, 0.0000
(23, 3): nan, nan, nan, 0.0000
(23, 4): nan, nan, nan, 0.0000
(23, 5): 0.1275, 4.4500, 14.6006, 0.2860
(23, 6): 0.2118, 4.4900, 28.1704, 0.2324
(23, 7): 0.2803, 4.5700, 34.9923, 0.1990
(23, 8): 0.2923, 4.5800, 43.9360, 0.2592
(23, 9): 0.1800, 4.4092, 56.3585, 0.1898
(23, 10): 0.1934, 4.4200, 54.2438, 0.2074
(23, 11): 0.2570, 4.4200, 49.9669, 0.2090
(23, 12): 0.2520, 4.4200, 51.9889, 0.2274
(23, 13): 0.1951, 4.4100, 54.1911, 0.2199
(23, 14): 0.1983, 4.5800, 52.8347, 0.2032
(23, 15): 0.2166, 4.4900, 51.0138, 0.2048
(23, 16): 0.2210, 4.4400, 51.8480, 0.2015
(23, 17): 0.2453, 4.4200, 49.9308, 0.2099
(23, 18): 0.2661, 4.4100, 47.7704, 0.1881
(23, 19): 0.2570, 4.4400, 49.8856, 0.1957
(23, 20): 0.2218, 4.4700, 42.5392, 0.1931
(23, 21): nan, nan, nan, 0.0000
(23, 22): nan, nan, nan, 0.0000
(23, 23): nan, nan, nan, 0.0000
(23, 24): nan, nan, nan, 0.0000
(23, 25): nan, nan, nan, 0.0000
(23, 26): nan, nan, nan, 0.0000
(23, 27): nan, nan, nan, 0.0000
(24, 1): nan, nan, nan, 0.0000
(24, 2): nan, nan, nan, 0.0000
(24, 3): nan, nan, nan, 0.0000
(24, 4): 0.1228, 4.4100, 10.8017, 0.3186
(24, 5): 0.1874, 4.4200, 19.5757, 0.2600
(24, 6): 0.1442, 4.4100, 20.7919, 0.2450
(24, 7): 0.2032, 4.5100, 43.2523, 0.2007
(24, 8): 0.1479, 4.4600, 35.6829, 0.1948
(24, 9): 0.1974, 4.4200, 43.0185, 0.1881
(24, 10): 0.1914, 4.5000, 43.9600, 0.1906
(24, 11): 0.2659, 4.4400, 51.1897, 0.1965
(24, 12): 0.2869, 4.4400, 49.8608, 0.2057
(24, 13): 0.2526, 4.4400, 49.8729, 0.2124
(24, 14): 0.2602, 4.4600, 48.0961, 0.1948
(24, 15): 0.3216, 4.4300, 44.8399, 0.2299
(24, 16): 0.3180, 4.4800, 46.9839, 0.2182
(24, 17): 0.3132, 4.4200, 45.8999, 0.1823
(24, 18): 0.2449, 4.4300, 50.9841, 0.1965
(24, 19): 0.2160, 4.5600, 54.5721, 0.1957
(24, 20): 0.2287, 4.4300, 51.8362, 0.1881
(24, 21): 0.1858, 4.4800, 32.3722, 0.2140
(24, 22): nan, nan, nan, 0.0000
(24, 23): nan, nan, nan, 0.0000
(24, 24): nan, nan, nan, 0.0000
(24, 25): nan, nan, nan, 0.0000
(24, 26): nan, nan, nan, 0.0000
(24, 27): nan, nan, nan, 0.0000
(25, 1): nan, nan, nan, 0.0000
(25, 2): nan, nan, nan, 0.0000
(25, 3): nan, nan, nan, 0.0000
(25, 4): 0.1687, 4.4800, 28.9219, 0.2475
(25, 5): 0.2036, 4.4100, 34.5253, 0.2115
(25, 6): 0.2036, 4.5300, 43.3864, 0.2007
(25, 7): 0.1571, 4.4500, 23.9429, 0.2492
(25, 8): 0.2823, 4.4600, 37.0799, 0.1990
(25, 9): 0.2930, 4.4400, 44.2989, 0.2199
(25, 10): 0.2489, 4.4100, 48.3933, 0.2784
(25, 11): 0.2960, 4.4097, 49.0486, 0.2182
(25, 12): 0.2692, 4.4189, 51.8398, 0.2082
(25, 13): 0.3294, 4.4300, 46.3817, 0.2157
(25, 14): 0.3282, 4.4800, 45.9435, 0.2483
(25, 15): 0.3371, 4.5000, 45.8541, 0.1931
(25, 16): 0.3582, 4.4100, 43.7108, 0.1714
(25, 17): 0.2836, 4.4100, 48.4207, 0.2207
(25, 18): 0.2167, 4.4400, 51.8594, 0.1898
(25, 19): 0.1973, 4.6200, 52.3331, 0.1890
(25, 20): 0.1746, 4.4200, 52.3100, 0.1965
(25, 21): 0.1748, 4.5600, 50.9388, 0.1881
(25, 22): 0.0189, 4.4100, 25.4095, 0.2391
(25, 23): nan, nan, nan, 0.0000
(25, 24): nan, nan, nan, 0.0000
(25, 25): nan, nan, nan, 0.0000
(25, 26): nan, nan, nan, 0.0000
(25, 27): nan, nan, nan, 0.0000
(26, 1): nan, nan, nan, 0.0000
(26, 2): 0.0695, 4.4100, 4.5639, 0.4214
(26, 3): 0.1946, 4.4200, 19.7243, 0.2517
(26, 4): 0.2203, 4.4200, 28.1721, 0.2600
(26, 5): 0.1497, 4.4300, 28.4900, 0.2157
(26, 6): 0.1495, 4.4300, 24.6447, 0.2316
(26, 7): 0.2116, 4.4100, 44.5850, 0.2249
(26, 8): 0.2278, 4.4500, 51.1819, 0.1739
(26, 9): 0.2145, 4.4200, 51.6628, 0.1873
(26, 10): 0.2256, 4.4300, 49.5521, 0.1898
(26, 11): 0.2926, 4.4200, 49.3970, 0.1798
(26, 12): 0.2322, 4.4300, 53.0282, 0.2132
(26, 13): 0.2667, 4.4300, 47.6982, 0.2258
(26, 14): 0.3026, 4.5400, 46.0269, 0.2258
(26, 15): 0.2643, 4.7300, 50.7043, 0.2216
(26, 16): 0.2288, 4.4100, 52.9625, 0.2065
(26, 17): 0.2454, 4.4300, 49.7401, 0.1906
(26, 18): 0.2705, 4.4600, 47.3671, 0.1831
(26, 19): 0.2112, 4.4700, 49.5115, 0.1957
(26, 20): 0.1811, 4.4200, 51.0367, 0.1931
(26, 21): 0.1826, 4.4500, 50.8047, 0.1781
(26, 22): 0.1639, 4.4100, 38.4742, 0.1848
(26, 23): nan, nan, nan, 0.0000
(26, 24): nan, nan, nan, 0.0000
(26, 25): nan, nan, nan, 0.0000
(26, 26): nan, nan, nan, 0.0000
(26, 27): nan, nan, nan, 0.0000
(27, 1): nan, nan, nan, 0.0000
(27, 2): 0.1525, 4.5000, 20.4589, 0.2843
(27, 3): 0.2340, 4.4300, 45.7087, 0.2090
(27, 4): 0.1960, 4.4200, 53.0145, 0.2182
(27, 5): 0.2694, 4.4500, 49.8515, 0.1906
(27, 6): 0.2039, 4.5800, 42.6490, 0.1998
(27, 7): 0.1071, 4.4100, 19.2291, 0.2492
(27, 8): 0.2187, 4.4800, 43.0963, 0.1965
(27, 9): 0.1733, 4.4400, 42.6108, 0.1806
(27, 10): 0.1709, 4.4200, 40.0573, 0.1856
(27, 11): 0.2033, 4.4300, 41.0782, 0.2032
(27, 12): 0.1079, 4.4100, 27.9479, 0.2115
(27, 13): 0.2259, 4.4200, 42.1990, 0.1948
(27, 14): 0.2002, 4.4300, 36.3054, 0.1881
(27, 15): 0.2433, 4.4400, 52.8036, 0.1739
(27, 16): 0.2241, 4.4500, 53.1495, 0.1990
(27, 17): 0.2198, 4.4100, 49.7710, 0.2232
(27, 18): 0.2004, 4.4100, 49.1852, 0.1747
(27, 19): 0.1969, 4.4400, 49.5291, 0.1814
(27, 20): 0.2144, 4.4700, 48.3361, 0.1764
(27, 21): 0.2415, 4.5100, 47.7396, 0.1839
(27, 22): 0.2019, 4.4900, 38.5029, 0.2283
(27, 23): nan, nan, nan, 0.0000
(27, 24): nan, nan, nan, 0.0000
(27, 25): nan, nan, nan, 0.0000
(27, 26): nan, nan, nan, 0.0000
(27, 27): nan, nan, nan, 0.0000
(28, 1): nan, nan, nan, 0.0000
(28, 2): 0.1093, 4.4600, 3.8382, 0.3855
(28, 3): 0.1157, 4.4200, 25.7453, 0.2433
(28, 4): 0.1914, 4.4200, 24.3492, 0.2642
(28, 5): 0.2331, 4.4200, 41.5161, 0.1881
(28, 6): 0.1567, 4.4900, 25.3561, 0.2241
(28, 7): 0.1268, 4.4100, 26.1171, 0.2157
(28, 8): 0.1781, 4.4100, 37.9076, 0.2224
(28, 9): 0.1760, 4.4200, 29.3481, 0.1881
(28, 10): nan, nan, nan, 0.0000
(28, 11): nan, nan, nan, 0.0000
(28, 12): nan, nan, nan, 0.0000
(28, 13): nan, nan, nan, 0.0000
(28, 14): 0.0722, 4.4400, 13.4535, 0.2701
(28, 15): 0.1899, 4.4100, 52.3024, 0.2015
(28, 16): 0.2637, 4.5300, 48.5468, 0.1731
(28, 17): 0.2302, 4.4600, 48.1125, 0.1639
(28, 18): 0.1824, 4.4400, 49.0540, 0.1597
(28, 19): 0.1803, 4.4100, 51.3804, 0.1739
(28, 20): 0.2225, 4.4700, 47.4761, 0.1982
(28, 21): 0.2692, 4.4300, 46.2326, 0.1814
(28, 22): 0.1731, 4.4100, 22.0376, 0.2366
(28, 23): nan, nan, nan, 0.0000
(28, 24): nan, nan, nan, 0.0000
(28, 25): nan, nan, nan, 0.0000
(28, 26): nan, nan, nan, 0.0000
(28, 27): nan, nan, nan, 0.0000
(29, 1): nan, nan, nan, 0.0000
(29, 2): 0.1420, 4.5000, 48.8045, 0.1973
(29, 3): 0.1928, 4.5400, 49.8242, 0.1681
(29, 4): 0.1861, 4.4500, 45.1390, 0.1890
(29, 5): 0.1979, 4.4200, 36.6662, 0.2115
(29, 6): 0.1819, 4.4200, 52.0741, 0.1672
(29, 7): 0.1682, 4.5000, 42.4948, 0.1714
(29, 8): 0.1969, 4.4800, 3.6894, 0.3704
(29, 9): nan, nan, nan, 0.0000
(29, 10): nan, nan, nan, 0.0000
(29, 11): nan, nan, nan, 0.0000
(29, 12): nan, nan, nan, 0.0000
(29, 13): nan, nan, nan, 0.0000
(29, 14): nan, nan, nan, 0.0000
(29, 15): 0.0269, 4.4200, 9.9126, 0.3077
(29, 16): 0.0802, 4.4200, 25.1201, 0.2291
(29, 17): 0.0702, 4.4100, 4.3213, 0.3696
(29, 18): 0.1147, 4.4700, 41.9909, 0.1931
(29, 19): 0.1424, 4.4300, 54.3413, 0.1823
(29, 20): 0.2191, 4.4200, 49.3000, 0.1773
(29, 21): 0.3273, 4.4200, 42.8151, 0.1798
(29, 22): 0.2287, 4.4500, 10.7847, 0.2985
(29, 23): nan, nan, nan, 0.0000
(29, 24): nan, nan, nan, 0.0000
(29, 25): nan, nan, nan, 0.0000
(29, 26): nan, nan, nan, 0.0000
(29, 27): nan, nan, nan, 0.0000
(30, 1): nan, nan, nan, 0.0000
(30, 2): 0.0992, 4.4100, 30.7805, 0.1906
(30, 3): 0.0405, 4.5400, 15.5092, 0.2500
(30, 4): 0.0681, 4.5500, 12.5753, 0.2609
(30, 5): 0.1426, 4.4200, 46.6189, 0.2032
(30, 6): 0.1667, 4.5200, 41.1134, 0.1806
(30, 7): 0.1376, 4.4200, 11.8537, 0.2609
(30, 8): nan, nan, nan, 0.0000
(30, 9): nan, nan, nan, 0.0000
(30, 10): nan, nan, nan, 0.0000
(30, 11): nan, nan, nan, 0.0000
(30, 12): nan, nan, nan, 0.0000
(30, 13): nan, nan, nan, 0.0000
(30, 14): nan, nan, nan, 0.0000
(30, 15): nan, nan, nan, 0.0000
(30, 16): nan, nan, nan, 0.0000
(30, 17): nan, nan, nan, 0.0000
(30, 18): nan, nan, nan, 0.0000
(30, 19): 0.1270, 4.4200, 11.8746, 0.2684
(30, 20): 0.2612, 4.5700, 39.5498, 0.1965
(30, 21): 0.2578, 4.4400, 44.2582, 0.1806
(30, 22): 0.2805, 4.4600, 12.8772, 0.2550
(30, 23): nan, nan, nan, 0.0000
(30, 24): nan, nan, nan, 0.0000
(30, 25): nan, nan, nan, 0.0000
(30, 26): nan, nan, nan, 0.0000
(30, 27): nan, nan, nan, 0.0000
(31, 1): nan, nan, nan, 0.0000
(31, 2): nan, nan, nan, 0.0000
(31, 3): nan, nan, nan, 0.0000
(31, 4): nan, nan, nan, 0.0000
(31, 5): nan, nan, nan, 0.0000
(31, 6): nan, nan, nan, 0.0000
(31, 7): nan, nan, nan, 0.0000
(31, 8): nan, nan, nan, 0.0000
(31, 9): nan, nan, nan, 0.0000
(31, 10): nan, nan, nan, 0.0000
(31, 11): nan, nan, nan, 0.0000
(31, 12): nan, nan, nan, 0.0000
(31, 13): nan, nan, nan, 0.0000
(31, 14): nan, nan, nan, 0.0000
(31, 15): nan, nan, nan, 0.0000
(31, 16): nan, nan, nan, 0.0000
(31, 17): nan, nan, nan, 0.0000
(31, 18): nan, nan, nan, 0.0000
(31, 19): 0.0700, 4.4300, 9.4136, 0.2985
(31, 20): 0.2048, 4.4100, 47.2176, 0.1814
(31, 21): 0.1931, 4.4600, 11.0020, 0.2692
(31, 22): nan, nan, nan, 0.0000
(31, 23): nan, nan, nan, 0.0000
(31, 24): nan, nan, nan, 0.0000
(31, 25): nan, nan, nan, 0.0000
(31, 26): nan, nan, nan, 0.0000
(31, 27): nan, nan, nan, 0.0000
(32, 1): nan, nan, nan, 0.0000
(32, 2): nan, nan, nan, 0.0000
(32, 3): nan, nan, nan, 0.0000
(32, 4): nan, nan, nan, 0.0000
(32, 5): nan, nan, nan, 0.0000
(32, 6): nan, nan, nan, 0.0000
(32, 7): nan, nan, nan, 0.0000
(32, 8): nan, nan, nan, 0.0000
(32, 9): nan, nan, nan, 0.0000
(32, 10): nan, nan, nan, 0.0000
(32, 11): nan, nan, nan, 0.0000
(32, 12): nan, nan, nan, 0.0000
(32, 13): nan, nan, nan, 0.0000
(32, 14): nan, nan, nan, 0.0000
(32, 15): nan, nan, nan, 0.0000
(32, 16): nan, nan, nan, 0.0000
(32, 17): nan, nan, nan, 0.0000
(32, 18): nan, nan, nan, 0.0000
(32, 19): 0.1559, 4.4300, 12.6305, 0.2600
(32, 20): 0.2478, 4.4700, 52.1902, 0.2157
(32, 21): 0.1777, 4.4100, 37.2824, 0.1923
(32, 22): 0.1307, 4.4200, 8.8747, 0.3069
(32, 23): nan, nan, nan, 0.0000
(32, 24): nan, nan, nan, 0.0000
(32, 25): nan, nan, nan, 0.0000
(32, 26): nan, nan, nan, 0.0000
(32, 27): nan, nan, nan, 0.0000
(33, 1): nan, nan, nan, 0.0000
(33, 2): nan, nan, nan, 0.0000
(33, 3): nan, nan, nan, 0.0000
(33, 4): nan, nan, nan, 0.0000
(33, 5): nan, nan, nan, 0.0000
(33, 6): nan, nan, nan, 0.0000
(33, 7): nan, nan, nan, 0.0000
(33, 8): nan, nan, nan, 0.0000
(33, 9): nan, nan, nan, 0.0000
(33, 10): nan, nan, nan, 0.0000
(33, 11): nan, nan, nan, 0.0000
(33, 12): nan, nan, nan, 0.0000
(33, 13): nan, nan, nan, 0.0000
(33, 14): nan, nan, nan, 0.0000
(33, 15): nan, nan, nan, 0.0000
(33, 16): nan, nan, nan, 0.0000
(33, 17): nan, nan, nan, 0.0000
(33, 18): nan, nan, nan, 0.0000
(33, 19): 0.2283, 4.5100, 32.7065, 0.1814
(33, 20): 0.2717, 4.4600, 51.7500, 0.1647
(33, 21): 0.2848, 4.4800, 49.7926, 0.1789
(33, 22): 0.1985, 4.4200, 21.9942, 0.2224
(33, 23): nan, nan, nan, 0.0000
(33, 24): nan, nan, nan, 0.0000
(33, 25): nan, nan, nan, 0.0000
(33, 26): nan, nan, nan, 0.0000
(33, 27): nan, nan, nan, 0.0000
(34, 1): nan, nan, nan, 0.0000
(34, 2): nan, nan, nan, 0.0000
(34, 3): nan, nan, nan, 0.0000
(34, 4): nan, nan, nan, 0.0000
(34, 5): nan, nan, nan, 0.0000
(34, 6): nan, nan, nan, 0.0000
(34, 7): nan, nan, nan, 0.0000
(34, 8): nan, nan, nan, 0.0000
(34, 9): nan, nan, nan, 0.0000
(34, 10): nan, nan, nan, 0.0000
(34, 11): nan, nan, nan, 0.0000
(34, 12): nan, nan, nan, 0.0000
(34, 13): nan, nan, nan, 0.0000
(34, 14): nan, nan, nan, 0.0000
(34, 15): nan, nan, nan, 0.0000
(34, 16): nan, nan, nan, 0.0000
(34, 17): nan, nan, nan, 0.0000
(34, 18): nan, nan, nan, 0.0000
(34, 19): 0.2038, 4.4100, 29.5861, 0.1948
(34, 20): 0.2443, 4.6500, 53.1453, 0.1547
(34, 21): 0.1966, 4.5500, 54.4570, 0.1639
(34, 22): 0.1490, 4.4100, 8.6294, 0.2918
(34, 23): nan, nan, nan, 0.0000
(34, 24): nan, nan, nan, 0.0000
(34, 25): nan, nan, nan, 0.0000
(34, 26): nan, nan, nan, 0.0000
(34, 27): nan, nan, nan, 0.0000
(35, 1): nan, nan, nan, 0.0000
(35, 2): nan, nan, nan, 0.0000
(35, 3): nan, nan, nan, 0.0000
(35, 4): nan, nan, nan, 0.0000
(35, 5): nan, nan, nan, 0.0000
(35, 6): nan, nan, nan, 0.0000
(35, 7): nan, nan, nan, 0.0000
(35, 8): nan, nan, nan, 0.0000
(35, 9): nan, nan, nan, 0.0000
(35, 10): nan, nan, nan, 0.0000
(35, 11): nan, nan, nan, 0.0000
(35, 12): nan, nan, nan, 0.0000
(35, 13): nan, nan, nan, 0.0000
(35, 14): nan, nan, nan, 0.0000
(35, 15): nan, nan, nan, 0.0000
(35, 16): nan, nan, nan, 0.0000
(35, 17): nan, nan, nan, 0.0000
(35, 18): nan, nan, nan, 0.0000
(35, 19): nan, nan, nan, 0.0000
(35, 20): nan, nan, nan, 0.0000
(35, 21): nan, nan, nan, 0.0000
(35, 22): nan, nan, nan, 0.0000
(35, 23): nan, nan, nan, 0.0000
(35, 24): nan, nan, nan, 0.0000
(35, 25): nan, nan, nan, 0.0000
(35, 26): nan, nan, nan, 0.0000
(35, 27): nan, nan, nan, 0.0000
(36, 1): nan, nan, nan, 0.0000
(36, 2): nan, nan, nan, 0.0000
(36, 3): nan, nan, nan, 0.0000
(36, 4): nan, nan, nan, 0.0000
(36, 5): nan, nan, nan, 0.0000
(36, 6): nan, nan, nan, 0.0000
(36, 7): nan, nan, nan, 0.0000
(36, 8): nan, nan, nan, 0.0000
(36, 9): nan, nan, nan, 0.0000
(36, 10): nan, nan, nan, 0.0000
(36, 11): nan, nan, nan, 0.0000
(36, 12): nan, nan, nan, 0.0000
(36, 13): nan, nan, nan, 0.0000
(36, 14): nan, nan, nan, 0.0000
(36, 15): nan, nan, nan, 0.0000
(36, 16): nan, nan, nan, 0.0000
(36, 17): nan, nan, nan, 0.0000
(36, 18): nan, nan, nan, 0.0000
(36, 19): nan, nan, nan, 0.0000
(36, 20): nan, nan, nan, 0.0000
(36, 21): nan, nan, nan, 0.0000
(36, 22): nan, nan, nan, 0.0000
(36, 23): nan, nan, nan, 0.0000
(36, 24): nan, nan, nan, 0.0000
(36, 25): nan, nan, nan, 0.0000
(36, 26): nan, nan, nan, 0.0000
(36, 27): nan, nan, nan, 0.0000
(37, 1): nan, nan, nan, 0.0000
(37, 2): nan, nan, nan, 0.0000
(37, 3): nan, nan, nan, 0.0000
(37, 4): nan, nan, nan, 0.0000
(37, 5): nan, nan, nan, 0.0000
(37, 6): nan, nan, nan, 0.0000
(37, 7): nan, nan, nan, 0.0000
(37, 8): nan, nan, nan, 0.0000
(37, 9): nan, nan, nan, 0.0000
(37, 10): nan, nan, nan, 0.0000
(37, 11): nan, nan, nan, 0.0000
(37, 12): nan, nan, nan, 0.0000
(37, 13): nan, nan, nan, 0.0000
(37, 14): nan, nan, nan, 0.0000
(37, 15): nan, nan, nan, 0.0000
(37, 16): nan, nan, nan, 0.0000
(37, 17): nan, nan, nan, 0.0000
(37, 18): nan, nan, nan, 0.0000
(37, 19): nan, nan, nan, 0.0000
(37, 20): nan, nan, nan, 0.0000
(37, 21): nan, nan, nan, 0.0000
(37, 22): nan, nan, nan, 0.0000
(37, 23): nan, nan, nan, 0.0000
(37, 24): nan, nan, nan, 0.0000
(37, 25): nan, nan, nan, 0.0000
(37, 26): nan, nan, nan, 0.0000
(37, 27): nan, nan, nan, 0.0000
