(1, 1): -0.0487, 4.4600, 3.9770
(1, 2): -0.0487, 4.4600, 3.9770
(1, 3): -0.0487, 4.4600, 3.9770
(1, 4): -0.0487, 4.4600, 3.9770
(1, 5): 0.1443, 4.4400, 15.3807
(1, 6): 0.1443, 4.4400, 15.3807
(1, 7): 0.1443, 4.4400, 15.3807
(1, 8): 0.1443, 4.4400, 15.3807
(1, 9): 0.0654, 4.4100, 11.4762
(1, 10): 0.0654, 4.4100, 11.4762
(1, 11): 0.0654, 4.4100, 11.4762
(1, 12): 0.0654, 4.4100, 11.4762
(1, 13): 0.0654, 4.4100, 11.4762
(1, 14): -0.0120, 4.4500, 16.4437
(1, 15): -0.0120, 4.4500, 16.4437
(1, 16): -0.0120, 4.4500, 16.4437
(1, 17): -0.0454, 4.5300, 17.2069
(1, 18): -0.0668, 4.4500, 8.8286
(1, 19): -0.1104, 4.4400, 9.7335
(1, 20): -0.1104, 4.4400, 9.7335
(1, 21): -0.0193, 4.4100, 10.3090
(1, 22): -0.0193, 4.4100, 10.3090
(1, 23): 0.1446, 4.4700, 46.4929
(1, 24): 0.2140, 4.4100, 36.4901
(1, 25): 0.2140, 4.4100, 36.4901
(1, 26): 0.2140, 4.4100, 36.4901
(1, 27): 0.0127, 4.4200, 9.0712
(2, 1): -0.0487, 4.4600, 3.9770
(2, 2): -0.0487, 4.4600, 3.9770
(2, 3): -0.0487, 4.4600, 3.9770
(2, 4): -0.0487, 4.4600, 3.9770
(2, 5): -0.0487, 4.4600, 3.9770
(2, 6): 0.1443, 4.4400, 15.3807
(2, 7): 0.1443, 4.4400, 15.3807
(2, 8): 0.1443, 4.4400, 15.3807
(2, 9): 0.1443, 4.4400, 15.3807
(2, 10): 0.0654, 4.4100, 11.4762
(2, 11): 0.0654, 4.4100, 11.4762
(2, 12): 0.0654, 4.4100, 11.4762
(2, 13): 0.0654, 4.4100, 11.4762
(2, 14): 0.1467, 4.4500, 23.7780
(2, 15): -0.0120, 4.4500, 16.4437
(2, 16): -0.0120, 4.4500, 16.4437
(2, 17): -0.0454, 4.5300, 17.2069
(2, 18): -0.0668, 4.4500, 8.8286
(2, 19): -0.1104, 4.4400, 9.7335
(2, 20): -0.1104, 4.4400, 9.7335
(2, 21): -0.0193, 4.4100, 10.3090
(2, 22): 0.0157, 4.5000, 38.4819
(2, 23): 0.1446, 4.4700, 46.4929
(2, 24): 0.2140, 4.4100, 36.4901
(2, 25): 0.2140, 4.4100, 36.4901
(2, 26): 0.0127, 4.4200, 9.0712
(2, 27): 0.0127, 4.4200, 9.0712
(3, 1): -0.0487, 4.4600, 3.9770
(3, 2): -0.0487, 4.4600, 3.9770
(3, 3): -0.0487, 4.4600, 3.9770
(3, 4): -0.0487, 4.4600, 3.9770
(3, 5): -0.0487, 4.4600, 3.9770
(3, 6): -0.0487, 4.4600, 3.9770
(3, 7): 0.1443, 4.4400, 15.3807
(3, 8): 0.1443, 4.4400, 15.3807
(3, 9): 0.1443, 4.4400, 15.3807
(3, 10): 0.1443, 4.4400, 15.3807
(3, 11): 0.0654, 4.4100, 11.4762
(3, 12): 0.0654, 4.4100, 11.4762
(3, 13): 0.0654, 4.4100, 11.4762
(3, 14): 0.1467, 4.4500, 23.7780
(3, 15): 0.0597, 4.4200, 11.4806
(3, 16): -0.0120, 4.4500, 16.4437
(3, 17): -0.0454, 4.5300, 17.2069
(3, 18): -0.0668, 4.4500, 8.8286
(3, 19): -0.0515, 4.4400, 16.8117
(3, 20): -0.0666, 4.4300, 8.6466
(3, 21): -0.1011, 4.4200, 15.2360
(3, 22): 0.0157, 4.5000, 38.4819
(3, 23): 0.1446, 4.4700, 46.4929
(3, 24): 0.2140, 4.4100, 36.4901
(3, 25): 0.1913, 4.4500, 32.6106
(3, 26): 0.0127, 4.4200, 9.0712
(3, 27): 0.0127, 4.4200, 9.0712
(4, 1): -0.0487, 4.4600, 3.9770
(4, 2): -0.0487, 4.4600, 3.9770
(4, 3): -0.0487, 4.4600, 3.9770
(4, 4): -0.0487, 4.4600, 3.9770
(4, 5): -0.0487, 4.4600, 3.9770
(4, 6): -0.0487, 4.4600, 3.9770
(4, 7): -0.0487, 4.4600, 3.9770
(4, 8): 0.1443, 4.4400, 15.3807
(4, 9): 0.1443, 4.4400, 15.3807
(4, 10): 0.1443, 4.4400, 15.3807
(4, 11): 0.1443, 4.4400, 15.3807
(4, 12): 0.0654, 4.4100, 11.4762
(4, 13): 0.0654, 4.4100, 11.4762
(4, 14): 0.1467, 4.4500, 23.7780
(4, 15): 0.0597, 4.4200, 11.4806
(4, 16): -0.0007, 4.4200, 12.2813
(4, 17): -0.0261, 4.4200, 13.7768
(4, 18): 0.1673, 4.4800, 31.9537
(4, 19): 0.1593, 4.4700, 39.5496
(4, 20): 0.1566, 4.4300, 52.4016
(4, 21): 0.2360, 4.4600, 52.5216
(4, 22): 0.1518, 4.4700, 52.5091
(4, 23): 0.1409, 4.4700, 50.9411
(4, 24): 0.1623, 4.5000, 54.6345
(4, 25): 0.1913, 4.4500, 32.6106
(4, 26): 0.0127, 4.4200, 9.0712
(4, 27): 0.0644, 4.4300, 15.6973
(5, 1): -0.0487, 4.4600, 3.9770
(5, 2): -0.0487, 4.4600, 3.9770
(5, 3): -0.0487, 4.4600, 3.9770
(5, 4): -0.0487, 4.4600, 3.9770
(5, 5): -0.0487, 4.4600, 3.9770
(5, 6): -0.0487, 4.4600, 3.9770
(5, 7): -0.0487, 4.4600, 3.9770
(5, 8): -0.0487, 4.4600, 3.9770
(5, 9): 0.1443, 4.4400, 15.3807
(5, 10): 0.1443, 4.4400, 15.3807
(5, 11): 0.1443, 4.4400, 15.3807
(5, 12): 0.0922, 4.4200, 14.5406
(5, 13): 0.0922, 4.4200, 14.5406
(5, 14): 0.0922, 4.4200, 14.5406
(5, 15): 0.0597, 4.4200, 11.4806
(5, 16): 0.0910, 4.4300, 29.0763
(5, 17): 0.1731, 4.4100, 50.3388
(5, 18): 0.1968, 4.4700, 48.1717
(5, 19): 0.1327, 4.4600, 53.4897
(5, 20): 0.1626, 4.4800, 56.7931
(5, 21): 0.1022, 4.4300, 59.5066
(5, 22): 0.1905, 4.4400, 43.3748
(5, 23): 0.1693, 4.4200, 49.9054
(5, 24): 0.1670, 4.4800, 55.8355
(5, 25): 0.1985, 4.5100, 52.4249
(5, 26): 0.1685, 4.4500, 49.7059
(5, 27): 0.0644, 4.4300, 15.6973
(6, 1): -0.0487, 4.4600, 3.9770
(6, 2): -0.0487, 4.4600, 3.9770
(6, 3): -0.0487, 4.4600, 3.9770
(6, 4): -0.0487, 4.4600, 3.9770
(6, 5): -0.0487, 4.4600, 3.9770
(6, 6): -0.0487, 4.4600, 3.9770
(6, 7): -0.0487, 4.4600, 3.9770
(6, 8): -0.0487, 4.4600, 3.9770
(6, 9): -0.0487, 4.4600, 3.9770
(6, 10): 0.1443, 4.4400, 15.3807
(6, 11): 0.1443, 4.4400, 15.3807
(6, 12): 0.0515, 4.4500, 8.2140
(6, 13): 0.0922, 4.4200, 14.5406
(6, 14): 0.1790, 4.4900, 30.1995
(6, 15): 0.1790, 4.4900, 30.1995
(6, 16): 0.2089, 4.4300, 46.1307
(6, 17): 0.2001, 4.4400, 48.3188
(6, 18): 0.1986, 4.4600, 51.4773
(6, 19): 0.1711, 4.5600, 54.5034
(6, 20): 0.1724, 4.4900, 57.2416
(6, 21): 0.0929, 4.4100, 56.0308
(6, 22): 0.1011, 4.4400, 50.2535
(6, 23): 0.1365, 4.4800, 54.9549
(6, 24): 0.1354, 4.4100, 55.1392
(6, 25): 0.1816, 4.5000, 51.0834
(6, 26): 0.1740, 4.4100, 50.5131
(6, 27): 0.0391, 4.4200, 19.1819
(7, 1): -0.0487, 4.4600, 3.9770
(7, 2): -0.0487, 4.4600, 3.9770
(7, 3): -0.0487, 4.4600, 3.9770
(7, 4): -0.0487, 4.4600, 3.9770
(7, 5): -0.0487, 4.4600, 3.9770
(7, 6): -0.0487, 4.4600, 3.9770
(7, 7): -0.0487, 4.4600, 3.9770
(7, 8): -0.0487, 4.4600, 3.9770
(7, 9): -0.0487, 4.4600, 3.9770
(7, 10): -0.0487, 4.4600, 3.9770
(7, 11): 0.1383, 4.4900, 15.3376
(7, 12): 0.1383, 4.4900, 15.3376
(7, 13): 0.0515, 4.4500, 8.2140
(7, 14): 0.4108, 4.4100, 33.5594
(7, 15): 0.4108, 4.4100, 33.5594
(7, 16): 0.1959, 4.4300, 48.5623
(7, 17): 0.1564, 4.4100, 52.4088
(7, 18): 0.2462, 4.4600, 48.6155
(7, 19): 0.1476, 4.4100, 56.7609
(7, 20): 0.1274, 4.4400, 61.6881
(7, 21): 0.1389, 4.4300, 54.0915
(7, 22): 0.1563, 4.4800, 54.2219
(7, 23): 0.1547, 4.4355, 56.3359
(7, 24): 0.1481, 4.4500, 53.8735
(7, 25): 0.1694, 4.4300, 52.3799
(7, 26): 0.1405, 4.4400, 51.9728
(7, 27): 0.1296, 4.4900, 33.0283
(8, 1): 0.1526, 4.4100, 23.5399
(8, 2): 0.1526, 4.4100, 23.5399
(8, 3): 0.1526, 4.4100, 23.5399
(8, 4): 0.1526, 4.4100, 23.5399
(8, 5): 0.1526, 4.4100, 23.5399
(8, 6): 0.1526, 4.4100, 23.5399
(8, 7): 0.1526, 4.4100, 23.5399
(8, 8): 0.1526, 4.4100, 23.5399
(8, 9): 0.1526, 4.4100, 23.5399
(8, 10): 0.1526, 4.4100, 23.5399
(8, 11): 0.1846, 4.4300, 20.3698
(8, 12): 0.1846, 4.4300, 20.3698
(8, 13): 0.1836, 4.4800, 13.2345
(8, 14): 0.1836, 4.4800, 13.2345
(8, 15): 0.3045, 4.4300, 41.6346
(8, 16): 0.2673, 4.4500, 45.0544
(8, 17): 0.1956, 4.4300, 50.8638
(8, 18): 0.2317, 4.6400, 48.3919
(8, 19): 0.2136, 4.4200, 54.0463
(8, 20): 0.1408, 4.4400, 57.9389
(8, 21): 0.1460, 4.4100, 56.2011
(8, 22): 0.1869, 4.4300, 56.8543
(8, 23): 0.1663, 4.6300, 56.9107
(8, 24): 0.1712, 4.4900, 53.0353
(8, 25): 0.1368, 4.5100, 54.0855
(8, 26): 0.1249, 4.7300, 53.0729
(8, 27): 0.1014, 4.5100, 32.3527
(9, 1): 0.1205, 4.4900, 25.9981
(9, 2): 0.1205, 4.4900, 25.9981
(9, 3): 0.1205, 4.4900, 25.9981
(9, 4): 0.1205, 4.4900, 25.9981
(9, 5): 0.1205, 4.4900, 25.9981
(9, 6): 0.1205, 4.4900, 25.9981
(9, 7): 0.1205, 4.4900, 25.9981
(9, 8): 0.1205, 4.4900, 25.9981
(9, 9): 0.1205, 4.4900, 25.9981
(9, 10): 0.1205, 4.4900, 25.9981
(9, 11): 0.0262, 4.4400, 4.0646
(9, 12): 0.2519, 4.4300, 23.8260
(9, 13): 0.2519, 4.4300, 23.8260
(9, 14): 0.1836, 4.4800, 13.2345
(9, 15): 0.2825, 4.4700, 37.5857
(9, 16): 0.3051, 4.4500, 43.4252
(9, 17): 0.2485, 4.5800, 48.1909
(9, 18): 0.3059, 4.4700, 46.1310
(9, 19): 0.2401, 4.4500, 53.7733
(9, 20): 0.1812, 4.4600, 52.2671
(9, 21): 0.1499, 4.4200, 58.6987
(9, 22): 0.1946, 4.4600, 56.2662
(9, 23): 0.1829, 4.5700, 56.3825
(9, 24): 0.1686, 4.4100, 56.3717
(9, 25): 0.1555, 4.4200, 54.2413
(9, 26): 0.1796, 4.4400, 52.2937
(9, 27): 0.0553, 4.5100, 12.6431
(10, 1): 0.2042, 4.4100, 25.8964
(10, 2): 0.2042, 4.4100, 25.8964
(10, 3): 0.2042, 4.4100, 25.8964
(10, 4): 0.2042, 4.4100, 25.8964
(10, 5): 0.2042, 4.4100, 25.8964
(10, 6): 0.2042, 4.4100, 25.8964
(10, 7): 0.2042, 4.4100, 25.8964
(10, 8): 0.2042, 4.4100, 25.8964
(10, 9): 0.2042, 4.4100, 25.8964
(10, 10): 0.2042, 4.4100, 25.8964
(10, 11): -0.0348, 4.5100, 12.8103
(10, 12): 0.2519, 4.4300, 23.8260
(10, 13): 0.0726, 4.4100, 15.6682
(10, 14): -0.0838, 4.4200, 4.6403
(10, 15): 0.2530, 4.4300, 39.9222
(10, 16): 0.2935, 4.4100, 41.8834
(10, 17): 0.2808, 4.4600, 46.0437
(10, 18): 0.2622, 4.4100, 50.0899
(10, 19): 0.2294, 4.4400, 52.1575
(10, 20): 0.1859, 4.4500, 50.4900
(10, 21): 0.1809, 4.4600, 57.7668
(10, 22): 0.1870, 4.5600, 56.7088
(10, 23): 0.2049, 4.4800, 54.4024
(10, 24): 0.1631, 4.4500, 57.1369
(10, 25): 0.1826, 4.4100, 55.3833
(10, 26): 0.1359, 4.4500, 55.2603
(10, 27): 0.1359, 4.4500, 55.2603
(11, 1): 0.0286, 4.4100, 13.4934
(11, 2): 0.2872, 4.4500, 30.5759
(11, 3): 0.2872, 4.4500, 30.5759
(11, 4): 0.2872, 4.4500, 30.5759
(11, 5): 0.2872, 4.4500, 30.5759
(11, 6): 0.2872, 4.4500, 30.5759
(11, 7): 0.2872, 4.4500, 30.5759
(11, 8): 0.2872, 4.4500, 30.5759
(11, 9): 0.2872, 4.4500, 30.5759
(11, 10): 0.2872, 4.4500, 30.5759
(11, 11): 0.3341, 4.4100, 38.1179
(11, 12): 0.3154, 4.4200, 39.6779
(11, 13): 0.0726, 4.4100, 15.6682
(11, 14): 0.0726, 4.4100, 15.6682
(11, 15): 0.2530, 4.4300, 39.9222
(11, 16): -0.0135, 4.4100, 9.9981
(11, 17): 0.2783, 4.4300, 46.9018
(11, 18): 0.2057, 4.4800, 54.5490
(11, 19): 0.2185, 4.4600, 49.1976
(11, 20): 0.2261, 4.4600, 47.6043
(11, 21): 0.1693, 4.5000, 56.4258
(11, 22): 0.1898, 4.4100, 54.7710
(11, 23): 0.1902, 4.4100, 53.9553
(11, 24): 0.1583, 4.4300, 58.2944
(11, 25): 0.1460, 4.4100, 58.6283
(11, 26): 0.1424, 4.4800, 53.8963
(11, 27): 0.1424, 4.4800, 53.8963
(12, 1): 0.0286, 4.4100, 13.4934
(12, 2): 0.0286, 4.4100, 13.4934
(12, 3): 0.0286, 4.4100, 13.4934
(12, 4): 0.0286, 4.4100, 13.4934
(12, 5): 0.3098, 4.4400, 36.6391
(12, 6): 0.3098, 4.4400, 36.6391
(12, 7): 0.3098, 4.4400, 36.6391
(12, 8): 0.3098, 4.4400, 36.6391
(12, 9): 0.3098, 4.4400, 36.6391
(12, 10): 0.3098, 4.4400, 36.6391
(12, 11): 0.3042, 4.4500, 41.5859
(12, 12): 0.3363, 4.5400, 41.9744
(12, 13): 0.2626, 4.4100, 35.7642
(12, 14): 0.1402, 4.4500, 25.6376
(12, 15): 0.1402, 4.4500, 25.6376
(12, 16): 0.1461, 4.4100, 14.7147
(12, 17): 0.2305, 4.4200, 48.3775
(12, 18): 0.1938, 4.4300, 54.0724
(12, 19): 0.1604, 4.4400, 52.0550
(12, 20): 0.1646, 4.4200, 56.6202
(12, 21): 0.1973, 4.4700, 55.4266
(12, 22): 0.2126, 4.4400, 53.2260
(12, 23): 0.1951, 4.4500, 54.3292
(12, 24): 0.1905, 4.4800, 46.2267
(12, 25): 0.0800, 4.4500, 16.7331
(12, 26): 0.0816, 4.4400, 16.5014
(12, 27): 0.0816, 4.4400, 16.5014
(13, 1): 0.0286, 4.4100, 13.4934
(13, 2): 0.0286, 4.4100, 13.4934
(13, 3): 0.0286, 4.4100, 13.4934
(13, 4): 0.0286, 4.4100, 13.4934
(13, 5): 0.0286, 4.4100, 13.4934
(13, 6): 0.0286, 4.4100, 13.4934
(13, 7): 0.0286, 4.4100, 13.4934
(13, 8): 0.2394, 4.5700, 46.6874
(13, 9): 0.2394, 4.5700, 46.6874
(13, 10): 0.2394, 4.5700, 46.6874
(13, 11): 0.3196, 4.4200, 42.3959
(13, 12): 0.3064, 4.4100, 42.9566
(13, 13): 0.2309, 4.4500, 38.8157
(13, 14): 0.0616, 4.4200, 9.4211
(13, 15): 0.0616, 4.4200, 9.4211
(13, 16): -0.0174, 4.4900, 9.9374
(13, 17): 0.2096, 4.4100, 39.9187
(13, 18): 0.2301, 4.7100, 47.2234
(13, 19): 0.1410, 4.4300, 55.9816
(13, 20): 0.1291, 4.4200, 59.5458
(13, 21): 0.1583, 4.4100, 57.2738
(13, 22): 0.1808, 4.5200, 55.3665
(13, 23): 0.1731, 4.5200, 55.6948
(13, 24): 0.1382, 4.4100, 47.8799
(13, 25): 0.1037, 4.4200, 3.9468
(13, 26): 0.0816, 4.4400, 16.5014
(13, 27): 0.1538, 4.4300, 3.8452
(14, 1): 0.0286, 4.4100, 13.4934
(14, 2): 0.0286, 4.4100, 13.4934
(14, 3): 0.0286, 4.4100, 13.4934
(14, 4): 0.0286, 4.4100, 13.4934
(14, 5): 0.0286, 4.4100, 13.4934
(14, 6): 0.0286, 4.4100, 13.4934
(14, 7): 0.0286, 4.4100, 13.4934
(14, 8): 0.0286, 4.4100, 13.4934
(14, 9): 0.3410, 4.4100, 42.3621
(14, 10): 0.3410, 4.4100, 42.3621
(14, 11): 0.3424, 4.4400, 44.0268
(14, 12): 0.3060, 4.4700, 44.8542
(14, 13): 0.0139, 4.4100, 5.6990
(14, 14): 0.0616, 4.4200, 9.4211
(14, 15): 0.0383, 4.4100, 5.1270
(14, 16): 0.4584, 4.4100, 28.1951
(14, 17): 0.3351, 4.4300, 46.0410
(14, 18): 0.2221, 4.4700, 51.1589
(14, 19): 0.1696, 4.4200, 57.9934
(14, 20): 0.1489, 4.4600, 57.1759
(14, 21): 0.1474, 4.4100, 56.3220
(14, 22): 0.1979, 4.4200, 52.7174
(14, 23): 0.1515, 4.5100, 56.3272
(14, 24): 0.1795, 4.4800, 47.4588
(14, 25): 0.1417, 4.4300, 28.4381
(14, 26): 0.1562, 4.4300, 29.9336
(14, 27): 0.1538, 4.4300, 3.8452
(15, 1): 0.0562, 4.4300, 4.7610
(15, 2): 0.0562, 4.4300, 4.7610
(15, 3): 0.0562, 4.4300, 4.7610
(15, 4): 0.0286, 4.4100, 13.4934
(15, 5): 0.0286, 4.4100, 13.4934
(15, 6): 0.0286, 4.4100, 13.4934
(15, 7): 0.0286, 4.4100, 13.4934
(15, 8): 0.0286, 4.4100, 13.4934
(15, 9): 0.0286, 4.4100, 13.4934
(15, 10): 0.3591, 4.4300, 41.2204
(15, 11): 0.2826, 4.4500, 48.0054
(15, 12): 0.3464, 4.4500, 45.4678
(15, 13): 0.1512, 4.5100, 20.1868
(15, 14): 0.0994, 4.4800, 4.8404
(15, 15): 0.3197, 4.4300, 38.7281
(15, 16): 0.2381, 4.4400, 53.1818
(15, 17): 0.1748, 4.4100, 53.8459
(15, 18): 0.1385, 4.5700, 51.6451
(15, 19): 0.1229, 4.4500, 62.0122
(15, 20): 0.1271, 4.4100, 58.0605
(15, 21): 0.2062, 4.5600, 53.1387
(15, 22): 0.1914, 4.4300, 53.3287
(15, 23): 0.1930, 4.4800, 52.9875
(15, 24): 0.2395, 4.4100, 47.8466
(15, 25): 0.1787, 4.4500, 52.7707
(15, 26): 0.1810, 4.4400, 49.8993
(15, 27): 0.1765, 4.4600, 30.4472
(16, 1): 0.2208, 4.4100, 13.1567
(16, 2): 0.0562, 4.4300, 4.7610
(16, 3): 0.0562, 4.4300, 4.7610
(16, 4): 0.0562, 4.4300, 4.7610
(16, 5): 0.0562, 4.4300, 4.7610
(16, 6): 0.0562, 4.4300, 4.7610
(16, 7): 0.0723, 4.5400, 19.6593
(16, 8): 0.0723, 4.5400, 19.6593
(16, 9): 0.0723, 4.5400, 19.6593
(16, 10): 0.3398, 4.4900, 42.9580
(16, 11): 0.4350, 4.4800, 36.5664
(16, 12): 0.3829, 4.4100, 40.5381
(16, 13): 0.1904, 4.4100, 19.0583
(16, 14): 0.3014, 4.4400, 47.1189
(16, 15): 0.3782, 4.4600, 43.5458
(16, 16): 0.2504, 4.4200, 44.8648
(16, 17): 0.1159, 4.4600, 48.8924
(16, 18): 0.1787, 4.5100, 59.3575
(16, 19): 0.1422, 4.4200, 60.2550
(16, 20): 0.1402, 4.4200, 57.1573
(16, 21): 0.1793, 4.4500, 55.1041
(16, 22): 0.1576, 4.5100, 55.9944
(16, 23): 0.1450, 4.4200, 56.9070
(16, 24): 0.1729, 4.4100, 54.2993
(16, 25): 0.2190, 4.4600, 50.7094
(16, 26): 0.1905, 4.4100, 49.7343
(16, 27): 0.1006, 4.5100, 30.8401
(17, 1): 0.2208, 4.4100, 13.1567
(17, 2): 0.2208, 4.4100, 13.1567
(17, 3): 0.0182, 4.5100, 14.2187
(17, 4): 0.0562, 4.4300, 4.7610
(17, 5): 0.0562, 4.4300, 4.7610
(17, 6): 0.0562, 4.4300, 4.7610
(17, 7): 0.0562, 4.4300, 4.7610
(17, 8): 0.2260, 4.4200, 33.7850
(17, 9): 0.2260, 4.4200, 33.7850
(17, 10): 0.2266, 4.4500, 48.4326
(17, 11): 0.2798, 4.4300, 45.9838
(17, 12): 0.3130, 4.4400, 45.1324
(17, 13): 0.1959, 4.5600, 46.2270
(17, 14): 0.2124, 4.4100, 41.9554
(17, 15): 0.2532, 4.4300, 46.7788
(17, 16): 0.1942, 4.4500, 49.0382
(17, 17): 0.1305, 4.4400, 60.8737
(17, 18): 0.1525, 4.4100, 61.3477
(17, 19): 0.1242, 4.4100, 63.3962
(17, 20): 0.1266, 4.4200, 61.3838
(17, 21): 0.1687, 4.4700, 56.5398
(17, 22): 0.1458, 4.5700, 56.0026
(17, 23): 0.1486, 4.4800, 55.0634
(17, 24): 0.2238, 4.4600, 49.9581
(17, 25): 0.2379, 4.4500, 50.0388
(17, 26): 0.1910, 4.4100, 42.8856
(17, 27): 0.1910, 4.4100, 42.8856
(18, 1): 0.2208, 4.4100, 13.1567
(18, 2): 0.2208, 4.4100, 13.1567
(18, 3): 0.2208, 4.4100, 13.1567
(18, 4): 0.0182, 4.5100, 14.2187
(18, 5): 0.0182, 4.5100, 14.2187
(18, 6): 0.0562, 4.4300, 4.7610
(18, 7): 0.0562, 4.4300, 4.7610
(18, 8): 0.0562, 4.4300, 4.7610
(18, 9): 0.3039, 4.5200, 41.6408
(18, 10): 0.1979, 4.4200, 51.3753
(18, 11): 0.1922, 4.4700, 54.6924
(18, 12): 0.2598, 4.4400, 48.5833
(18, 13): 0.2184, 4.4400, 53.1352
(18, 14): 0.2553, 4.4100, 53.0550
(18, 15): 0.2677, 4.4500, 50.3908
(18, 16): 0.2113, 4.4500, 54.6945
(18, 17): 0.2074, 4.5800, 57.2046
(18, 18): 0.1495, 4.4700, 61.6106
(18, 19): 0.1251, 4.4700, 64.3658
(18, 20): 0.1639, 4.4100, 60.5387
(18, 21): 0.1449, 4.4500, 59.7792
(18, 22): 0.1708, 4.5100, 55.3333
(18, 23): 0.1521, 4.6400, 55.1083
(18, 24): 0.2462, 4.4200, 49.8260
(18, 25): 0.2125, 4.4200, 44.2589
(18, 26): 0.0351, 4.4500, 12.6388
(18, 27): 0.0351, 4.4500, 12.6388
(19, 1): 0.2208, 4.4100, 13.1567
(19, 2): 0.2208, 4.4100, 13.1567
(19, 3): 0.2208, 4.4100, 13.1567
(19, 4): 0.2208, 4.4100, 13.1567
(19, 5): 0.0182, 4.5100, 14.2187
(19, 6): 0.0182, 4.5100, 14.2187
(19, 7): 0.2574, 4.6600, 25.3875
(19, 8): 0.2574, 4.6600, 25.3875
(19, 9): 0.2259, 4.4100, 51.3815
(19, 10): 0.2279, 4.5500, 50.5605
(19, 11): 0.2128, 4.5100, 53.9122
(19, 12): 0.2104, 4.6000, 51.8766
(19, 13): 0.2910, 4.4700, 46.1255
(19, 14): 0.2518, 4.4200, 51.1559
(19, 15): 0.1865, 4.4100, 56.6409
(19, 16): 0.1680, 4.4400, 57.5950
(19, 17): 0.2005, 4.4300, 57.9659
(19, 18): 0.2290, 4.4500, 56.6162
(19, 19): 0.2015, 4.5200, 60.2413
(19, 20): 0.2438, 4.4400, 56.2557
(19, 21): 0.2714, 4.4800, 52.5442
(19, 22): 0.2137, 4.5000, 52.8095
(19, 23): 0.1592, 4.4100, 52.5464
(19, 24): 0.1111, 4.5200, 53.4557
(19, 25): 0.1023, 4.4200, 30.8479
(19, 26): -0.1564, 4.4500, 4.4262
(19, 27): -0.1564, 4.4500, 4.4262
(20, 1): 0.1275, 4.4500, 14.6006
(20, 2): 0.2208, 4.4100, 13.1567
(20, 3): 0.2208, 4.4100, 13.1567
(20, 4): 0.2208, 4.4100, 13.1567
(20, 5): 0.2208, 4.4100, 13.1567
(20, 6): 0.0182, 4.5100, 14.2187
(20, 7): 0.0182, 4.5100, 14.2187
(20, 8): 0.2975, 4.5400, 46.0623
(20, 9): 0.2016, 4.4600, 53.2273
(20, 10): 0.1687, 4.4100, 54.8052
(20, 11): 0.1567, 4.4500, 56.5060
(20, 12): 0.1754, 4.4200, 53.8627
(20, 13): 0.3013, 4.5700, 42.4822
(20, 14): 0.3062, 4.5000, 45.1791
(20, 15): 0.1708, 4.4200, 57.8350
(20, 16): 0.1794, 4.4300, 56.9903
(20, 17): 0.2329, 4.4500, 54.5827
(20, 18): 0.1702, 4.4500, 60.7419
(20, 19): 0.2164, 4.4400, 59.0461
(20, 20): 0.2347, 4.4100, 55.0479
(20, 21): 0.2468, 4.4300, 48.0986
(20, 22): 0.1463, 4.4600, 49.5375
(20, 23): 0.0882, 4.4200, 51.6314
(20, 24): 0.0983, 4.4700, 56.1209
(20, 25): 0.0897, 4.5200, 54.6829
(20, 26): 0.0425, 4.4300, 11.1637
(20, 27): 0.0425, 4.4300, 11.1637
(21, 1): 0.1228, 4.4100, 10.8017
(21, 2): 0.1275, 4.4500, 14.6006
(21, 3): 0.1275, 4.4500, 14.6006
(21, 4): 0.2208, 4.4100, 13.1567
(21, 5): 0.2208, 4.4100, 13.1567
(21, 6): 0.2208, 4.4100, 13.1567
(21, 7): 0.2755, 4.4400, 42.7779
(21, 8): 0.2619, 4.4700, 49.9698
(21, 9): 0.1827, 4.4200, 54.4523
(21, 10): 0.1283, 4.4700, 56.1809
(21, 11): 0.1075, 4.5900, 59.6210
(21, 12): 0.1962, 4.4200, 52.3396
(21, 13): 0.2277, 4.4300, 50.1373
(21, 14): 0.2011, 4.4100, 54.0300
(21, 15): 0.1827, 4.4600, 52.8635
(21, 16): 0.1550, 4.4200, 54.0801
(21, 17): 0.1657, 4.5400, 53.3123
(21, 18): 0.2251, 4.4100, 49.9891
(21, 19): 0.2250, 4.4400, 50.6284
(21, 20): 0.2549, 4.6400, 47.8403
(21, 21): 0.1993, 4.4500, 42.6102
(21, 22): 0.1415, 4.5200, 45.5902
(21, 23): 0.1369, 4.4100, 46.1669
(21, 24): 0.1418, 4.4200, 25.1353
(21, 25): 0.1418, 4.4200, 25.1353
(21, 26): 0.0425, 4.4300, 11.1637
(21, 27): 0.0425, 4.4300, 11.1637
(22, 1): 0.1228, 4.4100, 10.8017
(22, 2): 0.1228, 4.4100, 10.8017
(22, 3): 0.1275, 4.4500, 14.6006
(22, 4): 0.1275, 4.4500, 14.6006
(22, 5): 0.2889, 4.5700, 30.5382
(22, 6): 0.2889, 4.5700, 30.5382
(22, 7): 0.3853, 4.4100, 39.2330
(22, 8): 0.3131, 4.4100, 43.0049
(22, 9): 0.2603, 4.4400, 47.9633
(22, 10): 0.2028, 4.4800, 53.4833
(22, 11): 0.1372, 4.4100, 59.2703
(22, 12): 0.2014, 4.4200, 53.5364
(22, 13): 0.1948, 4.4500, 53.9927
(22, 14): 0.1546, 4.4500, 57.0011
(22, 15): 0.1643, 4.4800, 53.5233
(22, 16): 0.1945, 4.5200, 51.5571
(22, 17): 0.2255, 4.4294, 49.0680
(22, 18): 0.2689, 4.4100, 46.9779
(22, 19): 0.2690, 4.4500, 47.6506
(22, 20): 0.2005, 4.4400, 40.7796
(22, 21): 0.1452, 4.4100, 7.9363
(22, 22): 0.1415, 4.5200, 45.5902
(22, 23): 0.1369, 4.4100, 46.1669
(22, 24): 0.1418, 4.4200, 25.1353
(22, 25): 0.1418, 4.4200, 25.1353
(22, 26): 0.0425, 4.4300, 11.1637
(22, 27): 0.0425, 4.4300, 11.1637
(23, 1): 0.1228, 4.4100, 10.8017
(23, 2): 0.1228, 4.4100, 10.8017
(23, 3): 0.1228, 4.4100, 10.8017
(23, 4): 0.1275, 4.4500, 14.6006
(23, 5): 0.1275, 4.4500, 14.6006
(23, 6): 0.2118, 4.4900, 28.1704
(23, 7): 0.2803, 4.5700, 34.9923
(23, 8): 0.2923, 4.5800, 43.9360
(23, 9): 0.1800, 4.4092, 56.3585
(23, 10): 0.1934, 4.4200, 54.2438
(23, 11): 0.2570, 4.4200, 49.9669
(23, 12): 0.2520, 4.4200, 51.9889
(23, 13): 0.1951, 4.4100, 54.1911
(23, 14): 0.1983, 4.5800, 52.8347
(23, 15): 0.2166, 4.4900, 51.0138
(23, 16): 0.2210, 4.4400, 51.8480
(23, 17): 0.2453, 4.4200, 49.9308
(23, 18): 0.2661, 4.4100, 47.7704
(23, 19): 0.2570, 4.4400, 49.8856
(23, 20): 0.2218, 4.4700, 42.5392
(23, 21): 0.1452, 4.4100, 7.9363
(23, 22): 0.1452, 4.4100, 7.9363
(23, 23): 0.1369, 4.4100, 46.1669
(23, 24): 0.1418, 4.4200, 25.1353
(23, 25): 0.1418, 4.4200, 25.1353
(23, 26): 0.1418, 4.4200, 25.1353
(23, 27): 0.0425, 4.4300, 11.1637
(24, 1): 0.0695, 4.4100, 4.5639
(24, 2): 0.1228, 4.4100, 10.8017
(24, 3): 0.1228, 4.4100, 10.8017
(24, 4): 0.1228, 4.4100, 10.8017
(24, 5): 0.1874, 4.4200, 19.5757
(24, 6): 0.1442, 4.4100, 20.7919
(24, 7): 0.2032, 4.5100, 43.2523
(24, 8): 0.1479, 4.4600, 35.6829
(24, 9): 0.1974, 4.4200, 43.0185
(24, 10): 0.1914, 4.5000, 43.9600
(24, 11): 0.2659, 4.4400, 51.1897
(24, 12): 0.2869, 4.4400, 49.8608
(24, 13): 0.2526, 4.4400, 49.8729
(24, 14): 0.2602, 4.4600, 48.0961
(24, 15): 0.3216, 4.4300, 44.8399
(24, 16): 0.3180, 4.4800, 46.9839
(24, 17): 0.3132, 4.4200, 45.8999
(24, 18): 0.2449, 4.4300, 50.9841
(24, 19): 0.2160, 4.5600, 54.5721
(24, 20): 0.2287, 4.4300, 51.8362
(24, 21): 0.1858, 4.4800, 32.3722
(24, 22): 0.0189, 4.4100, 25.4095
(24, 23): 0.0189, 4.4100, 25.4095
(24, 24): 0.0189, 4.4100, 25.4095
(24, 25): 0.0189, 4.4100, 25.4095
(24, 26): 0.1418, 4.4200, 25.1353
(24, 27): 0.0425, 4.4300, 11.1637
(25, 1): 0.0695, 4.4100, 4.5639
(25, 2): 0.0695, 4.4100, 4.5639
(25, 3): 0.1946, 4.4200, 19.7243
(25, 4): 0.1687, 4.4800, 28.9219
(25, 5): 0.2036, 4.4100, 34.5253
(25, 6): 0.2036, 4.5300, 43.3864
(25, 7): 0.1571, 4.4500, 23.9429
(25, 8): 0.2823, 4.4600, 37.0799
(25, 9): 0.2930, 4.4400, 44.2989
(25, 10): 0.2489, 4.4100, 48.3933
(25, 11): 0.2960, 4.4097, 49.0486
(25, 12): 0.2692, 4.4189, 51.8398
(25, 13): 0.3294, 4.4300, 46.3817
(25, 14): 0.3282, 4.4800, 45.9435
(25, 15): 0.3371, 4.5000, 45.8541
(25, 16): 0.3582, 4.4100, 43.7108
(25, 17): 0.2836, 4.4100, 48.4207
(25, 18): 0.2167, 4.4400, 51.8594
(25, 19): 0.1973, 4.6200, 52.3331
(25, 20): 0.1746, 4.4200, 52.3100
(25, 21): 0.1748, 4.5600, 50.9388
(25, 22): 0.0189, 4.4100, 25.4095
(25, 23): 0.0189, 4.4100, 25.4095
(25, 24): 0.0189, 4.4100, 25.4095
(25, 25): 0.0189, 4.4100, 25.4095
(25, 26): 0.0189, 4.4100, 25.4095
(25, 27): 0.0189, 4.4100, 25.4095
(26, 1): 0.0695, 4.4100, 4.5639
(26, 2): 0.0695, 4.4100, 4.5639
(26, 3): 0.1946, 4.4200, 19.7243
(26, 4): 0.2203, 4.4200, 28.1721
(26, 5): 0.1497, 4.4300, 28.4900
(26, 6): 0.1495, 4.4300, 24.6447
(26, 7): 0.2116, 4.4100, 44.5850
(26, 8): 0.2278, 4.4500, 51.1819
(26, 9): 0.2145, 4.4200, 51.6628
(26, 10): 0.2256, 4.4300, 49.5521
(26, 11): 0.2926, 4.4200, 49.3970
(26, 12): 0.2322, 4.4300, 53.0282
(26, 13): 0.2667, 4.4300, 47.6982
(26, 14): 0.3026, 4.5400, 46.0269
(26, 15): 0.2643, 4.7300, 50.7043
(26, 16): 0.2288, 4.4100, 52.9625
(26, 17): 0.2454, 4.4300, 49.7401
(26, 18): 0.2705, 4.4600, 47.3671
(26, 19): 0.2112, 4.4700, 49.5115
(26, 20): 0.1811, 4.4200, 51.0367
(26, 21): 0.1826, 4.4500, 50.8047
(26, 22): 0.1639, 4.4100, 38.4742
(26, 23): 0.1639, 4.4100, 38.4742
(26, 24): 0.1639, 4.4100, 38.4742
(26, 25): 0.1639, 4.4100, 38.4742
(26, 26): 0.1639, 4.4100, 38.4742
(26, 27): 0.1639, 4.4100, 38.4742
(27, 1): 0.1525, 4.5000, 20.4589
(27, 2): 0.1525, 4.5000, 20.4589
(27, 3): 0.2340, 4.4300, 45.7087
(27, 4): 0.1960, 4.4200, 53.0145
(27, 5): 0.2694, 4.4500, 49.8515
(27, 6): 0.2039, 4.5800, 42.6490
(27, 7): 0.1071, 4.4100, 19.2291
(27, 8): 0.2187, 4.4800, 43.0963
(27, 9): 0.1733, 4.4400, 42.6108
(27, 10): 0.1709, 4.4200, 40.0573
(27, 11): 0.2033, 4.4300, 41.0782
(27, 12): 0.1079, 4.4100, 27.9479
(27, 13): 0.2259, 4.4200, 42.1990
(27, 14): 0.2002, 4.4300, 36.3054
(27, 15): 0.2433, 4.4400, 52.8036
(27, 16): 0.2241, 4.4500, 53.1495
(27, 17): 0.2198, 4.4100, 49.7710
(27, 18): 0.2004, 4.4100, 49.1852
(27, 19): 0.1969, 4.4400, 49.5291
(27, 20): 0.2144, 4.4700, 48.3361
(27, 21): 0.2415, 4.5100, 47.7396
(27, 22): 0.2019, 4.4900, 38.5029
(27, 23): 0.2019, 4.4900, 38.5029
(27, 24): 0.2019, 4.4900, 38.5029
(27, 25): 0.2019, 4.4900, 38.5029
(27, 26): 0.2019, 4.4900, 38.5029
(27, 27): 0.2019, 4.4900, 38.5029
(28, 1): 0.1093, 4.4600, 3.8382
(28, 2): 0.1093, 4.4600, 3.8382
(28, 3): 0.1157, 4.4200, 25.7453
(28, 4): 0.1914, 4.4200, 24.3492
(28, 5): 0.2331, 4.4200, 41.5161
(28, 6): 0.1567, 4.4900, 25.3561
(28, 7): 0.1268, 4.4100, 26.1171
(28, 8): 0.1781, 4.4100, 37.9076
(28, 9): 0.1760, 4.4200, 29.3481
(28, 10): 0.1709, 4.4200, 40.0573
(28, 11): 0.2033, 4.4300, 41.0782
(28, 12): 0.1079, 4.4100, 27.9479
(28, 13): 0.0722, 4.4400, 13.4535
(28, 14): 0.0722, 4.4400, 13.4535
(28, 15): 0.1899, 4.4100, 52.3024
(28, 16): 0.2637, 4.5300, 48.5468
(28, 17): 0.2302, 4.4600, 48.1125
(28, 18): 0.1824, 4.4400, 49.0540
(28, 19): 0.1803, 4.4100, 51.3804
(28, 20): 0.2225, 4.4700, 47.4761
(28, 21): 0.2692, 4.4300, 46.2326
(28, 22): 0.1731, 4.4100, 22.0376
(28, 23): 0.1731, 4.4100, 22.0376
(28, 24): 0.1731, 4.4100, 22.0376
(28, 25): 0.1731, 4.4100, 22.0376
(28, 26): 0.1731, 4.4100, 22.0376
(28, 27): 0.1731, 4.4100, 22.0376
(29, 1): 0.1420, 4.5000, 48.8045
(29, 2): 0.1420, 4.5000, 48.8045
(29, 3): 0.1928, 4.5400, 49.8242
(29, 4): 0.1861, 4.4500, 45.1390
(29, 5): 0.1979, 4.4200, 36.6662
(29, 6): 0.1819, 4.4200, 52.0741
(29, 7): 0.1682, 4.5000, 42.4948
(29, 8): 0.1969, 4.4800, 3.6894
(29, 9): 0.1760, 4.4200, 29.3481
(29, 10): 0.1760, 4.4200, 29.3481
(29, 11): 0.2033, 4.4300, 41.0782
(29, 12): 0.1079, 4.4100, 27.9479
(29, 13): 0.0722, 4.4400, 13.4535
(29, 14): 0.0722, 4.4400, 13.4535
(29, 15): 0.0269, 4.4200, 9.9126
(29, 16): 0.0802, 4.4200, 25.1201
(29, 17): 0.0702, 4.4100, 4.3213
(29, 18): 0.1147, 4.4700, 41.9909
(29, 19): 0.1424, 4.4300, 54.3413
(29, 20): 0.2191, 4.4200, 49.3000
(29, 21): 0.3273, 4.4200, 42.8151
(29, 22): 0.2287, 4.4500, 10.7847
(29, 23): 0.2287, 4.4500, 10.7847
(29, 24): 0.2287, 4.4500, 10.7847
(29, 25): 0.2287, 4.4500, 10.7847
(29, 26): 0.2287, 4.4500, 10.7847
(29, 27): 0.2287, 4.4500, 10.7847
(30, 1): 0.0992, 4.4100, 30.7805
(30, 2): 0.0992, 4.4100, 30.7805
(30, 3): 0.0405, 4.5400, 15.5092
(30, 4): 0.0681, 4.5500, 12.5753
(30, 5): 0.1426, 4.4200, 46.6189
(30, 6): 0.1667, 4.5200, 41.1134
(30, 7): 0.1376, 4.4200, 11.8537
(30, 8): 0.1969, 4.4800, 3.6894
(30, 9): 0.1969, 4.4800, 3.6894
(30, 10): 0.1760, 4.4200, 29.3481
(30, 11): 0.1760, 4.4200, 29.3481
(30, 12): 0.0722, 4.4400, 13.4535
(30, 13): 0.0722, 4.4400, 13.4535
(30, 14): 0.0269, 4.4200, 9.9126
(30, 15): 0.0269, 4.4200, 9.9126
(30, 16): 0.0802, 4.4200, 25.1201
(30, 17): 0.0702, 4.4100, 4.3213
(30, 18): 0.1270, 4.4200, 11.8746
(30, 19): 0.1270, 4.4200, 11.8746
(30, 20): 0.2612, 4.5700, 39.5498
(30, 21): 0.2578, 4.4400, 44.2582
(30, 22): 0.2805, 4.4600, 12.8772
(30, 23): 0.2805, 4.4600, 12.8772
(30, 24): 0.2805, 4.4600, 12.8772
(30, 25): 0.2805, 4.4600, 12.8772
(30, 26): 0.2805, 4.4600, 12.8772
(30, 27): 0.2805, 4.4600, 12.8772
(31, 1): 0.0992, 4.4100, 30.7805
(31, 2): 0.0992, 4.4100, 30.7805
(31, 3): 0.0405, 4.5400, 15.5092
(31, 4): 0.0681, 4.5500, 12.5753
(31, 5): 0.1426, 4.4200, 46.6189
(31, 6): 0.1667, 4.5200, 41.1134
(31, 7): 0.1376, 4.4200, 11.8537
(31, 8): 0.1376, 4.4200, 11.8537
(31, 9): 0.1969, 4.4800, 3.6894
(31, 10): 0.1969, 4.4800, 3.6894
(31, 11): 0.1760, 4.4200, 29.3481
(31, 12): 0.0722, 4.4400, 13.4535
(31, 13): 0.0269, 4.4200, 9.9126
(31, 14): 0.0269, 4.4200, 9.9126
(31, 15): 0.0269, 4.4200, 9.9126
(31, 16): 0.0802, 4.4200, 25.1201
(31, 17): 0.0702, 4.4100, 4.3213
(31, 18): 0.0700, 4.4300, 9.4136
(31, 19): 0.0700, 4.4300, 9.4136
(31, 20): 0.2048, 4.4100, 47.2176
(31, 21): 0.1931, 4.4600, 11.0020
(31, 22): 0.1931, 4.4600, 11.0020
(31, 23): 0.1307, 4.4200, 8.8747
(31, 24): 0.1307, 4.4200, 8.8747
(31, 25): 0.1307, 4.4200, 8.8747
(31, 26): 0.1307, 4.4200, 8.8747
(31, 27): 0.1307, 4.4200, 8.8747
(32, 1): 0.0992, 4.4100, 30.7805
(32, 2): 0.0992, 4.4100, 30.7805
(32, 3): 0.0405, 4.5400, 15.5092
(32, 4): 0.0681, 4.5500, 12.5753
(32, 5): 0.1426, 4.4200, 46.6189
(32, 6): 0.1667, 4.5200, 41.1134
(32, 7): 0.1376, 4.4200, 11.8537
(32, 8): 0.1376, 4.4200, 11.8537
(32, 9): 0.1376, 4.4200, 11.8537
(32, 10): 0.1969, 4.4800, 3.6894
(32, 11): 0.1969, 4.4800, 3.6894
(32, 12): 0.0269, 4.4200, 9.9126
(32, 13): 0.0269, 4.4200, 9.9126
(32, 14): 0.0269, 4.4200, 9.9126
(32, 15): 0.0269, 4.4200, 9.9126
(32, 16): 0.0802, 4.4200, 25.1201
(32, 17): 0.1559, 4.4300, 12.6305
(32, 18): 0.1559, 4.4300, 12.6305
(32, 19): 0.1559, 4.4300, 12.6305
(32, 20): 0.2478, 4.4700, 52.1902
(32, 21): 0.1777, 4.4100, 37.2824
(32, 22): 0.1307, 4.4200, 8.8747
(32, 23): 0.1307, 4.4200, 8.8747
(32, 24): 0.1307, 4.4200, 8.8747
(32, 25): 0.1307, 4.4200, 8.8747
(32, 26): 0.1307, 4.4200, 8.8747
(32, 27): 0.1307, 4.4200, 8.8747
(33, 1): 0.0992, 4.4100, 30.7805
(33, 2): 0.0992, 4.4100, 30.7805
(33, 3): 0.0405, 4.5400, 15.5092
(33, 4): 0.0681, 4.5500, 12.5753
(33, 5): 0.1426, 4.4200, 46.6189
(33, 6): 0.1667, 4.5200, 41.1134
(33, 7): 0.1376, 4.4200, 11.8537
(33, 8): 0.1376, 4.4200, 11.8537
(33, 9): 0.1376, 4.4200, 11.8537
(33, 10): 0.1376, 4.4200, 11.8537
(33, 11): 0.1969, 4.4800, 3.6894
(33, 12): 0.0269, 4.4200, 9.9126
(33, 13): 0.0269, 4.4200, 9.9126
(33, 14): 0.0269, 4.4200, 9.9126
(33, 15): 0.0269, 4.4200, 9.9126
(33, 16): 0.2283, 4.5100, 32.7065
(33, 17): 0.2283, 4.5100, 32.7065
(33, 18): 0.2283, 4.5100, 32.7065
(33, 19): 0.2283, 4.5100, 32.7065
(33, 20): 0.2717, 4.4600, 51.7500
(33, 21): 0.2848, 4.4800, 49.7926
(33, 22): 0.1985, 4.4200, 21.9942
(33, 23): 0.1985, 4.4200, 21.9942
(33, 24): 0.1985, 4.4200, 21.9942
(33, 25): 0.1985, 4.4200, 21.9942
(33, 26): 0.1985, 4.4200, 21.9942
(33, 27): 0.1985, 4.4200, 21.9942
(34, 1): 0.0992, 4.4100, 30.7805
(34, 2): 0.0992, 4.4100, 30.7805
(34, 3): 0.0405, 4.5400, 15.5092
(34, 4): 0.0681, 4.5500, 12.5753
(34, 5): 0.1426, 4.4200, 46.6189
(34, 6): 0.1667, 4.5200, 41.1134
(34, 7): 0.1376, 4.4200, 11.8537
(34, 8): 0.1376, 4.4200, 11.8537
(34, 9): 0.1376, 4.4200, 11.8537
(34, 10): 0.1376, 4.4200, 11.8537
(34, 11): 0.1376, 4.4200, 11.8537
(34, 12): 0.0269, 4.4200, 9.9126
(34, 13): 0.0269, 4.4200, 9.9126
(34, 14): 0.2038, 4.4100, 29.5861
(34, 15): 0.2038, 4.4100, 29.5861
(34, 16): 0.2038, 4.4100, 29.5861
(34, 17): 0.2038, 4.4100, 29.5861
(34, 18): 0.2038, 4.4100, 29.5861
(34, 19): 0.2038, 4.4100, 29.5861
(34, 20): 0.2443, 4.6500, 53.1453
(34, 21): 0.1966, 4.5500, 54.4570
(34, 22): 0.1490, 4.4100, 8.6294
(34, 23): 0.1490, 4.4100, 8.6294
(34, 24): 0.1490, 4.4100, 8.6294
(34, 25): 0.1490, 4.4100, 8.6294
(34, 26): 0.1490, 4.4100, 8.6294
(34, 27): 0.1490, 4.4100, 8.6294
