(10, 10): 0.2629, 3.0500, 23.2106
(10, 11): -0.0171, 3.0300, 12.4462
(10, 12): 0.2777, 3.0100, 22.5185
(10, 14): -0.1089, 3.0200, 5.0319
(10, 15): 0.3345, 3.0300, 34.8164
(10, 16): 0.3818, 3.0500, 36.1651
(10, 17): 0.3589, 3.0200, 40.2472
(10, 18): 0.3356, 3.0487, 44.1833
(10, 19): 0.3103, 3.0600, 45.6188
(10, 20): 0.2720, 3.0100, 43.1241
(10, 21): 0.2687, 3.0400, 49.7114
(10, 22): 0.2589, 3.1500, 49.9125
(10, 23): 0.2235, 3.0300, 52.0747
(10, 24): 0.1991, 3.0200, 53.1962
(10, 25): 0.2612, 3.1200, 48.4304
(10, 26): 0.1986, 3.0100, 49.6016
(11, 10): 0.3410, 3.0500, 27.6043
(11, 11): 0.3944, 3.0200, 34.1223
(11, 12): 0.4062, 3.0400, 33.9047
(11, 13): 0.0913, 3.0100, 14.8379
(11, 16): 0.0533, 3.0400, 8.7939
(11, 17): 0.3621, 3.1100, 40.8122
(11, 18): 0.2618, 3.0800, 49.5437
(11, 19): 0.3023, 3.0200, 42.5620
(11, 20): 0.2468, 3.0100, 45.6800
(11, 21): 0.2451, 3.0100, 49.3734
(11, 22): 0.2669, 3.0200, 46.9668
(11, 23): 0.2675, 3.0100, 47.0079
(11, 24): 0.2483, 3.0100, 49.5575
(11, 25): 0.2040, 3.0200, 51.9204
(11, 26): 0.2067, 3.0200, 48.1600
(12, 10): 0.3387, 3.0100, 34.4669
(12, 11): 0.3379, 3.2500, 38.9404
(12, 12): 0.4122, 3.0100, 36.6946
(12, 13): 0.2961, 3.1400, 33.5474
(12, 14): 0.2233, 3.0200, 22.4146
(12, 16): 0.1531, 3.0100, 14.3269
(12, 17): 0.3136, 3.0300, 42.2322
(12, 18): 0.2384, 3.0800, 50.1196
(12, 19): 0.2295, 3.0100, 46.3197
(12, 20): 0.2883, 3.0200, 46.1763
(12, 21): 0.3055, 3.0800, 46.3757
(12, 22): 0.2451, 3.0300, 50.0780
(12, 23): 0.2434, 3.0400, 49.7770
(12, 24): 0.2325, 3.0300, 42.8898
(12, 25): 0.0595, 3.0100, 17.1614
(12, 26): 0.1056, 3.0200, 15.8336
(13, 10): 0.2981, 3.1200, 41.6601
(13, 11): 0.3278, 3.0200, 39.8673
(13, 12): 0.3560, 3.0100, 39.2043
(13, 13): 0.3038, 3.0800, 34.1382
(13, 14): 0.0808, 3.0200, 8.9246
(13, 16): 0.0530, 3.0200, 8.6373
(13, 17): 0.2534, 3.0400, 36.9318
(13, 18): 0.2083, 3.0600, 44.2392
(13, 19): 0.2410, 3.0400, 47.4253
(13, 20): 0.2800, 3.0100, 46.6430
(13, 21): 0.2734, 3.0400, 47.1102
(13, 22): 0.2614, 3.0100, 48.3618
(13, 23): 0.2414, 3.1000, 49.9942
(13, 24): 0.1975, 3.0500, 43.6003
(13, 25): 0.0783, 3.0100, 4.0870
(14, 10): 0.3964, 3.0200, 38.2153
(14, 11): 0.3979, 3.0400, 39.8053
(14, 12): 0.3818, 3.0100, 40.6665
(14, 13): -0.0008, 3.0100, 5.8696
(14, 15): 0.0595, 3.0100, 4.8254
(14, 16): 0.5806, 3.0100, 22.7244
(14, 17): 0.4899, 3.0300, 35.9709
(14, 18): 0.3079, 3.0300, 44.4664
(14, 19): 0.2928, 3.0900, 47.5946
(14, 20): 0.2583, 3.0600, 47.9821
(14, 21): 0.2637, 3.1200, 46.6919
(14, 22): 0.2502, 3.0500, 48.3049
(14, 23): 0.2424, 3.0100, 48.2697
(14, 24): 0.2349, 3.0500, 43.0399
(14, 25): 0.1961, 3.1100, 25.5127
(14, 26): 0.2070, 3.0200, 27.0072
(14, 27): 0.1495, 3.0300, 3.7163
(15, 9): 0.0694, 3.0100, 12.5153
(15, 10): 0.4513, 3.0100, 35.2047
(15, 11): 0.3416, 3.0300, 43.2576
(15, 12): 0.4053, 3.0100, 40.9606
(15, 13): 0.2088, 3.0300, 18.0932
(15, 14): 0.0417, 3.0100, 5.3958
(15, 15): 0.4340, 3.1300, 32.1188
(15, 16): 0.3748, 3.0100, 43.1326
(15, 17): 0.3217, 3.0100, 42.4221
(15, 18): 0.2108, 3.0200, 45.7619
(15, 19): 0.2319, 3.0600, 52.0684
(15, 20): 0.1987, 3.0000, 51.0281
(15, 21): 0.2733, 3.0600, 47.0162
(15, 22): 0.2699, 3.0300, 46.8087
(15, 23): 0.2446, 3.0300, 48.5084
(15, 24): 0.2870, 3.0300, 43.8033
(15, 25): 0.2526, 3.1000, 46.3146
(15, 26): 0.2491, 3.0400, 43.9694
(15, 27): 0.2172, 3.1397, 27.9139
(16, 9): 0.1172, 3.0100, 18.0556
(16, 10): 0.3734, 3.0200, 38.8164
(16, 11): 0.5852, 3.0100, 28.2868
(16, 12): 0.4780, 3.0500, 34.3378
(16, 13): 0.1874, 3.0100, 18.8936
(16, 14): 0.3804, 3.0500, 41.0062
(16, 15): 0.5456, 3.1000, 33.1306
(16, 16): 0.3634, 3.0100, 37.1136
(16, 17): 0.1748, 3.0100, 44.4511
(16, 18): 0.2201, 3.0100, 55.7798
(16, 19): 0.2015, 3.1300, 54.7772
(16, 20): 0.2010, 3.0600, 51.6341
(16, 21): 0.2722, 3.0100, 47.1519
(16, 22): 0.2267, 3.0900, 49.7423
(16, 23): 0.2062, 3.1100, 51.2109
(16, 24): 0.2432, 3.1400, 47.8714
(16, 25): 0.2513, 3.0300, 47.7763
(16, 26): 0.2657, 3.0200, 43.5305
(16, 27): 0.1548, 3.0100, 27.6859
(17, 9): 0.2938, 3.0200, 29.9464
(17, 10): 0.3059, 3.0100, 42.2788
(17, 11): 0.3636, 3.0100, 39.9083
(17, 12): 0.4699, 3.0200, 34.7942
(17, 13): 0.2986, 3.0200, 38.7317
(17, 14): 0.2565, 3.0300, 38.7552
(17, 15): 0.4168, 3.0100, 35.7836
(17, 16): 0.3126, 3.0100, 40.3354
(17, 17): 0.2082, 3.0300, 54.5295
(17, 18): 0.2060, 3.0300, 56.0812
(17, 19): 0.1949, 3.0300, 56.3959
(17, 20): 0.1809, 3.0500, 56.0537
(17, 21): 0.2611, 3.0800, 48.5581
(17, 22): 0.1981, 3.0200, 51.0497
(17, 23): 0.2073, 3.0200, 49.4068
(17, 24): 0.2482, 3.0600, 47.6435
(17, 25): 0.2911, 3.0800, 45.6143
(17, 26): 0.2144, 3.0200, 40.9938
(18, 8): 0.0450, 3.1000, 4.8208
(18, 9): 0.3781, 3.0400, 36.5775
(18, 10): 0.2775, 3.0100, 44.7406
(18, 11): 0.2426, 3.0300, 49.9228
(18, 12): 0.2952, 3.0400, 45.5495
(18, 13): 0.2813, 3.0800, 47.7212
(18, 14): 0.3460, 3.0200, 45.3156
(18, 15): 0.3091, 3.0400, 46.8535
(18, 16): 0.2749, 3.0200, 49.4378
(18, 17): 0.2498, 3.0700, 53.1084
(18, 18): 0.2077, 3.0200, 55.6823
(18, 19): 0.1735, 3.0100, 59.3131
(18, 20): 0.2308, 3.0400, 53.8692
(18, 21): 0.2190, 3.0600, 52.6986
(18, 22): 0.2236, 3.0700, 50.4038
(18, 23): 0.2243, 3.0500, 48.5002
(18, 24): 0.3034, 3.0700, 44.9898
(18, 25): 0.2729, 3.0300, 39.3535
(18, 26): 0.0511, 3.0800, 12.2150
(19, 8): 0.2367, 3.0200, 25.8602
(19, 9): 0.2953, 3.0200, 45.3547
(19, 10): 0.2657, 3.1000, 47.1917
(19, 11): 0.2405, 3.0200, 50.9780
(19, 12): 0.2543, 3.0100, 47.7518
(2, 20): -0.0358, 3.0600, 8.7957
(2, 21): -0.0225, 3.0200, 10.4055
(3, 16): 0.0671, 3.0100, 14.4712
(3, 17): -0.0095, 3.0300, 16.2212
(3, 18): -0.0121, 3.0300, 8.0978
(3, 19): -0.0115, 3.1700, 14.1586
(3, 20): -0.0485, 3.0700, 8.8571
(3, 21): -0.0663, 3.0200, 14.7625
(3, 22): 0.0932, 3.0100, 34.1425
(3, 23): 0.2377, 3.0100, 39.9420
(3, 24): 0.3029, 3.0200, 31.2575
(4, 13): 0.0941, 3.0100, 10.7675
(4, 14): 0.2619, 3.0800, 19.3670
(4, 15): 0.0311, 3.0200, 12.0016
(4, 16): 0.0433, 3.0800, 11.4516
(4, 17): 0.0871, 3.0100, 11.2668
(4, 18): 0.2175, 3.0100, 29.4982
(4, 19): 0.2286, 3.0100, 34.9539
(4, 20): 0.2662, 3.0300, 43.7516
(4, 21): 0.3494, 3.0100, 43.8560
(4, 22): 0.2285, 3.0800, 46.7064
(4, 23): 0.2172, 3.1600, 45.0246
(4, 24): 0.2276, 3.0300, 49.1016
(4, 25): 0.2806, 3.0400, 28.0534
(4, 26): 0.0384, 3.0200, 8.5369
(5, 13): 0.1449, 3.0800, 13.3640
(5, 16): 0.1262, 3.0200, 27.3021
(5, 17): 0.2946, 3.0200, 41.5095
(5, 18): 0.2569, 3.0200, 43.5720
(5, 19): 0.1954, 3.0100, 48.2647
(5, 20): 0.2777, 3.0600, 47.6549
(5, 21): 0.2078, 3.0100, 50.7839
(5, 22): 0.2584, 3.0100, 38.9890
(5, 23): 0.2404, 3.0200, 44.4365
(5, 24): 0.2289, 3.1500, 50.3674
(5, 25): 0.2495, 3.0200, 48.2323
(5, 26): 0.2067, 3.0200, 45.7277
(5, 27): 0.0844, 3.0700, 14.9376
(6, 11): 0.1598, 3.0300, 14.7822
(6, 12): 0.1119, 3.0500, 7.2706
(6, 15): 0.2411, 3.0200, 27.0868
(6, 16): 0.2950, 3.0400, 40.0812
(6, 17): 0.3535, 3.0100, 37.8782
(6, 18): 0.3212, 3.1500, 42.2003
(6, 19): 0.2407, 3.0300, 48.0400
(6, 20): 0.2969, 3.0900, 47.1974
(6, 21): 0.1605, 3.0400, 50.9217
(6, 22): 0.1571, 3.0300, 45.8247
(6, 23): 0.1897, 3.0400, 50.3679
(6, 24): 0.2044, 3.0500, 48.7044
(6, 25): 0.2483, 3.1100, 45.9013
(6, 26): 0.2091, 3.0800, 47.4376
(6, 27): 0.0974, 3.0100, 17.1015
(7, 10): -0.0561, 3.0800, 4.1149
(7, 11): 0.1821, 3.0100, 14.0618
(7, 15): 0.4660, 3.0200, 30.2041
(7, 16): 0.2823, 3.0400, 42.1567
(7, 17): 0.2892, 3.0300, 42.5706
(7, 18): 0.2832, 3.0100, 44.0595
(7, 19): 0.2371, 3.0600, 49.1065
(7, 20): 0.2485, 3.0200, 50.7669
(7, 21): 0.1965, 3.0300, 49.3177
(7, 22): 0.2039, 3.0300, 50.1127
(7, 23): 0.1929, 3.0200, 52.6628
(7, 24): 0.1700, 3.0200, 51.6310
(7, 25): 0.2597, 3.0500, 45.0421
(7, 26): 0.1960, 3.0100, 47.0462
(7, 27): 0.1621, 3.0200, 30.9103
(8, 10): 0.1543, 3.0300, 23.2642
(8, 11): 0.1862, 3.1200, 20.0799
(8, 14): 0.2059, 3.0200, 12.4985
(8, 15): 0.4091, 3.0100, 34.9678
(8, 16): 0.3776, 3.0400, 37.6053
(8, 17): 0.2476, 3.0500, 46.4024
(8, 18): 0.3475, 3.0200, 41.0345
(8, 19): 0.2764, 3.0200, 48.6489
(8, 20): 0.2182, 3.0400, 50.9846
(8, 21): 0.2664, 3.0100, 47.2623
(8, 22): 0.2603, 3.0200, 50.3358
(8, 23): 0.2292, 3.0400, 50.8351
(8, 24): 0.1999, 3.0500, 50.1622
(8, 25): 0.2812, 3.1200, 44.2797
(8, 26): 0.1854, 3.0100, 47.5280
(8, 27): 0.1558, 3.0200, 29.1471
(9, 10): 0.1566, 3.0100, 24.2552
(9, 11): -0.0339, 3.0500, 4.6549
(9, 15): 0.3448, 3.0500, 33.8421
(9, 16): 0.3474, 3.0600, 40.3106
(9, 17): 0.3144, 3.0300, 43.1443
(9, 18): 0.3658, 3.0200, 42.0368
(9, 19): 0.3203, 3.1800, 47.0876
(9, 20): 0.2570, 3.1000, 45.9901
(9, 21): 0.2257, 3.0100, 51.4133
(9, 22): 0.3190, 3.0200, 45.8855
(9, 23): 0.2491, 3.0200, 50.0898
(9, 24): 0.1934, 3.0600, 53.7039
(9, 25): 0.2453, 3.0100, 46.4497
(9, 26): 0.2508, 3.0600, 46.0630
(9, 27): 0.0919, 3.0800, 11.5837
(19, 13): 0.3903, 3.0100, 38.9416
(19, 14): 0.3716, 3.0900, 42.1205
(19, 15): 0.2397, 3.0100, 51.7857
(19, 16): 0.2433, 3.0700, 53.5549
(19, 17): 0.2310, 3.0200, 54.8153
(19, 18): 0.2576, 3.0900, 53.5757
(19, 19): 0.2719, 3.0500, 53.1614
(19, 20): 0.3263, 3.0100, 48.9963
(19, 21): 0.2760, 3.0100, 50.0318
(19, 22): 0.2637, 3.0200, 48.2221
(19, 23): 0.2219, 3.0100, 47.3087
(19, 24): 0.1646, 3.0500, 48.6861
(19, 25): 0.1161, 3.0300, 30.0049
(19, 26): -0.0397, 3.0100, 3.8298
(20, 7): 0.0683, 3.0200, 12.9686
(20, 8): 0.3672, 3.0100, 40.7736
(20, 9): 0.2667, 3.0400, 47.6741
(20, 10): 0.2112, 3.1600, 50.6110
(20, 11): 0.1703, 3.0100, 53.3294
(20, 12): 0.2072, 3.0200, 50.7089
(20, 13): 0.3609, 3.1400, 38.0907
(20, 14): 0.3595, 3.0400, 40.9962
(20, 15): 0.2227, 3.0200, 52.1663
(20, 16): 0.2284, 3.0200, 52.3034
(20, 17): 0.2551, 3.0200, 53.9689
(20, 18): 0.2287, 3.0100, 54.7758
(20, 19): 0.3098, 3.0400, 50.2163
(20, 20): 0.2988, 3.0100, 49.2938
(20, 21): 0.2927, 3.0100, 44.0393
(20, 22): 0.1953, 3.0200, 45.4190
(20, 23): 0.1557, 3.0500, 45.9067
(20, 24): 0.1767, 3.0600, 49.1976
(20, 25): 0.1929, 3.0200, 46.2314
(20, 26): 0.0663, 3.0900, 10.6587
(21, 6): 0.2476, 3.0200, 11.9549
(21, 7): 0.3321, 3.1300, 38.6662
(21, 8): 0.3179, 3.0700, 45.2572
(21, 9): 0.2223, 3.0800, 50.7726
(21, 10): 0.1872, 3.0300, 50.7286
(21, 11): 0.1784, 3.0800, 52.5227
(21, 12): 0.2326, 3.0600, 48.9366
(21, 13): 0.3062, 3.0600, 43.6464
(21, 14): 0.2733, 3.0200, 45.9153
(21, 15): 0.2219, 3.0200, 49.2922
(21, 16): 0.1973, 3.0400, 50.2139
(21, 17): 0.2211, 3.0199, 48.3892
(21, 18): 0.2548, 3.0400, 47.0077
(21, 19): 0.2731, 3.0900, 46.2609
(21, 20): 0.2854, 3.1000, 44.9843
(21, 21): 0.2380, 3.0200, 39.4494
(21, 22): 0.1883, 3.0200, 41.9585
(21, 23): 0.1540, 3.0100, 44.6565
(21, 24): 0.1621, 3.0100, 24.0522
(22, 6): 0.3719, 3.0500, 26.1540
(22, 7): 0.4855, 3.0100, 32.8951
(22, 8): 0.3499, 3.0600, 40.1460
(22, 9): 0.3236, 3.1100, 42.9499
(22, 10): 0.2340, 3.0100, 50.5037
(22, 11): 0.1968, 3.0100, 53.2401
(22, 12): 0.2379, 3.0500, 49.9584
(22, 13): 0.2324, 3.0900, 49.7749
(22, 14): 0.2263, 3.0200, 50.2650
(22, 15): 0.2319, 3.0300, 47.6530
(22, 16): 0.2702, 3.0300, 45.0722
(22, 17): 0.2908, 3.0600, 44.0453
(22, 18): 0.2930, 3.0300, 44.7108
(22, 19): 0.2934, 3.0400, 45.2886
(22, 20): 0.2453, 3.0200, 37.2296
(22, 21): 0.1210, 3.0300, 8.1323
(23, 5): 0.1287, 3.0200, 14.3750
(23, 6): 0.2766, 3.0100, 25.8999
(23, 7): 0.3526, 3.0100, 30.4953
(23, 8): 0.3523, 3.1300, 39.5505
(23, 9): 0.2338, 3.0200, 51.3312
(23, 10): 0.2309, 3.0500, 50.6041
(23, 11): 0.3034, 3.0200, 44.8871
(23, 12): 0.3371, 3.0100, 44.9431
(23, 13): 0.2684, 3.0280, 47.7234
(23, 14): 0.2335, 3.0800, 49.4134
(23, 15): 0.2949, 3.0100, 44.4317
(23, 16): 0.3018, 3.0800, 45.0072
(23, 17): 0.3490, 3.1300, 41.8087
(23, 18): 0.3097, 3.0300, 43.7328
(23, 19): 0.3147, 3.0000, 44.7318
(23, 20): 0.2851, 3.0300, 37.8142
(24, 4): 0.1578, 3.0200, 9.9364
(24, 5): 0.2025, 3.0200, 18.7896
(24, 6): 0.1740, 3.0200, 19.5245
(24, 7): 0.2231, 3.0100, 41.5316
(24, 8): 0.2047, 3.0500, 32.2613
(24, 9): 0.2252, 3.0200, 40.7342
(24, 10): 0.2247, 3.1000, 41.1514
(24, 11): 0.3065, 3.0100, 47.3046
(24, 12): 0.3432, 3.0300, 45.1118
(24, 13): 0.3432, 3.0200, 42.5915
(24, 14): 0.3384, 3.0400, 42.0474
(24, 15): 0.4586, 3.0100, 35.8124
(24, 16): 0.3785, 3.0400, 42.1643
(24, 17): 0.3572, 3.0600, 42.3417
(24, 18): 0.3206, 3.0400, 44.4735
(24, 19): 0.2811, 3.0200, 48.5118
(24, 20): 0.3013, 3.0100, 45.3823
(24, 21): 0.2418, 3.0100, 29.1311
(25, 4): 0.2308, 3.0300, 25.6033
(25, 5): 0.2247, 3.1000, 33.0367
(25, 6): 0.2236, 3.0500, 41.6398
(25, 7): 0.2308, 3.0500, 21.5425
(25, 8): 0.2941, 3.0700, 35.9804
(25, 9): 0.2860, 3.0100, 43.7099
(25, 10): 0.3201, 3.0300, 42.5163
(25, 11): 0.3524, 3.0100, 44.1615
(25, 12): 0.3330, 3.0200, 46.3644
(25, 13): 0.4292, 3.0700, 39.1593
(25, 14): 0.4202, 3.0300, 39.1764
(25, 15): 0.4137, 3.0900, 40.0349
(25, 16): 0.3991, 3.0100, 40.4369
(25, 17): 0.3651, 3.0400, 42.0474
(25, 18): 0.2638, 3.0100, 47.4865
(25, 19): 0.2582, 3.0600, 46.8362
(25, 20): 0.2322, 3.0300, 47.0810
(25, 21): 0.1897, 3.0100, 48.3617
(25, 22): 0.0786, 3.0100, 22.6491
(26, 2): 0.1033, 3.1000, 4.1487
(26, 3): 0.1964, 3.0700, 19.3964
(26, 4): 0.2112, 3.0500, 27.7145
(26, 5): 0.1812, 3.0200, 26.7922
(26, 6): 0.1704, 3.1400, 23.6190
(26, 7): 0.2586, 3.0100, 40.9596
(26, 8): 0.3105, 3.0800, 44.2188
(26, 9): 0.2848, 3.0200, 45.4612
(26, 10): 0.2592, 3.0300, 46.2450
(26, 11): 0.3255, 3.0700, 46.4405
(26, 12): 0.3004, 3.0300, 46.9606
(26, 13): 0.3495, 3.0300, 42.5023
(26, 14): 0.3283, 3.1800, 43.7328
(26, 15): 0.2855, 3.0600, 47.8189
(26, 16): 0.2642, 3.0100, 49.6679
(26, 17): 0.3067, 3.0500, 44.5301
(26, 18): 0.3049, 3.0400, 44.2932
(26, 19): 0.2740, 3.0900, 44.2160
(26, 20): 0.2951, 3.0100, 42.0495
(26, 21): 0.2232, 3.1200, 47.0192
(26, 22): 0.2067, 3.0300, 35.4801
(27, 2): 0.2060, 3.0500, 18.5573
(27, 3): 0.2646, 3.1000, 43.0038
(27, 4): 0.2475, 3.0600, 48.2685
(27, 5): 0.3351, 3.0600, 44.5187
(27, 6): 0.2528, 3.0100, 39.0257
(27, 7): 0.1334, 3.0300, 18.2747
(27, 8): 0.2155, 3.0500, 41.9079
(27, 9): 0.2083, 3.1800, 39.3656
(27, 10): 0.2128, 3.0200, 37.0378
(27, 11): 0.2230, 3.1400, 39.4712
(27, 12): 0.1811, 3.0400, 24.3591
(27, 13): 0.2816, 3.0400, 38.2041
(27, 14): 0.2350, 3.0600, 33.4614
(27, 15): 0.2873, 3.1000, 48.7133
(27, 16): 0.3036, 3.1000, 46.3739
(27, 17): 0.2915, 3.1100, 43.8632
(27, 18): 0.2448, 3.0200, 45.1271
(27, 19): 0.2580, 3.0200, 44.1786
(27, 20): 0.2704, 3.0600, 43.4920
(27, 21): 0.2990, 3.0200, 42.7331
(27, 22): 0.2715, 3.0100, 33.6954
(28, 2): 0.0797, 3.0100, 3.9656
(28, 3): 0.1533, 3.0100, 23.8941
(28, 4): 0.2515, 3.0100, 21.7446
(28, 5): 0.2754, 3.0300, 38.2815
(28, 6): 0.1824, 3.0200, 23.8026
(28, 7): 0.1382, 3.0100, 25.3676
(28, 8): 0.2365, 3.0100, 33.9458
(28, 9): 0.1889, 3.0900, 28.4601
(28, 14): 0.0911, 3.0100, 12.8009
(28, 15): 0.2852, 3.0100, 44.6562
(28, 16): 0.2860, 3.0100, 46.4566
(28, 17): 0.2481, 3.0500, 46.3534
(28, 18): 0.2276, 3.0100, 45.0905
(28, 19): 0.2457, 3.2000, 44.6991
(28, 20): 0.2577, 3.0100, 44.6232
(28, 21): 0.2934, 3.0400, 43.9030
(28, 22): 0.1912, 3.0500, 20.9914
(29, 2): 0.2088, 3.0900, 43.5951
(29, 3): 0.2117, 3.0200, 47.9913
(29, 4): 0.2330, 3.0400, 41.2018
(29, 5): 0.2280, 3.1000, 34.4471
(29, 6): 0.2580, 3.0200, 46.0726
(29, 7): 0.2061, 3.0400, 39.3265
(29, 8): 0.1208, 3.0100, 4.0042
(29, 15): 0.0495, 3.0100, 9.4390
(29, 16): 0.1094, 3.0200, 23.7382
(29, 17): 0.0109, 3.0300, 4.8457
(29, 18): 0.1606, 3.0500, 37.8790
(29, 19): 0.2134, 3.1300, 47.8611
(29, 20): 0.2753, 3.0300, 44.3839
(29, 21): 0.3628, 3.0200, 39.7791
(29, 22): 0.2785, 3.0400, 9.4649
(30, 2): 0.1187, 3.0200, 29.3463
(30, 3): 0.0860, 3.0000, 14.1546
(30, 4): 0.0865, 3.0600, 12.0804
(30, 5): 0.2461, 3.0500, 38.7400
(30, 6): 0.2031, 3.0300, 38.1622
(30, 7): 0.1787, 3.0300, 10.6950
(30, 19): 0.1523, 3.0100, 11.0991
(30, 20): 0.3020, 3.0600, 36.0880
(30, 21): 0.3223, 3.1200, 39.0422
(30, 22): 0.3051, 3.0400, 11.9413
(31, 19): 0.1320, 3.0200, 8.2283
(31, 20): 0.2550, 3.0100, 43.0291
(31, 21): 0.1678, 3.0200, 11.3196
(32, 19): 0.1803, 3.0100, 11.8388
(32, 20): 0.2827, 3.0400, 48.7698
(32, 21): 0.2286, 3.0100, 33.7475
(32, 22): 0.1239, 3.0300, 8.8051
(33, 19): 0.2719, 3.0200, 29.8444
(33, 20): 0.2817, 3.0100, 50.4760
(33, 21): 0.3019, 3.1200, 47.9455
(33, 22): 0.2395, 3.1900, 20.0772
(34, 19): 0.2326, 3.0700, 27.7922
(34, 20): 0.3015, 3.0100, 47.7486
(34, 21): 0.2410, 3.0100, 49.9566
(34, 22): 0.1282, 3.0300, 8.8278
