(1, 1): 0.3131, 0.1001, 2.0393, 0.3710
(1, 2): 0.3131, 0.1001, 2.0393, 0.3710
(1, 3): 0.3097, 0.1011, 2.0607, 0.3917
(1, 4): 0.3097, 0.1011, 2.0607, 0.3917
(1, 5): 0.2470, 0.1000, 2.3146, 0.3598
(1, 6): 0.2862, 0.1000, 2.1978, 0.4029
(1, 7): 0.2786, 0.1000, 2.2550, 0.3373
(1, 8): 0.2786, 0.1000, 2.2550, 0.3373
(1, 9): 0.2804, 0.1003, 2.2364, 0.4109
(1, 10): 0.2671, 0.1003, 2.3127, 0.3736
(1, 11): 0.2671, 0.1003, 2.3127, 0.3736
(1, 12): 0.3407, 0.1000, 1.9700, 0.3761
(1, 13): 0.2945, 0.1014, 2.2120, 0.3761
(1, 14): 0.3141, 0.1002, 2.0591, 0.3283
(1, 15): 0.3141, 0.1002, 2.0591, 0.3283
(1, 16): 0.2132, 0.1008, 2.4498, 0.3768
(1, 17): 0.2859, 0.1010, 2.0482, 0.3525
(1, 18): 0.2859, 0.1010, 2.0482, 0.3525
(1, 19): 0.3548, 0.1003, 1.8636, 0.3859
(1, 20): 0.3448, 0.1001, 2.1240, 0.3873
(1, 21): 0.4916, 0.1001, 1.6200, 0.3967
(1, 22): 0.4916, 0.1001, 1.6200, 0.3967
(1, 23): 0.4315, 0.1011, 2.0632, 0.3783
(1, 24): 0.3501, 0.1001, 2.2471, 0.3663
(1, 25): 0.4357, 0.1000, 2.0949, 0.3667
(1, 26): 0.4357, 0.1000, 2.0949, 0.3667
(1, 27): 0.4574, 0.1005, 2.1476, 0.3221
(1, 28): 0.5665, 0.1023, 1.8727, 0.3514
(1, 29): 0.5665, 0.1023, 1.8727, 0.3514
(1, 30): 0.6944, 0.1002, 1.3274, 0.3913
(1, 31): 0.5796, 0.1004, 1.3494, 0.3609
(1, 32): 0.4884, 0.1024, 1.5049, 0.4083
(1, 33): 0.4884, 0.1024, 1.5049, 0.4083
(1, 34): 0.3671, 0.1003, 1.9552, 0.4446
(1, 35): 0.3876, 0.1001, 2.1247, 0.4428
(1, 36): 0.3876, 0.1001, 2.1247, 0.4428
(1, 37): 0.3656, 0.1002, 2.3473, 0.4370
(2, 1): 0.3412, 0.1005, 2.0938, 0.3514
(2, 2): 0.3412, 0.1005, 2.0938, 0.3514
(2, 3): 0.3585, 0.1000, 2.0572, 0.4210
(2, 4): 0.3585, 0.1000, 2.0572, 0.4210
(2, 5): 0.2723, 0.1003, 2.3455, 0.3565
(2, 6): 0.3709, 0.1031, 1.9513, 0.3645
(2, 7): 0.4715, 0.1002, 1.5434, 0.3286
(2, 8): 0.4715, 0.1002, 1.5434, 0.3286
(2, 9): 0.3984, 0.1004, 1.8459, 0.3692
(2, 10): 0.4024, 0.1000, 1.7654, 0.3790
(2, 11): 0.4024, 0.1000, 1.7654, 0.3790
(2, 12): 0.3873, 0.1007, 1.8728, 0.4047
(2, 13): 0.2945, 0.1014, 2.2120, 0.3761
(2, 14): 0.3141, 0.1002, 2.0591, 0.3283
(2, 15): 0.3141, 0.1002, 2.0591, 0.3283
(2, 16): 0.2132, 0.1008, 2.4498, 0.3768
(2, 17): 0.2859, 0.1010, 2.0482, 0.3525
(2, 18): 0.2859, 0.1010, 2.0482, 0.3525
(2, 19): 0.3548, 0.1003, 1.8636, 0.3859
(2, 20): 0.3448, 0.1001, 2.1240, 0.3873
(2, 21): 0.4916, 0.1001, 1.6200, 0.3967
(2, 22): 0.4916, 0.1001, 1.6200, 0.3967
(2, 23): 0.4315, 0.1011, 2.0632, 0.3783
(2, 24): 0.3501, 0.1001, 2.2471, 0.3663
(2, 25): 0.4357, 0.1000, 2.0949, 0.3667
(2, 26): 0.4357, 0.1000, 2.0949, 0.3667
(2, 27): 0.4574, 0.1005, 2.1476, 0.3221
(2, 28): 0.5665, 0.1023, 1.8727, 0.3514
(2, 29): 0.5665, 0.1023, 1.8727, 0.3514
(2, 30): 0.3906, 0.1002, 1.7574, 0.3957
(2, 31): 0.5209, 0.1001, 1.3847, 0.4402
(2, 32): 0.5505, 0.1003, 1.3733, 0.4569
(2, 33): 0.5505, 0.1003, 1.3733, 0.4569
(2, 34): 0.3392, 0.1002, 1.9912, 0.4272
(2, 35): 0.6056, 0.1006, 1.5314, 0.3891
(2, 36): 0.6056, 0.1006, 1.5314, 0.3891
(2, 37): 0.4800, 0.1006, 2.1009, 0.4109
(3, 1): 0.3734, 0.1010, 2.0063, 0.3822
(3, 2): 0.3734, 0.1010, 2.0063, 0.3822
(3, 3): 0.2953, 0.1004, 2.3320, 0.3877
(3, 4): 0.2953, 0.1004, 2.3320, 0.3877
(3, 5): 0.2965, 0.1003, 2.2523, 0.3710
(3, 6): 0.3397, 0.1005, 2.0127, 0.3924
(3, 7): 0.4715, 0.1002, 1.5434, 0.3286
(3, 8): 0.4715, 0.1002, 1.5434, 0.3286
(3, 9): 0.3984, 0.1004, 1.8459, 0.3692
(3, 10): 0.4024, 0.1000, 1.7654, 0.3790
(3, 11): 0.4024, 0.1000, 1.7654, 0.3790
(3, 12): 0.3873, 0.1007, 1.8728, 0.4047
(3, 13): 0.4116, 0.1004, 1.7939, 0.3572
(3, 14): 0.4127, 0.1001, 1.7053, 0.3645
(3, 15): 0.4127, 0.1001, 1.7053, 0.3645
(3, 16): 0.2955, 0.1014, 1.9961, 0.3717
(3, 17): 0.3927, 0.1001, 1.8080, 0.4518
(3, 18): 0.3927, 0.1001, 1.8080, 0.4518
(3, 19): 0.4533, 0.1010, 1.5687, 0.3478
(3, 20): 0.5019, 0.1001, 1.5040, 0.3783
(3, 21): 0.4018, 0.1014, 1.9666, 0.3826
(3, 22): 0.4018, 0.1014, 1.9666, 0.3826
(3, 23): 0.4762, 0.1001, 1.5971, 0.3899
(3, 24): 0.3281, 0.1002, 2.3213, 0.4214
(3, 25): 0.3281, 0.1002, 2.3213, 0.4214
(3, 26): 0.3792, 0.1001, 2.2237, 0.3366
(3, 27): 0.3326, 0.1002, 2.3114, 0.3254
(3, 28): 0.4291, 0.1010, 2.0914, 0.3870
(3, 29): 0.4291, 0.1010, 2.0914, 0.3870
(3, 30): 0.3906, 0.1002, 1.7574, 0.3957
(3, 31): 0.5209, 0.1001, 1.3847, 0.4402
(3, 32): 0.5505, 0.1003, 1.3733, 0.4569
(3, 33): 0.5505, 0.1003, 1.3733, 0.4569
(3, 34): 0.3392, 0.1002, 1.9912, 0.4272
(3, 35): 0.6056, 0.1006, 1.5314, 0.3891
(3, 36): 0.6056, 0.1006, 1.5314, 0.3891
(3, 37): 0.5742, 0.1005, 1.9644, 0.3721
(4, 1): 0.3735, 0.1001, 1.9328, 0.4018
(4, 2): 0.3735, 0.1001, 1.9328, 0.4018
(4, 3): 0.2953, 0.1004, 2.3320, 0.3877
(4, 4): 0.2953, 0.1004, 2.3320, 0.3877
(4, 5): 0.2965, 0.1003, 2.2523, 0.3710
(4, 6): 0.3397, 0.1005, 2.0127, 0.3924
(4, 7): 0.3347, 0.1013, 2.0345, 0.3551
(4, 8): 0.3347, 0.1013, 2.0345, 0.3551
(4, 9): 0.2776, 0.1009, 2.2123, 0.3464
(4, 10): 0.4089, 0.1001, 1.7919, 0.3797
(4, 11): 0.4089, 0.1001, 1.7919, 0.3797
(4, 12): 0.4354, 0.1004, 1.6522, 0.3692
(4, 13): 0.4349, 0.1010, 1.7306, 0.4014
(4, 14): 0.4705, 0.1004, 1.5844, 0.3601
(4, 15): 0.4705, 0.1004, 1.5844, 0.3601
(4, 16): 0.3488, 0.1000, 1.8593, 0.3957
(4, 17): 0.3489, 0.1012, 1.8409, 0.3957
(4, 18): 0.3489, 0.1012, 1.8409, 0.3957
(4, 19): 0.4511, 0.1011, 1.6051, 0.3949
(4, 20): 0.4365, 0.1000, 1.7814, 0.3710
(4, 21): 0.6290, 0.1012, 1.4391, 0.3917
(4, 22): 0.6290, 0.1012, 1.4391, 0.3917
(4, 23): 0.5576, 0.1014, 1.5305, 0.3710
(4, 24): 0.4440, 0.1002, 2.0334, 0.4228
(4, 25): 0.4440, 0.1002, 2.0334, 0.4228
(4, 26): 0.4926, 0.1012, 1.6857, 0.3866
(4, 27): 0.3953, 0.1007, 2.0391, 0.4199
(4, 28): 0.5040, 0.1009, 1.6966, 0.4257
(4, 29): 0.5040, 0.1009, 1.6966, 0.4257
(4, 30): 0.4615, 0.1005, 1.6785, 0.3967
(4, 31): 0.6029, 0.1001, 1.2848, 0.4185
(4, 32): 0.4754, 0.1004, 1.5758, 0.4054
(4, 33): 0.4754, 0.1004, 1.5758, 0.4054
(4, 34): 0.1937, 0.1002, 2.6730, 0.4370
(4, 35): 0.6286, 0.1001, 1.5354, 0.3895
(4, 36): 0.6286, 0.1001, 1.5354, 0.3895
(4, 37): 0.5742, 0.1005, 1.9644, 0.3721
(5, 1): 0.3735, 0.1001, 1.9328, 0.4018
(5, 2): 0.3735, 0.1001, 1.9328, 0.4018
(5, 3): 0.3063, 0.1004, 2.2622, 0.3551
(5, 4): 0.3063, 0.1004, 2.2622, 0.3551
(5, 5): 0.2327, 0.1003, 2.4398, 0.4167
(5, 6): 0.3973, 0.1018, 1.7559, 0.3377
(5, 7): 0.3447, 0.1005, 1.9513, 0.4072
(5, 8): 0.3447, 0.1005, 1.9513, 0.4072
(5, 9): 0.3291, 0.1010, 2.0183, 0.4011
(5, 10): 0.3462, 0.1015, 1.9365, 0.3732
(5, 11): 0.3462, 0.1015, 1.9365, 0.3732
(5, 12): 0.4118, 0.1003, 1.6876, 0.3558
(5, 13): 0.4477, 0.1004, 1.5990, 0.3783
(5, 14): 0.4408, 0.1018, 1.6289, 0.3775
(5, 15): 0.4408, 0.1018, 1.6289, 0.3775
(5, 16): 0.3691, 0.1011, 1.8564, 0.3935
(5, 17): 0.3897, 0.1003, 1.8138, 0.3743
(5, 18): 0.3897, 0.1003, 1.8138, 0.3743
(5, 19): 0.4726, 0.1000, 1.5765, 0.3826
(5, 20): 0.4364, 0.1003, 1.9672, 0.4355
(5, 21): 0.4881, 0.1005, 1.8424, 0.4275
(5, 22): 0.4881, 0.1005, 1.8424, 0.4275
(5, 23): 0.5904, 0.1003, 1.5180, 0.4058
(5, 24): 0.4720, 0.1003, 1.8097, 0.4464
(5, 25): 0.4720, 0.1003, 1.8097, 0.4464
(5, 26): 0.5265, 0.1007, 1.6264, 0.3822
(5, 27): 0.5088, 0.1004, 1.4950, 0.4065
(5, 28): 0.4866, 0.1007, 1.7593, 0.4087
(5, 29): 0.4866, 0.1007, 1.7593, 0.4087
(5, 30): 0.5611, 0.1000, 1.5009, 0.4062
(5, 31): 0.5583, 0.1003, 1.4992, 0.4058
(5, 32): 0.5583, 0.1003, 1.4992, 0.4058
(5, 33): 0.4087, 0.1003, 1.9804, 0.4098
(5, 34): 0.3718, 0.1004, 2.3132, 0.4428
(5, 35): 0.4494, 0.1007, 2.4224, 0.3866
(5, 36): 0.4494, 0.1007, 2.4224, 0.3866
(5, 37): 0.2559, 0.1026, 3.5236, 0.3649
(6, 1): 0.4214, 0.1006, 1.6687, 0.3851
(6, 2): 0.4214, 0.1006, 1.6687, 0.3851
(6, 3): 0.2803, 0.1001, 2.2349, 0.3620
(6, 4): 0.2803, 0.1001, 2.2349, 0.3620
(6, 5): 0.3414, 0.1019, 2.0169, 0.4018
(6, 6): 0.3967, 0.1007, 1.7846, 0.3428
(6, 7): 0.4415, 0.1011, 1.6873, 0.3377
(6, 8): 0.4415, 0.1011, 1.6873, 0.3377
(6, 9): 0.4175, 0.1002, 1.6815, 0.3736
(6, 10): 0.3819, 0.1003, 1.8363, 0.4069
(6, 11): 0.3819, 0.1003, 1.8363, 0.4069
(6, 12): 0.4704, 0.1020, 1.5649, 0.3591
(6, 13): 0.4836, 0.1012, 1.6262, 0.3870
(6, 14): 0.4850, 0.1005, 1.5509, 0.3833
(6, 15): 0.4850, 0.1005, 1.5509, 0.3833
(6, 16): 0.4260, 0.1006, 1.7108, 0.3975
(6, 17): 0.4365, 0.1007, 1.6787, 0.3957
(6, 18): 0.4365, 0.1007, 1.6787, 0.3957
(6, 19): 0.4986, 0.1007, 1.4913, 0.3761
(6, 20): 0.5794, 0.1006, 1.5480, 0.3775
(6, 21): 0.3324, 0.1005, 2.3388, 0.4232
(6, 22): 0.3324, 0.1005, 2.3388, 0.4232
(6, 23): 0.5169, 0.1005, 1.6537, 0.4167
(6, 24): 0.5383, 0.1017, 1.4986, 0.4257
(6, 25): 0.5383, 0.1017, 1.4986, 0.4257
(6, 26): 0.5036, 0.1002, 1.5686, 0.4395
(6, 27): 0.6445, 0.1003, 1.2508, 0.4152
(6, 28): 0.5195, 0.1003, 1.6765, 0.4018
(6, 29): 0.5195, 0.1003, 1.6765, 0.4018
(6, 30): 0.5982, 0.1000, 1.3704, 0.4217
(6, 31): 0.4479, 0.1005, 1.7198, 0.4080
(6, 32): 0.4479, 0.1005, 1.7198, 0.4080
(6, 33): 0.4384, 0.1007, 1.7974, 0.3957
(6, 34): 0.4406, 0.1026, 2.1916, 0.3851
(6, 35): 0.5278, 0.1011, 2.3521, 0.3859
(6, 36): 0.5278, 0.1011, 2.3521, 0.3859
(6, 37): 0.5376, 0.1013, 2.4708, 0.3913
(7, 1): 0.4309, 0.1007, 1.5873, 0.3609
(7, 2): 0.4309, 0.1007, 1.5873, 0.3609
(7, 3): 0.3982, 0.1009, 1.7440, 0.3931
(7, 4): 0.3949, 0.1017, 1.7174, 0.3598
(7, 5): 0.3949, 0.1017, 1.7174, 0.3598
(7, 6): 0.4357, 0.1002, 1.7215, 0.3507
(7, 7): 0.3713, 0.1002, 1.9270, 0.3576
(7, 8): 0.3713, 0.1002, 1.9270, 0.3576
(7, 9): 0.5187, 0.1006, 1.5221, 0.3851
(7, 10): 0.5209, 0.1012, 1.5238, 0.3938
(7, 11): 0.4762, 0.1000, 1.5822, 0.3714
(7, 12): 0.4762, 0.1000, 1.5822, 0.3714
(7, 13): 0.4961, 0.1005, 1.6899, 0.3957
(7, 14): 0.4522, 0.1013, 1.6589, 0.3746
(7, 15): 0.4522, 0.1013, 1.6589, 0.3746
(7, 16): 0.4273, 0.1003, 1.7525, 0.3725
(7, 17): 0.4960, 0.1002, 1.5373, 0.3598
(7, 18): 0.4960, 0.1002, 1.5373, 0.3598
(7, 19): 0.4816, 0.1020, 1.5641, 0.3772
(7, 20): 0.3927, 0.1002, 2.2046, 0.3946
(7, 21): 0.3575, 0.1014, 2.1699, 0.3964
(7, 22): 0.3575, 0.1014, 2.1699, 0.3964
(7, 23): 0.3906, 0.1002, 1.9454, 0.3837
(7, 24): 0.4084, 0.1004, 1.8000, 0.4112
(7, 25): 0.4084, 0.1004, 1.8000, 0.4112
(7, 26): 0.5612, 0.1008, 1.3838, 0.4228
(7, 27): 0.6034, 0.1002, 1.3353, 0.4083
(7, 28): 0.5096, 0.1004, 1.6361, 0.4109
(7, 29): 0.5096, 0.1004, 1.6361, 0.4109
(7, 30): 0.5734, 0.1011, 1.4278, 0.4043
(7, 31): 0.4535, 0.1003, 1.8198, 0.3964
(7, 32): 0.4535, 0.1003, 1.8198, 0.3964
(7, 33): 0.3767, 0.1006, 2.1597, 0.4014
(7, 34): 0.3890, 0.1004, 2.6005, 0.3989
(7, 35): 0.4630, 0.1007, 2.7350, 0.3877
(7, 36): 0.4630, 0.1007, 2.7350, 0.3877
(7, 37): 0.3662, 0.1000, 3.3513, 0.3967
(8, 1): 0.3410, 0.1001, 1.7551, 0.3529
(8, 2): 0.3410, 0.1001, 1.7551, 0.3529
(8, 3): 0.3992, 0.1019, 1.5934, 0.3764
(8, 4): 0.4351, 0.1018, 1.6554, 0.3475
(8, 5): 0.4351, 0.1018, 1.6554, 0.3475
(8, 6): 0.4244, 0.1006, 1.8488, 0.3960
(8, 7): 0.4464, 0.1001, 1.7145, 0.3855
(8, 8): 0.4464, 0.1001, 1.7145, 0.3855
(8, 9): 0.5197, 0.1002, 1.6738, 0.4091
(8, 10): 0.5126, 0.1009, 1.6991, 0.3862
(8, 11): 0.4785, 0.1034, 1.5699, 0.3518
(8, 12): 0.4785, 0.1034, 1.5699, 0.3518
(8, 13): 0.4581, 0.1003, 1.6963, 0.3870
(8, 14): 0.4260, 0.1000, 1.7744, 0.3812
(8, 15): 0.4260, 0.1000, 1.7744, 0.3812
(8, 16): 0.3898, 0.1000, 1.9191, 0.4051
(8, 17): 0.4697, 0.1001, 1.6290, 0.3424
(8, 18): 0.4697, 0.1001, 1.6290, 0.3424
(8, 19): 0.4449, 0.1005, 1.8781, 0.4366
(8, 20): 0.4707, 0.1005, 1.8672, 0.4007
(8, 21): 0.4121, 0.1000, 1.9184, 0.4087
(8, 22): 0.4121, 0.1000, 1.9184, 0.4087
(8, 23): 0.4857, 0.1008, 1.6877, 0.3801
(8, 24): 0.4351, 0.1008, 1.7618, 0.4225
(8, 25): 0.4351, 0.1008, 1.7618, 0.4225
(8, 26): 0.4997, 0.1001, 1.6120, 0.4000
(8, 27): 0.4702, 0.1008, 1.6923, 0.4051
(8, 28): 0.5008, 0.1038, 1.6642, 0.4268
(8, 29): 0.5008, 0.1038, 1.6642, 0.4268
(8, 30): 0.5222, 0.1008, 1.5980, 0.4199
(8, 31): 0.4615, 0.1002, 1.8441, 0.4127
(8, 32): 0.4615, 0.1002, 1.8441, 0.4127
(8, 33): 0.4254, 0.1011, 2.0947, 0.4203
(8, 34): 0.3463, 0.1008, 2.7908, 0.3475
(8, 35): 0.3939, 0.1000, 2.7390, 0.3692
(8, 36): 0.3939, 0.1000, 2.7390, 0.3692
(8, 37): 0.3474, 0.1001, 2.8721, 0.4033
(9, 1): 0.3619, 0.1001, 1.7016, 0.3518
(9, 2): 0.3619, 0.1001, 1.7016, 0.3518
(9, 3): 0.4254, 0.1001, 1.7171, 0.4388
(9, 4): 0.2335, 0.1005, 2.5562, 0.3130
(9, 5): 0.2335, 0.1005, 2.5562, 0.3130
(9, 6): 0.3978, 0.1000, 1.9285, 0.3750
(9, 7): 0.4533, 0.1004, 1.8584, 0.4134
(9, 8): 0.4533, 0.1004, 1.8584, 0.4134
(9, 9): 0.5538, 0.1000, 1.6542, 0.3982
(9, 10): 0.3570, 0.1006, 2.2876, 0.3438
(9, 11): 0.5196, 0.1008, 1.6315, 0.3938
(9, 12): 0.5196, 0.1008, 1.6315, 0.3938
(9, 13): 0.4900, 0.1000, 1.6416, 0.4018
(9, 14): 0.4244, 0.1009, 1.8864, 0.4239
(9, 15): 0.4244, 0.1009, 1.8864, 0.4239
(9, 16): 0.3641, 0.1010, 2.1793, 0.4540
(9, 17): 0.4077, 0.1004, 2.0440, 0.4496
(9, 18): 0.4077, 0.1004, 2.0440, 0.4496
(9, 19): 0.4571, 0.1000, 1.9364, 0.4351
(9, 20): 0.5154, 0.1010, 1.7752, 0.4471
(9, 21): 0.4776, 0.1004, 1.8070, 0.3772
(9, 22): 0.4776, 0.1004, 1.8070, 0.3772
(9, 23): 0.4912, 0.1010, 1.8069, 0.3971
(9, 24): 0.4629, 0.1000, 1.8343, 0.4029
(9, 25): 0.4629, 0.1000, 1.8343, 0.4029
(9, 26): 0.4554, 0.1002, 1.8095, 0.3819
(9, 27): 0.3156, 0.1002, 2.2427, 0.3841
(9, 28): 0.3896, 0.1002, 1.9287, 0.4178
(9, 29): 0.3896, 0.1002, 1.9287, 0.4178
(9, 30): 0.4816, 0.1007, 1.7197, 0.4420
(9, 31): 0.4060, 0.1005, 1.9894, 0.3975
(9, 32): 0.4060, 0.1005, 1.9894, 0.3975
(9, 33): 0.4187, 0.1015, 2.0474, 0.3978
(9, 34): 0.4675, 0.1002, 2.0299, 0.3942
(9, 35): 0.4288, 0.1007, 2.0486, 0.3884
(9, 36): 0.4288, 0.1007, 2.0486, 0.3884
(9, 37): 0.4414, 0.1013, 2.0292, 0.4163
(10, 1): 0.3937, 0.1004, 1.7089, 0.4264
(10, 2): 0.3937, 0.1004, 1.7089, 0.4264
(10, 3): 0.2270, 0.1001, 2.5929, 0.2960
(10, 4): 0.2504, 0.1003, 2.3902, 0.4678
(10, 5): 0.2504, 0.1003, 2.3902, 0.4678
(10, 6): 0.3282, 0.1001, 2.1470, 0.4315
(10, 7): 0.3585, 0.1011, 2.1924, 0.3899
(10, 8): 0.3585, 0.1011, 2.1924, 0.3899
(10, 9): 0.3765, 0.1003, 2.1993, 0.4565
(10, 10): 0.2845, 0.1002, 2.3879, 0.3924
(10, 11): 0.5254, 0.1018, 1.5838, 0.4196
(10, 12): 0.5254, 0.1018, 1.5838, 0.4196
(10, 13): 0.4303, 0.1006, 1.9201, 0.4051
(10, 14): 0.4302, 0.1016, 1.9491, 0.3822
(10, 15): 0.4302, 0.1016, 1.9491, 0.3822
(10, 16): 0.4200, 0.1003, 2.0798, 0.4145
(10, 17): 0.3629, 0.1007, 2.4992, 0.4105
(10, 18): 0.4198, 0.1014, 2.1910, 0.4051
(10, 19): 0.4198, 0.1014, 2.1910, 0.4051
(10, 20): 0.4590, 0.1010, 1.9294, 0.3714
(10, 21): 0.4255, 0.1006, 2.0752, 0.3732
(10, 22): 0.4255, 0.1006, 2.0752, 0.3732
(10, 23): 0.4813, 0.1006, 1.8566, 0.4181
(10, 24): 0.5650, 0.1005, 1.5470, 0.4080
(10, 25): 0.5650, 0.1005, 1.5470, 0.4080
(10, 26): 0.5466, 0.1001, 1.5900, 0.3949
(10, 27): 0.4594, 0.1006, 1.7521, 0.3732
(10, 28): 0.3892, 0.1001, 2.0016, 0.3641
(10, 29): 0.3892, 0.1001, 2.0016, 0.3641
(10, 30): 0.4094, 0.1001, 1.9765, 0.4272
(10, 31): 0.4786, 0.1000, 1.7855, 0.3826
(10, 32): 0.4786, 0.1000, 1.7855, 0.3826
(10, 33): 0.3710, 0.1005, 2.1079, 0.4091
(10, 34): 0.4560, 0.1003, 1.9296, 0.4551
(10, 35): 0.4576, 0.1005, 1.8225, 0.4087
(10, 36): 0.4576, 0.1005, 1.8225, 0.4087
(10, 37): 0.3859, 0.1009, 2.0865, 0.4290
(11, 1): 0.3276, 0.1002, 2.0833, 0.4149
(11, 2): 0.3276, 0.1002, 2.0833, 0.4149
(11, 3): 0.2899, 0.1009, 2.2499, 0.4391
(11, 4): 0.2661, 0.1036, 2.3474, 0.3627
(11, 5): 0.2661, 0.1036, 2.3474, 0.3627
(11, 6): 0.2675, 0.1001, 2.3283, 0.3268
(11, 7): 0.3031, 0.1018, 2.3732, 0.3757
(11, 8): 0.3031, 0.1018, 2.3732, 0.3757
(11, 9): 0.4067, 0.1002, 1.8563, 0.3529
(11, 10): 0.4011, 0.1012, 1.8953, 0.3725
(11, 11): 0.4534, 0.1000, 1.8202, 0.4341
(11, 12): 0.4534, 0.1000, 1.8202, 0.4341
(11, 13): 0.3875, 0.1007, 2.0958, 0.3525
(11, 14): 0.4479, 0.1006, 1.8698, 0.4127
(11, 15): 0.4479, 0.1006, 1.8698, 0.4127
(11, 16): 0.4166, 0.1000, 2.0995, 0.3736
(11, 17): 0.4869, 0.1005, 1.8715, 0.4083
(11, 18): 0.4300, 0.1011, 2.1672, 0.4000
(11, 19): 0.4300, 0.1011, 2.1672, 0.4000
(11, 20): 0.5359, 0.1004, 1.6856, 0.3909
(11, 21): 0.4751, 0.1017, 1.9649, 0.3917
(11, 22): 0.4751, 0.1017, 1.9649, 0.3917
(11, 23): 0.4390, 0.1002, 1.9572, 0.3551
(11, 24): 0.4740, 0.1005, 2.0093, 0.3652
(11, 25): 0.4740, 0.1005, 2.0093, 0.3652
(11, 26): 0.5861, 0.1001, 1.5556, 0.4138
(11, 27): 0.4671, 0.1006, 1.8234, 0.3870
(11, 28): 0.2930, 0.1040, 2.4644, 0.4145
(11, 29): 0.2930, 0.1040, 2.4644, 0.4145
(11, 30): 0.3413, 0.1001, 2.2023, 0.4188
(11, 31): 0.3398, 0.1001, 2.1622, 0.4355
(11, 32): 0.3398, 0.1001, 2.1622, 0.4355
(11, 33): 0.3996, 0.1016, 2.0489, 0.4232
(11, 34): 0.4346, 0.1002, 1.9596, 0.3909
(11, 35): 0.4845, 0.1000, 1.8226, 0.3967
(11, 36): 0.4845, 0.1000, 1.8226, 0.3967
(11, 37): 0.4463, 0.1007, 1.9093, 0.4109
(12, 1): 0.2761, 0.1000, 2.2748, 0.3120
(12, 2): 0.2761, 0.1000, 2.2748, 0.3120
(12, 3): 0.2899, 0.1002, 2.2144, 0.3134
(12, 4): 0.2953, 0.1012, 2.2072, 0.3326
(12, 5): 0.2953, 0.1012, 2.2072, 0.3326
(12, 6): 0.2628, 0.1024, 2.3322, 0.3960
(12, 7): 0.2937, 0.1013, 2.3377, 0.3717
(12, 8): 0.2937, 0.1013, 2.3377, 0.3717
(12, 9): 0.4255, 0.1006, 1.8186, 0.3681
(12, 10): 0.4261, 0.1004, 1.8167, 0.3938
(12, 11): 0.4396, 0.1000, 1.9663, 0.4040
(12, 12): 0.4396, 0.1000, 1.9663, 0.4040
(12, 13): 0.4194, 0.1004, 1.8954, 0.3920
(12, 14): 0.4610, 0.1005, 1.8153, 0.3880
(12, 15): 0.4610, 0.1005, 1.8153, 0.3880
(12, 16): 0.3237, 0.1014, 2.3517, 0.3717
(12, 17): 0.5059, 0.1003, 1.8300, 0.3746
(12, 18): 0.4995, 0.1004, 1.8285, 0.4170
(12, 19): 0.4995, 0.1004, 1.8285, 0.4170
(12, 20): 0.3898, 0.1010, 2.1652, 0.3928
(12, 21): 0.4595, 0.1004, 1.8998, 0.4083
(12, 22): 0.4595, 0.1004, 1.8998, 0.4083
(12, 23): 0.4767, 0.1023, 1.8384, 0.4123
(12, 24): 0.4747, 0.1006, 1.9644, 0.3978
(12, 25): 0.4747, 0.1006, 1.9644, 0.3978
(12, 26): 0.5182, 0.1007, 1.8267, 0.4500
(12, 27): 0.5127, 0.1006, 1.7865, 0.4609
(12, 28): 0.4385, 0.1000, 1.9684, 0.3917
(12, 29): 0.4385, 0.1000, 1.9684, 0.3917
(12, 30): 0.4404, 0.1002, 1.9408, 0.4717
(12, 31): 0.4096, 0.1004, 1.9680, 0.3786
(12, 32): 0.4096, 0.1004, 1.9680, 0.3786
(12, 33): 0.3551, 0.1011, 2.2619, 0.4181
(12, 34): 0.4373, 0.1006, 2.0179, 0.4362
(12, 35): 0.4373, 0.1006, 2.0179, 0.4362
(12, 36): 0.5720, 0.1030, 1.5944, 0.3866
(12, 37): 0.5656, 0.1006, 1.5512, 0.4065
(13, 1): 0.3297, 0.1001, 2.1146, 0.4308
(13, 2): 0.3297, 0.1001, 2.1146, 0.4308
(13, 3): 0.2997, 0.1013, 2.2081, 0.3163
(13, 4): 0.2755, 0.1004, 2.2987, 0.3993
(13, 5): 0.2755, 0.1004, 2.2987, 0.3993
(13, 6): 0.2542, 0.1003, 2.3652, 0.3196
(13, 7): 0.4599, 0.1011, 1.8197, 0.4054
(13, 8): 0.4599, 0.1011, 1.8197, 0.4054
(13, 9): 0.4844, 0.1004, 1.7580, 0.4504
(13, 10): 0.5014, 0.1001, 1.7103, 0.3145
(13, 11): 0.4000, 0.1000, 2.0667, 0.3522
(13, 12): 0.4000, 0.1000, 2.0667, 0.3522
(13, 13): 0.4194, 0.1004, 1.8954, 0.3920
(13, 14): 0.4610, 0.1005, 1.8153, 0.3880
(13, 15): 0.4610, 0.1005, 1.8153, 0.3880
(13, 16): 0.3237, 0.1014, 2.3517, 0.3717
(13, 17): 0.5059, 0.1003, 1.8300, 0.3746
(13, 18): 0.4995, 0.1004, 1.8285, 0.4170
(13, 19): 0.4995, 0.1004, 1.8285, 0.4170
(13, 20): 0.3898, 0.1010, 2.1652, 0.3928
(13, 21): 0.4595, 0.1004, 1.8998, 0.4083
(13, 22): 0.4595, 0.1004, 1.8998, 0.4083
(13, 23): 0.4767, 0.1023, 1.8384, 0.4123
(13, 24): 0.4747, 0.1006, 1.9644, 0.3978
(13, 25): 0.4747, 0.1006, 1.9644, 0.3978
(13, 26): 0.5182, 0.1007, 1.8267, 0.4500
(13, 27): 0.5127, 0.1006, 1.7865, 0.4609
(13, 28): 0.4385, 0.1000, 1.9684, 0.3917
(13, 29): 0.4385, 0.1000, 1.9684, 0.3917
(13, 30): 0.4404, 0.1002, 1.9408, 0.4717
(13, 31): 0.4317, 0.1011, 2.0115, 0.3978
(13, 32): 0.4317, 0.1011, 2.0115, 0.3978
(13, 33): 0.5644, 0.1005, 1.6338, 0.4254
(13, 34): 0.4517, 0.1000, 1.9278, 0.3627
(13, 35): 0.4517, 0.1000, 1.9278, 0.3627
(13, 36): 0.6065, 0.1002, 1.3748, 0.3605
(13, 37): 0.4118, 0.1008, 1.9556, 0.4486
(14, 1): 0.3262, 0.1001, 2.1558, 0.3152
(14, 2): 0.3262, 0.1001, 2.1558, 0.3152
(14, 3): 0.3408, 0.1006, 2.1198, 0.3812
(14, 4): 0.2958, 0.1000, 2.2578, 0.3181
(14, 5): 0.2958, 0.1000, 2.2578, 0.3181
(14, 6): 0.4570, 0.1000, 1.8201, 0.3362
(14, 7): 0.4599, 0.1011, 1.8197, 0.4054
(14, 8): 0.4844, 0.1004, 1.7580, 0.4504
(14, 9): 0.4844, 0.1004, 1.7580, 0.4504
(14, 10): 0.5014, 0.1001, 1.7103, 0.3145
(14, 11): 0.4000, 0.1000, 2.0667, 0.3522
(14, 12): 0.4000, 0.1000, 2.0667, 0.3522
(14, 13): 0.3783, 0.1011, 2.2019, 0.3663
(14, 14): 0.4435, 0.1003, 1.9928, 0.3736
(14, 15): 0.4435, 0.1003, 1.9928, 0.3736
(14, 16): 0.5428, 0.1012, 1.6755, 0.3895
(14, 17): 0.4296, 0.1022, 2.0621, 0.3525
(14, 18): 0.4645, 0.1002, 1.9352, 0.3830
(14, 19): 0.4645, 0.1002, 1.9352, 0.3830
(14, 20): 0.5885, 0.1005, 1.5243, 0.3819
(14, 21): 0.5554, 0.1003, 1.6557, 0.3830
(14, 22): 0.5554, 0.1003, 1.6557, 0.3830
(14, 23): 0.4779, 0.1003, 1.8654, 0.4043
(14, 24): 0.4085, 0.1002, 2.2170, 0.4283
(14, 25): 0.4085, 0.1002, 2.2170, 0.4283
(14, 26): 0.4772, 0.1001, 1.9187, 0.3674
(14, 27): 0.4581, 0.1008, 2.0470, 0.4196
(14, 28): 0.3466, 0.1001, 2.3882, 0.3620
(14, 29): 0.3466, 0.1001, 2.3882, 0.3620
(14, 30): 0.4265, 0.1017, 2.0422, 0.3464
(14, 31): 0.4317, 0.1011, 2.0115, 0.3978
(14, 32): 0.4317, 0.1011, 2.0115, 0.3978
(14, 33): 0.5644, 0.1005, 1.6338, 0.4254
(14, 34): 0.4517, 0.1000, 1.9278, 0.3627
(14, 35): 0.4517, 0.1000, 1.9278, 0.3627
(14, 36): 0.6065, 0.1002, 1.3748, 0.3605
(14, 37): 0.3810, 0.1002, 2.0508, 0.4431
(15, 1): 0.3545, 0.1010, 2.1096, 0.3471
(15, 2): 0.3545, 0.1010, 2.1096, 0.3471
(15, 3): 0.3408, 0.1006, 2.1198, 0.3812
(15, 4): 0.2958, 0.1000, 2.2578, 0.3181
(15, 5): 0.2958, 0.1000, 2.2578, 0.3181
(15, 6): 0.4570, 0.1000, 1.8201, 0.3362
(15, 7): 0.4759, 0.1008, 1.7679, 0.3902
(15, 8): 0.4606, 0.1016, 1.8338, 0.3471
(15, 9): 0.4606, 0.1016, 1.8338, 0.3471
(15, 10): 0.1710, 0.1002, 3.2950, 0.4768
(15, 11): 0.2607, 0.1003, 2.7118, 0.3659
(15, 12): 0.2607, 0.1003, 2.7118, 0.3659
(15, 13): 0.4924, 0.1004, 1.9012, 0.3551
(15, 14): 0.4554, 0.1006, 1.9919, 0.3924
(15, 15): 0.4554, 0.1006, 1.9919, 0.3924
(15, 16): 0.4330, 0.1004, 1.9740, 0.3583
(15, 17): 0.5041, 0.1003, 1.7631, 0.4319
(15, 18): 0.3115, 0.1006, 2.3659, 0.3953
(15, 19): 0.3115, 0.1006, 2.3659, 0.3953
(15, 20): 0.4744, 0.1007, 1.8919, 0.3475
(15, 21): 0.4927, 0.1002, 1.8955, 0.3982
(15, 22): 0.4927, 0.1002, 1.8955, 0.3982
(15, 23): 0.5171, 0.1009, 1.8665, 0.3866
(15, 24): 0.5924, 0.1008, 1.7178, 0.4105
(15, 25): 0.5924, 0.1008, 1.7178, 0.4105
(15, 26): 0.4555, 0.1013, 2.1702, 0.4344
(15, 27): 0.4994, 0.1001, 1.8592, 0.4011
(15, 28): 0.4146, 0.1004, 2.1890, 0.4424
(15, 29): 0.4146, 0.1004, 2.1890, 0.4424
(15, 30): 0.4430, 0.1009, 2.0622, 0.4167
(15, 31): 0.4454, 0.1000, 2.0281, 0.3982
(15, 32): 0.4454, 0.1000, 2.0281, 0.3982
(15, 33): 0.4000, 0.1002, 2.0689, 0.4279
(15, 34): 0.4185, 0.1009, 1.9894, 0.4014
(15, 35): 0.4185, 0.1009, 1.9894, 0.4014
(15, 36): 0.2874, 0.1006, 2.5032, 0.3591
(15, 37): 0.3810, 0.1002, 2.0508, 0.4431
(16, 1): 0.3545, 0.1010, 2.1096, 0.3471
(16, 2): 0.3545, 0.1010, 2.1096, 0.3471
(16, 3): 0.3228, 0.1002, 2.1992, 0.3783
(16, 4): 0.4712, 0.1005, 1.8046, 0.3362
(16, 5): 0.4712, 0.1005, 1.8046, 0.3362
(16, 6): 0.4609, 0.1006, 1.8499, 0.3540
(16, 7): 0.4370, 0.1012, 1.9808, 0.3641
(16, 8): 0.1413, 0.1013, 3.4893, 0.3377
(16, 9): 0.1413, 0.1013, 3.4893, 0.3377
(16, 10): 0.1744, 0.1002, 3.2454, 0.3428
(16, 11): 0.2461, 0.1033, 2.8632, 0.4210
(16, 12): 0.2461, 0.1033, 2.8632, 0.4210
(16, 13): 0.4658, 0.1008, 1.9834, 0.3786
(16, 14): 0.3702, 0.1004, 2.3876, 0.3337
(16, 15): 0.3702, 0.1004, 2.3876, 0.3337
(16, 16): 0.4171, 0.1023, 2.0981, 0.3833
(16, 17): 0.5295, 0.1005, 1.6392, 0.3717
(16, 18): 0.3589, 0.1022, 2.3066, 0.3779
(16, 19): 0.3589, 0.1022, 2.3066, 0.3779
(16, 20): 0.5850, 0.1006, 1.7477, 0.4174
(16, 21): 0.6155, 0.1000, 1.5879, 0.3993
(16, 22): 0.6155, 0.1000, 1.5879, 0.3993
(16, 23): 0.4788, 0.1004, 2.0893, 0.4210
(16, 24): 0.5616, 0.1036, 1.8081, 0.4185
(16, 25): 0.5616, 0.1036, 1.8081, 0.4185
(16, 26): 0.5410, 0.1002, 1.9626, 0.3953
(16, 27): 0.5213, 0.1010, 1.7973, 0.3953
(16, 28): 0.4821, 0.1005, 1.9632, 0.3746
(16, 29): 0.4821, 0.1005, 1.9632, 0.3746
(16, 30): 0.3719, 0.1006, 2.1934, 0.3830
(16, 31): 0.3513, 0.1000, 2.2421, 0.3993
(16, 32): 0.3513, 0.1000, 2.2421, 0.3993
(16, 33): 0.4292, 0.1000, 1.9443, 0.4134
(16, 34): 0.5102, 0.1024, 1.7420, 0.4069
(16, 35): 0.5102, 0.1024, 1.7420, 0.4069
(16, 36): 0.3562, 0.1023, 2.1707, 0.3786
(16, 37): 0.5141, 0.1014, 1.7201, 0.4004
(17, 1): 0.3246, 0.1000, 2.2419, 0.3859
(17, 2): 0.3246, 0.1000, 2.2419, 0.3859
(17, 3): 0.4872, 0.1014, 1.7680, 0.3848
(17, 4): 0.4667, 0.1012, 1.8649, 0.3380
(17, 5): 0.4667, 0.1012, 1.8649, 0.3380
(17, 6): 0.1709, 0.1002, 3.4183, 0.3319
(17, 7): 0.1704, 0.1004, 3.3229, 0.3181
(17, 8): 0.2400, 0.1015, 3.0017, 0.3054
(17, 9): 0.2400, 0.1015, 3.0017, 0.3054
(17, 10): 0.3371, 0.1002, 2.4869, 0.4239
(17, 11): 0.4072, 0.1012, 2.0888, 0.3913
(17, 12): 0.4072, 0.1012, 2.0888, 0.3913
(17, 13): 0.4703, 0.1002, 1.9108, 0.3917
(17, 14): 0.3515, 0.1001, 2.4181, 0.3841
(17, 15): 0.3515, 0.1001, 2.4181, 0.3841
(17, 16): 0.4745, 0.1007, 1.9379, 0.3808
(17, 17): 0.4238, 0.1010, 2.0879, 0.3616
(17, 18): 0.5151, 0.1000, 1.9048, 0.4109
(17, 19): 0.5151, 0.1000, 1.9048, 0.4109
(17, 20): 0.5636, 0.1006, 1.8341, 0.3917
(17, 21): 0.6038, 0.1002, 1.5898, 0.3906
(17, 22): 0.6038, 0.1002, 1.5898, 0.3906
(17, 23): 0.4723, 0.1011, 1.9075, 0.4011
(17, 24): 0.5294, 0.1021, 1.8104, 0.3786
(17, 25): 0.5294, 0.1021, 1.8104, 0.3786
(17, 26): 0.5330, 0.1004, 1.9257, 0.3736
(17, 27): 0.6262, 0.1017, 1.5386, 0.3812
(17, 28): 0.4483, 0.1010, 2.0460, 0.3627
(17, 29): 0.4483, 0.1010, 2.0460, 0.3627
(17, 30): 0.4140, 0.1001, 2.0477, 0.3996
(17, 31): 0.5046, 0.1036, 1.7907, 0.3938
(17, 32): 0.5046, 0.1036, 1.7907, 0.3938
(17, 33): 0.4563, 0.1002, 2.0126, 0.4188
(17, 34): 0.3919, 0.1004, 2.1661, 0.3707
(17, 35): 0.3919, 0.1004, 2.1661, 0.3707
(17, 36): 0.4931, 0.1007, 1.7812, 0.3714
(17, 37): 0.3188, 0.1002, 2.3928, 0.3315
(18, 1): 0.4598, 0.1012, 1.8152, 0.3891
(18, 2): 0.4598, 0.1012, 1.8152, 0.3891
(18, 3): 0.4674, 0.1011, 1.9169, 0.3565
(18, 4): 0.2037, 0.1058, 3.3098, 0.3413
(18, 5): 0.2543, 0.1012, 2.9541, 0.3533
(18, 6): 0.2543, 0.1012, 2.9541, 0.3533
(18, 7): 0.3742, 0.1004, 2.3766, 0.4134
(18, 8): 0.3785, 0.1003, 2.3549, 0.4116
(18, 9): 0.3785, 0.1003, 2.3549, 0.4116
(18, 10): 0.3940, 0.1012, 2.1227, 0.3783
(18, 11): 0.4493, 0.1002, 1.9559, 0.3833
(18, 12): 0.4493, 0.1002, 1.9559, 0.3833
(18, 13): 0.4622, 0.1002, 1.9194, 0.3826
(18, 14): 0.4238, 0.1014, 1.9945, 0.4112
(18, 15): 0.4238, 0.1014, 1.9945, 0.4112
(18, 16): 0.4838, 0.1001, 1.9627, 0.3551
(18, 17): 0.6302, 0.1007, 1.6206, 0.4152
(18, 18): 0.5576, 0.1001, 1.7654, 0.3993
(18, 19): 0.5576, 0.1001, 1.7654, 0.3993
(18, 20): 0.5480, 0.1001, 1.8704, 0.3801
(18, 21): 0.5658, 0.1001, 1.7023, 0.3688
(18, 22): 0.5658, 0.1001, 1.7023, 0.3688
(18, 23): 0.5012, 0.1001, 1.9595, 0.3710
(18, 24): 0.5600, 0.1008, 1.7857, 0.4058
(18, 25): 0.5600, 0.1008, 1.7857, 0.4058
(18, 26): 0.5923, 0.1006, 1.6985, 0.3982
(18, 27): 0.5872, 0.1020, 1.6287, 0.4170
(18, 28): 0.5872, 0.1020, 1.6287, 0.4170
(18, 29): 0.5340, 0.1003, 1.7867, 0.4297
(18, 30): 0.4998, 0.1001, 1.8648, 0.3620
(18, 31): 0.4950, 0.1008, 1.9391, 0.4402
(18, 32): 0.4950, 0.1008, 1.9391, 0.4402
(18, 33): 0.4150, 0.1017, 2.2556, 0.3815
(18, 34): 0.3884, 0.1003, 2.1943, 0.3891
(18, 35): 0.3884, 0.1003, 2.1943, 0.3891
(18, 36): 0.3385, 0.1005, 2.2966, 0.3826
(18, 37): 0.4343, 0.1011, 1.8953, 0.3978
(19, 1): 0.3558, 0.1002, 1.6694, 0.3772
(19, 2): 0.3558, 0.1002, 1.6694, 0.3772
(19, 3): 0.2155, 0.1003, 3.3049, 0.2975
(19, 4): 0.2821, 0.1005, 2.9509, 0.3319
(19, 5): 0.4577, 0.1008, 2.1163, 0.3978
(19, 6): 0.4577, 0.1008, 2.1163, 0.3978
(19, 7): 0.4904, 0.1006, 1.8580, 0.3377
(19, 8): 0.4647, 0.1009, 1.9690, 0.3819
(19, 9): 0.4647, 0.1009, 1.9690, 0.3819
(19, 10): 0.4515, 0.1027, 2.0416, 0.4112
(19, 11): 0.5048, 0.1023, 1.7866, 0.3801
(19, 12): 0.5048, 0.1023, 1.7866, 0.3801
(19, 13): 0.4625, 0.1007, 1.8512, 0.3946
(19, 14): 0.5764, 0.1001, 1.6140, 0.3692
(19, 15): 0.5764, 0.1001, 1.6140, 0.3692
(19, 16): 0.6418, 0.1016, 1.6099, 0.3464
(19, 17): 0.6166, 0.1016, 1.6990, 0.3699
(19, 18): 0.5870, 0.1006, 1.7025, 0.3525
(19, 19): 0.5870, 0.1006, 1.7025, 0.3525
(19, 20): 0.5225, 0.1019, 1.7622, 0.3757
(19, 21): 0.6124, 0.1007, 1.6969, 0.3862
(19, 22): 0.6124, 0.1007, 1.6969, 0.3862
(19, 23): 0.4747, 0.1006, 2.0561, 0.3620
(19, 24): 0.4857, 0.1009, 1.9772, 0.3543
(19, 25): 0.4857, 0.1009, 1.9772, 0.3543
(19, 26): 0.5322, 0.1010, 1.8673, 0.3888
(19, 27): 0.6204, 0.1000, 1.4778, 0.4083
(19, 28): 0.6204, 0.1000, 1.4778, 0.4083
(19, 29): 0.5788, 0.1008, 1.6510, 0.3862
(19, 30): 0.4870, 0.1006, 1.9629, 0.4293
(19, 31): 0.3797, 0.1014, 2.2853, 0.3478
(19, 32): 0.3797, 0.1014, 2.2853, 0.3478
(19, 33): 0.4947, 0.1018, 1.8502, 0.3775
(19, 34): 0.4317, 0.1000, 2.0249, 0.4047
(19, 35): 0.4317, 0.1000, 2.0249, 0.4047
(19, 36): 0.4410, 0.1002, 1.9387, 0.4196
(19, 37): 0.4426, 0.1002, 1.8963, 0.4029
(20, 1): 0.4545, 0.1023, 1.4795, 0.3670
(20, 2): 0.4545, 0.1023, 1.4795, 0.3670
(20, 3): 0.4572, 0.1013, 2.0823, 0.4065
(20, 4): 0.4804, 0.1004, 2.0632, 0.4120
(20, 5): 0.5006, 0.1003, 1.8607, 0.3402
(20, 6): 0.5006, 0.1003, 1.8607, 0.3402
(20, 7): 0.4903, 0.1006, 1.9401, 0.3873
(20, 8): 0.4970, 0.1007, 1.8366, 0.3732
(20, 9): 0.4970, 0.1007, 1.8366, 0.3732
(20, 10): 0.4705, 0.1006, 1.8786, 0.3717
(20, 11): 0.5704, 0.1024, 1.7295, 0.3761
(20, 12): 0.5704, 0.1024, 1.7295, 0.3761
(20, 13): 0.6000, 0.1006, 1.6427, 0.3736
(20, 14): 0.6505, 0.1006, 1.5878, 0.3826
(20, 15): 0.6505, 0.1006, 1.5878, 0.3826
(20, 16): 0.5679, 0.1002, 1.8319, 0.4076
(20, 17): 0.5086, 0.1004, 1.9818, 0.3283
(20, 18): 0.5576, 0.1000, 1.6246, 0.3764
(20, 19): 0.5576, 0.1000, 1.6246, 0.3764
(20, 20): 0.5797, 0.1012, 1.5944, 0.3768
(20, 21): 0.5766, 0.1011, 1.7030, 0.3511
(20, 22): 0.5766, 0.1011, 1.7030, 0.3511
(20, 23): 0.5725, 0.1005, 1.7776, 0.3793
(20, 24): 0.5852, 0.1002, 1.6553, 0.3859
(20, 25): 0.5852, 0.1002, 1.6553, 0.3859
(20, 26): 0.5810, 0.1016, 1.6788, 0.3790
(20, 27): 0.4729, 0.1010, 2.0263, 0.3435
(20, 28): 0.4729, 0.1010, 2.0263, 0.3435
(20, 29): 0.6385, 0.1003, 1.5501, 0.4105
(20, 30): 0.3368, 0.1002, 2.5963, 0.4428
(20, 31): 0.5986, 0.1012, 1.5956, 0.4152
(20, 32): 0.5986, 0.1012, 1.5956, 0.4152
(20, 33): 0.5751, 0.1004, 1.6895, 0.3797
(20, 34): 0.5717, 0.1012, 1.5620, 0.3764
(20, 35): 0.5717, 0.1012, 1.5620, 0.3764
(20, 36): 0.5576, 0.1000, 1.6471, 0.3739
(20, 37): 0.5825, 0.1006, 1.5382, 0.4178
(21, 1): 0.4159, 0.1012, 1.5814, 0.3543
(21, 2): 0.5347, 0.1005, 1.6296, 0.3935
(21, 3): 0.5347, 0.1005, 1.6296, 0.3935
(21, 4): 0.5205, 0.1001, 1.8511, 0.3717
(21, 5): 0.5688, 0.1004, 1.6054, 0.4000
(21, 6): 0.5688, 0.1004, 1.6054, 0.4000
(21, 7): 0.5273, 0.1017, 1.6969, 0.3888
(21, 8): 0.5763, 0.1011, 1.5432, 0.3830
(21, 9): 0.5763, 0.1011, 1.5432, 0.3830
(21, 10): 0.5668, 0.1001, 1.5473, 0.3797
(21, 11): 0.6221, 0.1000, 1.4826, 0.3819
(21, 12): 0.6221, 0.1000, 1.4826, 0.3819
(21, 13): 0.5958, 0.1004, 1.5420, 0.4022
(21, 14): 0.6123, 0.1000, 1.5012, 0.3783
(21, 15): 0.6123, 0.1000, 1.5012, 0.3783
(21, 16): 0.5462, 0.1004, 1.8324, 0.3953
(21, 17): 0.5254, 0.1012, 1.8837, 0.3913
(21, 18): 0.5689, 0.1011, 1.7378, 0.3928
(21, 19): 0.5689, 0.1011, 1.7378, 0.3928
(21, 20): 0.6385, 0.1008, 1.5270, 0.4225
(21, 21): 0.5844, 0.1013, 1.6828, 0.3623
(21, 22): 0.5844, 0.1013, 1.6828, 0.3623
(21, 23): 0.6027, 0.1001, 1.5675, 0.4344
(21, 24): 0.5547, 0.1000, 1.7093, 0.3594
(21, 25): 0.5547, 0.1000, 1.7093, 0.3594
(21, 26): 0.5056, 0.1004, 1.9379, 0.3746
(21, 27): 0.5780, 0.1037, 1.7571, 0.3764
(21, 28): 0.5780, 0.1037, 1.7571, 0.3764
(21, 29): 0.5732, 0.1007, 1.8153, 0.3953
(21, 30): 0.4891, 0.1007, 2.0554, 0.3790
(21, 31): 0.6410, 0.1004, 1.4959, 0.4004
(21, 32): 0.6410, 0.1004, 1.4959, 0.4004
(21, 33): 0.6384, 0.1004, 1.4423, 0.3949
(21, 34): 0.6144, 0.1000, 1.4371, 0.3960
(21, 35): 0.6144, 0.1000, 1.4371, 0.3960
(21, 36): 0.5477, 0.1007, 1.6029, 0.3931
(21, 37): 0.4774, 0.1007, 1.8322, 0.4420
(22, 1): 0.3382, 0.1023, 1.7768, 0.3746
(22, 2): 0.3207, 0.1004, 1.8730, 0.4101
(22, 3): 0.3207, 0.1004, 1.8730, 0.4101
(22, 4): 0.5847, 0.1013, 1.5744, 0.3772
(22, 5): 0.5626, 0.1011, 1.5647, 0.3685
(22, 6): 0.5626, 0.1011, 1.5647, 0.3685
(22, 7): 0.5883, 0.1007, 1.5120, 0.3692
(22, 8): 0.5824, 0.1023, 1.5330, 0.3696
(22, 9): 0.5824, 0.1023, 1.5330, 0.3696
(22, 10): 0.5942, 0.1001, 1.5116, 0.3750
(22, 11): 0.5673, 0.1006, 1.5647, 0.3772
(22, 12): 0.5673, 0.1006, 1.5647, 0.3772
(22, 13): 0.5849, 0.1002, 1.5288, 0.3688
(22, 14): 0.5864, 0.1005, 1.5215, 0.3696
(22, 15): 0.4185, 0.1005, 1.9667, 0.3913
(22, 16): 0.4185, 0.1005, 1.9667, 0.3913
(22, 17): 0.4436, 0.1002, 2.0604, 0.3576
(22, 18): 0.6285, 0.1011, 1.5511, 0.3438
(22, 19): 0.6285, 0.1011, 1.5511, 0.3438
(22, 20): 0.7270, 0.1005, 1.2880, 0.3551
(22, 21): 0.8399, 0.1015, 1.0429, 0.4069
(22, 22): 0.8399, 0.1015, 1.0429, 0.4069
(22, 23): 0.6421, 0.1004, 1.4503, 0.3471
(22, 24): 0.6581, 0.1004, 1.4884, 0.3721
(22, 25): 0.6581, 0.1004, 1.4884, 0.3721
(22, 26): 0.5929, 0.1002, 1.6880, 0.3707
(22, 27): 0.5502, 0.1004, 1.8630, 0.4174
(22, 28): 0.5502, 0.1004, 1.8630, 0.4174
(22, 29): 0.6796, 0.1008, 1.5345, 0.3848
(22, 30): 0.5781, 0.1002, 1.7720, 0.3942
(22, 31): 0.5412, 0.1006, 1.8452, 0.3971
(22, 32): 0.5412, 0.1006, 1.8452, 0.3971
(22, 33): 0.4918, 0.1015, 1.9759, 0.4199
(22, 34): 0.4619, 0.1002, 1.8985, 0.4246
(22, 35): 0.4619, 0.1002, 1.8985, 0.4246
(22, 36): 0.5104, 0.1012, 1.6858, 0.4254
(22, 37): 0.2519, 0.1008, 2.6747, 0.3612
(23, 1): 0.2895, 0.1002, 1.8962, 0.3370
(23, 2): 0.2552, 0.1004, 1.9378, 0.3261
(23, 3): 0.2552, 0.1004, 1.9378, 0.3261
(23, 4): 0.5934, 0.1008, 1.5068, 0.3917
(23, 5): 0.5811, 0.1006, 1.5232, 0.3623
(23, 6): 0.5811, 0.1006, 1.5232, 0.3623
(23, 7): 0.6089, 0.1005, 1.4670, 0.3674
(23, 8): 0.5948, 0.1012, 1.5092, 0.3703
(23, 9): 0.5948, 0.1012, 1.5092, 0.3703
(23, 10): 0.5762, 0.1016, 1.5741, 0.3667
(23, 11): 0.3786, 0.1016, 1.9947, 0.3192
(23, 12): 0.3786, 0.1016, 1.9947, 0.3192
(23, 13): 0.3961, 0.1017, 1.9496, 0.3935
(23, 14): 0.3960, 0.1016, 1.9466, 0.3790
(23, 15): 0.4034, 0.1011, 1.8832, 0.3236
(23, 16): 0.4034, 0.1011, 1.8832, 0.3236
(23, 17): 0.5201, 0.1013, 1.8005, 0.3286
(23, 18): 0.6432, 0.1006, 1.5008, 0.3525
(23, 19): 0.6432, 0.1006, 1.5008, 0.3525
(23, 20): 0.7364, 0.1003, 1.2708, 0.3746
(23, 21): 0.8650, 0.1001, 0.9759, 0.3721
(23, 22): 0.8650, 0.1001, 0.9759, 0.3721
(23, 23): 0.6727, 0.1000, 1.4646, 0.4486
(23, 24): 0.7152, 0.1000, 1.4191, 0.3736
(23, 25): 0.7152, 0.1000, 1.4191, 0.3736
(23, 26): 0.4419, 0.1007, 2.1660, 0.4069
(23, 27): 0.5128, 0.1011, 1.9154, 0.3580
(23, 28): 0.5128, 0.1011, 1.9154, 0.3580
(23, 29): 0.6322, 0.1008, 1.7603, 0.3877
(23, 30): 0.4643, 0.1003, 2.1441, 0.3870
(23, 31): 0.3883, 0.1008, 2.4474, 0.3391
(23, 32): 0.3883, 0.1008, 2.4474, 0.3391
(23, 33): 0.5806, 0.1007, 1.6677, 0.3891
(23, 34): 0.4243, 0.1001, 2.0148, 0.3982
(23, 35): 0.4243, 0.1001, 2.0148, 0.3982
(23, 36): 0.4281, 0.1001, 1.9921, 0.4025
(23, 37): 0.3588, 0.1005, 2.2741, 0.3906
(24, 1): 0.2873, 0.1005, 1.8611, 0.3290
(24, 2): 0.2726, 0.1017, 1.8873, 0.3301
(24, 3): 0.2726, 0.1017, 1.8873, 0.3301
(24, 4): 0.6047, 0.1016, 1.4842, 0.3685
(24, 5): 0.3735, 0.1004, 1.7879, 0.4047
(24, 6): 0.3735, 0.1004, 1.7879, 0.4047
(24, 7): 0.3756, 0.1001, 1.8094, 0.4167
(24, 8): 0.4026, 0.1005, 1.7467, 0.4145
(24, 9): 0.4026, 0.1005, 1.7467, 0.4145
(24, 10): 0.4320, 0.1006, 1.6703, 0.3366
(24, 11): 0.4125, 0.1008, 1.7352, 0.4004
(24, 12): 0.4125, 0.1008, 1.7352, 0.4004
(24, 13): 0.3961, 0.1017, 1.9496, 0.3935
(24, 14): 0.3960, 0.1016, 1.9466, 0.3790
(24, 15): 0.4034, 0.1011, 1.8832, 0.3236
(24, 16): 0.4034, 0.1011, 1.8832, 0.3236
(24, 17): 0.5201, 0.1013, 1.8005, 0.3286
(24, 18): 0.6432, 0.1006, 1.5008, 0.3525
(24, 19): 0.6432, 0.1006, 1.5008, 0.3525
(24, 20): 0.7364, 0.1003, 1.2708, 0.3746
(24, 21): 0.8650, 0.1001, 0.9759, 0.3721
(24, 22): 0.8650, 0.1001, 0.9759, 0.3721
(24, 23): 0.6727, 0.1000, 1.4646, 0.4486
(24, 24): 0.7152, 0.1000, 1.4191, 0.3736
(24, 25): 0.7152, 0.1000, 1.4191, 0.3736
(24, 26): 0.4419, 0.1007, 2.1660, 0.4069
(24, 27): 0.5128, 0.1011, 1.9154, 0.3580
(24, 28): 0.5128, 0.1011, 1.9154, 0.3580
(24, 29): 0.6322, 0.1008, 1.7603, 0.3877
(24, 30): 0.4643, 0.1003, 2.1441, 0.3870
(24, 31): 0.3584, 0.1004, 2.5472, 0.3761
(24, 32): 0.5570, 0.1004, 1.8314, 0.4025
(24, 33): 0.3952, 0.1005, 2.3095, 0.3935
(24, 34): 0.4664, 0.1003, 1.8623, 0.4025
(24, 35): 0.4664, 0.1003, 1.8623, 0.4025
(24, 36): 0.3470, 0.1000, 2.3107, 0.3167
(24, 37): 0.4351, 0.1001, 2.0777, 0.4091
(25, 1): 0.2721, 0.1007, 1.8811, 0.3250
(25, 2): 0.2671, 0.1006, 1.8915, 0.3210
(25, 3): 0.2671, 0.1006, 1.8915, 0.3210
(25, 4): 0.3615, 0.1002, 1.9207, 0.3496
(25, 5): 0.3769, 0.1001, 1.8601, 0.3790
(25, 6): 0.3769, 0.1001, 1.8601, 0.3790
(25, 7): 0.3756, 0.1001, 1.8094, 0.4167
(25, 8): 0.4026, 0.1005, 1.7467, 0.4145
(25, 9): 0.4026, 0.1005, 1.7467, 0.4145
(25, 10): 0.4320, 0.1006, 1.6703, 0.3366
(25, 11): 0.4125, 0.1008, 1.7352, 0.4004
(25, 12): 0.4125, 0.1008, 1.7352, 0.4004
(25, 13): 0.4025, 0.1002, 1.7717, 0.3612
(25, 14): 0.3949, 0.1017, 1.7767, 0.3764
(25, 15): 0.3841, 0.1017, 1.7974, 0.3525
(25, 16): 0.3841, 0.1017, 1.7974, 0.3525
(25, 17): 0.4629, 0.1003, 1.8367, 0.4087
(25, 18): 0.6781, 0.1002, 1.4200, 0.4043
(25, 19): 0.6781, 0.1002, 1.4200, 0.4043
(25, 20): 0.5208, 0.1015, 1.7241, 0.4087
(25, 21): 0.5469, 0.1005, 1.6689, 0.3899
(25, 22): 0.5469, 0.1005, 1.6689, 0.3899
(25, 23): 0.6685, 0.1005, 1.4183, 0.3641
(25, 24): 0.7815, 0.1001, 1.2491, 0.3975
(25, 25): 0.7815, 0.1001, 1.2491, 0.3975
(25, 26): 0.5005, 0.1011, 1.9792, 0.3221
(25, 27): 0.5964, 0.1006, 1.6234, 0.3638
(25, 28): 0.5964, 0.1006, 1.6234, 0.3638
(25, 29): 0.5761, 0.1007, 1.7257, 0.3685
(25, 30): 0.3584, 0.1004, 2.5472, 0.3761
(25, 31): 0.3584, 0.1004, 2.5472, 0.3761
(25, 32): 0.5570, 0.1004, 1.8314, 0.4025
(25, 33): 0.3952, 0.1005, 2.3095, 0.3935
(25, 34): 0.4664, 0.1003, 1.8623, 0.4025
(25, 35): 0.4664, 0.1003, 1.8623, 0.4025
(25, 36): 0.3470, 0.1000, 2.3107, 0.3167
(25, 37): 0.5244, 0.1000, 1.8011, 0.3562
(26, 1): 0.2432, 0.1007, 1.9723, 0.3275
(26, 2): 0.2671, 0.1006, 1.8915, 0.3210
(26, 3): 0.2671, 0.1006, 1.8915, 0.3210
(26, 4): 0.3615, 0.1002, 1.9207, 0.3496
(26, 5): 0.3769, 0.1001, 1.8601, 0.3790
(26, 6): 0.3769, 0.1001, 1.8601, 0.3790
(26, 7): 0.3931, 0.1000, 1.8431, 0.3315
(26, 8): 0.3844, 0.1016, 1.9011, 0.3312
(26, 9): 0.3844, 0.1016, 1.9011, 0.3312
(26, 10): 0.4146, 0.1004, 1.8207, 0.3297
(26, 11): 0.4215, 0.1003, 1.8695, 0.3333
(26, 12): 0.4215, 0.1003, 1.8695, 0.3333
(26, 13): 0.3544, 0.1009, 1.9961, 0.3344
(26, 14): 0.3581, 0.1022, 1.9822, 0.3330
(26, 15): 0.4086, 0.1002, 1.8351, 0.3801
(26, 16): 0.4086, 0.1002, 1.8351, 0.3801
(26, 17): 0.4674, 0.1001, 1.6591, 0.3688
(26, 18): 0.4839, 0.1007, 1.6010, 0.3616
(26, 19): 0.4839, 0.1007, 1.6010, 0.3616
(26, 20): 0.7653, 0.1005, 1.1583, 0.4192
(26, 21): 0.8105, 0.1005, 1.1326, 0.4022
(26, 22): 0.8105, 0.1005, 1.1326, 0.4022
(26, 23): 0.6968, 0.1006, 1.4367, 0.3543
(26, 24): 0.7376, 0.1000, 1.3055, 0.4217
(26, 25): 0.7376, 0.1000, 1.3055, 0.4217
(26, 26): 0.6206, 0.1011, 1.6683, 0.3826
(26, 27): 0.6784, 0.1001, 1.4469, 0.3656
(26, 28): 0.6784, 0.1001, 1.4469, 0.3656
(26, 29): 0.5331, 0.1001, 1.8725, 0.3920
(26, 30): 0.5240, 0.1001, 1.8543, 0.3826
(26, 31): 0.5240, 0.1001, 1.8543, 0.3826
(26, 32): 0.5359, 0.1008, 1.8327, 0.3489
(26, 33): 0.4590, 0.1004, 1.9115, 0.3967
(26, 34): 0.3615, 0.1016, 2.2179, 0.4022
(26, 35): 0.3615, 0.1016, 2.2179, 0.4022
(26, 36): 0.5691, 0.1000, 1.5055, 0.3953
(26, 37): 0.5244, 0.1000, 1.8011, 0.3562
(27, 1): 0.2432, 0.1007, 1.9723, 0.3275
(27, 2): 0.2946, 0.1001, 1.8946, 0.3486
(27, 3): 0.2946, 0.1001, 1.8946, 0.3486
(27, 4): 0.3599, 0.1002, 1.9037, 0.3674
(27, 5): 0.3847, 0.1004, 1.8504, 0.3359
(27, 6): 0.3847, 0.1004, 1.8504, 0.3359
(27, 7): 0.4367, 0.1001, 1.7159, 0.3185
(27, 8): 0.4212, 0.1011, 1.7901, 0.3254
(27, 9): 0.4212, 0.1011, 1.7901, 0.3254
(27, 10): 0.3994, 0.1014, 1.8634, 0.4018
(27, 11): 0.3913, 0.1005, 1.8930, 0.3272
(27, 12): 0.4049, 0.1005, 1.8484, 0.3884
(27, 13): 0.4049, 0.1005, 1.8484, 0.3884
(27, 14): 0.4217, 0.1008, 1.8166, 0.3844
(27, 15): 0.6284, 0.1004, 1.3497, 0.3493
(27, 16): 0.6284, 0.1004, 1.3497, 0.3493
(27, 17): 0.6372, 0.1013, 1.3313, 0.3533
(27, 18): 0.6162, 0.1013, 1.3732, 0.3616
(27, 19): 0.6162, 0.1013, 1.3732, 0.3616
(27, 20): 0.6685, 0.1010, 1.3897, 0.3438
(27, 21): 0.7732, 0.1000, 1.2127, 0.3902
(27, 22): 0.7732, 0.1000, 1.2127, 0.3902
(27, 23): 0.6447, 0.1006, 1.5870, 0.3855
(27, 24): 0.6708, 0.1003, 1.4472, 0.3341
(27, 25): 0.6708, 0.1003, 1.4472, 0.3341
(27, 26): 0.5515, 0.1002, 1.8425, 0.3482
(27, 27): 0.5939, 0.1005, 1.6378, 0.3540
(27, 28): 0.5939, 0.1005, 1.6378, 0.3540
(27, 29): 0.5106, 0.1001, 1.8807, 0.3779
(27, 30): 0.5716, 0.1005, 1.6795, 0.3797
(27, 31): 0.5716, 0.1005, 1.6795, 0.3797
(27, 32): 0.5006, 0.1002, 2.0404, 0.3699
(27, 33): 0.5702, 0.1005, 1.7055, 0.3725
(27, 34): 0.5702, 0.1005, 1.7055, 0.3725
(27, 35): 0.5746, 0.1009, 1.6499, 0.3873
(27, 36): 0.5202, 0.1005, 1.7310, 0.3757
(27, 37): 0.4520, 0.1013, 2.0152, 0.4467
(28, 1): 0.2712, 0.1005, 1.9040, 0.3428
(28, 2): 0.2663, 0.1016, 1.9694, 0.3486
(28, 3): 0.2663, 0.1016, 1.9694, 0.3486
(28, 4): 0.3647, 0.1015, 1.9082, 0.3264
(28, 5): 0.4122, 0.1007, 1.7734, 0.3203
(28, 6): 0.4122, 0.1007, 1.7734, 0.3203
(28, 7): 0.4432, 0.1004, 1.7156, 0.3250
(28, 8): 0.4304, 0.1010, 1.7792, 0.3170
(28, 9): 0.4304, 0.1010, 1.7792, 0.3170
(28, 10): 0.4104, 0.1007, 1.8407, 0.3264
(28, 11): 0.5142, 0.1000, 1.5967, 0.3772
(28, 12): 0.4789, 0.1002, 1.6820, 0.3667
(28, 13): 0.4789, 0.1002, 1.6820, 0.3667
(28, 14): 0.6073, 0.1002, 1.3847, 0.3351
(28, 15): 0.6426, 0.1003, 1.3170, 0.3464
(28, 16): 0.6426, 0.1003, 1.3170, 0.3464
(28, 17): 0.6752, 0.1013, 1.2584, 0.3511
(28, 18): 0.6482, 0.1006, 1.3174, 0.4192
(28, 19): 0.6482, 0.1006, 1.3174, 0.4192
(28, 20): 0.6896, 0.1006, 1.3275, 0.4040
(28, 21): 0.6776, 0.1003, 1.2776, 0.3909
(28, 22): 0.6776, 0.1003, 1.2776, 0.3909
(28, 23): 0.7714, 0.1002, 1.1524, 0.3406
(28, 24): 0.6471, 0.1005, 1.4153, 0.3402
(28, 25): 0.6471, 0.1005, 1.4153, 0.3402
(28, 26): 0.6582, 0.1014, 1.4747, 0.3681
(28, 27): 0.6101, 0.1001, 1.5459, 0.3616
(28, 28): 0.6101, 0.1001, 1.5459, 0.3616
(28, 29): 0.5975, 0.1001, 1.5756, 0.3754
(28, 30): 0.6043, 0.1022, 1.6191, 0.3906
(28, 31): 0.6043, 0.1022, 1.6191, 0.3906
(28, 32): 0.4494, 0.1000, 2.0548, 0.3033
(28, 33): 0.6235, 0.1007, 1.5756, 0.3612
(28, 34): 0.6235, 0.1007, 1.5756, 0.3612
(28, 35): 0.5249, 0.1001, 1.8297, 0.3482
(28, 36): 0.6440, 0.1003, 1.4112, 0.3830
(28, 37): 0.6035, 0.1004, 1.5378, 0.4330
(29, 1): 0.2442, 0.1007, 1.9965, 0.3362
(29, 2): 0.2962, 0.1005, 1.9274, 0.3449
(29, 3): 0.2962, 0.1005, 1.9274, 0.3449
(29, 4): 0.4106, 0.1010, 1.8075, 0.3268
(29, 5): 0.4099, 0.1004, 1.7950, 0.3917
(29, 6): 0.4099, 0.1004, 1.7950, 0.3917
(29, 7): 0.4126, 0.1001, 1.8034, 0.3261
(29, 8): 0.5025, 0.1003, 1.5972, 0.3728
(29, 9): 0.5085, 0.1003, 1.5889, 0.3826
(29, 10): 0.5085, 0.1003, 1.5889, 0.3826
(29, 11): 0.6658, 0.1010, 1.2765, 0.3409
(29, 12): 0.6088, 0.1010, 1.3866, 0.3496
(29, 13): 0.6088, 0.1010, 1.3866, 0.3496
(29, 14): 0.6006, 0.1006, 1.3905, 0.3438
(29, 15): 0.6273, 0.1004, 1.3350, 0.3543
(29, 16): 0.6273, 0.1004, 1.3350, 0.3543
(29, 17): 0.6719, 0.1003, 1.2561, 0.3500
(29, 18): 0.7357, 0.1012, 1.1593, 0.3946
(29, 19): 0.7357, 0.1012, 1.1593, 0.3946
(29, 20): 0.6792, 0.1018, 1.2682, 0.3917
(29, 21): 0.6947, 0.1001, 1.2433, 0.3688
(29, 22): 0.6947, 0.1001, 1.2433, 0.3688
(29, 23): 0.7238, 0.1002, 1.2185, 0.3797
(29, 24): 0.6612, 0.1001, 1.3285, 0.3370
(29, 25): 0.6612, 0.1001, 1.3285, 0.3370
(29, 26): 0.7119, 0.1000, 1.2651, 0.3330
(29, 27): 0.6153, 0.1000, 1.5019, 0.3656
(29, 28): 0.6153, 0.1000, 1.5019, 0.3656
(29, 29): 0.5759, 0.1002, 1.5481, 0.3554
(29, 30): 0.5356, 0.1001, 1.7618, 0.3583
(29, 31): 0.5356, 0.1001, 1.7618, 0.3583
(29, 32): 0.7063, 0.1005, 1.3358, 0.4076
(29, 33): 0.4880, 0.1011, 1.9437, 0.4246
(29, 34): 0.4880, 0.1011, 1.9437, 0.4246
(29, 35): 0.5172, 0.1000, 1.8091, 0.3707
(29, 36): 0.7982, 0.1001, 1.2135, 0.4250
(29, 37): 0.7982, 0.1001, 1.2135, 0.4250
(30, 1): 0.2716, 0.1059, 1.8897, 0.3257
(30, 2): 0.4009, 0.1010, 1.8488, 0.3565
(30, 3): 0.4009, 0.1010, 1.8488, 0.3565
(30, 4): 0.4127, 0.1005, 1.8152, 0.3304
(30, 5): 0.4269, 0.1008, 1.7588, 0.3261
(30, 6): 0.5566, 0.1009, 1.4665, 0.3580
(30, 7): 0.5566, 0.1009, 1.4665, 0.3580
(30, 8): 0.6283, 0.1002, 1.3414, 0.3511
(30, 9): 0.6323, 0.1010, 1.3338, 0.3446
(30, 10): 0.6323, 0.1010, 1.3338, 0.3446
(30, 11): 0.6037, 0.1004, 1.3932, 0.3475
(30, 12): 0.5830, 0.1001, 1.4227, 0.3482
(30, 13): 0.5830, 0.1001, 1.4227, 0.3482
(30, 14): 0.6092, 0.1008, 1.3722, 0.3482
(30, 15): 0.6155, 0.1001, 1.3432, 0.3489
(30, 16): 0.6155, 0.1001, 1.3432, 0.3489
(30, 17): 0.6290, 0.1008, 1.3251, 0.4170
(30, 18): 0.6826, 0.1007, 1.2391, 0.4062
(30, 19): 0.6826, 0.1007, 1.2391, 0.4062
(30, 20): 0.6836, 0.1011, 1.2506, 0.3989
(30, 21): 0.6449, 0.1004, 1.3176, 0.4098
(30, 22): 0.6449, 0.1004, 1.3176, 0.4098
(30, 23): 0.5825, 0.1007, 1.4582, 0.3409
(30, 24): 0.6360, 0.1001, 1.3737, 0.3841
(30, 25): 0.6360, 0.1001, 1.3737, 0.3841
(30, 26): 0.6299, 0.1005, 1.4288, 0.3486
(30, 27): 0.5787, 0.1011, 1.5539, 0.3888
(30, 28): 0.5787, 0.1011, 1.5539, 0.3888
(30, 29): 0.5964, 0.1009, 1.5076, 0.3888
(30, 30): 0.6304, 0.1007, 1.5018, 0.3540
(30, 31): 0.6304, 0.1007, 1.5018, 0.3540
(30, 32): 0.6654, 0.1011, 1.4294, 0.3533
(30, 33): 0.4564, 0.1009, 1.9052, 0.3917
(30, 34): 0.4564, 0.1009, 1.9052, 0.3917
(30, 35): 0.5611, 0.1008, 1.6961, 0.3663
(30, 36): 0.5739, 0.1004, 1.6603, 0.4018
(30, 37): 0.5739, 0.1004, 1.6603, 0.4018
(31, 1): 0.2716, 0.1059, 1.8897, 0.3257
(31, 2): 0.4009, 0.1010, 1.8488, 0.3565
(31, 3): 0.4127, 0.1005, 1.8152, 0.3304
(31, 4): 0.4127, 0.1005, 1.8152, 0.3304
(31, 5): 0.4269, 0.1008, 1.7588, 0.3261
(31, 6): 0.5566, 0.1009, 1.4665, 0.3580
(31, 7): 0.5566, 0.1009, 1.4665, 0.3580
(31, 8): 0.6283, 0.1002, 1.3414, 0.3511
(31, 9): 0.6323, 0.1010, 1.3338, 0.3446
(31, 10): 0.6323, 0.1010, 1.3338, 0.3446
(31, 11): 0.6037, 0.1004, 1.3932, 0.3475
(31, 12): 0.5830, 0.1001, 1.4227, 0.3482
(31, 13): 0.5830, 0.1001, 1.4227, 0.3482
(31, 14): 0.6092, 0.1008, 1.3722, 0.3482
(31, 15): 0.6155, 0.1001, 1.3432, 0.3489
(31, 16): 0.6155, 0.1001, 1.3432, 0.3489
(31, 17): 0.6290, 0.1008, 1.3251, 0.4170
(31, 18): 0.6826, 0.1007, 1.2391, 0.4062
(31, 19): 0.6826, 0.1007, 1.2391, 0.4062
(31, 20): 0.6836, 0.1011, 1.2506, 0.3989
(31, 21): 0.6449, 0.1004, 1.3176, 0.4098
(31, 22): 0.6449, 0.1004, 1.3176, 0.4098
(31, 23): 0.5825, 0.1007, 1.4582, 0.3409
(31, 24): 0.6360, 0.1001, 1.3737, 0.3841
(31, 25): 0.6360, 0.1001, 1.3737, 0.3841
(31, 26): 0.6299, 0.1005, 1.4288, 0.3486
(31, 27): 0.5787, 0.1011, 1.5539, 0.3888
(31, 28): 0.5787, 0.1011, 1.5539, 0.3888
(31, 29): 0.5964, 0.1009, 1.5076, 0.3888
(31, 30): 0.6304, 0.1007, 1.5018, 0.3540
(31, 31): 0.6304, 0.1007, 1.5018, 0.3540
(31, 32): 0.6654, 0.1011, 1.4294, 0.3533
(31, 33): 0.4564, 0.1009, 1.9052, 0.3917
(31, 34): 0.4564, 0.1009, 1.9052, 0.3917
(31, 35): 0.5611, 0.1008, 1.6961, 0.3663
(31, 36): 0.5739, 0.1004, 1.6603, 0.4018
(31, 37): 0.5739, 0.1004, 1.6603, 0.4018
(32, 1): 0.2716, 0.1059, 1.8897, 0.3257
(32, 2): 0.4009, 0.1010, 1.8488, 0.3565
(32, 3): 0.4127, 0.1005, 1.8152, 0.3304
(32, 4): 0.4127, 0.1005, 1.8152, 0.3304
(32, 5): 0.4269, 0.1008, 1.7588, 0.3261
(32, 6): 0.5566, 0.1009, 1.4665, 0.3580
(32, 7): 0.5566, 0.1009, 1.4665, 0.3580
(32, 8): 0.6283, 0.1002, 1.3414, 0.3511
(32, 9): 0.6323, 0.1010, 1.3338, 0.3446
(32, 10): 0.6323, 0.1010, 1.3338, 0.3446
(32, 11): 0.6037, 0.1004, 1.3932, 0.3475
(32, 12): 0.5830, 0.1001, 1.4227, 0.3482
(32, 13): 0.5830, 0.1001, 1.4227, 0.3482
(32, 14): 0.6092, 0.1008, 1.3722, 0.3482
(32, 15): 0.6155, 0.1001, 1.3432, 0.3489
(32, 16): 0.6155, 0.1001, 1.3432, 0.3489
(32, 17): 0.6290, 0.1008, 1.3251, 0.4170
(32, 18): 0.6826, 0.1007, 1.2391, 0.4062
(32, 19): 0.6826, 0.1007, 1.2391, 0.4062
(32, 20): 0.6836, 0.1011, 1.2506, 0.3989
(32, 21): 0.6449, 0.1004, 1.3176, 0.4098
(32, 22): 0.6449, 0.1004, 1.3176, 0.4098
(32, 23): 0.5825, 0.1007, 1.4582, 0.3409
(32, 24): 0.6360, 0.1001, 1.3737, 0.3841
(32, 25): 0.6360, 0.1001, 1.3737, 0.3841
(32, 26): 0.6299, 0.1005, 1.4288, 0.3486
(32, 27): 0.5787, 0.1011, 1.5539, 0.3888
(32, 28): 0.5787, 0.1011, 1.5539, 0.3888
(32, 29): 0.5964, 0.1009, 1.5076, 0.3888
(32, 30): 0.6304, 0.1007, 1.5018, 0.3540
(32, 31): 0.6304, 0.1007, 1.5018, 0.3540
(32, 32): 0.6654, 0.1011, 1.4294, 0.3533
(32, 33): 0.4564, 0.1009, 1.9052, 0.3917
(32, 34): 0.4564, 0.1009, 1.9052, 0.3917
(32, 35): 0.5611, 0.1008, 1.6961, 0.3663
(32, 36): 0.5739, 0.1004, 1.6603, 0.4018
(32, 37): 0.5739, 0.1004, 1.6603, 0.4018
