(1, 1): 0.1603, 11.0112, 3.1246
(1, 2): 0.1603, 11.0112, 3.1246
(1, 3): 0.1349, 11.0124, 3.2212
(1, 4): 0.1349, 11.0124, 3.2212
(1, 5): 0.1554, 11.0511, 3.5485
(1, 6): 0.3758, 11.0499, 2.7124
(1, 7): 0.2842, 11.0343, 3.0908
(1, 8): 0.2842, 11.0343, 3.0908
(1, 9): 0.5201, 11.0187, 2.1708
(1, 10): 0.2275, 11.0151, 3.2628
(1, 11): 0.2275, 11.0151, 3.2628
(1, 12): 0.1414, 11.0592, 3.7377
(1, 13): 0.2088, 11.0863, 3.6274
(1, 14): 0.2819, 11.1267, 3.3216
(1, 15): 0.2819, 11.1267, 3.3216
(1, 16): 0.3673, 11.0295, 2.5246
(1, 17): -0.1295, 11.3573, 4.4643
(1, 18): -0.1295, 11.3573, 4.4643
(1, 19): 0.0233, 11.0685, 4.1399
(1, 20): 0.1147, 11.0195, 4.8695
(1, 21): 0.1284, 11.0509, 4.9413
(1, 22): 0.1284, 11.0509, 4.9413
(1, 23): 0.1965, 11.0434, 5.2460
(1, 24): 0.1919, 11.0610, 4.0701
(1, 25): 0.1452, 11.0583, 4.3598
(1, 26): 0.1452, 11.0583, 4.3598
(1, 27): 0.0150, 11.0814, 5.8239
(1, 28): 0.0674, 11.0132, 6.0732
(1, 29): 0.0674, 11.0132, 6.0732
(1, 30): 0.2134, 11.0020, 5.0212
(1, 31): 0.1566, 11.0602, 4.8270
(1, 32): 0.0480, 11.0526, 3.8417
(1, 33): 0.0480, 11.0526, 3.8417
(1, 34): 0.0330, 11.0764, 3.7386
(1, 35): 0.1100, 11.0508, 4.7443
(1, 36): 0.1100, 11.0508, 4.7443
(1, 37): 0.1038, 11.0426, 4.7331
(2, 1): 0.2213, 11.0322, 2.9170
(2, 2): 0.2213, 11.0322, 2.9170
(2, 3): 0.1445, 11.0177, 3.6159
(2, 4): 0.1445, 11.0177, 3.6159
(2, 5): 0.1205, 11.0261, 3.8591
(2, 6): 0.2254, 11.0415, 3.4929
(2, 7): 0.3038, 11.1101, 2.9047
(2, 8): 0.3038, 11.1101, 2.9047
(2, 9): 0.2261, 11.0089, 3.8209
(2, 10): 0.2123, 11.0066, 3.5708
(2, 11): 0.2123, 11.0066, 3.5708
(2, 12): 0.0052, 11.0399, 4.9143
(2, 13): 0.2088, 11.0863, 3.6274
(2, 14): 0.2819, 11.1267, 3.3216
(2, 15): 0.2819, 11.1267, 3.3216
(2, 16): 0.3673, 11.0295, 2.5246
(2, 17): -0.1295, 11.3573, 4.4643
(2, 18): -0.1295, 11.3573, 4.4643
(2, 19): 0.0233, 11.0685, 4.1399
(2, 20): 0.1147, 11.0195, 4.8695
(2, 21): 0.1284, 11.0509, 4.9413
(2, 22): 0.1284, 11.0509, 4.9413
(2, 23): 0.1965, 11.0434, 5.2460
(2, 24): 0.1919, 11.0610, 4.0701
(2, 25): 0.1452, 11.0583, 4.3598
(2, 26): 0.1452, 11.0583, 4.3598
(2, 27): 0.0150, 11.0814, 5.8239
(2, 28): 0.0674, 11.0132, 6.0732
(2, 29): 0.0674, 11.0132, 6.0732
(2, 30): 0.1015, 11.0011, 5.0457
(2, 31): -0.1331, 11.2400, 6.8484
(2, 32): 0.0016, 11.0045, 4.2369
(2, 33): 0.0016, 11.0045, 4.2369
(2, 34): 0.0374, 11.0546, 3.3035
(2, 35): -0.0188, 11.1351, 5.1126
(2, 36): -0.0188, 11.1351, 5.1126
(2, 37): 0.0748, 11.0415, 5.6711
(3, 1): -0.0310, 11.0219, 4.7451
(3, 2): -0.0310, 11.0219, 4.7451
(3, 3): 0.1472, 11.0385, 3.5872
(3, 4): 0.1472, 11.0385, 3.5872
(3, 5): 0.2427, 11.0092, 3.3819
(3, 6): 0.3106, 11.0422, 3.7440
(3, 7): 0.3038, 11.1101, 2.9047
(3, 8): 0.3038, 11.1101, 2.9047
(3, 9): 0.2261, 11.0089, 3.8209
(3, 10): 0.2123, 11.0066, 3.5708
(3, 11): 0.2123, 11.0066, 3.5708
(3, 12): 0.0052, 11.0399, 4.9143
(3, 13): 0.1141, 11.1215, 4.8420
(3, 14): 0.1230, 11.1263, 4.4737
(3, 15): 0.1230, 11.1263, 4.4737
(3, 16): 0.1471, 11.0168, 3.0995
(3, 17): 0.1469, 11.0201, 4.2377
(3, 18): 0.1469, 11.0201, 4.2377
(3, 19): 0.0743, 11.0573, 4.0312
(3, 20): 0.1775, 11.0087, 4.2890
(3, 21): 0.1937, 11.0106, 4.9922
(3, 22): 0.1937, 11.0106, 4.9922
(3, 23): 0.2106, 11.0713, 3.8810
(3, 24): 0.1034, 11.0615, 5.0658
(3, 25): 0.1034, 11.0615, 5.0658
(3, 26): 0.2503, 11.0860, 3.9033
(3, 27): 0.1560, 11.0002, 4.3136
(3, 28): 0.1027, 11.0401, 6.1057
(3, 29): 0.1027, 11.0401, 6.1057
(3, 30): 0.1015, 11.0011, 5.0457
(3, 31): -0.1331, 11.2400, 6.8484
(3, 32): 0.0016, 11.0045, 4.2369
(3, 33): 0.0016, 11.0045, 4.2369
(3, 34): 0.0374, 11.0546, 3.3035
(3, 35): -0.0188, 11.1351, 5.1126
(3, 36): -0.0188, 11.1351, 5.1126
(3, 37): 0.2435, 11.0154, 4.0642
(4, 1): 0.0512, 11.0274, 4.3357
(4, 2): 0.0512, 11.0274, 4.3357
(4, 3): 0.1472, 11.0385, 3.5872
(4, 4): 0.1472, 11.0385, 3.5872
(4, 5): 0.2427, 11.0092, 3.3819
(4, 6): 0.3106, 11.0422, 3.7440
(4, 7): 0.4130, 11.0069, 2.7729
(4, 8): 0.4130, 11.0069, 2.7729
(4, 9): 0.3104, 11.0050, 3.1935
(4, 10): 0.1952, 11.0925, 3.8126
(4, 11): 0.1952, 11.0925, 3.8126
(4, 12): 0.0869, 11.0359, 4.1878
(4, 13): 0.1630, 11.0042, 4.1518
(4, 14): 0.3711, 11.0319, 3.3269
(4, 15): 0.3711, 11.0319, 3.3269
(4, 16): 0.4758, 11.1150, 2.2524
(4, 17): 0.4971, 11.0591, 2.4771
(4, 18): 0.4971, 11.0591, 2.4771
(4, 19): 0.2758, 11.0114, 3.4878
(4, 20): 0.2083, 11.1500, 4.2120
(4, 21): 0.2357, 11.0535, 4.9883
(4, 22): 0.2357, 11.0535, 4.9883
(4, 23): 0.1583, 11.1405, 5.0873
(4, 24): 0.1247, 11.0032, 5.1710
(4, 25): 0.1247, 11.0032, 5.1710
(4, 26): 0.1860, 11.0775, 4.0087
(4, 27): 0.2388, 11.0834, 3.7861
(4, 28): 0.1943, 11.0525, 4.7646
(4, 29): 0.1943, 11.0525, 4.7646
(4, 30): 0.1886, 11.0592, 4.9616
(4, 31): 0.0132, 11.0245, 5.2538
(4, 32): -0.1269, 11.0378, 3.4329
(4, 33): -0.1269, 11.0378, 3.4329
(4, 34): 0.1227, 11.1131, 2.5791
(4, 35): 0.1235, 11.0444, 3.9419
(4, 36): 0.1235, 11.0444, 3.9419
(4, 37): 0.2435, 11.0154, 4.0642
(5, 1): 0.0512, 11.0274, 4.3357
(5, 2): 0.0512, 11.0274, 4.3357
(5, 3): 0.1600, 11.0538, 3.5704
(5, 4): 0.1600, 11.0538, 3.5704
(5, 5): 0.2512, 11.0278, 3.0027
(5, 6): 0.3099, 11.0524, 2.9075
(5, 7): 0.2345, 11.0805, 3.1425
(5, 8): 0.2345, 11.0805, 3.1425
(5, 9): 0.1663, 11.0555, 4.0361
(5, 10): 0.1478, 11.0755, 3.6491
(5, 11): 0.1478, 11.0755, 3.6491
(5, 12): 0.1198, 11.1624, 3.5992
(5, 13): 0.2729, 11.0251, 3.0306
(5, 14): 0.1450, 11.1614, 4.2955
(5, 15): 0.1450, 11.1614, 4.2955
(5, 16): 0.2420, 11.0037, 4.0928
(5, 17): 0.3691, 11.0388, 3.2152
(5, 18): 0.3691, 11.0388, 3.2152
(5, 19): 0.2408, 11.0400, 4.0665
(5, 20): 0.2151, 11.1339, 3.8206
(5, 21): 0.1958, 11.0253, 4.2419
(5, 22): 0.1958, 11.0253, 4.2419
(5, 23): 0.1504, 11.0460, 4.4814
(5, 24): 0.1124, 11.0095, 4.3077
(5, 25): 0.1124, 11.0095, 4.3077
(5, 26): 0.2459, 11.0435, 3.3786
(5, 27): 0.1594, 11.0769, 3.8834
(5, 28): 0.1350, 11.0235, 4.5866
(5, 29): 0.1350, 11.0235, 4.5866
(5, 30): 0.1282, 11.0490, 4.2014
(5, 31): -0.1641, 11.0698, 4.4281
(5, 32): -0.1641, 11.0698, 4.4281
(5, 33): -0.1381, 11.0343, 3.8731
(5, 34): -0.1048, 11.0083, 4.4255
(5, 35): -0.0664, 11.0203, 5.5654
(5, 36): -0.0664, 11.0203, 5.5654
(5, 37): 0.0544, 11.0977, 5.6395
(6, 1): 0.1800, 11.2084, 3.3021
(6, 2): 0.1800, 11.2084, 3.3021
(6, 3): 0.1371, 11.0699, 3.3279
(6, 4): 0.1371, 11.0699, 3.3279
(6, 5): 0.2020, 11.0040, 3.1262
(6, 6): 0.2282, 11.1267, 3.1357
(6, 7): 0.2031, 11.0995, 3.1689
(6, 8): 0.2031, 11.0995, 3.1689
(6, 9): 0.2401, 11.1535, 3.1243
(6, 10): 0.2491, 11.0083, 3.0743
(6, 11): 0.2491, 11.0083, 3.0743
(6, 12): -0.0497, 11.0658, 5.2174
(6, 13): 0.2054, 11.0751, 3.6068
(6, 14): 0.1880, 11.0209, 4.2320
(6, 15): 0.1880, 11.0209, 4.2320
(6, 16): 0.2688, 11.0366, 4.0374
(6, 17): 0.2808, 11.0273, 3.9867
(6, 18): 0.2808, 11.0273, 3.9867
(6, 19): 0.0869, 11.0632, 5.0914
(6, 20): 0.1887, 11.0358, 4.4102
(6, 21): 0.1885, 11.0858, 3.9063
(6, 22): 0.1885, 11.0858, 3.9063
(6, 23): 0.0665, 11.2718, 4.5621
(6, 24): 0.0003, 11.1034, 4.3393
(6, 25): 0.0003, 11.1034, 4.3393
(6, 26): -0.0092, 11.1632, 4.1391
(6, 27): 0.0646, 11.2781, 4.2201
(6, 28): -0.0510, 11.0105, 5.5577
(6, 29): -0.0510, 11.0105, 5.5577
(6, 30): 0.1238, 11.0023, 4.4071
(6, 31): 0.0526, 11.0837, 3.1313
(6, 32): 0.0526, 11.0837, 3.1313
(6, 33): -0.0457, 11.0413, 3.4732
(6, 34): -0.0444, 11.0637, 4.6747
(6, 35): 0.0584, 11.1714, 5.5039
(6, 36): 0.0584, 11.1714, 5.5039
(6, 37): 0.2054, 11.0473, 5.4228
(7, 1): 0.2137, 11.0685, 3.4279
(7, 2): 0.2137, 11.0685, 3.4279
(7, 3): 0.2482, 11.0772, 3.2428
(7, 4): 0.3238, 11.2654, 2.7633
(7, 5): 0.3238, 11.2654, 2.7633
(7, 6): 0.3745, 11.0575, 2.5646
(7, 7): 0.2594, 11.0056, 3.2912
(7, 8): 0.2594, 11.0056, 3.2912
(7, 9): 0.2758, 11.0856, 4.0616
(7, 10): 0.1561, 11.0400, 4.3439
(7, 11): 0.2753, 11.1491, 3.0934
(7, 12): 0.2753, 11.1491, 3.0934
(7, 13): 0.3336, 11.0039, 3.1398
(7, 14): 0.3771, 11.0301, 3.1624
(7, 15): 0.3771, 11.0301, 3.1624
(7, 16): 0.1682, 11.0340, 4.8215
(7, 17): -0.0220, 11.0037, 6.3124
(7, 18): -0.0220, 11.0037, 6.3124
(7, 19): 0.0021, 11.1432, 5.9385
(7, 20): 0.3061, 11.0209, 4.1876
(7, 21): 0.3727, 11.0111, 3.2416
(7, 22): 0.3727, 11.0111, 3.2416
(7, 23): 0.1614, 11.0175, 4.1011
(7, 24): 0.0978, 11.0595, 4.1192
(7, 25): 0.0978, 11.0595, 4.1192
(7, 26): -0.0289, 11.0760, 4.4291
(7, 27): -0.0205, 11.0871, 4.5559
(7, 28): -0.0205, 11.0575, 5.1645
(7, 29): -0.0205, 11.0575, 5.1645
(7, 30): 0.0704, 11.1998, 4.4137
(7, 31): 0.1177, 11.1928, 3.1709
(7, 32): 0.1177, 11.1928, 3.1709
(7, 33): -0.0253, 11.0013, 4.4971
(7, 34): 0.0049, 11.0039, 5.4192
(7, 35): 0.0843, 11.0130, 6.0294
(7, 36): 0.0843, 11.0130, 6.0294
(7, 37): 0.2245, 11.0273, 5.6523
(8, 1): -0.0430, 11.1002, 4.6257
(8, 2): -0.0430, 11.1002, 4.6257
(8, 3): 0.0856, 11.1541, 4.5392
(8, 4): 0.5274, 11.2040, 2.7889
(8, 5): 0.5274, 11.2040, 2.7889
(8, 6): 0.2850, 11.0526, 3.8065
(8, 7): 0.1896, 11.0174, 4.3511
(8, 8): 0.1896, 11.0174, 4.3511
(8, 9): 0.3607, 11.0387, 4.7274
(8, 10): 0.2762, 11.0019, 4.4668
(8, 11): 0.2911, 11.0053, 4.1205
(8, 12): 0.2911, 11.0053, 4.1205
(8, 13): 0.3288, 11.0980, 3.5219
(8, 14): 0.3426, 11.0028, 3.3857
(8, 15): 0.3426, 11.0028, 3.3857
(8, 16): 0.3276, 11.0144, 3.6118
(8, 17): 0.0990, 11.0874, 5.1524
(8, 18): 0.0990, 11.0874, 5.1524
(8, 19): 0.1734, 11.0450, 4.7048
(8, 20): 0.2406, 11.0656, 4.5291
(8, 21): 0.3473, 11.0433, 3.5439
(8, 22): 0.3473, 11.0433, 3.5439
(8, 23): 0.2702, 11.0276, 3.7812
(8, 24): 0.1990, 11.0064, 4.2956
(8, 25): 0.1990, 11.0064, 4.2956
(8, 26): 0.1984, 11.0029, 4.3113
(8, 27): 0.1923, 11.0359, 3.8457
(8, 28): 0.2381, 11.0702, 3.9185
(8, 29): 0.2381, 11.0702, 3.9185
(8, 30): 0.1452, 11.0235, 4.5926
(8, 31): 0.1299, 11.1311, 3.9202
(8, 32): 0.1299, 11.1311, 3.9202
(8, 33): 0.0534, 11.0264, 4.2640
(8, 34): 0.0753, 11.0238, 5.1967
(8, 35): 0.1551, 11.0161, 5.4986
(8, 36): 0.1551, 11.0161, 5.4986
(8, 37): 0.3440, 11.0033, 4.3285
(9, 1): 0.0979, 11.0569, 3.4279
(9, 2): 0.0979, 11.0569, 3.4279
(9, 3): 0.3079, 11.2248, 3.2241
(9, 4): 0.3919, 11.0713, 3.4749
(9, 5): 0.3919, 11.0713, 3.4749
(9, 6): 0.0470, 11.0694, 5.6770
(9, 7): 0.2316, 11.0838, 4.8208
(9, 8): 0.2316, 11.0838, 4.8208
(9, 9): 0.2084, 11.1623, 5.3472
(9, 10): 0.1883, 11.0113, 5.8204
(9, 11): 0.2327, 11.0164, 4.8086
(9, 12): 0.2327, 11.0164, 4.8086
(9, 13): 0.2561, 11.0966, 4.4350
(9, 14): 0.3045, 11.1846, 3.9027
(9, 15): 0.3045, 11.1846, 3.9027
(9, 16): 0.2936, 11.0868, 3.8817
(9, 17): 0.2300, 11.2133, 4.0377
(9, 18): 0.2300, 11.2133, 4.0377
(9, 19): 0.1293, 11.0467, 5.3890
(9, 20): 0.2116, 11.0255, 4.6530
(9, 21): 0.2632, 11.0150, 4.2804
(9, 22): 0.2632, 11.0150, 4.2804
(9, 23): 0.4184, 11.0357, 3.7483
(9, 24): 0.3372, 11.0217, 4.1526
(9, 25): 0.3372, 11.0217, 4.1526
(9, 26): 0.2474, 11.0830, 4.5662
(9, 27): 0.4233, 11.1002, 3.1420
(9, 28): 0.1967, 11.0723, 4.3893
(9, 29): 0.1967, 11.0723, 4.3893
(9, 30): 0.2470, 11.0346, 4.0001
(9, 31): 0.1462, 11.0320, 4.3191
(9, 32): 0.1462, 11.0320, 4.3191
(9, 33): 0.0471, 11.0106, 4.9673
(9, 34): 0.1126, 11.0618, 4.7607
(9, 35): 0.1576, 11.0459, 5.4451
(9, 36): 0.1576, 11.0459, 5.4451
(9, 37): 0.2052, 11.0298, 5.3276
(10, 1): 0.1782, 11.0462, 3.2389
(10, 2): 0.1782, 11.0462, 3.2389
(10, 3): 0.1342, 11.0848, 4.2104
(10, 4): 0.1586, 11.0087, 3.9525
(10, 5): 0.1586, 11.0087, 3.9525
(10, 6): 0.2162, 11.0502, 3.5197
(10, 7): 0.2112, 11.0005, 4.2858
(10, 8): 0.2112, 11.0005, 4.2858
(10, 9): 0.2598, 11.1012, 4.0383
(10, 10): 0.2662, 11.0739, 3.6521
(10, 11): 0.2288, 11.3283, 4.1480
(10, 12): 0.2288, 11.3283, 4.1480
(10, 13): 0.2505, 11.0645, 3.7443
(10, 14): 0.2242, 11.1128, 3.9059
(10, 15): 0.2242, 11.1128, 3.9059
(10, 16): 0.2479, 11.0039, 4.0514
(10, 17): 0.1864, 11.0042, 4.9896
(10, 18): 0.1602, 11.0372, 5.3679
(10, 19): 0.1602, 11.0372, 5.3679
(10, 20): 0.1875, 11.0915, 5.2046
(10, 21): 0.1678, 11.0011, 5.2019
(10, 22): 0.1678, 11.0011, 5.2019
(10, 23): 0.2938, 11.0881, 4.7780
(10, 24): 0.3456, 11.0503, 4.1959
(10, 25): 0.3456, 11.0503, 4.1959
(10, 26): 0.3419, 11.0705, 4.5416
(10, 27): 0.2803, 11.0906, 4.5389
(10, 28): 0.3231, 11.1817, 3.2820
(10, 29): 0.3231, 11.1817, 3.2820
(10, 30): 0.3726, 11.0299, 3.4925
(10, 31): 0.2669, 11.1987, 3.7003
(10, 32): 0.2669, 11.1987, 3.7003
(10, 33): 0.0979, 11.0518, 4.9839
(10, 34): 0.1499, 11.0012, 5.3274
(10, 35): 0.0334, 11.1050, 6.6277
(10, 36): 0.0334, 11.1050, 6.6277
(10, 37): 0.1892, 11.0522, 5.2864
(11, 1): 0.3231, 11.0114, 2.1628
(11, 2): 0.3231, 11.0114, 2.1628
(11, 3): 0.3831, 11.0280, 2.2506
(11, 4): 0.3061, 11.0038, 2.6578
(11, 5): 0.3061, 11.0038, 2.6578
(11, 6): 0.4296, 11.0298, 2.4816
(11, 7): 0.2919, 11.0015, 3.7676
(11, 8): 0.2919, 11.0015, 3.7676
(11, 9): 0.2014, 11.0119, 4.2525
(11, 10): 0.2491, 11.0363, 3.9109
(11, 11): 0.3147, 11.0316, 3.5733
(11, 12): 0.3147, 11.0316, 3.5733
(11, 13): 0.3570, 11.0463, 3.9622
(11, 14): 0.4557, 11.1697, 3.1292
(11, 15): 0.4557, 11.1697, 3.1292
(11, 16): 0.3682, 11.0305, 3.3217
(11, 17): 0.2303, 11.0348, 4.1784
(11, 18): 0.2550, 11.0112, 5.3040
(11, 19): 0.2550, 11.0112, 5.3040
(11, 20): 0.2046, 11.0046, 5.1858
(11, 21): 0.0249, 11.0751, 7.7247
(11, 22): 0.0249, 11.0751, 7.7247
(11, 23): 0.1324, 11.0640, 6.2955
(11, 24): 0.1835, 11.3713, 6.7249
(11, 25): 0.1835, 11.3713, 6.7249
(11, 26): 0.3608, 11.0599, 5.1641
(11, 27): 0.2573, 11.0422, 5.4964
(11, 28): 0.1877, 11.0469, 4.4505
(11, 29): 0.1877, 11.0469, 4.4505
(11, 30): 0.2166, 11.0910, 4.1172
(11, 31): 0.2918, 11.1715, 3.3852
(11, 32): 0.2918, 11.1715, 3.3852
(11, 33): 0.1557, 11.0815, 4.5716
(11, 34): 0.1787, 11.0224, 4.5784
(11, 35): -0.0057, 11.0904, 6.2664
(11, 36): -0.0057, 11.0904, 6.2664
(11, 37): 0.1082, 11.0258, 5.6900
(12, 1): 0.3170, 11.0005, 2.0545
(12, 2): 0.3170, 11.0005, 2.0545
(12, 3): 0.2769, 11.0623, 2.3484
(12, 4): 0.2343, 11.0390, 2.7798
(12, 5): 0.2343, 11.0390, 2.7798
(12, 6): 0.1604, 11.0094, 3.0530
(12, 7): 0.1994, 11.1114, 4.1276
(12, 8): 0.1994, 11.1114, 4.1276
(12, 9): 0.2433, 11.0277, 4.0988
(12, 10): 0.0142, 11.0825, 6.0745
(12, 11): 0.3260, 11.0185, 3.8528
(12, 12): 0.3260, 11.0185, 3.8528
(12, 13): 0.3826, 11.0071, 3.3351
(12, 14): 0.3940, 11.0896, 3.4935
(12, 15): 0.3940, 11.0896, 3.4935
(12, 16): 0.4693, 11.0156, 2.7208
(12, 17): 0.3135, 11.0401, 3.7089
(12, 18): 0.4018, 11.0446, 3.5497
(12, 19): 0.4018, 11.0446, 3.5497
(12, 20): 0.1710, 11.0307, 4.9430
(12, 21): 0.0834, 11.1343, 6.4519
(12, 22): 0.0834, 11.1343, 6.4519
(12, 23): 0.1208, 11.0323, 6.5542
(12, 24): 0.1225, 11.0515, 7.7342
(12, 25): 0.1225, 11.0515, 7.7342
(12, 26): 0.1801, 11.0209, 6.7898
(12, 27): 0.0986, 11.1130, 6.6062
(12, 28): 0.0008, 11.0089, 6.5016
(12, 29): 0.0008, 11.0089, 6.5016
(12, 30): 0.0984, 11.3077, 5.1591
(12, 31): 0.2687, 11.0257, 3.3774
(12, 32): 0.2687, 11.0257, 3.3774
(12, 33): 0.2076, 11.0285, 3.9887
(12, 34): 0.0731, 11.0503, 5.2885
(12, 35): 0.0731, 11.0503, 5.2885
(12, 36): -0.0432, 11.0139, 7.3826
(12, 37): -0.0496, 11.0264, 6.4185
(13, 1): 0.2735, 11.0338, 2.5353
(13, 2): 0.2735, 11.0338, 2.5353
(13, 3): 0.1693, 11.1019, 3.1430
(13, 4): 0.3071, 11.0349, 2.4621
(13, 5): 0.3071, 11.0349, 2.4621
(13, 6): 0.2298, 11.0878, 2.5259
(13, 7): 0.1627, 11.0443, 4.3314
(13, 8): 0.1627, 11.0443, 4.3314
(13, 9): 0.2212, 11.0013, 4.5502
(13, 10): 0.1099, 11.0188, 5.0609
(13, 11): 0.2337, 11.1236, 3.8658
(13, 12): 0.2337, 11.1236, 3.8658
(13, 13): 0.3826, 11.0071, 3.3351
(13, 14): 0.3940, 11.0896, 3.4935
(13, 15): 0.3940, 11.0896, 3.4935
(13, 16): 0.4693, 11.0156, 2.7208
(13, 17): 0.3135, 11.0401, 3.7089
(13, 18): 0.4018, 11.0446, 3.5497
(13, 19): 0.4018, 11.0446, 3.5497
(13, 20): 0.1710, 11.0307, 4.9430
(13, 21): 0.0834, 11.1343, 6.4519
(13, 22): 0.0834, 11.1343, 6.4519
(13, 23): 0.1208, 11.0323, 6.5542
(13, 24): 0.1225, 11.0515, 7.7342
(13, 25): 0.1225, 11.0515, 7.7342
(13, 26): 0.1801, 11.0209, 6.7898
(13, 27): 0.0986, 11.1130, 6.6062
(13, 28): 0.0008, 11.0089, 6.5016
(13, 29): 0.0008, 11.0089, 6.5016
(13, 30): 0.0984, 11.3077, 5.1591
(13, 31): 0.0899, 11.0019, 6.0806
(13, 32): 0.0899, 11.0019, 6.0806
(13, 33): 0.1534, 11.0228, 4.7458
(13, 34): 0.1066, 11.0384, 4.6219
(13, 35): 0.1066, 11.0384, 4.6219
(13, 36): 0.0574, 11.0093, 5.2610
(13, 37): 0.0722, 11.1533, 5.1312
(14, 1): 0.3093, 11.0105, 2.5152
(14, 2): 0.3093, 11.0105, 2.5152
(14, 3): 0.3175, 11.0065, 2.7572
(14, 4): 0.3236, 11.0179, 2.6965
(14, 5): 0.3236, 11.0179, 2.6965
(14, 6): 0.2634, 11.0417, 3.8498
(14, 7): 0.1627, 11.0443, 4.3314
(14, 8): 0.2212, 11.0013, 4.5502
(14, 9): 0.2212, 11.0013, 4.5502
(14, 10): 0.1099, 11.0188, 5.0609
(14, 11): 0.2337, 11.1236, 3.8658
(14, 12): 0.2337, 11.1236, 3.8658
(14, 13): 0.3937, 11.1633, 3.0231
(14, 14): 0.3288, 11.1118, 3.8395
(14, 15): 0.3288, 11.1118, 3.8395
(14, 16): 0.3858, 11.2377, 3.6466
(14, 17): 0.2216, 11.2038, 4.9340
(14, 18): 0.3240, 11.0065, 4.1899
(14, 19): 0.3240, 11.0065, 4.1899
(14, 20): 0.2224, 11.0103, 4.4336
(14, 21): 0.2379, 11.0603, 5.0332
(14, 22): 0.2379, 11.0603, 5.0332
(14, 23): 0.1800, 11.0687, 6.2789
(14, 24): 0.2086, 11.1308, 5.6094
(14, 25): 0.2086, 11.1308, 5.6094
(14, 26): 0.0952, 11.1087, 7.1273
(14, 27): -0.0009, 11.4342, 8.2378
(14, 28): 0.0174, 11.0563, 6.4748
(14, 29): 0.0174, 11.0563, 6.4748
(14, 30): 0.1586, 11.1179, 5.5216
(14, 31): 0.0899, 11.0019, 6.0806
(14, 32): 0.0899, 11.0019, 6.0806
(14, 33): 0.1534, 11.0228, 4.7458
(14, 34): 0.1066, 11.0384, 4.6219
(14, 35): 0.1066, 11.0384, 4.6219
(14, 36): 0.0574, 11.0093, 5.2610
(14, 37): 0.3260, 11.0354, 2.9762
(15, 1): 0.3117, 11.0483, 2.6224
(15, 2): 0.3117, 11.0483, 2.6224
(15, 3): 0.3175, 11.0065, 2.7572
(15, 4): 0.3236, 11.0179, 2.6965
(15, 5): 0.3236, 11.0179, 2.6965
(15, 6): 0.2634, 11.0417, 3.8498
(15, 7): 0.2169, 11.0074, 3.5899
(15, 8): 0.3407, 11.1963, 3.4614
(15, 9): 0.3407, 11.1963, 3.4614
(15, 10): 0.1663, 11.0443, 4.5039
(15, 11): 0.0288, 11.0092, 4.7823
(15, 12): 0.0288, 11.0092, 4.7823
(15, 13): 0.1715, 11.0123, 4.7251
(15, 14): 0.1983, 11.1009, 4.5453
(15, 15): 0.1983, 11.1009, 4.5453
(15, 16): 0.3130, 11.0243, 3.3399
(15, 17): 0.2829, 11.0841, 4.3073
(15, 18): 0.1827, 11.0423, 4.6267
(15, 19): 0.1827, 11.0423, 4.6267
(15, 20): 0.1454, 11.0553, 5.3157
(15, 21): 0.1445, 11.1348, 5.1618
(15, 22): 0.1445, 11.1348, 5.1618
(15, 23): 0.2328, 11.0276, 4.7223
(15, 24): 0.1574, 11.0088, 5.3076
(15, 25): 0.1574, 11.0088, 5.3076
(15, 26): 0.0627, 11.2146, 6.5772
(15, 27): 0.0472, 11.0263, 6.2569
(15, 28): 0.1464, 11.0020, 5.5253
(15, 29): 0.1464, 11.0020, 5.5253
(15, 30): 0.1262, 11.0292, 5.1546
(15, 31): 0.1134, 11.0338, 5.7427
(15, 32): 0.1134, 11.0338, 5.7427
(15, 33): 0.2322, 11.2184, 3.9739
(15, 34): 0.2764, 11.1831, 3.3256
(15, 35): 0.2764, 11.1831, 3.3256
(15, 36): 0.2566, 11.0372, 3.4591
(15, 37): 0.3260, 11.0354, 2.9762
(16, 1): 0.3117, 11.0483, 2.6224
(16, 2): 0.3117, 11.0483, 2.6224
(16, 3): 0.2997, 11.0254, 2.9773
(16, 4): 0.2890, 11.0242, 3.8842
(16, 5): 0.2890, 11.0242, 3.8842
(16, 6): 0.2619, 11.0324, 4.0545
(16, 7): 0.2316, 11.1027, 3.6424
(16, 8): 0.1373, 11.0006, 4.5706
(16, 9): 0.1373, 11.0006, 4.5706
(16, 10): 0.1067, 11.0783, 4.4574
(16, 11): -0.0629, 11.0241, 6.0642
(16, 12): -0.0629, 11.0241, 6.0642
(16, 13): 0.1303, 11.1466, 4.5746
(16, 14): 0.0094, 11.0071, 6.2526
(16, 15): 0.0094, 11.0071, 6.2526
(16, 16): 0.2205, 11.0556, 4.1158
(16, 17): 0.2506, 11.0439, 3.8572
(16, 18): 0.2143, 11.0513, 4.2380
(16, 19): 0.2143, 11.0513, 4.2380
(16, 20): 0.3411, 11.2029, 4.5701
(16, 21): 0.1127, 11.0661, 4.4851
(16, 22): 0.1127, 11.0661, 4.4851
(16, 23): 0.0555, 11.0537, 5.8978
(16, 24): 0.1049, 11.0523, 5.4293
(16, 25): 0.1049, 11.0523, 5.4293
(16, 26): 0.1354, 11.0867, 4.6435
(16, 27): 0.0614, 11.0129, 5.1608
(16, 28): 0.0589, 11.0444, 5.2368
(16, 29): 0.0589, 11.0444, 5.2368
(16, 30): 0.1577, 11.0389, 4.0217
(16, 31): 0.0856, 11.0583, 4.6016
(16, 32): 0.0856, 11.0583, 4.6016
(16, 33): 0.2884, 11.1125, 3.5035
(16, 34): 0.3218, 11.0005, 3.5522
(16, 35): 0.3218, 11.0005, 3.5522
(16, 36): 0.1955, 11.0885, 4.1847
(16, 37): 0.1108, 11.0158, 4.0424
(17, 1): 0.2794, 11.0539, 3.0614
(17, 2): 0.2794, 11.0539, 3.0614
(17, 3): 0.3227, 11.0134, 3.5138
(17, 4): 0.3513, 11.0031, 3.4208
(17, 5): 0.3513, 11.0031, 3.4208
(17, 6): 0.3037, 11.0732, 3.8333
(17, 7): 0.3148, 11.1257, 3.2778
(17, 8): 0.2187, 11.0032, 4.0811
(17, 9): 0.2187, 11.0032, 4.0811
(17, 10): 0.0831, 11.0153, 4.5927
(17, 11): 0.0356, 11.0039, 4.0007
(17, 12): 0.0356, 11.0039, 4.0007
(17, 13): 0.0882, 11.0218, 3.9103
(17, 14): 0.0871, 11.0439, 4.6403
(17, 15): 0.0871, 11.0439, 4.6403
(17, 16): 0.1405, 11.1257, 4.5219
(17, 17): 0.0841, 11.0080, 5.0296
(17, 18): 0.1217, 11.0751, 4.7181
(17, 19): 0.1217, 11.0751, 4.7181
(17, 20): 0.1315, 11.0198, 4.6559
(17, 21): 0.0291, 11.0076, 4.7031
(17, 22): 0.0291, 11.0076, 4.7031
(17, 23): 0.0434, 11.0481, 4.9320
(17, 24): 0.1130, 11.1128, 4.3092
(17, 25): 0.1130, 11.1128, 4.3092
(17, 26): 0.1180, 11.0709, 4.8794
(17, 27): -0.0013, 11.0811, 5.2733
(17, 28): 0.0612, 11.3535, 5.1592
(17, 29): 0.0612, 11.3535, 5.1592
(17, 30): -0.0449, 11.0934, 4.7196
(17, 31): 0.1040, 11.0263, 4.8724
(17, 32): 0.1040, 11.0263, 4.8724
(17, 33): 0.1439, 11.0230, 5.0763
(17, 34): 0.2379, 11.0208, 4.3422
(17, 35): 0.2379, 11.0208, 4.3422
(17, 36): 0.1216, 11.0141, 4.7073
(17, 37): 0.2119, 11.0410, 4.0306
(18, 1): 0.3657, 11.0802, 3.2797
(18, 2): 0.3657, 11.0802, 3.2797
(18, 3): 0.3297, 11.0982, 3.7238
(18, 4): 0.2892, 11.1311, 4.1920
(18, 5): 0.2237, 11.0934, 4.4520
(18, 6): 0.2237, 11.0934, 4.4520
(18, 7): 0.1642, 11.0347, 4.4329
(18, 8): 0.2020, 11.0142, 4.0104
(18, 9): 0.2020, 11.0142, 4.0104
(18, 10): 0.0751, 11.0897, 4.0926
(18, 11): -0.0768, 11.0213, 4.7256
(18, 12): -0.0768, 11.0213, 4.7256
(18, 13): -0.0288, 11.0023, 4.7655
(18, 14): 0.0891, 11.0046, 3.8287
(18, 15): 0.0891, 11.0046, 3.8287
(18, 16): 0.0360, 11.0321, 4.8957
(18, 17): 0.0990, 11.0152, 5.2029
(18, 18): 0.0564, 11.0226, 5.2127
(18, 19): 0.0564, 11.0226, 5.2127
(18, 20): 0.0876, 11.0021, 4.7442
(18, 21): -0.0077, 11.0030, 5.4603
(18, 22): -0.0077, 11.0030, 5.4603
(18, 23): 0.0089, 11.0220, 5.0468
(18, 24): 0.0698, 11.1314, 4.6491
(18, 25): 0.0698, 11.1314, 4.6491
(18, 26): 0.0556, 11.0418, 5.0786
(18, 27): 0.0557, 11.1257, 4.3051
(18, 28): 0.0557, 11.1257, 4.3051
(18, 29): 0.0015, 11.0440, 4.6777
(18, 30): -0.0453, 11.3397, 5.0747
(18, 31): -0.0255, 11.1297, 5.6071
(18, 32): -0.0255, 11.1297, 5.6071
(18, 33): 0.0864, 11.0385, 5.2091
(18, 34): 0.1421, 11.0087, 4.2972
(18, 35): 0.1421, 11.0087, 4.2972
(18, 36): 0.2084, 11.0822, 3.8038
(18, 37): 0.2626, 11.0582, 3.4899
(19, 1): 0.6594, 11.0691, 1.9018
(19, 2): 0.6594, 11.0691, 1.9018
(19, 3): 0.2653, 11.0556, 4.3559
(19, 4): 0.1680, 11.1383, 5.3907
(19, 5): 0.1166, 11.0082, 5.0099
(19, 6): 0.1166, 11.0082, 5.0099
(19, 7): 0.0466, 11.0850, 4.7979
(19, 8): 0.0324, 11.0217, 5.0228
(19, 9): 0.0324, 11.0217, 5.0228
(19, 10): 0.1033, 11.0810, 4.2784
(19, 11): -0.0423, 11.1113, 4.7703
(19, 12): -0.0423, 11.1113, 4.7703
(19, 13): 0.0607, 11.1934, 4.4261
(19, 14): -0.0258, 11.0372, 5.3610
(19, 15): -0.0258, 11.0372, 5.3610
(19, 16): 0.0160, 11.0179, 5.3556
(19, 17): 0.0820, 11.0860, 5.0580
(19, 18): 0.1032, 11.0403, 5.0760
(19, 19): 0.1032, 11.0403, 5.0760
(19, 20): 0.1075, 11.0292, 4.9331
(19, 21): -0.0482, 11.0339, 6.7254
(19, 22): -0.0482, 11.0339, 6.7254
(19, 23): 0.0513, 11.0139, 4.2593
(19, 24): -0.0175, 11.0174, 5.0015
(19, 25): -0.0175, 11.0174, 5.0015
(19, 26): -0.0301, 11.0029, 5.7074
(19, 27): 0.0146, 11.0086, 4.4335
(19, 28): 0.0146, 11.0086, 4.4335
(19, 29): 0.0874, 11.1114, 3.8892
(19, 30): -0.0232, 11.0537, 5.0350
(19, 31): -0.0360, 11.0725, 4.7361
(19, 32): -0.0360, 11.0725, 4.7361
(19, 33): 0.0959, 11.1774, 4.0040
(19, 34): 0.0748, 11.0562, 4.2624
(19, 35): 0.0748, 11.0562, 4.2624
(19, 36): -0.0272, 11.0107, 5.0648
(19, 37): 0.1550, 11.0021, 4.2948
(20, 1): 0.5425, 11.0518, 2.3088
(20, 2): 0.5425, 11.0518, 2.3088
(20, 3): 0.3504, 11.0427, 3.4333
(20, 4): 0.2379, 11.0096, 3.9268
(20, 5): 0.1650, 11.0232, 3.9264
(20, 6): 0.1650, 11.0232, 3.9264
(20, 7): 0.0672, 11.0663, 4.6147
(20, 8): -0.0444, 11.0596, 5.1738
(20, 9): -0.0444, 11.0596, 5.1738
(20, 10): 0.0637, 11.0014, 4.3593
(20, 11): 0.0580, 11.1497, 5.2139
(20, 12): 0.0580, 11.1497, 5.2139
(20, 13): 0.1864, 11.0574, 4.3106
(20, 14): 0.1594, 11.0388, 4.9689
(20, 15): 0.1594, 11.0388, 4.9689
(20, 16): 0.1268, 11.0651, 4.8887
(20, 17): 0.0739, 11.0576, 4.7301
(20, 18): -0.0461, 11.0499, 5.9824
(20, 19): -0.0461, 11.0499, 5.9824
(20, 20): 0.1361, 11.1133, 5.0087
(20, 21): -0.1177, 11.0040, 6.3028
(20, 22): -0.1177, 11.0040, 6.3028
(20, 23): -0.0691, 11.0263, 4.9844
(20, 24): -0.1409, 11.0068, 5.8138
(20, 25): -0.1409, 11.0068, 5.8138
(20, 26): -0.1235, 11.1142, 6.2155
(20, 27): -0.0552, 11.0384, 5.3477
(20, 28): -0.0552, 11.0384, 5.3477
(20, 29): -0.0541, 11.3303, 5.2452
(20, 30): -0.0941, 11.0581, 5.1569
(20, 31): 0.0355, 11.0050, 4.2184
(20, 32): 0.0355, 11.0050, 4.2184
(20, 33): 0.0271, 11.0418, 4.0882
(20, 34): 0.0598, 11.0680, 3.8382
(20, 35): 0.0598, 11.0680, 3.8382
(20, 36): 0.0714, 11.0486, 4.0200
(20, 37): 0.0981, 11.0096, 4.8502
(21, 1): 0.5887, 11.1730, 2.5893
(21, 2): 0.3781, 11.0062, 2.9601
(21, 3): 0.3781, 11.0062, 2.9601
(21, 4): 0.2556, 11.0673, 3.5276
(21, 5): 0.2447, 11.0319, 3.5764
(21, 6): 0.2447, 11.0319, 3.5764
(21, 7): 0.1729, 11.0251, 4.0566
(21, 8): -0.1315, 11.0035, 5.5639
(21, 9): -0.1315, 11.0035, 5.5639
(21, 10): 0.0231, 11.0110, 4.6305
(21, 11): 0.0176, 11.0023, 5.1883
(21, 12): 0.0176, 11.0023, 5.1883
(21, 13): 0.2440, 11.2053, 3.8087
(21, 14): 0.1630, 11.0287, 4.7445
(21, 15): 0.1630, 11.0287, 4.7445
(21, 16): 0.2148, 11.0571, 4.6305
(21, 17): 0.1730, 11.0011, 4.3863
(21, 18): 0.0725, 11.0794, 5.1368
(21, 19): 0.0725, 11.0794, 5.1368
(21, 20): 0.0623, 11.0719, 5.3682
(21, 21): -0.0466, 11.1080, 5.9070
(21, 22): -0.0466, 11.1080, 5.9070
(21, 23): -0.2653, 11.0682, 6.1251
(21, 24): -0.1568, 11.0333, 5.9155
(21, 25): -0.1568, 11.0333, 5.9155
(21, 26): -0.1727, 11.1661, 5.9791
(21, 27): -0.1728, 11.2466, 6.1262
(21, 28): -0.1728, 11.2466, 6.1262
(21, 29): -0.0835, 11.0057, 5.0505
(21, 30): -0.0503, 11.1577, 4.3342
(21, 31): 0.0097, 11.0296, 4.0128
(21, 32): 0.0097, 11.0296, 4.0128
(21, 33): 0.1182, 11.0689, 3.2203
(21, 34): 0.0300, 11.0032, 3.7611
(21, 35): 0.0300, 11.0032, 3.7611
(21, 36): 0.0593, 11.0069, 3.5683
(21, 37): 0.0673, 11.0165, 4.9720
(22, 1): 0.6682, 11.1429, 2.1002
(22, 2): 0.3871, 11.0324, 3.2433
(22, 3): 0.3871, 11.0324, 3.2433
(22, 4): 0.2693, 11.1149, 3.5578
(22, 5): 0.2454, 11.1991, 3.6951
(22, 6): 0.2454, 11.1991, 3.6951
(22, 7): 0.1237, 11.0437, 4.5734
(22, 8): 0.0307, 11.0074, 4.8906
(22, 9): 0.0307, 11.0074, 4.8906
(22, 10): 0.2882, 11.0283, 3.3914
(22, 11): 0.1505, 11.0367, 3.9338
(22, 12): 0.1505, 11.0367, 3.9338
(22, 13): 0.1882, 11.0120, 3.8690
(22, 14): 0.2431, 11.0354, 3.6578
(22, 15): 0.0711, 11.1402, 5.1547
(22, 16): 0.0711, 11.1402, 5.1547
(22, 17): 0.1601, 11.0601, 4.5304
(22, 18): 0.1689, 11.0369, 4.5671
(22, 19): 0.1689, 11.0369, 4.5671
(22, 20): 0.1926, 11.0044, 4.3218
(22, 21): 0.0619, 11.1054, 5.0149
(22, 22): 0.0619, 11.1054, 5.0149
(22, 23): -0.0123, 11.0865, 4.6875
(22, 24): -0.0532, 11.0786, 5.1692
(22, 25): -0.0532, 11.0786, 5.1692
(22, 26): -0.0574, 11.0523, 5.0686
(22, 27): -0.1329, 11.0247, 5.8976
(22, 28): -0.1329, 11.0247, 5.8976
(22, 29): -0.0349, 11.0509, 4.9366
(22, 30): 0.0912, 11.0898, 3.9596
(22, 31): 0.0548, 11.1673, 4.4147
(22, 32): 0.0548, 11.1673, 4.4147
(22, 33): 0.1608, 11.0085, 3.5589
(22, 34): 0.1711, 11.1463, 2.9372
(22, 35): 0.1711, 11.1463, 2.9372
(22, 36): 0.2495, 11.0156, 2.8501
(22, 37): 0.1831, 11.0790, 3.3793
(23, 1): 0.6145, 11.2843, 2.0507
(23, 2): 0.4470, 11.0403, 2.8375
(23, 3): 0.4470, 11.0403, 2.8375
(23, 4): 0.2868, 11.0006, 3.5760
(23, 5): 0.2255, 11.0141, 3.7962
(23, 6): 0.2255, 11.0141, 3.7962
(23, 7): 0.1297, 11.0085, 4.6921
(23, 8): 0.0960, 11.1801, 4.2552
(23, 9): 0.0960, 11.1801, 4.2552
(23, 10): 0.0487, 11.1040, 4.8213
(23, 11): 0.0101, 11.0538, 4.9979
(23, 12): 0.0101, 11.0538, 4.9979
(23, 13): 0.0248, 11.0841, 4.8190
(23, 14): 0.0066, 11.0169, 5.0173
(23, 15): -0.0557, 11.1173, 5.4751
(23, 16): -0.0557, 11.1173, 5.4751
(23, 17): 0.0051, 11.0195, 5.6942
(23, 18): 0.1939, 11.0838, 4.2732
(23, 19): 0.1939, 11.0838, 4.2732
(23, 20): 0.2161, 11.0123, 4.1619
(23, 21): 0.3277, 11.0121, 3.3149
(23, 22): 0.3277, 11.0121, 3.3149
(23, 23): 0.2469, 11.0114, 3.7344
(23, 24): 0.1856, 11.0168, 4.1078
(23, 25): 0.1856, 11.0168, 4.1078
(23, 26): 0.0445, 11.0098, 4.6804
(23, 27): -0.0162, 11.0290, 5.0034
(23, 28): -0.0162, 11.0290, 5.0034
(23, 29): 0.1025, 11.0002, 5.8426
(23, 30): -0.0933, 11.0830, 5.2223
(23, 31): 0.0223, 11.0267, 4.8116
(23, 32): 0.0223, 11.0267, 4.8116
(23, 33): 0.1623, 11.0547, 3.1828
(23, 34): 0.3417, 11.0275, 2.3315
(23, 35): 0.3417, 11.0275, 2.3315
(23, 36): 0.2364, 11.0737, 3.1915
(23, 37): 0.1380, 11.0030, 3.4171
(24, 1): 0.3441, 11.1166, 2.5036
(24, 2): 0.4869, 11.5356, 2.5011
(24, 3): 0.4869, 11.5356, 2.5011
(24, 4): 0.2497, 11.0139, 4.0469
(24, 5): 0.3919, 11.1055, 2.7565
(24, 6): 0.3919, 11.1055, 2.7565
(24, 7): 0.2082, 11.0421, 3.7445
(24, 8): -0.0080, 11.1671, 5.0683
(24, 9): -0.0080, 11.1671, 5.0683
(24, 10): -0.1101, 11.0236, 5.3928
(24, 11): -0.0712, 11.0037, 5.2872
(24, 12): -0.0712, 11.0037, 5.2872
(24, 13): 0.0248, 11.0841, 4.8190
(24, 14): 0.0066, 11.0169, 5.0173
(24, 15): -0.0557, 11.1173, 5.4751
(24, 16): -0.0557, 11.1173, 5.4751
(24, 17): 0.0051, 11.0195, 5.6942
(24, 18): 0.1939, 11.0838, 4.2732
(24, 19): 0.1939, 11.0838, 4.2732
(24, 20): 0.2161, 11.0123, 4.1619
(24, 21): 0.3277, 11.0121, 3.3149
(24, 22): 0.3277, 11.0121, 3.3149
(24, 23): 0.2469, 11.0114, 3.7344
(24, 24): 0.1856, 11.0168, 4.1078
(24, 25): 0.1856, 11.0168, 4.1078
(24, 26): 0.0445, 11.0098, 4.6804
(24, 27): -0.0162, 11.0290, 5.0034
(24, 28): -0.0162, 11.0290, 5.0034
(24, 29): 0.1025, 11.0002, 5.8426
(24, 30): -0.0933, 11.0830, 5.2223
(24, 31): 0.0892, 11.0510, 4.8103
(24, 32): 0.0635, 11.0986, 5.4548
(24, 33): 0.1924, 11.0950, 3.9595
(24, 34): 0.0641, 11.0923, 4.4105
(24, 35): 0.0641, 11.0923, 4.4105
(24, 36): 0.0993, 11.0493, 4.3934
(24, 37): 0.0796, 11.0047, 4.5822
(25, 1): 0.2562, 11.4073, 2.5056
(25, 2): 0.1925, 11.0571, 3.9310
(25, 3): 0.1925, 11.0571, 3.9310
(25, 4): 0.3838, 11.2312, 3.0500
(25, 5): 0.2278, 11.0233, 3.9176
(25, 6): 0.2278, 11.0233, 3.9176
(25, 7): 0.2082, 11.0421, 3.7445
(25, 8): -0.0080, 11.1671, 5.0683
(25, 9): -0.0080, 11.1671, 5.0683
(25, 10): -0.1101, 11.0236, 5.3928
(25, 11): -0.0712, 11.0037, 5.2872
(25, 12): -0.0712, 11.0037, 5.2872
(25, 13): 0.2566, 11.0493, 3.4176
(25, 14): 0.1094, 11.0473, 4.1263
(25, 15): 0.0136, 11.0338, 4.9012
(25, 16): 0.0136, 11.0338, 4.9012
(25, 17): 0.0547, 11.0250, 4.6779
(25, 18): 0.1210, 11.0633, 4.4711
(25, 19): 0.1210, 11.0633, 4.4711
(25, 20): 0.2662, 11.1002, 3.5635
(25, 21): 0.2002, 11.0691, 4.2312
(25, 22): 0.2002, 11.0691, 4.2312
(25, 23): 0.2161, 11.0067, 3.7347
(25, 24): 0.1936, 11.0809, 3.8411
(25, 25): 0.1936, 11.0809, 3.8411
(25, 26): 0.2739, 11.0966, 3.2628
(25, 27): 0.1613, 11.0151, 3.5245
(25, 28): 0.1613, 11.0151, 3.5245
(25, 29): 0.1162, 11.0147, 3.7569
(25, 30): 0.0892, 11.0510, 4.8103
(25, 31): 0.0892, 11.0510, 4.8103
(25, 32): 0.0635, 11.0986, 5.4548
(25, 33): 0.1924, 11.0950, 3.9595
(25, 34): 0.0641, 11.0923, 4.4105
(25, 35): 0.0641, 11.0923, 4.4105
(25, 36): 0.0993, 11.0493, 4.3934
(25, 37): -0.0124, 11.0670, 5.6427
(26, 1): 0.0951, 11.0511, 3.1778
(26, 2): 0.1925, 11.0571, 3.9310
(26, 3): 0.1925, 11.0571, 3.9310
(26, 4): 0.3838, 11.2312, 3.0500
(26, 5): 0.2278, 11.0233, 3.9176
(26, 6): 0.2278, 11.0233, 3.9176
(26, 7): 0.2398, 11.0415, 3.8638
(26, 8): 0.1704, 11.2339, 4.2566
(26, 9): 0.1704, 11.2339, 4.2566
(26, 10): 0.0697, 11.1166, 4.7299
(26, 11): 0.3292, 11.1177, 3.1479
(26, 12): 0.3292, 11.1177, 3.1479
(26, 13): 0.1870, 11.0587, 4.0061
(26, 14): 0.2440, 11.0710, 3.3260
(26, 15): 0.1327, 11.0245, 4.1105
(26, 16): 0.1327, 11.0245, 4.1105
(26, 17): 0.1260, 11.0799, 4.0926
(26, 18): 0.0928, 11.0470, 4.0794
(26, 19): 0.0928, 11.0470, 4.0794
(26, 20): 0.3648, 11.0873, 3.3853
(26, 21): 0.1931, 11.0138, 4.2645
(26, 22): 0.1931, 11.0138, 4.2645
(26, 23): 0.1165, 11.0173, 4.5367
(26, 24): 0.2274, 11.0484, 3.8889
(26, 25): 0.2274, 11.0484, 3.8889
(26, 26): 0.1449, 11.0724, 3.9889
(26, 27): 0.2110, 11.1450, 3.5887
(26, 28): 0.2110, 11.1450, 3.5887
(26, 29): 0.2166, 11.0678, 4.2204
(26, 30): 0.1113, 11.2197, 4.9914
(26, 31): 0.1113, 11.2197, 4.9914
(26, 32): 0.1002, 11.0762, 5.2345
(26, 33): -0.0176, 11.0264, 5.7273
(26, 34): 0.0680, 11.0358, 4.7109
(26, 35): 0.0680, 11.0358, 4.7109
(26, 36): -0.0061, 11.0878, 4.3218
(26, 37): -0.0124, 11.0670, 5.6427
(27, 1): 0.0951, 11.0511, 3.1778
(27, 2): 0.1668, 11.0315, 3.5870
(27, 3): 0.1668, 11.0315, 3.5870
(27, 4): 0.4294, 11.0472, 2.8982
(27, 5): 0.3136, 11.0135, 3.4736
(27, 6): 0.3136, 11.0135, 3.4736
(27, 7): 0.2561, 11.0082, 3.6580
(27, 8): 0.2069, 11.0938, 4.0730
(27, 9): 0.2069, 11.0938, 4.0730
(27, 10): 0.2612, 11.0731, 3.7433
(27, 11): 0.3938, 11.6240, 2.8057
(27, 12): 0.1797, 11.0600, 4.1447
(27, 13): 0.1797, 11.0600, 4.1447
(27, 14): 0.1072, 11.1427, 4.6566
(27, 15): 0.1752, 11.0297, 4.1187
(27, 16): 0.1752, 11.0297, 4.1187
(27, 17): 0.1615, 11.0042, 4.2553
(27, 18): 0.1348, 11.0544, 4.1277
(27, 19): 0.1348, 11.0544, 4.1277
(27, 20): 0.2868, 11.0054, 3.5534
(27, 21): 0.2778, 11.0226, 3.1317
(27, 22): 0.2778, 11.0226, 3.1317
(27, 23): 0.1346, 11.0115, 4.1864
(27, 24): 0.2102, 11.0341, 3.5487
(27, 25): 0.2102, 11.0341, 3.5487
(27, 26): 0.2583, 11.1231, 3.3470
(27, 27): 0.1426, 11.0105, 3.7933
(27, 28): 0.1426, 11.0105, 3.7933
(27, 29): 0.1278, 11.0136, 4.2769
(27, 30): 0.0739, 11.1622, 5.1703
(27, 31): 0.0739, 11.1622, 5.1703
(27, 32): 0.0226, 11.0491, 6.4596
(27, 33): -0.0280, 11.0620, 6.1049
(27, 34): -0.0280, 11.0620, 6.1049
(27, 35): -0.0689, 11.0867, 6.2313
(27, 36): -0.0701, 11.0089, 5.5979
(27, 37): 0.0554, 11.0045, 4.6608
(28, 1): 0.0634, 11.1414, 3.3980
(28, 2): 0.0929, 11.0270, 3.8137
(28, 3): 0.0929, 11.0270, 3.8137
(28, 4): 0.3216, 11.0773, 3.1565
(28, 5): 0.2321, 11.1529, 3.8724
(28, 6): 0.2321, 11.1529, 3.8724
(28, 7): 0.2865, 11.0277, 3.5713
(28, 8): 0.3159, 11.2498, 3.7262
(28, 9): 0.3159, 11.2498, 3.7262
(28, 10): 0.2338, 11.0156, 4.2704
(28, 11): 0.3150, 11.0082, 3.5356
(28, 12): 0.2532, 11.0824, 3.9409
(28, 13): 0.2532, 11.0824, 3.9409
(28, 14): 0.2039, 11.0770, 4.0872
(28, 15): 0.1736, 11.2182, 4.1164
(28, 16): 0.1736, 11.2182, 4.1164
(28, 17): 0.1732, 11.0130, 4.1372
(28, 18): 0.1366, 11.0028, 4.0865
(28, 19): 0.1366, 11.0028, 4.0865
(28, 20): 0.1630, 11.0442, 3.9590
(28, 21): 0.1080, 11.0348, 3.7413
(28, 22): 0.1080, 11.0348, 3.7413
(28, 23): 0.1732, 11.0870, 3.4043
(28, 24): 0.2397, 11.0919, 2.7974
(28, 25): 0.2397, 11.0919, 2.7974
(28, 26): 0.1577, 11.0429, 3.4402
(28, 27): 0.1330, 11.3628, 4.3827
(28, 28): 0.1330, 11.3628, 4.3827
(28, 29): 0.1865, 11.0284, 3.5863
(28, 30): 0.1183, 11.1665, 5.3114
(28, 31): 0.1183, 11.1665, 5.3114
(28, 32): 0.0654, 11.1122, 5.8517
(28, 33): 0.1368, 11.1061, 4.9411
(28, 34): 0.1368, 11.1061, 4.9411
(28, 35): 0.0567, 11.1034, 5.0141
(28, 36): -0.1406, 11.0518, 6.4801
(28, 37): 0.0790, 11.0053, 4.2850
(29, 1): 0.0158, 11.0201, 3.3252
(29, 2): 0.2897, 11.1800, 2.7235
(29, 3): 0.2897, 11.1800, 2.7235
(29, 4): 0.2370, 11.0188, 3.7358
(29, 5): 0.1862, 11.0249, 4.3625
(29, 6): 0.1862, 11.0249, 4.3625
(29, 7): 0.2130, 11.1184, 4.2142
(29, 8): 0.2062, 11.2939, 4.4921
(29, 9): 0.2328, 11.1728, 4.5941
(29, 10): 0.2328, 11.1728, 4.5941
(29, 11): 0.2772, 11.1719, 4.1850
(29, 12): 0.2609, 11.0282, 4.1501
(29, 13): 0.2609, 11.0282, 4.1501
(29, 14): 0.2393, 11.1276, 4.0484
(29, 15): 0.3866, 11.1307, 3.1701
(29, 16): 0.3866, 11.1307, 3.1701
(29, 17): 0.3061, 11.0245, 3.4315
(29, 18): 0.1823, 11.0283, 4.0315
(29, 19): 0.1823, 11.0283, 4.0315
(29, 20): 0.2597, 11.0160, 3.1889
(29, 21): 0.1140, 11.0074, 3.7090
(29, 22): 0.1140, 11.0074, 3.7090
(29, 23): 0.2211, 11.0487, 2.4959
(29, 24): 0.2378, 11.0132, 2.1664
(29, 25): 0.2378, 11.0132, 2.1664
(29, 26): 0.2600, 11.0357, 2.7503
(29, 27): 0.1522, 11.0196, 3.7056
(29, 28): 0.1522, 11.0196, 3.7056
(29, 29): 0.1809, 11.1495, 3.4435
(29, 30): 0.0858, 11.0473, 4.8974
(29, 31): 0.0858, 11.0473, 4.8974
(29, 32): 0.1367, 11.0679, 4.9254
(29, 33): 0.1520, 11.0949, 4.6702
(29, 34): 0.1520, 11.0949, 4.6702
(29, 35): 0.1001, 11.0804, 4.4506
(29, 36): 0.1617, 11.0460, 4.0598
(29, 37): 0.1617, 11.0460, 4.0598
(30, 1): 0.0263, 11.1608, 3.3453
(30, 2): 0.1561, 11.0579, 3.9045
(30, 3): 0.1561, 11.0579, 3.9045
(30, 4): 0.2682, 11.0637, 3.5914
(30, 5): 0.2504, 11.0261, 3.9016
(30, 6): 0.3015, 11.0175, 3.8543
(30, 7): 0.3015, 11.0175, 3.8543
(30, 8): 0.2171, 11.0468, 4.5939
(30, 9): 0.2882, 11.1617, 4.2758
(30, 10): 0.2882, 11.1617, 4.2758
(30, 11): 0.3137, 11.0501, 3.9118
(30, 12): 0.3610, 11.0876, 3.3385
(30, 13): 0.3610, 11.0876, 3.3385
(30, 14): 0.3684, 11.0559, 3.3036
(30, 15): 0.4357, 11.0622, 3.1508
(30, 16): 0.4357, 11.0622, 3.1508
(30, 17): 0.4585, 11.0295, 2.8972
(30, 18): 0.2625, 11.0170, 3.7210
(30, 19): 0.2625, 11.0170, 3.7210
(30, 20): 0.2011, 11.0313, 3.8997
(30, 21): 0.1039, 11.0713, 3.9153
(30, 22): 0.1039, 11.0713, 3.9153
(30, 23): 0.0766, 11.0191, 2.4614
(30, 24): 0.1719, 11.0001, 2.2163
(30, 25): 0.1719, 11.0001, 2.2163
(30, 26): 0.3511, 11.0185, 1.9664
(30, 27): 0.2549, 11.0992, 3.2161
(30, 28): 0.2549, 11.0992, 3.2161
(30, 29): 0.1822, 11.0018, 3.5734
(30, 30): 0.2000, 11.0171, 3.8342
(30, 31): 0.2000, 11.0171, 3.8342
(30, 32): 0.1278, 11.0225, 5.0900
(30, 33): 0.1844, 11.0830, 4.2594
(30, 34): 0.1844, 11.0830, 4.2594
(30, 35): 0.2397, 11.0016, 3.8545
(30, 36): 0.2863, 11.0434, 3.2922
(30, 37): 0.2863, 11.0434, 3.2922
(31, 1): 0.0263, 11.1608, 3.3453
(31, 2): 0.1561, 11.0579, 3.9045
(31, 3): 0.2682, 11.0637, 3.5914
(31, 4): 0.2682, 11.0637, 3.5914
(31, 5): 0.2504, 11.0261, 3.9016
(31, 6): 0.3015, 11.0175, 3.8543
(31, 7): 0.3015, 11.0175, 3.8543
(31, 8): 0.2171, 11.0468, 4.5939
(31, 9): 0.2882, 11.1617, 4.2758
(31, 10): 0.2882, 11.1617, 4.2758
(31, 11): 0.3137, 11.0501, 3.9118
(31, 12): 0.3610, 11.0876, 3.3385
(31, 13): 0.3610, 11.0876, 3.3385
(31, 14): 0.3684, 11.0559, 3.3036
(31, 15): 0.4357, 11.0622, 3.1508
(31, 16): 0.4357, 11.0622, 3.1508
(31, 17): 0.4585, 11.0295, 2.8972
(31, 18): 0.2625, 11.0170, 3.7210
(31, 19): 0.2625, 11.0170, 3.7210
(31, 20): 0.2011, 11.0313, 3.8997
(31, 21): 0.1039, 11.0713, 3.9153
(31, 22): 0.1039, 11.0713, 3.9153
(31, 23): 0.0766, 11.0191, 2.4614
(31, 24): 0.1719, 11.0001, 2.2163
(31, 25): 0.1719, 11.0001, 2.2163
(31, 26): 0.3511, 11.0185, 1.9664
(31, 27): 0.2549, 11.0992, 3.2161
(31, 28): 0.2549, 11.0992, 3.2161
(31, 29): 0.1822, 11.0018, 3.5734
(31, 30): 0.2000, 11.0171, 3.8342
(31, 31): 0.2000, 11.0171, 3.8342
(31, 32): 0.1278, 11.0225, 5.0900
(31, 33): 0.1844, 11.0830, 4.2594
(31, 34): 0.1844, 11.0830, 4.2594
(31, 35): 0.2397, 11.0016, 3.8545
(31, 36): 0.2863, 11.0434, 3.2922
(31, 37): 0.2863, 11.0434, 3.2922
(32, 1): 0.0263, 11.1608, 3.3453
(32, 2): 0.1561, 11.0579, 3.9045
(32, 3): 0.2682, 11.0637, 3.5914
(32, 4): 0.2682, 11.0637, 3.5914
(32, 5): 0.2504, 11.0261, 3.9016
(32, 6): 0.3015, 11.0175, 3.8543
(32, 7): 0.3015, 11.0175, 3.8543
(32, 8): 0.2171, 11.0468, 4.5939
(32, 9): 0.2882, 11.1617, 4.2758
(32, 10): 0.2882, 11.1617, 4.2758
(32, 11): 0.3137, 11.0501, 3.9118
(32, 12): 0.3610, 11.0876, 3.3385
(32, 13): 0.3610, 11.0876, 3.3385
(32, 14): 0.3684, 11.0559, 3.3036
(32, 15): 0.4357, 11.0622, 3.1508
(32, 16): 0.4357, 11.0622, 3.1508
(32, 17): 0.4585, 11.0295, 2.8972
(32, 18): 0.2625, 11.0170, 3.7210
(32, 19): 0.2625, 11.0170, 3.7210
(32, 20): 0.2011, 11.0313, 3.8997
(32, 21): 0.1039, 11.0713, 3.9153
(32, 22): 0.1039, 11.0713, 3.9153
(32, 23): 0.0766, 11.0191, 2.4614
(32, 24): 0.1719, 11.0001, 2.2163
(32, 25): 0.1719, 11.0001, 2.2163
(32, 26): 0.3511, 11.0185, 1.9664
(32, 27): 0.2549, 11.0992, 3.2161
(32, 28): 0.2549, 11.0992, 3.2161
(32, 29): 0.1822, 11.0018, 3.5734
(32, 30): 0.2000, 11.0171, 3.8342
(32, 31): 0.2000, 11.0171, 3.8342
(32, 32): 0.1278, 11.0225, 5.0900
(32, 33): 0.1844, 11.0830, 4.2594
(32, 34): 0.1844, 11.0830, 4.2594
(32, 35): 0.2397, 11.0016, 3.8545
(32, 36): 0.2863, 11.0434, 3.2922
(32, 37): 0.2863, 11.0434, 3.2922
