(1, 1): 0.7635, 0.0200, 0.9970, 0.0184
(1, 2): 0.7635, 0.0200, 0.9970, 0.0184
(1, 3): 0.7635, 0.0200, 0.9970, 0.0184
(1, 4): 0.7635, 0.0200, 0.9970, 0.0184
(1, 5): 0.7635, 0.0200, 0.9970, 0.0184
(1, 6): 1.1854, 0.0200, 2.7042, 0.0167
(1, 7): 1.1854, 0.0200, 2.7042, 0.0167
(1, 8): 1.1639, 0.0200, 1.7570, 0.0151
(1, 9): 1.1639, 0.0200, 1.7570, 0.0151
(1, 10): 1.1639, 0.0200, 1.7570, 0.0151
(1, 11): 1.1639, 0.0200, 1.7570, 0.0151
(1, 12): 1.1639, 0.0200, 1.7570, 0.0151
(1, 13): 1.1639, 0.0200, 1.7570, 0.0151
(1, 14): 1.2461, 0.0200, 2.1295, 0.0134
(1, 15): 1.2461, 0.0200, 2.1295, 0.0134
(1, 16): 1.2461, 0.0200, 2.1295, 0.0134
(1, 17): 1.1836, 0.0200, 2.3498, 0.0259
(1, 18): 0.9662, 0.0200, 1.5640, 0.0293
(1, 19): 1.0242, 0.0200, 1.2947, 0.0117
(1, 20): 1.0242, 0.0200, 1.2947, 0.0117
(1, 21): 1.0173, 0.0200, 1.2586, 0.0117
(1, 22): 1.0173, 0.0200, 1.2586, 0.0117
(1, 23): 1.8872, 0.0200, 3.5360, 0.0134
(1, 24): 1.5705, 0.0200, 4.2026, 0.0084
(1, 25): 1.5705, 0.0200, 4.2026, 0.0084
(1, 26): 1.5705, 0.0200, 4.2026, 0.0084
(1, 27): 0.8804, 0.0200, 1.7782, 0.0159
(2, 1): 0.7635, 0.0200, 0.9970, 0.0184
(2, 2): 0.7635, 0.0200, 0.9970, 0.0184
(2, 3): 0.7635, 0.0200, 0.9970, 0.0184
(2, 4): 0.7635, 0.0200, 0.9970, 0.0184
(2, 5): 0.7635, 0.0200, 0.9970, 0.0184
(2, 6): 0.7635, 0.0200, 0.9970, 0.0184
(2, 7): 1.1854, 0.0200, 2.7042, 0.0167
(2, 8): 1.1854, 0.0200, 2.7042, 0.0167
(2, 9): 1.1639, 0.0200, 1.7570, 0.0151
(2, 10): 1.1639, 0.0200, 1.7570, 0.0151
(2, 11): 1.1639, 0.0200, 1.7570, 0.0151
(2, 12): 1.1639, 0.0200, 1.7570, 0.0151
(2, 13): 1.1639, 0.0200, 1.7570, 0.0151
(2, 14): 1.5717, 0.0200, 2.3242, 0.0192
(2, 15): 1.2461, 0.0200, 2.1295, 0.0134
(2, 16): 1.2461, 0.0200, 2.1295, 0.0134
(2, 17): 1.1836, 0.0200, 2.3498, 0.0259
(2, 18): 0.9662, 0.0200, 1.5640, 0.0293
(2, 19): 1.1662, 0.0200, 2.1522, 0.0100
(2, 20): 1.0242, 0.0200, 1.2947, 0.0117
(2, 21): 1.0173, 0.0200, 1.2586, 0.0117
(2, 22): 1.1428, 0.0200, 5.6004, 0.0151
(2, 23): 1.8872, 0.0200, 3.5360, 0.0134
(2, 24): 1.5705, 0.0200, 4.2026, 0.0084
(2, 25): 1.5705, 0.0200, 4.2026, 0.0084
(2, 26): 0.8804, 0.0200, 1.7782, 0.0159
(2, 27): 0.8804, 0.0200, 1.7782, 0.0159
(3, 1): 0.7635, 0.0200, 0.9970, 0.0184
(3, 2): 0.7635, 0.0200, 0.9970, 0.0184
(3, 3): 0.7635, 0.0200, 0.9970, 0.0184
(3, 4): 0.7635, 0.0200, 0.9970, 0.0184
(3, 5): 0.7635, 0.0200, 0.9970, 0.0184
(3, 6): 0.7635, 0.0200, 0.9970, 0.0184
(3, 7): 0.7635, 0.0200, 0.9970, 0.0184
(3, 8): 1.1854, 0.0200, 2.7042, 0.0167
(3, 9): 1.1854, 0.0200, 2.7042, 0.0167
(3, 10): 1.1639, 0.0200, 1.7570, 0.0151
(3, 11): 1.1639, 0.0200, 1.7570, 0.0151
(3, 12): 1.1639, 0.0200, 1.7570, 0.0151
(3, 13): 1.1639, 0.0200, 1.7570, 0.0151
(3, 14): 1.5717, 0.0200, 2.3242, 0.0192
(3, 15): 1.2925, 0.0200, 1.4100, 0.0268
(3, 16): 1.2461, 0.0200, 2.1295, 0.0134
(3, 17): 1.1836, 0.0200, 2.3498, 0.0259
(3, 18): 0.9662, 0.0200, 1.5640, 0.0293
(3, 19): 1.1662, 0.0200, 2.1522, 0.0100
(3, 20): 1.0843, 0.0200, 1.2288, 0.0142
(3, 21): 0.9302, 0.0200, 2.4264, 0.0142
(3, 22): 1.1428, 0.0200, 5.6004, 0.0151
(3, 23): 1.8872, 0.0200, 3.5360, 0.0134
(3, 24): 1.5705, 0.0200, 4.2026, 0.0084
(3, 25): 1.6140, 0.0200, 3.1880, 0.0117
(3, 26): 0.8804, 0.0200, 1.7782, 0.0159
(3, 27): 0.8804, 0.0200, 1.7782, 0.0159
(4, 1): 0.7635, 0.0200, 0.9970, 0.0184
(4, 2): 0.7635, 0.0200, 0.9970, 0.0184
(4, 3): 0.7635, 0.0200, 0.9970, 0.0184
(4, 4): 0.7635, 0.0200, 0.9970, 0.0184
(4, 5): 0.7635, 0.0200, 0.9970, 0.0184
(4, 6): 0.7635, 0.0200, 0.9970, 0.0184
(4, 7): 0.7635, 0.0200, 0.9970, 0.0184
(4, 8): 0.7635, 0.0200, 0.9970, 0.0184
(4, 9): 1.1854, 0.0200, 2.7042, 0.0167
(4, 10): 1.1854, 0.0200, 2.7042, 0.0167
(4, 11): 1.1639, 0.0200, 1.7570, 0.0151
(4, 12): 1.1639, 0.0200, 1.7570, 0.0151
(4, 13): 1.1639, 0.0200, 1.7570, 0.0151
(4, 14): 1.5717, 0.0200, 2.3242, 0.0192
(4, 15): 1.2925, 0.0200, 1.4100, 0.0268
(4, 16): 1.2077, 0.0200, 1.7449, 0.0217
(4, 17): 1.1473, 0.0200, 1.9554, 0.0192
(4, 18): 1.3109, 0.0200, 5.0978, 0.0167
(4, 19): 1.2985, 0.0200, 6.8266, 0.0176
(4, 20): 1.3636, 0.0200, 7.6952, 0.0226
(4, 21): 1.3353, 0.0200, 7.9421, 0.0117
(4, 22): 1.2022, 0.0200, 9.2376, 0.0125
(4, 23): 1.2775, 0.0200, 8.2957, 0.0134
(4, 24): 1.2590, 0.0200, 8.2426, 0.0184
(4, 25): 1.6140, 0.0200, 3.1880, 0.0117
(4, 26): 0.8804, 0.0200, 1.7782, 0.0159
(4, 27): 1.2191, 0.0200, 2.1804, 0.0109
(5, 1): 0.7635, 0.0200, 0.9970, 0.0184
(5, 2): 0.7635, 0.0200, 0.9970, 0.0184
(5, 3): 0.7635, 0.0200, 0.9970, 0.0184
(5, 4): 0.7635, 0.0200, 0.9970, 0.0184
(5, 5): 0.7635, 0.0200, 0.9970, 0.0184
(5, 6): 0.7635, 0.0200, 0.9970, 0.0184
(5, 7): 0.7635, 0.0200, 0.9970, 0.0184
(5, 8): 0.7635, 0.0200, 0.9970, 0.0184
(5, 9): 0.7635, 0.0200, 0.9970, 0.0184
(5, 10): 1.1854, 0.0200, 2.7042, 0.0167
(5, 11): 1.1854, 0.0200, 2.7042, 0.0167
(5, 12): 1.1955, 0.0200, 2.2599, 0.0092
(5, 13): 1.1955, 0.0200, 2.2599, 0.0092
(5, 14): 1.1955, 0.0200, 2.2599, 0.0092
(5, 15): 2.3370, 0.0200, 1.1523, 0.0259
(5, 16): 1.2779, 0.0200, 4.0056, 0.0268
(5, 17): 1.7728, 0.0200, 4.4006, 0.0142
(5, 18): 1.4741, 0.0200, 6.7730, 0.0234
(5, 19): 1.4110, 0.0200, 7.9081, 0.0134
(5, 20): 1.4144, 0.0200, 7.8069, 0.0159
(5, 21): 1.1681, 0.0200, 10.1621, 0.0184
(5, 22): 1.1824, 0.0200, 9.7237, 0.0117
(5, 23): 1.2699, 0.0200, 8.6513, 0.0176
(5, 24): 1.5271, 0.0200, 6.0764, 0.0159
(5, 25): 1.8532, 0.0200, 3.9389, 0.0192
(5, 26): 1.5535, 0.0200, 5.5550, 0.0142
(5, 27): 1.2191, 0.0200, 2.1804, 0.0109
(6, 1): 0.7635, 0.0200, 0.9970, 0.0184
(6, 2): 0.7635, 0.0200, 0.9970, 0.0184
(6, 3): 0.7635, 0.0200, 0.9970, 0.0184
(6, 4): 0.7635, 0.0200, 0.9970, 0.0184
(6, 5): 0.7635, 0.0200, 0.9970, 0.0184
(6, 6): 0.7635, 0.0200, 0.9970, 0.0184
(6, 7): 0.7635, 0.0200, 0.9970, 0.0184
(6, 8): 0.7635, 0.0200, 0.9970, 0.0184
(6, 9): 0.7635, 0.0200, 0.9970, 0.0184
(6, 10): 0.7635, 0.0200, 0.9970, 0.0184
(6, 11): 1.1854, 0.0200, 2.7042, 0.0167
(6, 12): 1.1803, 0.0200, 1.1516, 0.0159
(6, 13): 1.1955, 0.0200, 2.2599, 0.0092
(6, 14): 2.3370, 0.0200, 1.1523, 0.0259
(6, 15): 2.3370, 0.0200, 1.1523, 0.0259
(6, 16): 2.2947, 0.0200, 1.9763, 0.0226
(6, 17): 1.8057, 0.0200, 4.3612, 0.0251
(6, 18): 1.3309, 0.0200, 8.4732, 0.0192
(6, 19): 1.1798, 0.0200, 10.4514, 0.0167
(6, 20): 1.1279, 0.0200, 11.3683, 0.0109
(6, 21): 1.1626, 0.0200, 10.8982, 0.0092
(6, 22): 1.5713, 0.0200, 6.3661, 0.0159
(6, 23): 1.6512, 0.0200, 5.5476, 0.0167
(6, 24): 1.5697, 0.0200, 5.7959, 0.0209
(6, 25): 1.4799, 0.0200, 7.1362, 0.0259
(6, 26): 1.2411, 0.0200, 9.5447, 0.0242
(6, 27): 1.2146, 0.0200, 2.7768, 0.0192
(7, 1): 0.7635, 0.0200, 0.9970, 0.0184
(7, 2): 0.7635, 0.0200, 0.9970, 0.0184
(7, 3): 0.7635, 0.0200, 0.9970, 0.0184
(7, 4): 0.7635, 0.0200, 0.9970, 0.0184
(7, 5): 0.7635, 0.0200, 0.9970, 0.0184
(7, 6): 0.7635, 0.0200, 0.9970, 0.0184
(7, 7): 0.7635, 0.0200, 0.9970, 0.0184
(7, 8): 0.7635, 0.0200, 0.9970, 0.0184
(7, 9): 0.7635, 0.0200, 0.9970, 0.0184
(7, 10): 0.7635, 0.0200, 0.9970, 0.0184
(7, 11): 1.3025, 0.0200, 2.3932, 0.0167
(7, 12): 1.3025, 0.0200, 2.3932, 0.0167
(7, 13): 1.1803, 0.0200, 1.1516, 0.0159
(7, 14): 2.1297, 0.0200, 1.9167, 0.0217
(7, 15): 2.1297, 0.0200, 1.9167, 0.0217
(7, 16): 2.2651, 0.0200, 2.1062, 0.0167
(7, 17): 1.3815, 0.0200, 7.5420, 0.0217
(7, 18): 1.3786, 0.0200, 8.1162, 0.0134
(7, 19): 1.5418, 0.0200, 6.7350, 0.0151
(7, 20): 1.1840, 0.0200, 10.7188, 0.0059
(7, 21): 1.2669, 0.0200, 10.1435, 0.0117
(7, 22): 1.2625, 0.0200, 10.2649, 0.0100
(7, 23): 1.3450, 0.0200, 8.9278, 0.0117
(7, 24): 1.2653, 0.0200, 9.6553, 0.0159
(7, 25): 1.2406, 0.0200, 9.8322, 0.0167
(7, 26): 1.1211, 0.0200, 10.8875, 0.0100
(7, 27): 1.3113, 0.0200, 5.0909, 0.0151
(8, 1): 1.0438, 0.0200, 5.3522, 0.0109
(8, 2): 1.0438, 0.0200, 5.3522, 0.0109
(8, 3): 1.0438, 0.0200, 5.3522, 0.0109
(8, 4): 1.0438, 0.0200, 5.3522, 0.0109
(8, 5): 1.0438, 0.0200, 5.3522, 0.0109
(8, 6): 1.0438, 0.0200, 5.3522, 0.0109
(8, 7): 1.0438, 0.0200, 5.3522, 0.0109
(8, 8): 1.0438, 0.0200, 5.3522, 0.0109
(8, 9): 1.0438, 0.0200, 5.3522, 0.0109
(8, 10): 1.0438, 0.0200, 5.3522, 0.0109
(8, 11): 1.0436, 0.0200, 4.8804, 0.0109
(8, 12): 1.0436, 0.0200, 4.8804, 0.0109
(8, 13): 1.1925, 0.0200, 2.1449, 0.0167
(8, 14): 1.1925, 0.0200, 2.1449, 0.0167
(8, 15): 1.5408, 0.0200, 3.9757, 0.0125
(8, 16): 2.1985, 0.0200, 2.2808, 0.0134
(8, 17): 1.5055, 0.0200, 6.3045, 0.0167
(8, 18): 1.4666, 0.0200, 7.2935, 0.0084
(8, 19): 1.0457, 0.0200, 12.7080, 0.0059
(8, 20): 1.0871, 0.0200, 12.7212, 0.0100
(8, 21): 1.2487, 0.0200, 10.6767, 0.0100
(8, 22): 1.2058, 0.0200, 11.3639, 0.0117
(8, 23): 1.1929, 0.0200, 11.4688, 0.0117
(8, 24): 1.0699, 0.0200, 13.1899, 0.0134
(8, 25): 1.2519, 0.0200, 9.8584, 0.0125
(8, 26): 1.3585, 0.0200, 8.4240, 0.0176
(8, 27): 1.4426, 0.0200, 3.7386, 0.0125
(9, 1): 0.9133, 0.0200, 6.3960, 0.0067
(9, 2): 0.9133, 0.0200, 6.3960, 0.0067
(9, 3): 0.9133, 0.0200, 6.3960, 0.0067
(9, 4): 0.9133, 0.0200, 6.3960, 0.0067
(9, 5): 0.9133, 0.0200, 6.3960, 0.0067
(9, 6): 0.9133, 0.0200, 6.3960, 0.0067
(9, 7): 0.9133, 0.0200, 6.3960, 0.0067
(9, 8): 0.9133, 0.0200, 6.3960, 0.0067
(9, 9): 0.9133, 0.0200, 6.3960, 0.0067
(9, 10): 0.9133, 0.0200, 6.3960, 0.0067
(9, 11): 0.6650, 0.0200, 1.1859, 0.0226
(9, 12): 0.9371, 0.0200, 7.0092, 0.0100
(9, 13): 1.1925, 0.0200, 2.1449, 0.0167
(9, 14): 1.1925, 0.0200, 2.1449, 0.0167
(9, 15): 1.4589, 0.0200, 4.3526, 0.0109
(9, 16): 2.3009, 0.0200, 2.2616, 0.0184
(9, 17): 1.4864, 0.0200, 6.5267, 0.0159
(9, 18): 1.2511, 0.0200, 9.4439, 0.0176
(9, 19): 0.9754, 0.0200, 14.1073, 0.0092
(9, 20): 1.0841, 0.0200, 12.6721, 0.0084
(9, 21): 1.1857, 0.0200, 11.8041, 0.0059
(9, 22): 1.8116, 0.0200, 5.3867, 0.0109
(9, 23): 1.3394, 0.0200, 9.7943, 0.0109
(9, 24): 1.1224, 0.0200, 12.5369, 0.0151
(9, 25): 1.1530, 0.0200, 11.6357, 0.0084
(9, 26): 1.1527, 0.0200, 10.6068, 0.0109
(9, 27): 0.9713, 0.0200, 2.4255, 0.0109
(10, 1): 1.0947, 0.0200, 5.5397, 0.0159
(10, 2): 1.0947, 0.0200, 5.5397, 0.0159
(10, 3): 1.0947, 0.0200, 5.5397, 0.0159
(10, 4): 1.0947, 0.0200, 5.5397, 0.0159
(10, 5): 1.0947, 0.0200, 5.5397, 0.0159
(10, 6): 1.0947, 0.0200, 5.5397, 0.0159
(10, 7): 1.0947, 0.0200, 5.5397, 0.0159
(10, 8): 1.0947, 0.0200, 5.5397, 0.0159
(10, 9): 1.0947, 0.0200, 5.5397, 0.0159
(10, 10): 1.0947, 0.0200, 5.5397, 0.0159
(10, 11): 0.8066, 0.0200, 2.8820, 0.0084
(10, 12): 0.9371, 0.0200, 7.0092, 0.0100
(10, 13): 0.9466, 0.0200, 3.4710, 0.0151
(10, 14): 0.6722, 0.0200, 1.1599, 0.0134
(10, 15): 1.4964, 0.0200, 4.8440, 0.0159
(10, 16): 1.6333, 0.0200, 4.7711, 0.0217
(10, 17): 1.3364, 0.0200, 8.2220, 0.0151
(10, 18): 1.1106, 0.0200, 11.6555, 0.0067
(10, 19): 1.0418, 0.0200, 13.0546, 0.0050
(10, 20): 0.9784, 0.0200, 14.1485, 0.0084
(10, 21): 1.0386, 0.0200, 14.2649, 0.0100
(10, 22): 1.2716, 0.0200, 10.7215, 0.0134
(10, 23): 1.5350, 0.0200, 7.4907, 0.0125
(10, 24): 1.0686, 0.0200, 13.7539, 0.0084
(10, 25): 1.0108, 0.0200, 14.0040, 0.0167
(10, 26): 0.9395, 0.0200, 13.7021, 0.0134
(10, 27): 0.9395, 0.0200, 13.7021, 0.0134
(11, 1): 1.2836, 0.0200, 1.7477, 0.0167
(11, 2): 1.2196, 0.0200, 6.7296, 0.0134
(11, 3): 1.2196, 0.0200, 6.7296, 0.0134
(11, 4): 1.2196, 0.0200, 6.7296, 0.0134
(11, 5): 1.2196, 0.0200, 6.7296, 0.0134
(11, 6): 1.2196, 0.0200, 6.7296, 0.0134
(11, 7): 1.2196, 0.0200, 6.7296, 0.0134
(11, 8): 1.2196, 0.0200, 6.7296, 0.0134
(11, 9): 1.2196, 0.0200, 6.7296, 0.0134
(11, 10): 1.2196, 0.0200, 6.7296, 0.0134
(11, 11): 1.1670, 0.0200, 9.7169, 0.0134
(11, 12): 1.2444, 0.0200, 8.8430, 0.0134
(11, 13): 0.9466, 0.0200, 3.4710, 0.0151
(11, 14): 0.9466, 0.0200, 3.4710, 0.0151
(11, 15): 1.4964, 0.0200, 4.8440, 0.0159
(11, 16): 0.8731, 0.0200, 1.9019, 0.0151
(11, 17): 1.1754, 0.0200, 10.3537, 0.0159
(11, 18): 1.1906, 0.0200, 10.5524, 0.0117
(11, 19): 1.0512, 0.0200, 12.8325, 0.0067
(11, 20): 0.9940, 0.0200, 13.9241, 0.0059
(11, 21): 0.9935, 0.0200, 15.3155, 0.0117
(11, 22): 1.1853, 0.0200, 11.9212, 0.0100
(11, 23): 1.1090, 0.0200, 12.6374, 0.0142
(11, 24): 0.9920, 0.0200, 14.6974, 0.0100
(11, 25): 1.0353, 0.0200, 13.3203, 0.0042
(11, 26): 1.0160, 0.0200, 12.2416, 0.0159
(11, 27): 1.0160, 0.0200, 12.2416, 0.0159
(12, 1): 1.2836, 0.0200, 1.7477, 0.0167
(12, 2): 1.2836, 0.0200, 1.7477, 0.0167
(12, 3): 1.2836, 0.0200, 1.7477, 0.0167
(12, 4): 1.2836, 0.0200, 1.7477, 0.0167
(12, 5): 1.3731, 0.0200, 7.3300, 0.0092
(12, 6): 1.3731, 0.0200, 7.3300, 0.0092
(12, 7): 1.3731, 0.0200, 7.3300, 0.0092
(12, 8): 1.3731, 0.0200, 7.3300, 0.0092
(12, 9): 1.3731, 0.0200, 7.3300, 0.0092
(12, 10): 1.3731, 0.0200, 7.3300, 0.0092
(12, 11): 1.5417, 0.0200, 6.3237, 0.0142
(12, 12): 1.6837, 0.0200, 5.0961, 0.0100
(12, 13): 1.4184, 0.0200, 5.9761, 0.0117
(12, 14): 1.1642, 0.0200, 4.7936, 0.0125
(12, 15): 1.1642, 0.0200, 4.7936, 0.0125
(12, 16): 1.7346, 0.0200, 1.1843, 0.0184
(12, 17): 1.9311, 0.0200, 3.9975, 0.0192
(12, 18): 1.2689, 0.0200, 10.0960, 0.0134
(12, 19): 1.1540, 0.0200, 11.4411, 0.0100
(12, 20): 1.0427, 0.0200, 13.4963, 0.0084
(12, 21): 0.9972, 0.0200, 14.9146, 0.0084
(12, 22): 0.9084, 0.0200, 17.3546, 0.0050
(12, 23): 1.0023, 0.0200, 14.5220, 0.0100
(12, 24): 1.0217, 0.0200, 11.8791, 0.0142
(12, 25): 0.9258, 0.0200, 3.8558, 0.0134
(12, 26): 0.8222, 0.0200, 4.0129, 0.0117
(12, 27): 0.8222, 0.0200, 4.0129, 0.0117
(13, 1): 1.2836, 0.0200, 1.7477, 0.0167
(13, 2): 1.2836, 0.0200, 1.7477, 0.0167
(13, 3): 1.2836, 0.0200, 1.7477, 0.0167
(13, 4): 1.2836, 0.0200, 1.7477, 0.0167
(13, 5): 1.2836, 0.0200, 1.7477, 0.0167
(13, 6): 1.2836, 0.0200, 1.7477, 0.0167
(13, 7): 1.2836, 0.0200, 1.7477, 0.0167
(13, 8): 1.2016, 0.0200, 9.9252, 0.0109
(13, 9): 1.2016, 0.0200, 9.9252, 0.0109
(13, 10): 1.2016, 0.0200, 9.9252, 0.0109
(13, 11): 1.4331, 0.0200, 7.9254, 0.0109
(13, 12): 1.2414, 0.0200, 9.7851, 0.0084
(13, 13): 1.3004, 0.0200, 7.1571, 0.0117
(13, 14): 0.7900, 0.0200, 2.3804, 0.0134
(13, 15): 0.7900, 0.0200, 2.3804, 0.0134
(13, 16): 1.2032, 0.0200, 1.2493, 0.0201
(13, 17): 2.1005, 0.0200, 2.5062, 0.0217
(13, 18): 1.3060, 0.0200, 8.6165, 0.0142
(13, 19): 1.2362, 0.0200, 10.8199, 0.0134
(13, 20): 0.9921, 0.0200, 14.8394, 0.0075
(13, 21): 0.9948, 0.0200, 14.8771, 0.0084
(13, 22): 0.9077, 0.0200, 16.8213, 0.0050
(13, 23): 1.0071, 0.0200, 14.1527, 0.0100
(13, 24): 0.9158, 0.0200, 13.0868, 0.0100
(13, 25): 0.6446, 0.0200, 1.3072, 0.0268
(13, 26): 0.6446, 0.0200, 1.3072, 0.0268
(13, 27): 0.5882, 0.0200, 1.4745, 0.0159
(14, 1): 1.2836, 0.0200, 1.7477, 0.0167
(14, 2): 1.2836, 0.0200, 1.7477, 0.0167
(14, 3): 1.2836, 0.0200, 1.7477, 0.0167
(14, 4): 1.2836, 0.0200, 1.7477, 0.0167
(14, 5): 1.2836, 0.0200, 1.7477, 0.0167
(14, 6): 1.2836, 0.0200, 1.7477, 0.0167
(14, 7): 1.2836, 0.0200, 1.7477, 0.0167
(14, 8): 1.2836, 0.0200, 1.7477, 0.0167
(14, 9): 1.6055, 0.0200, 7.9350, 0.0117
(14, 10): 1.6055, 0.0200, 7.9350, 0.0117
(14, 11): 1.8969, 0.0200, 4.7845, 0.0176
(14, 12): 1.9502, 0.0200, 4.1186, 0.0100
(14, 13): 0.9896, 0.0200, 0.9371, 0.0192
(14, 14): 0.7900, 0.0200, 2.3804, 0.0134
(14, 15): 0.5993, 0.0200, 1.5904, 0.0251
(14, 16): 1.8326, 0.0200, 3.2652, 0.0209
(14, 17): 2.4526, 0.0200, 2.1431, 0.0192
(14, 18): 1.6332, 0.0200, 6.8268, 0.0167
(14, 19): 1.1795, 0.0200, 12.0740, 0.0117
(14, 20): 1.3613, 0.0200, 9.5043, 0.0159
(14, 21): 0.9588, 0.0200, 15.7437, 0.0100
(14, 22): 1.0402, 0.0200, 13.9590, 0.0167
(14, 23): 0.9740, 0.0200, 14.9923, 0.0050
(14, 24): 0.9338, 0.0200, 14.4667, 0.0033
(14, 25): 0.8631, 0.0200, 8.5662, 0.0050
(14, 26): 0.8597, 0.0200, 9.2748, 0.0050
(14, 27): 0.5882, 0.0200, 1.4745, 0.0159
(15, 1): 0.6456, 0.0200, 1.5132, 0.0226
(15, 2): 0.6456, 0.0200, 1.5132, 0.0226
(15, 3): 0.6456, 0.0200, 1.5132, 0.0226
(15, 4): 1.2836, 0.0200, 1.7477, 0.0167
(15, 5): 1.2836, 0.0200, 1.7477, 0.0167
(15, 6): 1.2836, 0.0200, 1.7477, 0.0167
(15, 7): 1.2836, 0.0200, 1.7477, 0.0167
(15, 8): 1.2836, 0.0200, 1.7477, 0.0167
(15, 9): 1.2836, 0.0200, 1.7477, 0.0167
(15, 10): 2.4645, 0.0200, 1.7848, 0.0234
(15, 11): 2.9951, 0.0200, 1.0860, 0.0301
(15, 12): 1.9697, 0.0200, 3.4331, 0.0142
(15, 13): 1.6984, 0.0200, 1.7171, 0.0125
(15, 14): 0.7130, 0.0200, 1.3540, 0.0167
(15, 15): 1.2902, 0.0200, 7.8983, 0.0159
(15, 16): 2.5069, 0.0200, 2.2650, 0.0251
(15, 17): 2.2269, 0.0200, 2.6867, 0.0159
(15, 18): 2.4833, 0.0200, 2.1154, 0.0201
(15, 19): 1.1286, 0.0200, 12.9510, 0.0176
(15, 20): 1.0791, 0.0200, 13.7525, 0.0117
(15, 21): 0.9107, 0.0200, 16.5434, 0.0125
(15, 22): 1.0096, 0.0200, 14.4296, 0.0134
(15, 23): 0.9499, 0.0200, 15.8189, 0.0059
(15, 24): 1.0225, 0.0200, 14.5999, 0.0059
(15, 25): 0.9761, 0.0200, 16.0902, 0.0092
(15, 26): 0.9492, 0.0200, 16.2482, 0.0050
(15, 27): 0.9262, 0.0200, 9.6571, 0.0100
(16, 1): 1.1423, 0.0200, 2.3132, 0.0142
(16, 2): 0.6456, 0.0200, 1.5132, 0.0226
(16, 3): 0.6456, 0.0200, 1.5132, 0.0226
(16, 4): 0.6456, 0.0200, 1.5132, 0.0226
(16, 5): 0.6456, 0.0200, 1.5132, 0.0226
(16, 6): 0.6456, 0.0200, 1.5132, 0.0226
(16, 7): 1.0907, 0.0200, 3.8569, 0.0192
(16, 8): 1.0907, 0.0200, 3.8569, 0.0192
(16, 9): 1.0907, 0.0200, 3.8569, 0.0192
(16, 10): 2.7722, 0.0200, 1.0592, 0.0242
(16, 11): 2.7107, 0.0200, 1.2094, 0.0159
(16, 12): 1.4049, 0.0200, 8.6906, 0.0142
(16, 13): 1.0013, 0.0200, 4.6145, 0.0092
(16, 14): 1.4522, 0.0200, 7.5256, 0.0092
(16, 15): 1.6283, 0.0200, 6.2420, 0.0142
(16, 16): 1.7112, 0.0200, 4.8087, 0.0159
(16, 17): 1.7586, 0.0200, 4.8667, 0.0209
(16, 18): 1.2340, 0.0200, 11.5553, 0.0142
(16, 19): 0.8670, 0.0200, 18.4512, 0.0151
(16, 20): 0.9160, 0.0200, 16.6994, 0.0075
(16, 21): 0.8521, 0.0200, 17.7898, 0.0092
(16, 22): 1.0630, 0.0200, 14.0651, 0.0033
(16, 23): 0.9681, 0.0200, 16.2405, 0.0075
(16, 24): 0.9210, 0.0200, 17.4912, 0.0075
(16, 25): 1.0913, 0.0200, 14.2345, 0.0075
(16, 26): 0.9229, 0.0200, 17.0688, 0.0075
(16, 27): 0.8422, 0.0200, 9.9130, 0.0033
(17, 1): 1.1423, 0.0200, 2.3132, 0.0142
(17, 2): 1.1423, 0.0200, 2.3132, 0.0142
(17, 3): 0.9329, 0.0200, 3.0977, 0.0167
(17, 4): 0.6456, 0.0200, 1.5132, 0.0226
(17, 5): 0.6456, 0.0200, 1.5132, 0.0226
(17, 6): 0.6456, 0.0200, 1.5132, 0.0226
(17, 7): 0.6456, 0.0200, 1.5132, 0.0226
(17, 8): 1.5604, 0.0200, 4.6630, 0.0309
(17, 9): 1.5604, 0.0200, 4.6630, 0.0309
(17, 10): 2.3787, 0.0200, 2.4118, 0.0167
(17, 11): 1.8033, 0.0200, 5.7491, 0.0226
(17, 12): 2.2763, 0.0200, 2.9603, 0.0151
(17, 13): 1.0913, 0.0200, 11.2593, 0.0075
(17, 14): 1.0542, 0.0200, 10.7519, 0.0092
(17, 15): 1.4344, 0.0200, 7.4296, 0.0176
(17, 16): 1.0714, 0.0200, 12.1465, 0.0142
(17, 17): 1.0412, 0.0200, 14.9524, 0.0117
(17, 18): 1.2643, 0.0200, 11.4220, 0.0192
(17, 19): 1.5888, 0.0200, 7.8415, 0.0125
(17, 20): 1.0479, 0.0200, 14.8739, 0.0151
(17, 21): 0.9816, 0.0200, 15.7543, 0.0184
(17, 22): 1.1066, 0.0200, 13.8282, 0.0117
(17, 23): 0.9776, 0.0200, 15.8726, 0.0059
(17, 24): 0.9595, 0.0200, 16.6338, 0.0059
(17, 25): 0.9941, 0.0200, 16.3156, 0.0134
(17, 26): 1.0500, 0.0200, 12.2392, 0.0134
(17, 27): 1.0500, 0.0200, 12.2392, 0.0134
(18, 1): 1.1423, 0.0200, 2.3132, 0.0142
(18, 2): 1.1423, 0.0200, 2.3132, 0.0142
(18, 3): 1.1423, 0.0200, 2.3132, 0.0142
(18, 4): 0.9329, 0.0200, 3.0977, 0.0167
(18, 5): 0.9329, 0.0200, 3.0977, 0.0167
(18, 6): 0.6456, 0.0200, 1.5132, 0.0226
(18, 7): 0.6456, 0.0200, 1.5132, 0.0226
(18, 8): 0.6456, 0.0200, 1.5132, 0.0226
(18, 9): 2.4125, 0.0200, 2.3375, 0.0343
(18, 10): 2.5599, 0.0200, 2.1874, 0.0209
(18, 11): 2.3183, 0.0200, 3.0205, 0.0268
(18, 12): 1.0222, 0.0200, 14.7122, 0.0059
(18, 13): 1.0336, 0.0200, 14.6195, 0.0151
(18, 14): 1.1119, 0.0200, 13.3794, 0.0134
(18, 15): 0.9653, 0.0200, 16.2817, 0.0033
(18, 16): 0.8500, 0.0200, 18.8704, 0.0109
(18, 17): 0.8649, 0.0200, 18.3720, 0.0059
(18, 18): 1.0276, 0.0200, 15.1686, 0.0117
(18, 19): 2.0133, 0.0200, 4.9101, 0.0226
(18, 20): 0.8576, 0.0200, 19.3164, 0.0142
(18, 21): 1.0002, 0.0200, 15.0247, 0.0159
(18, 22): 1.0469, 0.0200, 14.5614, 0.0067
(18, 23): 1.0124, 0.0200, 16.0240, 0.0075
(18, 24): 0.8398, 0.0200, 19.7395, 0.0117
(18, 25): 0.8303, 0.0200, 17.4929, 0.0084
(18, 26): 0.7725, 0.0200, 4.0957, 0.0075
(18, 27): 0.7725, 0.0200, 4.0957, 0.0075
(19, 1): 1.1423, 0.0200, 2.3132, 0.0142
(19, 2): 1.1423, 0.0200, 2.3132, 0.0142
(19, 3): 1.1423, 0.0200, 2.3132, 0.0142
(19, 4): 1.1423, 0.0200, 2.3132, 0.0142
(19, 5): 0.9329, 0.0200, 3.0977, 0.0167
(19, 6): 0.9329, 0.0200, 3.0977, 0.0167
(19, 7): 1.1379, 0.0200, 6.3156, 0.0067
(19, 8): 1.1379, 0.0200, 6.3156, 0.0067
(19, 9): 2.9705, 0.0200, 0.9922, 0.0268
(19, 10): 1.3016, 0.0200, 10.4714, 0.0167
(19, 11): 1.9771, 0.0200, 4.4276, 0.0234
(19, 12): 1.1596, 0.0200, 12.3137, 0.0125
(19, 13): 1.0514, 0.0200, 13.8769, 0.0134
(19, 14): 1.1173, 0.0200, 13.1277, 0.0075
(19, 15): 0.9799, 0.0200, 15.9384, 0.0192
(19, 16): 0.7813, 0.0200, 20.6886, 0.0100
(19, 17): 0.7643, 0.0200, 20.5808, 0.0084
(19, 18): 0.7648, 0.0200, 21.7062, 0.0075
(19, 19): 2.2526, 0.0200, 3.6540, 0.0251
(19, 20): 1.1003, 0.0200, 14.1921, 0.0151
(19, 21): 0.8927, 0.0200, 17.5045, 0.0059
(19, 22): 1.0094, 0.0200, 15.5973, 0.0042
(19, 23): 0.9091, 0.0200, 18.4916, 0.0109
(19, 24): 0.8324, 0.0200, 20.0157, 0.0092
(19, 25): 0.8701, 0.0200, 12.0230, 0.0050
(19, 26): 0.6036, 0.0200, 1.7282, 0.0109
(19, 27): 0.6036, 0.0200, 1.7282, 0.0109
(20, 1): 0.9652, 0.0200, 3.5439, 0.0217
(20, 2): 1.1423, 0.0200, 2.3132, 0.0142
(20, 3): 1.1423, 0.0200, 2.3132, 0.0142
(20, 4): 1.1423, 0.0200, 2.3132, 0.0142
(20, 5): 1.1423, 0.0200, 2.3132, 0.0142
(20, 6): 0.9329, 0.0200, 3.0977, 0.0167
(20, 7): 0.9329, 0.0200, 3.0977, 0.0167
(20, 8): 2.3861, 0.0200, 2.7770, 0.0259
(20, 9): 2.0314, 0.0200, 4.3565, 0.0067
(20, 10): 0.9262, 0.0200, 17.0216, 0.0092
(20, 11): 0.9900, 0.0200, 15.0842, 0.0117
(20, 12): 1.0628, 0.0200, 13.7824, 0.0109
(20, 13): 1.1372, 0.0200, 12.4438, 0.0067
(20, 14): 1.0626, 0.0200, 13.8020, 0.0109
(20, 15): 0.9255, 0.0200, 17.0949, 0.0084
(20, 16): 0.8746, 0.0200, 17.9449, 0.0092
(20, 17): 0.9092, 0.0200, 16.9086, 0.0092
(20, 18): 0.8673, 0.0200, 18.8637, 0.0100
(20, 19): 1.5413, 0.0200, 8.4918, 0.0226
(20, 20): 1.1404, 0.0200, 13.5394, 0.0251
(20, 21): 0.8519, 0.0200, 18.9855, 0.0100
(20, 22): 0.9725, 0.0200, 16.4841, 0.0092
(20, 23): 0.9410, 0.0200, 17.3316, 0.0109
(20, 24): 1.0178, 0.0200, 16.1270, 0.0084
(20, 25): 0.9179, 0.0200, 17.1477, 0.0050
(20, 26): 0.6324, 0.0200, 4.9091, 0.0117
(20, 27): 0.6324, 0.0200, 4.9091, 0.0117
(21, 1): 0.8671, 0.0200, 2.9315, 0.0134
(21, 2): 0.9652, 0.0200, 3.5439, 0.0217
(21, 3): 0.9652, 0.0200, 3.5439, 0.0217
(21, 4): 1.1423, 0.0200, 2.3132, 0.0142
(21, 5): 1.1423, 0.0200, 2.3132, 0.0142
(21, 6): 1.1423, 0.0200, 2.3132, 0.0142
(21, 7): 1.6252, 0.0200, 5.7717, 0.0184
(21, 8): 1.7103, 0.0200, 6.5017, 0.0159
(21, 9): 1.8724, 0.0200, 5.4218, 0.0176
(21, 10): 1.2051, 0.0200, 12.0553, 0.0134
(21, 11): 0.8984, 0.0200, 17.3058, 0.0067
(21, 12): 0.9313, 0.0200, 16.1474, 0.0084
(21, 13): 1.0453, 0.0200, 14.0834, 0.0084
(21, 14): 0.8938, 0.0200, 17.4123, 0.0075
(21, 15): 0.9139, 0.0200, 16.7223, 0.0033
(21, 16): 0.9840, 0.0200, 14.8233, 0.0075
(21, 17): 1.0003, 0.0200, 14.3164, 0.0025
(21, 18): 1.0494, 0.0200, 14.2228, 0.0100
(21, 19): 0.9934, 0.0200, 15.4772, 0.0067
(21, 20): 0.8947, 0.0200, 17.5085, 0.0075
(21, 21): 0.9081, 0.0200, 14.0248, 0.0125
(21, 22): 0.9482, 0.0200, 13.6333, 0.0109
(21, 23): 1.0012, 0.0200, 12.3203, 0.0042
(21, 24): 0.8138, 0.0200, 7.6995, 0.0059
(21, 25): 0.8138, 0.0200, 7.6995, 0.0059
(21, 26): 0.6324, 0.0200, 4.9091, 0.0117
(21, 27): 0.6324, 0.0200, 4.9091, 0.0117
(22, 1): 0.8671, 0.0200, 2.9315, 0.0134
(22, 2): 0.8671, 0.0200, 2.9315, 0.0134
(22, 3): 0.9652, 0.0200, 3.5439, 0.0217
(22, 4): 0.9652, 0.0200, 3.5439, 0.0217
(22, 5): 1.7626, 0.0200, 3.3643, 0.0176
(22, 6): 1.7626, 0.0200, 3.3643, 0.0176
(22, 7): 1.8156, 0.0200, 5.0696, 0.0167
(22, 8): 1.4363, 0.0200, 8.6449, 0.0159
(22, 9): 3.2342, 0.0200, 1.0773, 0.0410
(22, 10): 2.5086, 0.0200, 1.8668, 0.0075
(22, 11): 1.0370, 0.0200, 14.3068, 0.0092
(22, 12): 1.0584, 0.0200, 13.8444, 0.0042
(22, 13): 1.1610, 0.0200, 12.5484, 0.0092
(22, 14): 0.9638, 0.0200, 16.0369, 0.0075
(22, 15): 1.0506, 0.0200, 14.1726, 0.0042
(22, 16): 1.0748, 0.0200, 13.2287, 0.0067
(22, 17): 1.0096, 0.0200, 14.1560, 0.0100
(22, 18): 1.2492, 0.0200, 10.6768, 0.0142
(22, 19): 1.4413, 0.0200, 8.5365, 0.0151
(22, 20): 0.8644, 0.0200, 13.2842, 0.0125
(22, 21): 0.7467, 0.0200, 2.7265, 0.0117
(22, 22): 0.9482, 0.0200, 13.6333, 0.0109
(22, 23): 1.0012, 0.0200, 12.3203, 0.0042
(22, 24): 0.8138, 0.0200, 7.6995, 0.0059
(22, 25): 0.8138, 0.0200, 7.6995, 0.0059
(22, 26): 0.6324, 0.0200, 4.9091, 0.0117
(22, 27): 0.6324, 0.0200, 4.9091, 0.0117
(23, 1): 0.5861, 0.0200, 1.4133, 0.0192
(23, 2): 0.8671, 0.0200, 2.9315, 0.0134
(23, 3): 0.8671, 0.0200, 2.9315, 0.0134
(23, 4): 0.9652, 0.0200, 3.5439, 0.0217
(23, 5): 0.9652, 0.0200, 3.5439, 0.0217
(23, 6): 1.1256, 0.0200, 6.4278, 0.0142
(23, 7): 1.1259, 0.0200, 8.5990, 0.0134
(23, 8): 1.1191, 0.0200, 11.7827, 0.0209
(23, 9): 1.0915, 0.0200, 13.2857, 0.0167
(23, 10): 1.7345, 0.0200, 5.7028, 0.0067
(23, 11): 2.0995, 0.0200, 2.9628, 0.0092
(23, 12): 1.3114, 0.0200, 10.1411, 0.0075
(23, 13): 1.0757, 0.0200, 13.9464, 0.0125
(23, 14): 1.0297, 0.0200, 14.6026, 0.0167
(23, 15): 1.1339, 0.0200, 12.4755, 0.0109
(23, 16): 1.2544, 0.0200, 10.6080, 0.0167
(23, 17): 1.4600, 0.0200, 8.0300, 0.0100
(23, 18): 1.4054, 0.0200, 8.6356, 0.0075
(23, 19): 0.9788, 0.0200, 15.4997, 0.0100
(23, 20): 0.8644, 0.0200, 14.8014, 0.0100
(23, 21): 0.7467, 0.0200, 2.7265, 0.0117
(23, 22): 0.7467, 0.0200, 2.7265, 0.0117
(23, 23): 1.0012, 0.0200, 12.3203, 0.0042
(23, 24): 0.8138, 0.0200, 7.6995, 0.0059
(23, 25): 0.8138, 0.0200, 7.6995, 0.0059
(23, 26): 0.8138, 0.0200, 7.6995, 0.0059
(23, 27): 0.6324, 0.0200, 4.9091, 0.0117
(24, 1): 0.5861, 0.0200, 1.4133, 0.0192
(24, 2): 0.5861, 0.0200, 1.4133, 0.0192
(24, 3): 0.8671, 0.0200, 2.9315, 0.0134
(24, 4): 0.8671, 0.0200, 2.9315, 0.0134
(24, 5): 1.1613, 0.0200, 4.0610, 0.0151
(24, 6): 1.0272, 0.0200, 4.8005, 0.0134
(24, 7): 1.1459, 0.0200, 9.5818, 0.0125
(24, 8): 0.8980, 0.0200, 9.7809, 0.0109
(24, 9): 0.9376, 0.0200, 12.7234, 0.0125
(24, 10): 1.0511, 0.0200, 10.8688, 0.0067
(24, 11): 1.9601, 0.0200, 4.0989, 0.0142
(24, 12): 1.9634, 0.0200, 4.6910, 0.0217
(24, 13): 1.0408, 0.0200, 14.3731, 0.0142
(24, 14): 1.3701, 0.0200, 9.5245, 0.0117
(24, 15): 1.9410, 0.0200, 4.5894, 0.0092
(24, 16): 1.9994, 0.0200, 4.0074, 0.0092
(24, 17): 1.6035, 0.0200, 6.9551, 0.0100
(24, 18): 1.0549, 0.0200, 14.1524, 0.0159
(24, 19): 0.9419, 0.0200, 16.3385, 0.0125
(24, 20): 0.9327, 0.0200, 16.2266, 0.0092
(24, 21): 0.8941, 0.0200, 9.8428, 0.0084
(24, 22): 0.8386, 0.0200, 6.9527, 0.0109
(24, 23): 0.8386, 0.0200, 6.9527, 0.0109
(24, 24): 0.8386, 0.0200, 6.9527, 0.0109
(24, 25): 0.8386, 0.0200, 6.9527, 0.0109
(24, 26): 0.8138, 0.0200, 7.6995, 0.0059
(24, 27): 0.6324, 0.0200, 4.9091, 0.0117
(25, 1): 0.5861, 0.0200, 1.4133, 0.0192
(25, 2): 0.5861, 0.0200, 1.4133, 0.0192
(25, 3): 0.8329, 0.0200, 6.0525, 0.0117
(25, 4): 1.0808, 0.0200, 6.3980, 0.0226
(25, 5): 1.2418, 0.0200, 6.5877, 0.0100
(25, 6): 1.1632, 0.0200, 9.5026, 0.0176
(25, 7): 0.8864, 0.0200, 7.0880, 0.0134
(25, 8): 1.0225, 0.0200, 10.9895, 0.0201
(25, 9): 1.4495, 0.0200, 7.6458, 0.0134
(25, 10): 1.2054, 0.0200, 11.2138, 0.0134
(25, 11): 1.1018, 0.0200, 12.8218, 0.0151
(25, 12): 0.9622, 0.0200, 15.4881, 0.0142
(25, 13): 1.0190, 0.0200, 14.3923, 0.0176
(25, 14): 1.3205, 0.0200, 10.3987, 0.0125
(25, 15): 1.3552, 0.0200, 9.6178, 0.0075
(25, 16): 1.1408, 0.0200, 12.4657, 0.0075
(25, 17): 1.3501, 0.0200, 9.7222, 0.0151
(25, 18): 1.1482, 0.0200, 12.3301, 0.0134
(25, 19): 1.1208, 0.0200, 12.7476, 0.0117
(25, 20): 1.0059, 0.0200, 14.9471, 0.0050
(25, 21): 1.0341, 0.0200, 14.1655, 0.0109
(25, 22): 0.8386, 0.0200, 6.9527, 0.0109
(25, 23): 0.8386, 0.0200, 6.9527, 0.0109
(25, 24): 0.8386, 0.0200, 6.9527, 0.0109
(25, 25): 0.8386, 0.0200, 6.9527, 0.0109
(25, 26): 0.8386, 0.0200, 6.9527, 0.0109
(25, 27): 0.8386, 0.0200, 6.9527, 0.0109
(26, 1): 0.5861, 0.0200, 1.4133, 0.0192
(26, 2): 0.5861, 0.0200, 1.4133, 0.0192
(26, 3): 0.8329, 0.0200, 6.0525, 0.0117
(26, 4): 1.3011, 0.0200, 5.0078, 0.0226
(26, 5): 0.8418, 0.0200, 8.7307, 0.0142
(26, 6): 1.0544, 0.0200, 5.9200, 0.0109
(26, 7): 1.2240, 0.0200, 8.9980, 0.0125
(26, 8): 1.2305, 0.0200, 10.4511, 0.0067
(26, 9): 1.1881, 0.0200, 11.5282, 0.0059
(26, 10): 0.9960, 0.0200, 14.5759, 0.0151
(26, 11): 1.1262, 0.0200, 12.9345, 0.0134
(26, 12): 0.9602, 0.0200, 15.6397, 0.0117
(26, 13): 0.8687, 0.0200, 17.4403, 0.0125
(26, 14): 1.0483, 0.0200, 14.4643, 0.0167
(26, 15): 0.7989, 0.0200, 19.3674, 0.0084
(26, 16): 0.9667, 0.0200, 15.4431, 0.0059
(26, 17): 0.9526, 0.0200, 15.6102, 0.0059
(26, 18): 1.0685, 0.0200, 13.1950, 0.0075
(26, 19): 1.2167, 0.0200, 11.0355, 0.0134
(26, 20): 1.1956, 0.0200, 11.9626, 0.0100
(26, 21): 0.9945, 0.0200, 15.0097, 0.0042
(26, 22): 0.8493, 0.0200, 13.4900, 0.0067
(26, 23): 0.8493, 0.0200, 13.4900, 0.0067
(26, 24): 0.8493, 0.0200, 13.4900, 0.0067
(26, 25): 0.8493, 0.0200, 13.4900, 0.0067
(26, 26): 0.8493, 0.0200, 13.4900, 0.0067
(26, 27): 0.8493, 0.0200, 13.4900, 0.0067
(27, 1): 0.9959, 0.0200, 4.7819, 0.0109
(27, 2): 0.9959, 0.0200, 4.7819, 0.0109
(27, 3): 1.2149, 0.0200, 9.6889, 0.0192
(27, 4): 1.1208, 0.0200, 12.2790, 0.0117
(27, 5): 0.9502, 0.0200, 16.6104, 0.0075
(27, 6): 1.0039, 0.0200, 11.5242, 0.0042
(27, 7): 0.8273, 0.0200, 5.3867, 0.0134
(27, 8): 1.0226, 0.0200, 10.9282, 0.0042
(27, 9): 0.9461, 0.0200, 11.3066, 0.0134
(27, 10): 0.9923, 0.0200, 10.8113, 0.0075
(27, 11): 0.8117, 0.0200, 14.3272, 0.0092
(27, 12): 0.7385, 0.0200, 8.8069, 0.0042
(27, 13): 0.9269, 0.0200, 13.0295, 0.0084
(27, 14): 0.8948, 0.0200, 11.0598, 0.0084
(27, 15): 0.9234, 0.0200, 16.4545, 0.0100
(27, 16): 0.9014, 0.0200, 16.3045, 0.0159
(27, 17): 1.3470, 0.0200, 9.3441, 0.0134
(27, 18): 0.9267, 0.0200, 15.9920, 0.0092
(27, 19): 0.9268, 0.0200, 16.1527, 0.0067
(27, 20): 0.8946, 0.0200, 16.7508, 0.0075
(27, 21): 0.8984, 0.0200, 16.6345, 0.0084
(27, 22): 1.1209, 0.0200, 9.4918, 0.0142
(27, 23): 1.1209, 0.0200, 9.4918, 0.0142
(27, 24): 1.1209, 0.0200, 9.4918, 0.0142
(27, 25): 1.1209, 0.0200, 9.4918, 0.0142
(27, 26): 1.1209, 0.0200, 9.4918, 0.0142
(27, 27): 1.1209, 0.0200, 9.4918, 0.0142
(28, 1): 0.3958, 0.0200, 1.8854, 0.0117
(28, 2): 0.3958, 0.0200, 1.8854, 0.0117
(28, 3): 0.8665, 0.0200, 7.0001, 0.0192
(28, 4): 0.9517, 0.0200, 6.9642, 0.0184
(28, 5): 0.9156, 0.0200, 12.7781, 0.0100
(28, 6): 0.8302, 0.0200, 7.6536, 0.0100
(28, 7): 0.8213, 0.0200, 7.9130, 0.0075
(28, 8): 0.8213, 0.0200, 12.1370, 0.0100
(28, 9): 0.8272, 0.0200, 9.3861, 0.0125
(28, 10): 0.9923, 0.0200, 10.8113, 0.0075
(28, 11): 0.8117, 0.0200, 14.3272, 0.0092
(28, 12): 0.7385, 0.0200, 8.8069, 0.0042
(28, 13): 0.6791, 0.0200, 4.4143, 0.0067
(28, 14): 0.6791, 0.0200, 4.4143, 0.0067
(28, 15): 1.0024, 0.0200, 13.9075, 0.0125
(28, 16): 0.9119, 0.0200, 16.2323, 0.0100
(28, 17): 0.8243, 0.0200, 17.6679, 0.0092
(28, 18): 0.7124, 0.0200, 20.3860, 0.0117
(28, 19): 0.7511, 0.0200, 19.6086, 0.0075
(28, 20): 0.8478, 0.0200, 17.5478, 0.0142
(28, 21): 0.8442, 0.0200, 17.7195, 0.0159
(28, 22): 0.7206, 0.0200, 8.0495, 0.0134
(28, 23): 0.7206, 0.0200, 8.0495, 0.0134
(28, 24): 0.7206, 0.0200, 8.0495, 0.0134
(28, 25): 0.7206, 0.0200, 8.0495, 0.0134
(28, 26): 0.7206, 0.0200, 8.0495, 0.0134
(28, 27): 0.7206, 0.0200, 8.0495, 0.0134
(29, 1): 1.0121, 0.0200, 12.5645, 0.0134
(29, 2): 1.0121, 0.0200, 12.5645, 0.0134
(29, 3): 0.8966, 0.0200, 16.1411, 0.0109
(29, 4): 0.9264, 0.0200, 12.5682, 0.0142
(29, 5): 1.1588, 0.0200, 8.0364, 0.0125
(29, 6): 0.7630, 0.0200, 19.4605, 0.0033
(29, 7): 0.7742, 0.0200, 15.2822, 0.0067
(29, 8): 0.5402, 0.0200, 1.6317, 0.0125
(29, 9): 0.8272, 0.0200, 9.3861, 0.0125
(29, 10): 0.8272, 0.0200, 9.3861, 0.0125
(29, 11): 0.8117, 0.0200, 14.3272, 0.0092
(29, 12): 0.7385, 0.0200, 8.8069, 0.0042
(29, 13): 0.6791, 0.0200, 4.4143, 0.0067
(29, 14): 0.6791, 0.0200, 4.4143, 0.0067
(29, 15): 0.6358, 0.0200, 3.3050, 0.0125
(29, 16): 0.7267, 0.0200, 8.1941, 0.0050
(29, 17): 0.4800, 0.0200, 1.8012, 0.0100
(29, 18): 0.7968, 0.0200, 13.8043, 0.0151
(29, 19): 0.7613, 0.0200, 19.1919, 0.0100
(29, 20): 0.8650, 0.0200, 16.5995, 0.0159
(29, 21): 0.8978, 0.0200, 15.9355, 0.0134
(29, 22): 0.6066, 0.0200, 4.4373, 0.0142
(29, 23): 0.6066, 0.0200, 4.4373, 0.0142
(29, 24): 0.6066, 0.0200, 4.4373, 0.0142
(29, 25): 0.6066, 0.0200, 4.4373, 0.0142
(29, 26): 0.6066, 0.0200, 4.4373, 0.0142
(29, 27): 0.6066, 0.0200, 4.4373, 0.0142
(30, 1): 0.8404, 0.0200, 9.4415, 0.0134
(30, 2): 0.8404, 0.0200, 9.4415, 0.0134
(30, 3): 0.6096, 0.0200, 5.3919, 0.0092
(30, 4): 0.7563, 0.0200, 3.6958, 0.0042
(30, 5): 1.0586, 0.0200, 11.1395, 0.0084
(30, 6): 0.9995, 0.0200, 10.7837, 0.0033
(30, 7): 0.5454, 0.0200, 4.6863, 0.0075
(30, 8): 0.5402, 0.0200, 1.6317, 0.0125
(30, 9): 0.5402, 0.0200, 1.6317, 0.0125
(30, 10): 0.8272, 0.0200, 9.3861, 0.0125
(30, 11): 0.8272, 0.0200, 9.3861, 0.0125
(30, 12): 0.6791, 0.0200, 4.4143, 0.0067
(30, 13): 0.6791, 0.0200, 4.4143, 0.0067
(30, 14): 0.6358, 0.0200, 3.3050, 0.0125
(30, 15): 0.6358, 0.0200, 3.3050, 0.0125
(30, 16): 0.7267, 0.0200, 8.1941, 0.0050
(30, 17): 0.4800, 0.0200, 1.8012, 0.0100
(30, 18): 0.7968, 0.0200, 13.8043, 0.0151
(30, 19): 0.5594, 0.0200, 4.6310, 0.0125
(30, 20): 1.0691, 0.0200, 9.9157, 0.0109
(30, 21): 0.7876, 0.0200, 16.4381, 0.0092
(30, 22): 0.5748, 0.0200, 5.9400, 0.0176
(30, 23): 0.5748, 0.0200, 5.9400, 0.0176
(30, 24): 0.5748, 0.0200, 5.9400, 0.0176
(30, 25): 0.5748, 0.0200, 5.9400, 0.0176
(30, 26): 0.5748, 0.0200, 5.9400, 0.0176
(30, 27): 0.5748, 0.0200, 5.9400, 0.0176
(31, 1): 0.8404, 0.0200, 9.4415, 0.0134
(31, 2): 0.8404, 0.0200, 9.4415, 0.0134
(31, 3): 0.6096, 0.0200, 5.3919, 0.0092
(31, 4): 0.7563, 0.0200, 3.6958, 0.0042
(31, 5): 1.0586, 0.0200, 11.1395, 0.0084
(31, 6): 0.9995, 0.0200, 10.7837, 0.0033
(31, 7): 0.5454, 0.0200, 4.6863, 0.0075
(31, 8): 0.5454, 0.0200, 4.6863, 0.0075
(31, 9): 0.5402, 0.0200, 1.6317, 0.0125
(31, 10): 0.5402, 0.0200, 1.6317, 0.0125
(31, 11): 0.8272, 0.0200, 9.3861, 0.0125
(31, 12): 0.6791, 0.0200, 4.4143, 0.0067
(31, 13): 0.6358, 0.0200, 3.3050, 0.0125
(31, 14): 0.6358, 0.0200, 3.3050, 0.0125
(31, 15): 0.6358, 0.0200, 3.3050, 0.0125
(31, 16): 0.7267, 0.0200, 8.1941, 0.0050
(31, 17): 0.4800, 0.0200, 1.8012, 0.0100
(31, 18): 0.6092, 0.0200, 3.1265, 0.0059
(31, 19): 0.6092, 0.0200, 3.1265, 0.0059
(31, 20): 0.7875, 0.0200, 16.0483, 0.0125
(31, 21): 0.5991, 0.0200, 4.4016, 0.0100
(31, 22): 0.5991, 0.0200, 4.4016, 0.0100
(31, 23): 0.6762, 0.0200, 2.9635, 0.0184
(31, 24): 0.6762, 0.0200, 2.9635, 0.0184
(31, 25): 0.6762, 0.0200, 2.9635, 0.0184
(31, 26): 0.6762, 0.0200, 2.9635, 0.0184
(31, 27): 0.6762, 0.0200, 2.9635, 0.0184
(32, 1): 0.8404, 0.0200, 9.4415, 0.0134
(32, 2): 0.8404, 0.0200, 9.4415, 0.0134
(32, 3): 0.6096, 0.0200, 5.3919, 0.0092
(32, 4): 0.7563, 0.0200, 3.6958, 0.0042
(32, 5): 1.0586, 0.0200, 11.1395, 0.0084
(32, 6): 0.9995, 0.0200, 10.7837, 0.0033
(32, 7): 0.5454, 0.0200, 4.6863, 0.0075
(32, 8): 0.5454, 0.0200, 4.6863, 0.0075
(32, 9): 0.5454, 0.0200, 4.6863, 0.0075
(32, 10): 0.5402, 0.0200, 1.6317, 0.0125
(32, 11): 0.5402, 0.0200, 1.6317, 0.0125
(32, 12): 0.6358, 0.0200, 3.3050, 0.0125
(32, 13): 0.6358, 0.0200, 3.3050, 0.0125
(32, 14): 0.6358, 0.0200, 3.3050, 0.0125
(32, 15): 0.6358, 0.0200, 3.3050, 0.0125
(32, 16): 0.7267, 0.0200, 8.1941, 0.0050
(32, 17): 0.5921, 0.0200, 5.0724, 0.0100
(32, 18): 0.5921, 0.0200, 5.0724, 0.0100
(32, 19): 0.5921, 0.0200, 5.0724, 0.0100
(32, 20): 1.1235, 0.0200, 12.8875, 0.0176
(32, 21): 0.8027, 0.0200, 12.3010, 0.0142
(32, 22): 0.6762, 0.0200, 2.9635, 0.0184
(32, 23): 0.6762, 0.0200, 2.9635, 0.0184
(32, 24): 0.6762, 0.0200, 2.9635, 0.0184
(32, 25): 0.6762, 0.0200, 2.9635, 0.0184
(32, 26): 0.6762, 0.0200, 2.9635, 0.0184
(32, 27): 0.6762, 0.0200, 2.9635, 0.0184
(33, 1): 0.8404, 0.0200, 9.4415, 0.0134
(33, 2): 0.8404, 0.0200, 9.4415, 0.0134
(33, 3): 0.6096, 0.0200, 5.3919, 0.0092
(33, 4): 0.7563, 0.0200, 3.6958, 0.0042
(33, 5): 1.0586, 0.0200, 11.1395, 0.0084
(33, 6): 0.9995, 0.0200, 10.7837, 0.0033
(33, 7): 0.5454, 0.0200, 4.6863, 0.0075
(33, 8): 0.5454, 0.0200, 4.6863, 0.0075
(33, 9): 0.5454, 0.0200, 4.6863, 0.0075
(33, 10): 0.5454, 0.0200, 4.6863, 0.0075
(33, 11): 0.5402, 0.0200, 1.6317, 0.0125
(33, 12): 0.6358, 0.0200, 3.3050, 0.0125
(33, 13): 0.6358, 0.0200, 3.3050, 0.0125
(33, 14): 0.6358, 0.0200, 3.3050, 0.0125
(33, 15): 0.6358, 0.0200, 3.3050, 0.0125
(33, 16): 0.7316, 0.0200, 12.5902, 0.0042
(33, 17): 0.7316, 0.0200, 12.5902, 0.0042
(33, 18): 0.7316, 0.0200, 12.5902, 0.0042
(33, 19): 0.7316, 0.0200, 12.5902, 0.0042
(33, 20): 0.9824, 0.0200, 16.4904, 0.0142
(33, 21): 1.1576, 0.0200, 13.1589, 0.0142
(33, 22): 0.8389, 0.0200, 7.1021, 0.0100
(33, 23): 0.8389, 0.0200, 7.1021, 0.0100
(33, 24): 0.8389, 0.0200, 7.1021, 0.0100
(33, 25): 0.8389, 0.0200, 7.1021, 0.0100
(33, 26): 0.8389, 0.0200, 7.1021, 0.0100
(33, 27): 0.8389, 0.0200, 7.1021, 0.0100
(34, 1): 0.8404, 0.0200, 9.4415, 0.0134
(34, 2): 0.8404, 0.0200, 9.4415, 0.0134
(34, 3): 0.6096, 0.0200, 5.3919, 0.0092
(34, 4): 0.7563, 0.0200, 3.6958, 0.0042
(34, 5): 1.0586, 0.0200, 11.1395, 0.0084
(34, 6): 0.9995, 0.0200, 10.7837, 0.0033
(34, 7): 0.5454, 0.0200, 4.6863, 0.0075
(34, 8): 0.5454, 0.0200, 4.6863, 0.0075
(34, 9): 0.5454, 0.0200, 4.6863, 0.0075
(34, 10): 0.5454, 0.0200, 4.6863, 0.0075
(34, 11): 0.5454, 0.0200, 4.6863, 0.0075
(34, 12): 0.6358, 0.0200, 3.3050, 0.0125
(34, 13): 0.6358, 0.0200, 3.3050, 0.0125
(34, 14): 0.7491, 0.0200, 10.6529, 0.0125
(34, 15): 0.7491, 0.0200, 10.6529, 0.0125
(34, 16): 0.7491, 0.0200, 10.6529, 0.0125
(34, 17): 0.7491, 0.0200, 10.6529, 0.0125
(34, 18): 0.7491, 0.0200, 10.6529, 0.0125
(34, 19): 0.7491, 0.0200, 10.6529, 0.0125
(34, 20): 0.8998, 0.0200, 17.7578, 0.0117
(34, 21): 0.9673, 0.0200, 16.7550, 0.0209
(34, 22): 0.8093, 0.0200, 2.6697, 0.0217
(34, 23): 0.8093, 0.0200, 2.6697, 0.0217
(34, 24): 0.8093, 0.0200, 2.6697, 0.0217
(34, 25): 0.8093, 0.0200, 2.6697, 0.0217
(34, 26): 0.8093, 0.0200, 2.6697, 0.0217
(34, 27): 0.8093, 0.0200, 2.6697, 0.0217
(35, 1): 0.8404, 0.0200, 9.4415, 0.0134
(35, 2): 0.8404, 0.0200, 9.4415, 0.0134
(35, 3): 0.6096, 0.0200, 5.3919, 0.0092
(35, 4): 0.7563, 0.0200, 3.6958, 0.0042
(35, 5): 1.0586, 0.0200, 11.1395, 0.0084
(35, 6): 0.9995, 0.0200, 10.7837, 0.0033
(35, 7): 0.5454, 0.0200, 4.6863, 0.0075
(35, 8): 0.5454, 0.0200, 4.6863, 0.0075
(35, 9): 0.5454, 0.0200, 4.6863, 0.0075
(35, 10): 0.5454, 0.0200, 4.6863, 0.0075
(35, 11): 0.5454, 0.0200, 4.6863, 0.0075
(35, 12): 0.6358, 0.0200, 3.3050, 0.0125
(35, 13): 0.7491, 0.0200, 10.6529, 0.0125
(35, 14): 0.7491, 0.0200, 10.6529, 0.0125
(35, 15): 0.7491, 0.0200, 10.6529, 0.0125
(35, 16): 0.7491, 0.0200, 10.6529, 0.0125
(35, 17): 0.7491, 0.0200, 10.6529, 0.0125
(35, 18): 0.7491, 0.0200, 10.6529, 0.0125
(35, 19): 0.7491, 0.0200, 10.6529, 0.0125
(35, 20): 0.8998, 0.0200, 17.7578, 0.0117
(35, 21): 0.9673, 0.0200, 16.7550, 0.0209
(35, 22): 0.8093, 0.0200, 2.6697, 0.0217
(35, 23): 0.8093, 0.0200, 2.6697, 0.0217
(35, 24): 0.8093, 0.0200, 2.6697, 0.0217
(35, 25): 0.8093, 0.0200, 2.6697, 0.0217
(35, 26): 0.8093, 0.0200, 2.6697, 0.0217
(35, 27): 0.8093, 0.0200, 2.6697, 0.0217
(36, 1): 0.8404, 0.0200, 9.4415, 0.0134
(36, 2): 0.8404, 0.0200, 9.4415, 0.0134
(36, 3): 0.6096, 0.0200, 5.3919, 0.0092
(36, 4): 0.7563, 0.0200, 3.6958, 0.0042
(36, 5): 1.0586, 0.0200, 11.1395, 0.0084
(36, 6): 0.9995, 0.0200, 10.7837, 0.0033
(36, 7): 0.5454, 0.0200, 4.6863, 0.0075
(36, 8): 0.5454, 0.0200, 4.6863, 0.0075
(36, 9): 0.5454, 0.0200, 4.6863, 0.0075
(36, 10): 0.5454, 0.0200, 4.6863, 0.0075
(36, 11): 0.5454, 0.0200, 4.6863, 0.0075
(36, 12): 0.7491, 0.0200, 10.6529, 0.0125
(36, 13): 0.7491, 0.0200, 10.6529, 0.0125
(36, 14): 0.7491, 0.0200, 10.6529, 0.0125
(36, 15): 0.7491, 0.0200, 10.6529, 0.0125
(36, 16): 0.7491, 0.0200, 10.6529, 0.0125
(36, 17): 0.7491, 0.0200, 10.6529, 0.0125
(36, 18): 0.7491, 0.0200, 10.6529, 0.0125
(36, 19): 0.7491, 0.0200, 10.6529, 0.0125
(36, 20): 0.8998, 0.0200, 17.7578, 0.0117
(36, 21): 0.9673, 0.0200, 16.7550, 0.0209
(36, 22): 0.8093, 0.0200, 2.6697, 0.0217
(36, 23): 0.8093, 0.0200, 2.6697, 0.0217
(36, 24): 0.8093, 0.0200, 2.6697, 0.0217
(36, 25): 0.8093, 0.0200, 2.6697, 0.0217
(36, 26): 0.8093, 0.0200, 2.6697, 0.0217
(36, 27): 0.8093, 0.0200, 2.6697, 0.0217
(37, 1): 0.8404, 0.0200, 9.4415, 0.0134
(37, 2): 0.8404, 0.0200, 9.4415, 0.0134
(37, 3): 0.6096, 0.0200, 5.3919, 0.0092
(37, 4): 0.7563, 0.0200, 3.6958, 0.0042
(37, 5): 1.0586, 0.0200, 11.1395, 0.0084
(37, 6): 0.9995, 0.0200, 10.7837, 0.0033
(37, 7): 0.5454, 0.0200, 4.6863, 0.0075
(37, 8): 0.5454, 0.0200, 4.6863, 0.0075
(37, 9): 0.5454, 0.0200, 4.6863, 0.0075
(37, 10): 0.5454, 0.0200, 4.6863, 0.0075
(37, 11): 0.5454, 0.0200, 4.6863, 0.0075
(37, 12): 0.7491, 0.0200, 10.6529, 0.0125
(37, 13): 0.7491, 0.0200, 10.6529, 0.0125
(37, 14): 0.7491, 0.0200, 10.6529, 0.0125
(37, 15): 0.7491, 0.0200, 10.6529, 0.0125
(37, 16): 0.7491, 0.0200, 10.6529, 0.0125
(37, 17): 0.7491, 0.0200, 10.6529, 0.0125
(37, 18): 0.7491, 0.0200, 10.6529, 0.0125
(37, 19): 0.7491, 0.0200, 10.6529, 0.0125
(37, 20): 0.8998, 0.0200, 17.7578, 0.0117
(37, 21): 0.9673, 0.0200, 16.7550, 0.0209
(37, 22): 0.8093, 0.0200, 2.6697, 0.0217
(37, 23): 0.8093, 0.0200, 2.6697, 0.0217
(37, 24): 0.8093, 0.0200, 2.6697, 0.0217
(37, 25): 0.8093, 0.0200, 2.6697, 0.0217
(37, 26): 0.8093, 0.0200, 2.6697, 0.0217
(37, 27): 0.8093, 0.0200, 2.6697, 0.0217
