(1, 1): -0.0552, 4.4600, 3.5976, 0.4264
(1, 2): -0.0552, 4.4600, 3.5976, 0.4264
(1, 3): -0.0552, 4.4600, 3.5976, 0.4264
(1, 4): -0.0552, 4.4600, 3.5976, 0.4264
(1, 5): 0.0873, 4.4400, 15.1136, 0.2977
(1, 6): 0.0873, 4.4400, 15.1136, 0.2977
(1, 7): 0.0873, 4.4400, 15.1136, 0.2977
(1, 8): 0.0873, 4.4400, 15.1136, 0.2977
(1, 9): -0.0125, 4.4500, 10.7712, 0.3378
(1, 10): -0.0125, 4.4500, 10.7712, 0.3378
(1, 11): -0.0125, 4.4500, 10.7712, 0.3378
(1, 12): -0.0125, 4.4500, 10.7712, 0.3378
(1, 13): -0.0125, 4.4500, 10.7712, 0.3378
(1, 14): 0.0009, 4.4200, 14.5287, 0.3403
(1, 15): 0.0009, 4.4200, 14.5287, 0.3403
(1, 16): 0.0009, 4.4200, 14.5287, 0.3403
(1, 17): 0.0602, 4.4100, 13.9613, 0.3403
(1, 18): 0.0471, 4.4300, 7.3560, 0.3997
(1, 19): 0.0104, 4.4200, 6.9628, 0.3963
(1, 20): 0.0104, 4.4200, 6.9628, 0.3963
(1, 21): 0.0617, 4.4100, 6.3703, 0.3938
(1, 22): 0.0617, 4.4100, 6.3703, 0.3938
(1, 23): 0.2255, 4.4600, 37.6498, 0.2617
(1, 24): 0.1453, 4.4200, 36.0785, 0.2784
(1, 25): 0.1453, 4.4200, 36.0785, 0.2784
(1, 26): 0.1453, 4.4200, 36.0785, 0.2784
(1, 27): 0.0405, 4.4300, 7.1186, 0.3545
(2, 1): -0.0552, 4.4600, 3.5976, 0.4264
(2, 2): -0.0552, 4.4600, 3.5976, 0.4264
(2, 3): -0.0552, 4.4600, 3.5976, 0.4264
(2, 4): -0.0552, 4.4600, 3.5976, 0.4264
(2, 5): -0.0552, 4.4600, 3.5976, 0.4264
(2, 6): 0.0873, 4.4400, 15.1136, 0.2977
(2, 7): 0.0873, 4.4400, 15.1136, 0.2977
(2, 8): 0.0873, 4.4400, 15.1136, 0.2977
(2, 9): 0.0873, 4.4400, 15.1136, 0.2977
(2, 10): -0.0125, 4.4500, 10.7712, 0.3378
(2, 11): -0.0125, 4.4500, 10.7712, 0.3378
(2, 12): -0.0125, 4.4500, 10.7712, 0.3378
(2, 13): -0.0125, 4.4500, 10.7712, 0.3378
(2, 14): 0.0847, 4.4100, 21.8057, 0.3144
(2, 15): 0.0009, 4.4200, 14.5287, 0.3403
(2, 16): 0.0009, 4.4200, 14.5287, 0.3403
(2, 17): 0.0602, 4.4100, 13.9613, 0.3403
(2, 18): 0.0471, 4.4300, 7.3560, 0.3997
(2, 19): 0.0104, 4.4200, 6.9628, 0.3963
(2, 20): 0.0104, 4.4200, 6.9628, 0.3963
(2, 21): 0.0617, 4.4100, 6.3703, 0.3938
(2, 22): 0.1257, 4.4100, 26.5481, 0.2492
(2, 23): 0.2255, 4.4600, 37.6498, 0.2617
(2, 24): 0.1453, 4.4200, 36.0785, 0.2784
(2, 25): 0.1453, 4.4200, 36.0785, 0.2784
(2, 26): 0.0405, 4.4300, 7.1186, 0.3545
(2, 27): 0.0405, 4.4300, 7.1186, 0.3545
(3, 1): -0.0552, 4.4600, 3.5976, 0.4264
(3, 2): -0.0552, 4.4600, 3.5976, 0.4264
(3, 3): -0.0552, 4.4600, 3.5976, 0.4264
(3, 4): -0.0552, 4.4600, 3.5976, 0.4264
(3, 5): -0.0552, 4.4600, 3.5976, 0.4264
(3, 6): -0.0552, 4.4600, 3.5976, 0.4264
(3, 7): 0.0873, 4.4400, 15.1136, 0.2977
(3, 8): 0.0873, 4.4400, 15.1136, 0.2977
(3, 9): 0.0873, 4.4400, 15.1136, 0.2977
(3, 10): 0.0873, 4.4400, 15.1136, 0.2977
(3, 11): -0.0125, 4.4500, 10.7712, 0.3378
(3, 12): -0.0125, 4.4500, 10.7712, 0.3378
(3, 13): -0.0125, 4.4500, 10.7712, 0.3378
(3, 14): 0.0847, 4.4100, 21.8057, 0.3144
(3, 15): 0.0026, 4.4100, 10.6202, 0.3905
(3, 16): 0.0009, 4.4200, 14.5287, 0.3403
(3, 17): 0.0602, 4.4100, 13.9613, 0.3403
(3, 18): 0.0471, 4.4300, 7.3560, 0.3997
(3, 19): 0.0984, 4.4400, 12.6119, 0.3453
(3, 20): 0.0459, 4.4200, 6.8858, 0.4005
(3, 21): 0.0278, 4.4600, 10.5015, 0.3353
(3, 22): 0.1257, 4.4100, 26.5481, 0.2492
(3, 23): 0.2255, 4.4600, 37.6498, 0.2617
(3, 24): 0.1453, 4.4200, 36.0785, 0.2784
(3, 25): 0.1545, 4.4800, 28.8840, 0.2952
(3, 26): 0.0405, 4.4300, 7.1186, 0.3545
(3, 27): 0.0405, 4.4300, 7.1186, 0.3545
(4, 1): -0.0552, 4.4600, 3.5976, 0.4264
(4, 2): -0.0552, 4.4600, 3.5976, 0.4264
(4, 3): -0.0552, 4.4600, 3.5976, 0.4264
(4, 4): -0.0552, 4.4600, 3.5976, 0.4264
(4, 5): -0.0552, 4.4600, 3.5976, 0.4264
(4, 6): -0.0552, 4.4600, 3.5976, 0.4264
(4, 7): -0.0552, 4.4600, 3.5976, 0.4264
(4, 8): 0.0873, 4.4400, 15.1136, 0.2977
(4, 9): 0.0873, 4.4400, 15.1136, 0.2977
(4, 10): 0.0873, 4.4400, 15.1136, 0.2977
(4, 11): 0.0873, 4.4400, 15.1136, 0.2977
(4, 12): -0.0125, 4.4500, 10.7712, 0.3378
(4, 13): -0.0125, 4.4500, 10.7712, 0.3378
(4, 14): 0.0847, 4.4100, 21.8057, 0.3144
(4, 15): 0.0026, 4.4100, 10.6202, 0.3905
(4, 16): -0.0370, 4.4600, 11.7797, 0.3679
(4, 17): 0.0043, 4.5700, 12.0859, 0.3637
(4, 18): 0.1812, 4.4600, 28.8721, 0.2634
(4, 19): 0.1638, 4.4500, 36.7657, 0.2400
(4, 20): 0.1474, 4.4400, 44.7891, 0.2375
(4, 21): 0.1848, 4.4800, 42.6073, 0.2216
(4, 22): 0.1981, 4.4300, 41.9466, 0.2174
(4, 23): 0.2098, 4.4400, 40.8505, 0.2199
(4, 24): 0.1858, 4.6000, 42.0710, 0.2333
(4, 25): 0.1545, 4.4800, 28.8840, 0.2952
(4, 26): 0.0405, 4.4300, 7.1186, 0.3545
(4, 27): 0.0210, 4.4300, 14.6277, 0.3294
(5, 1): -0.0552, 4.4600, 3.5976, 0.4264
(5, 2): -0.0552, 4.4600, 3.5976, 0.4264
(5, 3): -0.0552, 4.4600, 3.5976, 0.4264
(5, 4): -0.0552, 4.4600, 3.5976, 0.4264
(5, 5): -0.0552, 4.4600, 3.5976, 0.4264
(5, 6): -0.0552, 4.4600, 3.5976, 0.4264
(5, 7): -0.0552, 4.4600, 3.5976, 0.4264
(5, 8): -0.0552, 4.4600, 3.5976, 0.4264
(5, 9): 0.0873, 4.4400, 15.1136, 0.2977
(5, 10): 0.0873, 4.4400, 15.1136, 0.2977
(5, 11): 0.0873, 4.4400, 15.1136, 0.2977
(5, 12): 0.0087, 4.4100, 14.1269, 0.3094
(5, 13): 0.0087, 4.4100, 14.1269, 0.3094
(5, 14): 0.0087, 4.4100, 14.1269, 0.3094
(5, 15): 0.0026, 4.4100, 10.6202, 0.3905
(5, 16): 0.1529, 4.4500, 22.9790, 0.2935
(5, 17): 0.2453, 4.4300, 39.9790, 0.2600
(5, 18): 0.2061, 4.4900, 43.0090, 0.2433
(5, 19): 0.2068, 4.5000, 44.8382, 0.2199
(5, 20): 0.1833, 4.4200, 45.0549, 0.2216
(5, 21): 0.1768, 4.4200, 45.2047, 0.2216
(5, 22): 0.2613, 4.4400, 39.6226, 0.2107
(5, 23): 0.2171, 4.4200, 42.0229, 0.2224
(5, 24): 0.2611, 4.4100, 39.0723, 0.2349
(5, 25): 0.2443, 4.4300, 41.7633, 0.2768
(5, 26): 0.2036, 4.4200, 39.8340, 0.2425
(5, 27): 0.0210, 4.4300, 14.6277, 0.3294
(6, 1): -0.0552, 4.4600, 3.5976, 0.4264
(6, 2): -0.0552, 4.4600, 3.5976, 0.4264
(6, 3): -0.0552, 4.4600, 3.5976, 0.4264
(6, 4): -0.0552, 4.4600, 3.5976, 0.4264
(6, 5): -0.0552, 4.4600, 3.5976, 0.4264
(6, 6): -0.0552, 4.4600, 3.5976, 0.4264
(6, 7): -0.0552, 4.4600, 3.5976, 0.4264
(6, 8): -0.0552, 4.4600, 3.5976, 0.4264
(6, 9): -0.0552, 4.4600, 3.5976, 0.4264
(6, 10): 0.0873, 4.4400, 15.1136, 0.2977
(6, 11): 0.0873, 4.4400, 15.1136, 0.2977
(6, 12): -0.0819, 4.4200, 7.8744, 0.3813
(6, 13): 0.0087, 4.4100, 14.1269, 0.3094
(6, 14): 0.1668, 4.4700, 26.2193, 0.3528
(6, 15): 0.1668, 4.4700, 26.2193, 0.3528
(6, 16): 0.2524, 4.4200, 38.0038, 0.3119
(6, 17): 0.2183, 4.4100, 41.3645, 0.2634
(6, 18): 0.1817, 4.4600, 44.3823, 0.2224
(6, 19): 0.1635, 4.4100, 46.9287, 0.2174
(6, 20): 0.1782, 4.4800, 45.9102, 0.2007
(6, 21): 0.1939, 4.4400, 46.6184, 0.2065
(6, 22): 0.2151, 4.4800, 44.8479, 0.2408
(6, 23): 0.2612, 4.4600, 42.1020, 0.2441
(6, 24): 0.2728, 4.4700, 39.4373, 0.2500
(6, 25): 0.2817, 4.4100, 40.0477, 0.2274
(6, 26): 0.2090, 4.4500, 43.3508, 0.2124
(6, 27): 0.0376, 4.4200, 17.4650, 0.3202
(7, 1): -0.0552, 4.4600, 3.5976, 0.4264
(7, 2): -0.0552, 4.4600, 3.5976, 0.4264
(7, 3): -0.0552, 4.4600, 3.5976, 0.4264
(7, 4): -0.0552, 4.4600, 3.5976, 0.4264
(7, 5): -0.0552, 4.4600, 3.5976, 0.4264
(7, 6): -0.0552, 4.4600, 3.5976, 0.4264
(7, 7): -0.0552, 4.4600, 3.5976, 0.4264
(7, 8): -0.0552, 4.4600, 3.5976, 0.4264
(7, 9): -0.0552, 4.4600, 3.5976, 0.4264
(7, 10): -0.0552, 4.4600, 3.5976, 0.4264
(7, 11): 0.0458, 4.4400, 16.3447, 0.3127
(7, 12): 0.0458, 4.4400, 16.3447, 0.3127
(7, 13): -0.0819, 4.4200, 7.8744, 0.3813
(7, 14): 0.2070, 4.4100, 39.2114, 0.3980
(7, 15): 0.2070, 4.4100, 39.2114, 0.3980
(7, 16): 0.2109, 4.4100, 40.5274, 0.3152
(7, 17): 0.2002, 4.5400, 42.0404, 0.2308
(7, 18): 0.2218, 4.4600, 45.1003, 0.2216
(7, 19): 0.1626, 4.4100, 48.6355, 0.2416
(7, 20): 0.2236, 4.4500, 46.1984, 0.2057
(7, 21): 0.2423, 4.4200, 46.8239, 0.2090
(7, 22): 0.1911, 4.4798, 49.7276, 0.2107
(7, 23): 0.2282, 4.4600, 46.6340, 0.2157
(7, 24): 0.2808, 4.4300, 42.8421, 0.2090
(7, 25): 0.2197, 4.4400, 43.6879, 0.2032
(7, 26): 0.2212, 4.4300, 41.5117, 0.1890
(7, 27): 0.1680, 4.4800, 28.3331, 0.2475
(8, 1): 0.0405, 4.4400, 25.2013, 0.2517
(8, 2): 0.0405, 4.4400, 25.2013, 0.2517
(8, 3): 0.0405, 4.4400, 25.2013, 0.2517
(8, 4): 0.0405, 4.4400, 25.2013, 0.2517
(8, 5): 0.0405, 4.4400, 25.2013, 0.2517
(8, 6): 0.0405, 4.4400, 25.2013, 0.2517
(8, 7): 0.0405, 4.4400, 25.2013, 0.2517
(8, 8): 0.0405, 4.4400, 25.2013, 0.2517
(8, 9): 0.0405, 4.4400, 25.2013, 0.2517
(8, 10): 0.0405, 4.4400, 25.2013, 0.2517
(8, 11): 0.0461, 4.4300, 23.0922, 0.2584
(8, 12): 0.0461, 4.4300, 23.0922, 0.2584
(8, 13): -0.0079, 4.4900, 13.6756, 0.3403
(8, 14): -0.0079, 4.4900, 13.6756, 0.3403
(8, 15): 0.2951, 4.4600, 34.5451, 0.3921
(8, 16): 0.2225, 4.4700, 41.6607, 0.3052
(8, 17): 0.2447, 4.4200, 40.5085, 0.2425
(8, 18): 0.2333, 4.4600, 44.5197, 0.2207
(8, 19): 0.3266, 4.4100, 40.1508, 0.1831
(8, 20): 0.2758, 4.4400, 43.7108, 0.1839
(8, 21): 0.2490, 4.4400, 46.6159, 0.1973
(8, 22): 0.2020, 4.4900, 50.4550, 0.2032
(8, 23): 0.2253, 4.5400, 49.7177, 0.2023
(8, 24): 0.2402, 4.4300, 47.3975, 0.1898
(8, 25): 0.2926, 4.4600, 40.9708, 0.1915
(8, 26): 0.2243, 4.6200, 43.5015, 0.2115
(8, 27): 0.1652, 4.4400, 26.1135, 0.2726
(9, 1): 0.0238, 4.4500, 25.9849, 0.2391
(9, 2): 0.0238, 4.4500, 25.9849, 0.2391
(9, 3): 0.0238, 4.4500, 25.9849, 0.2391
(9, 4): 0.0238, 4.4500, 25.9849, 0.2391
(9, 5): 0.0238, 4.4500, 25.9849, 0.2391
(9, 6): 0.0238, 4.4500, 25.9849, 0.2391
(9, 7): 0.0238, 4.4500, 25.9849, 0.2391
(9, 8): 0.0238, 4.4500, 25.9849, 0.2391
(9, 9): 0.0238, 4.4500, 25.9849, 0.2391
(9, 10): 0.0238, 4.4500, 25.9849, 0.2391
(9, 11): -0.0886, 4.4300, 3.9055, 0.4130
(9, 12): 0.0373, 4.4900, 28.1811, 0.2425
(9, 13): 0.0373, 4.4900, 28.1811, 0.2425
(9, 14): -0.0079, 4.4900, 13.6756, 0.3403
(9, 15): 0.2529, 4.4100, 33.5344, 0.3629
(9, 16): 0.2277, 4.4100, 41.1685, 0.3002
(9, 17): 0.2539, 4.4200, 40.3529, 0.2400
(9, 18): 0.3330, 4.5400, 39.1384, 0.2157
(9, 19): 0.2911, 4.4600, 41.4585, 0.1781
(9, 20): 0.2411, 4.4200, 46.2315, 0.1890
(9, 21): 0.2516, 4.4900, 47.1826, 0.1865
(9, 22): 0.2851, 4.4300, 45.0276, 0.2283
(9, 23): 0.2587, 4.5300, 48.1986, 0.2015
(9, 24): 0.3056, 4.4100, 43.5761, 0.1831
(9, 25): 0.2973, 4.4400, 43.2341, 0.1839
(9, 26): 0.2896, 4.4200, 39.7882, 0.1915
(9, 27): 0.0290, 4.4100, 11.6510, 0.3269
(10, 1): 0.0500, 4.4263, 26.9703, 0.2542
(10, 2): 0.0500, 4.4263, 26.9703, 0.2542
(10, 3): 0.0500, 4.4263, 26.9703, 0.2542
(10, 4): 0.0500, 4.4263, 26.9703, 0.2542
(10, 5): 0.0500, 4.4263, 26.9703, 0.2542
(10, 6): 0.0500, 4.4263, 26.9703, 0.2542
(10, 7): 0.0500, 4.4263, 26.9703, 0.2542
(10, 8): 0.0500, 4.4263, 26.9703, 0.2542
(10, 9): 0.0500, 4.4263, 26.9703, 0.2542
(10, 10): 0.0500, 4.4263, 26.9703, 0.2542
(10, 11): -0.0730, 4.4400, 11.4961, 0.3127
(10, 12): 0.0373, 4.4900, 28.1811, 0.2425
(10, 13): -0.0045, 4.4500, 14.6107, 0.3010
(10, 14): 0.1326, 4.4200, 3.3085, 0.4306
(10, 15): 0.2779, 4.4100, 32.5802, 0.2893
(10, 16): 0.2315, 4.5100, 38.4128, 0.2759
(10, 17): 0.2806, 4.4100, 39.9003, 0.2182
(10, 18): 0.2975, 4.4400, 41.0170, 0.1856
(10, 19): 0.2812, 4.4600, 42.0811, 0.1773
(10, 20): 0.2959, 4.4200, 41.3507, 0.1722
(10, 21): 0.3155, 4.5300, 43.0149, 0.1672
(10, 22): 0.2607, 4.5500, 48.0154, 0.1973
(10, 23): 0.2433, 4.5200, 49.8130, 0.2157
(10, 24): 0.2580, 4.4300, 47.3592, 0.1756
(10, 25): 0.2388, 4.4400, 45.7598, 0.1839
(10, 26): 0.2269, 4.4300, 41.7482, 0.1823
(10, 27): 0.2269, 4.4300, 41.7482, 0.1823
(11, 1): -0.0233, 4.4200, 13.2964, 0.3478
(11, 2): 0.1083, 4.4300, 34.4727, 0.2266
(11, 3): 0.1083, 4.4300, 34.4727, 0.2266
(11, 4): 0.1083, 4.4300, 34.4727, 0.2266
(11, 5): 0.1083, 4.4300, 34.4727, 0.2266
(11, 6): 0.1083, 4.4300, 34.4727, 0.2266
(11, 7): 0.1083, 4.4300, 34.4727, 0.2266
(11, 8): 0.1083, 4.4300, 34.4727, 0.2266
(11, 9): 0.1083, 4.4300, 34.4727, 0.2266
(11, 10): 0.1083, 4.4300, 34.4727, 0.2266
(11, 11): 0.1317, 4.4100, 45.5910, 0.2166
(11, 12): 0.1348, 4.4900, 45.9090, 0.2299
(11, 13): -0.0045, 4.4500, 14.6107, 0.3010
(11, 14): -0.0045, 4.4500, 14.6107, 0.3010
(11, 15): 0.2779, 4.4100, 32.5802, 0.2893
(11, 16): 0.1429, 4.4200, 7.2064, 0.3570
(11, 17): 0.2820, 4.4100, 40.5626, 0.2015
(11, 18): 0.2098, 4.4500, 46.1547, 0.2057
(11, 19): 0.2562, 4.4100, 43.3968, 0.1806
(11, 20): 0.2664, 4.4400, 43.3678, 0.1756
(11, 21): 0.2924, 4.4600, 44.7014, 0.1656
(11, 22): 0.2715, 4.4200, 46.9025, 0.1839
(11, 23): 0.2657, 4.4100, 45.1610, 0.1848
(11, 24): 0.2512, 4.4900, 44.8356, 0.1664
(11, 25): 0.2392, 4.4600, 45.3422, 0.1681
(11, 26): 0.2169, 4.4300, 40.6987, 0.1856
(11, 27): 0.2169, 4.4300, 40.6987, 0.1856
(12, 1): -0.0233, 4.4200, 13.2964, 0.3478
(12, 2): -0.0233, 4.4200, 13.2964, 0.3478
(12, 3): -0.0233, 4.4200, 13.2964, 0.3478
(12, 4): -0.0233, 4.4200, 13.2964, 0.3478
(12, 5): 0.1735, 4.4300, 40.9683, 0.2082
(12, 6): 0.1735, 4.4300, 40.9683, 0.2082
(12, 7): 0.1735, 4.4300, 40.9683, 0.2082
(12, 8): 0.1735, 4.4300, 40.9683, 0.2082
(12, 9): 0.1735, 4.4300, 40.9683, 0.2082
(12, 10): 0.1735, 4.4300, 40.9683, 0.2082
(12, 11): 0.2067, 4.4500, 43.3320, 0.2299
(12, 12): 0.1804, 4.5000, 46.5851, 0.2651
(12, 13): 0.1489, 4.4100, 37.6877, 0.2333
(12, 14): 0.1241, 4.4300, 23.9941, 0.2617
(12, 15): 0.1241, 4.4300, 23.9941, 0.2617
(12, 16): 0.0786, 4.4300, 14.6395, 0.3829
(12, 17): 0.2314, 4.4300, 43.6345, 0.2559
(12, 18): 0.2130, 4.4200, 47.0518, 0.1998
(12, 19): 0.2305, 4.4200, 46.1755, 0.1948
(12, 20): 0.2845, 4.6300, 43.5835, 0.1739
(12, 21): 0.3362, 4.6000, 42.0325, 0.1639
(12, 22): 0.3104, 4.4400, 44.2466, 0.1472
(12, 23): 0.2616, 4.4600, 44.8213, 0.1681
(12, 24): 0.2501, 4.4200, 38.5186, 0.1823
(12, 25): 0.1146, 4.4300, 14.8853, 0.2784
(12, 26): 0.1429, 4.5100, 12.8339, 0.2717
(12, 27): 0.1429, 4.5100, 12.8339, 0.2717
(13, 1): -0.0233, 4.4200, 13.2964, 0.3478
(13, 2): -0.0233, 4.4200, 13.2964, 0.3478
(13, 3): -0.0233, 4.4200, 13.2964, 0.3478
(13, 4): -0.0233, 4.4200, 13.2964, 0.3478
(13, 5): -0.0233, 4.4200, 13.2964, 0.3478
(13, 6): -0.0233, 4.4200, 13.2964, 0.3478
(13, 7): -0.0233, 4.4200, 13.2964, 0.3478
(13, 8): 0.2064, 4.5100, 43.8138, 0.1973
(13, 9): 0.2064, 4.5100, 43.8138, 0.1973
(13, 10): 0.2064, 4.5100, 43.8138, 0.1973
(13, 11): 0.1602, 4.4900, 48.4453, 0.2099
(13, 12): 0.1412, 4.9900, 48.2249, 0.2023
(13, 13): 0.1561, 4.4500, 38.7182, 0.2241
(13, 14): 0.0968, 4.4100, 7.7912, 0.3261
(13, 15): 0.0968, 4.4100, 7.7912, 0.3261
(13, 16): 0.0556, 4.4500, 7.4387, 0.3946
(13, 17): 0.1446, 4.4400, 38.7301, 0.2952
(13, 18): 0.1814, 4.4300, 44.3386, 0.2140
(13, 19): 0.2523, 4.4700, 46.0855, 0.1923
(13, 20): 0.2783, 4.4400, 45.0915, 0.1681
(13, 21): 0.3093, 4.4300, 43.7110, 0.1689
(13, 22): 0.2888, 4.4100, 44.7065, 0.1555
(13, 23): 0.2774, 4.4300, 43.5732, 0.1714
(13, 24): 0.2624, 4.4400, 36.3976, 0.1722
(13, 25): 0.1211, 4.5200, 3.7205, 0.4264
(13, 26): 0.1429, 4.5100, 12.8339, 0.2717
(13, 27): -0.0001, 4.4300, 4.2693, 0.3955
(14, 1): -0.0233, 4.4200, 13.2964, 0.3478
(14, 2): -0.0233, 4.4200, 13.2964, 0.3478
(14, 3): -0.0233, 4.4200, 13.2964, 0.3478
(14, 4): -0.0233, 4.4200, 13.2964, 0.3478
(14, 5): -0.0233, 4.4200, 13.2964, 0.3478
(14, 6): -0.0233, 4.4200, 13.2964, 0.3478
(14, 7): -0.0233, 4.4200, 13.2964, 0.3478
(14, 8): -0.0233, 4.4200, 13.2964, 0.3478
(14, 9): 0.2217, 4.4700, 45.6470, 0.2023
(14, 10): 0.2217, 4.4700, 45.6470, 0.2023
(14, 11): 0.1830, 4.5900, 50.5392, 0.2341
(14, 12): 0.1811, 4.4200, 47.4926, 0.2375
(14, 13): 0.0382, 4.4100, 4.4851, 0.4273
(14, 14): 0.0968, 4.4100, 7.7912, 0.3261
(14, 15): 0.0280, 4.6500, 4.2760, 0.4122
(14, 16): 0.2586, 4.4200, 35.4663, 0.3319
(14, 17): 0.1835, 4.6000, 52.7525, 0.3077
(14, 18): 0.2030, 4.4100, 51.0867, 0.2274
(14, 19): 0.2147, 4.4200, 50.5703, 0.1923
(14, 20): 0.2747, 4.4500, 46.7420, 0.2048
(14, 21): 0.2615, 4.4300, 46.7932, 0.1706
(14, 22): 0.2598, 4.4200, 45.6365, 0.1814
(14, 23): 0.2308, 4.4300, 48.5982, 0.1697
(14, 24): 0.1992, 4.4500, 44.3175, 0.1664
(14, 25): 0.0732, 4.4100, 28.7222, 0.2057
(14, 26): 0.1215, 4.4400, 29.2657, 0.1982
(14, 27): -0.0001, 4.4300, 4.2693, 0.3955
(15, 1): 0.1091, 4.4100, 3.9901, 0.3846
(15, 2): 0.1091, 4.4100, 3.9901, 0.3846
(15, 3): 0.1091, 4.4100, 3.9901, 0.3846
(15, 4): -0.0233, 4.4200, 13.2964, 0.3478
(15, 5): -0.0233, 4.4200, 13.2964, 0.3478
(15, 6): -0.0233, 4.4200, 13.2964, 0.3478
(15, 7): -0.0233, 4.4200, 13.2964, 0.3478
(15, 8): -0.0233, 4.4200, 13.2964, 0.3478
(15, 9): -0.0233, 4.4200, 13.2964, 0.3478
(15, 10): 0.1866, 4.4900, 49.0742, 0.3395
(15, 11): 0.1772, 4.4800, 51.4557, 0.3244
(15, 12): 0.1760, 4.4900, 51.9770, 0.3219
(15, 13): 0.1208, 4.4500, 18.0901, 0.3194
(15, 14): 0.0081, 4.4200, 4.8441, 0.4130
(15, 15): 0.2158, 4.4300, 38.3958, 0.2216
(15, 16): 0.2017, 4.4300, 48.9345, 0.2809
(15, 17): 0.1638, 4.4100, 49.0857, 0.3052
(15, 18): 0.1671, 4.4200, 46.8316, 0.2793
(15, 19): 0.2334, 4.4400, 48.6899, 0.1898
(15, 20): 0.2212, 4.4700, 49.6961, 0.1814
(15, 21): 0.2019, 4.4200, 48.6776, 0.1731
(15, 22): 0.2349, 4.4300, 46.2979, 0.1764
(15, 23): 0.1854, 4.4300, 49.8889, 0.1664
(15, 24): 0.1402, 4.4800, 53.1094, 0.1756
(15, 25): 0.1079, 4.5400, 56.9567, 0.1764
(15, 26): 0.1942, 4.4200, 49.0271, 0.1605
(15, 27): 0.1925, 4.4300, 30.9541, 0.2007
(16, 1): -0.0273, 4.4300, 13.8351, 0.3094
(16, 2): 0.1091, 4.4100, 3.9901, 0.3846
(16, 3): 0.1091, 4.4100, 3.9901, 0.3846
(16, 4): 0.1091, 4.4100, 3.9901, 0.3846
(16, 5): 0.1091, 4.4100, 3.9901, 0.3846
(16, 6): 0.1091, 4.4100, 3.9901, 0.3846
(16, 7): 0.0343, 4.4100, 19.6629, 0.2768
(16, 8): 0.0343, 4.4100, 19.6629, 0.2768
(16, 9): 0.0343, 4.4100, 19.6629, 0.2768
(16, 10): 0.2091, 4.4100, 47.9508, 0.3595
(16, 11): 0.2115, 4.4600, 50.0178, 0.3855
(16, 12): 0.1585, 4.5000, 50.7145, 0.2099
(16, 13): 0.0687, 4.4500, 19.8482, 0.2642
(16, 14): 0.2743, 4.5400, 43.1659, 0.2199
(16, 15): 0.2658, 4.4100, 45.5956, 0.2525
(16, 16): 0.2530, 4.4400, 40.7409, 0.2818
(16, 17): 0.1759, 4.4300, 43.6383, 0.2517
(16, 18): 0.1899, 4.4400, 52.3282, 0.2023
(16, 19): 0.2177, 4.5500, 51.6225, 0.1722
(16, 20): 0.2248, 4.5100, 48.4426, 0.1656
(16, 21): 0.2322, 4.4200, 46.1990, 0.1564
(16, 22): 0.2151, 4.5000, 49.2532, 0.1689
(16, 23): 0.1399, 4.4800, 54.9254, 0.1706
(16, 24): 0.1508, 4.5800, 54.4717, 0.1664
(16, 25): 0.1545, 4.4200, 55.2530, 0.1789
(16, 26): 0.1759, 4.5000, 52.8266, 0.1681
(16, 27): 0.1537, 4.4300, 29.7664, 0.1940
(17, 1): -0.0273, 4.4300, 13.8351, 0.3094
(17, 2): -0.0273, 4.4300, 13.8351, 0.3094
(17, 3): 0.0083, 4.4700, 13.0315, 0.2910
(17, 4): 0.1091, 4.4100, 3.9901, 0.3846
(17, 5): 0.1091, 4.4100, 3.9901, 0.3846
(17, 6): 0.1091, 4.4100, 3.9901, 0.3846
(17, 7): 0.1091, 4.4100, 3.9901, 0.3846
(17, 8): 0.1410, 4.5000, 36.0356, 0.2634
(17, 9): 0.1410, 4.5000, 36.0356, 0.2634
(17, 10): 0.1837, 4.4300, 49.3195, 0.2809
(17, 11): 0.1685, 4.4100, 53.5166, 0.2316
(17, 12): 0.2000, 4.5000, 52.5094, 0.2851
(17, 13): 0.2298, 4.4300, 41.4520, 0.1865
(17, 14): 0.1982, 4.4800, 40.4105, 0.2015
(17, 15): 0.2303, 4.4200, 43.4337, 0.2333
(17, 16): 0.1927, 4.4100, 45.6287, 0.1998
(17, 17): 0.1836, 4.4100, 53.4437, 0.1831
(17, 18): 0.1648, 4.5300, 54.7257, 0.2099
(17, 19): 0.1845, 4.4100, 53.6127, 0.2115
(17, 20): 0.2138, 4.6500, 50.5956, 0.1781
(17, 21): 0.1930, 4.4100, 51.0541, 0.1773
(17, 22): 0.1425, 4.5300, 55.7619, 0.1839
(17, 23): 0.1461, 4.6400, 53.4978, 0.1697
(17, 24): 0.1654, 4.4400, 52.8050, 0.1647
(17, 25): 0.2102, 4.4400, 52.6232, 0.1739
(17, 26): 0.2202, 4.4100, 43.8363, 0.1906
(17, 27): 0.2202, 4.4100, 43.8363, 0.1906
(18, 1): -0.0273, 4.4300, 13.8351, 0.3094
(18, 2): -0.0273, 4.4300, 13.8351, 0.3094
(18, 3): -0.0273, 4.4300, 13.8351, 0.3094
(18, 4): 0.0083, 4.4700, 13.0315, 0.2910
(18, 5): 0.0083, 4.4700, 13.0315, 0.2910
(18, 6): 0.1091, 4.4100, 3.9901, 0.3846
(18, 7): 0.1091, 4.4100, 3.9901, 0.3846
(18, 8): 0.1091, 4.4100, 3.9901, 0.3846
(18, 9): 0.1842, 4.5100, 46.5873, 0.2818
(18, 10): 0.1850, 4.4300, 50.8089, 0.2642
(18, 11): 0.1631, 4.4300, 53.2473, 0.2617
(18, 12): 0.2190, 4.4300, 49.3532, 0.1722
(18, 13): 0.2160, 4.4700, 49.6074, 0.1806
(18, 14): 0.2055, 4.4600, 52.0802, 0.1923
(18, 15): 0.2469, 4.5000, 49.2516, 0.1647
(18, 16): 0.2101, 4.4100, 50.1527, 0.1597
(18, 17): 0.1823, 4.4100, 52.0097, 0.1639
(18, 18): 0.1849, 4.7000, 52.6792, 0.1856
(18, 19): 0.1643, 4.4900, 56.6403, 0.2433
(18, 20): 0.1599, 4.4300, 55.3863, 0.1689
(18, 21): 0.2049, 4.5100, 49.6465, 0.1831
(18, 22): 0.1661, 4.4100, 53.4633, 0.1781
(18, 23): 0.1223, 4.4100, 58.8656, 0.1773
(18, 24): 0.1731, 4.4900, 55.5300, 0.1622
(18, 25): 0.2019, 4.4500, 47.0459, 0.1639
(18, 26): 0.1223, 4.4200, 12.4539, 0.2676
(18, 27): 0.1223, 4.4200, 12.4539, 0.2676
(19, 1): -0.0273, 4.4300, 13.8351, 0.3094
(19, 2): -0.0273, 4.4300, 13.8351, 0.3094
(19, 3): -0.0273, 4.4300, 13.8351, 0.3094
(19, 4): -0.0273, 4.4300, 13.8351, 0.3094
(19, 5): 0.0083, 4.4700, 13.0315, 0.2910
(19, 6): 0.0083, 4.4700, 13.0315, 0.2910
(19, 7): 0.1191, 4.4100, 29.4282, 0.2216
(19, 8): 0.1191, 4.4100, 29.4282, 0.2216
(19, 9): 0.2481, 4.6300, 47.8382, 0.3579
(19, 10): 0.2376, 4.4300, 49.1535, 0.1957
(19, 11): 0.2931, 4.4500, 43.6000, 0.2391
(19, 12): 0.2183, 4.5000, 48.8407, 0.1856
(19, 13): 0.2360, 4.4500, 47.2307, 0.1789
(19, 14): 0.2282, 4.4700, 48.8010, 0.1789
(19, 15): 0.2741, 4.4100, 46.7923, 0.1739
(19, 16): 0.2158, 4.5100, 50.3608, 0.1564
(19, 17): 0.2012, 4.4200, 50.0386, 0.1572
(19, 18): 0.1525, 4.4100, 56.0000, 0.1589
(19, 19): 0.1520, 4.5200, 57.9074, 0.2600
(19, 20): 0.1497, 4.7300, 56.4033, 0.1973
(19, 21): 0.1658, 4.4500, 52.9656, 0.1689
(19, 22): 0.1504, 4.4494, 55.7268, 0.1764
(19, 23): 0.1430, 4.4400, 58.1678, 0.1714
(19, 24): 0.1763, 4.4800, 55.0979, 0.1614
(19, 25): 0.1881, 4.5000, 35.1440, 0.1798
(19, 26): 0.0940, 4.4300, 4.4079, 0.3763
(19, 27): 0.0940, 4.4300, 4.4079, 0.3763
(20, 1): 0.0554, 4.4500, 14.6094, 0.2776
(20, 2): -0.0273, 4.4300, 13.8351, 0.3094
(20, 3): -0.0273, 4.4300, 13.8351, 0.3094
(20, 4): -0.0273, 4.4300, 13.8351, 0.3094
(20, 5): -0.0273, 4.4300, 13.8351, 0.3094
(20, 6): 0.0083, 4.4700, 13.0315, 0.2910
(20, 7): 0.0083, 4.4700, 13.0315, 0.2910
(20, 8): 0.1970, 4.4600, 51.3262, 0.2592
(20, 9): 0.1915, 4.4200, 53.2128, 0.2291
(20, 10): 0.2498, 4.4300, 47.8084, 0.1555
(20, 11): 0.2108, 4.4100, 49.9552, 0.1747
(20, 12): 0.2242, 4.4300, 48.7735, 0.1798
(20, 13): 0.2445, 4.4700, 46.3373, 0.1756
(20, 14): 0.2275, 4.5800, 47.7195, 0.1798
(20, 15): 0.2218, 4.4800, 50.2920, 0.1664
(20, 16): 0.2272, 4.4200, 48.9164, 0.1622
(20, 17): 0.2156, 4.4400, 48.2803, 0.1639
(20, 18): 0.1645, 4.4300, 54.1629, 0.1656
(20, 19): 0.1421, 4.4200, 57.3831, 0.2232
(20, 20): 0.1482, 4.5000, 56.5265, 0.2065
(20, 21): 0.2118, 4.4700, 50.5918, 0.1589
(20, 22): 0.1611, 4.4500, 55.9721, 0.1781
(20, 23): 0.1442, 4.4100, 57.6869, 0.1781
(20, 24): 0.2054, 4.4100, 54.7707, 0.1714
(20, 25): 0.2146, 4.5200, 49.9511, 0.1605
(20, 26): 0.0839, 4.4200, 12.8341, 0.2642
(20, 27): 0.0839, 4.4200, 12.8341, 0.2642
(21, 1): 0.0108, 4.5300, 12.0324, 0.3018
(21, 2): 0.0554, 4.4500, 14.6094, 0.2776
(21, 3): 0.0554, 4.4500, 14.6094, 0.2776
(21, 4): -0.0273, 4.4300, 13.8351, 0.3094
(21, 5): -0.0273, 4.4300, 13.8351, 0.3094
(21, 6): -0.0273, 4.4300, 13.8351, 0.3094
(21, 7): 0.2043, 4.4200, 43.4175, 0.2258
(21, 8): 0.1723, 4.5300, 53.8455, 0.2166
(21, 9): 0.2294, 4.4200, 51.0300, 0.2207
(21, 10): 0.2811, 4.4100, 47.5321, 0.1814
(21, 11): 0.3159, 4.4500, 44.3291, 0.1538
(21, 12): 0.2609, 4.5200, 45.9347, 0.1664
(21, 13): 0.2006, 4.5100, 48.7827, 0.1756
(21, 14): 0.1844, 4.4900, 50.3762, 0.1614
(21, 15): 0.2083, 4.4200, 50.5292, 0.1614
(21, 16): 0.1823, 4.5100, 49.7420, 0.1781
(21, 17): 0.1686, 4.4100, 49.5695, 0.1764
(21, 18): 0.1494, 4.4200, 53.0248, 0.1848
(21, 19): 0.1469, 4.4400, 54.0546, 0.1798
(21, 20): 0.1756, 4.5500, 52.0368, 0.1689
(21, 21): 0.1642, 4.4400, 43.1740, 0.1814
(21, 22): 0.1460, 4.4200, 45.6390, 0.1856
(21, 23): 0.2201, 4.4100, 40.6956, 0.1781
(21, 24): 0.1549, 4.4300, 22.4954, 0.2107
(21, 25): 0.1549, 4.4300, 22.4954, 0.2107
(21, 26): 0.0839, 4.4200, 12.8341, 0.2642
(21, 27): 0.0839, 4.4200, 12.8341, 0.2642
(22, 1): 0.0108, 4.5300, 12.0324, 0.3018
(22, 2): 0.0108, 4.5300, 12.0324, 0.3018
(22, 3): 0.0554, 4.4500, 14.6094, 0.2776
(22, 4): 0.0554, 4.4500, 14.6094, 0.2776
(22, 5): 0.1115, 4.4100, 35.2442, 0.2667
(22, 6): 0.1115, 4.4100, 35.2442, 0.2667
(22, 7): 0.2061, 4.5000, 48.6721, 0.2383
(22, 8): 0.2095, 4.6200, 49.0074, 0.2032
(22, 9): 0.2014, 4.4300, 51.2503, 0.2901
(22, 10): 0.2557, 4.6100, 46.7613, 0.3177
(22, 11): 0.2168, 4.4300, 48.8266, 0.1747
(22, 12): 0.2186, 4.4900, 47.7655, 0.1689
(22, 13): 0.1694, 4.5000, 52.2960, 0.1856
(22, 14): 0.1738, 4.4600, 51.4876, 0.1664
(22, 15): 0.1471, 4.5600, 52.8025, 0.1747
(22, 16): 0.1265, 4.4200, 53.0043, 0.1873
(22, 17): 0.1529, 4.4100, 49.8404, 0.1806
(22, 18): 0.1526, 4.4500, 50.5764, 0.2023
(22, 19): 0.1245, 4.4200, 53.8001, 0.2241
(22, 20): 0.1198, 4.4900, 40.6302, 0.1881
(22, 21): 0.0334, 4.4200, 8.9691, 0.3194
(22, 22): 0.1460, 4.4200, 45.6390, 0.1856
(22, 23): 0.2201, 4.4100, 40.6956, 0.1781
(22, 24): 0.1549, 4.4300, 22.4954, 0.2107
(22, 25): 0.1549, 4.4300, 22.4954, 0.2107
(22, 26): 0.0839, 4.4200, 12.8341, 0.2642
(22, 27): 0.0839, 4.4200, 12.8341, 0.2642
(23, 1): 0.0108, 4.5300, 12.0324, 0.3018
(23, 2): 0.0108, 4.5300, 12.0324, 0.3018
(23, 3): 0.0108, 4.5300, 12.0324, 0.3018
(23, 4): 0.0554, 4.4500, 14.6094, 0.2776
(23, 5): 0.0554, 4.4500, 14.6094, 0.2776
(23, 6): 0.1379, 4.4300, 28.6576, 0.2258
(23, 7): 0.2136, 4.4100, 33.9079, 0.2015
(23, 8): 0.1839, 4.4900, 45.8178, 0.1931
(23, 9): 0.1551, 4.4400, 51.8243, 0.1898
(23, 10): 0.1377, 4.4100, 54.5662, 0.2500
(23, 11): 0.1976, 4.4400, 49.4408, 0.3227
(23, 12): 0.1755, 4.4100, 50.5097, 0.1948
(23, 13): 0.1164, 4.5000, 56.2497, 0.1915
(23, 14): 0.1248, 4.4300, 54.4035, 0.1881
(23, 15): 0.1335, 4.4600, 51.6352, 0.1948
(23, 16): 0.1441, 4.4500, 52.0405, 0.2065
(23, 17): 0.1577, 4.4100, 50.9625, 0.2166
(23, 18): 0.1590, 4.4200, 50.3664, 0.2099
(23, 19): 0.1438, 4.4600, 53.0411, 0.1823
(23, 20): 0.0665, 4.4200, 48.3504, 0.1881
(23, 21): 0.0334, 4.4200, 8.9691, 0.3194
(23, 22): 0.0334, 4.4200, 8.9691, 0.3194
(23, 23): 0.2201, 4.4100, 40.6956, 0.1781
(23, 24): 0.1549, 4.4300, 22.4954, 0.2107
(23, 25): 0.1549, 4.4300, 22.4954, 0.2107
(23, 26): 0.1549, 4.4300, 22.4954, 0.2107
(23, 27): 0.0839, 4.4200, 12.8341, 0.2642
(24, 1): -0.0535, 4.4300, 3.8119, 0.3913
(24, 2): 0.0108, 4.5300, 12.0324, 0.3018
(24, 3): 0.0108, 4.5300, 12.0324, 0.3018
(24, 4): 0.0108, 4.5300, 12.0324, 0.3018
(24, 5): 0.0917, 4.4200, 20.1369, 0.2525
(24, 6): 0.1385, 4.4700, 19.2494, 0.2483
(24, 7): 0.2173, 4.5300, 38.2336, 0.1948
(24, 8): 0.1052, 4.4100, 33.2271, 0.2057
(24, 9): 0.0952, 4.5300, 45.1886, 0.1973
(24, 10): 0.0839, 4.4300, 45.0069, 0.2023
(24, 11): 0.1465, 4.4400, 50.6719, 0.2584
(24, 12): 0.1725, 4.4500, 53.0606, 0.2467
(24, 13): 0.1417, 4.4100, 52.5664, 0.1814
(24, 14): 0.1292, 4.4100, 53.4524, 0.2040
(24, 15): 0.1958, 4.4600, 50.0187, 0.2383
(24, 16): 0.2119, 4.4600, 48.6782, 0.2542
(24, 17): 0.1542, 4.4600, 52.9568, 0.2241
(24, 18): 0.1408, 4.4100, 53.9696, 0.1923
(24, 19): 0.1300, 4.4100, 54.2505, 0.1806
(24, 20): 0.1257, 4.5000, 53.3305, 0.1781
(24, 21): 0.0642, 4.4100, 34.3088, 0.2065
(24, 22): 0.0673, 4.4100, 23.5343, 0.2349
(24, 23): 0.0673, 4.4100, 23.5343, 0.2349
(24, 24): 0.0673, 4.4100, 23.5343, 0.2349
(24, 25): 0.0673, 4.4100, 23.5343, 0.2349
(24, 26): 0.1549, 4.4300, 22.4954, 0.2107
(24, 27): 0.0839, 4.4200, 12.8341, 0.2642
(25, 1): -0.0535, 4.4300, 3.8119, 0.3913
(25, 2): -0.0535, 4.4300, 3.8119, 0.3913
(25, 3): 0.0110, 4.4200, 21.2152, 0.2283
(25, 4): 0.1399, 4.4100, 26.8832, 0.2316
(25, 5): 0.1079, 4.4500, 35.1381, 0.2224
(25, 6): 0.1731, 4.5400, 41.4684, 0.2057
(25, 7): 0.0883, 4.4100, 24.7977, 0.2283
(25, 8): 0.0950, 4.4100, 43.3339, 0.2099
(25, 9): 0.1112, 4.4200, 49.5218, 0.2199
(25, 10): 0.1363, 4.4100, 50.4019, 0.1906
(25, 11): 0.1308, 4.4500, 52.6441, 0.1890
(25, 12): 0.1205, 4.4100, 53.5082, 0.1848
(25, 13): 0.1202, 4.4100, 52.9443, 0.1881
(25, 14): 0.1279, 4.4100, 55.0782, 0.2007
(25, 15): 0.1882, 4.4300, 51.1108, 0.2015
(25, 16): 0.2042, 4.4700, 50.4925, 0.1906
(25, 17): 0.1932, 4.4200, 50.7219, 0.2074
(25, 18): 0.1634, 4.5700, 51.7889, 0.1982
(25, 19): 0.1600, 4.6300, 52.3711, 0.1982
(25, 20): 0.1394, 4.4100, 53.7280, 0.1781
(25, 21): 0.1959, 4.4500, 48.4468, 0.1764
(25, 22): 0.0673, 4.4100, 23.5343, 0.2349
(25, 23): 0.0673, 4.4100, 23.5343, 0.2349
(25, 24): 0.0673, 4.4100, 23.5343, 0.2349
(25, 25): 0.0673, 4.4100, 23.5343, 0.2349
(25, 26): 0.0673, 4.4100, 23.5343, 0.2349
(25, 27): 0.0673, 4.4100, 23.5343, 0.2349
(26, 1): -0.0535, 4.4300, 3.8119, 0.3913
(26, 2): -0.0535, 4.4300, 3.8119, 0.3913
(26, 3): 0.0110, 4.4200, 21.2152, 0.2283
(26, 4): 0.0858, 4.4100, 28.4894, 0.2458
(26, 5): 0.0572, 4.4100, 28.4948, 0.2057
(26, 6): 0.1032, 4.5700, 24.7787, 0.2299
(26, 7): 0.1263, 4.4200, 43.9862, 0.2082
(26, 8): 0.0696, 4.4100, 54.1213, 0.2007
(26, 9): 0.0679, 4.4400, 56.1025, 0.1965
(26, 10): 0.0997, 4.5400, 53.7973, 0.1923
(26, 11): 0.1153, 4.4200, 53.9160, 0.1865
(26, 12): 0.1087, 4.4100, 54.2466, 0.1798
(26, 13): 0.1314, 4.4400, 52.8221, 0.1731
(26, 14): 0.1666, 4.4700, 52.7874, 0.1873
(26, 15): 0.1699, 4.4200, 52.1733, 0.1605
(26, 16): 0.1570, 4.4200, 53.0050, 0.1814
(26, 17): 0.1695, 4.4400, 51.3927, 0.1781
(26, 18): 0.1618, 4.4200, 51.4372, 0.1948
(26, 19): 0.1676, 4.4400, 50.0865, 0.2023
(26, 20): 0.1543, 4.4100, 52.0101, 0.1923
(26, 21): 0.1956, 4.4600, 47.1695, 0.1689
(26, 22): 0.1314, 4.5700, 40.4142, 0.1806
(26, 23): 0.1314, 4.5700, 40.4142, 0.1806
(26, 24): 0.1314, 4.5700, 40.4142, 0.1806
(26, 25): 0.1314, 4.5700, 40.4142, 0.1806
(26, 26): 0.1314, 4.5700, 40.4142, 0.1806
(26, 27): 0.1314, 4.5700, 40.4142, 0.1806
(27, 1): -0.0157, 4.4900, 21.2249, 0.2425
(27, 2): -0.0157, 4.4900, 21.2249, 0.2425
(27, 3): 0.0691, 4.4200, 48.9349, 0.2040
(27, 4): 0.1223, 4.4400, 50.9486, 0.1823
(27, 5): 0.0741, 4.4400, 58.4465, 0.1681
(27, 6): 0.5495, 4.4400, 22.7928, 0.1839
(27, 7): 0.0479, 4.5100, 17.9698, 0.2458
(27, 8): 0.0686, 4.5900, 44.1440, 0.1965
(27, 9): 0.0588, 4.4200, 41.6163, 0.2023
(27, 10): 0.0895, 4.4100, 41.8470, 0.1865
(27, 11): 0.0841, 4.4100, 43.5316, 0.1856
(27, 12): 0.0512, 4.4300, 26.4584, 0.2115
(27, 13): 0.1381, 4.4100, 42.6422, 0.1814
(27, 14): 0.1163, 4.7100, 36.7111, 0.1990
(27, 15): 0.1884, 4.4200, 49.4660, 0.1672
(27, 16): 0.1642, 4.4200, 50.3164, 0.1839
(27, 17): 0.1659, 4.4200, 51.2628, 0.2224
(27, 18): 0.1629, 4.5500, 50.4530, 0.1798
(27, 19): 0.1463, 4.4100, 52.1164, 0.1756
(27, 20): 0.1670, 4.4100, 49.7032, 0.1647
(27, 21): 0.1728, 4.4300, 49.2995, 0.1656
(27, 22): 0.1171, 4.4400, 41.4109, 0.2140
(27, 23): 0.1171, 4.4400, 41.4109, 0.2140
(27, 24): 0.1171, 4.4400, 41.4109, 0.2140
(27, 25): 0.1171, 4.4400, 41.4109, 0.2140
(27, 26): 0.1171, 4.4400, 41.4109, 0.2140
(27, 27): 0.1171, 4.4400, 41.4109, 0.2140
(28, 1): -0.0517, 4.4100, 3.7571, 0.3629
(28, 2): -0.0517, 4.4100, 3.7571, 0.3629
(28, 3): 0.0113, 4.4300, 25.0862, 0.2266
(28, 4): 0.0401, 4.4300, 27.1772, 0.2316
(28, 5): 0.1021, 4.4300, 41.9151, 0.1773
(28, 6): 0.0470, 4.4300, 25.4717, 0.2182
(28, 7): 0.0590, 4.4300, 25.3747, 0.2099
(28, 8): 0.1452, 4.4300, 35.3541, 0.1931
(28, 9): 0.0982, 4.5000, 28.5348, 0.2074
(28, 10): 0.0895, 4.4100, 41.8470, 0.1865
(28, 11): 0.0841, 4.4100, 43.5316, 0.1856
(28, 12): 0.0512, 4.4300, 26.4584, 0.2115
(28, 13): 0.1018, 4.5000, 11.5436, 0.2609
(28, 14): 0.1018, 4.5000, 11.5436, 0.2609
(28, 15): 0.2056, 4.4400, 46.7069, 0.1831
(28, 16): 0.1994, 4.5600, 48.1470, 0.1739
(28, 17): 0.1477, 4.4100, 49.9955, 0.1731
(28, 18): 0.1429, 4.4500, 49.4195, 0.1630
(28, 19): 0.1295, 4.4100, 50.4058, 0.1580
(28, 20): 0.1466, 4.4500, 50.3966, 0.1722
(28, 21): 0.1884, 4.4100, 48.2516, 0.1706
(28, 22): 0.1055, 4.5700, 21.8293, 0.2232
(28, 23): 0.1055, 4.5700, 21.8293, 0.2232
(28, 24): 0.1055, 4.5700, 21.8293, 0.2232
(28, 25): 0.1055, 4.5700, 21.8293, 0.2232
(28, 26): 0.1055, 4.5700, 21.8293, 0.2232
(28, 27): 0.1055, 4.5700, 21.8293, 0.2232
(29, 1): 0.1094, 4.4600, 46.9324, 0.1856
(29, 2): 0.1094, 4.4600, 46.9324, 0.1856
(29, 3): 0.0765, 4.4200, 53.9701, 0.1756
(29, 4): 1.1531, 4.4100, 11.3083, 0.1906
(29, 5): 0.0450, 4.9200, 38.8492, 0.2149
(29, 6): 0.1137, 4.4400, 52.1459, 0.1538
(29, 7): 0.1214, 4.4300, 41.7530, 0.1672
(29, 8): 0.0379, 4.4100, 3.8494, 0.3788
(29, 9): 0.0982, 4.5000, 28.5348, 0.2074
(29, 10): 0.0982, 4.5000, 28.5348, 0.2074
(29, 11): 0.0841, 4.4100, 43.5316, 0.1856
(29, 12): 0.0512, 4.4300, 26.4584, 0.2115
(29, 13): 0.1018, 4.5000, 11.5436, 0.2609
(29, 14): 0.1018, 4.5000, 11.5436, 0.2609
(29, 15): 0.1422, 4.5200, 8.5594, 0.3052
(29, 16): 0.2136, 4.4500, 19.9734, 0.2048
(29, 17): 0.1286, 4.4700, 3.7049, 0.3846
(29, 18): 0.0924, 4.4900, 40.2946, 0.1906
(29, 19): 0.1351, 4.4200, 50.2358, 0.1664
(29, 20): 0.1679, 4.4400, 47.8142, 0.1773
(29, 21): 0.1407, 4.4500, 49.2735, 0.1789
(29, 22): 0.0478, 4.4100, 11.3401, 0.2809
(29, 23): 0.0478, 4.4100, 11.3401, 0.2809
(29, 24): 0.0478, 4.4100, 11.3401, 0.2809
(29, 25): 0.0478, 4.4100, 11.3401, 0.2809
(29, 26): 0.0478, 4.4100, 11.3401, 0.2809
(29, 27): 0.0478, 4.4100, 11.3401, 0.2809
(30, 1): 0.1143, 4.4200, 28.8985, 0.2007
(30, 2): 0.1143, 4.4200, 28.8985, 0.2007
(30, 3): 0.0096, 4.4100, 14.4336, 0.2483
(30, 4): -0.0166, 4.4400, 12.3060, 0.2734
(30, 5): 0.0950, 4.4800, 45.6270, 0.1948
(30, 6): 0.1332, 4.4300, 38.7539, 0.1831
(30, 7): 0.0687, 4.4200, 11.0092, 0.2483
(30, 8): 0.0379, 4.4100, 3.8494, 0.3788
(30, 9): 0.0379, 4.4100, 3.8494, 0.3788
(30, 10): 0.0982, 4.5000, 28.5348, 0.2074
(30, 11): 0.0982, 4.5000, 28.5348, 0.2074
(30, 12): 0.1018, 4.5000, 11.5436, 0.2609
(30, 13): 0.1018, 4.5000, 11.5436, 0.2609
(30, 14): 0.1422, 4.5200, 8.5594, 0.3052
(30, 15): 0.1422, 4.5200, 8.5594, 0.3052
(30, 16): 0.2136, 4.4500, 19.9734, 0.2048
(30, 17): 0.1286, 4.4700, 3.7049, 0.3846
(30, 18): 0.0638, 4.4500, 10.7679, 0.2726
(30, 19): 0.0638, 4.4500, 10.7679, 0.2726
(30, 20): 0.1337, 4.4500, 39.5543, 0.2090
(30, 21): 0.1469, 4.4100, 43.4247, 0.1672
(30, 22): 0.0865, 4.6700, 13.4854, 0.2559
(30, 23): 0.0865, 4.6700, 13.4854, 0.2559
(30, 24): 0.0865, 4.6700, 13.4854, 0.2559
(30, 25): 0.0865, 4.6700, 13.4854, 0.2559
(30, 26): 0.0865, 4.6700, 13.4854, 0.2559
(30, 27): 0.0865, 4.6700, 13.4854, 0.2559
(31, 1): 0.1143, 4.4200, 28.8985, 0.2007
(31, 2): 0.1143, 4.4200, 28.8985, 0.2007
(31, 3): 0.0096, 4.4100, 14.4336, 0.2483
(31, 4): -0.0166, 4.4400, 12.3060, 0.2734
(31, 5): 0.0950, 4.4800, 45.6270, 0.1948
(31, 6): 0.1332, 4.4300, 38.7539, 0.1831
(31, 7): 0.0687, 4.4200, 11.0092, 0.2483
(31, 8): 0.0687, 4.4200, 11.0092, 0.2483
(31, 9): 0.0379, 4.4100, 3.8494, 0.3788
(31, 10): 0.0379, 4.4100, 3.8494, 0.3788
(31, 11): 0.0982, 4.5000, 28.5348, 0.2074
(31, 12): 0.1018, 4.5000, 11.5436, 0.2609
(31, 13): 0.1422, 4.5200, 8.5594, 0.3052
(31, 14): 0.1422, 4.5200, 8.5594, 0.3052
(31, 15): 0.1422, 4.5200, 8.5594, 0.3052
(31, 16): 0.2136, 4.4500, 19.9734, 0.2048
(31, 17): 0.1286, 4.4700, 3.7049, 0.3846
(31, 18): 0.0707, 4.4200, 7.7960, 0.3085
(31, 19): 0.0707, 4.4200, 7.7960, 0.3085
(31, 20): 0.1351, 4.4200, 45.0068, 0.1806
(31, 21): 0.0343, 4.4100, 11.3019, 0.2768
(31, 22): 0.0343, 4.4100, 11.3019, 0.2768
(31, 23): -0.0038, 4.4200, 8.9368, 0.3186
(31, 24): -0.0038, 4.4200, 8.9368, 0.3186
(31, 25): -0.0038, 4.4200, 8.9368, 0.3186
(31, 26): -0.0038, 4.4200, 8.9368, 0.3186
(31, 27): -0.0038, 4.4200, 8.9368, 0.3186
(32, 1): 0.1143, 4.4200, 28.8985, 0.2007
(32, 2): 0.1143, 4.4200, 28.8985, 0.2007
(32, 3): 0.0096, 4.4100, 14.4336, 0.2483
(32, 4): -0.0166, 4.4400, 12.3060, 0.2734
(32, 5): 0.0950, 4.4800, 45.6270, 0.1948
(32, 6): 0.1332, 4.4300, 38.7539, 0.1831
(32, 7): 0.0687, 4.4200, 11.0092, 0.2483
(32, 8): 0.0687, 4.4200, 11.0092, 0.2483
(32, 9): 0.0687, 4.4200, 11.0092, 0.2483
(32, 10): 0.0379, 4.4100, 3.8494, 0.3788
(32, 11): 0.0379, 4.4100, 3.8494, 0.3788
(32, 12): 0.1422, 4.5200, 8.5594, 0.3052
(32, 13): 0.1422, 4.5200, 8.5594, 0.3052
(32, 14): 0.1422, 4.5200, 8.5594, 0.3052
(32, 15): 0.1422, 4.5200, 8.5594, 0.3052
(32, 16): 0.2136, 4.4500, 19.9734, 0.2048
(32, 17): 0.0818, 4.4400, 12.0985, 0.2584
(32, 18): 0.0818, 4.4400, 12.0985, 0.2584
(32, 19): 0.0818, 4.4400, 12.0985, 0.2584
(32, 20): 0.1816, 4.5700, 50.8260, 0.1965
(32, 21): 0.1038, 4.4500, 35.9724, 0.1940
(32, 22): -0.0038, 4.4200, 8.9368, 0.3186
(32, 23): -0.0038, 4.4200, 8.9368, 0.3186
(32, 24): -0.0038, 4.4200, 8.9368, 0.3186
(32, 25): -0.0038, 4.4200, 8.9368, 0.3186
(32, 26): -0.0038, 4.4200, 8.9368, 0.3186
(32, 27): -0.0038, 4.4200, 8.9368, 0.3186
(33, 1): 0.1143, 4.4200, 28.8985, 0.2007
(33, 2): 0.1143, 4.4200, 28.8985, 0.2007
(33, 3): 0.0096, 4.4100, 14.4336, 0.2483
(33, 4): -0.0166, 4.4400, 12.3060, 0.2734
(33, 5): 0.0950, 4.4800, 45.6270, 0.1948
(33, 6): 0.1332, 4.4300, 38.7539, 0.1831
(33, 7): 0.0687, 4.4200, 11.0092, 0.2483
(33, 8): 0.0687, 4.4200, 11.0092, 0.2483
(33, 9): 0.0687, 4.4200, 11.0092, 0.2483
(33, 10): 0.0687, 4.4200, 11.0092, 0.2483
(33, 11): 0.0379, 4.4100, 3.8494, 0.3788
(33, 12): 0.1422, 4.5200, 8.5594, 0.3052
(33, 13): 0.1422, 4.5200, 8.5594, 0.3052
(33, 14): 0.1422, 4.5200, 8.5594, 0.3052
(33, 15): 0.1422, 4.5200, 8.5594, 0.3052
(33, 16): 0.1446, 4.4100, 32.5103, 0.1798
(33, 17): 0.1446, 4.4100, 32.5103, 0.1798
(33, 18): 0.1446, 4.4100, 32.5103, 0.1798
(33, 19): 0.1446, 4.4100, 32.5103, 0.1798
(33, 20): 0.1704, 4.5900, 54.4975, 0.1798
(33, 21): 0.1614, 4.5600, 53.4644, 0.1898
(33, 22): 0.0754, 4.4600, 23.4473, 0.2274
(33, 23): 0.0754, 4.4600, 23.4473, 0.2274
(33, 24): 0.0754, 4.4600, 23.4473, 0.2274
(33, 25): 0.0754, 4.4600, 23.4473, 0.2274
(33, 26): 0.0754, 4.4600, 23.4473, 0.2274
(33, 27): 0.0754, 4.4600, 23.4473, 0.2274
(34, 1): 0.1143, 4.4200, 28.8985, 0.2007
(34, 2): 0.1143, 4.4200, 28.8985, 0.2007
(34, 3): 0.0096, 4.4100, 14.4336, 0.2483
(34, 4): -0.0166, 4.4400, 12.3060, 0.2734
(34, 5): 0.0950, 4.4800, 45.6270, 0.1948
(34, 6): 0.1332, 4.4300, 38.7539, 0.1831
(34, 7): 0.0687, 4.4200, 11.0092, 0.2483
(34, 8): 0.0687, 4.4200, 11.0092, 0.2483
(34, 9): 0.0687, 4.4200, 11.0092, 0.2483
(34, 10): 0.0687, 4.4200, 11.0092, 0.2483
(34, 11): 0.0687, 4.4200, 11.0092, 0.2483
(34, 12): 0.1422, 4.5200, 8.5594, 0.3052
(34, 13): 0.1422, 4.5200, 8.5594, 0.3052
(34, 14): 0.1263, 4.4100, 28.8560, 0.1998
(34, 15): 0.1263, 4.4100, 28.8560, 0.1998
(34, 16): 0.1263, 4.4100, 28.8560, 0.1998
(34, 17): 0.1263, 4.4100, 28.8560, 0.1998
(34, 18): 0.1263, 4.4100, 28.8560, 0.1998
(34, 19): 0.1263, 4.4100, 28.8560, 0.1998
(34, 20): 0.1591, 4.4500, 53.9772, 0.1722
(34, 21): 0.1687, 4.5100, 54.2647, 0.1814
(34, 22): 0.0787, 4.4300, 9.0883, 0.3278
(34, 23): 0.0787, 4.4300, 9.0883, 0.3278
(34, 24): 0.0787, 4.4300, 9.0883, 0.3278
(34, 25): 0.0787, 4.4300, 9.0883, 0.3278
(34, 26): 0.0787, 4.4300, 9.0883, 0.3278
(34, 27): 0.0787, 4.4300, 9.0883, 0.3278
(35, 1): 0.1143, 4.4200, 28.8985, 0.2007
(35, 2): 0.1143, 4.4200, 28.8985, 0.2007
(35, 3): 0.0096, 4.4100, 14.4336, 0.2483
(35, 4): -0.0166, 4.4400, 12.3060, 0.2734
(35, 5): 0.0950, 4.4800, 45.6270, 0.1948
(35, 6): 0.1332, 4.4300, 38.7539, 0.1831
(35, 7): 0.0687, 4.4200, 11.0092, 0.2483
(35, 8): 0.0687, 4.4200, 11.0092, 0.2483
(35, 9): 0.0687, 4.4200, 11.0092, 0.2483
(35, 10): 0.0687, 4.4200, 11.0092, 0.2483
(35, 11): 0.0687, 4.4200, 11.0092, 0.2483
(35, 12): 0.1422, 4.5200, 8.5594, 0.3052
(35, 13): 0.1263, 4.4100, 28.8560, 0.1998
(35, 14): 0.1263, 4.4100, 28.8560, 0.1998
(35, 15): 0.1263, 4.4100, 28.8560, 0.1998
(35, 16): 0.1263, 4.4100, 28.8560, 0.1998
(35, 17): 0.1263, 4.4100, 28.8560, 0.1998
(35, 18): 0.1263, 4.4100, 28.8560, 0.1998
(35, 19): 0.1263, 4.4100, 28.8560, 0.1998
(35, 20): 0.1591, 4.4500, 53.9772, 0.1722
(35, 21): 0.1687, 4.5100, 54.2647, 0.1814
(35, 22): 0.0787, 4.4300, 9.0883, 0.3278
(35, 23): 0.0787, 4.4300, 9.0883, 0.3278
(35, 24): 0.0787, 4.4300, 9.0883, 0.3278
(35, 25): 0.0787, 4.4300, 9.0883, 0.3278
(35, 26): 0.0787, 4.4300, 9.0883, 0.3278
(35, 27): 0.0787, 4.4300, 9.0883, 0.3278
(36, 1): 0.1143, 4.4200, 28.8985, 0.2007
(36, 2): 0.1143, 4.4200, 28.8985, 0.2007
(36, 3): 0.0096, 4.4100, 14.4336, 0.2483
(36, 4): -0.0166, 4.4400, 12.3060, 0.2734
(36, 5): 0.0950, 4.4800, 45.6270, 0.1948
(36, 6): 0.1332, 4.4300, 38.7539, 0.1831
(36, 7): 0.0687, 4.4200, 11.0092, 0.2483
(36, 8): 0.0687, 4.4200, 11.0092, 0.2483
(36, 9): 0.0687, 4.4200, 11.0092, 0.2483
(36, 10): 0.0687, 4.4200, 11.0092, 0.2483
(36, 11): 0.0687, 4.4200, 11.0092, 0.2483
(36, 12): 0.1263, 4.4100, 28.8560, 0.1998
(36, 13): 0.1263, 4.4100, 28.8560, 0.1998
(36, 14): 0.1263, 4.4100, 28.8560, 0.1998
(36, 15): 0.1263, 4.4100, 28.8560, 0.1998
(36, 16): 0.1263, 4.4100, 28.8560, 0.1998
(36, 17): 0.1263, 4.4100, 28.8560, 0.1998
(36, 18): 0.1263, 4.4100, 28.8560, 0.1998
(36, 19): 0.1263, 4.4100, 28.8560, 0.1998
(36, 20): 0.1591, 4.4500, 53.9772, 0.1722
(36, 21): 0.1687, 4.5100, 54.2647, 0.1814
(36, 22): 0.0787, 4.4300, 9.0883, 0.3278
(36, 23): 0.0787, 4.4300, 9.0883, 0.3278
(36, 24): 0.0787, 4.4300, 9.0883, 0.3278
(36, 25): 0.0787, 4.4300, 9.0883, 0.3278
(36, 26): 0.0787, 4.4300, 9.0883, 0.3278
(36, 27): 0.0787, 4.4300, 9.0883, 0.3278
(37, 1): 0.1143, 4.4200, 28.8985, 0.2007
(37, 2): 0.1143, 4.4200, 28.8985, 0.2007
(37, 3): 0.0096, 4.4100, 14.4336, 0.2483
(37, 4): -0.0166, 4.4400, 12.3060, 0.2734
(37, 5): 0.0950, 4.4800, 45.6270, 0.1948
(37, 6): 0.1332, 4.4300, 38.7539, 0.1831
(37, 7): 0.0687, 4.4200, 11.0092, 0.2483
(37, 8): 0.0687, 4.4200, 11.0092, 0.2483
(37, 9): 0.0687, 4.4200, 11.0092, 0.2483
(37, 10): 0.0687, 4.4200, 11.0092, 0.2483
(37, 11): 0.0687, 4.4200, 11.0092, 0.2483
(37, 12): 0.1263, 4.4100, 28.8560, 0.1998
(37, 13): 0.1263, 4.4100, 28.8560, 0.1998
(37, 14): 0.1263, 4.4100, 28.8560, 0.1998
(37, 15): 0.1263, 4.4100, 28.8560, 0.1998
(37, 16): 0.1263, 4.4100, 28.8560, 0.1998
(37, 17): 0.1263, 4.4100, 28.8560, 0.1998
(37, 18): 0.1263, 4.4100, 28.8560, 0.1998
(37, 19): 0.1263, 4.4100, 28.8560, 0.1998
(37, 20): 0.1591, 4.4500, 53.9772, 0.1722
(37, 21): 0.1687, 4.5100, 54.2647, 0.1814
(37, 22): 0.0787, 4.4300, 9.0883, 0.3278
(37, 23): 0.0787, 4.4300, 9.0883, 0.3278
(37, 24): 0.0787, 4.4300, 9.0883, 0.3278
(37, 25): 0.0787, 4.4300, 9.0883, 0.3278
(37, 26): 0.0787, 4.4300, 9.0883, 0.3278
(37, 27): 0.0787, 4.4300, 9.0883, 0.3278
