(1, 1): -0.0552, 4.4600, 3.5976
(1, 2): -0.0552, 4.4600, 3.5976
(1, 3): -0.0552, 4.4600, 3.5976
(1, 4): -0.0552, 4.4600, 3.5976
(1, 5): 0.0873, 4.4400, 15.1136
(1, 6): 0.0873, 4.4400, 15.1136
(1, 7): 0.0873, 4.4400, 15.1136
(1, 8): 0.0873, 4.4400, 15.1136
(1, 9): -0.0125, 4.4500, 10.7712
(1, 10): -0.0125, 4.4500, 10.7712
(1, 11): -0.0125, 4.4500, 10.7712
(1, 12): -0.0125, 4.4500, 10.7712
(1, 13): -0.0125, 4.4500, 10.7712
(1, 14): 0.0009, 4.4200, 14.5287
(1, 15): 0.0009, 4.4200, 14.5287
(1, 16): 0.0009, 4.4200, 14.5287
(1, 17): 0.0602, 4.4100, 13.9613
(1, 18): 0.0471, 4.4300, 7.3560
(1, 19): 0.0104, 4.4200, 6.9628
(1, 20): 0.0104, 4.4200, 6.9628
(1, 21): 0.0617, 4.4100, 6.3703
(1, 22): 0.0617, 4.4100, 6.3703
(1, 23): 0.2255, 4.4600, 37.6498
(1, 24): 0.1453, 4.4200, 36.0785
(1, 25): 0.1453, 4.4200, 36.0785
(1, 26): 0.1453, 4.4200, 36.0785
(1, 27): 0.0405, 4.4300, 7.1186
(2, 1): -0.0552, 4.4600, 3.5976
(2, 2): -0.0552, 4.4600, 3.5976
(2, 3): -0.0552, 4.4600, 3.5976
(2, 4): -0.0552, 4.4600, 3.5976
(2, 5): -0.0552, 4.4600, 3.5976
(2, 6): 0.0873, 4.4400, 15.1136
(2, 7): 0.0873, 4.4400, 15.1136
(2, 8): 0.0873, 4.4400, 15.1136
(2, 9): 0.0873, 4.4400, 15.1136
(2, 10): -0.0125, 4.4500, 10.7712
(2, 11): -0.0125, 4.4500, 10.7712
(2, 12): -0.0125, 4.4500, 10.7712
(2, 13): -0.0125, 4.4500, 10.7712
(2, 14): 0.0847, 4.4100, 21.8057
(2, 15): 0.0009, 4.4200, 14.5287
(2, 16): 0.0009, 4.4200, 14.5287
(2, 17): 0.0602, 4.4100, 13.9613
(2, 18): 0.0471, 4.4300, 7.3560
(2, 19): 0.0104, 4.4200, 6.9628
(2, 20): 0.0104, 4.4200, 6.9628
(2, 21): 0.0617, 4.4100, 6.3703
(2, 22): 0.1257, 4.4100, 26.5481
(2, 23): 0.2255, 4.4600, 37.6498
(2, 24): 0.1453, 4.4200, 36.0785
(2, 25): 0.1453, 4.4200, 36.0785
(2, 26): 0.0405, 4.4300, 7.1186
(2, 27): 0.0405, 4.4300, 7.1186
(3, 1): -0.0552, 4.4600, 3.5976
(3, 2): -0.0552, 4.4600, 3.5976
(3, 3): -0.0552, 4.4600, 3.5976
(3, 4): -0.0552, 4.4600, 3.5976
(3, 5): -0.0552, 4.4600, 3.5976
(3, 6): -0.0552, 4.4600, 3.5976
(3, 7): 0.0873, 4.4400, 15.1136
(3, 8): 0.0873, 4.4400, 15.1136
(3, 9): 0.0873, 4.4400, 15.1136
(3, 10): 0.0873, 4.4400, 15.1136
(3, 11): -0.0125, 4.4500, 10.7712
(3, 12): -0.0125, 4.4500, 10.7712
(3, 13): -0.0125, 4.4500, 10.7712
(3, 14): 0.0847, 4.4100, 21.8057
(3, 15): 0.0026, 4.4100, 10.6202
(3, 16): 0.0009, 4.4200, 14.5287
(3, 17): 0.0602, 4.4100, 13.9613
(3, 18): 0.0471, 4.4300, 7.3560
(3, 19): 0.0984, 4.4400, 12.6119
(3, 20): 0.0459, 4.4200, 6.8858
(3, 21): 0.0278, 4.4600, 10.5015
(3, 22): 0.1257, 4.4100, 26.5481
(3, 23): 0.2255, 4.4600, 37.6498
(3, 24): 0.1453, 4.4200, 36.0785
(3, 25): 0.1545, 4.4800, 28.8840
(3, 26): 0.0405, 4.4300, 7.1186
(3, 27): 0.0405, 4.4300, 7.1186
(4, 1): -0.0552, 4.4600, 3.5976
(4, 2): -0.0552, 4.4600, 3.5976
(4, 3): -0.0552, 4.4600, 3.5976
(4, 4): -0.0552, 4.4600, 3.5976
(4, 5): -0.0552, 4.4600, 3.5976
(4, 6): -0.0552, 4.4600, 3.5976
(4, 7): -0.0552, 4.4600, 3.5976
(4, 8): 0.0873, 4.4400, 15.1136
(4, 9): 0.0873, 4.4400, 15.1136
(4, 10): 0.0873, 4.4400, 15.1136
(4, 11): 0.0873, 4.4400, 15.1136
(4, 12): -0.0125, 4.4500, 10.7712
(4, 13): -0.0125, 4.4500, 10.7712
(4, 14): 0.0847, 4.4100, 21.8057
(4, 15): 0.0026, 4.4100, 10.6202
(4, 16): -0.0370, 4.4600, 11.7797
(4, 17): 0.0043, 4.5700, 12.0859
(4, 18): 0.1812, 4.4600, 28.8721
(4, 19): 0.1638, 4.4500, 36.7657
(4, 20): 0.1474, 4.4400, 44.7891
(4, 21): 0.1848, 4.4800, 42.6073
(4, 22): 0.1981, 4.4300, 41.9466
(4, 23): 0.2098, 4.4400, 40.8505
(4, 24): 0.1858, 4.6000, 42.0710
(4, 25): 0.1545, 4.4800, 28.8840
(4, 26): 0.0405, 4.4300, 7.1186
(4, 27): 0.0210, 4.4300, 14.6277
(5, 1): -0.0552, 4.4600, 3.5976
(5, 2): -0.0552, 4.4600, 3.5976
(5, 3): -0.0552, 4.4600, 3.5976
(5, 4): -0.0552, 4.4600, 3.5976
(5, 5): -0.0552, 4.4600, 3.5976
(5, 6): -0.0552, 4.4600, 3.5976
(5, 7): -0.0552, 4.4600, 3.5976
(5, 8): -0.0552, 4.4600, 3.5976
(5, 9): 0.0873, 4.4400, 15.1136
(5, 10): 0.0873, 4.4400, 15.1136
(5, 11): 0.0873, 4.4400, 15.1136
(5, 12): 0.0087, 4.4100, 14.1269
(5, 13): 0.0087, 4.4100, 14.1269
(5, 14): 0.0087, 4.4100, 14.1269
(5, 15): 0.0026, 4.4100, 10.6202
(5, 16): 0.1529, 4.4500, 22.9790
(5, 17): 0.2453, 4.4300, 39.9790
(5, 18): 0.2061, 4.4900, 43.0090
(5, 19): 0.2068, 4.5000, 44.8382
(5, 20): 0.1833, 4.4200, 45.0549
(5, 21): 0.1768, 4.4200, 45.2047
(5, 22): 0.2613, 4.4400, 39.6226
(5, 23): 0.2171, 4.4200, 42.0229
(5, 24): 0.2611, 4.4100, 39.0723
(5, 25): 0.2443, 4.4300, 41.7633
(5, 26): 0.2036, 4.4200, 39.8340
(5, 27): 0.0210, 4.4300, 14.6277
(6, 1): -0.0552, 4.4600, 3.5976
(6, 2): -0.0552, 4.4600, 3.5976
(6, 3): -0.0552, 4.4600, 3.5976
(6, 4): -0.0552, 4.4600, 3.5976
(6, 5): -0.0552, 4.4600, 3.5976
(6, 6): -0.0552, 4.4600, 3.5976
(6, 7): -0.0552, 4.4600, 3.5976
(6, 8): -0.0552, 4.4600, 3.5976
(6, 9): -0.0552, 4.4600, 3.5976
(6, 10): 0.0873, 4.4400, 15.1136
(6, 11): 0.0873, 4.4400, 15.1136
(6, 12): -0.0819, 4.4200, 7.8744
(6, 13): 0.0087, 4.4100, 14.1269
(6, 14): 0.1668, 4.4700, 26.2193
(6, 15): 0.1668, 4.4700, 26.2193
(6, 16): 0.2524, 4.4200, 38.0038
(6, 17): 0.2183, 4.4100, 41.3645
(6, 18): 0.1817, 4.4600, 44.3823
(6, 19): 0.1635, 4.4100, 46.9287
(6, 20): 0.1782, 4.4800, 45.9102
(6, 21): 0.1939, 4.4400, 46.6184
(6, 22): 0.2151, 4.4800, 44.8479
(6, 23): 0.2612, 4.4600, 42.1020
(6, 24): 0.2728, 4.4700, 39.4373
(6, 25): 0.2817, 4.4100, 40.0477
(6, 26): 0.2090, 4.4500, 43.3508
(6, 27): 0.0376, 4.4200, 17.4650
(7, 1): -0.0552, 4.4600, 3.5976
(7, 2): -0.0552, 4.4600, 3.5976
(7, 3): -0.0552, 4.4600, 3.5976
(7, 4): -0.0552, 4.4600, 3.5976
(7, 5): -0.0552, 4.4600, 3.5976
(7, 6): -0.0552, 4.4600, 3.5976
(7, 7): -0.0552, 4.4600, 3.5976
(7, 8): -0.0552, 4.4600, 3.5976
(7, 9): -0.0552, 4.4600, 3.5976
(7, 10): -0.0552, 4.4600, 3.5976
(7, 11): 0.0458, 4.4400, 16.3447
(7, 12): 0.0458, 4.4400, 16.3447
(7, 13): -0.0819, 4.4200, 7.8744
(7, 14): 0.2070, 4.4100, 39.2114
(7, 15): 0.2070, 4.4100, 39.2114
(7, 16): 0.2109, 4.4100, 40.5274
(7, 17): 0.2002, 4.5400, 42.0404
(7, 18): 0.2218, 4.4600, 45.1003
(7, 19): 0.1626, 4.4100, 48.6355
(7, 20): 0.2236, 4.4500, 46.1984
(7, 21): 0.2423, 4.4200, 46.8239
(7, 22): 0.1911, 4.4798, 49.7276
(7, 23): 0.2282, 4.4600, 46.6340
(7, 24): 0.2808, 4.4300, 42.8421
(7, 25): 0.2197, 4.4400, 43.6879
(7, 26): 0.2212, 4.4300, 41.5117
(7, 27): 0.1680, 4.4800, 28.3331
(8, 1): 0.0405, 4.4400, 25.2013
(8, 2): 0.0405, 4.4400, 25.2013
(8, 3): 0.0405, 4.4400, 25.2013
(8, 4): 0.0405, 4.4400, 25.2013
(8, 5): 0.0405, 4.4400, 25.2013
(8, 6): 0.0405, 4.4400, 25.2013
(8, 7): 0.0405, 4.4400, 25.2013
(8, 8): 0.0405, 4.4400, 25.2013
(8, 9): 0.0405, 4.4400, 25.2013
(8, 10): 0.0405, 4.4400, 25.2013
(8, 11): 0.0461, 4.4300, 23.0922
(8, 12): 0.0461, 4.4300, 23.0922
(8, 13): -0.0079, 4.4900, 13.6756
(8, 14): -0.0079, 4.4900, 13.6756
(8, 15): 0.2951, 4.4600, 34.5451
(8, 16): 0.2225, 4.4700, 41.6607
(8, 17): 0.2447, 4.4200, 40.5085
(8, 18): 0.2333, 4.4600, 44.5197
(8, 19): 0.3266, 4.4100, 40.1508
(8, 20): 0.2758, 4.4400, 43.7108
(8, 21): 0.2490, 4.4400, 46.6159
(8, 22): 0.2020, 4.4900, 50.4550
(8, 23): 0.2253, 4.5400, 49.7177
(8, 24): 0.2402, 4.4300, 47.3975
(8, 25): 0.2926, 4.4600, 40.9708
(8, 26): 0.2243, 4.6200, 43.5015
(8, 27): 0.1652, 4.4400, 26.1135
(9, 1): 0.0238, 4.4500, 25.9849
(9, 2): 0.0238, 4.4500, 25.9849
(9, 3): 0.0238, 4.4500, 25.9849
(9, 4): 0.0238, 4.4500, 25.9849
(9, 5): 0.0238, 4.4500, 25.9849
(9, 6): 0.0238, 4.4500, 25.9849
(9, 7): 0.0238, 4.4500, 25.9849
(9, 8): 0.0238, 4.4500, 25.9849
(9, 9): 0.0238, 4.4500, 25.9849
(9, 10): 0.0238, 4.4500, 25.9849
(9, 11): -0.0886, 4.4300, 3.9055
(9, 12): 0.0373, 4.4900, 28.1811
(9, 13): 0.0373, 4.4900, 28.1811
(9, 14): -0.0079, 4.4900, 13.6756
(9, 15): 0.2529, 4.4100, 33.5344
(9, 16): 0.2277, 4.4100, 41.1685
(9, 17): 0.2539, 4.4200, 40.3529
(9, 18): 0.3330, 4.5400, 39.1384
(9, 19): 0.2911, 4.4600, 41.4585
(9, 20): 0.2411, 4.4200, 46.2315
(9, 21): 0.2516, 4.4900, 47.1826
(9, 22): 0.2851, 4.4300, 45.0276
(9, 23): 0.2587, 4.5300, 48.1986
(9, 24): 0.3056, 4.4100, 43.5761
(9, 25): 0.2973, 4.4400, 43.2341
(9, 26): 0.2896, 4.4200, 39.7882
(9, 27): 0.0290, 4.4100, 11.6510
(10, 1): 0.0500, 4.4263, 26.9703
(10, 2): 0.0500, 4.4263, 26.9703
(10, 3): 0.0500, 4.4263, 26.9703
(10, 4): 0.0500, 4.4263, 26.9703
(10, 5): 0.0500, 4.4263, 26.9703
(10, 6): 0.0500, 4.4263, 26.9703
(10, 7): 0.0500, 4.4263, 26.9703
(10, 8): 0.0500, 4.4263, 26.9703
(10, 9): 0.0500, 4.4263, 26.9703
(10, 10): 0.0500, 4.4263, 26.9703
(10, 11): -0.0730, 4.4400, 11.4961
(10, 12): 0.0373, 4.4900, 28.1811
(10, 13): -0.0045, 4.4500, 14.6107
(10, 14): 0.1326, 4.4200, 3.3085
(10, 15): 0.2779, 4.4100, 32.5802
(10, 16): 0.2315, 4.5100, 38.4128
(10, 17): 0.2806, 4.4100, 39.9003
(10, 18): 0.2975, 4.4400, 41.0170
(10, 19): 0.2812, 4.4600, 42.0811
(10, 20): 0.2959, 4.4200, 41.3507
(10, 21): 0.3155, 4.5300, 43.0149
(10, 22): 0.2607, 4.5500, 48.0154
(10, 23): 0.2433, 4.5200, 49.8130
(10, 24): 0.2580, 4.4300, 47.3592
(10, 25): 0.2388, 4.4400, 45.7598
(10, 26): 0.2269, 4.4300, 41.7482
(10, 27): 0.2269, 4.4300, 41.7482
(11, 1): -0.0233, 4.4200, 13.2964
(11, 2): 0.1083, 4.4300, 34.4727
(11, 3): 0.1083, 4.4300, 34.4727
(11, 4): 0.1083, 4.4300, 34.4727
(11, 5): 0.1083, 4.4300, 34.4727
(11, 6): 0.1083, 4.4300, 34.4727
(11, 7): 0.1083, 4.4300, 34.4727
(11, 8): 0.1083, 4.4300, 34.4727
(11, 9): 0.1083, 4.4300, 34.4727
(11, 10): 0.1083, 4.4300, 34.4727
(11, 11): 0.1317, 4.4100, 45.5910
(11, 12): 0.1348, 4.4900, 45.9090
(11, 13): -0.0045, 4.4500, 14.6107
(11, 14): -0.0045, 4.4500, 14.6107
(11, 15): 0.2779, 4.4100, 32.5802
(11, 16): 0.1429, 4.4200, 7.2064
(11, 17): 0.2820, 4.4100, 40.5626
(11, 18): 0.2098, 4.4500, 46.1547
(11, 19): 0.2562, 4.4100, 43.3968
(11, 20): 0.2664, 4.4400, 43.3678
(11, 21): 0.2924, 4.4600, 44.7014
(11, 22): 0.2715, 4.4200, 46.9025
(11, 23): 0.2657, 4.4100, 45.1610
(11, 24): 0.2512, 4.4900, 44.8356
(11, 25): 0.2392, 4.4600, 45.3422
(11, 26): 0.2169, 4.4300, 40.6987
(11, 27): 0.2169, 4.4300, 40.6987
(12, 1): -0.0233, 4.4200, 13.2964
(12, 2): -0.0233, 4.4200, 13.2964
(12, 3): -0.0233, 4.4200, 13.2964
(12, 4): -0.0233, 4.4200, 13.2964
(12, 5): 0.1735, 4.4300, 40.9683
(12, 6): 0.1735, 4.4300, 40.9683
(12, 7): 0.1735, 4.4300, 40.9683
(12, 8): 0.1735, 4.4300, 40.9683
(12, 9): 0.1735, 4.4300, 40.9683
(12, 10): 0.1735, 4.4300, 40.9683
(12, 11): 0.2067, 4.4500, 43.3320
(12, 12): 0.1804, 4.5000, 46.5851
(12, 13): 0.1489, 4.4100, 37.6877
(12, 14): 0.1241, 4.4300, 23.9941
(12, 15): 0.1241, 4.4300, 23.9941
(12, 16): 0.0786, 4.4300, 14.6395
(12, 17): 0.2314, 4.4300, 43.6345
(12, 18): 0.2130, 4.4200, 47.0518
(12, 19): 0.2305, 4.4200, 46.1755
(12, 20): 0.2845, 4.6300, 43.5835
(12, 21): 0.3362, 4.6000, 42.0325
(12, 22): 0.3104, 4.4400, 44.2466
(12, 23): 0.2616, 4.4600, 44.8213
(12, 24): 0.2501, 4.4200, 38.5186
(12, 25): 0.1146, 4.4300, 14.8853
(12, 26): 0.1429, 4.5100, 12.8339
(12, 27): 0.1429, 4.5100, 12.8339
(13, 1): -0.0233, 4.4200, 13.2964
(13, 2): -0.0233, 4.4200, 13.2964
(13, 3): -0.0233, 4.4200, 13.2964
(13, 4): -0.0233, 4.4200, 13.2964
(13, 5): -0.0233, 4.4200, 13.2964
(13, 6): -0.0233, 4.4200, 13.2964
(13, 7): -0.0233, 4.4200, 13.2964
(13, 8): 0.2064, 4.5100, 43.8138
(13, 9): 0.2064, 4.5100, 43.8138
(13, 10): 0.2064, 4.5100, 43.8138
(13, 11): 0.1602, 4.4900, 48.4453
(13, 12): 0.1412, 4.9900, 48.2249
(13, 13): 0.1561, 4.4500, 38.7182
(13, 14): 0.0968, 4.4100, 7.7912
(13, 15): 0.0968, 4.4100, 7.7912
(13, 16): 0.0556, 4.4500, 7.4387
(13, 17): 0.1446, 4.4400, 38.7301
(13, 18): 0.1814, 4.4300, 44.3386
(13, 19): 0.2523, 4.4700, 46.0855
(13, 20): 0.2783, 4.4400, 45.0915
(13, 21): 0.3093, 4.4300, 43.7110
(13, 22): 0.2888, 4.4100, 44.7065
(13, 23): 0.2774, 4.4300, 43.5732
(13, 24): 0.2624, 4.4400, 36.3976
(13, 25): 0.1211, 4.5200, 3.7205
(13, 26): 0.1429, 4.5100, 12.8339
(13, 27): -0.0001, 4.4300, 4.2693
(14, 1): -0.0233, 4.4200, 13.2964
(14, 2): -0.0233, 4.4200, 13.2964
(14, 3): -0.0233, 4.4200, 13.2964
(14, 4): -0.0233, 4.4200, 13.2964
(14, 5): -0.0233, 4.4200, 13.2964
(14, 6): -0.0233, 4.4200, 13.2964
(14, 7): -0.0233, 4.4200, 13.2964
(14, 8): -0.0233, 4.4200, 13.2964
(14, 9): 0.2217, 4.4700, 45.6470
(14, 10): 0.2217, 4.4700, 45.6470
(14, 11): 0.1830, 4.5900, 50.5392
(14, 12): 0.1811, 4.4200, 47.4926
(14, 13): 0.0382, 4.4100, 4.4851
(14, 14): 0.0968, 4.4100, 7.7912
(14, 15): 0.0280, 4.6500, 4.2760
(14, 16): 0.2586, 4.4200, 35.4663
(14, 17): 0.1835, 4.6000, 52.7525
(14, 18): 0.2030, 4.4100, 51.0867
(14, 19): 0.2147, 4.4200, 50.5703
(14, 20): 0.2747, 4.4500, 46.7420
(14, 21): 0.2615, 4.4300, 46.7932
(14, 22): 0.2598, 4.4200, 45.6365
(14, 23): 0.2308, 4.4300, 48.5982
(14, 24): 0.1992, 4.4500, 44.3175
(14, 25): 0.0732, 4.4100, 28.7222
(14, 26): 0.1215, 4.4400, 29.2657
(14, 27): -0.0001, 4.4300, 4.2693
(15, 1): 0.1091, 4.4100, 3.9901
(15, 2): 0.1091, 4.4100, 3.9901
(15, 3): 0.1091, 4.4100, 3.9901
(15, 4): -0.0233, 4.4200, 13.2964
(15, 5): -0.0233, 4.4200, 13.2964
(15, 6): -0.0233, 4.4200, 13.2964
(15, 7): -0.0233, 4.4200, 13.2964
(15, 8): -0.0233, 4.4200, 13.2964
(15, 9): -0.0233, 4.4200, 13.2964
(15, 10): 0.1866, 4.4900, 49.0742
(15, 11): 0.1772, 4.4800, 51.4557
(15, 12): 0.1760, 4.4900, 51.9770
(15, 13): 0.1208, 4.4500, 18.0901
(15, 14): 0.0081, 4.4200, 4.8441
(15, 15): 0.2158, 4.4300, 38.3958
(15, 16): 0.2017, 4.4300, 48.9345
(15, 17): 0.1638, 4.4100, 49.0857
(15, 18): 0.1671, 4.4200, 46.8316
(15, 19): 0.2334, 4.4400, 48.6899
(15, 20): 0.2212, 4.4700, 49.6961
(15, 21): 0.2019, 4.4200, 48.6776
(15, 22): 0.2349, 4.4300, 46.2979
(15, 23): 0.1854, 4.4300, 49.8889
(15, 24): 0.1402, 4.4800, 53.1094
(15, 25): 0.1079, 4.5400, 56.9567
(15, 26): 0.1942, 4.4200, 49.0271
(15, 27): 0.1925, 4.4300, 30.9541
(16, 1): -0.0273, 4.4300, 13.8351
(16, 2): 0.1091, 4.4100, 3.9901
(16, 3): 0.1091, 4.4100, 3.9901
(16, 4): 0.1091, 4.4100, 3.9901
(16, 5): 0.1091, 4.4100, 3.9901
(16, 6): 0.1091, 4.4100, 3.9901
(16, 7): 0.0343, 4.4100, 19.6629
(16, 8): 0.0343, 4.4100, 19.6629
(16, 9): 0.0343, 4.4100, 19.6629
(16, 10): 0.2091, 4.4100, 47.9508
(16, 11): 0.2115, 4.4600, 50.0178
(16, 12): 0.1585, 4.5000, 50.7145
(16, 13): 0.0687, 4.4500, 19.8482
(16, 14): 0.2743, 4.5400, 43.1659
(16, 15): 0.2658, 4.4100, 45.5956
(16, 16): 0.2530, 4.4400, 40.7409
(16, 17): 0.1759, 4.4300, 43.6383
(16, 18): 0.1899, 4.4400, 52.3282
(16, 19): 0.2177, 4.5500, 51.6225
(16, 20): 0.2248, 4.5100, 48.4426
(16, 21): 0.2322, 4.4200, 46.1990
(16, 22): 0.2151, 4.5000, 49.2532
(16, 23): 0.1399, 4.4800, 54.9254
(16, 24): 0.1508, 4.5800, 54.4717
(16, 25): 0.1545, 4.4200, 55.2530
(16, 26): 0.1759, 4.5000, 52.8266
(16, 27): 0.1537, 4.4300, 29.7664
(17, 1): -0.0273, 4.4300, 13.8351
(17, 2): -0.0273, 4.4300, 13.8351
(17, 3): 0.0083, 4.4700, 13.0315
(17, 4): 0.1091, 4.4100, 3.9901
(17, 5): 0.1091, 4.4100, 3.9901
(17, 6): 0.1091, 4.4100, 3.9901
(17, 7): 0.1091, 4.4100, 3.9901
(17, 8): 0.1410, 4.5000, 36.0356
(17, 9): 0.1410, 4.5000, 36.0356
(17, 10): 0.1837, 4.4300, 49.3195
(17, 11): 0.1685, 4.4100, 53.5166
(17, 12): 0.2000, 4.5000, 52.5094
(17, 13): 0.2298, 4.4300, 41.4520
(17, 14): 0.1982, 4.4800, 40.4105
(17, 15): 0.2303, 4.4200, 43.4337
(17, 16): 0.1927, 4.4100, 45.6287
(17, 17): 0.1836, 4.4100, 53.4437
(17, 18): 0.1648, 4.5300, 54.7257
(17, 19): 0.1845, 4.4100, 53.6127
(17, 20): 0.2138, 4.6500, 50.5956
(17, 21): 0.1930, 4.4100, 51.0541
(17, 22): 0.1425, 4.5300, 55.7619
(17, 23): 0.1461, 4.6400, 53.4978
(17, 24): 0.1654, 4.4400, 52.8050
(17, 25): 0.2102, 4.4400, 52.6232
(17, 26): 0.2202, 4.4100, 43.8363
(17, 27): 0.2202, 4.4100, 43.8363
(18, 1): -0.0273, 4.4300, 13.8351
(18, 2): -0.0273, 4.4300, 13.8351
(18, 3): -0.0273, 4.4300, 13.8351
(18, 4): 0.0083, 4.4700, 13.0315
(18, 5): 0.0083, 4.4700, 13.0315
(18, 6): 0.1091, 4.4100, 3.9901
(18, 7): 0.1091, 4.4100, 3.9901
(18, 8): 0.1091, 4.4100, 3.9901
(18, 9): 0.1842, 4.5100, 46.5873
(18, 10): 0.1850, 4.4300, 50.8089
(18, 11): 0.1631, 4.4300, 53.2473
(18, 12): 0.2190, 4.4300, 49.3532
(18, 13): 0.2160, 4.4700, 49.6074
(18, 14): 0.2055, 4.4600, 52.0802
(18, 15): 0.2469, 4.5000, 49.2516
(18, 16): 0.2101, 4.4100, 50.1527
(18, 17): 0.1823, 4.4100, 52.0097
(18, 18): 0.1849, 4.7000, 52.6792
(18, 19): 0.1643, 4.4900, 56.6403
(18, 20): 0.1599, 4.4300, 55.3863
(18, 21): 0.2049, 4.5100, 49.6465
(18, 22): 0.1661, 4.4100, 53.4633
(18, 23): 0.1223, 4.4100, 58.8656
(18, 24): 0.1731, 4.4900, 55.5300
(18, 25): 0.2019, 4.4500, 47.0459
(18, 26): 0.1223, 4.4200, 12.4539
(18, 27): 0.1223, 4.4200, 12.4539
(19, 1): -0.0273, 4.4300, 13.8351
(19, 2): -0.0273, 4.4300, 13.8351
(19, 3): -0.0273, 4.4300, 13.8351
(19, 4): -0.0273, 4.4300, 13.8351
(19, 5): 0.0083, 4.4700, 13.0315
(19, 6): 0.0083, 4.4700, 13.0315
(19, 7): 0.1191, 4.4100, 29.4282
(19, 8): 0.1191, 4.4100, 29.4282
(19, 9): 0.2481, 4.6300, 47.8382
(19, 10): 0.2376, 4.4300, 49.1535
(19, 11): 0.2931, 4.4500, 43.6000
(19, 12): 0.2183, 4.5000, 48.8407
(19, 13): 0.2360, 4.4500, 47.2307
(19, 14): 0.2282, 4.4700, 48.8010
(19, 15): 0.2741, 4.4100, 46.7923
(19, 16): 0.2158, 4.5100, 50.3608
(19, 17): 0.2012, 4.4200, 50.0386
(19, 18): 0.1525, 4.4100, 56.0000
(19, 19): 0.1520, 4.5200, 57.9074
(19, 20): 0.1497, 4.7300, 56.4033
(19, 21): 0.1658, 4.4500, 52.9656
(19, 22): 0.1504, 4.4494, 55.7268
(19, 23): 0.1430, 4.4400, 58.1678
(19, 24): 0.1763, 4.4800, 55.0979
(19, 25): 0.1881, 4.5000, 35.1440
(19, 26): 0.0940, 4.4300, 4.4079
(19, 27): 0.0940, 4.4300, 4.4079
(20, 1): 0.0554, 4.4500, 14.6094
(20, 2): -0.0273, 4.4300, 13.8351
(20, 3): -0.0273, 4.4300, 13.8351
(20, 4): -0.0273, 4.4300, 13.8351
(20, 5): -0.0273, 4.4300, 13.8351
(20, 6): 0.0083, 4.4700, 13.0315
(20, 7): 0.0083, 4.4700, 13.0315
(20, 8): 0.1970, 4.4600, 51.3262
(20, 9): 0.1915, 4.4200, 53.2128
(20, 10): 0.2498, 4.4300, 47.8084
(20, 11): 0.2108, 4.4100, 49.9552
(20, 12): 0.2242, 4.4300, 48.7735
(20, 13): 0.2445, 4.4700, 46.3373
(20, 14): 0.2275, 4.5800, 47.7195
(20, 15): 0.2218, 4.4800, 50.2920
(20, 16): 0.2272, 4.4200, 48.9164
(20, 17): 0.2156, 4.4400, 48.2803
(20, 18): 0.1645, 4.4300, 54.1629
(20, 19): 0.1421, 4.4200, 57.3831
(20, 20): 0.1482, 4.5000, 56.5265
(20, 21): 0.2118, 4.4700, 50.5918
(20, 22): 0.1611, 4.4500, 55.9721
(20, 23): 0.1442, 4.4100, 57.6869
(20, 24): 0.2054, 4.4100, 54.7707
(20, 25): 0.2146, 4.5200, 49.9511
(20, 26): 0.0839, 4.4200, 12.8341
(20, 27): 0.0839, 4.4200, 12.8341
(21, 1): 0.0108, 4.5300, 12.0324
(21, 2): 0.0554, 4.4500, 14.6094
(21, 3): 0.0554, 4.4500, 14.6094
(21, 4): -0.0273, 4.4300, 13.8351
(21, 5): -0.0273, 4.4300, 13.8351
(21, 6): -0.0273, 4.4300, 13.8351
(21, 7): 0.2043, 4.4200, 43.4175
(21, 8): 0.1723, 4.5300, 53.8455
(21, 9): 0.2294, 4.4200, 51.0300
(21, 10): 0.2811, 4.4100, 47.5321
(21, 11): 0.3159, 4.4500, 44.3291
(21, 12): 0.2609, 4.5200, 45.9347
(21, 13): 0.2006, 4.5100, 48.7827
(21, 14): 0.1844, 4.4900, 50.3762
(21, 15): 0.2083, 4.4200, 50.5292
(21, 16): 0.1823, 4.5100, 49.7420
(21, 17): 0.1686, 4.4100, 49.5695
(21, 18): 0.1494, 4.4200, 53.0248
(21, 19): 0.1469, 4.4400, 54.0546
(21, 20): 0.1756, 4.5500, 52.0368
(21, 21): 0.1642, 4.4400, 43.1740
(21, 22): 0.1460, 4.4200, 45.6390
(21, 23): 0.2201, 4.4100, 40.6956
(21, 24): 0.1549, 4.4300, 22.4954
(21, 25): 0.1549, 4.4300, 22.4954
(21, 26): 0.0839, 4.4200, 12.8341
(21, 27): 0.0839, 4.4200, 12.8341
(22, 1): 0.0108, 4.5300, 12.0324
(22, 2): 0.0108, 4.5300, 12.0324
(22, 3): 0.0554, 4.4500, 14.6094
(22, 4): 0.0554, 4.4500, 14.6094
(22, 5): 0.1115, 4.4100, 35.2442
(22, 6): 0.1115, 4.4100, 35.2442
(22, 7): 0.2061, 4.5000, 48.6721
(22, 8): 0.2095, 4.6200, 49.0074
(22, 9): 0.2014, 4.4300, 51.2503
(22, 10): 0.2557, 4.6100, 46.7613
(22, 11): 0.2168, 4.4300, 48.8266
(22, 12): 0.2186, 4.4900, 47.7655
(22, 13): 0.1694, 4.5000, 52.2960
(22, 14): 0.1738, 4.4600, 51.4876
(22, 15): 0.1471, 4.5600, 52.8025
(22, 16): 0.1265, 4.4200, 53.0043
(22, 17): 0.1529, 4.4100, 49.8404
(22, 18): 0.1526, 4.4500, 50.5764
(22, 19): 0.1245, 4.4200, 53.8001
(22, 20): 0.1198, 4.4900, 40.6302
(22, 21): 0.0334, 4.4200, 8.9691
(22, 22): 0.1460, 4.4200, 45.6390
(22, 23): 0.2201, 4.4100, 40.6956
(22, 24): 0.1549, 4.4300, 22.4954
(22, 25): 0.1549, 4.4300, 22.4954
(22, 26): 0.0839, 4.4200, 12.8341
(22, 27): 0.0839, 4.4200, 12.8341
(23, 1): 0.0108, 4.5300, 12.0324
(23, 2): 0.0108, 4.5300, 12.0324
(23, 3): 0.0108, 4.5300, 12.0324
(23, 4): 0.0554, 4.4500, 14.6094
(23, 5): 0.0554, 4.4500, 14.6094
(23, 6): 0.1379, 4.4300, 28.6576
(23, 7): 0.2136, 4.4100, 33.9079
(23, 8): 0.1839, 4.4900, 45.8178
(23, 9): 0.1551, 4.4400, 51.8243
(23, 10): 0.1377, 4.4100, 54.5662
(23, 11): 0.1976, 4.4400, 49.4408
(23, 12): 0.1755, 4.4100, 50.5097
(23, 13): 0.1164, 4.5000, 56.2497
(23, 14): 0.1248, 4.4300, 54.4035
(23, 15): 0.1335, 4.4600, 51.6352
(23, 16): 0.1441, 4.4500, 52.0405
(23, 17): 0.1577, 4.4100, 50.9625
(23, 18): 0.1590, 4.4200, 50.3664
(23, 19): 0.1438, 4.4600, 53.0411
(23, 20): 0.0665, 4.4200, 48.3504
(23, 21): 0.0334, 4.4200, 8.9691
(23, 22): 0.0334, 4.4200, 8.9691
(23, 23): 0.2201, 4.4100, 40.6956
(23, 24): 0.1549, 4.4300, 22.4954
(23, 25): 0.1549, 4.4300, 22.4954
(23, 26): 0.1549, 4.4300, 22.4954
(23, 27): 0.0839, 4.4200, 12.8341
(24, 1): -0.0535, 4.4300, 3.8119
(24, 2): 0.0108, 4.5300, 12.0324
(24, 3): 0.0108, 4.5300, 12.0324
(24, 4): 0.0108, 4.5300, 12.0324
(24, 5): 0.0917, 4.4200, 20.1369
(24, 6): 0.1385, 4.4700, 19.2494
(24, 7): 0.2173, 4.5300, 38.2336
(24, 8): 0.1052, 4.4100, 33.2271
(24, 9): 0.0952, 4.5300, 45.1886
(24, 10): 0.0839, 4.4300, 45.0069
(24, 11): 0.1465, 4.4400, 50.6719
(24, 12): 0.1725, 4.4500, 53.0606
(24, 13): 0.1417, 4.4100, 52.5664
(24, 14): 0.1292, 4.4100, 53.4524
(24, 15): 0.1958, 4.4600, 50.0187
(24, 16): 0.2119, 4.4600, 48.6782
(24, 17): 0.1542, 4.4600, 52.9568
(24, 18): 0.1408, 4.4100, 53.9696
(24, 19): 0.1300, 4.4100, 54.2505
(24, 20): 0.1257, 4.5000, 53.3305
(24, 21): 0.0642, 4.4100, 34.3088
(24, 22): 0.0673, 4.4100, 23.5343
(24, 23): 0.0673, 4.4100, 23.5343
(24, 24): 0.0673, 4.4100, 23.5343
(24, 25): 0.0673, 4.4100, 23.5343
(24, 26): 0.1549, 4.4300, 22.4954
(24, 27): 0.0839, 4.4200, 12.8341
(25, 1): -0.0535, 4.4300, 3.8119
(25, 2): -0.0535, 4.4300, 3.8119
(25, 3): 0.0110, 4.4200, 21.2152
(25, 4): 0.1399, 4.4100, 26.8832
(25, 5): 0.1079, 4.4500, 35.1381
(25, 6): 0.1731, 4.5400, 41.4684
(25, 7): 0.0883, 4.4100, 24.7977
(25, 8): 0.0950, 4.4100, 43.3339
(25, 9): 0.1112, 4.4200, 49.5218
(25, 10): 0.1363, 4.4100, 50.4019
(25, 11): 0.1308, 4.4500, 52.6441
(25, 12): 0.1205, 4.4100, 53.5082
(25, 13): 0.1202, 4.4100, 52.9443
(25, 14): 0.1279, 4.4100, 55.0782
(25, 15): 0.1882, 4.4300, 51.1108
(25, 16): 0.2042, 4.4700, 50.4925
(25, 17): 0.1932, 4.4200, 50.7219
(25, 18): 0.1634, 4.5700, 51.7889
(25, 19): 0.1600, 4.6300, 52.3711
(25, 20): 0.1394, 4.4100, 53.7280
(25, 21): 0.1959, 4.4500, 48.4468
(25, 22): 0.0673, 4.4100, 23.5343
(25, 23): 0.0673, 4.4100, 23.5343
(25, 24): 0.0673, 4.4100, 23.5343
(25, 25): 0.0673, 4.4100, 23.5343
(25, 26): 0.0673, 4.4100, 23.5343
(25, 27): 0.0673, 4.4100, 23.5343
(26, 1): -0.0535, 4.4300, 3.8119
(26, 2): -0.0535, 4.4300, 3.8119
(26, 3): 0.0110, 4.4200, 21.2152
(26, 4): 0.0858, 4.4100, 28.4894
(26, 5): 0.0572, 4.4100, 28.4948
(26, 6): 0.1032, 4.5700, 24.7787
(26, 7): 0.1263, 4.4200, 43.9862
(26, 8): 0.0696, 4.4100, 54.1213
(26, 9): 0.0679, 4.4400, 56.1025
(26, 10): 0.0997, 4.5400, 53.7973
(26, 11): 0.1153, 4.4200, 53.9160
(26, 12): 0.1087, 4.4100, 54.2466
(26, 13): 0.1314, 4.4400, 52.8221
(26, 14): 0.1666, 4.4700, 52.7874
(26, 15): 0.1699, 4.4200, 52.1733
(26, 16): 0.1570, 4.4200, 53.0050
(26, 17): 0.1695, 4.4400, 51.3927
(26, 18): 0.1618, 4.4200, 51.4372
(26, 19): 0.1676, 4.4400, 50.0865
(26, 20): 0.1543, 4.4100, 52.0101
(26, 21): 0.1956, 4.4600, 47.1695
(26, 22): 0.1314, 4.5700, 40.4142
(26, 23): 0.1314, 4.5700, 40.4142
(26, 24): 0.1314, 4.5700, 40.4142
(26, 25): 0.1314, 4.5700, 40.4142
(26, 26): 0.1314, 4.5700, 40.4142
(26, 27): 0.1314, 4.5700, 40.4142
(27, 1): -0.0157, 4.4900, 21.2249
(27, 2): -0.0157, 4.4900, 21.2249
(27, 3): 0.0691, 4.4200, 48.9349
(27, 4): 0.1223, 4.4400, 50.9486
(27, 5): 0.0741, 4.4400, 58.4465
(27, 6): 0.5495, 4.4400, 22.7928
(27, 7): 0.0479, 4.5100, 17.9698
(27, 8): 0.0686, 4.5900, 44.1440
(27, 9): 0.0588, 4.4200, 41.6163
(27, 10): 0.0895, 4.4100, 41.8470
(27, 11): 0.0841, 4.4100, 43.5316
(27, 12): 0.0512, 4.4300, 26.4584
(27, 13): 0.1381, 4.4100, 42.6422
(27, 14): 0.1163, 4.7100, 36.7111
(27, 15): 0.1884, 4.4200, 49.4660
(27, 16): 0.1642, 4.4200, 50.3164
(27, 17): 0.1659, 4.4200, 51.2628
(27, 18): 0.1629, 4.5500, 50.4530
(27, 19): 0.1463, 4.4100, 52.1164
(27, 20): 0.1670, 4.4100, 49.7032
(27, 21): 0.1728, 4.4300, 49.2995
(27, 22): 0.1171, 4.4400, 41.4109
(27, 23): 0.1171, 4.4400, 41.4109
(27, 24): 0.1171, 4.4400, 41.4109
(27, 25): 0.1171, 4.4400, 41.4109
(27, 26): 0.1171, 4.4400, 41.4109
(27, 27): 0.1171, 4.4400, 41.4109
(28, 1): -0.0517, 4.4100, 3.7571
(28, 2): -0.0517, 4.4100, 3.7571
(28, 3): 0.0113, 4.4300, 25.0862
(28, 4): 0.0401, 4.4300, 27.1772
(28, 5): 0.1021, 4.4300, 41.9151
(28, 6): 0.0470, 4.4300, 25.4717
(28, 7): 0.0590, 4.4300, 25.3747
(28, 8): 0.1452, 4.4300, 35.3541
(28, 9): 0.0982, 4.5000, 28.5348
(28, 10): 0.0895, 4.4100, 41.8470
(28, 11): 0.0841, 4.4100, 43.5316
(28, 12): 0.0512, 4.4300, 26.4584
(28, 13): 0.1018, 4.5000, 11.5436
(28, 14): 0.1018, 4.5000, 11.5436
(28, 15): 0.2056, 4.4400, 46.7069
(28, 16): 0.1994, 4.5600, 48.1470
(28, 17): 0.1477, 4.4100, 49.9955
(28, 18): 0.1429, 4.4500, 49.4195
(28, 19): 0.1295, 4.4100, 50.4058
(28, 20): 0.1466, 4.4500, 50.3966
(28, 21): 0.1884, 4.4100, 48.2516
(28, 22): 0.1055, 4.5700, 21.8293
(28, 23): 0.1055, 4.5700, 21.8293
(28, 24): 0.1055, 4.5700, 21.8293
(28, 25): 0.1055, 4.5700, 21.8293
(28, 26): 0.1055, 4.5700, 21.8293
(28, 27): 0.1055, 4.5700, 21.8293
(29, 1): 0.1094, 4.4600, 46.9324
(29, 2): 0.1094, 4.4600, 46.9324
(29, 3): 0.0765, 4.4200, 53.9701
(29, 4): 1.1531, 4.4100, 11.3083
(29, 5): 0.0450, 4.9200, 38.8492
(29, 6): 0.1137, 4.4400, 52.1459
(29, 7): 0.1214, 4.4300, 41.7530
(29, 8): 0.0379, 4.4100, 3.8494
(29, 9): 0.0982, 4.5000, 28.5348
(29, 10): 0.0982, 4.5000, 28.5348
(29, 11): 0.0841, 4.4100, 43.5316
(29, 12): 0.0512, 4.4300, 26.4584
(29, 13): 0.1018, 4.5000, 11.5436
(29, 14): 0.1018, 4.5000, 11.5436
(29, 15): 0.1422, 4.5200, 8.5594
(29, 16): 0.2136, 4.4500, 19.9734
(29, 17): 0.1286, 4.4700, 3.7049
(29, 18): 0.0924, 4.4900, 40.2946
(29, 19): 0.1351, 4.4200, 50.2358
(29, 20): 0.1679, 4.4400, 47.8142
(29, 21): 0.1407, 4.4500, 49.2735
(29, 22): 0.0478, 4.4100, 11.3401
(29, 23): 0.0478, 4.4100, 11.3401
(29, 24): 0.0478, 4.4100, 11.3401
(29, 25): 0.0478, 4.4100, 11.3401
(29, 26): 0.0478, 4.4100, 11.3401
(29, 27): 0.0478, 4.4100, 11.3401
(30, 1): 0.1143, 4.4200, 28.8985
(30, 2): 0.1143, 4.4200, 28.8985
(30, 3): 0.0096, 4.4100, 14.4336
(30, 4): -0.0166, 4.4400, 12.3060
(30, 5): 0.0950, 4.4800, 45.6270
(30, 6): 0.1332, 4.4300, 38.7539
(30, 7): 0.0687, 4.4200, 11.0092
(30, 8): 0.0379, 4.4100, 3.8494
(30, 9): 0.0379, 4.4100, 3.8494
(30, 10): 0.0982, 4.5000, 28.5348
(30, 11): 0.0982, 4.5000, 28.5348
(30, 12): 0.1018, 4.5000, 11.5436
(30, 13): 0.1018, 4.5000, 11.5436
(30, 14): 0.1422, 4.5200, 8.5594
(30, 15): 0.1422, 4.5200, 8.5594
(30, 16): 0.2136, 4.4500, 19.9734
(30, 17): 0.1286, 4.4700, 3.7049
(30, 18): 0.0638, 4.4500, 10.7679
(30, 19): 0.0638, 4.4500, 10.7679
(30, 20): 0.1337, 4.4500, 39.5543
(30, 21): 0.1469, 4.4100, 43.4247
(30, 22): 0.0865, 4.6700, 13.4854
(30, 23): 0.0865, 4.6700, 13.4854
(30, 24): 0.0865, 4.6700, 13.4854
(30, 25): 0.0865, 4.6700, 13.4854
(30, 26): 0.0865, 4.6700, 13.4854
(30, 27): 0.0865, 4.6700, 13.4854
(31, 1): 0.1143, 4.4200, 28.8985
(31, 2): 0.1143, 4.4200, 28.8985
(31, 3): 0.0096, 4.4100, 14.4336
(31, 4): -0.0166, 4.4400, 12.3060
(31, 5): 0.0950, 4.4800, 45.6270
(31, 6): 0.1332, 4.4300, 38.7539
(31, 7): 0.0687, 4.4200, 11.0092
(31, 8): 0.0687, 4.4200, 11.0092
(31, 9): 0.0379, 4.4100, 3.8494
(31, 10): 0.0379, 4.4100, 3.8494
(31, 11): 0.0982, 4.5000, 28.5348
(31, 12): 0.1018, 4.5000, 11.5436
(31, 13): 0.1422, 4.5200, 8.5594
(31, 14): 0.1422, 4.5200, 8.5594
(31, 15): 0.1422, 4.5200, 8.5594
(31, 16): 0.2136, 4.4500, 19.9734
(31, 17): 0.1286, 4.4700, 3.7049
(31, 18): 0.0707, 4.4200, 7.7960
(31, 19): 0.0707, 4.4200, 7.7960
(31, 20): 0.1351, 4.4200, 45.0068
(31, 21): 0.0343, 4.4100, 11.3019
(31, 22): 0.0343, 4.4100, 11.3019
(31, 23): -0.0038, 4.4200, 8.9368
(31, 24): -0.0038, 4.4200, 8.9368
(31, 25): -0.0038, 4.4200, 8.9368
(31, 26): -0.0038, 4.4200, 8.9368
(31, 27): -0.0038, 4.4200, 8.9368
(32, 1): 0.1143, 4.4200, 28.8985
(32, 2): 0.1143, 4.4200, 28.8985
(32, 3): 0.0096, 4.4100, 14.4336
(32, 4): -0.0166, 4.4400, 12.3060
(32, 5): 0.0950, 4.4800, 45.6270
(32, 6): 0.1332, 4.4300, 38.7539
(32, 7): 0.0687, 4.4200, 11.0092
(32, 8): 0.0687, 4.4200, 11.0092
(32, 9): 0.0687, 4.4200, 11.0092
(32, 10): 0.0379, 4.4100, 3.8494
(32, 11): 0.0379, 4.4100, 3.8494
(32, 12): 0.1422, 4.5200, 8.5594
(32, 13): 0.1422, 4.5200, 8.5594
(32, 14): 0.1422, 4.5200, 8.5594
(32, 15): 0.1422, 4.5200, 8.5594
(32, 16): 0.2136, 4.4500, 19.9734
(32, 17): 0.0818, 4.4400, 12.0985
(32, 18): 0.0818, 4.4400, 12.0985
(32, 19): 0.0818, 4.4400, 12.0985
(32, 20): 0.1816, 4.5700, 50.8260
(32, 21): 0.1038, 4.4500, 35.9724
(32, 22): -0.0038, 4.4200, 8.9368
(32, 23): -0.0038, 4.4200, 8.9368
(32, 24): -0.0038, 4.4200, 8.9368
(32, 25): -0.0038, 4.4200, 8.9368
(32, 26): -0.0038, 4.4200, 8.9368
(32, 27): -0.0038, 4.4200, 8.9368
(33, 1): 0.1143, 4.4200, 28.8985
(33, 2): 0.1143, 4.4200, 28.8985
(33, 3): 0.0096, 4.4100, 14.4336
(33, 4): -0.0166, 4.4400, 12.3060
(33, 5): 0.0950, 4.4800, 45.6270
(33, 6): 0.1332, 4.4300, 38.7539
(33, 7): 0.0687, 4.4200, 11.0092
(33, 8): 0.0687, 4.4200, 11.0092
(33, 9): 0.0687, 4.4200, 11.0092
(33, 10): 0.0687, 4.4200, 11.0092
(33, 11): 0.0379, 4.4100, 3.8494
(33, 12): 0.1422, 4.5200, 8.5594
(33, 13): 0.1422, 4.5200, 8.5594
(33, 14): 0.1422, 4.5200, 8.5594
(33, 15): 0.1422, 4.5200, 8.5594
(33, 16): 0.1446, 4.4100, 32.5103
(33, 17): 0.1446, 4.4100, 32.5103
(33, 18): 0.1446, 4.4100, 32.5103
(33, 19): 0.1446, 4.4100, 32.5103
(33, 20): 0.1704, 4.5900, 54.4975
(33, 21): 0.1614, 4.5600, 53.4644
(33, 22): 0.0754, 4.4600, 23.4473
(33, 23): 0.0754, 4.4600, 23.4473
(33, 24): 0.0754, 4.4600, 23.4473
(33, 25): 0.0754, 4.4600, 23.4473
(33, 26): 0.0754, 4.4600, 23.4473
(33, 27): 0.0754, 4.4600, 23.4473
(34, 1): 0.1143, 4.4200, 28.8985
(34, 2): 0.1143, 4.4200, 28.8985
(34, 3): 0.0096, 4.4100, 14.4336
(34, 4): -0.0166, 4.4400, 12.3060
(34, 5): 0.0950, 4.4800, 45.6270
(34, 6): 0.1332, 4.4300, 38.7539
(34, 7): 0.0687, 4.4200, 11.0092
(34, 8): 0.0687, 4.4200, 11.0092
(34, 9): 0.0687, 4.4200, 11.0092
(34, 10): 0.0687, 4.4200, 11.0092
(34, 11): 0.0687, 4.4200, 11.0092
(34, 12): 0.1422, 4.5200, 8.5594
(34, 13): 0.1422, 4.5200, 8.5594
(34, 14): 0.1263, 4.4100, 28.8560
(34, 15): 0.1263, 4.4100, 28.8560
(34, 16): 0.1263, 4.4100, 28.8560
(34, 17): 0.1263, 4.4100, 28.8560
(34, 18): 0.1263, 4.4100, 28.8560
(34, 19): 0.1263, 4.4100, 28.8560
(34, 20): 0.1591, 4.4500, 53.9772
(34, 21): 0.1687, 4.5100, 54.2647
(34, 22): 0.0787, 4.4300, 9.0883
(34, 23): 0.0787, 4.4300, 9.0883
(34, 24): 0.0787, 4.4300, 9.0883
(34, 25): 0.0787, 4.4300, 9.0883
(34, 26): 0.0787, 4.4300, 9.0883
(34, 27): 0.0787, 4.4300, 9.0883
