(10, 10): 0.1183, 3.0100, 23.9800
(10, 11): -0.0155, 3.0300, 10.4650
(10, 12): 0.1179, 3.0100, 24.7172
(10, 14): 0.1046, 3.0200, 3.3575
(10, 15): 0.2909, 3.0300, 31.4937
(10, 16): 0.2943, 3.0300, 34.2327
(10, 17): 0.3365, 3.1300, 35.9874
(10, 18): 0.3331, 3.1400, 38.3219
(10, 19): 0.3275, 3.0500, 38.6640
(10, 20): 0.3127, 3.0200, 39.8408
(10, 21): 0.3142, 3.0300, 42.6343
(10, 22): 0.3230, 3.0700, 43.0614
(10, 23): 0.3418, 3.0100, 42.1267
(10, 24): 0.3062, 3.0300, 43.4108
(10, 25): 0.3232, 3.1200, 39.4186
(10, 26): 0.2772, 3.0300, 37.9573
(11, 10): 0.1768, 3.1100, 30.7153
(11, 11): 0.2228, 3.0200, 39.1704
(11, 12): 0.2792, 3.0100, 36.4234
(11, 13): -0.0056, 3.0500, 14.6552
(11, 16): 0.1354, 3.0300, 7.1111
(11, 17): 0.3150, 3.0800, 38.0181
(11, 18): 0.3020, 3.0400, 39.3603
(11, 19): 0.3088, 3.0100, 39.4639
(11, 20): 0.3175, 3.0700, 39.5373
(11, 21): 0.3122, 3.0600, 42.8834
(11, 22): 0.3082, 3.0200, 43.8221
(11, 23): 0.3231, 3.1100, 40.8904
(11, 24): 0.2866, 3.0300, 42.0320
(11, 25): 0.3289, 3.0600, 38.2805
(11, 26): 0.2420, 3.0600, 38.6842
(12, 10): 0.2205, 3.0200, 37.8323
(12, 11): 0.2597, 3.0500, 39.5675
(12, 12): 0.3105, 3.0100, 37.8147
(12, 13): 0.1869, 3.0100, 35.0412
(12, 14): 0.1517, 3.0600, 22.5851
(12, 16): 0.1392, 3.0100, 12.8638
(12, 17): 0.3166, 3.1200, 37.7686
(12, 18): 0.2711, 3.0500, 42.4627
(12, 19): 0.3060, 3.0100, 40.4265
(12, 20): 0.3591, 3.0400, 38.2738
(12, 21): 0.3391, 3.0200, 41.3203
(12, 22): 0.3402, 3.1500, 41.8234
(12, 23): 0.2970, 3.0800, 42.0165
(12, 24): 0.2746, 3.0300, 36.6578
(12, 25): 0.1425, 3.0200, 13.9706
(12, 26): 0.1359, 3.0200, 12.8769
(13, 10): 0.3012, 3.0600, 37.4237
(13, 11): 0.2197, 3.0600, 43.7762
(13, 12): 0.1556, 3.0200, 46.7819
(13, 13): 0.1866, 3.0200, 36.4747
(13, 14): 0.0960, 3.0400, 7.6821
(13, 16): 0.0345, 3.0700, 7.6538
(13, 17): 0.1977, 3.0400, 35.2007
(13, 18): 0.2196, 3.0300, 41.2374
(13, 19): 0.3040, 3.0200, 41.9720
(13, 20): 0.3272, 3.0100, 41.2590
(13, 21): 0.3649, 3.0300, 39.5309
(13, 22): 0.3343, 3.0800, 41.1012
(13, 23): 0.3156, 3.0500, 40.5343
(13, 24): 0.2648, 3.1800, 35.9160
(13, 25): 0.1164, 3.0400, 3.6493
(14, 10): 0.3192, 3.0300, 38.8148
(14, 11): 0.2434, 3.0300, 45.5378
(14, 12): 0.2094, 3.0300, 45.0284
(14, 13): 0.0270, 3.0100, 4.5390
(14, 15): 0.0471, 3.0100, 4.1138
(14, 16): 0.3985, 3.0300, 28.1295
(14, 17): 0.2358, 3.0800, 46.4030
(14, 18): 0.2722, 3.0400, 45.1590
(14, 19): 0.3186, 3.0300, 42.5290
(14, 20): 0.3306, 3.0100, 42.3481
(14, 21): 0.3526, 3.0100, 39.9866
(14, 22): 0.3113, 3.0500, 41.5525
(14, 23): 0.2900, 3.0100, 42.5009
(14, 24): 0.2401, 3.1200, 41.1332
(14, 25): 0.1335, 3.0300, 25.8070
(14, 26): 0.1550, 3.0400, 27.4466
(14, 27): 0.0032, 3.0100, 4.1779
(15, 9): 0.0114, 3.0300, 12.4492
(15, 10): 0.2727, 3.0200, 42.3651
(15, 11): 0.2112, 3.0900, 48.4206
(15, 12): 0.3067, 3.0300, 41.9790
(15, 13): 0.1376, 3.0700, 17.4135
(15, 14): 0.1114, 3.0300, 3.9125
(15, 15): 0.2698, 3.0100, 34.8448
(15, 16): 0.2838, 3.0100, 42.4164
(15, 17): 0.2346, 3.0300, 43.4295
(15, 18): 0.2224, 3.0100, 42.4337
(15, 19): 0.2768, 3.1500, 45.3228
(15, 20): 0.2581, 3.1500, 46.4980
(15, 21): 0.2971, 3.0300, 42.9394
(15, 22): 0.2680, 3.0300, 43.5585
(15, 23): 0.2585, 3.0600, 44.1436
(15, 24): 0.1965, 3.1300, 48.2346
(15, 25): 0.1803, 3.0100, 50.2595
(15, 26): 0.2616, 3.0100, 43.5873
(15, 27): 0.2705, 3.0200, 26.8301
(16, 9): 0.0941, 3.0400, 17.5005
(16, 10): 0.2632, 3.0500, 43.6686
(16, 11): 0.2835, 3.0400, 44.3540
(16, 12): 0.2037, 3.0300, 46.7792
(16, 13): 0.1153, 3.0400, 18.1108
(16, 14): 0.3678, 3.1000, 36.6126
(16, 15): 0.3715, 3.0400, 38.0090
(16, 16): 0.3151, 3.0300, 36.3988
(16, 17): 0.2192, 3.1100, 40.3138
(16, 18): 0.2485, 3.0600, 47.0459
(16, 19): 0.2373, 3.0200, 48.4421
(16, 20): 0.2705, 3.0200, 44.5666
(16, 21): 0.2715, 3.1300, 43.0219
(16, 22): 0.2949, 3.0900, 43.2243
(16, 23): 0.1784, 3.0900, 51.4079
(16, 24): 0.2201, 3.0200, 48.3685
(16, 25): 0.2123, 3.0200, 49.9268
(16, 26): 0.2543, 3.0100, 45.9923
(16, 27): 0.1865, 3.0300, 27.8055
(17, 9): 0.1915, 3.0700, 32.8282
(17, 10): 0.2245, 3.0600, 46.4522
(17, 11): 0.2103, 3.0300, 49.5940
(17, 12): 0.2817, 3.0100, 45.6349
(17, 13): 0.2483, 3.0900, 39.8795
(17, 14): 0.2839, 3.0200, 34.7429
(17, 15): 0.2830, 3.0100, 39.4424
(17, 16): 0.2383, 3.0900, 41.8807
(17, 17): 0.2320, 3.0500, 48.9863
(17, 18): 0.2043, 3.0300, 50.8856
(17, 19): 0.2091, 3.0500, 51.1615
(17, 20): 0.2428, 3.0400, 47.9510
(17, 21): 0.2502, 3.0500, 45.8475
(17, 22): 0.2049, 3.0200, 50.1069
(17, 23): 0.1964, 3.0200, 49.0766
(17, 24): 0.2494, 3.0300, 45.8938
(17, 25): 0.2749, 3.0400, 47.0335
(17, 26): 0.2687, 3.0200, 38.9363
(18, 8): 0.0401, 3.0200, 4.4533
(18, 9): 0.2104, 3.0100, 44.2759
(18, 10): 0.2417, 3.0400, 45.9393
(18, 11): 0.2180, 3.1000, 48.1741
(18, 12): 0.2800, 3.0200, 44.3171
(18, 13): 0.2633, 3.0300, 45.7184
(18, 14): 0.2921, 3.0200, 44.8417
(18, 15): 0.3042, 3.0300, 44.4090
(18, 16): 0.2662, 3.2500, 45.5482
(18, 17): 0.2474, 3.0100, 46.4113
(18, 18): 0.1957, 3.0400, 51.4139
(18, 19): 0.2037, 3.0300, 52.7444
(18, 20): 0.2287, 3.0300, 49.1724
(18, 21): 0.2400, 3.0500, 46.5308
(18, 22): 0.2309, 3.0100, 47.8293
(18, 23): 0.1874, 3.0300, 52.1430
(18, 24): 0.2196, 3.0700, 49.4950
(18, 25): 0.2604, 3.0100, 41.6686
(18, 26): 0.1327, 3.0400, 12.0437
(19, 8): 0.1784, 3.0200, 26.3357
(19, 9): 0.2518, 3.0100, 47.1699
(19, 10): 0.3153, 3.0200, 43.0476
(19, 11): 0.2883, 3.2700, 42.8632
(19, 12): 0.2286, 3.0100, 47.1695
(2, 20): 0.0010, 3.0900, 7.0764
(2, 21): 0.0724, 3.0300, 6.0461
(3, 16): 0.0550, 3.0600, 13.1215
(3, 17): 0.0847, 3.0100, 13.2626
(3, 18): 0.0565, 3.0300, 7.1351
(3, 19): 0.1380, 3.0200, 11.6051
(3, 20): 0.0232, 3.0300, 7.1427
(3, 21): 0.0270, 3.0100, 10.4758
(3, 22): 0.1588, 3.0200, 24.7737
(3, 23): 0.2815, 3.0100, 34.0766
(3, 24): 0.2598, 3.0200, 29.7255
(4, 13): 0.0177, 3.0200, 10.2587
(4, 14): 0.1629, 3.0300, 19.0751
(4, 15): 0.0222, 3.0700, 10.2594
(4, 16): 0.0418, 3.0100, 10.8435
(4, 17): 0.0657, 3.0200, 10.7439
(4, 18): 0.2410, 3.0700, 25.7052
(4, 19): 0.2118, 3.0200, 33.6585
(4, 20): 0.2332, 3.0300, 38.6397
(4, 21): 0.2627, 3.0300, 37.2706
(4, 22): 0.3036, 3.0800, 35.0206
(4, 23): 0.2747, 3.0200, 36.4895
(4, 24): 0.3194, 3.0200, 33.6324
(4, 25): 0.2532, 3.0100, 24.1226
(4, 26): 0.0014, 3.0100, 7.6957
(5, 13): 0.0294, 3.0300, 13.6024
(5, 16): 0.1957, 3.0300, 20.9247
(5, 17): 0.3209, 3.0100, 35.0851
(5, 18): 0.3164, 3.0900, 35.6287
(5, 19): 0.2624, 3.0100, 40.5797
(5, 20): 0.2209, 3.0600, 42.0863
(5, 21): 0.2882, 3.0300, 37.3681
(5, 22): 0.3179, 3.0500, 35.7465
(5, 23): 0.2858, 3.1200, 37.1618
(5, 24): 0.2870, 3.1700, 37.1655
(5, 25): 0.3315, 3.0500, 35.9195
(5, 26): 0.3376, 3.0100, 32.7170
(5, 27): 0.0480, 3.0100, 13.6593
(6, 11): 0.0929, 3.0400, 14.8280
(6, 12): -0.0382, 3.0100, 7.4138
(6, 15): 0.2278, 3.0300, 23.4210
(6, 16): 0.3405, 3.0800, 32.5677
(6, 17): 0.2814, 3.0100, 36.8990
(6, 18): 0.2370, 3.0100, 40.1182
(6, 19): 0.2204, 3.0100, 42.4148
(6, 20): 0.2133, 3.0900, 43.0235
(6, 21): 0.3041, 3.0600, 38.5668
(6, 22): 0.2987, 3.0100, 38.8609
(6, 23): 0.2840, 3.0700, 38.6709
(6, 24): 0.3520, 3.0300, 34.4400
(6, 25): 0.2865, 3.0100, 40.0135
(6, 26): 0.2973, 3.0400, 37.3665
(6, 27): 0.0842, 3.0300, 15.9888
(7, 10): -0.0680, 3.0100, 3.7751
(7, 11): 0.0604, 3.0500, 15.8357
(7, 15): 0.3284, 3.0100, 31.9831
(7, 16): 0.2841, 3.0500, 35.5670
(7, 17): 0.2537, 3.1300, 38.4935
(7, 18): 0.2505, 3.0500, 40.2101
(7, 19): 0.2492, 3.0200, 41.9260
(7, 20): 0.3237, 3.0700, 38.9232
(7, 21): 0.3203, 3.0100, 40.9475
(7, 22): 0.2167, 3.0600, 44.4345
(7, 23): 0.3459, 3.0400, 38.3628
(7, 24): 0.3677, 3.0100, 37.0860
(7, 25): 0.2738, 3.0800, 39.6608
(7, 26): 0.2561, 3.0400, 38.8775
(7, 27): 0.2179, 3.1000, 25.8850
(8, 10): 0.0881, 3.0200, 23.1638
(8, 11): 0.0878, 3.0000, 21.3546
(8, 14): 0.0408, 3.0100, 12.6034
(8, 15): 0.5476, 3.0100, 23.3220
(8, 16): 0.2506, 3.0300, 38.4753
(8, 17): 0.3054, 3.0900, 36.2045
(8, 18): 0.3005, 3.0300, 38.9284
(8, 19): 0.3491, 3.0100, 36.9316
(8, 20): 0.3300, 3.0200, 39.7029
(8, 21): 0.2924, 3.0300, 43.0789
(8, 22): 0.3034, 3.0100, 42.3502
(8, 23): 0.3353, 3.1200, 41.1757
(8, 24): 0.3254, 3.0100, 40.7894
(8, 25): 0.2983, 3.1000, 39.7424
(8, 26): 0.2743, 3.0100, 39.7372
(8, 27): 0.2491, 3.0500, 22.5527
(9, 10): 0.1123, 3.0300, 22.3264
(9, 11): -0.0084, 3.0400, 3.5479
(9, 15): 0.4626, 3.0300, 23.7648
(9, 16): 0.2941, 3.0100, 36.4834
(9, 17): 0.3308, 3.0400, 35.1131
(9, 18): 0.4053, 3.0100, 34.3652
(9, 19): 0.3607, 3.0300, 36.6670
(9, 20): 0.2952, 3.0300, 41.9591
(9, 21): 0.2729, 3.0200, 45.1884
(9, 22): 0.3253, 3.0600, 43.0385
(9, 23): 0.3226, 3.0100, 43.0167
(9, 24): 0.3440, 3.0400, 40.5675
(9, 25): 0.3599, 3.0300, 38.6670
(9, 26): 0.3290, 3.0100, 36.9355
(9, 27): 0.0693, 3.0200, 10.5056
(19, 13): 0.2828, 3.0100, 43.3525
(19, 14): 0.2807, 3.0700, 44.4072
(19, 15): 0.2912, 3.0700, 45.0252
(19, 16): 0.2688, 3.0700, 45.6901
(19, 17): 0.2523, 3.0600, 45.5174
(19, 18): 0.1926, 3.0200, 52.0347
(19, 19): 0.1931, 3.0200, 53.5641
(19, 20): 0.1746, 3.0200, 53.7847
(19, 21): 0.2096, 3.0200, 48.9139
(19, 22): 0.2434, 3.0500, 48.2918
(19, 23): 0.1967, 3.0200, 52.8274
(19, 24): 0.2210, 3.0900, 51.0434
(19, 25): 0.2362, 3.0200, 32.1213
(19, 26): 0.0894, 3.0100, 4.3181
(20, 7): 0.0092, 3.0100, 12.9922
(20, 8): 0.2648, 3.0500, 45.6591
(20, 9): 0.2634, 3.0100, 47.0206
(20, 10): 0.2995, 3.0600, 43.7247
(20, 11): 0.2892, 3.0400, 43.3563
(20, 12): 0.2668, 3.0300, 44.9751
(20, 13): 0.2726, 3.1800, 43.8796
(20, 14): 0.2847, 3.0100, 42.9992
(20, 15): 0.2957, 3.0600, 44.1191
(20, 16): 0.2628, 3.0700, 45.8164
(20, 17): 0.2355, 3.1100, 46.4405
(20, 18): 0.2082, 3.0100, 50.0802
(20, 19): 0.1819, 3.0300, 53.3274
(20, 20): 0.1799, 3.0300, 53.2442
(20, 21): 0.2489, 3.0500, 47.2793
(20, 22): 0.2376, 3.0400, 48.8337
(20, 23): 0.2025, 3.0800, 51.9309
(20, 24): 0.2410, 3.0300, 50.8622
(20, 25): 0.2740, 3.0100, 44.9938
(20, 26): 0.1369, 3.0600, 11.4861
(21, 6): 0.0109, 3.0300, 12.8993
(21, 7): 0.2195, 3.0300, 41.8073
(21, 8): 0.2206, 3.0200, 49.3820
(21, 9): 0.2606, 3.0700, 48.0901
(21, 10): 0.3444, 3.0500, 42.3726
(21, 11): 0.3095, 3.1100, 42.9555
(21, 12): 0.3091, 3.1500, 41.8369
(21, 13): 0.2420, 3.0500, 44.6527
(21, 14): 0.2372, 3.0100, 45.8669
(21, 15): 0.2637, 3.2000, 44.7967
(21, 16): 0.2341, 3.0200, 45.2991
(21, 17): 0.2269, 3.0200, 44.6396
(21, 18): 0.2183, 3.0100, 46.9330
(21, 19): 0.2217, 3.0200, 47.3586
(21, 20): 0.2252, 3.0800, 47.6293
(21, 21): 0.2155, 3.0100, 39.4029
(21, 22): 0.1944, 3.0300, 41.7460
(21, 23): 0.2603, 3.0200, 37.7407
(21, 24): 0.1820, 3.0300, 21.3308
(22, 6): 0.1745, 3.1800, 31.1434
(22, 7): 0.2746, 3.0200, 43.0502
(22, 8): 0.2578, 3.0200, 44.8762
(22, 9): 0.2704, 3.0600, 45.2913
(22, 10): 0.2980, 3.0300, 43.1870
(22, 11): 0.2547, 3.0200, 45.2991
(22, 12): 0.2368, 3.0100, 45.8769
(22, 13): 0.1711, 3.0100, 51.8779
(22, 14): 0.2111, 3.1000, 48.0332
(22, 15): 0.1769, 3.0400, 49.8835
(22, 16): 0.1889, 3.0200, 47.3593
(22, 17): 0.1830, 3.1100, 47.0878
(22, 18): 0.1797, 3.0900, 48.0087
(22, 19): 0.1854, 3.1800, 48.2116
(22, 20): 0.1427, 3.0200, 38.8961
(22, 21): 0.0164, 3.0600, 9.3067
(23, 5): 0.0690, 3.0200, 14.1494
(23, 6): 0.1776, 3.0400, 26.5112
(23, 7): 0.2275, 3.0184, 32.8133
(23, 8): 0.2257, 3.0600, 42.3640
(23, 9): 0.2189, 3.0700, 46.0683
(23, 10): 0.2426, 3.0200, 44.0628
(23, 11): 0.2644, 3.0100, 43.6302
(23, 12): 0.2281, 3.1600, 45.8000
(23, 13): 0.2031, 3.0200, 47.8991
(23, 14): 0.1791, 3.0100, 48.6946
(23, 15): 0.2066, 3.0100, 46.6575
(23, 16): 0.2193, 3.0700, 45.5233
(23, 17): 0.2090, 3.0400, 46.4587
(23, 18): 0.1961, 3.0700, 47.0592
(23, 19): 0.2030, 3.0100, 47.8050
(23, 20): 0.1353, 3.0500, 42.8354
(24, 4): 0.0516, 3.0700, 11.0343
(24, 5): 0.0963, 3.0500, 19.8178
(24, 6): 0.1263, 3.0200, 19.2253
(24, 7): 0.2423, 3.0100, 36.2721
(24, 8): 0.1716, 3.0500, 29.2058
(24, 9): 0.1356, 3.0400, 41.5330
(24, 10): 0.1336, 3.0500, 40.6152
(24, 11): 0.2023, 3.0200, 45.6409
(24, 12): 0.2172, 3.0900, 48.7630
(24, 13): 0.1623, 3.0500, 50.5592
(24, 14): 0.1901, 3.0100, 47.8785
(24, 15): 0.2303, 3.0300, 46.3022
(24, 16): 0.2808, 3.1300, 42.9341
(24, 17): 0.2085, 3.0500, 47.9890
(24, 18): 0.1972, 3.0400, 48.7265
(24, 19): 0.1551, 3.0800, 51.7554
(24, 20): 0.1862, 3.0700, 47.8957
(24, 21): 0.1199, 3.1200, 30.9495
(25, 4): 0.1739, 3.0100, 25.1598
(25, 5): 0.1636, 3.0200, 31.6021
(25, 6): 0.2140, 3.0900, 38.3468
(25, 7): 0.1247, 3.0200, 23.0021
(25, 8): 0.1519, 3.0100, 38.8144
(25, 9): 0.1674, 3.0100, 44.3665
(25, 10): 0.1667, 3.1800, 47.5214
(25, 11): 0.1811, 3.0900, 48.0513
(25, 12): 0.1761, 3.0200, 48.2917
(25, 13): 0.1707, 3.0600, 48.2214
(25, 14): 0.1661, 3.0300, 51.2143
(25, 15): 0.2416, 3.0800, 46.2888
(25, 16): 0.2970, 3.0400, 43.1013
(25, 17): 0.2450, 3.0100, 45.8270
(25, 18): 0.1984, 3.0500, 48.4873
(25, 19): 0.2190, 3.0600, 47.0473
(25, 20): 0.2257, 3.0100, 46.7457
(25, 21): 0.2725, 3.0100, 42.4011
(25, 22): 0.1224, 3.0400, 21.2400
(26, 2): -0.0271, 3.0200, 3.6885
(26, 3): 0.0235, 3.0100, 20.7142
(26, 4): 0.1006, 3.0200, 27.7180
(26, 5): 0.0780, 3.0300, 27.4082
(26, 6): 0.1229, 3.0100, 23.7549
(26, 7): 0.1760, 3.0200, 40.2219
(26, 8): 0.1419, 3.0300, 47.3347
(26, 9): 0.1194, 3.0100, 50.7601
(26, 10): 0.1742, 3.1100, 46.8443
(26, 11): 0.1578, 3.0600, 49.9926
(26, 12): 0.1706, 3.0500, 48.0058
(26, 13): 0.1800, 3.2200, 48.4894
(26, 14): 0.2325, 3.0500, 49.4112
(26, 15): 0.2126, 3.0300, 47.2947
(26, 16): 0.2413, 3.0400, 45.5907
(26, 17): 0.2405, 3.0500, 45.4023
(26, 18): 0.2220, 3.0200, 46.0637
(26, 19): 0.2260, 3.1000, 45.2562
(26, 20): 0.2121, 3.0200, 47.0011
(26, 21): 0.2259, 3.0200, 46.0660
(26, 22): 0.2312, 3.0400, 34.1921
(27, 2): 0.0039, 3.0400, 20.4687
(27, 3): 0.1222, 3.0700, 44.6310
(27, 4): 0.1714, 3.0100, 46.8361
(27, 5): 0.1086, 3.1000, 55.0245
(27, 6): 0.1138, 3.0300, 42.1037
(27, 7): 0.0659, 3.0200, 17.3240
(27, 8): 0.1131, 3.0200, 40.6724
(27, 9): 0.1078, 3.0200, 38.0310
(27, 10): 0.1648, 3.0100, 36.6963
(27, 11): 0.1911, 3.0300, 36.1083
(27, 12): 0.0995, 3.0400, 24.1582
(27, 13): 0.1460, 3.0600, 41.6648
(27, 14): 0.1976, 3.0400, 31.6776
(27, 15): 0.2449, 3.0600, 44.7688
(27, 16): 0.2212, 3.0200, 45.3772
(27, 17): 0.2372, 3.0200, 44.7673
(27, 18): 0.2074, 3.0100, 46.2575
(27, 19): 0.1998, 3.0100, 47.3076
(27, 20): 0.1902, 3.0200, 47.6004
(27, 21): 0.2390, 3.1500, 44.0334
(27, 22): 0.1871, 3.0200, 36.5300
(28, 2): -0.0507, 3.0100, 3.8399
(28, 3): 0.0103, 3.0200, 25.1256
(28, 4): 0.0706, 3.0299, 25.7078
(28, 5): 0.1159, 3.0500, 40.7964
(28, 6): 0.0835, 3.0100, 23.7356
(28, 7): 0.0820, 3.0300, 24.2258
(28, 8): 0.1660, 3.0400, 32.7066
(28, 9): 0.1295, 3.0300, 26.8317
(28, 14): 0.1029, 3.1500, 11.4129
(28, 15): 0.2721, 3.0600, 40.7367
(28, 16): 0.2440, 3.0800, 44.1760
(28, 17): 0.1994, 3.0200, 45.4924
(28, 18): 0.1739, 3.0300, 45.7970
(28, 19): 0.1745, 3.0100, 46.6060
(28, 20): 0.1934, 3.0300, 46.4229
(28, 21): 0.2326, 3.0100, 44.5329
(28, 22): 0.1321, 3.0100, 20.6722
(29, 2): 0.1701, 3.0300, 42.1928
(29, 3): 0.1449, 3.0800, 47.8907
(29, 4): 0.0945, 3.0200, 42.2775
(29, 5): 0.0449, 3.0200, 38.7980
(29, 6): 0.1607, 3.0700, 48.2172
(29, 7): 0.1524, 3.0500, 39.3313
(29, 8): 0.0317, 3.0100, 3.8530
(29, 15): 0.1538, 3.0300, 8.1573
(29, 16): 0.2322, 3.0700, 18.9666
(29, 17): 0.0528, 3.0100, 4.1834
(29, 18): 0.1319, 3.0200, 37.5429
(29, 19): 0.1874, 3.0200, 45.7432
(29, 20): 0.2135, 3.3400, 44.1611
(29, 21): 0.1662, 3.0100, 46.9608
(29, 22): 0.0796, 3.1700, 10.6330
(30, 2): 0.1573, 3.0100, 26.6037
(30, 3): 0.0312, 3.0200, 13.7710
(30, 4): 0.0088, 3.0600, 11.6878
(30, 5): 0.1460, 3.0500, 41.3605
(30, 6): 0.1538, 3.0300, 37.0486
(30, 7): 0.0651, 3.0200, 11.0087
(30, 19): 0.0986, 3.0300, 10.0513
(30, 20): 0.1876, 3.0700, 35.8613
(30, 21): 0.1552, 3.0600, 42.6065
(30, 22): 0.0944, 3.0100, 13.2675
(31, 19): 0.0621, 3.0100, 7.7558
(31, 20): 0.2000, 3.0200, 40.0265
(31, 21): 0.0700, 3.0100, 10.5658
(32, 19): 0.0762, 3.0800, 12.1344
(32, 20): 0.2133, 3.1100, 47.9194
(32, 21): 0.1431, 3.0200, 33.4734
(32, 22): -0.0271, 3.0700, 9.2809
(33, 19): 0.1894, 3.0100, 29.8457
(33, 20): 0.2108, 3.0100, 50.6112
(33, 21): 0.2151, 3.1700, 49.8321
(33, 22): 0.0875, 3.0100, 22.8484
(34, 19): 0.1584, 3.0600, 27.0540
(34, 20): 0.2074, 3.0200, 49.4264
(34, 21): 0.1876, 3.0700, 52.2000
(34, 22): 0.0882, 3.0700, 8.8339
