(9, 1): 0.4612, 0.1000, 1.8582, 0.2699
(9, 2): 0.4612, 0.1000, 1.8582, 0.2699
(9, 3): 0.3827, 0.1007, 2.3394, 0.3209
(9, 4): 0.2086, 0.1003, 3.2201, 0.2194
(9, 5): 0.2086, 0.1003, 3.2201, 0.2194
(9, 6): 0.1800, 0.1006, 3.4942, 0.2389
(9, 7): 0.3455, 0.1003, 2.7170, 0.2533
(9, 8): 0.3455, 0.1003, 2.7170, 0.2533
(9, 9): 0.3870, 0.1004, 2.5769, 0.3069
(9, 10): 0.5612, 0.1007, 1.8722, 0.2729
(9, 11): 0.5246, 0.1016, 1.8379, 0.2744
(9, 12): 0.5246, 0.1016, 1.8379, 0.2744
(9, 13): 0.4312, 0.1001, 2.1278, 0.2725
(9, 14): 0.3681, 0.1007, 2.4065, 0.2810
(9, 15): 0.3681, 0.1007, 2.4065, 0.2810
(9, 16): 0.4674, 0.1022, 2.0801, 0.2537
(9, 17): 0.4461, 0.1002, 2.2459, 0.2773
(9, 18): 0.4461, 0.1002, 2.2459, 0.2773
(9, 19): 0.4314, 0.1003, 2.3996, 0.2880
(9, 20): 0.4545, 0.1006, 2.2946, 0.3257
(9, 21): 0.4603, 0.1000, 2.2101, 0.3124
(9, 22): 0.4603, 0.1000, 2.2101, 0.3124
(9, 23): 0.4112, 0.1005, 2.3893, 0.2806
(9, 24): 0.5674, 0.1006, 1.7730, 0.3002
(9, 25): 0.5674, 0.1006, 1.7730, 0.3002
(9, 26): 0.4266, 0.1002, 2.2042, 0.2965
(9, 27): 0.4679, 0.1011, 2.0343, 0.2600
(9, 28): 0.5038, 0.1005, 1.7777, 0.2906
(9, 29): 0.5038, 0.1005, 1.7777, 0.2906
(9, 30): 0.3645, 0.1006, 2.3132, 0.2740
(9, 31): 0.4773, 0.1002, 1.9451, 0.3231
(9, 32): 0.4773, 0.1002, 1.9451, 0.3231
(9, 33): 0.2848, 0.1011, 2.9975, 0.2341
(9, 34): 0.3429, 0.1025, 3.0983, 0.3120
(9, 35): 0.3440, 0.1003, 2.7637, 0.3028
(9, 36): 0.3440, 0.1003, 2.7637, 0.3028
(9, 37): 0.3996, 0.1004, 2.5116, 0.3076
(10, 1): 0.4330, 0.1002, 2.0138, 0.3113
(10, 2): 0.4330, 0.1002, 2.0138, 0.3113
(10, 3): 0.2345, 0.1018, 3.1185, 0.2245
(10, 4): 0.2696, 0.1003, 2.8612, 0.3516
(10, 5): 0.2696, 0.1003, 2.8612, 0.3516
(10, 6): 0.2752, 0.1020, 2.8420, 0.2762
(10, 7): 0.2799, 0.1004, 2.8383, 0.2674
(10, 8): 0.2799, 0.1004, 2.8383, 0.2674
(10, 9): 0.2441, 0.1001, 3.0032, 0.2592
(10, 10): 0.4333, 0.1000, 2.2531, 0.2976
(10, 11): 0.3682, 0.1006, 2.4264, 0.3512
(10, 12): 0.3682, 0.1006, 2.4264, 0.3512
(10, 13): 0.4273, 0.1001, 2.2585, 0.2762
(10, 14): 0.3892, 0.1001, 2.4596, 0.2485
(10, 15): 0.3892, 0.1001, 2.4596, 0.2485
(10, 16): 0.3798, 0.1003, 2.4858, 0.3061
(10, 17): 0.4499, 0.1020, 2.2067, 0.2999
(10, 18): 0.3177, 0.1008, 2.8072, 0.2526
(10, 19): 0.3177, 0.1008, 2.8072, 0.2526
(10, 20): 0.4322, 0.1004, 2.3094, 0.3006
(10, 21): 0.4125, 0.1009, 2.2993, 0.2869
(10, 22): 0.4125, 0.1009, 2.2993, 0.2869
(10, 23): 0.3122, 0.1000, 2.7825, 0.3098
(10, 24): 0.4155, 0.1003, 2.2904, 0.3098
(10, 25): 0.4155, 0.1003, 2.2904, 0.3098
(10, 26): 0.5494, 0.1013, 1.7824, 0.2947
(10, 27): 0.4297, 0.1003, 2.0796, 0.2707
(10, 28): 0.3842, 0.1010, 2.2228, 0.3320
(10, 29): 0.3842, 0.1010, 2.2228, 0.3320
(10, 30): 0.3937, 0.1000, 2.1907, 0.2928
(10, 31): 0.3453, 0.1009, 2.5321, 0.2688
(10, 32): 0.3453, 0.1009, 2.5321, 0.2688
(10, 33): 0.3155, 0.1003, 2.7410, 0.3124
(10, 34): 0.4088, 0.1000, 2.5592, 0.2714
(10, 35): 0.2766, 0.1005, 2.8751, 0.3113
(10, 36): 0.2766, 0.1005, 2.8751, 0.3113
(10, 37): 0.3501, 0.1003, 2.4287, 0.2755
(11, 1): 0.3848, 0.1005, 2.3629, 0.2755
(11, 2): 0.3848, 0.1005, 2.3629, 0.2755
(11, 3): 0.3686, 0.1006, 2.4816, 0.2788
(11, 4): 0.3393, 0.1001, 2.5733, 0.2489
(11, 5): 0.3393, 0.1001, 2.5733, 0.2489
(11, 6): 0.3139, 0.1006, 2.6560, 0.2541
(11, 7): 0.2052, 0.1006, 3.1723, 0.2655
(11, 8): 0.2052, 0.1006, 3.1723, 0.2655
(11, 9): 0.3446, 0.1001, 2.3490, 0.2758
(11, 10): 0.3198, 0.1004, 2.5245, 0.2766
(11, 11): 0.3671, 0.1008, 2.4157, 0.2707
(11, 12): 0.3671, 0.1008, 2.4157, 0.2707
(11, 13): 0.4597, 0.1003, 2.1678, 0.2559
(11, 14): 0.5359, 0.1001, 1.9211, 0.2766
(11, 15): 0.5359, 0.1001, 1.9211, 0.2766
(11, 16): 0.4018, 0.1004, 2.3950, 0.2696
(11, 17): 0.2314, 0.1017, 3.0465, 0.3386
(11, 18): 0.3758, 0.1005, 2.4742, 0.2485
(11, 19): 0.3758, 0.1005, 2.4742, 0.2485
(11, 20): 0.4503, 0.1011, 2.1457, 0.2585
(11, 21): 0.3969, 0.1000, 2.3778, 0.3013
(11, 22): 0.3969, 0.1000, 2.3778, 0.3013
(11, 23): 0.2840, 0.1001, 2.8603, 0.3035
(11, 24): 0.3825, 0.1012, 2.4867, 0.2086
(11, 25): 0.3825, 0.1012, 2.4867, 0.2086
(11, 26): 0.4930, 0.1001, 1.9822, 0.3083
(11, 27): 0.3433, 0.1002, 2.4333, 0.2999
(11, 28): 0.4228, 0.1002, 2.1966, 0.2795
(11, 29): 0.4228, 0.1002, 2.1966, 0.2795
(11, 30): 0.3480, 0.1005, 2.3830, 0.3231
(11, 31): 0.3156, 0.1001, 2.6292, 0.2788
(11, 32): 0.3156, 0.1001, 2.6292, 0.2788
(11, 33): 0.3562, 0.1000, 2.5729, 0.2939
(11, 34): 0.3736, 0.1004, 2.6404, 0.3035
(11, 35): 0.4061, 0.1014, 2.4745, 0.3309
(11, 36): 0.4061, 0.1014, 2.4745, 0.3309
(11, 37): 0.5311, 0.1010, 1.9284, 0.2862
(12, 1): 0.3730, 0.1003, 2.4269, 0.2415
(12, 2): 0.3730, 0.1003, 2.4269, 0.2415
(12, 3): 0.3677, 0.1009, 2.4598, 0.2500
(12, 4): 0.3498, 0.1008, 2.5306, 0.2507
(12, 5): 0.3498, 0.1008, 2.5306, 0.2507
(12, 6): 0.3359, 0.1001, 2.5741, 0.3209
(12, 7): 0.2611, 0.1000, 2.8424, 0.2784
(12, 8): 0.2611, 0.1000, 2.8424, 0.2784
(12, 9): 0.3818, 0.1000, 2.1711, 0.2903
(12, 10): 0.4102, 0.1005, 2.0982, 0.2552
(12, 11): 0.5916, 0.1010, 1.7185, 0.2696
(12, 12): 0.5916, 0.1010, 1.7185, 0.2696
(12, 13): 0.3443, 0.1002, 2.6110, 0.2659
(12, 14): 0.4643, 0.1000, 1.9875, 0.2925
(12, 15): 0.4643, 0.1000, 1.9875, 0.2925
(12, 16): 0.3497, 0.1006, 2.5232, 0.2570
(12, 17): 0.4149, 0.1007, 2.3281, 0.2718
(12, 18): 0.2412, 0.1008, 2.9271, 0.3283
(12, 19): 0.2412, 0.1008, 2.9271, 0.3283
(12, 20): 0.3903, 0.1016, 2.3050, 0.2829
(12, 21): 0.3833, 0.1021, 2.4312, 0.2843
(12, 22): 0.3833, 0.1021, 2.4312, 0.2843
(12, 23): 0.2309, 0.1016, 3.0264, 0.2548
(12, 24): 0.3708, 0.1008, 2.4287, 0.3154
(12, 25): 0.3708, 0.1008, 2.4287, 0.3154
(12, 26): 0.3823, 0.1001, 2.3708, 0.3357
(12, 27): 0.3665, 0.1000, 2.3414, 0.2832
(12, 28): 0.4555, 0.1009, 2.0457, 0.2954
(12, 29): 0.4555, 0.1009, 2.0457, 0.2954
(12, 30): 0.5357, 0.1004, 1.7116, 0.2729
(12, 31): 0.4517, 0.1004, 2.0337, 0.3165
(12, 32): 0.4517, 0.1004, 2.0337, 0.3165
(12, 33): 0.4104, 0.1015, 2.4345, 0.2696
(12, 34): 0.3285, 0.1003, 2.8195, 0.3172
(12, 35): 0.3285, 0.1003, 2.8195, 0.3172
(12, 36): 0.3717, 0.1003, 2.5825, 0.3168
(12, 37): 0.4656, 0.1001, 2.1114, 0.3087
(13, 1): 0.3265, 0.1000, 2.5624, 0.2803
(13, 2): 0.3265, 0.1000, 2.5624, 0.2803
(13, 3): 0.3213, 0.1002, 2.5948, 0.2555
(13, 4): 0.3400, 0.1001, 2.5446, 0.3161
(13, 5): 0.3400, 0.1001, 2.5446, 0.3161
(13, 6): 0.3234, 0.1007, 2.6057, 0.2297
(13, 7): 0.4917, 0.1015, 2.0654, 0.2589
(13, 8): 0.4917, 0.1015, 2.0654, 0.2589
(13, 9): 0.4496, 0.1003, 2.1815, 0.2984
(13, 10): 0.4480, 0.1007, 2.1702, 0.3198
(13, 11): 0.3625, 0.1007, 2.4489, 0.2736
(13, 12): 0.3625, 0.1007, 2.4489, 0.2736
(13, 13): 0.3443, 0.1002, 2.6110, 0.2659
(13, 14): 0.4643, 0.1000, 1.9875, 0.2925
(13, 15): 0.4643, 0.1000, 1.9875, 0.2925
(13, 16): 0.3497, 0.1006, 2.5232, 0.2570
(13, 17): 0.4149, 0.1007, 2.3281, 0.2718
(13, 18): 0.2412, 0.1008, 2.9271, 0.3283
(13, 19): 0.2412, 0.1008, 2.9271, 0.3283
(13, 20): 0.3903, 0.1016, 2.3050, 0.2829
(13, 21): 0.3833, 0.1021, 2.4312, 0.2843
(13, 22): 0.3833, 0.1021, 2.4312, 0.2843
(13, 23): 0.2309, 0.1016, 3.0264, 0.2548
(13, 24): 0.3708, 0.1008, 2.4287, 0.3154
(13, 25): 0.3708, 0.1008, 2.4287, 0.3154
(13, 26): 0.3823, 0.1001, 2.3708, 0.3357
(13, 27): 0.3665, 0.1000, 2.3414, 0.2832
(13, 28): 0.4555, 0.1009, 2.0457, 0.2954
(13, 29): 0.4555, 0.1009, 2.0457, 0.2954
(13, 30): 0.5357, 0.1004, 1.7116, 0.2729
(13, 31): 0.3835, 0.1005, 2.4041, 0.2751
(13, 32): 0.3835, 0.1005, 2.4041, 0.2751
(13, 33): 0.4063, 0.1008, 2.3296, 0.2651
(13, 34): 0.3784, 0.1009, 2.6131, 0.2810
(13, 35): 0.3784, 0.1009, 2.6131, 0.2810
(13, 36): 0.3644, 0.1003, 2.5112, 0.2666
(13, 37): 0.4271, 0.1005, 2.1102, 0.2951
(14, 1): 0.3386, 0.1003, 2.5086, 0.2463
(14, 2): 0.3386, 0.1003, 2.5086, 0.2463
(14, 3): 0.3276, 0.1002, 2.5445, 0.3117
(14, 4): 0.3125, 0.1002, 2.6394, 0.2592
(14, 5): 0.3125, 0.1002, 2.6394, 0.2592
(14, 6): 0.4712, 0.1012, 2.0932, 0.2452
(14, 7): 0.4917, 0.1015, 2.0654, 0.2589
(14, 8): 0.4496, 0.1003, 2.1815, 0.2984
(14, 9): 0.4496, 0.1003, 2.1815, 0.2984
(14, 10): 0.4480, 0.1007, 2.1702, 0.3198
(14, 11): 0.3625, 0.1007, 2.4489, 0.2736
(14, 12): 0.3625, 0.1007, 2.4489, 0.2736
(14, 13): 0.5088, 0.1001, 2.0315, 0.2784
(14, 14): 0.5571, 0.1006, 1.9265, 0.2777
(14, 15): 0.5571, 0.1006, 1.9265, 0.2777
(14, 16): 0.4226, 0.1000, 2.3346, 0.2526
(14, 17): 0.4678, 0.1003, 2.1530, 0.2836
(14, 18): 0.2917, 0.1007, 2.7747, 0.3154
(14, 19): 0.2917, 0.1007, 2.7747, 0.3154
(14, 20): 0.3524, 0.1004, 2.4985, 0.3386
(14, 21): 0.3069, 0.1016, 2.6632, 0.3194
(14, 22): 0.3069, 0.1016, 2.6632, 0.3194
(14, 23): 0.3099, 0.1002, 2.6454, 0.2666
(14, 24): 0.1888, 0.1007, 3.4188, 0.2744
(14, 25): 0.1888, 0.1007, 3.4188, 0.2744
(14, 26): 0.2970, 0.1018, 2.6627, 0.2847
(14, 27): 0.2815, 0.1005, 2.6669, 0.3660
(14, 28): 0.3550, 0.1014, 2.3560, 0.2862
(14, 29): 0.3550, 0.1014, 2.3560, 0.2862
(14, 30): 0.3600, 0.1001, 2.2712, 0.3146
(14, 31): 0.3835, 0.1005, 2.4041, 0.2751
(14, 32): 0.3835, 0.1005, 2.4041, 0.2751
(14, 33): 0.4063, 0.1008, 2.3296, 0.2651
(14, 34): 0.3784, 0.1009, 2.6131, 0.2810
(14, 35): 0.3784, 0.1009, 2.6131, 0.2810
(14, 36): 0.3644, 0.1003, 2.5112, 0.2666
(14, 37): 0.4323, 0.1007, 2.1967, 0.2991
(15, 1): 0.3094, 0.1007, 2.6173, 0.2500
(15, 2): 0.3094, 0.1007, 2.6173, 0.2500
(15, 3): 0.3276, 0.1002, 2.5445, 0.3117
(15, 4): 0.3125, 0.1002, 2.6394, 0.2592
(15, 5): 0.3125, 0.1002, 2.6394, 0.2592
(15, 6): 0.4712, 0.1012, 2.0932, 0.2452
(15, 7): 0.4817, 0.1000, 2.0645, 0.2869
(15, 8): 0.4918, 0.1011, 2.0413, 0.2707
(15, 9): 0.4918, 0.1011, 2.0413, 0.2707
(15, 10): 0.2807, 0.1015, 2.9654, 0.3143
(15, 11): 0.2301, 0.1008, 3.2278, 0.2895
(15, 12): 0.2301, 0.1008, 3.2278, 0.2895
(15, 13): 0.3644, 0.1003, 2.6390, 0.2936
(15, 14): 0.3300, 0.1002, 2.7683, 0.2976
(15, 15): 0.3300, 0.1002, 2.7683, 0.2976
(15, 16): 0.3572, 0.1000, 2.5211, 0.2906
(15, 17): 0.3495, 0.1011, 2.4870, 0.2973
(15, 18): 0.2975, 0.1015, 2.6899, 0.3213
(15, 19): 0.2975, 0.1015, 2.6899, 0.3213
(15, 20): 0.4043, 0.1000, 2.2923, 0.3161
(15, 21): 0.3672, 0.1000, 2.3766, 0.3191
(15, 22): 0.3672, 0.1000, 2.3766, 0.3191
(15, 23): 0.3222, 0.1002, 2.7490, 0.2947
(15, 24): 0.2784, 0.1001, 3.1269, 0.3250
(15, 25): 0.2784, 0.1001, 3.1269, 0.3250
(15, 26): 0.3133, 0.1004, 2.8482, 0.3139
(15, 27): 0.3794, 0.1000, 2.3423, 0.2832
(15, 28): 0.3921, 0.1005, 2.3339, 0.3213
(15, 29): 0.3921, 0.1005, 2.3339, 0.3213
(15, 30): 0.3322, 0.1004, 2.5691, 0.2803
(15, 31): 0.3926, 0.1002, 2.3551, 0.3061
(15, 32): 0.3926, 0.1002, 2.3551, 0.3061
(15, 33): 0.3770, 0.1001, 2.3955, 0.2714
(15, 34): 0.4638, 0.1001, 2.1142, 0.2740
(15, 35): 0.4638, 0.1001, 2.1142, 0.2740
(15, 36): 0.3661, 0.1000, 2.5021, 0.3179
(15, 37): 0.4323, 0.1007, 2.1967, 0.2991
(16, 1): 0.3094, 0.1007, 2.6173, 0.2500
(16, 2): 0.3094, 0.1007, 2.6173, 0.2500
(16, 3): 0.3281, 0.1004, 2.5598, 0.3394
(16, 4): 0.4422, 0.1005, 2.1812, 0.2426
(16, 5): 0.4422, 0.1005, 2.1812, 0.2426
(16, 6): 0.4508, 0.1007, 2.1824, 0.2855
(16, 7): 0.4750, 0.1001, 2.1318, 0.2659
(16, 8): 0.2980, 0.1010, 2.9489, 0.2530
(16, 9): 0.2980, 0.1010, 2.9489, 0.2530
(16, 10): 0.2847, 0.1015, 3.0053, 0.2470
(16, 11): 0.2468, 0.1014, 3.3501, 0.3106
(16, 12): 0.2468, 0.1014, 3.3501, 0.3106
(16, 13): 0.4062, 0.1008, 2.3991, 0.2843
(16, 14): 0.4065, 0.1001, 2.4881, 0.3006
(16, 15): 0.4065, 0.1001, 2.4881, 0.3006
(16, 16): 0.3751, 0.1006, 2.4639, 0.2747
(16, 17): 0.3349, 0.1009, 2.5126, 0.2467
(16, 18): 0.3889, 0.1016, 2.3451, 0.2592
(16, 19): 0.3889, 0.1016, 2.3451, 0.2592
(16, 20): 0.4897, 0.1013, 2.0882, 0.2659
(16, 21): 0.4310, 0.1010, 2.3925, 0.2869
(16, 22): 0.4310, 0.1010, 2.3925, 0.2869
(16, 23): 0.3992, 0.1002, 2.5269, 0.3172
(16, 24): 0.3335, 0.1003, 2.9647, 0.3028
(16, 25): 0.3335, 0.1003, 2.9647, 0.3028
(16, 26): 0.3503, 0.1008, 3.1114, 0.2991
(16, 27): 0.3415, 0.1009, 2.5809, 0.3357
(16, 28): 0.4135, 0.1007, 2.1519, 0.3021
(16, 29): 0.4135, 0.1007, 2.1519, 0.3021
(16, 30): 0.3306, 0.1004, 2.4655, 0.3043
(16, 31): 0.2757, 0.1004, 2.6622, 0.2662
(16, 32): 0.2757, 0.1004, 2.6622, 0.2662
(16, 33): 0.4029, 0.1001, 2.2741, 0.2884
(16, 34): 0.3846, 0.1008, 2.5487, 0.2559
(16, 35): 0.3846, 0.1008, 2.5487, 0.2559
(16, 36): 0.4312, 0.1005, 2.2501, 0.2873
(16, 37): 0.5182, 0.1005, 1.9943, 0.2917
(1, 1): 0.3755, 0.1002, 2.0856, 0.2648
(1, 2): 0.3755, 0.1002, 2.0856, 0.2648
(1, 3): 0.3384, 0.1009, 2.2564, 0.3143
(1, 4): 0.3384, 0.1009, 2.2564, 0.3143
(1, 5): 0.3863, 0.1003, 2.2267, 0.2962
(1, 6): 0.4111, 0.1020, 2.2766, 0.2895
(1, 7): 0.3502, 0.1008, 2.5536, 0.2227
(1, 8): 0.3502, 0.1008, 2.5536, 0.2227
(1, 9): 0.5533, 0.1003, 1.9183, 0.3109
(1, 10): 0.3884, 0.1001, 2.4851, 0.2747
(1, 11): 0.3884, 0.1001, 2.4851, 0.2747
(1, 12): 0.3787, 0.1005, 2.5105, 0.3032
(1, 13): 0.4621, 0.1001, 2.2223, 0.3091
(1, 14): 0.4850, 0.1000, 2.0975, 0.2770
(1, 15): 0.4850, 0.1000, 2.0975, 0.2770
(1, 16): 0.4974, 0.1001, 1.9593, 0.2862
(1, 17): 0.4371, 0.1005, 2.0839, 0.3253
(1, 18): 0.4371, 0.1005, 2.0839, 0.3253
(1, 19): 0.4512, 0.1009, 1.9834, 0.2884
(1, 20): 0.4424, 0.1001, 2.1091, 0.3039
(1, 21): 0.5520, 0.1001, 1.8016, 0.2718
(1, 22): 0.5520, 0.1001, 1.8016, 0.2718
(1, 23): 0.5301, 0.1003, 2.0213, 0.2825
(1, 24): 0.3637, 0.1002, 2.7698, 0.2644
(1, 25): 0.4274, 0.1007, 2.7917, 0.2607
(1, 26): 0.4274, 0.1007, 2.7917, 0.2607
(1, 27): 0.3297, 0.1003, 3.5028, 0.2873
(1, 28): 0.5561, 0.1007, 2.5603, 0.2932
(1, 29): 0.5561, 0.1007, 2.5603, 0.2932
(1, 30): 0.6165, 0.1000, 1.7229, 0.2903
(1, 31): 0.4052, 0.1014, 1.6200, 0.3298
(1, 32): 0.2884, 0.1004, 1.7981, 0.3394
(1, 33): 0.2884, 0.1004, 1.7981, 0.3394
(1, 34): 0.3119, 0.1001, 1.7938, 0.3342
(1, 35): 0.4088, 0.1004, 1.7990, 0.3087
(1, 36): 0.4088, 0.1004, 1.7990, 0.3087
(1, 37): 0.1900, 0.1007, 2.9545, 0.3017
(2, 1): 0.3692, 0.1013, 2.2388, 0.3165
(2, 2): 0.3692, 0.1013, 2.2388, 0.3165
(2, 3): 0.3862, 0.1022, 2.2362, 0.3098
(2, 4): 0.3862, 0.1022, 2.2362, 0.3098
(2, 5): 0.3588, 0.1002, 2.3643, 0.3264
(2, 6): 0.4176, 0.1002, 2.2828, 0.2773
(2, 7): 0.4168, 0.1005, 2.2052, 0.2991
(2, 8): 0.4168, 0.1005, 2.2052, 0.2991
(2, 9): 0.3751, 0.1002, 2.4316, 0.2792
(2, 10): 0.2495, 0.1007, 3.1358, 0.2227
(2, 11): 0.2495, 0.1007, 3.1358, 0.2227
(2, 12): 0.4272, 0.1001, 2.3187, 0.2928
(2, 13): 0.4621, 0.1001, 2.2223, 0.3091
(2, 14): 0.4850, 0.1000, 2.0975, 0.2770
(2, 15): 0.4850, 0.1000, 2.0975, 0.2770
(2, 16): 0.4974, 0.1001, 1.9593, 0.2862
(2, 17): 0.4371, 0.1005, 2.0839, 0.3253
(2, 18): 0.4371, 0.1005, 2.0839, 0.3253
(2, 19): 0.4512, 0.1009, 1.9834, 0.2884
(2, 20): 0.4424, 0.1001, 2.1091, 0.3039
(2, 21): 0.5520, 0.1001, 1.8016, 0.2718
(2, 22): 0.5520, 0.1001, 1.8016, 0.2718
(2, 23): 0.5301, 0.1003, 2.0213, 0.2825
(2, 24): 0.3637, 0.1002, 2.7698, 0.2644
(2, 25): 0.4274, 0.1007, 2.7917, 0.2607
(2, 26): 0.4274, 0.1007, 2.7917, 0.2607
(2, 27): 0.3297, 0.1003, 3.5028, 0.2873
(2, 28): 0.5561, 0.1007, 2.5603, 0.2932
(2, 29): 0.5561, 0.1007, 2.5603, 0.2932
(2, 30): 0.2878, 0.1008, 2.0479, 0.3213
(2, 31): 0.4434, 0.1001, 1.3103, 0.3652
(2, 32): 0.3258, 0.1010, 1.6660, 0.3948
(2, 33): 0.3258, 0.1010, 1.6660, 0.3948
(2, 34): 0.2993, 0.1011, 1.8377, 0.3335
(2, 35): 0.2431, 0.1008, 2.4529, 0.2928
(2, 36): 0.2431, 0.1008, 2.4529, 0.2928
(2, 37): 0.3423, 0.1001, 2.7359, 0.2725
(3, 1): 0.3809, 0.1004, 2.2244, 0.2925
(3, 2): 0.3809, 0.1004, 2.2244, 0.2925
(3, 3): 0.4269, 0.1002, 2.1006, 0.2976
(3, 4): 0.4269, 0.1002, 2.1006, 0.2976
(3, 5): 0.3507, 0.1003, 2.3532, 0.2799
(3, 6): 0.3688, 0.1004, 2.3365, 0.2851
(3, 7): 0.4168, 0.1005, 2.2052, 0.2991
(3, 8): 0.4168, 0.1005, 2.2052, 0.2991
(3, 9): 0.3751, 0.1002, 2.4316, 0.2792
(3, 10): 0.2495, 0.1007, 3.1358, 0.2227
(3, 11): 0.2495, 0.1007, 3.1358, 0.2227
(3, 12): 0.4272, 0.1001, 2.3187, 0.2928
(3, 13): 0.3348, 0.1005, 2.7542, 0.2685
(3, 14): 0.4577, 0.1011, 2.2532, 0.3124
(3, 15): 0.4577, 0.1011, 2.2532, 0.3124
(3, 16): 0.4797, 0.1001, 2.0225, 0.2718
(3, 17): 0.5571, 0.1008, 1.6574, 0.3035
(3, 18): 0.5571, 0.1008, 1.6574, 0.3035
(3, 19): 0.5330, 0.1000, 1.6653, 0.2806
(3, 20): 0.4534, 0.1014, 2.0073, 0.3124
(3, 21): 0.4721, 0.1004, 2.0710, 0.3061
(3, 22): 0.4721, 0.1004, 2.0710, 0.3061
(3, 23): 0.2375, 0.1002, 3.0159, 0.3512
(3, 24): 0.3119, 0.1001, 2.7691, 0.2954
(3, 25): 0.3119, 0.1001, 2.7691, 0.2954
(3, 26): 0.4392, 0.1002, 2.4021, 0.3058
(3, 27): 0.4094, 0.1006, 2.4247, 0.3412
(3, 28): 0.3894, 0.1003, 2.3424, 0.3165
(3, 29): 0.3894, 0.1003, 2.3424, 0.3165
(3, 30): 0.2878, 0.1008, 2.0479, 0.3213
(3, 31): 0.4434, 0.1001, 1.3103, 0.3652
(3, 32): 0.3258, 0.1010, 1.6660, 0.3948
(3, 33): 0.3258, 0.1010, 1.6660, 0.3948
(3, 34): 0.2993, 0.1011, 1.8377, 0.3335
(3, 35): 0.2431, 0.1008, 2.4529, 0.2928
(3, 36): 0.2431, 0.1008, 2.4529, 0.2928
(3, 37): 0.3811, 0.1009, 3.1592, 0.2714
(4, 1): 0.4351, 0.1013, 2.0297, 0.2792
(4, 2): 0.4351, 0.1013, 2.0297, 0.2792
(4, 3): 0.4269, 0.1002, 2.1006, 0.2976
(4, 4): 0.4269, 0.1002, 2.1006, 0.2976
(4, 5): 0.3507, 0.1003, 2.3532, 0.2799
(4, 6): 0.3688, 0.1004, 2.3365, 0.2851
(4, 7): 0.2690, 0.1012, 2.8576, 0.3416
(4, 8): 0.2690, 0.1012, 2.8576, 0.3416
(4, 9): 0.4216, 0.1013, 2.2137, 0.2744
(4, 10): 0.4010, 0.1004, 2.3732, 0.2958
(4, 11): 0.4010, 0.1004, 2.3732, 0.2958
(4, 12): 0.2802, 0.1001, 2.8658, 0.3353
(4, 13): 0.4239, 0.1005, 2.3030, 0.2740
(4, 14): 0.4843, 0.1024, 2.0630, 0.2806
(4, 15): 0.4843, 0.1024, 2.0630, 0.2806
(4, 16): 0.5084, 0.1001, 1.8791, 0.2958
(4, 17): 0.5343, 0.1003, 1.7375, 0.2843
(4, 18): 0.5343, 0.1003, 1.7375, 0.2843
(4, 19): 0.4686, 0.1017, 1.9264, 0.2880
(4, 20): 0.5146, 0.1008, 1.8296, 0.3135
(4, 21): 0.4162, 0.1000, 2.4358, 0.2821
(4, 22): 0.4162, 0.1000, 2.4358, 0.2821
(4, 23): 0.5217, 0.1000, 1.9081, 0.3168
(4, 24): 0.4556, 0.1012, 2.2974, 0.2740
(4, 25): 0.4556, 0.1012, 2.2974, 0.2740
(4, 26): 0.4514, 0.1001, 2.1415, 0.3095
(4, 27): 0.3873, 0.1002, 2.3575, 0.3054
(4, 28): 0.3376, 0.1001, 2.2285, 0.3608
(4, 29): 0.3376, 0.1001, 2.2285, 0.3608
(4, 30): 0.3559, 0.1006, 1.8621, 0.3508
(4, 31): 0.4529, 0.1008, 1.4865, 0.3301
(4, 32): 0.3689, 0.1011, 1.7373, 0.2906
(4, 33): 0.3689, 0.1011, 1.7373, 0.2906
(4, 34): 0.2139, 0.1008, 2.5037, 0.3006
(4, 35): 0.3760, 0.1004, 2.1995, 0.2773
(4, 36): 0.3760, 0.1004, 2.1995, 0.2773
(4, 37): 0.3811, 0.1009, 3.1592, 0.2714
(5, 1): 0.4351, 0.1013, 2.0297, 0.2792
(5, 2): 0.4351, 0.1013, 2.0297, 0.2792
(5, 3): 0.4183, 0.1001, 2.2177, 0.3039
(5, 4): 0.4183, 0.1001, 2.2177, 0.3039
(5, 5): 0.3874, 0.1008, 2.2806, 0.2696
(5, 6): 0.2482, 0.1006, 2.9560, 0.2984
(5, 7): 0.3191, 0.1004, 2.5921, 0.2533
(5, 8): 0.3191, 0.1004, 2.5921, 0.2533
(5, 9): 0.3542, 0.1004, 2.3961, 0.2626
(5, 10): 0.4384, 0.1002, 2.1478, 0.2866
(5, 11): 0.4384, 0.1002, 2.1478, 0.2866
(5, 12): 0.3978, 0.1000, 2.3591, 0.2622
(5, 13): 0.4687, 0.1025, 2.0532, 0.2969
(5, 14): 0.4529, 0.1001, 2.0691, 0.3117
(5, 15): 0.4529, 0.1001, 2.0691, 0.3117
(5, 16): 0.4704, 0.1014, 1.9927, 0.2932
(5, 17): 0.4968, 0.1007, 1.8382, 0.2880
(5, 18): 0.4968, 0.1007, 1.8382, 0.2880
(5, 19): 0.4286, 0.1009, 2.0068, 0.3298
(5, 20): 0.5818, 0.1004, 1.8905, 0.2947
(5, 21): 0.5323, 0.1007, 2.0391, 0.3120
(5, 22): 0.5323, 0.1007, 2.0391, 0.3120
(5, 23): 0.4034, 0.1006, 2.5292, 0.3216
(5, 24): 0.3332, 0.1003, 2.7131, 0.2677
(5, 25): 0.3332, 0.1003, 2.7131, 0.2677
(5, 26): 0.4771, 0.1001, 1.9954, 0.3109
(5, 27): 0.2792, 0.1024, 2.5728, 0.3708
(5, 28): 0.4155, 0.1008, 1.9227, 0.3227
(5, 29): 0.4155, 0.1008, 1.9227, 0.3227
(5, 30): 0.5213, 0.1008, 1.4855, 0.2958
(5, 31): 0.3886, 0.1005, 1.9683, 0.2832
(5, 32): 0.3886, 0.1005, 1.9683, 0.2832
(5, 33): 0.2193, 0.1010, 2.7593, 0.3504
(5, 34): 0.2597, 0.1002, 2.7161, 0.3017
(5, 35): 0.3012, 0.1008, 3.4344, 0.3117
(5, 36): 0.3012, 0.1008, 3.4344, 0.3117
(5, 37): 0.3403, 0.1016, 3.9073, 0.2925
(6, 1): 0.4117, 0.1004, 2.0209, 0.3209
(6, 2): 0.4117, 0.1004, 2.0209, 0.3209
(6, 3): 0.4019, 0.1005, 2.2212, 0.2629
(6, 4): 0.4019, 0.1005, 2.2212, 0.2629
(6, 5): 0.4420, 0.1010, 2.1694, 0.2891
(6, 6): 0.2930, 0.1004, 2.8833, 0.3231
(6, 7): 0.2821, 0.1001, 2.8367, 0.2696
(6, 8): 0.2821, 0.1001, 2.8367, 0.2696
(6, 9): 0.3494, 0.1004, 2.4200, 0.2729
(6, 10): 0.3576, 0.1009, 2.5186, 0.2832
(6, 11): 0.3576, 0.1009, 2.5186, 0.2832
(6, 12): 0.3996, 0.1001, 2.3629, 0.3143
(6, 13): 0.4698, 0.1009, 2.1251, 0.3154
(6, 14): 0.4849, 0.1021, 2.0066, 0.3043
(6, 15): 0.4849, 0.1021, 2.0066, 0.3043
(6, 16): 0.4525, 0.1001, 2.0695, 0.2895
(6, 17): 0.5411, 0.1007, 1.6960, 0.2563
(6, 18): 0.5411, 0.1007, 1.6960, 0.2563
(6, 19): 0.4827, 0.1007, 1.8784, 0.2917
(6, 20): 0.5264, 0.1004, 2.2241, 0.3120
(6, 21): 0.5484, 0.1005, 2.0158, 0.2795
(6, 22): 0.5484, 0.1005, 2.0158, 0.2795
(6, 23): 0.4203, 0.1000, 2.3722, 0.2969
(6, 24): 0.3911, 0.1009, 2.1575, 0.3216
(6, 25): 0.3911, 0.1009, 2.1575, 0.3216
(6, 26): 0.3957, 0.1005, 2.0695, 0.3113
(6, 27): 0.4371, 0.1000, 1.8858, 0.3054
(6, 28): 0.4378, 0.1002, 2.0031, 0.2855
(6, 29): 0.4378, 0.1002, 2.0031, 0.2855
(6, 30): 0.3813, 0.1005, 2.0064, 0.3379
(6, 31): 0.2298, 0.1002, 2.6602, 0.3250
(6, 32): 0.2298, 0.1002, 2.6602, 0.3250
(6, 33): 0.3371, 0.1000, 2.2604, 0.3124
(6, 34): 0.3293, 0.1001, 2.9098, 0.3072
(6, 35): 0.4421, 0.1005, 3.4882, 0.2574
(6, 36): 0.4421, 0.1005, 3.4882, 0.2574
(6, 37): 0.4788, 0.1003, 3.4947, 0.2563
(7, 1): 0.4774, 0.1001, 1.7797, 0.2958
(7, 2): 0.4774, 0.1001, 1.7797, 0.2958
(7, 3): 0.4472, 0.1003, 1.9808, 0.2954
(7, 4): 0.4467, 0.1000, 2.0616, 0.2758
(7, 5): 0.4467, 0.1000, 2.0616, 0.2758
(7, 6): 0.2903, 0.1001, 2.9233, 0.3456
(7, 7): 0.3057, 0.1002, 2.7462, 0.3024
(7, 8): 0.3057, 0.1002, 2.7462, 0.3024
(7, 9): 0.4189, 0.1006, 2.2779, 0.2847
(7, 10): 0.2908, 0.1009, 2.7316, 0.2674
(7, 11): 0.4596, 0.1003, 2.0551, 0.2685
(7, 12): 0.4596, 0.1003, 2.0551, 0.2685
(7, 13): 0.5033, 0.1010, 2.0394, 0.2877
(7, 14): 0.4661, 0.1001, 2.0925, 0.2570
(7, 15): 0.4661, 0.1001, 2.0925, 0.2570
(7, 16): 0.3647, 0.1000, 2.4007, 0.3316
(7, 17): 0.4857, 0.1012, 1.9542, 0.2548
(7, 18): 0.4857, 0.1012, 1.9542, 0.2548
(7, 19): 0.4635, 0.1002, 2.0091, 0.2814
(7, 20): 0.4378, 0.1006, 2.5471, 0.2818
(7, 21): 0.4258, 0.1009, 2.4500, 0.3072
(7, 22): 0.4258, 0.1009, 2.4500, 0.3072
(7, 23): 0.2475, 0.1009, 3.0135, 0.2866
(7, 24): 0.2226, 0.1009, 2.8312, 0.2670
(7, 25): 0.2226, 0.1009, 2.8312, 0.2670
(7, 26): 0.3281, 0.1011, 2.3739, 0.3109
(7, 27): 0.3956, 0.1003, 2.1342, 0.3069
(7, 28): 0.4644, 0.1028, 1.9035, 0.2821
(7, 29): 0.4644, 0.1028, 1.9035, 0.2821
(7, 30): 0.3567, 0.1000, 2.2002, 0.3264
(7, 31): 0.3733, 0.1012, 2.1737, 0.3080
(7, 32): 0.3733, 0.1012, 2.1737, 0.3080
(7, 33): 0.2162, 0.1002, 3.0616, 0.3534
(7, 34): 0.2688, 0.1009, 3.6972, 0.3017
(7, 35): 0.3734, 0.1016, 4.2526, 0.2755
(7, 36): 0.3734, 0.1016, 4.2526, 0.2755
(7, 37): 0.5241, 0.1012, 3.5720, 0.2485
(8, 1): 0.4320, 0.1005, 1.9371, 0.2614
(8, 2): 0.4320, 0.1005, 1.9371, 0.2614
(8, 3): 0.4400, 0.1005, 1.9025, 0.2947
(8, 4): 0.3411, 0.1015, 2.4625, 0.2884
(8, 5): 0.3411, 0.1015, 2.4625, 0.2884
(8, 6): 0.2980, 0.1007, 2.8493, 0.3179
(8, 7): 0.3105, 0.1011, 2.7751, 0.2928
(8, 8): 0.3105, 0.1011, 2.7751, 0.2928
(8, 9): 0.4612, 0.1010, 2.2509, 0.3187
(8, 10): 0.4289, 0.1009, 2.3514, 0.3058
(8, 11): 0.4036, 0.1010, 2.1888, 0.3150
(8, 12): 0.4036, 0.1010, 2.1888, 0.3150
(8, 13): 0.4419, 0.1019, 2.1182, 0.3102
(8, 14): 0.4301, 0.1009, 2.1595, 0.2703
(8, 15): 0.4301, 0.1009, 2.1595, 0.2703
(8, 16): 0.3870, 0.1001, 2.2827, 0.2932
(8, 17): 0.3137, 0.1007, 2.6206, 0.2962
(8, 18): 0.3137, 0.1007, 2.6206, 0.2962
(8, 19): 0.3725, 0.1005, 2.5350, 0.3534
(8, 20): 0.3749, 0.1011, 2.7831, 0.3634
(8, 21): 0.4577, 0.1009, 2.2404, 0.2725
(8, 22): 0.4577, 0.1009, 2.2404, 0.2725
(8, 23): 0.3439, 0.1001, 2.5513, 0.3191
(8, 24): 0.3222, 0.1002, 2.5305, 0.2784
(8, 25): 0.3222, 0.1002, 2.5305, 0.2784
(8, 26): 0.3025, 0.1001, 2.5675, 0.2884
(8, 27): 0.4365, 0.1006, 2.1640, 0.3006
(8, 28): 0.5063, 0.1002, 1.7726, 0.3032
(8, 29): 0.5063, 0.1002, 1.7726, 0.3032
(8, 30): 0.3464, 0.1017, 2.3578, 0.3072
(8, 31): 0.4995, 0.1001, 1.8141, 0.3080
(8, 32): 0.4995, 0.1001, 1.8141, 0.3080
(8, 33): 0.2132, 0.1008, 3.4461, 0.3002
(8, 34): 0.2961, 0.1008, 3.6667, 0.2651
(8, 35): 0.3682, 0.1012, 3.5808, 0.2891
(8, 36): 0.3682, 0.1012, 3.5808, 0.2891
(8, 37): 0.4281, 0.1000, 3.3482, 0.2862
(17, 1): 0.3312, 0.1001, 2.5390, 0.3013
(17, 2): 0.3312, 0.1001, 2.5390, 0.3013
(17, 3): 0.4288, 0.1005, 2.2049, 0.2651
(17, 4): 0.4540, 0.1004, 2.1492, 0.2895
(17, 5): 0.4540, 0.1004, 2.1492, 0.2895
(17, 6): 0.2855, 0.1002, 3.0130, 0.1924
(17, 7): 0.2729, 0.1006, 3.0829, 0.2282
(17, 8): 0.2338, 0.1014, 3.4976, 0.2005
(17, 9): 0.2338, 0.1014, 3.4976, 0.2005
(17, 10): 0.3240, 0.1018, 2.9074, 0.3335
(17, 11): 0.4435, 0.1001, 2.2259, 0.2888
(17, 12): 0.4435, 0.1001, 2.2259, 0.2888
(17, 13): 0.4212, 0.1008, 2.3274, 0.2825
(17, 14): 0.3452, 0.1001, 2.6870, 0.3135
(17, 15): 0.3452, 0.1001, 2.6870, 0.3135
(17, 16): 0.4361, 0.1014, 2.1843, 0.2607
(17, 17): 0.3239, 0.1001, 2.4955, 0.2873
(17, 18): 0.4217, 0.1005, 2.2829, 0.2725
(17, 19): 0.4217, 0.1005, 2.2829, 0.2725
(17, 20): 0.4145, 0.1005, 2.4956, 0.2888
(17, 21): 0.3746, 0.1003, 2.5770, 0.3109
(17, 22): 0.3746, 0.1003, 2.5770, 0.3109
(17, 23): 0.4205, 0.1007, 2.2732, 0.2832
(17, 24): 0.4353, 0.1011, 2.4539, 0.2766
(17, 25): 0.4353, 0.1011, 2.4539, 0.2766
(17, 26): 0.3884, 0.1007, 2.7804, 0.2888
(17, 27): 0.4222, 0.1007, 2.2203, 0.3264
(17, 28): 0.4670, 0.1001, 1.9660, 0.2873
(17, 29): 0.4670, 0.1001, 1.9660, 0.2873
(17, 30): 0.3943, 0.1003, 2.2281, 0.3117
(17, 31): 0.3843, 0.1001, 2.2888, 0.3043
(17, 32): 0.3843, 0.1001, 2.2888, 0.3043
(17, 33): 0.3696, 0.1002, 2.5174, 0.3043
(17, 34): 0.4469, 0.1026, 2.2543, 0.3154
(17, 35): 0.4469, 0.1026, 2.2543, 0.3154
(17, 36): 0.4958, 0.1002, 2.0064, 0.2891
(17, 37): 0.5150, 0.1006, 1.9101, 0.3109
(18, 1): 0.4000, 0.1002, 2.1676, 0.2456
(18, 2): 0.4000, 0.1002, 2.1676, 0.2456
(18, 3): 0.4333, 0.1001, 2.2059, 0.3047
(18, 4): 0.2868, 0.1002, 2.9859, 0.2459
(18, 5): 0.2978, 0.1025, 3.0464, 0.2574
(18, 6): 0.2978, 0.1025, 3.0464, 0.2574
(18, 7): 0.3540, 0.1012, 2.7258, 0.3165
(18, 8): 0.3879, 0.1010, 2.5701, 0.3235
(18, 9): 0.3879, 0.1010, 2.5701, 0.3235
(18, 10): 0.4626, 0.1005, 2.0976, 0.2710
(18, 11): 0.4518, 0.1001, 2.1762, 0.2792
(18, 12): 0.4518, 0.1001, 2.1762, 0.2792
(18, 13): 0.3295, 0.1009, 2.6918, 0.2962
(18, 14): 0.2909, 0.1004, 2.7308, 0.2718
(18, 15): 0.2909, 0.1004, 2.7308, 0.2718
(18, 16): 0.4685, 0.1000, 2.1239, 0.2851
(18, 17): 0.4013, 0.1002, 2.2769, 0.3006
(18, 18): 0.4392, 0.1010, 2.1508, 0.2725
(18, 19): 0.4392, 0.1010, 2.1508, 0.2725
(18, 20): 0.3872, 0.1004, 2.4966, 0.2773
(18, 21): 0.3827, 0.1010, 2.4005, 0.2936
(18, 22): 0.3827, 0.1010, 2.4005, 0.2936
(18, 23): 0.3924, 0.1003, 2.5142, 0.2928
(18, 24): 0.4810, 0.1004, 2.3122, 0.2714
(18, 25): 0.4810, 0.1004, 2.3122, 0.2714
(18, 26): 0.4337, 0.1005, 2.3584, 0.2714
(18, 27): 0.3760, 0.1003, 2.3303, 0.3261
(18, 28): 0.3760, 0.1003, 2.3303, 0.3261
(18, 29): 0.3844, 0.1010, 2.2645, 0.2943
(18, 30): 0.3857, 0.1001, 2.2786, 0.2895
(18, 31): 0.3962, 0.1004, 2.3146, 0.3146
(18, 32): 0.3962, 0.1004, 2.3146, 0.3146
(18, 33): 0.4509, 0.1000, 2.1757, 0.3054
(18, 34): 0.3679, 0.1005, 2.4738, 0.3250
(18, 35): 0.3679, 0.1005, 2.4738, 0.3250
(18, 36): 0.4467, 0.1003, 2.0931, 0.3179
(18, 37): 0.4585, 0.1005, 1.9657, 0.3135
(19, 1): 0.1145, 0.1003, 2.2880, 0.3275
(19, 2): 0.1145, 0.1003, 2.2880, 0.3275
(19, 3): 0.2590, 0.1009, 3.1680, 0.2223
(19, 4): 0.2530, 0.1005, 3.2891, 0.2640
(19, 5): 0.3847, 0.1000, 2.5512, 0.3054
(19, 6): 0.3847, 0.1000, 2.5512, 0.3054
(19, 7): 0.4465, 0.1006, 2.0949, 0.2533
(19, 8): 0.4439, 0.1004, 2.1831, 0.2818
(19, 9): 0.4439, 0.1004, 2.1831, 0.2818
(19, 10): 0.3662, 0.1011, 2.5638, 0.3323
(19, 11): 0.3978, 0.1001, 2.2711, 0.2670
(19, 12): 0.3978, 0.1001, 2.2711, 0.2670
(19, 13): 0.3777, 0.1001, 2.2970, 0.3047
(19, 14): 0.3955, 0.1001, 2.2675, 0.3131
(19, 15): 0.3955, 0.1001, 2.2675, 0.3131
(19, 16): 0.3634, 0.1009, 2.5199, 0.2836
(19, 17): 0.3782, 0.1005, 2.5391, 0.2707
(19, 18): 0.5076, 0.1004, 1.9702, 0.2323
(19, 19): 0.5076, 0.1004, 1.9702, 0.2323
(19, 20): 0.4162, 0.1007, 2.1228, 0.2843
(19, 21): 0.4371, 0.1001, 2.1298, 0.2888
(19, 22): 0.4371, 0.1001, 2.1298, 0.2888
(19, 23): 0.3610, 0.1000, 2.5578, 0.2648
(19, 24): 0.3132, 0.1003, 2.7354, 0.2411
(19, 25): 0.3132, 0.1003, 2.7354, 0.2411
(19, 26): 0.5336, 0.1010, 1.8948, 0.2777
(19, 27): 0.3483, 0.1015, 2.4705, 0.2925
(19, 28): 0.3483, 0.1015, 2.4705, 0.2925
(19, 29): 0.5259, 0.1003, 1.8146, 0.2836
(19, 30): 0.4229, 0.1005, 2.1646, 0.2917
(19, 31): 0.3160, 0.1012, 2.5923, 0.3128
(19, 32): 0.3160, 0.1012, 2.5923, 0.3128
(19, 33): 0.3970, 0.1008, 2.2806, 0.2866
(19, 34): 0.3671, 0.1004, 2.3783, 0.2655
(19, 35): 0.3671, 0.1004, 2.3783, 0.2655
(19, 36): 0.3776, 0.1001, 2.3097, 0.3095
(19, 37): 0.5094, 0.1001, 1.8285, 0.3065
(20, 1): 0.2628, 0.1006, 1.8033, 0.3087
(20, 2): 0.2628, 0.1006, 1.8033, 0.3087
(20, 3): 0.3036, 0.1006, 2.7865, 0.3179
(20, 4): 0.3583, 0.1006, 2.6298, 0.3054
(20, 5): 0.4362, 0.1004, 2.1653, 0.2640
(20, 6): 0.4362, 0.1004, 2.1653, 0.2640
(20, 7): 0.4204, 0.1002, 2.3259, 0.2914
(20, 8): 0.3629, 0.1017, 2.4238, 0.2600
(20, 9): 0.3629, 0.1017, 2.4238, 0.2600
(20, 10): 0.3991, 0.1007, 2.2784, 0.2548
(20, 11): 0.3777, 0.1013, 2.3725, 0.2537
(20, 12): 0.3777, 0.1013, 2.3725, 0.2537
(20, 13): 0.4064, 0.1003, 2.2748, 0.2515
(20, 14): 0.4073, 0.1008, 2.3325, 0.2493
(20, 15): 0.4073, 0.1008, 2.3325, 0.2493
(20, 16): 0.3877, 0.1004, 2.3236, 0.2862
(20, 17): 0.3589, 0.1003, 2.5565, 0.2544
(20, 18): 0.4919, 0.1000, 1.9228, 0.2374
(20, 19): 0.4919, 0.1000, 1.9228, 0.2374
(20, 20): 0.4574, 0.1005, 2.0203, 0.2626
(20, 21): 0.3080, 0.1009, 2.5571, 0.3490
(20, 22): 0.3080, 0.1009, 2.5571, 0.3490
(20, 23): 0.4829, 0.1005, 1.9676, 0.3002
(20, 24): 0.4645, 0.1001, 1.9848, 0.2906
(20, 25): 0.4645, 0.1001, 1.9848, 0.2906
(20, 26): 0.5460, 0.1003, 1.7991, 0.2958
(20, 27): 0.3380, 0.1004, 2.4828, 0.2710
(20, 28): 0.3380, 0.1004, 2.4828, 0.2710
(20, 29): 0.4203, 0.1022, 2.2195, 0.3087
(20, 30): 0.3058, 0.1013, 2.7373, 0.3143
(20, 31): 0.4225, 0.1006, 2.1921, 0.2962
(20, 32): 0.4225, 0.1006, 2.1921, 0.2962
(20, 33): 0.5412, 0.1015, 1.8179, 0.2962
(20, 34): 0.4522, 0.1007, 2.0145, 0.3242
(20, 35): 0.4522, 0.1007, 2.0145, 0.3242
(20, 36): 0.3902, 0.1001, 2.2061, 0.2984
(20, 37): 0.5479, 0.1002, 1.6026, 0.2585
(21, 1): 0.1388, 0.1001, 2.2878, 0.2585
(21, 2): 0.3574, 0.1006, 2.1540, 0.3043
(21, 3): 0.3574, 0.1006, 2.1540, 0.3043
(21, 4): 0.3521, 0.1000, 2.5660, 0.2936
(21, 5): 0.3857, 0.1002, 2.2429, 0.2596
(21, 6): 0.3857, 0.1002, 2.2429, 0.2596
(21, 7): 0.4077, 0.1001, 2.2055, 0.2552
(21, 8): 0.4075, 0.1000, 2.1358, 0.2633
(21, 9): 0.4075, 0.1000, 2.1358, 0.2633
(21, 10): 0.3938, 0.1003, 2.1718, 0.2659
(21, 11): 0.4241, 0.1004, 2.1136, 0.2766
(21, 12): 0.4241, 0.1004, 2.1136, 0.2766
(21, 13): 0.4334, 0.1003, 2.0663, 0.2755
(21, 14): 0.4255, 0.1002, 2.0925, 0.2795
(21, 15): 0.4255, 0.1002, 2.0925, 0.2795
(21, 16): 0.3269, 0.1002, 2.5579, 0.3279
(21, 17): 0.4203, 0.1015, 2.1811, 0.2504
(21, 18): 0.3582, 0.1024, 2.4367, 0.3021
(21, 19): 0.3582, 0.1024, 2.4367, 0.3021
(21, 20): 0.4730, 0.1002, 2.0349, 0.3239
(21, 21): 0.3169, 0.1019, 2.4695, 0.3006
(21, 22): 0.3169, 0.1019, 2.4695, 0.3006
(21, 23): 0.4832, 0.1009, 1.6924, 0.2677
(21, 24): 0.4181, 0.1002, 2.0487, 0.2910
(21, 25): 0.4181, 0.1002, 2.0487, 0.2910
(21, 26): 0.4062, 0.1018, 2.1719, 0.3239
(21, 27): 0.4990, 0.1001, 1.9100, 0.2928
(21, 28): 0.4990, 0.1001, 1.9100, 0.2928
(21, 29): 0.4130, 0.1002, 2.3019, 0.2685
(21, 30): 0.2746, 0.1006, 2.9547, 0.2533
(21, 31): 0.3943, 0.1001, 2.3050, 0.3246
(21, 32): 0.3943, 0.1001, 2.3050, 0.3246
(21, 33): 0.4750, 0.1001, 1.9674, 0.3371
(21, 34): 0.5439, 0.1004, 1.6782, 0.2788
(21, 35): 0.5439, 0.1004, 1.6782, 0.2788
(21, 36): 0.4586, 0.1008, 1.8989, 0.3013
(21, 37): 0.5266, 0.1000, 1.6708, 0.2847
(22, 1): 0.1123, 0.1002, 2.3918, 0.2670
(22, 2): 0.1863, 0.1002, 2.2522, 0.3124
(22, 3): 0.1863, 0.1002, 2.2522, 0.3124
(22, 4): 0.3731, 0.1002, 2.3485, 0.2419
(22, 5): 0.3579, 0.1011, 2.2964, 0.2334
(22, 6): 0.3579, 0.1011, 2.2964, 0.2334
(22, 7): 0.3772, 0.1001, 2.2335, 0.2500
(22, 8): 0.3731, 0.1004, 2.2344, 0.2378
(22, 9): 0.3731, 0.1004, 2.2344, 0.2378
(22, 10): 0.3750, 0.1002, 2.2166, 0.2555
(22, 11): 0.4064, 0.1010, 2.1214, 0.2293
(22, 12): 0.4064, 0.1010, 2.1214, 0.2293
(22, 13): 0.4092, 0.1001, 2.0962, 0.2326
(22, 14): 0.4211, 0.1000, 2.0607, 0.2419
(22, 15): 0.4248, 0.1027, 1.9843, 0.2699
(22, 16): 0.4248, 0.1027, 1.9843, 0.2699
(22, 17): 0.2993, 0.1010, 2.6113, 0.3135
(22, 18): 0.2879, 0.1001, 2.6774, 0.2245
(22, 19): 0.2879, 0.1001, 2.6774, 0.2245
(22, 20): 0.5096, 0.1000, 1.7834, 0.2648
(22, 21): 0.4444, 0.1019, 2.0802, 0.2928
(22, 22): 0.4444, 0.1019, 2.0802, 0.2928
(22, 23): 0.4034, 0.1010, 2.0329, 0.3106
(22, 24): 0.3841, 0.1010, 2.2030, 0.2526
(22, 25): 0.3841, 0.1010, 2.2030, 0.2526
(22, 26): 0.4972, 0.1002, 1.7779, 0.2626
(22, 27): 0.4432, 0.1016, 2.1281, 0.3069
(22, 28): 0.4432, 0.1016, 2.1281, 0.3069
(22, 29): 0.3998, 0.1024, 2.4086, 0.3095
(22, 30): 0.3726, 0.1007, 2.4749, 0.3021
(22, 31): 0.3988, 0.1018, 2.3828, 0.2725
(22, 32): 0.3988, 0.1018, 2.3828, 0.2725
(22, 33): 0.3446, 0.1011, 2.5197, 0.3043
(22, 34): 0.3835, 0.1004, 2.1828, 0.3608
(22, 35): 0.3835, 0.1004, 2.1828, 0.3608
(22, 36): 0.5305, 0.1008, 1.6183, 0.3198
(22, 37): 0.3628, 0.1004, 2.3258, 0.3227
(23, 1): 0.1220, 0.1005, 2.3447, 0.2437
(23, 2): 0.0977, 0.1005, 2.3563, 0.2186
(23, 3): 0.0977, 0.1005, 2.3563, 0.2186
(23, 4): 0.3670, 0.1001, 2.3079, 0.2194
(23, 5): 0.3604, 0.1009, 2.3003, 0.2297
(23, 6): 0.3604, 0.1009, 2.3003, 0.2297
(23, 7): 0.3705, 0.1002, 2.2700, 0.2338
(23, 8): 0.3657, 0.1004, 2.2757, 0.2382
(23, 9): 0.3657, 0.1004, 2.2757, 0.2382
(23, 10): 0.3754, 0.1006, 2.2240, 0.2360
(23, 11): 0.3833, 0.1009, 2.0849, 0.2522
(23, 12): 0.3833, 0.1009, 2.0849, 0.2522
(23, 13): 0.3822, 0.1010, 2.0972, 0.2855
(23, 14): 0.3754, 0.1006, 2.1098, 0.3080
(23, 15): 0.3417, 0.1010, 2.2011, 0.2733
(23, 16): 0.3417, 0.1010, 2.2011, 0.2733
(23, 17): 0.3611, 0.1002, 2.1950, 0.2781
(23, 18): 0.4006, 0.1004, 2.0185, 0.2408
(23, 19): 0.4006, 0.1004, 2.0185, 0.2408
(23, 20): 0.4576, 0.1001, 1.9067, 0.2980
(23, 21): 0.4209, 0.1020, 2.1627, 0.2511
(23, 22): 0.4209, 0.1020, 2.1627, 0.2511
(23, 23): 0.3704, 0.1002, 2.2361, 0.2784
(23, 24): 0.3842, 0.1003, 2.2406, 0.3183
(23, 25): 0.3842, 0.1003, 2.2406, 0.3183
(23, 26): 0.3834, 0.1008, 2.3362, 0.3157
(23, 27): 0.4097, 0.1004, 2.2400, 0.2903
(23, 28): 0.4097, 0.1004, 2.2400, 0.2903
(23, 29): 0.3633, 0.1003, 2.7817, 0.2352
(23, 30): 0.2974, 0.1019, 2.9473, 0.2515
(23, 31): 0.3695, 0.1002, 2.6236, 0.3054
(23, 32): 0.3695, 0.1002, 2.6236, 0.3054
(23, 33): 0.5051, 0.1003, 1.9697, 0.2581
(23, 34): 0.4063, 0.1001, 2.1951, 0.2829
(23, 35): 0.4063, 0.1001, 2.1951, 0.2829
(23, 36): 0.3965, 0.1004, 2.0412, 0.3261
(23, 37): 0.4607, 0.1001, 1.9140, 0.2674
(24, 1): 0.1435, 0.1004, 2.2821, 0.2445
(24, 2): 0.1106, 0.1001, 2.3539, 0.2256
(24, 3): 0.1106, 0.1001, 2.3539, 0.2256
(24, 4): 0.3447, 0.1001, 2.4055, 0.2182
(24, 5): 0.2424, 0.1008, 2.4450, 0.2426
(24, 6): 0.2424, 0.1008, 2.4450, 0.2426
(24, 7): 0.2606, 0.1003, 2.3869, 0.2766
(24, 8): 0.2666, 0.1009, 2.3717, 0.2781
(24, 9): 0.2666, 0.1009, 2.3717, 0.2781
(24, 10): 0.2826, 0.1002, 2.2957, 0.2411
(24, 11): 0.2949, 0.1006, 2.2515, 0.2692
(24, 12): 0.2949, 0.1006, 2.2515, 0.2692
(24, 13): 0.3822, 0.1010, 2.0972, 0.2855
(24, 14): 0.3754, 0.1006, 2.1098, 0.3080
(24, 15): 0.3417, 0.1010, 2.2011, 0.2733
(24, 16): 0.3417, 0.1010, 2.2011, 0.2733
(24, 17): 0.3611, 0.1002, 2.1950, 0.2781
(24, 18): 0.4006, 0.1004, 2.0185, 0.2408
(24, 19): 0.4006, 0.1004, 2.0185, 0.2408
(24, 20): 0.4576, 0.1001, 1.9067, 0.2980
(24, 21): 0.4209, 0.1020, 2.1627, 0.2511
(24, 22): 0.4209, 0.1020, 2.1627, 0.2511
(24, 23): 0.3704, 0.1002, 2.2361, 0.2784
(24, 24): 0.3842, 0.1003, 2.2406, 0.3183
(24, 25): 0.3842, 0.1003, 2.2406, 0.3183
(24, 26): 0.3834, 0.1008, 2.3362, 0.3157
(24, 27): 0.4097, 0.1004, 2.2400, 0.2903
(24, 28): 0.4097, 0.1004, 2.2400, 0.2903
(24, 29): 0.3633, 0.1003, 2.7817, 0.2352
(24, 30): 0.2974, 0.1019, 2.9473, 0.2515
(24, 31): 0.4054, 0.1010, 2.3959, 0.2677
(24, 32): 0.3202, 0.1023, 2.7634, 0.2843
(24, 33): 0.4730, 0.1001, 2.0606, 0.2611
(24, 34): 0.4412, 0.1006, 2.0181, 0.2947
(24, 35): 0.4412, 0.1006, 2.0181, 0.2947
(24, 36): 0.4541, 0.1004, 1.8522, 0.2803
(24, 37): 0.4652, 0.1013, 2.0294, 0.3264
(25, 1): 0.1128, 0.1007, 2.4081, 0.2493
(25, 2): 0.1223, 0.1002, 2.3328, 0.2386
(25, 3): 0.1223, 0.1002, 2.3328, 0.2386
(25, 4): 0.1894, 0.1002, 2.7950, 0.2083
(25, 5): 0.2003, 0.1006, 2.6779, 0.2083
(25, 6): 0.2003, 0.1006, 2.6779, 0.2083
(25, 7): 0.2606, 0.1003, 2.3869, 0.2766
(25, 8): 0.2666, 0.1009, 2.3717, 0.2781
(25, 9): 0.2666, 0.1009, 2.3717, 0.2781
(25, 10): 0.2826, 0.1002, 2.2957, 0.2411
(25, 11): 0.2949, 0.1006, 2.2515, 0.2692
(25, 12): 0.2949, 0.1006, 2.2515, 0.2692
(25, 13): 0.3040, 0.1002, 2.2099, 0.2662
(25, 14): 0.3037, 0.1010, 2.2108, 0.2699
(25, 15): 0.2980, 0.1006, 2.2352, 0.2725
(25, 16): 0.2980, 0.1006, 2.2352, 0.2725
(25, 17): 0.3890, 0.1006, 2.0546, 0.2917
(25, 18): 0.4160, 0.1002, 1.9592, 0.3047
(25, 19): 0.4160, 0.1002, 1.9592, 0.3047
(25, 20): 0.3448, 0.1007, 2.2060, 0.2570
(25, 21): 0.3446, 0.1006, 2.2122, 0.2710
(25, 22): 0.3446, 0.1006, 2.2122, 0.2710
(25, 23): 0.4249, 0.1004, 2.0159, 0.2744
(25, 24): 0.4828, 0.1001, 1.8803, 0.2393
(25, 25): 0.4828, 0.1001, 1.8803, 0.2393
(25, 26): 0.3473, 0.1014, 2.4778, 0.2552
(25, 27): 0.3614, 0.1003, 2.4599, 0.2806
(25, 28): 0.3614, 0.1003, 2.4599, 0.2806
(25, 29): 0.2732, 0.1010, 3.0714, 0.2814
(25, 30): 0.4054, 0.1010, 2.3959, 0.2677
(25, 31): 0.4054, 0.1010, 2.3959, 0.2677
(25, 32): 0.3202, 0.1023, 2.7634, 0.2843
(25, 33): 0.4730, 0.1001, 2.0606, 0.2611
(25, 34): 0.4412, 0.1006, 2.0181, 0.2947
(25, 35): 0.4412, 0.1006, 2.0181, 0.2947
(25, 36): 0.4541, 0.1004, 1.8522, 0.2803
(25, 37): 0.3825, 0.1013, 2.1747, 0.2242
(26, 1): 0.1032, 0.1002, 2.4472, 0.2526
(26, 2): 0.1223, 0.1002, 2.3328, 0.2386
(26, 3): 0.1223, 0.1002, 2.3328, 0.2386
(26, 4): 0.1894, 0.1002, 2.7950, 0.2083
(26, 5): 0.2003, 0.1006, 2.6779, 0.2083
(26, 6): 0.2003, 0.1006, 2.6779, 0.2083
(26, 7): 0.1940, 0.1002, 2.7022, 0.2079
(26, 8): 0.2018, 0.1005, 2.6882, 0.2112
(26, 9): 0.2018, 0.1005, 2.6882, 0.2112
(26, 10): 0.2017, 0.1014, 2.6809, 0.2097
(26, 11): 0.2216, 0.1006, 2.5834, 0.2024
(26, 12): 0.2216, 0.1006, 2.5834, 0.2024
(26, 13): 0.2280, 0.1009, 2.5460, 0.2031
(26, 14): 0.2277, 0.1002, 2.5398, 0.1935
(26, 15): 0.2538, 0.1022, 2.4509, 0.2094
(26, 16): 0.2538, 0.1022, 2.4509, 0.2094
(26, 17): 0.3004, 0.1003, 2.2329, 0.2267
(26, 18): 0.2887, 0.1005, 2.2628, 0.2179
(26, 19): 0.2887, 0.1005, 2.2628, 0.2179
(26, 20): 0.3613, 0.1016, 2.1377, 0.2400
(26, 21): 0.3587, 0.1014, 2.1398, 0.3246
(26, 22): 0.3587, 0.1014, 2.1398, 0.3246
(26, 23): 0.2785, 0.1012, 2.6451, 0.2507
(26, 24): 0.3155, 0.1003, 2.4985, 0.2947
(26, 25): 0.3155, 0.1003, 2.4985, 0.2947
(26, 26): 0.2605, 0.1003, 2.8441, 0.2862
(26, 27): 0.3786, 0.1005, 2.3710, 0.2810
(26, 28): 0.3786, 0.1005, 2.3710, 0.2810
(26, 29): 0.3176, 0.1002, 2.6525, 0.2659
(26, 30): 0.4151, 0.1002, 2.2865, 0.2840
(26, 31): 0.4151, 0.1002, 2.2865, 0.2840
(26, 32): 0.4296, 0.1001, 2.2060, 0.2633
(26, 33): 0.2881, 0.1015, 2.6357, 0.2806
(26, 34): 0.3912, 0.1000, 2.0324, 0.2773
(26, 35): 0.3912, 0.1000, 2.0324, 0.2773
(26, 36): 0.4073, 0.1003, 1.9869, 0.2747
(26, 37): 0.3825, 0.1013, 2.1747, 0.2242
(27, 1): 0.1032, 0.1002, 2.4472, 0.2526
(27, 2): 0.1342, 0.1004, 2.5274, 0.2795
(27, 3): 0.1342, 0.1004, 2.5274, 0.2795
(27, 4): 0.1768, 0.1015, 2.8329, 0.2504
(27, 5): 0.1938, 0.1013, 2.7320, 0.2131
(27, 6): 0.1938, 0.1013, 2.7320, 0.2131
(27, 7): 0.1966, 0.1012, 2.7242, 0.2171
(27, 8): 0.1960, 0.1003, 2.7255, 0.2219
(27, 9): 0.1960, 0.1003, 2.7255, 0.2219
(27, 10): 0.2128, 0.1003, 2.6412, 0.2707
(27, 11): 0.2205, 0.1006, 2.5915, 0.2105
(27, 12): 0.2332, 0.1012, 2.5297, 0.2696
(27, 13): 0.2332, 0.1012, 2.5297, 0.2696
(27, 14): 0.2677, 0.1014, 2.3732, 0.2533
(27, 15): 0.3144, 0.1004, 2.1937, 0.2644
(27, 16): 0.3144, 0.1004, 2.1937, 0.2644
(27, 17): 0.3180, 0.1004, 2.2241, 0.2441
(27, 18): 0.3254, 0.1005, 2.1850, 0.2618
(27, 19): 0.3254, 0.1005, 2.1850, 0.2618
(27, 20): 0.2683, 0.1001, 2.4614, 0.2629
(27, 21): 0.2736, 0.1001, 2.4670, 0.2792
(27, 22): 0.2736, 0.1001, 2.4670, 0.2792
(27, 23): 0.2069, 0.1003, 3.0088, 0.3017
(27, 24): 0.1972, 0.1003, 3.0626, 0.3283
(27, 25): 0.1972, 0.1003, 3.0626, 0.3283
(27, 26): 0.2425, 0.1002, 2.8466, 0.2855
(27, 27): 0.2843, 0.1002, 2.7322, 0.2707
(27, 28): 0.2843, 0.1002, 2.7322, 0.2707
(27, 29): 0.2921, 0.1006, 2.6623, 0.3028
(27, 30): 0.3901, 0.1005, 2.2558, 0.2710
(27, 31): 0.3901, 0.1005, 2.2558, 0.2710
(27, 32): 0.3786, 0.1000, 2.3606, 0.3154
(27, 33): 0.2778, 0.1001, 2.6649, 0.2777
(27, 34): 0.2778, 0.1001, 2.6649, 0.2777
(27, 35): 0.3113, 0.1004, 2.4121, 0.2733
(27, 36): 0.3528, 0.1004, 2.1304, 0.3209
(27, 37): 0.5144, 0.1006, 1.6726, 0.2980
(28, 1): 0.0986, 0.1023, 2.4961, 0.3047
(28, 2): 0.1343, 0.1000, 2.5017, 0.2843
(28, 3): 0.1343, 0.1000, 2.5017, 0.2843
(28, 4): 0.1907, 0.1000, 2.8157, 0.2090
(28, 5): 0.1804, 0.1001, 2.8363, 0.2171
(28, 6): 0.1804, 0.1001, 2.8363, 0.2171
(28, 7): 0.1894, 0.1000, 2.7876, 0.2197
(28, 8): 0.2004, 0.1005, 2.7411, 0.2153
(28, 9): 0.2004, 0.1005, 2.7411, 0.2153
(28, 10): 0.2019, 0.1013, 2.7197, 0.2149
(28, 11): 0.2576, 0.1000, 2.4749, 0.2515
(28, 12): 0.2592, 0.1002, 2.4687, 0.2629
(28, 13): 0.2592, 0.1002, 2.4687, 0.2629
(28, 14): 0.3328, 0.1006, 2.1836, 0.2426
(28, 15): 0.3174, 0.1001, 2.2201, 0.2400
(28, 16): 0.3174, 0.1001, 2.2201, 0.2400
(28, 17): 0.3355, 0.1006, 2.1751, 0.2389
(28, 18): 0.3133, 0.1004, 2.2488, 0.2485
(28, 19): 0.3133, 0.1004, 2.2488, 0.2485
(28, 20): 0.2677, 0.1014, 2.5172, 0.2585
(28, 21): 0.2009, 0.1007, 2.8651, 0.2301
(28, 22): 0.2009, 0.1007, 2.8651, 0.2301
(28, 23): 0.1232, 0.1004, 3.3454, 0.2068
(28, 24): 0.2428, 0.1000, 2.6475, 0.2851
(28, 25): 0.2428, 0.1000, 2.6475, 0.2851
(28, 26): 0.1915, 0.1003, 2.9925, 0.2806
(28, 27): 0.2561, 0.1006, 2.7066, 0.2467
(28, 28): 0.2561, 0.1006, 2.7066, 0.2467
(28, 29): 0.2989, 0.1001, 2.4112, 0.2969
(28, 30): 0.3488, 0.1001, 2.3536, 0.2895
(28, 31): 0.3488, 0.1001, 2.3536, 0.2895
(28, 32): 0.4419, 0.1010, 1.8765, 0.2474
(28, 33): 0.3667, 0.1005, 2.1832, 0.2566
(28, 34): 0.3667, 0.1005, 2.1832, 0.2566
(28, 35): 0.3361, 0.1000, 2.2700, 0.2976
(28, 36): 0.3408, 0.1006, 2.0704, 0.2810
(28, 37): 0.4234, 0.1000, 1.9260, 0.3150
(29, 1): 0.1178, 0.1006, 2.4479, 0.2474
(29, 2): 0.1441, 0.1012, 2.5716, 0.2806
(29, 3): 0.1441, 0.1012, 2.5716, 0.2806
(29, 4): 0.1690, 0.1002, 2.8900, 0.2116
(29, 5): 0.1916, 0.1018, 2.8124, 0.2662
(29, 6): 0.1916, 0.1018, 2.8124, 0.2662
(29, 7): 0.1796, 0.1009, 2.8729, 0.2171
(29, 8): 0.2227, 0.1007, 2.6591, 0.2626
(29, 9): 0.2529, 0.1012, 2.5325, 0.2559
(29, 10): 0.2529, 0.1012, 2.5325, 0.2559
(29, 11): 0.3042, 0.1001, 2.3364, 0.2456
(29, 12): 0.3123, 0.1007, 2.2964, 0.2459
(29, 13): 0.3123, 0.1007, 2.2964, 0.2459
(29, 14): 0.3057, 0.1001, 2.2876, 0.2422
(29, 15): 0.3152, 0.1012, 2.2373, 0.2437
(29, 16): 0.3152, 0.1012, 2.2373, 0.2437
(29, 17): 0.3180, 0.1003, 2.2250, 0.2467
(29, 18): 0.2940, 0.1014, 2.4123, 0.2589
(29, 19): 0.2940, 0.1014, 2.4123, 0.2589
(29, 20): 0.2180, 0.1003, 2.8076, 0.2585
(29, 21): 0.2114, 0.1001, 2.8080, 0.2168
(29, 22): 0.2114, 0.1001, 2.8080, 0.2168
(29, 23): 0.2659, 0.1004, 2.5415, 0.2810
(29, 24): 0.3641, 0.1001, 2.0765, 0.2319
(29, 25): 0.3641, 0.1001, 2.0765, 0.2319
(29, 26): 0.2087, 0.1007, 2.7631, 0.2692
(29, 27): 0.2367, 0.1001, 2.7212, 0.2319
(29, 28): 0.2367, 0.1001, 2.7212, 0.2319
(29, 29): 0.3663, 0.1006, 2.1561, 0.2633
(29, 30): 0.3336, 0.1008, 2.2247, 0.2803
(29, 31): 0.3336, 0.1008, 2.2247, 0.2803
(29, 32): 0.4062, 0.1013, 1.9089, 0.3017
(29, 33): 0.2931, 0.1009, 2.3508, 0.2363
(29, 34): 0.2931, 0.1009, 2.3508, 0.2363
(29, 35): 0.3464, 0.1002, 2.1454, 0.2899
(29, 36): 0.4091, 0.1004, 2.0012, 0.2496
(29, 37): 0.4091, 0.1004, 2.0012, 0.2496
(30, 1): 0.0899, 0.1000, 2.5124, 0.2500
(30, 2): 0.1461, 0.1014, 3.0713, 0.2459
(30, 3): 0.1461, 0.1014, 3.0713, 0.2459
(30, 4): 0.1816, 0.1011, 2.8457, 0.2227
(30, 5): 0.1735, 0.1004, 2.8887, 0.2031
(30, 6): 0.2400, 0.1017, 2.6240, 0.2507
(30, 7): 0.2400, 0.1017, 2.6240, 0.2507
(30, 8): 0.2605, 0.1004, 2.5233, 0.2478
(30, 9): 0.3003, 0.1016, 2.3807, 0.2378
(30, 10): 0.3003, 0.1016, 2.3807, 0.2378
(30, 11): 0.3000, 0.1007, 2.3433, 0.2415
(30, 12): 0.3043, 0.1004, 2.3246, 0.2378
(30, 13): 0.3043, 0.1004, 2.3246, 0.2378
(30, 14): 0.3033, 0.1003, 2.2988, 0.2408
(30, 15): 0.3005, 0.1001, 2.2894, 0.2404
(30, 16): 0.3005, 0.1001, 2.2894, 0.2404
(30, 17): 0.3119, 0.1008, 2.2498, 0.2434
(30, 18): 0.2817, 0.1003, 2.4369, 0.2570
(30, 19): 0.2817, 0.1003, 2.4369, 0.2570
(30, 20): 0.2092, 0.1029, 2.8496, 0.2914
(30, 21): 0.2256, 0.1012, 2.7771, 0.2873
(30, 22): 0.2256, 0.1012, 2.7771, 0.2873
(30, 23): 0.3695, 0.1002, 2.0515, 0.2249
(30, 24): 0.3527, 0.1001, 2.1272, 0.2382
(30, 25): 0.3527, 0.1001, 2.1272, 0.2382
(30, 26): 0.2369, 0.1005, 2.6686, 0.2596
(30, 27): 0.2456, 0.1008, 2.7143, 0.2493
(30, 28): 0.2456, 0.1008, 2.7143, 0.2493
(30, 29): 0.4010, 0.1010, 2.0557, 0.2792
(30, 30): 0.3357, 0.1001, 2.2443, 0.2600
(30, 31): 0.3357, 0.1001, 2.2443, 0.2600
(30, 32): 0.2628, 0.1005, 2.6048, 0.2319
(30, 33): 0.2229, 0.1006, 2.6199, 0.2611
(30, 34): 0.2229, 0.1006, 2.6199, 0.2611
(30, 35): 0.3136, 0.1000, 2.2767, 0.2522
(30, 36): 0.5575, 0.1008, 1.5544, 0.2570
(30, 37): 0.5575, 0.1008, 1.5544, 0.2570
(31, 1): 0.0899, 0.1000, 2.5124, 0.2500
(31, 2): 0.1461, 0.1014, 3.0713, 0.2459
(31, 3): 0.1816, 0.1011, 2.8457, 0.2227
(31, 4): 0.1816, 0.1011, 2.8457, 0.2227
(31, 5): 0.1735, 0.1004, 2.8887, 0.2031
(31, 6): 0.2400, 0.1017, 2.6240, 0.2507
(31, 7): 0.2400, 0.1017, 2.6240, 0.2507
(31, 8): 0.2605, 0.1004, 2.5233, 0.2478
(31, 9): 0.3003, 0.1016, 2.3807, 0.2378
(31, 10): 0.3003, 0.1016, 2.3807, 0.2378
(31, 11): 0.3000, 0.1007, 2.3433, 0.2415
(31, 12): 0.3043, 0.1004, 2.3246, 0.2378
(31, 13): 0.3043, 0.1004, 2.3246, 0.2378
(31, 14): 0.3033, 0.1003, 2.2988, 0.2408
(31, 15): 0.3005, 0.1001, 2.2894, 0.2404
(31, 16): 0.3005, 0.1001, 2.2894, 0.2404
(31, 17): 0.3119, 0.1008, 2.2498, 0.2434
(31, 18): 0.2817, 0.1003, 2.4369, 0.2570
(31, 19): 0.2817, 0.1003, 2.4369, 0.2570
(31, 20): 0.2092, 0.1029, 2.8496, 0.2914
(31, 21): 0.2256, 0.1012, 2.7771, 0.2873
(31, 22): 0.2256, 0.1012, 2.7771, 0.2873
(31, 23): 0.3695, 0.1002, 2.0515, 0.2249
(31, 24): 0.3527, 0.1001, 2.1272, 0.2382
(31, 25): 0.3527, 0.1001, 2.1272, 0.2382
(31, 26): 0.2369, 0.1005, 2.6686, 0.2596
(31, 27): 0.2456, 0.1008, 2.7143, 0.2493
(31, 28): 0.2456, 0.1008, 2.7143, 0.2493
(31, 29): 0.4010, 0.1010, 2.0557, 0.2792
(31, 30): 0.3357, 0.1001, 2.2443, 0.2600
(31, 31): 0.3357, 0.1001, 2.2443, 0.2600
(31, 32): 0.2628, 0.1005, 2.6048, 0.2319
(31, 33): 0.2229, 0.1006, 2.6199, 0.2611
(31, 34): 0.2229, 0.1006, 2.6199, 0.2611
(31, 35): 0.3136, 0.1000, 2.2767, 0.2522
(31, 36): 0.5575, 0.1008, 1.5544, 0.2570
(31, 37): 0.5575, 0.1008, 1.5544, 0.2570
(32, 1): 0.0899, 0.1000, 2.5124, 0.2500
(32, 2): 0.1461, 0.1014, 3.0713, 0.2459
(32, 3): 0.1816, 0.1011, 2.8457, 0.2227
(32, 4): 0.1816, 0.1011, 2.8457, 0.2227
(32, 5): 0.1735, 0.1004, 2.8887, 0.2031
(32, 6): 0.2400, 0.1017, 2.6240, 0.2507
(32, 7): 0.2400, 0.1017, 2.6240, 0.2507
(32, 8): 0.2605, 0.1004, 2.5233, 0.2478
(32, 9): 0.3003, 0.1016, 2.3807, 0.2378
(32, 10): 0.3003, 0.1016, 2.3807, 0.2378
(32, 11): 0.3000, 0.1007, 2.3433, 0.2415
(32, 12): 0.3043, 0.1004, 2.3246, 0.2378
(32, 13): 0.3043, 0.1004, 2.3246, 0.2378
(32, 14): 0.3033, 0.1003, 2.2988, 0.2408
(32, 15): 0.3005, 0.1001, 2.2894, 0.2404
(32, 16): 0.3005, 0.1001, 2.2894, 0.2404
(32, 17): 0.3119, 0.1008, 2.2498, 0.2434
(32, 18): 0.2817, 0.1003, 2.4369, 0.2570
(32, 19): 0.2817, 0.1003, 2.4369, 0.2570
(32, 20): 0.2092, 0.1029, 2.8496, 0.2914
(32, 21): 0.2256, 0.1012, 2.7771, 0.2873
(32, 22): 0.2256, 0.1012, 2.7771, 0.2873
(32, 23): 0.3695, 0.1002, 2.0515, 0.2249
(32, 24): 0.3527, 0.1001, 2.1272, 0.2382
(32, 25): 0.3527, 0.1001, 2.1272, 0.2382
(32, 26): 0.2369, 0.1005, 2.6686, 0.2596
(32, 27): 0.2456, 0.1008, 2.7143, 0.2493
(32, 28): 0.2456, 0.1008, 2.7143, 0.2493
(32, 29): 0.4010, 0.1010, 2.0557, 0.2792
(32, 30): 0.3357, 0.1001, 2.2443, 0.2600
(32, 31): 0.3357, 0.1001, 2.2443, 0.2600
(32, 32): 0.2628, 0.1005, 2.6048, 0.2319
(32, 33): 0.2229, 0.1006, 2.6199, 0.2611
(32, 34): 0.2229, 0.1006, 2.6199, 0.2611
(32, 35): 0.3136, 0.1000, 2.2767, 0.2522
(32, 36): 0.5575, 0.1008, 1.5544, 0.2570
(32, 37): 0.5575, 0.1008, 1.5544, 0.2570
