(9, 1): -0.0197, 11.0709, 5.7984
(9, 2): -0.0197, 11.0709, 5.7984
(9, 3): 0.0015, 11.0128, 4.5952
(9, 4): -0.0502, 11.0185, 4.5215
(9, 5): -0.0502, 11.0185, 4.5215
(9, 6): -0.0002, 11.0300, 4.7234
(9, 7): 0.0128, 11.0477, 5.2185
(9, 8): 0.0128, 11.0477, 5.2185
(9, 9): -0.0481, 11.1074, 5.8397
(9, 10): -0.0740, 11.0904, 5.4918
(9, 11): -0.0565, 11.0089, 5.1365
(9, 12): -0.0565, 11.0089, 5.1365
(9, 13): -0.0393, 11.0449, 4.8099
(9, 14): 0.0218, 11.0153, 4.5632
(9, 15): 0.0218, 11.0153, 4.5632
(9, 16): -0.0506, 11.0135, 4.9374
(9, 17): -0.0394, 11.0362, 5.2008
(9, 18): -0.0394, 11.0362, 5.2008
(9, 19): -0.0055, 11.0955, 5.1054
(9, 20): 0.0219, 11.0073, 5.1857
(9, 21): -0.0082, 11.0200, 5.0346
(9, 22): -0.0082, 11.0200, 5.0346
(9, 23): -0.0224, 11.0003, 5.0347
(9, 24): -0.0409, 11.0888, 5.4666
(9, 25): -0.0409, 11.0888, 5.4666
(9, 26): -0.0129, 11.0274, 5.1289
(9, 27): -0.0429, 11.0344, 5.2530
(9, 28): -0.0367, 11.0089, 4.7106
(9, 29): -0.0367, 11.0089, 4.7106
(9, 30): -0.0396, 11.1353, 4.7416
(9, 31): -0.0236, 11.0010, 4.8217
(9, 32): -0.0236, 11.0010, 4.8217
(9, 33): 0.0015, 11.0184, 5.2968
(9, 34): -0.0391, 11.0044, 6.0991
(9, 35): -0.0166, 11.0364, 4.8804
(9, 36): -0.0166, 11.0364, 4.8804
(9, 37): 0.0005, 11.0215, 5.0521
(10, 1): 0.0088, 11.0157, 5.4120
(10, 2): 0.0088, 11.0157, 5.4120
(10, 3): -0.0681, 11.0004, 4.9364
(10, 4): -0.0688, 11.0066, 4.7157
(10, 5): -0.0688, 11.0066, 4.7157
(10, 6): -0.1170, 11.0293, 5.2990
(10, 7): -0.0306, 11.0252, 5.1647
(10, 8): -0.0306, 11.0252, 5.1647
(10, 9): -0.0097, 11.1083, 4.7455
(10, 10): -0.1044, 11.0638, 5.2587
(10, 11): -0.1423, 11.0089, 5.6999
(10, 12): -0.1423, 11.0089, 5.6999
(10, 13): -0.1433, 11.0167, 5.7569
(10, 14): -0.0333, 11.0014, 4.8508
(10, 15): -0.0333, 11.0014, 4.8508
(10, 16): -0.0762, 11.0325, 5.5057
(10, 17): -0.0207, 11.0285, 4.6715
(10, 18): -0.0274, 11.0104, 5.2160
(10, 19): -0.0274, 11.0104, 5.2160
(10, 20): -0.0001, 11.0139, 5.1888
(10, 21): 0.0226, 11.0552, 4.6236
(10, 22): 0.0226, 11.0552, 4.6236
(10, 23): 0.0050, 11.0274, 5.1094
(10, 24): 0.0361, 11.0086, 4.7880
(10, 25): 0.0361, 11.0086, 4.7880
(10, 26): 0.0049, 11.0039, 5.6792
(10, 27): 0.0061, 11.0115, 5.1068
(10, 28): 0.0115, 11.0285, 4.2965
(10, 29): 0.0115, 11.0285, 4.2965
(10, 30): 0.0296, 11.0635, 4.3856
(10, 31): -0.0336, 11.1458, 4.7948
(10, 32): -0.0336, 11.1458, 4.7948
(10, 33): 0.0212, 11.0378, 5.0773
(10, 34): 0.0167, 11.0064, 5.7919
(10, 35): 0.0085, 11.0190, 5.2105
(10, 36): 0.0085, 11.0190, 5.2105
(10, 37): 0.0475, 11.0505, 4.3151
(11, 1): 0.0072, 11.0376, 4.6730
(11, 2): 0.0072, 11.0376, 4.6730
(11, 3): -0.0893, 11.0104, 5.1212
(11, 4): -0.0227, 11.0300, 4.6450
(11, 5): -0.0227, 11.0300, 4.6450
(11, 6): -0.0763, 11.0014, 4.8911
(11, 7): 0.0137, 11.0388, 4.5649
(11, 8): 0.0137, 11.0388, 4.5649
(11, 9): -0.0721, 11.0874, 4.5510
(11, 10): -0.0880, 11.0615, 4.9972
(11, 11): -0.0282, 11.0499, 4.5663
(11, 12): -0.0282, 11.0499, 4.5663
(11, 13): -0.0009, 11.0457, 4.6128
(11, 14): -0.0539, 11.0024, 5.4452
(11, 15): -0.0539, 11.0024, 5.4452
(11, 16): -0.1151, 11.0054, 5.2384
(11, 17): -0.1218, 11.0241, 4.9298
(11, 18): -0.0496, 11.0335, 4.9405
(11, 19): -0.0496, 11.0335, 4.9405
(11, 20): -0.0227, 11.0055, 5.4514
(11, 21): 0.0087, 11.0648, 4.7979
(11, 22): 0.0087, 11.0648, 4.7979
(11, 23): 0.0123, 11.0039, 5.0243
(11, 24): 0.0199, 11.0335, 5.2795
(11, 25): 0.0199, 11.0335, 5.2795
(11, 26): -0.0001, 11.0050, 5.6681
(11, 27): 0.0149, 11.0299, 5.3587
(11, 28): -0.0287, 11.1064, 5.8750
(11, 29): -0.0287, 11.1064, 5.8750
(11, 30): -0.0790, 11.0043, 5.7931
(11, 31): -0.0357, 11.0437, 5.7767
(11, 32): -0.0357, 11.0437, 5.7767
(11, 33): 0.0250, 11.0058, 4.9519
(11, 34): 0.0040, 11.0156, 5.8676
(11, 35): -0.0394, 11.0267, 6.3791
(11, 36): -0.0394, 11.0267, 6.3791
(11, 37): -0.0237, 11.0152, 5.3574
(12, 1): -0.2283, 11.0036, 6.1302
(12, 2): -0.2283, 11.0036, 6.1302
(12, 3): -0.0941, 11.0173, 5.2586
(12, 4): -0.0431, 11.0553, 4.7613
(12, 5): -0.0431, 11.0553, 4.7613
(12, 6): -0.1077, 11.0025, 5.2193
(12, 7): 0.0173, 11.0730, 4.7259
(12, 8): 0.0173, 11.0730, 4.7259
(12, 9): 0.0770, 11.0064, 3.7369
(12, 10): -0.0453, 11.0311, 3.7451
(12, 11): -0.1164, 11.0039, 5.4962
(12, 12): -0.1164, 11.0039, 5.4962
(12, 13): -0.0947, 11.1305, 5.3799
(12, 14): -0.0016, 11.0684, 4.2058
(12, 15): -0.0016, 11.0684, 4.2058
(12, 16): -0.1203, 11.0435, 5.0952
(12, 17): -0.1363, 11.0043, 5.6885
(12, 18): -0.0084, 11.0297, 4.0146
(12, 19): -0.0084, 11.0297, 4.0146
(12, 20): -0.0721, 11.0067, 4.6912
(12, 21): -0.0185, 11.0183, 4.8956
(12, 22): -0.0185, 11.0183, 4.8956
(12, 23): -0.0370, 11.0146, 4.8618
(12, 24): -0.0101, 11.0092, 4.9961
(12, 25): -0.0101, 11.0092, 4.9961
(12, 26): -0.0158, 11.0518, 5.5136
(12, 27): 0.0192, 11.0773, 5.1276
(12, 28): -0.0252, 11.0809, 5.4708
(12, 29): -0.0252, 11.0809, 5.4708
(12, 30): -0.0024, 11.0141, 4.6935
(12, 31): -0.0434, 11.0098, 5.2778
(12, 32): -0.0434, 11.0098, 5.2778
(12, 33): 0.0054, 11.0217, 5.6237
(12, 34): -0.0402, 11.0464, 6.0357
(12, 35): -0.0402, 11.0464, 6.0357
(12, 36): -0.0382, 11.0651, 5.6397
(12, 37): -0.0187, 11.0471, 5.6442
(13, 1): -0.1430, 11.0003, 5.0870
(13, 2): -0.1430, 11.0003, 5.0870
(13, 3): -0.1396, 11.2084, 4.9719
(13, 4): -0.0733, 11.0052, 4.6019
(13, 5): -0.0733, 11.0052, 4.6019
(13, 6): 0.0294, 11.0060, 3.9528
(13, 7): 0.0912, 11.0392, 4.6247
(13, 8): 0.0912, 11.0392, 4.6247
(13, 9): 0.0819, 11.0570, 4.6066
(13, 10): 0.0098, 11.0422, 4.9101
(13, 11): -0.0242, 11.0027, 4.2831
(13, 12): -0.0242, 11.0027, 4.2831
(13, 13): -0.0947, 11.1305, 5.3799
(13, 14): -0.0016, 11.0684, 4.2058
(13, 15): -0.0016, 11.0684, 4.2058
(13, 16): -0.1203, 11.0435, 5.0952
(13, 17): -0.1363, 11.0043, 5.6885
(13, 18): -0.0084, 11.0297, 4.0146
(13, 19): -0.0084, 11.0297, 4.0146
(13, 20): -0.0721, 11.0067, 4.6912
(13, 21): -0.0185, 11.0183, 4.8956
(13, 22): -0.0185, 11.0183, 4.8956
(13, 23): -0.0370, 11.0146, 4.8618
(13, 24): -0.0101, 11.0092, 4.9961
(13, 25): -0.0101, 11.0092, 4.9961
(13, 26): -0.0158, 11.0518, 5.5136
(13, 27): 0.0192, 11.0773, 5.1276
(13, 28): -0.0252, 11.0809, 5.4708
(13, 29): -0.0252, 11.0809, 5.4708
(13, 30): -0.0024, 11.0141, 4.6935
(13, 31): 0.0309, 11.0195, 5.0365
(13, 32): 0.0309, 11.0195, 5.0365
(13, 33): -0.0439, 11.0172, 5.7225
(13, 34): -0.0444, 11.1133, 6.1928
(13, 35): -0.0444, 11.1133, 6.1928
(13, 36): -0.0359, 11.0544, 5.4592
(13, 37): -0.0058, 11.0625, 4.5079
(14, 1): -0.0480, 11.0109, 4.4893
(14, 2): -0.0480, 11.0109, 4.4893
(14, 3): -0.0654, 11.0663, 4.3718
(14, 4): -0.0291, 11.0401, 4.3465
(14, 5): -0.0291, 11.0401, 4.3465
(14, 6): 0.0935, 11.0406, 4.4976
(14, 7): 0.0912, 11.0392, 4.6247
(14, 8): 0.0819, 11.0570, 4.6066
(14, 9): 0.0819, 11.0570, 4.6066
(14, 10): 0.0098, 11.0422, 4.9101
(14, 11): -0.0242, 11.0027, 4.2831
(14, 12): -0.0242, 11.0027, 4.2831
(14, 13): -0.1010, 11.0130, 5.3351
(14, 14): -0.0876, 11.0050, 5.0277
(14, 15): -0.0876, 11.0050, 5.0277
(14, 16): -0.0985, 11.0695, 5.0300
(14, 17): -0.0942, 11.0106, 5.2379
(14, 18): -0.0482, 11.0704, 4.9583
(14, 19): -0.0482, 11.0704, 4.9583
(14, 20): 0.0133, 11.1062, 4.2369
(14, 21): -0.1141, 11.0335, 5.3774
(14, 22): -0.1141, 11.0335, 5.3774
(14, 23): -0.1354, 11.0338, 5.8059
(14, 24): -0.0832, 11.0214, 5.8722
(14, 25): -0.0832, 11.0214, 5.8722
(14, 26): -0.0678, 11.0251, 4.8020
(14, 27): -0.0726, 11.0091, 4.6623
(14, 28): -0.0378, 11.1069, 4.8475
(14, 29): -0.0378, 11.1069, 4.8475
(14, 30): -0.1376, 11.0620, 4.9665
(14, 31): 0.0309, 11.0195, 5.0365
(14, 32): 0.0309, 11.0195, 5.0365
(14, 33): -0.0439, 11.0172, 5.7225
(14, 34): -0.0444, 11.1133, 6.1928
(14, 35): -0.0444, 11.1133, 6.1928
(14, 36): -0.0359, 11.0544, 5.4592
(14, 37): -0.0665, 11.0147, 5.5612
(15, 1): -0.0149, 11.0739, 4.2332
(15, 2): -0.0149, 11.0739, 4.2332
(15, 3): -0.0654, 11.0663, 4.3718
(15, 4): -0.0291, 11.0401, 4.3465
(15, 5): -0.0291, 11.0401, 4.3465
(15, 6): 0.0935, 11.0406, 4.4976
(15, 7): 0.1396, 11.0081, 4.1169
(15, 8): 0.0741, 11.0131, 4.5728
(15, 9): 0.0741, 11.0131, 4.5728
(15, 10): 0.1367, 11.0192, 4.1544
(15, 11): 0.0382, 11.0231, 4.6222
(15, 12): 0.0382, 11.0231, 4.6222
(15, 13): -0.0239, 11.0002, 5.0459
(15, 14): -0.0746, 11.0011, 4.9849
(15, 15): -0.0746, 11.0011, 4.9849
(15, 16): -0.0565, 11.0005, 4.5163
(15, 17): -0.0459, 11.0747, 4.7024
(15, 18): -0.0279, 11.0685, 4.6727
(15, 19): -0.0279, 11.0685, 4.6727
(15, 20): -0.0559, 11.0357, 4.9661
(15, 21): -0.1235, 11.0708, 5.3636
(15, 22): -0.1235, 11.0708, 5.3636
(15, 23): -0.1997, 11.0115, 6.4089
(15, 24): -0.2185, 11.1048, 7.1448
(15, 25): -0.2185, 11.1048, 7.1448
(15, 26): -0.2722, 11.0373, 6.9954
(15, 27): -0.1850, 11.0553, 5.2306
(15, 28): -0.1211, 11.1191, 5.1400
(15, 29): -0.1211, 11.1191, 5.1400
(15, 30): -0.0526, 11.0084, 5.1536
(15, 31): -0.0903, 11.0258, 6.3803
(15, 32): -0.0903, 11.0258, 6.3803
(15, 33): -0.0684, 11.1239, 5.8020
(15, 34): -0.0504, 11.0257, 5.7359
(15, 35): -0.0504, 11.0257, 5.7359
(15, 36): -0.0557, 11.0337, 5.8863
(15, 37): -0.0665, 11.0147, 5.5612
(16, 1): -0.0149, 11.0739, 4.2332
(16, 2): -0.0149, 11.0739, 4.2332
(16, 3): 0.0051, 11.0737, 4.2237
(16, 4): 0.0196, 11.0089, 5.1857
(16, 5): 0.0196, 11.0089, 5.1857
(16, 6): 0.0563, 11.0268, 4.7400
(16, 7): 0.1979, 11.0013, 3.9441
(16, 8): 0.1938, 11.0139, 4.1339
(16, 9): 0.1938, 11.0139, 4.1339
(16, 10): 0.2157, 11.0650, 3.8709
(16, 11): 0.0708, 11.0793, 5.3048
(16, 12): 0.0708, 11.0793, 5.3048
(16, 13): -0.0189, 11.0513, 4.8525
(16, 14): 0.0082, 11.0067, 4.7246
(16, 15): 0.0082, 11.0067, 4.7246
(16, 16): -0.0205, 11.0151, 4.6054
(16, 17): -0.0336, 11.0255, 4.7298
(16, 18): -0.0426, 11.0389, 4.6950
(16, 19): -0.0426, 11.0389, 4.6950
(16, 20): -0.0522, 11.0427, 5.3637
(16, 21): -0.0286, 11.0732, 5.3287
(16, 22): -0.0286, 11.0732, 5.3287
(16, 23): -0.0606, 11.0115, 5.9681
(16, 24): -0.1414, 11.0016, 7.3107
(16, 25): -0.1414, 11.0016, 7.3107
(16, 26): -0.1346, 11.0079, 7.3159
(16, 27): -0.2385, 11.0239, 6.0082
(16, 28): -0.1259, 11.0075, 4.7981
(16, 29): -0.1259, 11.0075, 4.7981
(16, 30): -0.1797, 11.0026, 5.4942
(16, 31): -0.1482, 11.0384, 5.8026
(16, 32): -0.1482, 11.0384, 5.8026
(16, 33): -0.1033, 11.1658, 6.2880
(16, 34): -0.0481, 11.0063, 6.6559
(16, 35): -0.0481, 11.0063, 6.6559
(16, 36): -0.0110, 11.0371, 5.9159
(16, 37): -0.0252, 11.0853, 5.9762
(1, 1): 0.4368, 11.0383, 2.7868
(1, 2): 0.4368, 11.0383, 2.7868
(1, 3): 0.2871, 11.0065, 3.4650
(1, 4): 0.2871, 11.0065, 3.4650
(1, 5): 0.1532, 11.0025, 3.8554
(1, 6): 0.1214, 11.0054, 4.2304
(1, 7): 0.0546, 11.0929, 4.9470
(1, 8): 0.0546, 11.0929, 4.9470
(1, 9): 0.1293, 11.0064, 4.3504
(1, 10): 0.1207, 11.0217, 4.5428
(1, 11): 0.1207, 11.0217, 4.5428
(1, 12): 0.0907, 11.1127, 4.4103
(1, 13): 0.0878, 11.0032, 4.4980
(1, 14): 0.1379, 11.0128, 4.3255
(1, 15): 0.1379, 11.0128, 4.3255
(1, 16): 0.0866, 11.0173, 4.5386
(1, 17): 0.0534, 11.0098, 4.8722
(1, 18): 0.0534, 11.0098, 4.8722
(1, 19): 0.0607, 11.0191, 4.8189
(1, 20): 0.0886, 11.0115, 4.3773
(1, 21): 0.0877, 11.0001, 4.2432
(1, 22): 0.0877, 11.0001, 4.2432
(1, 23): 0.0607, 11.0313, 5.1618
(1, 24): -0.0064, 11.0448, 6.0214
(1, 25): 0.0258, 11.0120, 5.9137
(1, 26): 0.0258, 11.0120, 5.9137
(1, 27): 0.0243, 11.0370, 6.5507
(1, 28): -0.0747, 11.0043, 7.6668
(1, 29): -0.0747, 11.0043, 7.6668
(1, 30): 0.0894, 11.0274, 3.9204
(1, 31): -0.1864, 11.0516, 4.0705
(1, 32): -0.2514, 11.0135, 3.8010
(1, 33): -0.2514, 11.0135, 3.8010
(1, 34): -0.3998, 11.3237, 4.3836
(1, 35): 0.2183, 11.1113, 2.6720
(1, 36): 0.2183, 11.1113, 2.6720
(1, 37): -0.0666, 11.0570, 3.6565
(2, 1): 0.2462, 11.0062, 3.7548
(2, 2): 0.2462, 11.0062, 3.7548
(2, 3): 0.1344, 11.0912, 3.9757
(2, 4): 0.1344, 11.0912, 3.9757
(2, 5): 0.0963, 11.0386, 4.1832
(2, 6): 0.0258, 11.0241, 5.0793
(2, 7): -0.0321, 11.0887, 5.1668
(2, 8): -0.0321, 11.0887, 5.1668
(2, 9): 0.0229, 11.0008, 5.6299
(2, 10): 0.0616, 11.0106, 5.1621
(2, 11): 0.0616, 11.0106, 5.1621
(2, 12): 0.0795, 11.0293, 4.6397
(2, 13): 0.0878, 11.0032, 4.4980
(2, 14): 0.1379, 11.0128, 4.3255
(2, 15): 0.1379, 11.0128, 4.3255
(2, 16): 0.0866, 11.0173, 4.5386
(2, 17): 0.0534, 11.0098, 4.8722
(2, 18): 0.0534, 11.0098, 4.8722
(2, 19): 0.0607, 11.0191, 4.8189
(2, 20): 0.0886, 11.0115, 4.3773
(2, 21): 0.0877, 11.0001, 4.2432
(2, 22): 0.0877, 11.0001, 4.2432
(2, 23): 0.0607, 11.0313, 5.1618
(2, 24): -0.0064, 11.0448, 6.0214
(2, 25): 0.0258, 11.0120, 5.9137
(2, 26): 0.0258, 11.0120, 5.9137
(2, 27): 0.0243, 11.0370, 6.5507
(2, 28): -0.0747, 11.0043, 7.6668
(2, 29): -0.0747, 11.0043, 7.6668
(2, 30): 0.1130, 11.0044, 2.9316
(2, 31): -0.3773, 11.0221, 3.3743
(2, 32): 0.7592, 11.1449, 1.0182
(2, 33): 0.7592, 11.1449, 1.0182
(2, 34): -0.4662, 11.0145, 4.6253
(2, 35): 0.0168, 11.0865, 3.3251
(2, 36): 0.0168, 11.0865, 3.3251
(2, 37): -0.1009, 11.0502, 5.8431
(3, 1): 0.0995, 11.0084, 4.4142
(3, 2): 0.0995, 11.0084, 4.4142
(3, 3): 0.0536, 11.1552, 4.4248
(3, 4): 0.0536, 11.1552, 4.4248
(3, 5): 0.0347, 11.0195, 4.6086
(3, 6): 0.0377, 11.0011, 4.3037
(3, 7): -0.0321, 11.0887, 5.1668
(3, 8): -0.0321, 11.0887, 5.1668
(3, 9): 0.0229, 11.0008, 5.6299
(3, 10): 0.0616, 11.0106, 5.1621
(3, 11): 0.0616, 11.0106, 5.1621
(3, 12): 0.0795, 11.0293, 4.6397
(3, 13): 0.0619, 11.0567, 4.8105
(3, 14): 0.0849, 11.0005, 4.6415
(3, 15): 0.0849, 11.0005, 4.6415
(3, 16): 0.0928, 11.0328, 4.7630
(3, 17): 0.1451, 11.0176, 3.9806
(3, 18): 0.1451, 11.0176, 3.9806
(3, 19): 0.1339, 11.0349, 4.5681
(3, 20): 0.1963, 11.0048, 4.0356
(3, 21): 0.2253, 11.0035, 3.4429
(3, 22): 0.2253, 11.0035, 3.4429
(3, 23): 0.2233, 11.0033, 3.7388
(3, 24): 0.0827, 11.0071, 4.2745
(3, 25): 0.0827, 11.0071, 4.2745
(3, 26): 0.0489, 11.0156, 4.8025
(3, 27): 0.1185, 11.0115, 4.2392
(3, 28): 0.1113, 11.0186, 3.6033
(3, 29): 0.1113, 11.0186, 3.6033
(3, 30): 0.1130, 11.0044, 2.9316
(3, 31): -0.3773, 11.0221, 3.3743
(3, 32): 0.7592, 11.1449, 1.0182
(3, 33): 0.7592, 11.1449, 1.0182
(3, 34): -0.4662, 11.0145, 4.6253
(3, 35): 0.0168, 11.0865, 3.3251
(3, 36): 0.0168, 11.0865, 3.3251
(3, 37): -0.0061, 11.0034, 6.2928
(4, 1): 0.0003, 11.0345, 5.5934
(4, 2): 0.0003, 11.0345, 5.5934
(4, 3): 0.0536, 11.1552, 4.4248
(4, 4): 0.0536, 11.1552, 4.4248
(4, 5): 0.0347, 11.0195, 4.6086
(4, 6): 0.0377, 11.0011, 4.3037
(4, 7): 0.0728, 11.0220, 4.3758
(4, 8): 0.0728, 11.0220, 4.3758
(4, 9): -0.0043, 11.0375, 5.4713
(4, 10): 0.0785, 11.0095, 5.0300
(4, 11): 0.0785, 11.0095, 5.0300
(4, 12): 0.0808, 11.0266, 4.4320
(4, 13): 0.0078, 11.1400, 5.0759
(4, 14): 0.0315, 11.0115, 5.0462
(4, 15): 0.0315, 11.0115, 5.0462
(4, 16): 0.0811, 11.0296, 4.9440
(4, 17): 0.0574, 11.0629, 5.0166
(4, 18): 0.0574, 11.0629, 5.0166
(4, 19): 0.0481, 11.2335, 4.8268
(4, 20): 0.0532, 11.0034, 4.7955
(4, 21): 0.0615, 11.0083, 5.5022
(4, 22): 0.0615, 11.0083, 5.5022
(4, 23): 0.0881, 11.0095, 4.7497
(4, 24): 0.1286, 11.0269, 4.4601
(4, 25): 0.1286, 11.0269, 4.4601
(4, 26): 0.1097, 11.0347, 4.2164
(4, 27): 0.0761, 11.0142, 4.1889
(4, 28): 0.0948, 11.0290, 3.3224
(4, 29): 0.0948, 11.0290, 3.3224
(4, 30): 0.3155, 11.0226, 2.3791
(4, 31): -0.4957, 11.0094, 5.7472
(4, 32): -0.4285, 11.0768, 6.2525
(4, 33): -0.4285, 11.0768, 6.2525
(4, 34): -0.1408, 11.1450, 4.3139
(4, 35): -0.0804, 11.0107, 3.9806
(4, 36): -0.0804, 11.0107, 3.9806
(4, 37): -0.0061, 11.0034, 6.2928
(5, 1): 0.0003, 11.0345, 5.5934
(5, 2): 0.0003, 11.0345, 5.5934
(5, 3): -0.0467, 11.0357, 6.1641
(5, 4): -0.0467, 11.0357, 6.1641
(5, 5): 0.0727, 11.0543, 4.5174
(5, 6): 0.1011, 11.0386, 4.4989
(5, 7): 0.1130, 11.0745, 4.6336
(5, 8): 0.1130, 11.0745, 4.6336
(5, 9): -0.0154, 11.0148, 5.1455
(5, 10): -0.0070, 11.0097, 5.3537
(5, 11): -0.0070, 11.0097, 5.3537
(5, 12): 0.0313, 11.0013, 5.4070
(5, 13): 0.0468, 11.0530, 4.7985
(5, 14): 0.0475, 11.0080, 4.9925
(5, 15): 0.0475, 11.0080, 4.9925
(5, 16): 0.0636, 11.0487, 4.9933
(5, 17): 0.0774, 11.0690, 4.3010
(5, 18): 0.0774, 11.0690, 4.3010
(5, 19): 0.0858, 11.0109, 4.0200
(5, 20): 0.0414, 11.0076, 5.1946
(5, 21): 0.0192, 11.0067, 5.4663
(5, 22): 0.0192, 11.0067, 5.4663
(5, 23): 0.0348, 11.0183, 5.5155
(5, 24): 0.1245, 11.0606, 4.4876
(5, 25): 0.1245, 11.0606, 4.4876
(5, 26): 0.1390, 11.0096, 3.8568
(5, 27): 0.2174, 11.0030, 3.6275
(5, 28): 0.1793, 11.0256, 3.2578
(5, 29): 0.1793, 11.0256, 3.2578
(5, 30): 0.0658, 11.0369, 3.4543
(5, 31): 0.1382, 11.0358, 3.2016
(5, 32): 0.1382, 11.0358, 3.2016
(5, 33): -0.0205, 11.0144, 4.1370
(5, 34): -0.0589, 11.0229, 4.5265
(5, 35): -0.1370, 11.0251, 6.5292
(5, 36): -0.1370, 11.0251, 6.5292
(5, 37): -0.1016, 11.0187, 8.5196
(6, 1): -0.0172, 11.0068, 4.8440
(6, 2): -0.0172, 11.0068, 4.8440
(6, 3): -0.0119, 11.0374, 5.4089
(6, 4): -0.0119, 11.0374, 5.4089
(6, 5): -0.0466, 11.0877, 6.0650
(6, 6): 0.0321, 11.0201, 5.7825
(6, 7): 0.0068, 11.0272, 5.3436
(6, 8): 0.0068, 11.0272, 5.3436
(6, 9): 0.0035, 11.0143, 5.1742
(6, 10): 0.0047, 11.0401, 5.6553
(6, 11): 0.0047, 11.0401, 5.6553
(6, 12): -0.0042, 11.0308, 6.0075
(6, 13): 0.0250, 11.0928, 5.9205
(6, 14): 0.0037, 11.1060, 5.8431
(6, 15): 0.0037, 11.1060, 5.8431
(6, 16): -0.0074, 11.0279, 5.2587
(6, 17): 0.0735, 11.0459, 4.5835
(6, 18): 0.0735, 11.0459, 4.5835
(6, 19): 0.0819, 11.0548, 4.2439
(6, 20): -0.0197, 11.0064, 5.3884
(6, 21): -0.0311, 11.0014, 5.0078
(6, 22): -0.0311, 11.0014, 5.0078
(6, 23): 0.0725, 11.0025, 4.8190
(6, 24): 0.0979, 11.0898, 4.3757
(6, 25): 0.0979, 11.0898, 4.3757
(6, 26): 0.0808, 11.0551, 4.4417
(6, 27): 0.1803, 11.0220, 3.3644
(6, 28): 0.1072, 11.0114, 4.1864
(6, 29): 0.1072, 11.0114, 4.1864
(6, 30): 0.1027, 11.0405, 3.9836
(6, 31): 0.0446, 11.0077, 3.8557
(6, 32): 0.0446, 11.0077, 3.8557
(6, 33): 0.0571, 11.0943, 4.0162
(6, 34): -0.0190, 11.0649, 5.4119
(6, 35): -0.0433, 11.0105, 8.3687
(6, 36): -0.0433, 11.0105, 8.3687
(6, 37): -0.0137, 11.0176, 8.7397
(7, 1): -0.1264, 11.0238, 6.5223
(7, 2): -0.1264, 11.0238, 6.5223
(7, 3): -0.0631, 11.0175, 5.6038
(7, 4): -0.0030, 11.0305, 5.3158
(7, 5): -0.0030, 11.0305, 5.3158
(7, 6): -0.0237, 11.0191, 6.1924
(7, 7): 0.0119, 11.0212, 5.7978
(7, 8): 0.0119, 11.0212, 5.7978
(7, 9): -0.0115, 11.0264, 5.6680
(7, 10): -0.0399, 11.0147, 5.0727
(7, 11): 0.0210, 11.0183, 5.2946
(7, 12): 0.0210, 11.0183, 5.2946
(7, 13): 0.0787, 11.0288, 5.4507
(7, 14): 0.0174, 11.0336, 5.6572
(7, 15): 0.0174, 11.0336, 5.6572
(7, 16): -0.0308, 11.0336, 5.6301
(7, 17): -0.0123, 11.1222, 5.2771
(7, 18): -0.0123, 11.1222, 5.2771
(7, 19): 0.0457, 11.0142, 4.3848
(7, 20): -0.0737, 11.0011, 5.9300
(7, 21): -0.0051, 11.0446, 4.7373
(7, 22): -0.0051, 11.0446, 4.7373
(7, 23): 0.0225, 11.0303, 4.4925
(7, 24): 0.0631, 11.0004, 4.3122
(7, 25): 0.0631, 11.0004, 4.3122
(7, 26): 0.0340, 11.0225, 4.8358
(7, 27): 0.0568, 11.1580, 4.4354
(7, 28): 0.0317, 11.0570, 4.5582
(7, 29): 0.0317, 11.0570, 4.5582
(7, 30): 0.0439, 11.0022, 3.9668
(7, 31): 0.0260, 11.0410, 3.7387
(7, 32): 0.0260, 11.0410, 3.7387
(7, 33): 0.0767, 11.0176, 4.4446
(7, 34): -0.0265, 11.0181, 6.1496
(7, 35): -0.0475, 11.0041, 9.1877
(7, 36): -0.0475, 11.0041, 9.1877
(7, 37): -0.0605, 11.0412, 10.0586
(8, 1): -0.0575, 11.0613, 6.0193
(8, 2): -0.0575, 11.0613, 6.0193
(8, 3): -0.0028, 11.0046, 4.9877
(8, 4): -0.0555, 11.0665, 5.2007
(8, 5): -0.0555, 11.0665, 5.2007
(8, 6): -0.0995, 11.0720, 5.9922
(8, 7): -0.0668, 11.0070, 6.1359
(8, 8): -0.0668, 11.0070, 6.1359
(8, 9): 0.0025, 11.0078, 5.6349
(8, 10): -0.0179, 11.0429, 5.6260
(8, 11): 0.0536, 11.0179, 4.3791
(8, 12): 0.0536, 11.0179, 4.3791
(8, 13): 0.1224, 11.0068, 4.2244
(8, 14): 0.0976, 11.0308, 4.4167
(8, 15): 0.0976, 11.0308, 4.4167
(8, 16): 0.0617, 11.0853, 4.5268
(8, 17): 0.0332, 11.0078, 4.4621
(8, 18): 0.0332, 11.0078, 4.4621
(8, 19): -0.0000, 11.0236, 4.8521
(8, 20): -0.0326, 11.0355, 5.7557
(8, 21): 0.0380, 11.0693, 4.7079
(8, 22): 0.0380, 11.0693, 4.7079
(8, 23): 0.0562, 11.0419, 4.1444
(8, 24): 0.0680, 11.0341, 4.3891
(8, 25): 0.0680, 11.0341, 4.3891
(8, 26): 0.0600, 11.0059, 4.6218
(8, 27): 0.0382, 11.0563, 5.2106
(8, 28): -0.0205, 11.0260, 4.9222
(8, 29): -0.0205, 11.0260, 4.9222
(8, 30): -0.0081, 11.0116, 4.3970
(8, 31): 0.0560, 11.0867, 4.0366
(8, 32): 0.0560, 11.0867, 4.0366
(8, 33): 0.0290, 11.0007, 5.6571
(8, 34): -0.0058, 11.0107, 6.2466
(8, 35): -0.0319, 11.0699, 7.2803
(8, 36): -0.0319, 11.0699, 7.2803
(8, 37): -0.0637, 11.0307, 7.7676
(17, 1): -0.0095, 11.0495, 4.4351
(17, 2): -0.0095, 11.0495, 4.4351
(17, 3): 0.0374, 11.1301, 5.0271
(17, 4): 0.0182, 11.0036, 5.3052
(17, 5): 0.0182, 11.0036, 5.3052
(17, 6): 0.1381, 11.0109, 4.5161
(17, 7): 0.1992, 11.0406, 4.2404
(17, 8): 0.1777, 11.0011, 4.7054
(17, 9): 0.1777, 11.0011, 4.7054
(17, 10): 0.1586, 11.0292, 4.5600
(17, 11): 0.0872, 11.0415, 4.2659
(17, 12): 0.0872, 11.0415, 4.2659
(17, 13): 0.0263, 11.0447, 4.7844
(17, 14): 0.0006, 11.0072, 5.2257
(17, 15): 0.0006, 11.0072, 5.2257
(17, 16): 0.0122, 11.0178, 4.9677
(17, 17): -0.0192, 11.0210, 4.4891
(17, 18): -0.0631, 11.1543, 5.8521
(17, 19): -0.0631, 11.1543, 5.8521
(17, 20): 0.0008, 11.0379, 5.2594
(17, 21): -0.0335, 11.0071, 5.4923
(17, 22): -0.0335, 11.0071, 5.4923
(17, 23): -0.1161, 11.0327, 6.3729
(17, 24): -0.0739, 11.0252, 6.3149
(17, 25): -0.0739, 11.0252, 6.3149
(17, 26): -0.1353, 11.0123, 7.0294
(17, 27): -0.1047, 11.0681, 5.0993
(17, 28): -0.1533, 11.0504, 4.8866
(17, 29): -0.1533, 11.0504, 4.8866
(17, 30): -0.0900, 11.0291, 4.9580
(17, 31): -0.1790, 11.0006, 6.0348
(17, 32): -0.1790, 11.0006, 6.0348
(17, 33): -0.1262, 11.0643, 6.4704
(17, 34): -0.0473, 11.0694, 6.4816
(17, 35): -0.0473, 11.0694, 6.4816
(17, 36): 0.0566, 11.0369, 5.4154
(17, 37): 0.0318, 11.0129, 5.7337
(18, 1): 0.0632, 11.0660, 4.2540
(18, 2): 0.0632, 11.0660, 4.2540
(18, 3): 0.0416, 11.0693, 5.2059
(18, 4): 0.0562, 11.0029, 5.6291
(18, 5): 0.0852, 11.0215, 5.6520
(18, 6): 0.0852, 11.0215, 5.6520
(18, 7): 0.1552, 11.0002, 4.9085
(18, 8): 0.1767, 11.0108, 4.6313
(18, 9): 0.1767, 11.0108, 4.6313
(18, 10): 0.1972, 11.0068, 3.7353
(18, 11): 0.1586, 11.0040, 4.0788
(18, 12): 0.1586, 11.0040, 4.0788
(18, 13): 0.1343, 11.0067, 4.3166
(18, 14): 0.0341, 11.0066, 4.4467
(18, 15): 0.0341, 11.0066, 4.4467
(18, 16): -0.0477, 11.0308, 5.5824
(18, 17): -0.0627, 11.0050, 5.7504
(18, 18): -0.0733, 11.0046, 5.8485
(18, 19): -0.0733, 11.0046, 5.8485
(18, 20): 0.0019, 11.0278, 5.5725
(18, 21): -0.0750, 11.0777, 5.8885
(18, 22): -0.0750, 11.0777, 5.8885
(18, 23): -0.0335, 11.0916, 6.0371
(18, 24): -0.0326, 11.0388, 6.2136
(18, 25): -0.0326, 11.0388, 6.2136
(18, 26): -0.0947, 11.0088, 6.2324
(18, 27): -0.0276, 11.1266, 5.1001
(18, 28): -0.0276, 11.1266, 5.1001
(18, 29): -0.1268, 11.0068, 5.1303
(18, 30): -0.1825, 11.1298, 5.8638
(18, 31): -0.1928, 11.1010, 6.3523
(18, 32): -0.1928, 11.1010, 6.3523
(18, 33): -0.1175, 11.0370, 6.4288
(18, 34): -0.0552, 11.0477, 6.2095
(18, 35): -0.0552, 11.0477, 6.2095
(18, 36): -0.0335, 11.0125, 5.9321
(18, 37): 0.0597, 11.0844, 5.3964
(19, 1): 0.1378, 11.1072, 3.4346
(19, 2): 0.1378, 11.1072, 3.4346
(19, 3): 0.0992, 11.0028, 5.0370
(19, 4): 0.1747, 11.1101, 4.9582
(19, 5): 0.0294, 11.0075, 6.2774
(19, 6): 0.0294, 11.0075, 6.2774
(19, 7): 0.1283, 11.0564, 4.6815
(19, 8): 0.1882, 11.1404, 4.2613
(19, 9): 0.1882, 11.1404, 4.2613
(19, 10): 0.2755, 11.0154, 3.6722
(19, 11): 0.2218, 11.0327, 3.7107
(19, 12): 0.2218, 11.0327, 3.7107
(19, 13): 0.1357, 11.0009, 3.9912
(19, 14): 0.0201, 11.0053, 4.6229
(19, 15): 0.0201, 11.0053, 4.6229
(19, 16): -0.0587, 11.0099, 5.4788
(19, 17): -0.0654, 11.0918, 6.1751
(19, 18): -0.0534, 11.0670, 6.0214
(19, 19): -0.0534, 11.0670, 6.0214
(19, 20): -0.0786, 11.0457, 6.0532
(19, 21): -0.0507, 11.0898, 6.0652
(19, 22): -0.0507, 11.0898, 6.0652
(19, 23): 0.0015, 11.0475, 5.7173
(19, 24): -0.1245, 11.0178, 6.9775
(19, 25): -0.1245, 11.0178, 6.9775
(19, 26): -0.0200, 11.0152, 5.7433
(19, 27): -0.0297, 11.1045, 6.0352
(19, 28): -0.0297, 11.1045, 6.0352
(19, 29): -0.0938, 11.0327, 5.9880
(19, 30): -0.0362, 11.0517, 5.6121
(19, 31): -0.0742, 11.1087, 5.4504
(19, 32): -0.0742, 11.1087, 5.4504
(19, 33): -0.0693, 11.0006, 6.3093
(19, 34): -0.0799, 11.0003, 6.4128
(19, 35): -0.0799, 11.0003, 6.4128
(19, 36): -0.0291, 11.1218, 6.1840
(19, 37): -0.0624, 11.0473, 6.5483
(20, 1): 0.2090, 11.1333, 3.1010
(20, 2): 0.2090, 11.1333, 3.1010
(20, 3): 0.1420, 11.1223, 4.5689
(20, 4): 0.1130, 11.0924, 5.0971
(20, 5): 0.1052, 11.0197, 4.7045
(20, 6): 0.1052, 11.0197, 4.7045
(20, 7): 0.1562, 11.0195, 4.5792
(20, 8): 0.1436, 11.0150, 4.5365
(20, 9): 0.1436, 11.0150, 4.5365
(20, 10): 0.1317, 11.0111, 4.7752
(20, 11): 0.1443, 11.0386, 4.4565
(20, 12): 0.1443, 11.0386, 4.4565
(20, 13): 0.0917, 11.0126, 4.6809
(20, 14): 0.0043, 11.0660, 4.8652
(20, 15): 0.0043, 11.0660, 4.8652
(20, 16): -0.1364, 11.0828, 6.1029
(20, 17): -0.0412, 11.0047, 5.5653
(20, 18): -0.0787, 11.0506, 5.2751
(20, 19): -0.0787, 11.0506, 5.2751
(20, 20): -0.0455, 11.0052, 5.6446
(20, 21): 0.0290, 11.1019, 4.9616
(20, 22): 0.0290, 11.1019, 4.9616
(20, 23): 0.0376, 11.0610, 5.3729
(20, 24): -0.0238, 11.0203, 5.9877
(20, 25): -0.0238, 11.0203, 5.9877
(20, 26): -0.0577, 11.0030, 6.0368
(20, 27): -0.0662, 11.0667, 6.0162
(20, 28): -0.0662, 11.0667, 6.0162
(20, 29): -0.0728, 11.0977, 6.2393
(20, 30): -0.0343, 11.0004, 5.7476
(20, 31): 0.0126, 11.1213, 5.7545
(20, 32): 0.0126, 11.1213, 5.7545
(20, 33): -0.0304, 11.0275, 6.2387
(20, 34): -0.0136, 11.0138, 5.4793
(20, 35): -0.0136, 11.0138, 5.4793
(20, 36): 0.0327, 11.0609, 5.3259
(20, 37): 0.0240, 11.0401, 4.9800
(21, 1): 0.3600, 11.0094, 2.3926
(21, 2): 0.1103, 11.1020, 4.0473
(21, 3): 0.1103, 11.1020, 4.0473
(21, 4): 0.1601, 11.0110, 4.2395
(21, 5): 0.1474, 11.0396, 4.0954
(21, 6): 0.1474, 11.0396, 4.0954
(21, 7): 0.2006, 11.0110, 4.0030
(21, 8): 0.2144, 11.0332, 3.6555
(21, 9): 0.2144, 11.0332, 3.6555
(21, 10): 0.1001, 11.0292, 4.6658
(21, 11): 0.0351, 11.0603, 5.3300
(21, 12): 0.0351, 11.0603, 5.3300
(21, 13): 0.0363, 11.0370, 4.9856
(21, 14): -0.0288, 11.0093, 5.0531
(21, 15): -0.0288, 11.0093, 5.0531
(21, 16): -0.1189, 11.0290, 5.6376
(21, 17): -0.1284, 11.0137, 5.6924
(21, 18): -0.1174, 11.0161, 6.0840
(21, 19): -0.1174, 11.0161, 6.0840
(21, 20): -0.0868, 11.0137, 6.1562
(21, 21): 0.0385, 11.0148, 4.7075
(21, 22): 0.0385, 11.0148, 4.7075
(21, 23): -0.0334, 11.0857, 5.4867
(21, 24): 0.0881, 11.0306, 4.6864
(21, 25): 0.0881, 11.0306, 4.6864
(21, 26): 0.0477, 11.0001, 5.6810
(21, 27): 0.0802, 11.0468, 5.0130
(21, 28): 0.0802, 11.0468, 5.0130
(21, 29): -0.0117, 11.0261, 5.8228
(21, 30): -0.0047, 11.0174, 6.0092
(21, 31): 0.0848, 11.0235, 5.8520
(21, 32): 0.0848, 11.0235, 5.8520
(21, 33): 0.0011, 11.0371, 5.6159
(21, 34): -0.0428, 11.0935, 5.8383
(21, 35): -0.0428, 11.0935, 5.8383
(21, 36): 0.0168, 11.0215, 5.3733
(21, 37): 0.1027, 11.0096, 4.6664
(22, 1): 0.2265, 11.0897, 3.2294
(22, 2): 0.3112, 11.0033, 2.7212
(22, 3): 0.3112, 11.0033, 2.7212
(22, 4): 0.0841, 11.1002, 4.3923
(22, 5): 0.1155, 11.0015, 4.1041
(22, 6): 0.1155, 11.0015, 4.1041
(22, 7): 0.1513, 11.0804, 3.9645
(22, 8): 0.1294, 11.0439, 4.2874
(22, 9): 0.1294, 11.0439, 4.2874
(22, 10): 0.1032, 11.0011, 4.4095
(22, 11): 0.0497, 11.0863, 4.9111
(22, 12): 0.0497, 11.0863, 4.9111
(22, 13): 0.0199, 11.0146, 5.1715
(22, 14): -0.0167, 11.0095, 4.9862
(22, 15): -0.0161, 11.0100, 4.1963
(22, 16): -0.0161, 11.0100, 4.1963
(22, 17): -0.0683, 11.1094, 5.1255
(22, 18): -0.0851, 11.0475, 5.7806
(22, 19): -0.0851, 11.0475, 5.7806
(22, 20): -0.0245, 11.0454, 5.3620
(22, 21): 0.0649, 11.0674, 5.3968
(22, 22): 0.0649, 11.0674, 5.3968
(22, 23): 0.0628, 11.0769, 4.6604
(22, 24): 0.0115, 11.0203, 5.2821
(22, 25): 0.0115, 11.0203, 5.2821
(22, 26): -0.0452, 11.0269, 5.5339
(22, 27): 0.0393, 11.0011, 5.1521
(22, 28): 0.0393, 11.0011, 5.1521
(22, 29): -0.0216, 11.0174, 5.5848
(22, 30): -0.0548, 11.0359, 5.7612
(22, 31): -0.0341, 11.0513, 5.9430
(22, 32): -0.0341, 11.0513, 5.9430
(22, 33): 0.0348, 11.0617, 5.5538
(22, 34): 0.0844, 11.0117, 4.8040
(22, 35): 0.0844, 11.0117, 4.8040
(22, 36): 0.1077, 11.0498, 4.3515
(22, 37): 0.0272, 11.0588, 5.3719
(23, 1): 0.1771, 11.0765, 3.2810
(23, 2): 0.1175, 11.0195, 3.4557
(23, 3): 0.1175, 11.0195, 3.4557
(23, 4): 0.0388, 11.0035, 4.4891
(23, 5): 0.0375, 11.0080, 4.5400
(23, 6): 0.0375, 11.0080, 4.5400
(23, 7): 0.0740, 11.0075, 4.3232
(23, 8): 0.0797, 11.2561, 4.5007
(23, 9): 0.0797, 11.2561, 4.5007
(23, 10): 0.0670, 11.1940, 4.7221
(23, 11): 0.1190, 11.0052, 4.3733
(23, 12): 0.1190, 11.0052, 4.3733
(23, 13): 0.0646, 11.0389, 4.7888
(23, 14): 0.0200, 11.0266, 4.9127
(23, 15): 0.0726, 11.0692, 3.7743
(23, 16): 0.0726, 11.0692, 3.7743
(23, 17): 0.0853, 11.1365, 4.3224
(23, 18): 0.0021, 11.0132, 4.8751
(23, 19): 0.0021, 11.0132, 4.8751
(23, 20): 0.0018, 11.0043, 5.3600
(23, 21): 0.0431, 11.0355, 5.7330
(23, 22): 0.0431, 11.0355, 5.7330
(23, 23): 0.1222, 11.0032, 4.5688
(23, 24): 0.1153, 11.0025, 4.8363
(23, 25): 0.1153, 11.0025, 4.8363
(23, 26): 0.0244, 11.0138, 5.1960
(23, 27): -0.0316, 11.0059, 5.7973
(23, 28): -0.0316, 11.0059, 5.7973
(23, 29): 0.0216, 11.0039, 5.9970
(23, 30): 0.0046, 11.0033, 5.4859
(23, 31): -0.0572, 11.0009, 6.2734
(23, 32): -0.0572, 11.0009, 6.2734
(23, 33): -0.0125, 11.0561, 5.7376
(23, 34): 0.0066, 11.0226, 5.8217
(23, 35): 0.0066, 11.0226, 5.8217
(23, 36): 0.0370, 11.0174, 4.8801
(23, 37): 0.0298, 11.1105, 4.8313
(24, 1): 0.2443, 11.2329, 3.0014
(24, 2): 0.2330, 11.0127, 3.0531
(24, 3): 0.2330, 11.0127, 3.0531
(24, 4): 0.0732, 11.1193, 4.1550
(24, 5): 0.1830, 11.0111, 3.2286
(24, 6): 0.1830, 11.0111, 3.2286
(24, 7): 0.2032, 11.0017, 3.0660
(24, 8): 0.1442, 11.0059, 3.3631
(24, 9): 0.1442, 11.0059, 3.3631
(24, 10): 0.1499, 11.1254, 3.2886
(24, 11): 0.1229, 11.0133, 3.6463
(24, 12): 0.1229, 11.0133, 3.6463
(24, 13): 0.0646, 11.0389, 4.7888
(24, 14): 0.0200, 11.0266, 4.9127
(24, 15): 0.0726, 11.0692, 3.7743
(24, 16): 0.0726, 11.0692, 3.7743
(24, 17): 0.0853, 11.1365, 4.3224
(24, 18): 0.0021, 11.0132, 4.8751
(24, 19): 0.0021, 11.0132, 4.8751
(24, 20): 0.0018, 11.0043, 5.3600
(24, 21): 0.0431, 11.0355, 5.7330
(24, 22): 0.0431, 11.0355, 5.7330
(24, 23): 0.1222, 11.0032, 4.5688
(24, 24): 0.1153, 11.0025, 4.8363
(24, 25): 0.1153, 11.0025, 4.8363
(24, 26): 0.0244, 11.0138, 5.1960
(24, 27): -0.0316, 11.0059, 5.7973
(24, 28): -0.0316, 11.0059, 5.7973
(24, 29): 0.0216, 11.0039, 5.9970
(24, 30): 0.0046, 11.0033, 5.4859
(24, 31): -0.0495, 11.0407, 5.8670
(24, 32): 0.0301, 11.0411, 5.5052
(24, 33): 0.0184, 11.0765, 5.9184
(24, 34): 0.0272, 11.0378, 5.5408
(24, 35): 0.0272, 11.0378, 5.5408
(24, 36): -0.0325, 11.0377, 6.3155
(24, 37): 0.0162, 11.0284, 5.7209
(25, 1): 0.1721, 11.0841, 3.6157
(25, 2): 0.2946, 11.0499, 3.0831
(25, 3): 0.2946, 11.0499, 3.0831
(25, 4): 0.1855, 11.0524, 3.3212
(25, 5): 0.1575, 11.0805, 3.5178
(25, 6): 0.1575, 11.0805, 3.5178
(25, 7): 0.2032, 11.0017, 3.0660
(25, 8): 0.1442, 11.0059, 3.3631
(25, 9): 0.1442, 11.0059, 3.3631
(25, 10): 0.1499, 11.1254, 3.2886
(25, 11): 0.1229, 11.0133, 3.6463
(25, 12): 0.1229, 11.0133, 3.6463
(25, 13): 0.1111, 11.0588, 3.7725
(25, 14): 0.0321, 11.0522, 4.3631
(25, 15): 0.0188, 11.0522, 4.1801
(25, 16): 0.0188, 11.0522, 4.1801
(25, 17): 0.0363, 11.0142, 4.6159
(25, 18): 0.0554, 11.0912, 4.6177
(25, 19): 0.0554, 11.0912, 4.6177
(25, 20): 0.0501, 11.0039, 5.1612
(25, 21): 0.1016, 11.0386, 4.6628
(25, 22): 0.1016, 11.0386, 4.6628
(25, 23): 0.1162, 11.0389, 4.8408
(25, 24): 0.1462, 11.0146, 4.7477
(25, 25): 0.1462, 11.0146, 4.7477
(25, 26): 0.0827, 11.1014, 5.2472
(25, 27): 0.0591, 11.0337, 5.2841
(25, 28): 0.0591, 11.0337, 5.2841
(25, 29): -0.0345, 11.1041, 5.9302
(25, 30): -0.0495, 11.0407, 5.8670
(25, 31): -0.0495, 11.0407, 5.8670
(25, 32): 0.0301, 11.0411, 5.5052
(25, 33): 0.0184, 11.0765, 5.9184
(25, 34): 0.0272, 11.0378, 5.5408
(25, 35): 0.0272, 11.0378, 5.5408
(25, 36): -0.0325, 11.0377, 6.3155
(25, 37): -0.0650, 11.0440, 6.7085
(26, 1): 0.1191, 11.1403, 4.2130
(26, 2): 0.2946, 11.0499, 3.0831
(26, 3): 0.2946, 11.0499, 3.0831
(26, 4): 0.1855, 11.0524, 3.3212
(26, 5): 0.1575, 11.0805, 3.5178
(26, 6): 0.1575, 11.0805, 3.5178
(26, 7): 0.2119, 11.0072, 3.1922
(26, 8): 0.2297, 11.0338, 3.0380
(26, 9): 0.2297, 11.0338, 3.0380
(26, 10): 0.1516, 11.0315, 3.3511
(26, 11): 0.0976, 11.0455, 3.6835
(26, 12): 0.0976, 11.0455, 3.6835
(26, 13): 0.0850, 11.0756, 3.8954
(26, 14): 0.1074, 11.0652, 3.6841
(26, 15): 0.0316, 11.0998, 4.2657
(26, 16): 0.0316, 11.0998, 4.2657
(26, 17): 0.1268, 11.0294, 3.8972
(26, 18): 0.0875, 11.1070, 4.1172
(26, 19): 0.0875, 11.1070, 4.1172
(26, 20): 0.0329, 11.0361, 4.8923
(26, 21): 0.1013, 11.0443, 4.2825
(26, 22): 0.1013, 11.0443, 4.2825
(26, 23): 0.0674, 11.0129, 4.7745
(26, 24): 0.1020, 11.0690, 5.3906
(26, 25): 0.1020, 11.0690, 5.3906
(26, 26): 0.0850, 11.0688, 5.3295
(26, 27): 0.0389, 11.0207, 6.0225
(26, 28): 0.0389, 11.0207, 6.0225
(26, 29): 0.0436, 11.0108, 5.7032
(26, 30): 0.0332, 11.0733, 5.5852
(26, 31): 0.0332, 11.0733, 5.5852
(26, 32): 0.0421, 11.1498, 5.3874
(26, 33): -0.0556, 11.0251, 6.0519
(26, 34): -0.0155, 11.0346, 5.5547
(26, 35): -0.0155, 11.0346, 5.5547
(26, 36): -0.0505, 11.0016, 6.5049
(26, 37): -0.0650, 11.0440, 6.7085
(27, 1): 0.1191, 11.1403, 4.2130
(27, 2): 0.2510, 11.0346, 3.0970
(27, 3): 0.2510, 11.0346, 3.0970
(27, 4): 0.2654, 11.0090, 2.9981
(27, 5): 0.2373, 11.0057, 3.1074
(27, 6): 0.2373, 11.0057, 3.1074
(27, 7): 0.2502, 11.0400, 3.0789
(27, 8): 0.1802, 11.0737, 3.3696
(27, 9): 0.1802, 11.0737, 3.3696
(27, 10): 0.1720, 11.0201, 3.3461
(27, 11): 0.1311, 11.1102, 3.6834
(27, 12): 0.1099, 11.0350, 3.7370
(27, 13): 0.1099, 11.0350, 3.7370
(27, 14): 0.0514, 11.0656, 4.3435
(27, 15): 0.0208, 11.0337, 5.2458
(27, 16): 0.0208, 11.0337, 5.2458
(27, 17): 0.0552, 11.0902, 4.9195
(27, 18): 0.0628, 11.0174, 4.7661
(27, 19): 0.0628, 11.0174, 4.7661
(27, 20): 0.1208, 11.0123, 4.0687
(27, 21): 0.0880, 11.0731, 4.3136
(27, 22): 0.0880, 11.0731, 4.3136
(27, 23): 0.0606, 11.0563, 4.6497
(27, 24): 0.0241, 11.0323, 5.6355
(27, 25): 0.0241, 11.0323, 5.6355
(27, 26): 0.1009, 11.0630, 5.4189
(27, 27): 0.0802, 11.0550, 5.4629
(27, 28): 0.0802, 11.0550, 5.4629
(27, 29): 0.1102, 11.0042, 4.9231
(27, 30): 0.0438, 11.0347, 5.6917
(27, 31): 0.0438, 11.0347, 5.6917
(27, 32): 0.0207, 11.0158, 5.7704
(27, 33): 0.0035, 11.0187, 6.0710
(27, 34): 0.0035, 11.0187, 6.0710
(27, 35): 0.0045, 11.0650, 5.4737
(27, 36): -0.0595, 11.1047, 5.3642
(27, 37): -0.1458, 11.0022, 6.3615
(28, 1): 0.1239, 11.0980, 4.2369
(28, 2): 0.1493, 11.0374, 4.0738
(28, 3): 0.1493, 11.0374, 4.0738
(28, 4): 0.2072, 11.1029, 3.4474
(28, 5): 0.2122, 11.0253, 3.4477
(28, 6): 0.2122, 11.0253, 3.4477
(28, 7): 0.2537, 11.0815, 3.1632
(28, 8): 0.1801, 11.0124, 3.5140
(28, 9): 0.1801, 11.0124, 3.5140
(28, 10): 0.1566, 11.0465, 3.5880
(28, 11): 0.1367, 11.0992, 3.8111
(28, 12): 0.0094, 11.0335, 4.9905
(28, 13): 0.0094, 11.0335, 4.9905
(28, 14): 0.0412, 11.0489, 5.1071
(28, 15): 0.0279, 11.0567, 5.1927
(28, 16): 0.0279, 11.0567, 5.1927
(28, 17): 0.0443, 11.0317, 4.6176
(28, 18): 0.0813, 11.1520, 4.4396
(28, 19): 0.0813, 11.1520, 4.4396
(28, 20): 0.1424, 11.0919, 3.9075
(28, 21): 0.1520, 11.0713, 3.8047
(28, 22): 0.1520, 11.0713, 3.8047
(28, 23): 0.1306, 11.0227, 4.1608
(28, 24): 0.0075, 11.0199, 5.5193
(28, 25): 0.0075, 11.0199, 5.5193
(28, 26): 0.0715, 11.1440, 5.4803
(28, 27): 0.0864, 11.0361, 5.8010
(28, 28): 0.0864, 11.0361, 5.8010
(28, 29): 0.1274, 11.0526, 5.1413
(28, 30): 0.1399, 11.0306, 4.9638
(28, 31): 0.1399, 11.0306, 4.9638
(28, 32): 0.1186, 11.0432, 4.9288
(28, 33): 0.0649, 11.0218, 5.7044
(28, 34): 0.0649, 11.0218, 5.7044
(28, 35): 0.0914, 11.1323, 5.3007
(28, 36): -0.0444, 11.0140, 4.9639
(28, 37): -0.0750, 11.0427, 5.7736
(29, 1): 0.1818, 11.0535, 4.5895
(29, 2): 0.2737, 11.0334, 2.9130
(29, 3): 0.2737, 11.0334, 2.9130
(29, 4): 0.0848, 11.0332, 4.2747
(29, 5): 0.1141, 11.0263, 3.9594
(29, 6): 0.1141, 11.0263, 3.9594
(29, 7): 0.1870, 11.0462, 3.6365
(29, 8): 0.1725, 11.0711, 3.7579
(29, 9): 0.0881, 11.0100, 4.5145
(29, 10): 0.0881, 11.0100, 4.5145
(29, 11): 0.0735, 11.0584, 4.8393
(29, 12): 0.1130, 11.0489, 4.3947
(29, 13): 0.1130, 11.0489, 4.3947
(29, 14): 0.0639, 11.0458, 4.6769
(29, 15): 0.1108, 11.1519, 4.4775
(29, 16): 0.1108, 11.1519, 4.4775
(29, 17): 0.0115, 11.0055, 4.9793
(29, 18): -0.0197, 11.0182, 5.0639
(29, 19): -0.0197, 11.0182, 5.0639
(29, 20): 0.0793, 11.0063, 4.1200
(29, 21): 0.1116, 11.0285, 3.8797
(29, 22): 0.1116, 11.0285, 3.8797
(29, 23): 0.1096, 11.0028, 3.9159
(29, 24): 0.1317, 11.0137, 3.9586
(29, 25): 0.1317, 11.0137, 3.9586
(29, 26): 0.1448, 11.1099, 4.3901
(29, 27): 0.2684, 11.0989, 4.3083
(29, 28): 0.2684, 11.0989, 4.3083
(29, 29): 0.1187, 11.1419, 5.4793
(29, 30): 0.1174, 11.0442, 4.8368
(29, 31): 0.1174, 11.0442, 4.8368
(29, 32): 0.1370, 11.0774, 4.3654
(29, 33): 0.0558, 11.0616, 4.4545
(29, 34): 0.0558, 11.0616, 4.4545
(29, 35): 0.1390, 11.1955, 4.0142
(29, 36): -0.0785, 11.1211, 5.7182
(29, 37): -0.0785, 11.1211, 5.7182
(30, 1): 0.2923, 11.1042, 3.1046
(30, 2): 0.0224, 11.0340, 4.5783
(30, 3): 0.0224, 11.0340, 4.5783
(30, 4): 0.0378, 11.0308, 4.3102
(30, 5): 0.0013, 11.0623, 4.6466
(30, 6): 0.0706, 11.0772, 4.5627
(30, 7): 0.0706, 11.0772, 4.5627
(30, 8): 0.0729, 11.0157, 4.6753
(30, 9): 0.0955, 11.0274, 4.8275
(30, 10): 0.0955, 11.0274, 4.8275
(30, 11): 0.0630, 11.1797, 5.0553
(30, 12): 0.0756, 11.1052, 4.6724
(30, 13): 0.0756, 11.1052, 4.6724
(30, 14): -0.0002, 11.0199, 5.2878
(30, 15): 0.0347, 11.0283, 4.7937
(30, 16): 0.0347, 11.0283, 4.7937
(30, 17): -0.0323, 11.0637, 5.2069
(30, 18): 0.0106, 11.0881, 4.7235
(30, 19): 0.0106, 11.0881, 4.7235
(30, 20): -0.0142, 11.0245, 4.6489
(30, 21): -0.0166, 11.0049, 4.9997
(30, 22): -0.0166, 11.0049, 4.9997
(30, 23): 0.0833, 11.0485, 4.2925
(30, 24): 0.0679, 11.0097, 4.4179
(30, 25): 0.0679, 11.0097, 4.4179
(30, 26): 0.0940, 11.0162, 4.4853
(30, 27): 0.1638, 11.0100, 4.6806
(30, 28): 0.1638, 11.0100, 4.6806
(30, 29): 0.0523, 11.0565, 5.9220
(30, 30): 0.0225, 11.0411, 5.5972
(30, 31): 0.0225, 11.0411, 5.5972
(30, 32): -0.0268, 11.0450, 5.7654
(30, 33): 0.0547, 11.1220, 4.4058
(30, 34): 0.0547, 11.1220, 4.4058
(30, 35): 0.0904, 11.0765, 3.9445
(30, 36): -0.0199, 11.0213, 4.7459
(30, 37): -0.0199, 11.0213, 4.7459
(31, 1): 0.2923, 11.1042, 3.1046
(31, 2): 0.0224, 11.0340, 4.5783
(31, 3): 0.0378, 11.0308, 4.3102
(31, 4): 0.0378, 11.0308, 4.3102
(31, 5): 0.0013, 11.0623, 4.6466
(31, 6): 0.0706, 11.0772, 4.5627
(31, 7): 0.0706, 11.0772, 4.5627
(31, 8): 0.0729, 11.0157, 4.6753
(31, 9): 0.0955, 11.0274, 4.8275
(31, 10): 0.0955, 11.0274, 4.8275
(31, 11): 0.0630, 11.1797, 5.0553
(31, 12): 0.0756, 11.1052, 4.6724
(31, 13): 0.0756, 11.1052, 4.6724
(31, 14): -0.0002, 11.0199, 5.2878
(31, 15): 0.0347, 11.0283, 4.7937
(31, 16): 0.0347, 11.0283, 4.7937
(31, 17): -0.0323, 11.0637, 5.2069
(31, 18): 0.0106, 11.0881, 4.7235
(31, 19): 0.0106, 11.0881, 4.7235
(31, 20): -0.0142, 11.0245, 4.6489
(31, 21): -0.0166, 11.0049, 4.9997
(31, 22): -0.0166, 11.0049, 4.9997
(31, 23): 0.0833, 11.0485, 4.2925
(31, 24): 0.0679, 11.0097, 4.4179
(31, 25): 0.0679, 11.0097, 4.4179
(31, 26): 0.0940, 11.0162, 4.4853
(31, 27): 0.1638, 11.0100, 4.6806
(31, 28): 0.1638, 11.0100, 4.6806
(31, 29): 0.0523, 11.0565, 5.9220
(31, 30): 0.0225, 11.0411, 5.5972
(31, 31): 0.0225, 11.0411, 5.5972
(31, 32): -0.0268, 11.0450, 5.7654
(31, 33): 0.0547, 11.1220, 4.4058
(31, 34): 0.0547, 11.1220, 4.4058
(31, 35): 0.0904, 11.0765, 3.9445
(31, 36): -0.0199, 11.0213, 4.7459
(31, 37): -0.0199, 11.0213, 4.7459
(32, 1): 0.2923, 11.1042, 3.1046
(32, 2): 0.0224, 11.0340, 4.5783
(32, 3): 0.0378, 11.0308, 4.3102
(32, 4): 0.0378, 11.0308, 4.3102
(32, 5): 0.0013, 11.0623, 4.6466
(32, 6): 0.0706, 11.0772, 4.5627
(32, 7): 0.0706, 11.0772, 4.5627
(32, 8): 0.0729, 11.0157, 4.6753
(32, 9): 0.0955, 11.0274, 4.8275
(32, 10): 0.0955, 11.0274, 4.8275
(32, 11): 0.0630, 11.1797, 5.0553
(32, 12): 0.0756, 11.1052, 4.6724
(32, 13): 0.0756, 11.1052, 4.6724
(32, 14): -0.0002, 11.0199, 5.2878
(32, 15): 0.0347, 11.0283, 4.7937
(32, 16): 0.0347, 11.0283, 4.7937
(32, 17): -0.0323, 11.0637, 5.2069
(32, 18): 0.0106, 11.0881, 4.7235
(32, 19): 0.0106, 11.0881, 4.7235
(32, 20): -0.0142, 11.0245, 4.6489
(32, 21): -0.0166, 11.0049, 4.9997
(32, 22): -0.0166, 11.0049, 4.9997
(32, 23): 0.0833, 11.0485, 4.2925
(32, 24): 0.0679, 11.0097, 4.4179
(32, 25): 0.0679, 11.0097, 4.4179
(32, 26): 0.0940, 11.0162, 4.4853
(32, 27): 0.1638, 11.0100, 4.6806
(32, 28): 0.1638, 11.0100, 4.6806
(32, 29): 0.0523, 11.0565, 5.9220
(32, 30): 0.0225, 11.0411, 5.5972
(32, 31): 0.0225, 11.0411, 5.5972
(32, 32): -0.0268, 11.0450, 5.7654
(32, 33): 0.0547, 11.1220, 4.4058
(32, 34): 0.0547, 11.1220, 4.4058
(32, 35): 0.0904, 11.0765, 3.9445
(32, 36): -0.0199, 11.0213, 4.7459
(32, 37): -0.0199, 11.0213, 4.7459
