(10, 7): nan, nan, nan, 0.0000
(10, 8): nan, nan, nan, 0.0000
(10, 9): nan, nan, nan, 0.0000
(10, 10): 0.1075, 0.7512, 0.6099, 0.2142
(10, 11): 0.2460, 0.7550, 0.2706, 0.2125
(10, 12): 0.2016, 0.7506, 0.5211, 0.2071
(10, 13): nan, nan, nan, 0.0000
(10, 14): nan, nan, nan, 0.1774
(10, 15): 0.1781, 0.7506, 0.7397, 0.2498
(10, 16): 0.1756, 0.7506, 0.7729, 0.2228
(10, 17): 0.1342, 0.7506, 0.8406, 0.1985
(10, 18): 0.1631, 0.7506, 0.8128, 0.1887
(10, 19): 0.1400, 0.7513, 0.8371, 0.1872
(10, 20): 0.1486, 0.7506, 0.8270, 0.1842
(10, 21): 0.1006, 0.7519, 0.9002, 0.1792
(10, 22): 0.1521, 0.7512, 0.8494, 0.1729
(10, 23): 0.1889, 0.7506, 0.7985, 0.1698
(10, 24): 0.1536, 0.7506, 0.8658, 0.1640
(10, 25): 0.1648, 0.7506, 0.8904, 0.1579
(10, 26): 0.2003, 0.7506, 0.8326, 0.1530
(10, 27): nan, nan, nan, 0.0000
(11, 1): nan, nan, nan, 0.0000
(11, 2): nan, nan, nan, 0.0000
(11, 3): nan, nan, nan, 0.0000
(11, 4): nan, nan, nan, 0.0000
(11, 5): nan, nan, nan, 0.0000
(11, 6): nan, nan, nan, 0.0000
(11, 7): nan, nan, nan, 0.0000
(11, 8): nan, nan, nan, 0.0000
(11, 9): nan, nan, nan, 0.0000
(11, 10): 0.1495, 0.7512, 0.7398, 0.2070
(11, 11): 0.1537, 0.7513, 0.8980, 0.2071
(11, 12): 0.1543, 0.7506, 0.9071, 0.2100
(11, 13): 0.1341, 0.7512, 0.3176, 0.2096
(11, 14): nan, nan, nan, 0.0000
(11, 15): nan, nan, nan, 0.0000
(11, 16): 0.6464, 0.7625, 0.1472, 0.1827
(11, 17): 0.1514, 0.7506, 0.8184, 0.1878
(11, 18): 0.1503, 0.7506, 0.8266, 0.1862
(11, 19): 0.1223, 0.7506, 0.8837, 0.1836
(11, 20): 0.1558, 0.7506, 0.8543, 0.1803
(11, 21): 0.1703, 0.7506, 0.8510, 0.1740
(11, 22): 0.1462, 0.7506, 0.8764, 0.1704
(11, 23): 0.1967, 0.7506, 0.7916, 0.1648
(11, 24): 0.1556, 0.7512, 0.8761, 0.1580
(11, 25): 0.1796, 0.7506, 0.8508, 0.1540
(11, 26): 0.1470, 0.7506, 0.8797, 0.1514
(11, 27): nan, nan, nan, 0.0000
(12, 1): nan, nan, nan, 0.0000
(12, 2): nan, nan, nan, 0.0000
(12, 3): nan, nan, nan, 0.0000
(12, 4): nan, nan, nan, 0.0000
(12, 5): nan, nan, nan, 0.0000
(12, 6): nan, nan, nan, 0.0000
(12, 7): nan, nan, nan, 0.0000
(12, 8): nan, nan, nan, 0.0000
(12, 9): nan, nan, nan, 0.0000
(12, 10): 0.1813, 0.7506, 0.8522, 0.2066
(12, 11): 0.1610, 0.7506, 0.9053, 0.2089
(12, 12): 0.1588, 0.7506, 0.9032, 0.2205
(12, 13): 0.1596, 0.7506, 0.7135, 0.2012
(12, 14): 0.1829, 0.7512, 0.4228, 0.2003
(12, 15): nan, nan, nan, 0.0000
(12, 16): 0.4281, 0.7506, 0.2147, 0.2273
(12, 17): 0.1752, 0.7506, 0.7845, 0.1939
(12, 18): 0.1564, 0.7519, 0.8266, 0.1838
(12, 19): 0.1671, 0.7512, 0.8591, 0.1816
(12, 20): 0.1143, 0.7519, 0.9463, 0.1783
(12, 21): 0.1269, 0.7506, 0.9335, 0.1758
(12, 22): 0.1438, 0.7506, 0.8953, 0.1659
(12, 23): 0.1188, 0.7506, 0.8731, 0.1609
(12, 24): 0.1859, 0.7506, 0.7231, 0.1579
(12, 25): 0.1611, 0.7544, 0.3671, 0.1621
(12, 26): 0.1590, 0.7519, 0.2705, 0.1544
(12, 27): nan, nan, nan, 0.0000
(13, 1): nan, nan, nan, 0.0000
(13, 2): nan, nan, nan, 0.0000
(13, 3): nan, nan, nan, 0.0000
(13, 4): nan, nan, nan, 0.0000
(13, 5): nan, nan, nan, 0.0000
(13, 6): nan, nan, nan, 0.0000
(13, 7): nan, nan, nan, 0.0000
(13, 8): nan, nan, nan, 0.0000
(13, 9): nan, nan, nan, 0.0000
(13, 10): 0.1673, 0.7506, 0.9367, 0.2034
(13, 11): 0.1589, 0.7512, 0.9345, 0.2034
(13, 12): 0.1442, 0.7531, 0.8865, 0.2011
(13, 13): 0.1879, 0.7519, 0.6990, 0.1970
(13, 14): 0.2778, 0.7513, 0.2746, 0.1868
(13, 15): nan, nan, nan, 0.0000
(13, 16): 0.0472, 0.7619, 0.2172, 0.2041
(13, 17): 0.1371, 0.7512, 0.6759, 0.2131
(13, 18): 0.1675, 0.7512, 0.7660, 0.1812
(13, 19): 0.1428, 0.7506, 0.8756, 0.1781
(13, 20): 0.1718, 0.7512, 0.8403, 0.1724
(13, 21): 0.1297, 0.7544, 0.9179, 0.1705
(13, 22): 0.1004, 0.7506, 0.9155, 0.1644
(13, 23): 0.1728, 0.7506, 0.7932, 0.1595
(13, 24): 0.1574, 0.7512, 0.7368, 0.1596
(13, 25): nan, nan, nan, 0.1408
(13, 26): nan, nan, nan, 0.0000
(13, 27): nan, nan, nan, 0.0000
(14, 1): nan, nan, nan, 0.0000
(14, 2): nan, nan, nan, 0.0000
(14, 3): nan, nan, nan, 0.0000
(14, 4): nan, nan, nan, 0.0000
(14, 5): nan, nan, nan, 0.0000
(14, 6): nan, nan, nan, 0.0000
(14, 7): nan, nan, nan, 0.0000
(14, 8): nan, nan, nan, 0.0000
(14, 9): nan, nan, nan, 0.0000
(14, 10): 0.1334, 0.7512, 1.0117, 0.2028
(14, 11): 0.1760, 0.7506, 0.9654, 0.2077
(14, 12): 0.1915, 0.7512, 0.8573, 0.2053
(14, 13): -1.1520, 0.7611, 0.2702, 0.1838
(14, 14): nan, nan, nan, 0.0000
(14, 15): nan, nan, nan, 0.1706
(14, 16): 0.1169, 0.7506, 0.7132, 0.2468
(14, 17): 0.1531, 0.7506, 0.8508, 0.2115
(14, 18): 0.1415, 0.7506, 0.8791, 0.1802
(14, 19): 0.1384, 0.7506, 0.8506, 0.1709
(14, 20): 0.1241, 0.7506, 0.8451, 0.1724
(14, 21): 0.1279, 0.7506, 0.8279, 0.1651
(14, 22): 0.1559, 0.7506, 0.8172, 0.1627
(14, 23): 0.1236, 0.7506, 0.8343, 0.1577
(14, 24): 0.1519, 0.7506, 0.7519, 0.1565
(14, 25): 0.1540, 0.7506, 0.4553, 0.1554
(14, 26): 1.2497, 0.7506, 0.3333, 0.1561
(14, 27): -2.6751, 0.7674, 0.0003, 0.1366
(15, 1): nan, nan, nan, 0.0000
(15, 2): nan, nan, nan, 0.0000
(15, 3): nan, nan, nan, 0.0000
(15, 4): nan, nan, nan, 0.0000
(15, 5): nan, nan, nan, 0.0000
(15, 6): nan, nan, nan, 0.0000
(15, 7): nan, nan, nan, 0.0000
(15, 8): nan, nan, nan, 0.0000
(15, 9): 0.3178, 0.7506, 0.2013, 0.2231
(15, 10): 0.1410, 0.7506, 0.9836, 0.2600
(15, 11): 0.1550, 0.7506, 0.9358, 0.2451
(15, 12): 0.1821, 0.7512, 0.9074, 0.2701
(15, 13): 0.1751, 0.7506, 0.3726, 0.2262
(15, 14): -2.6912, 0.7697, 0.4431, 0.1655
(15, 15): 0.1663, 0.7513, 0.7164, 0.1941
(15, 16): 0.1363, 0.7506, 0.8587, 0.2037
(15, 17): 0.1150, 0.7506, 0.8471, 0.2230
(15, 18): 0.1042, 0.7519, 0.7754, 0.1891
(15, 19): 0.1443, 0.7506, 0.8655, 0.1688
(15, 20): 0.1381, 0.7512, 0.8305, 0.1658
(15, 21): 0.1705, 0.7519, 0.7972, 0.1615
(15, 22): 0.1823, 0.7506, 0.7963, 0.1595
(15, 23): 0.2118, 0.7513, 0.7787, 0.1573
(15, 24): 0.1643, 0.7506, 0.8125, 0.1576
(15, 25): 0.1711, 0.7512, 0.8096, 0.1510
(15, 26): 0.1713, 0.7537, 0.7797, 0.1503
(15, 27): 0.2754, 0.7506, 0.4910, 0.1535
(16, 1): nan, nan, nan, 0.0000
(16, 2): nan, nan, nan, 0.0000
(16, 3): nan, nan, nan, 0.0000
(16, 4): nan, nan, nan, 0.0000
(16, 5): nan, nan, nan, 0.0000
(16, 6): nan, nan, nan, 0.0000
(16, 7): nan, nan, nan, 0.0000
(16, 8): nan, nan, nan, 0.0000
(16, 9): 0.0723, 0.7512, 0.3682, 0.2189
(16, 10): 0.1147, 0.7506, 0.9282, 0.2982
(16, 11): 0.1268, 0.7512, 0.9314, 0.3238
(16, 12): 0.1389, 0.7512, 0.9258, 0.2044
(16, 13): 0.1655, 0.7512, 0.3448, 0.2054
(16, 14): 0.1645, 0.7512, 0.8927, 0.1906
(16, 15): 0.2139, 0.7512, 0.8597, 0.2024
(16, 16): 0.2170, 0.7519, 0.7507, 0.2163
(16, 17): 0.1425, 0.7506, 0.7676, 0.1935
(16, 18): 0.1356, 0.7506, 0.8940, 0.1773
(16, 19): 0.1399, 0.7512, 0.8790, 0.1638
(16, 20): 0.1692, 0.7512, 0.8174, 0.1599
(16, 21): 0.1782, 0.7512, 0.7937, 0.1585
(16, 22): 0.1664, 0.7512, 0.8442, 0.1577
(16, 23): 0.1480, 0.7531, 0.8494, 0.1578
(16, 24): 0.1330, 0.7512, 0.8865, 0.1530
(16, 25): 0.1549, 0.7525, 0.8432, 0.1530
(16, 26): 0.1375, 0.7506, 0.8308, 0.1480
(16, 27): 0.1363, 0.7506, 0.5259, 0.1515
(17, 1): nan, nan, nan, 0.0000
(17, 2): nan, nan, nan, 0.0000
(17, 3): nan, nan, nan, 0.0000
(17, 4): nan, nan, nan, 0.0000
(17, 5): nan, nan, nan, 0.0000
(17, 6): nan, nan, nan, 0.0000
(17, 7): nan, nan, nan, 0.0000
(17, 8): nan, nan, nan, 0.0000
(17, 9): 0.1138, 0.7506, 0.7008, 0.2172
(17, 10): 0.1409, 0.7506, 0.9212, 0.2407
(17, 11): 0.1354, 0.7506, 0.9175, 0.2171
(17, 12): 0.1472, 0.7506, 0.9083, 0.2388
(17, 13): 0.1374, 0.7506, 0.7685, 0.1900
(17, 14): 0.1997, 0.7506, 0.7046, 0.1872
(17, 15): 0.2380, 0.7512, 0.7389, 0.1873
(17, 16): 0.1965, 0.7506, 0.7904, 0.1760
(17, 17): 0.1472, 0.7506, 0.9365, 0.1712
(17, 18): 0.1012, 0.7512, 0.9704, 0.1761
(17, 19): 0.1633, 0.7519, 0.8728, 0.1756
(17, 20): 0.1858, 0.7506, 0.8198, 0.1564
(17, 21): 0.1599, 0.7506, 0.8462, 0.1571
(17, 22): 0.1356, 0.7506, 0.8808, 0.1543
(17, 23): 0.1103, 0.7531, 0.9329, 0.1583
(17, 24): 0.1914, 0.7506, 0.8451, 0.1550
(17, 25): 0.1394, 0.7506, 0.8518, 0.1531
(17, 26): 0.1678, 0.7519, 0.6970, 0.1549
(17, 27): nan, nan, nan, 0.0000
(18, 1): nan, nan, nan, 0.0000
(18, 2): nan, nan, nan, 0.0000
(18, 3): nan, nan, nan, 0.0000
(18, 4): nan, nan, nan, 0.0000
(18, 5): nan, nan, nan, 0.0000
(18, 6): nan, nan, nan, 0.0000
(18, 7): nan, nan, nan, 0.0000
(18, 8): -0.4066, 0.7594, 0.0000, 0.1862
(18, 9): 0.1102, 0.7512, 0.9083, 0.2204
(18, 10): 0.1448, 0.7506, 0.9164, 0.2147
(18, 11): 0.1396, 0.7506, 0.9129, 0.1981
(18, 12): 0.1348, 0.7506, 0.9104, 0.1894
(18, 13): 0.1863, 0.7531, 0.8711, 0.1804
(18, 14): 0.1769, 0.7506, 0.9259, 0.1731
(18, 15): 0.1681, 0.7506, 0.9479, 0.1687
(18, 16): 0.1745, 0.7512, 0.9020, 0.1650
(18, 17): 0.1737, 0.7525, 0.9151, 0.1664
(18, 18): 0.1922, 0.7506, 0.8730, 0.1726
(18, 19): 0.2040, 0.7569, 0.8429, 0.1896
(18, 20): 0.1758, 0.7506, 0.8522, 0.1550
(18, 21): 0.1652, 0.7519, 0.8645, 0.1568
(18, 22): 0.1408, 0.7506, 0.8663, 0.1594
(18, 23): 0.1760, 0.7512, 0.8586, 0.1561
(18, 24): 0.2097, 0.7506, 0.8194, 0.1533
(18, 25): 0.1746, 0.7519, 0.7458, 0.1524
(18, 26): 0.4594, 0.7537, 0.1815, 0.1540
(18, 27): nan, nan, nan, 0.0000
(19, 1): nan, nan, nan, 0.0000
(19, 2): nan, nan, nan, 0.0000
(19, 3): nan, nan, nan, 0.0000
(19, 4): nan, nan, nan, 0.0000
(19, 5): nan, nan, nan, 0.0000
(19, 6): nan, nan, nan, 0.0000
(19, 7): nan, nan, nan, 0.0000
(19, 8): 1.2456, 0.7506, 0.3385, 0.2065
(19, 9): 0.1962, 0.7506, 0.8397, 0.2942
(19, 10): 0.1740, 0.7500, 0.8486, 0.1920
(19, 11): 0.1586, 0.7506, 0.8515, 0.1921
(19, 12): 0.1569, 0.7512, 0.8755, 0.1802
(1, 1): nan, nan, nan, 0.0000
(1, 2): nan, nan, nan, 0.0000
(1, 3): nan, nan, nan, 0.0000
(1, 4): nan, nan, nan, 0.0000
(1, 5): nan, nan, nan, 0.0000
(1, 6): nan, nan, nan, 0.0000
(1, 7): nan, nan, nan, 0.0000
(1, 8): nan, nan, nan, 0.0000
(1, 9): nan, nan, nan, 0.0000
(1, 10): nan, nan, nan, 0.0000
(1, 11): nan, nan, nan, 0.0000
(1, 12): nan, nan, nan, 0.0000
(1, 13): nan, nan, nan, 0.0000
(1, 14): nan, nan, nan, 0.0000
(1, 15): nan, nan, nan, 0.0000
(1, 16): nan, nan, nan, 0.0000
(1, 17): nan, nan, nan, 0.0000
(1, 18): nan, nan, nan, 0.0000
(1, 19): nan, nan, nan, 0.0000
(1, 20): nan, nan, nan, 0.0000
(1, 21): nan, nan, nan, 0.0000
(1, 22): nan, nan, nan, 0.0000
(1, 23): nan, nan, nan, 0.0000
(1, 24): nan, nan, nan, 0.0000
(1, 25): nan, nan, nan, 0.0000
(1, 26): nan, nan, nan, 0.0000
(1, 27): nan, nan, nan, 0.0000
(2, 1): nan, nan, nan, 0.0000
(2, 2): nan, nan, nan, 0.0000
(2, 3): nan, nan, nan, 0.0000
(2, 4): nan, nan, nan, 0.0000
(2, 5): nan, nan, nan, 0.0000
(2, 6): nan, nan, nan, 0.0000
(2, 7): nan, nan, nan, 0.0000
(2, 8): nan, nan, nan, 0.0000
(2, 9): nan, nan, nan, 0.0000
(2, 10): nan, nan, nan, 0.0000
(2, 11): nan, nan, nan, 0.0000
(2, 12): nan, nan, nan, 0.0000
(2, 13): nan, nan, nan, 0.0000
(2, 14): nan, nan, nan, 0.0000
(2, 15): nan, nan, nan, 0.0000
(2, 16): nan, nan, nan, 0.0000
(2, 17): nan, nan, nan, 0.0000
(2, 18): nan, nan, nan, 0.0000
(2, 19): nan, nan, nan, 0.0000
(2, 20): -0.1636, 0.7531, 0.2542, 0.1912
(2, 21): -1.8477, 0.7459, 0.7802, 0.1857
(2, 22): nan, nan, nan, 0.0000
(2, 23): nan, nan, nan, 0.0000
(2, 24): nan, nan, nan, 0.0000
(2, 25): nan, nan, nan, 0.0000
(2, 26): nan, nan, nan, 0.0000
(2, 27): nan, nan, nan, 0.0000
(3, 1): nan, nan, nan, 0.0000
(3, 2): nan, nan, nan, 0.0000
(3, 3): nan, nan, nan, 0.0000
(3, 4): nan, nan, nan, 0.0000
(3, 5): nan, nan, nan, 0.0000
(3, 6): nan, nan, nan, 0.0000
(3, 7): nan, nan, nan, 0.0000
(3, 8): nan, nan, nan, 0.0000
(3, 9): nan, nan, nan, 0.0000
(3, 10): nan, nan, nan, 0.0000
(3, 11): nan, nan, nan, 0.0000
(3, 12): nan, nan, nan, 0.0000
(3, 13): nan, nan, nan, 0.0000
(3, 14): nan, nan, nan, 0.0000
(3, 15): nan, nan, nan, 0.0000
(3, 16): -0.0367, 0.7569, 0.3618, 0.2249
(3, 17): 0.0928, 0.7506, 0.3372, 0.2286
(3, 18): -0.2941, 0.7731, 0.2867, 0.2114
(3, 19): 0.0377, 0.7531, 0.3439, 0.2066
(3, 20): 0.7139, 0.7563, 0.0588, 0.2006
(3, 21): 0.2858, 0.7613, 0.2765, 0.2039
(3, 22): 0.1652, 0.7519, 0.5409, 0.1999
(3, 23): 0.1738, 0.7506, 0.7509, 0.1881
(3, 24): 0.1912, 0.7506, 0.6398, 0.1881
(3, 25): nan, nan, nan, 0.0000
(3, 26): nan, nan, nan, 0.0000
(3, 27): nan, nan, nan, 0.0000
(4, 1): nan, nan, nan, 0.0000
(4, 2): nan, nan, nan, 0.0000
(4, 3): nan, nan, nan, 0.0000
(4, 4): nan, nan, nan, 0.0000
(4, 5): nan, nan, nan, 0.0000
(4, 6): nan, nan, nan, 0.0000
(4, 7): nan, nan, nan, 0.0000
(4, 8): nan, nan, nan, 0.0000
(4, 9): nan, nan, nan, 0.0000
(4, 10): nan, nan, nan, 0.0000
(4, 11): nan, nan, nan, 0.0000
(4, 12): nan, nan, nan, 0.0000
(4, 13): 0.1726, 0.7556, 0.2619, 0.2099
(4, 14): 0.1849, 0.7506, 0.4637, 0.2269
(4, 15): 0.1391, 0.7644, 0.2119, 0.2206
(4, 16): 0.1264, 0.7569, 0.2668, 0.2202
(4, 17): 0.1692, 0.7556, 0.2347, 0.2154
(4, 18): 0.1366, 0.7506, 0.5643, 0.2164
(4, 19): 0.1452, 0.7513, 0.7230, 0.2116
(4, 20): 0.1766, 0.7525, 0.8329, 0.1988
(4, 21): 0.1573, 0.7506, 0.8689, 0.1964
(4, 22): 0.1350, 0.7506, 0.8716, 0.1892
(4, 23): 0.1677, 0.7506, 0.8211, 0.1823
(4, 24): 0.1725, 0.7506, 0.8217, 0.1790
(4, 25): 0.2024, 0.7506, 0.5396, 0.1767
(4, 26): 0.6160, 0.7562, 0.1138, 0.1613
(4, 27): nan, nan, nan, 0.0000
(5, 1): nan, nan, nan, 0.0000
(5, 2): nan, nan, nan, 0.0000
(5, 3): nan, nan, nan, 0.0000
(5, 4): nan, nan, nan, 0.0000
(5, 5): nan, nan, nan, 0.0000
(5, 6): nan, nan, nan, 0.0000
(5, 7): nan, nan, nan, 0.0000
(5, 8): nan, nan, nan, 0.0000
(5, 9): nan, nan, nan, 0.0000
(5, 10): nan, nan, nan, 0.0000
(5, 11): nan, nan, nan, 0.0000
(5, 12): nan, nan, nan, 0.0000
(5, 13): 0.1444, 0.7506, 0.3190, 0.2161
(5, 14): nan, nan, nan, 0.0000
(5, 15): nan, nan, nan, 0.0000
(5, 16): 0.1904, 0.7512, 0.4289, 0.2293
(5, 17): 0.1444, 0.7519, 0.8182, 0.2183
(5, 18): 0.1513, 0.7506, 0.8089, 0.2059
(5, 19): 0.1969, 0.7512, 0.8150, 0.2024
(5, 20): 0.2177, 0.7519, 0.8080, 0.2014
(5, 21): 0.1699, 0.7506, 0.8594, 0.1954
(5, 22): 0.1461, 0.7512, 0.9115, 0.1913
(5, 23): 0.1444, 0.7506, 0.9174, 0.1814
(5, 24): 0.1955, 0.7506, 0.8627, 0.1778
(5, 25): 0.1938, 0.7513, 0.8624, 0.1757
(5, 26): 0.1967, 0.7506, 0.7734, 0.1655
(5, 27): 0.2418, 0.7506, 0.2767, 0.1686
(6, 1): nan, nan, nan, 0.0000
(6, 2): nan, nan, nan, 0.0000
(6, 3): nan, nan, nan, 0.0000
(6, 4): nan, nan, nan, 0.0000
(6, 5): nan, nan, nan, 0.0000
(6, 6): nan, nan, nan, 0.0000
(6, 7): nan, nan, nan, 0.0000
(6, 8): nan, nan, nan, 0.0000
(6, 9): nan, nan, nan, 0.0000
(6, 10): nan, nan, nan, 0.0000
(6, 11): 0.2026, 0.7519, 0.3716, 0.2162
(6, 12): 0.2101, 0.7562, 0.2316, 0.2027
(6, 13): nan, nan, nan, 0.0000
(6, 14): nan, nan, nan, 0.0000
(6, 15): 0.1420, 0.7506, 0.5543, 0.2491
(6, 16): 0.1594, 0.7512, 0.7960, 0.2350
(6, 17): 0.1400, 0.7512, 0.7930, 0.2136
(6, 18): 0.1270, 0.7506, 0.8383, 0.2067
(6, 19): 0.1763, 0.7519, 0.8637, 0.2050
(6, 20): 0.1802, 0.7506, 0.8310, 0.1964
(6, 21): 0.1968, 0.7512, 0.8373, 0.1893
(6, 22): 0.2107, 0.7513, 0.8509, 0.1877
(6, 23): 0.1971, 0.7506, 0.8713, 0.1809
(6, 24): 0.1520, 0.7506, 0.9007, 0.1775
(6, 25): 0.2150, 0.7506, 0.8256, 0.1674
(6, 26): 0.1800, 0.7506, 0.8433, 0.1601
(6, 27): 0.0942, 0.7525, 0.3872, 0.1749
(7, 1): nan, nan, nan, 0.0000
(7, 2): nan, nan, nan, 0.0000
(7, 3): nan, nan, nan, 0.0000
(7, 4): nan, nan, nan, 0.0000
(7, 5): nan, nan, nan, 0.0000
(7, 6): nan, nan, nan, 0.0000
(7, 7): nan, nan, nan, 0.0000
(7, 8): nan, nan, nan, 0.0000
(7, 9): nan, nan, nan, 0.0000
(7, 10): -2.1116, 0.7766, 0.6896, 0.1893
(7, 11): 0.1544, 0.7531, 0.3788, 0.2233
(7, 12): nan, nan, nan, 0.0000
(7, 13): nan, nan, nan, 0.0000
(7, 14): nan, nan, nan, 0.0000
(7, 15): 0.0984, 0.7525, 0.8383, 0.3193
(7, 16): 0.0985, 0.7506, 0.8274, 0.2583
(7, 17): 0.1048, 0.7519, 0.8348, 0.2058
(7, 18): 0.1457, 0.7506, 0.8234, 0.1992
(7, 19): 0.1782, 0.7506, 0.8189, 0.1992
(7, 20): 0.1582, 0.7513, 0.8519, 0.1928
(7, 21): 0.1516, 0.7513, 0.9113, 0.1875
(7, 22): 0.1767, 0.7519, 0.8907, 0.1817
(7, 23): 0.1983, 0.7506, 0.8313, 0.1777
(7, 24): 0.1766, 0.7506, 0.8471, 0.1698
(7, 25): 0.1803, 0.7519, 0.8586, 0.1673
(7, 26): 0.1475, 0.7512, 0.8934, 0.1585
(7, 27): 0.1414, 0.7519, 0.5445, 0.1647
(8, 1): nan, nan, nan, 0.0000
(8, 2): nan, nan, nan, 0.0000
(8, 3): nan, nan, nan, 0.0000
(8, 4): nan, nan, nan, 0.0000
(8, 5): nan, nan, nan, 0.0000
(8, 6): nan, nan, nan, 0.0000
(8, 7): nan, nan, nan, 0.0000
(8, 8): nan, nan, nan, 0.0000
(8, 9): nan, nan, nan, 0.0000
(8, 10): 0.0848, 0.7512, 0.5862, 0.2179
(8, 11): 0.0808, 0.7513, 0.5203, 0.2152
(8, 12): nan, nan, nan, 0.0000
(8, 13): nan, nan, nan, 0.0000
(8, 14): 0.1383, 0.7563, 0.2646, 0.2102
(8, 15): 0.0729, 0.7506, 0.8487, 0.3963
(8, 16): 0.0779, 0.7506, 0.8589, 0.2590
(8, 17): 0.1263, 0.7525, 0.8551, 0.2067
(8, 18): 0.1449, 0.7512, 0.8631, 0.1987
(8, 19): 0.1957, 0.7506, 0.8076, 0.1930
(8, 20): 0.1457, 0.7519, 0.8535, 0.1891
(8, 21): 0.1411, 0.7506, 0.8824, 0.1850
(8, 22): 0.1266, 0.7506, 0.8886, 0.1766
(8, 23): 0.1705, 0.7506, 0.8330, 0.1735
(8, 24): 0.1451, 0.7519, 0.9090, 0.1717
(8, 25): 0.1771, 0.7506, 0.8572, 0.1630
(8, 26): 0.1713, 0.7531, 0.8825, 0.1584
(8, 27): 0.1452, 0.7519, 0.5392, 0.1648
(9, 1): nan, nan, nan, 0.0000
(9, 2): nan, nan, nan, 0.0000
(9, 3): nan, nan, nan, 0.0000
(9, 4): nan, nan, nan, 0.0000
(9, 5): nan, nan, nan, 0.0000
(9, 6): nan, nan, nan, 0.0000
(9, 7): nan, nan, nan, 0.0000
(9, 8): nan, nan, nan, 0.0000
(9, 9): nan, nan, nan, 0.0000
(9, 10): 0.0935, 0.7600, 0.5688, 0.2074
(9, 11): -1.8758, 0.7831, 0.1606, 0.1904
(9, 12): nan, nan, nan, 0.0000
(9, 13): nan, nan, nan, 0.0000
(9, 14): nan, nan, nan, 0.0000
(9, 15): 0.0620, 0.7519, 0.7980, 0.3646
(9, 16): 0.1655, 0.7512, 0.7827, 0.2292
(9, 17): 0.1547, 0.7506, 0.8078, 0.2064
(9, 18): 0.1555, 0.7506, 0.8303, 0.1961
(9, 19): 0.1633, 0.7506, 0.8271, 0.1895
(9, 20): 0.1014, 0.7506, 0.9122, 0.1866
(9, 21): 0.1254, 0.7506, 0.8643, 0.1813
(9, 22): 0.1323, 0.7506, 0.8697, 0.1860
(9, 23): 0.1316, 0.7506, 0.8920, 0.1727
(9, 24): 0.1323, 0.7519, 0.8967, 0.1685
(9, 25): 0.1698, 0.7506, 0.8747, 0.1586
(9, 26): 0.1505, 0.7512, 0.9004, 0.1611
(9, 27): 0.3037, 0.7550, 0.1708, 0.1540
(10, 1): nan, nan, nan, 0.0000
(10, 2): nan, nan, nan, 0.0000
(10, 3): nan, nan, nan, 0.0000
(10, 4): nan, nan, nan, 0.0000
(10, 5): nan, nan, nan, 0.0000
(10, 6): nan, nan, nan, 0.0000
(19, 13): 0.2010, 0.7506, 0.8110, 0.1711
(19, 14): 0.1754, 0.7506, 0.8949, 0.1660
(19, 15): 0.1619, 0.7513, 0.9279, 0.1649
(19, 16): 0.1836, 0.7506, 0.9087, 0.1644
(19, 17): 0.1945, 0.7513, 0.8589, 0.1604
(19, 18): 0.2046, 0.7519, 0.8901, 0.1596
(19, 19): 0.1467, 0.7506, 0.9393, 0.1799
(19, 20): 0.1337, 0.7506, 0.9046, 0.1579
(19, 21): 0.1161, 0.7525, 0.9050, 0.1514
(19, 22): 0.1472, 0.7506, 0.8638, 0.1537
(19, 23): 0.1648, 0.7512, 0.8850, 0.1517
(19, 24): 0.2073, 0.7506, 0.8419, 0.1518
(19, 25): 0.1361, 0.7525, 0.6685, 0.1565
(19, 26): -1.0091, 0.8100, 0.1678, 0.1396
(19, 27): nan, nan, nan, 0.0000
(20, 1): nan, nan, nan, 0.0000
(20, 2): nan, nan, nan, 0.0000
(20, 3): nan, nan, nan, 0.0000
(20, 4): nan, nan, nan, 0.0000
(20, 5): nan, nan, nan, 0.0000
(20, 6): nan, nan, nan, 0.0000
(20, 7): 0.0884, 0.7537, 0.3048, 0.1985
(20, 8): 0.1638, 0.7506, 0.9006, 0.2117
(20, 9): 0.1716, 0.7506, 0.8661, 0.2178
(20, 10): 0.1888, 0.7506, 0.8356, 0.1873
(20, 11): 0.2102, 0.7519, 0.8208, 0.1809
(20, 12): 0.1900, 0.7512, 0.8259, 0.1755
(20, 13): 0.2053, 0.7512, 0.8116, 0.1752
(20, 14): 0.1687, 0.7512, 0.9085, 0.1759
(20, 15): 0.2256, 0.7512, 0.8372, 0.1605
(20, 16): 0.1807, 0.7506, 0.9009, 0.1600
(20, 17): 0.1822, 0.7519, 0.8896, 0.1556
(20, 18): 0.1556, 0.7512, 0.9385, 0.1571
(20, 19): 0.0941, 0.7512, 0.9940, 0.1599
(20, 20): 0.0930, 0.7506, 0.9573, 0.1563
(20, 21): 0.0937, 0.7506, 0.9341, 0.1506
(20, 22): 0.1394, 0.7506, 0.8991, 0.1487
(20, 23): 0.1093, 0.7519, 0.9783, 0.1487
(20, 24): 0.1306, 0.7512, 0.9861, 0.1456
(20, 25): 0.2027, 0.7519, 0.8688, 0.1472
(20, 26): 0.0495, 0.7525, 0.4608, 0.1496
(20, 27): nan, nan, nan, 0.0000
(21, 1): nan, nan, nan, 0.0000
(21, 2): nan, nan, nan, 0.0000
(21, 3): nan, nan, nan, 0.0000
(21, 4): nan, nan, nan, 0.0000
(21, 5): nan, nan, nan, 0.0000
(21, 6): 0.0883, 0.7512, 0.3286, 0.2002
(21, 7): 0.2122, 0.7525, 0.7959, 0.1962
(21, 8): 0.1827, 0.7506, 0.9060, 0.1967
(21, 9): 0.1489, 0.7506, 0.8954, 0.2027
(21, 10): 0.1614, 0.7519, 0.9029, 0.1863
(21, 11): 0.1832, 0.7506, 0.8642, 0.1744
(21, 12): 0.2017, 0.7506, 0.7903, 0.1683
(21, 13): 0.2024, 0.7506, 0.8383, 0.1681
(21, 14): 0.1730, 0.7519, 0.8532, 0.1611
(21, 15): 0.1067, 0.7544, 0.9464, 0.1569
(21, 16): 0.1542, 0.7512, 0.8669, 0.1563
(21, 17): 0.1811, 0.7506, 0.8418, 0.1553
(21, 18): 0.1322, 0.7506, 0.9850, 0.1569
(21, 19): 0.1813, 0.7531, 0.8808, 0.1530
(21, 20): 0.1410, 0.7506, 0.9092, 0.1522
(21, 21): 0.0900, 0.7506, 0.7730, 0.1544
(21, 22): 0.1513, 0.7506, 0.7224, 0.1504
(21, 23): 0.1608, 0.7519, 0.7366, 0.1495
(21, 24): 0.2350, 0.7562, 0.3821, 0.1523
(21, 25): nan, nan, nan, 0.0000
(21, 26): nan, nan, nan, 0.0000
(21, 27): nan, nan, nan, 0.0000
(22, 1): nan, nan, nan, 0.0000
(22, 2): nan, nan, nan, 0.0000
(22, 3): nan, nan, nan, 0.0000
(22, 4): nan, nan, nan, 0.0000
(22, 5): nan, nan, nan, 0.0000
(22, 6): 0.1910, 0.7531, 0.6811, 0.2055
(22, 7): 0.2313, 0.7513, 0.8851, 0.1910
(22, 8): 0.1851, 0.7519, 0.8826, 0.1871
(22, 9): 0.1344, 0.7512, 0.8734, 0.2092
(22, 10): 0.1697, 0.7506, 0.8674, 0.2912
(22, 11): 0.2063, 0.7506, 0.8375, 0.1780
(22, 12): 0.2136, 0.7506, 0.8376, 0.1677
(22, 13): 0.1572, 0.7512, 0.8857, 0.1670
(22, 14): 0.1260, 0.7506, 0.9046, 0.1586
(22, 15): 0.0994, 0.7506, 0.9270, 0.1586
(22, 16): 0.1750, 0.7519, 0.8430, 0.1558
(22, 17): 0.2089, 0.7519, 0.8250, 0.1558
(22, 18): 0.1774, 0.7513, 0.8958, 0.1601
(22, 19): 0.1816, 0.7506, 0.8767, 0.1658
(22, 20): 0.1564, 0.7537, 0.6915, 0.1608
(22, 21): -0.0326, 0.7525, 0.1983, 0.1468
(22, 22): nan, nan, nan, 0.0000
(22, 23): nan, nan, nan, 0.0000
(22, 24): nan, nan, nan, 0.0000
(22, 25): nan, nan, nan, 0.0000
(22, 26): nan, nan, nan, 0.0000
(22, 27): nan, nan, nan, 0.0000
(23, 1): nan, nan, nan, 0.0000
(23, 2): nan, nan, nan, 0.0000
(23, 3): nan, nan, nan, 0.0000
(23, 4): nan, nan, nan, 0.0000
(23, 5): 0.1621, 0.7556, 0.3328, 0.2007
(23, 6): 0.1987, 0.7506, 0.5672, 0.2066
(23, 7): 0.1971, 0.7550, 0.7142, 0.1924
(23, 8): 0.1864, 0.7506, 0.8683, 0.1884
(23, 9): 0.1307, 0.7506, 0.9311, 0.1844
(23, 10): 0.1807, 0.7506, 0.8868, 0.2179
(23, 11): 0.1853, 0.7512, 0.8579, 0.2775
(23, 12): 0.2262, 0.7506, 0.8021, 0.1767
(23, 13): 0.1930, 0.7506, 0.8268, 0.1636
(23, 14): 0.1854, 0.7506, 0.8323, 0.1582
(23, 15): 0.1741, 0.7519, 0.8837, 0.1596
(23, 16): 0.1973, 0.7506, 0.8922, 0.1609
(23, 17): 0.2234, 0.7506, 0.8524, 0.1687
(23, 18): 0.2485, 0.7512, 0.8267, 0.1590
(23, 19): 0.2055, 0.7519, 0.9041, 0.1518
(23, 20): 0.2161, 0.7519, 0.7534, 0.1583
(23, 21): nan, nan, nan, 0.0000
(23, 22): nan, nan, nan, 0.0000
(23, 23): nan, nan, nan, 0.0000
(23, 24): nan, nan, nan, 0.0000
(23, 25): nan, nan, nan, 0.0000
(23, 26): nan, nan, nan, 0.0000
(23, 27): nan, nan, nan, 0.0000
(24, 1): nan, nan, nan, 0.0000
(24, 2): nan, nan, nan, 0.0000
(24, 3): nan, nan, nan, 0.0000
(24, 4): -0.1428, 0.7506, 0.3348, 0.1859
(24, 5): 0.1519, 0.7506, 0.3643, 0.2027
(24, 6): 0.2192, 0.7506, 0.3877, 0.2056
(24, 7): 0.1744, 0.7512, 0.8197, 0.1901
(24, 8): 0.1225, 0.7506, 0.6905, 0.1899
(24, 9): 0.1369, 0.7512, 0.7720, 0.1779
(24, 10): 0.1337, 0.7519, 0.7283, 0.1776
(24, 11): 0.1772, 0.7506, 0.8390, 0.1991
(24, 12): 0.1819, 0.7512, 0.8679, 0.1920
(24, 13): 0.2037, 0.7512, 0.8163, 0.1633
(24, 14): 0.1872, 0.7506, 0.8858, 0.1629
(24, 15): 0.1954, 0.7525, 0.9071, 0.1753
(24, 16): 0.1853, 0.7506, 0.8954, 0.1827
(24, 17): 0.2419, 0.7506, 0.8526, 0.1681
(24, 18): 0.2161, 0.7519, 0.8615, 0.1544
(24, 19): 0.2084, 0.7506, 0.8721, 0.1511
(24, 20): 0.1788, 0.7506, 0.8966, 0.1527
(24, 21): 0.0950, 0.7513, 0.6448, 0.1512
(24, 22): nan, nan, nan, 0.0000
(24, 23): nan, nan, nan, 0.0000
(24, 24): nan, nan, nan, 0.0000
(24, 25): nan, nan, nan, 0.0000
(24, 26): nan, nan, nan, 0.0000
(24, 27): nan, nan, nan, 0.0000
(25, 1): nan, nan, nan, 0.0000
(25, 2): nan, nan, nan, 0.0000
(25, 3): nan, nan, nan, 0.0000
(25, 4): 0.0839, 0.7519, 0.5933, 0.1910
(25, 5): 0.1134, 0.7512, 0.6569, 0.1913
(25, 6): 0.1594, 0.7513, 0.8113, 0.1874
(25, 7): 0.1397, 0.7506, 0.5113, 0.1916
(25, 8): 0.1912, 0.7506, 0.7553, 0.1837
(25, 9): 0.1753, 0.7519, 0.8601, 0.1769
(25, 10): 0.1834, 0.7512, 0.8661, 0.1709
(25, 11): 0.1747, 0.7506, 0.8695, 0.1670
(25, 12): 0.2353, 0.7525, 0.8158, 0.1653
(25, 13): 0.2575, 0.7513, 0.8187, 0.1609
(25, 14): 0.2157, 0.7506, 0.8816, 0.1642
(25, 15): 0.1999, 0.7506, 0.8826, 0.1613
(25, 16): 0.2694, 0.7506, 0.7877, 0.1567
(25, 17): 0.1763, 0.7506, 0.8963, 0.1602
(25, 18): 0.1868, 0.7506, 0.8840, 0.1520
(25, 19): 0.1352, 0.7506, 0.9330, 0.1524
(25, 20): 0.1491, 0.7519, 0.9279, 0.1476
(25, 21): 0.1687, 0.7506, 0.8925, 0.1502
(25, 22): 0.2597, 0.7525, 0.3717, 0.1535
(25, 23): nan, nan, nan, 0.0000
(25, 24): nan, nan, nan, 0.0000
(25, 25): nan, nan, nan, 0.0000
(25, 26): nan, nan, nan, 0.0000
(25, 27): nan, nan, nan, 0.0000
(26, 1): nan, nan, nan, 0.0000
(26, 2): nan, nan, nan, 0.1681
(26, 3): 0.1093, 0.7512, 0.4222, 0.1832
(26, 4): 0.0857, 0.7525, 0.6220, 0.1883
(26, 5): 0.0133, 0.7506, 0.6105, 0.1809
(26, 6): 0.0816, 0.7550, 0.5439, 0.1857
(26, 7): 0.2392, 0.7519, 0.7838, 0.1780
(26, 8): 0.2214, 0.7512, 0.8679, 0.1731
(26, 9): 0.2518, 0.7506, 0.8602, 0.1665
(26, 10): 0.1964, 0.7506, 0.9042, 0.1661
(26, 11): 0.1595, 0.7538, 0.8845, 0.1641
(26, 12): 0.1983, 0.7512, 0.8342, 0.1604
(26, 13): 0.2352, 0.7506, 0.8493, 0.1552
(26, 14): 0.2404, 0.7506, 0.8652, 0.1599
(26, 15): 0.2077, 0.7525, 0.8450, 0.1552
(26, 16): 0.2188, 0.7506, 0.8593, 0.1505
(26, 17): 0.1910, 0.7506, 0.8536, 0.1509
(26, 18): 0.1341, 0.7512, 0.9279, 0.1501
(26, 19): 0.1368, 0.7506, 0.9271, 0.1531
(26, 20): 0.1510, 0.7506, 0.8996, 0.1481
(26, 21): 0.2124, 0.7506, 0.8287, 0.1447
(26, 22): 0.1445, 0.7506, 0.7561, 0.1462
(26, 23): nan, nan, nan, 0.0000
(26, 24): nan, nan, nan, 0.0000
(26, 25): nan, nan, nan, 0.0000
(26, 26): nan, nan, nan, 0.0000
(26, 27): nan, nan, nan, 0.0000
(27, 1): nan, nan, nan, 0.0000
(27, 2): 0.0856, 0.7525, 0.4015, 0.1841
(27, 3): 0.1106, 0.7506, 0.9240, 0.1787
(27, 4): 0.1630, 0.7513, 0.8988, 0.1704
(27, 5): 0.1642, 0.7506, 0.9689, 0.1676
(27, 6): 0.1016, 0.7519, 0.8233, 0.1723
(27, 7): 0.1623, 0.7506, 0.3885, 0.1844
(27, 8): 0.2889, 0.7506, 0.7067, 0.1674
(27, 9): 0.2835, 0.7513, 0.6812, 0.1679
(27, 10): 0.2718, 0.7506, 0.6694, 0.1684
(27, 11): 0.2034, 0.7512, 0.7139, 0.1651
(27, 12): 0.1545, 0.7506, 0.4827, 0.1633
(27, 13): 0.2393, 0.7513, 0.7068, 0.1568
(27, 14): 0.2645, 0.7506, 0.5845, 0.1606
(27, 15): 0.2063, 0.7506, 0.8704, 0.1559
(27, 16): 0.1679, 0.7525, 0.9074, 0.1515
(27, 17): 0.1711, 0.7537, 0.8419, 0.1548
(27, 18): 0.1559, 0.7512, 0.8825, 0.1505
(27, 19): 0.1404, 0.7506, 0.9428, 0.1476
(27, 20): 0.1608, 0.7519, 0.8953, 0.1440
(27, 21): 0.1638, 0.7513, 0.9216, 0.1415
(27, 22): 0.1400, 0.7506, 0.8157, 0.1499
(27, 23): nan, nan, nan, 0.0000
(27, 24): nan, nan, nan, 0.0000
(27, 25): nan, nan, nan, 0.0000
(27, 26): nan, nan, nan, 0.0000
(27, 27): nan, nan, nan, 0.0000
(28, 1): nan, nan, nan, 0.0000
(28, 2): nan, nan, nan, 0.1501
(28, 3): 0.0438, 0.7537, 0.5167, 0.1762
(28, 4): 0.0614, 0.7525, 0.5800, 0.1806
(28, 5): 0.1776, 0.7506, 0.7747, 0.1657
(28, 6): 0.1122, 0.7506, 0.4999, 0.1763
(28, 7): 0.1919, 0.7519, 0.5163, 0.1715
(28, 8): 0.2688, 0.7512, 0.6718, 0.1659
(28, 9): 0.2970, 0.7531, 0.5422, 0.1701
(28, 10): nan, nan, nan, 0.0000
(28, 11): nan, nan, nan, 0.0000
(28, 12): nan, nan, nan, 0.0000
(28, 13): nan, nan, nan, 0.0000
(28, 14): 0.0472, 0.7512, 0.3273, 0.1566
(28, 15): 0.2252, 0.7506, 0.7892, 0.1620
(28, 16): 0.1975, 0.7513, 0.8647, 0.1528
(28, 17): 0.1522, 0.7512, 0.9173, 0.1461
(28, 18): 0.1790, 0.7512, 0.8739, 0.1457
(28, 19): 0.1914, 0.7519, 0.8409, 0.1419
(28, 20): 0.1728, 0.7506, 0.8929, 0.1459
(28, 21): 0.1874, 0.7506, 0.8816, 0.1432
(28, 22): 0.2502, 0.7515, 0.4032, 0.1521
(28, 23): nan, nan, nan, 0.0000
(28, 24): nan, nan, nan, 0.0000
(28, 25): nan, nan, nan, 0.0000
(28, 26): nan, nan, nan, 0.0000
(28, 27): nan, nan, nan, 0.0000
(29, 1): nan, nan, nan, 0.0000
(29, 2): 0.2336, 0.7506, 0.7640, 0.1630
(29, 3): 0.1883, 0.7506, 0.9208, 0.1554
(29, 4): 0.1593, 0.7506, 0.8049, 0.1582
(29, 5): 0.1517, 0.7512, 0.7054, 0.1608
(29, 6): 0.1858, 0.7506, 0.9294, 0.1582
(29, 7): 0.1730, 0.7519, 0.8272, 0.1613
(29, 8): -1.5557, 0.7693, 0.3891, 0.1493
(29, 9): nan, nan, nan, 0.0000
(29, 10): nan, nan, nan, 0.0000
(29, 11): nan, nan, nan, 0.0000
(29, 12): nan, nan, nan, 0.0000
(29, 13): nan, nan, nan, 0.0000
(29, 14): nan, nan, nan, 0.0000
(29, 15): 0.2502, 0.7544, 0.1793, 0.1467
(29, 16): 0.3362, 0.7519, 0.3597, 0.1520
(29, 17): -2.6098, 0.7583, 0.9816, 0.1369
(29, 18): 0.1925, 0.7506, 0.6889, 0.1479
(29, 19): 0.1778, 0.7506, 0.8751, 0.1452
(29, 20): 0.1408, 0.7525, 0.8951, 0.1466
(29, 21): 0.1971, 0.7513, 0.8648, 0.1487
(29, 22): 0.3021, 0.7594, 0.2476, 0.1523
(29, 23): nan, nan, nan, 0.0000
(29, 24): nan, nan, nan, 0.0000
(29, 25): nan, nan, nan, 0.0000
(29, 26): nan, nan, nan, 0.0000
(29, 27): nan, nan, nan, 0.0000
(30, 1): nan, nan, nan, 0.0000
(30, 2): 0.1871, 0.7506, 0.5870, 0.1689
(30, 3): 0.1275, 0.7550, 0.3662, 0.1684
(30, 4): 0.2147, 0.7537, 0.2884, 0.1665
(30, 5): 0.1398, 0.7506, 0.8360, 0.1617
(30, 6): 0.1831, 0.7506, 0.7249, 0.1617
(30, 7): 0.1040, 0.7506, 0.3433, 0.1565
(30, 8): nan, nan, nan, 0.0000
(30, 9): nan, nan, nan, 0.0000
(30, 10): nan, nan, nan, 0.0000
(30, 11): nan, nan, nan, 0.0000
(30, 12): nan, nan, nan, 0.0000
(30, 13): nan, nan, nan, 0.0000
(30, 14): nan, nan, nan, 0.0000
(30, 15): nan, nan, nan, 0.0000
(30, 16): nan, nan, nan, 0.0000
(30, 17): nan, nan, nan, 0.0000
(30, 18): nan, nan, nan, 0.0000
(30, 19): 0.6506, 0.7506, 0.1632, 0.1525
(30, 20): 0.1481, 0.7519, 0.7295, 0.1545
(30, 21): 0.1941, 0.7525, 0.8076, 0.1479
(30, 22): 0.4028, 0.7513, 0.3105, 0.1540
(30, 23): nan, nan, nan, 0.0000
(30, 24): nan, nan, nan, 0.0000
(30, 25): nan, nan, nan, 0.0000
(30, 26): nan, nan, nan, 0.0000
(30, 27): nan, nan, nan, 0.0000
(31, 1): nan, nan, nan, 0.0000
(31, 2): nan, nan, nan, 0.0000
(31, 3): nan, nan, nan, 0.0000
(31, 4): nan, nan, nan, 0.0000
(31, 5): nan, nan, nan, 0.0000
(31, 6): nan, nan, nan, 0.0000
(31, 7): nan, nan, nan, 0.0000
(31, 8): nan, nan, nan, 0.0000
(31, 9): nan, nan, nan, 0.0000
(31, 10): nan, nan, nan, 0.0000
(31, 11): nan, nan, nan, 0.0000
(31, 12): nan, nan, nan, 0.0000
(31, 13): nan, nan, nan, 0.0000
(31, 14): nan, nan, nan, 0.0000
(31, 15): nan, nan, nan, 0.0000
(31, 16): nan, nan, nan, 0.0000
(31, 17): nan, nan, nan, 0.0000
(31, 18): nan, nan, nan, 0.0000
(31, 19): -0.8408, 0.7569, 0.6616, 0.1426
(31, 20): 0.1486, 0.7512, 0.7937, 0.1468
(31, 21): 0.1659, 0.7556, 0.2739, 0.1454
(31, 22): nan, nan, nan, 0.0000
(31, 23): nan, nan, nan, 0.0000
(31, 24): nan, nan, nan, 0.0000
(31, 25): nan, nan, nan, 0.0000
(31, 26): nan, nan, nan, 0.0000
(31, 27): nan, nan, nan, 0.0000
(32, 1): nan, nan, nan, 0.0000
(32, 2): nan, nan, nan, 0.0000
(32, 3): nan, nan, nan, 0.0000
(32, 4): nan, nan, nan, 0.0000
(32, 5): nan, nan, nan, 0.0000
(32, 6): nan, nan, nan, 0.0000
(32, 7): nan, nan, nan, 0.0000
(32, 8): nan, nan, nan, 0.0000
(32, 9): nan, nan, nan, 0.0000
(32, 10): nan, nan, nan, 0.0000
(32, 11): nan, nan, nan, 0.0000
(32, 12): nan, nan, nan, 0.0000
(32, 13): nan, nan, nan, 0.0000
(32, 14): nan, nan, nan, 0.0000
(32, 15): nan, nan, nan, 0.0000
(32, 16): nan, nan, nan, 0.0000
(32, 17): nan, nan, nan, 0.0000
(32, 18): nan, nan, nan, 0.0000
(32, 19): 0.1895, 0.7581, 0.3098, 0.1491
(32, 20): 0.1059, 0.7531, 0.9337, 0.1467
(32, 21): 0.1343, 0.7506, 0.5953, 0.1493
(32, 22): 0.3004, 0.7694, 0.2041, 0.1412
(32, 23): nan, nan, nan, 0.0000
(32, 24): nan, nan, nan, 0.0000
(32, 25): nan, nan, nan, 0.0000
(32, 26): nan, nan, nan, 0.0000
(32, 27): nan, nan, nan, 0.0000
(33, 1): nan, nan, nan, 0.0000
(33, 2): nan, nan, nan, 0.0000
(33, 3): nan, nan, nan, 0.0000
(33, 4): nan, nan, nan, 0.0000
(33, 5): nan, nan, nan, 0.0000
(33, 6): nan, nan, nan, 0.0000
(33, 7): nan, nan, nan, 0.0000
(33, 8): nan, nan, nan, 0.0000
(33, 9): nan, nan, nan, 0.0000
(33, 10): nan, nan, nan, 0.0000
(33, 11): nan, nan, nan, 0.0000
(33, 12): nan, nan, nan, 0.0000
(33, 13): nan, nan, nan, 0.0000
(33, 14): nan, nan, nan, 0.0000
(33, 15): nan, nan, nan, 0.0000
(33, 16): nan, nan, nan, 0.0000
(33, 17): nan, nan, nan, 0.0000
(33, 18): nan, nan, nan, 0.0000
(33, 19): 0.0924, 0.7537, 0.6249, 0.1461
(33, 20): 0.0887, 0.7512, 0.9796, 0.1433
(33, 21): 0.1095, 0.7513, 0.9426, 0.1468
(33, 22): 0.1842, 0.7544, 0.3927, 0.1479
(33, 23): nan, nan, nan, 0.0000
(33, 24): nan, nan, nan, 0.0000
(33, 25): nan, nan, nan, 0.0000
(33, 26): nan, nan, nan, 0.0000
(33, 27): nan, nan, nan, 0.0000
(34, 1): nan, nan, nan, 0.0000
(34, 2): nan, nan, nan, 0.0000
(34, 3): nan, nan, nan, 0.0000
(34, 4): nan, nan, nan, 0.0000
(34, 5): nan, nan, nan, 0.0000
(34, 6): nan, nan, nan, 0.0000
(34, 7): nan, nan, nan, 0.0000
(34, 8): nan, nan, nan, 0.0000
(34, 9): nan, nan, nan, 0.0000
(34, 10): nan, nan, nan, 0.0000
(34, 11): nan, nan, nan, 0.0000
(34, 12): nan, nan, nan, 0.0000
(34, 13): nan, nan, nan, 0.0000
(34, 14): nan, nan, nan, 0.0000
(34, 15): nan, nan, nan, 0.0000
(34, 16): nan, nan, nan, 0.0000
(34, 17): nan, nan, nan, 0.0000
(34, 18): nan, nan, nan, 0.0000
(34, 19): 0.2198, 0.7513, 0.5039, 0.1480
(34, 20): 0.1576, 0.7531, 0.9689, 0.1415
(34, 21): 0.1349, 0.7506, 0.9818, 0.1442
(34, 22): 0.3665, 0.7594, 0.2049, 0.1437
(34, 23): nan, nan, nan, 0.0000
(34, 24): nan, nan, nan, 0.0000
(34, 25): nan, nan, nan, 0.0000
(34, 26): nan, nan, nan, 0.0000
(34, 27): nan, nan, nan, 0.0000
(35, 1): nan, nan, nan, 0.0000
(35, 2): nan, nan, nan, 0.0000
(35, 3): nan, nan, nan, 0.0000
(35, 4): nan, nan, nan, 0.0000
(35, 5): nan, nan, nan, 0.0000
(35, 6): nan, nan, nan, 0.0000
(35, 7): nan, nan, nan, 0.0000
(35, 8): nan, nan, nan, 0.0000
(35, 9): nan, nan, nan, 0.0000
(35, 10): nan, nan, nan, 0.0000
(35, 11): nan, nan, nan, 0.0000
(35, 12): nan, nan, nan, 0.0000
(35, 13): nan, nan, nan, 0.0000
(35, 14): nan, nan, nan, 0.0000
(35, 15): nan, nan, nan, 0.0000
(35, 16): nan, nan, nan, 0.0000
(35, 17): nan, nan, nan, 0.0000
(35, 18): nan, nan, nan, 0.0000
(35, 19): nan, nan, nan, 0.0000
(35, 20): nan, nan, nan, 0.0000
(35, 21): nan, nan, nan, 0.0000
(35, 22): nan, nan, nan, 0.0000
(35, 23): nan, nan, nan, 0.0000
(35, 24): nan, nan, nan, 0.0000
(35, 25): nan, nan, nan, 0.0000
(35, 26): nan, nan, nan, 0.0000
(35, 27): nan, nan, nan, 0.0000
(36, 1): nan, nan, nan, 0.0000
(36, 2): nan, nan, nan, 0.0000
(36, 3): nan, nan, nan, 0.0000
(36, 4): nan, nan, nan, 0.0000
(36, 5): nan, nan, nan, 0.0000
(36, 6): nan, nan, nan, 0.0000
(36, 7): nan, nan, nan, 0.0000
(36, 8): nan, nan, nan, 0.0000
(36, 9): nan, nan, nan, 0.0000
(36, 10): nan, nan, nan, 0.0000
(36, 11): nan, nan, nan, 0.0000
(36, 12): nan, nan, nan, 0.0000
(36, 13): nan, nan, nan, 0.0000
(36, 14): nan, nan, nan, 0.0000
(36, 15): nan, nan, nan, 0.0000
(36, 16): nan, nan, nan, 0.0000
(36, 17): nan, nan, nan, 0.0000
(36, 18): nan, nan, nan, 0.0000
(36, 19): nan, nan, nan, 0.0000
(36, 20): nan, nan, nan, 0.0000
(36, 21): nan, nan, nan, 0.0000
(36, 22): nan, nan, nan, 0.0000
(36, 23): nan, nan, nan, 0.0000
(36, 24): nan, nan, nan, 0.0000
(36, 25): nan, nan, nan, 0.0000
(36, 26): nan, nan, nan, 0.0000
(36, 27): nan, nan, nan, 0.0000
(37, 1): nan, nan, nan, 0.0000
(37, 2): nan, nan, nan, 0.0000
(37, 3): nan, nan, nan, 0.0000
(37, 4): nan, nan, nan, 0.0000
(37, 5): nan, nan, nan, 0.0000
(37, 6): nan, nan, nan, 0.0000
(37, 7): nan, nan, nan, 0.0000
(37, 8): nan, nan, nan, 0.0000
(37, 9): nan, nan, nan, 0.0000
(37, 10): nan, nan, nan, 0.0000
(37, 11): nan, nan, nan, 0.0000
(37, 12): nan, nan, nan, 0.0000
(37, 13): nan, nan, nan, 0.0000
(37, 14): nan, nan, nan, 0.0000
(37, 15): nan, nan, nan, 0.0000
(37, 16): nan, nan, nan, 0.0000
(37, 17): nan, nan, nan, 0.0000
(37, 18): nan, nan, nan, 0.0000
(37, 19): nan, nan, nan, 0.0000
(37, 20): nan, nan, nan, 0.0000
(37, 21): nan, nan, nan, 0.0000
(37, 22): nan, nan, nan, 0.0000
(37, 23): nan, nan, nan, 0.0000
(37, 24): nan, nan, nan, 0.0000
(37, 25): nan, nan, nan, 0.0000
(37, 26): nan, nan, nan, 0.0000
(37, 27): nan, nan, nan, 0.0000
