(1, 1): 0.0561, 3.0100, 1.6793
(1, 2): 0.0561, 3.0100, 1.6793
(1, 3): 0.0561, 3.0100, 1.6793
(1, 4): 0.0561, 3.0100, 1.6793
(1, 5): 0.1540, 3.0100, 4.7641
(1, 6): 0.1540, 3.0100, 4.7641
(1, 7): 0.1540, 3.0100, 4.7641
(1, 8): 0.1540, 3.0100, 4.7641
(1, 9): 0.1101, 3.0100, 3.2431
(1, 10): 0.1101, 3.0100, 3.2431
(1, 11): 0.1101, 3.0100, 3.2431
(1, 12): 0.1101, 3.0100, 3.2431
(1, 13): 0.1101, 3.0100, 3.2431
(1, 14): 0.1126, 3.0100, 3.8227
(1, 15): 0.1126, 3.0100, 3.8227
(1, 16): 0.1126, 3.0100, 3.8227
(1, 17): 0.1273, 3.0100, 3.6760
(1, 18): 0.0586, 3.0100, 2.0583
(1, 19): 0.0879, 3.0100, 2.0026
(1, 20): 0.0879, 3.0100, 2.0026
(1, 21): 0.1516, 3.0100, 2.3013
(1, 22): 0.1516, 3.0100, 2.3013
(1, 23): 0.2565, 3.0100, 9.6261
(1, 24): 0.2541, 3.0100, 8.6173
(1, 25): 0.2541, 3.0100, 8.6173
(1, 26): 0.2541, 3.0100, 8.6173
(1, 27): 0.0754, 3.0100, 2.1504
(2, 1): 0.0561, 3.0100, 1.6793
(2, 2): 0.0561, 3.0100, 1.6793
(2, 3): 0.0561, 3.0100, 1.6793
(2, 4): 0.0561, 3.0100, 1.6793
(2, 5): 0.0561, 3.0100, 1.6793
(2, 6): 0.1540, 3.0100, 4.7641
(2, 7): 0.1540, 3.0100, 4.7641
(2, 8): 0.1540, 3.0100, 4.7641
(2, 9): 0.1540, 3.0100, 4.7641
(2, 10): 0.1101, 3.0100, 3.2431
(2, 11): 0.1101, 3.0100, 3.2431
(2, 12): 0.1101, 3.0100, 3.2431
(2, 13): 0.1101, 3.0100, 3.2431
(2, 14): 0.1944, 3.0100, 5.9100
(2, 15): 0.1126, 3.0100, 3.8227
(2, 16): 0.1126, 3.0100, 3.8227
(2, 17): 0.1273, 3.0100, 3.6760
(2, 18): 0.0586, 3.0100, 2.0583
(2, 19): 0.0879, 3.0100, 2.0026
(2, 20): 0.0879, 3.0100, 2.0026
(2, 21): 0.1516, 3.0100, 2.3013
(2, 22): 0.1425, 3.0100, 7.3799
(2, 23): 0.2565, 3.0100, 9.6261
(2, 24): 0.2541, 3.0100, 8.6173
(2, 25): 0.2541, 3.0100, 8.6173
(2, 26): 0.0754, 3.0100, 2.1504
(2, 27): 0.0754, 3.0100, 2.1504
(3, 1): 0.0561, 3.0100, 1.6793
(3, 2): 0.0561, 3.0100, 1.6793
(3, 3): 0.0561, 3.0100, 1.6793
(3, 4): 0.0561, 3.0100, 1.6793
(3, 5): 0.0561, 3.0100, 1.6793
(3, 6): 0.0561, 3.0100, 1.6793
(3, 7): 0.1540, 3.0100, 4.7641
(3, 8): 0.1540, 3.0100, 4.7641
(3, 9): 0.1540, 3.0100, 4.7641
(3, 10): 0.1540, 3.0100, 4.7641
(3, 11): 0.1101, 3.0100, 3.2431
(3, 12): 0.1101, 3.0100, 3.2431
(3, 13): 0.1101, 3.0100, 3.2431
(3, 14): 0.1944, 3.0100, 5.9100
(3, 15): 0.0556, 3.0100, 3.2574
(3, 16): 0.1126, 3.0100, 3.8227
(3, 17): 0.1273, 3.0100, 3.6760
(3, 18): 0.0586, 3.0100, 2.0583
(3, 19): 0.0982, 3.0100, 3.5864
(3, 20): 0.1151, 3.0300, 1.8690
(3, 21): 0.1096, 3.0100, 2.9871
(3, 22): 0.1425, 3.0100, 7.3799
(3, 23): 0.2565, 3.0100, 9.6261
(3, 24): 0.2541, 3.0100, 8.6173
(3, 25): 0.2132, 3.0100, 7.5855
(3, 26): 0.0754, 3.0100, 2.1504
(3, 27): 0.0754, 3.0100, 2.1504
(4, 1): 0.0561, 3.0100, 1.6793
(4, 2): 0.0561, 3.0100, 1.6793
(4, 3): 0.0561, 3.0100, 1.6793
(4, 4): 0.0561, 3.0100, 1.6793
(4, 5): 0.0561, 3.0100, 1.6793
(4, 6): 0.0561, 3.0100, 1.6793
(4, 7): 0.0561, 3.0100, 1.6793
(4, 8): 0.1540, 3.0100, 4.7641
(4, 9): 0.1540, 3.0100, 4.7641
(4, 10): 0.1540, 3.0100, 4.7641
(4, 11): 0.1540, 3.0100, 4.7641
(4, 12): 0.1101, 3.0100, 3.2431
(4, 13): 0.1101, 3.0100, 3.2431
(4, 14): 0.1944, 3.0100, 5.9100
(4, 15): 0.0556, 3.0100, 3.2574
(4, 16): 0.1593, 3.0100, 2.8647
(4, 17): 0.1171, 3.0100, 3.1280
(4, 18): 0.2180, 3.0100, 7.2902
(4, 19): 0.1748, 3.0100, 9.1488
(4, 20): 0.2163, 3.0100, 10.0242
(4, 21): 0.2604, 3.0100, 10.3103
(4, 22): 0.1699, 3.0200, 11.3860
(4, 23): 0.2110, 3.0100, 10.7509
(4, 24): 0.2622, 3.0100, 11.0425
(4, 25): 0.2132, 3.0100, 7.5855
(4, 26): 0.0754, 3.0100, 2.1504
(4, 27): 0.1262, 3.0100, 3.7211
(5, 1): 0.0561, 3.0100, 1.6793
(5, 2): 0.0561, 3.0100, 1.6793
(5, 3): 0.0561, 3.0100, 1.6793
(5, 4): 0.0561, 3.0100, 1.6793
(5, 5): 0.0561, 3.0100, 1.6793
(5, 6): 0.0561, 3.0100, 1.6793
(5, 7): 0.0561, 3.0100, 1.6793
(5, 8): 0.0561, 3.0100, 1.6793
(5, 9): 0.1540, 3.0100, 4.7641
(5, 10): 0.1540, 3.0100, 4.7641
(5, 11): 0.1540, 3.0100, 4.7641
(5, 12): 0.1202, 3.0100, 4.0572
(5, 13): 0.1202, 3.0100, 4.0572
(5, 14): 0.1202, 3.0100, 4.0572
(5, 15): 0.0556, 3.0100, 3.2574
(5, 16): 0.2171, 3.0100, 6.1149
(5, 17): 0.2727, 3.0100, 9.9623
(5, 18): 0.2723, 3.0100, 9.5486
(5, 19): 0.2636, 3.0100, 9.8796
(5, 20): 0.2394, 3.0000, 10.5531
(5, 21): 0.2191, 3.0100, 10.7216
(5, 22): 0.1994, 3.0100, 10.1236
(5, 23): 0.2524, 3.0100, 9.9912
(5, 24): 0.2785, 3.0100, 10.3858
(5, 25): 0.2712, 3.0100, 10.2666
(5, 26): 0.2700, 3.0100, 9.5949
(5, 27): 0.1262, 3.0100, 3.7211
(6, 1): 0.0561, 3.0100, 1.6793
(6, 2): 0.0561, 3.0100, 1.6793
(6, 3): 0.0561, 3.0100, 1.6793
(6, 4): 0.0561, 3.0100, 1.6793
(6, 5): 0.0561, 3.0100, 1.6793
(6, 6): 0.0561, 3.0100, 1.6793
(6, 7): 0.0561, 3.0100, 1.6793
(6, 8): 0.0561, 3.0100, 1.6793
(6, 9): 0.0561, 3.0100, 1.6793
(6, 10): 0.1540, 3.0100, 4.7641
(6, 11): 0.1540, 3.0100, 4.7641
(6, 12): 0.1798, 3.0100, 2.1604
(6, 13): 0.1202, 3.0100, 4.0572
(6, 14): 0.2745, 3.0100, 6.6286
(6, 15): 0.2745, 3.0100, 6.6286
(6, 16): 0.3265, 3.0100, 9.0625
(6, 17): 0.2827, 3.0100, 9.4676
(6, 18): 0.2204, 3.0100, 10.2396
(6, 19): 0.2232, 3.0100, 10.2317
(6, 20): 0.2382, 3.0100, 10.6074
(6, 21): 0.1983, 3.0100, 10.4940
(6, 22): 0.2151, 3.0100, 10.0028
(6, 23): 0.2472, 3.0100, 10.5902
(6, 24): 0.2865, 3.0200, 10.0459
(6, 25): 0.2828, 3.0100, 10.0879
(6, 26): 0.3037, 3.0100, 9.8971
(6, 27): 0.1730, 3.0100, 4.1737
(7, 1): 0.0561, 3.0100, 1.6793
(7, 2): 0.0561, 3.0100, 1.6793
(7, 3): 0.0561, 3.0100, 1.6793
(7, 4): 0.0561, 3.0100, 1.6793
(7, 5): 0.0561, 3.0100, 1.6793
(7, 6): 0.0561, 3.0100, 1.6793
(7, 7): 0.0561, 3.0100, 1.6793
(7, 8): 0.0561, 3.0100, 1.6793
(7, 9): 0.0561, 3.0100, 1.6793
(7, 10): 0.0561, 3.0100, 1.6793
(7, 11): 0.1818, 3.0100, 4.6319
(7, 12): 0.1818, 3.0100, 4.6319
(7, 13): 0.1798, 3.0100, 2.1604
(7, 14): 0.2828, 3.0100, 9.3334
(7, 15): 0.2828, 3.0100, 9.3334
(7, 16): 0.2547, 3.0000, 9.7825
(7, 17): 0.2445, 3.0100, 9.8478
(7, 18): 0.2264, 3.0100, 9.8531
(7, 19): 0.2206, 3.0100, 10.4483
(7, 20): 0.2466, 3.0100, 10.8210
(7, 21): 0.1983, 3.0100, 10.6528
(7, 22): 0.2553, 3.0100, 10.2853
(7, 23): 0.2810, 3.0100, 10.4562
(7, 24): 0.2747, 3.0100, 9.9837
(7, 25): 0.2747, 3.0100, 10.0625
(7, 26): 0.2608, 3.0100, 10.3551
(7, 27): 0.1981, 3.0100, 7.2167
(8, 1): 0.2541, 3.0100, 6.3271
(8, 2): 0.2541, 3.0100, 6.3271
(8, 3): 0.2541, 3.0100, 6.3271
(8, 4): 0.2541, 3.0100, 6.3271
(8, 5): 0.2541, 3.0100, 6.3271
(8, 6): 0.2541, 3.0100, 6.3271
(8, 7): 0.2541, 3.0100, 6.3271
(8, 8): 0.2541, 3.0100, 6.3271
(8, 9): 0.2541, 3.0100, 6.3271
(8, 10): 0.2541, 3.0100, 6.3271
(8, 11): 0.2951, 3.0100, 5.4540
(8, 12): 0.2951, 3.0100, 5.4540
(8, 13): 0.1639, 3.0100, 3.4678
(8, 14): 0.1639, 3.0100, 3.4678
(8, 15): 0.2617, 3.0100, 9.7701
(8, 16): 0.2358, 3.0100, 10.1623
(8, 17): 0.2410, 3.0100, 9.7788
(8, 18): 0.2289, 3.0100, 10.0956
(8, 19): 0.2332, 3.0100, 10.4864
(8, 20): 0.2579, 3.0100, 10.1814
(8, 21): 0.2614, 3.0100, 10.0640
(8, 22): 0.3295, 3.0100, 9.7315
(8, 23): 0.2882, 3.0100, 10.2636
(8, 24): 0.2651, 3.0100, 10.4833
(8, 25): 0.2781, 3.0100, 9.9985
(8, 26): 0.2759, 3.0099, 10.0310
(8, 27): 0.2291, 3.0100, 6.7708
(9, 1): 0.2615, 3.0000, 6.3243
(9, 2): 0.2615, 3.0000, 6.3243
(9, 3): 0.2615, 3.0000, 6.3243
(9, 4): 0.2615, 3.0000, 6.3243
(9, 5): 0.2615, 3.0000, 6.3243
(9, 6): 0.2615, 3.0000, 6.3243
(9, 7): 0.2615, 3.0000, 6.3243
(9, 8): 0.2615, 3.0000, 6.3243
(9, 9): 0.2615, 3.0000, 6.3243
(9, 10): 0.2615, 3.0000, 6.3243
(9, 11): 0.2053, 3.0100, 1.5393
(9, 12): 0.2073, 3.0100, 6.9340
(9, 13): 0.2073, 3.0100, 6.9340
(9, 14): 0.1639, 3.0100, 3.4678
(9, 15): 0.2337, 3.0100, 9.0947
(9, 16): 0.2450, 3.0100, 10.1096
(9, 17): 0.2452, 3.0100, 10.0030
(9, 18): 0.2662, 3.0100, 9.8851
(9, 19): 0.2448, 3.0100, 10.4140
(9, 20): 0.2655, 3.0100, 9.6662
(9, 21): 0.2780, 3.0100, 10.2342
(9, 22): 0.2948, 3.0100, 10.2616
(9, 23): 0.2712, 3.0100, 10.6089
(9, 24): 0.2290, 3.0100, 10.5536
(9, 25): 0.3204, 3.0100, 9.3035
(9, 26): 0.2776, 3.0200, 10.3081
(9, 27): 0.1120, 3.0100, 3.0533
(10, 1): 0.2081, 3.0100, 7.2608
(10, 2): 0.2081, 3.0100, 7.2608
(10, 3): 0.2081, 3.0100, 7.2608
(10, 4): 0.2081, 3.0100, 7.2608
(10, 5): 0.2081, 3.0100, 7.2608
(10, 6): 0.2081, 3.0100, 7.2608
(10, 7): 0.2081, 3.0100, 7.2608
(10, 8): 0.2081, 3.0100, 7.2608
(10, 9): 0.2081, 3.0100, 7.2608
(10, 10): 0.2081, 3.0100, 7.2608
(10, 11): 0.1131, 3.0100, 3.0806
(10, 12): 0.2073, 3.0100, 6.9340
(10, 13): 0.1626, 3.0100, 3.5416
(10, 14): 0.0814, 3.0300, 1.2267
(10, 15): 0.2119, 3.0100, 9.1479
(10, 16): 0.2693, 3.0000, 9.2857
(10, 17): 0.2777, 3.0100, 9.5936
(10, 18): 0.2424, 3.0100, 10.0125
(10, 19): 0.2399, 3.0100, 10.1962
(10, 20): 0.2670, 3.0100, 9.5916
(10, 21): 0.2890, 3.0100, 10.1495
(10, 22): 0.2554, 3.0100, 10.6196
(10, 23): 0.2328, 3.0100, 11.1139
(10, 24): 0.2440, 3.0100, 10.5845
(10, 25): 0.2801, 3.0100, 10.3312
(10, 26): 0.2808, 3.0100, 10.2343
(10, 27): 0.2808, 3.0100, 10.2343
(11, 1): 0.1908, 3.0100, 3.2516
(11, 2): 0.2461, 3.0100, 8.6768
(11, 3): 0.2461, 3.0100, 8.6768
(11, 4): 0.2461, 3.0100, 8.6768
(11, 5): 0.2461, 3.0100, 8.6768
(11, 6): 0.2461, 3.0100, 8.6768
(11, 7): 0.2461, 3.0100, 8.6768
(11, 8): 0.2461, 3.0100, 8.6768
(11, 9): 0.2461, 3.0100, 8.6768
(11, 10): 0.2461, 3.0100, 8.6768
(11, 11): 0.2589, 3.0100, 10.4579
(11, 12): 0.2949, 3.0100, 9.7356
(11, 13): 0.1626, 3.0100, 3.5416
(11, 14): 0.1626, 3.0100, 3.5416
(11, 15): 0.2119, 3.0100, 9.1479
(11, 16): 0.0915, 3.0100, 2.2079
(11, 17): 0.2467, 3.0100, 9.9004
(11, 18): 0.2623, 3.0100, 10.0166
(11, 19): 0.2733, 3.0100, 9.3963
(11, 20): 0.2631, 3.0100, 10.0015
(11, 21): 0.2703, 3.0100, 10.3740
(11, 22): 0.2766, 3.0100, 10.3163
(11, 23): 0.2291, 3.0100, 10.7467
(11, 24): 0.2405, 3.0100, 10.3871
(11, 25): 0.2342, 3.0100, 10.7952
(11, 26): 0.2885, 3.0100, 10.1866
(11, 27): 0.2885, 3.0100, 10.1866
(12, 1): 0.1908, 3.0100, 3.2516
(12, 2): 0.1908, 3.0100, 3.2516
(12, 3): 0.1908, 3.0100, 3.2516
(12, 4): 0.1908, 3.0100, 3.2516
(12, 5): 0.2423, 3.0100, 11.1648
(12, 6): 0.2423, 3.0100, 11.1648
(12, 7): 0.2423, 3.0100, 11.1648
(12, 8): 0.2423, 3.0100, 11.1648
(12, 9): 0.2423, 3.0100, 11.1648
(12, 10): 0.2423, 3.0100, 11.1648
(12, 11): 0.2553, 3.0100, 10.5022
(12, 12): 0.2751, 3.0100, 10.1800
(12, 13): 0.2650, 3.0100, 7.9842
(12, 14): 0.2133, 3.0100, 5.5893
(12, 15): 0.2133, 3.0100, 5.5893
(12, 16): 0.1694, 3.0100, 3.4552
(12, 17): 0.2970, 3.0100, 9.2907
(12, 18): 0.2833, 3.0100, 9.9115
(12, 19): 0.2620, 3.0100, 9.7709
(12, 20): 0.2924, 3.0100, 9.8000
(12, 21): 0.2923, 3.0100, 9.8408
(12, 22): 0.2594, 3.0100, 10.3416
(12, 23): 0.2251, 3.0000, 10.7007
(12, 24): 0.2012, 3.0100, 10.0058
(12, 25): 0.1010, 3.0100, 3.8713
(12, 26): 0.1068, 3.0100, 4.0507
(12, 27): 0.1068, 3.0100, 4.0507
(13, 1): 0.1908, 3.0100, 3.2516
(13, 2): 0.1908, 3.0100, 3.2516
(13, 3): 0.1908, 3.0100, 3.2516
(13, 4): 0.1908, 3.0100, 3.2516
(13, 5): 0.1908, 3.0100, 3.2516
(13, 6): 0.1908, 3.0100, 3.2516
(13, 7): 0.1908, 3.0100, 3.2516
(13, 8): 0.2782, 3.0100, 11.1002
(13, 9): 0.2782, 3.0100, 11.1002
(13, 10): 0.2782, 3.0100, 11.1002
(13, 11): 0.2651, 3.0100, 11.0731
(13, 12): 0.2452, 3.0100, 10.5007
(13, 13): 0.2634, 3.0100, 8.1519
(13, 14): 0.1965, 3.0100, 2.1625
(13, 15): 0.1965, 3.0100, 2.1625
(13, 16): 0.1133, 3.0100, 2.1399
(13, 17): 0.2471, 3.0100, 8.0579
(13, 18): 0.2521, 3.0100, 8.9080
(13, 19): 0.2886, 3.0100, 9.5223
(13, 20): 0.2593, 3.0100, 10.1686
(13, 21): 0.2710, 3.0100, 9.9649
(13, 22): 0.2184, 3.0200, 10.5835
(13, 23): 0.2461, 3.0100, 10.4657
(13, 24): 0.2003, 3.0100, 10.0613
(13, 25): 0.1383, 3.0200, 1.2800
(13, 26): 0.1068, 3.0100, 4.0507
(13, 27): 0.1779, 3.0100, 1.4212
(14, 1): 0.1908, 3.0100, 3.2516
(14, 2): 0.1908, 3.0100, 3.2516
(14, 3): 0.1908, 3.0100, 3.2516
(14, 4): 0.1908, 3.0100, 3.2516
(14, 5): 0.1908, 3.0100, 3.2516
(14, 6): 0.1908, 3.0100, 3.2516
(14, 7): 0.1908, 3.0100, 3.2516
(14, 8): 0.1908, 3.0100, 3.2516
(14, 9): 0.2841, 3.0100, 11.3610
(14, 10): 0.2841, 3.0100, 11.3610
(14, 11): 0.3092, 3.0200, 10.4108
(14, 12): 0.2577, 3.0100, 10.2761
(14, 13): 0.1067, 3.0300, 1.5470
(14, 14): 0.1965, 3.0100, 2.1625
(14, 15): -0.1868, 3.0100, 1.7575
(14, 16): 0.2779, 3.0200, 8.2759
(14, 17): 0.2867, 3.0100, 10.1030
(14, 18): 0.2540, 3.0100, 10.0043
(14, 19): 0.2368, 3.0200, 10.5067
(14, 20): 0.2452, 3.0100, 10.5149
(14, 21): 0.2771, 3.0100, 9.8894
(14, 22): 0.2600, 3.0100, 10.3313
(14, 23): 0.2207, 3.0100, 11.5360
(14, 24): 0.2068, 3.0100, 10.4789
(14, 25): 0.1626, 3.0100, 6.7282
(14, 26): 0.2310, 3.0200, 6.6522
(14, 27): 0.1779, 3.0100, 1.4212
(15, 1): 0.0555, 3.0100, 1.5287
(15, 2): 0.0555, 3.0100, 1.5287
(15, 3): 0.0555, 3.0100, 1.5287
(15, 4): 0.1908, 3.0100, 3.2516
(15, 5): 0.1908, 3.0100, 3.2516
(15, 6): 0.1908, 3.0100, 3.2516
(15, 7): 0.1908, 3.0100, 3.2516
(15, 8): 0.1908, 3.0100, 3.2516
(15, 9): 0.1908, 3.0100, 3.2516
(15, 10): 0.3000, 3.0100, 11.1177
(15, 11): 0.2882, 3.0100, 10.6027
(15, 12): 0.2528, 3.0100, 10.7899
(15, 13): 0.1743, 3.0100, 4.3764
(15, 14): 0.0733, 3.0200, 1.4722
(15, 15): 0.2468, 3.0100, 8.7283
(15, 16): 0.2758, 3.0100, 10.3143
(15, 17): 0.2778, 3.0100, 9.6396
(15, 18): 0.2241, 3.0100, 9.6084
(15, 19): 0.2225, 3.0100, 11.2014
(15, 20): 0.2368, 3.0100, 10.6903
(15, 21): 0.2484, 3.0100, 10.6612
(15, 22): 0.2976, 3.0100, 10.0162
(15, 23): 0.2315, 3.0100, 10.5745
(15, 24): 0.2155, 3.0100, 11.0717
(15, 25): 0.2370, 3.0100, 11.3837
(15, 26): 0.2290, 3.0100, 11.2509
(15, 27): 0.2455, 3.0200, 7.2099
(16, 1): 0.1563, 3.0100, 3.3675
(16, 2): 0.0555, 3.0100, 1.5287
(16, 3): 0.0555, 3.0100, 1.5287
(16, 4): 0.0555, 3.0100, 1.5287
(16, 5): 0.0555, 3.0100, 1.5287
(16, 6): 0.0555, 3.0100, 1.5287
(16, 7): 0.2311, 3.0100, 4.5056
(16, 8): 0.2311, 3.0100, 4.5056
(16, 9): 0.2311, 3.0100, 4.5056
(16, 10): 0.2924, 3.0100, 10.9078
(16, 11): 0.2611, 3.0100, 10.9628
(16, 12): 0.2286, 3.0100, 10.7226
(16, 13): 0.1735, 3.0100, 4.2791
(16, 14): 0.2535, 3.0100, 10.0946
(16, 15): 0.2794, 3.0100, 10.3797
(16, 16): 0.2907, 3.0100, 9.1488
(16, 17): 0.2447, 3.0100, 8.7365
(16, 18): 0.2345, 3.0100, 11.3969
(16, 19): 0.2471, 3.0100, 10.7313
(16, 20): 0.2548, 3.0100, 10.5814
(16, 21): 0.2777, 3.0100, 10.6489
(16, 22): 0.2577, 3.0100, 10.8535
(16, 23): 0.2351, 3.0100, 11.1126
(16, 24): 0.2672, 3.0100, 10.6846
(16, 25): 0.2508, 3.0000, 11.4918
(16, 26): 0.2612, 3.0100, 11.2490
(16, 27): 0.2045, 3.0100, 7.1423
(17, 1): 0.1563, 3.0100, 3.3675
(17, 2): 0.1563, 3.0100, 3.3675
(17, 3): 0.1646, 3.0100, 3.3317
(17, 4): 0.0555, 3.0100, 1.5287
(17, 5): 0.0555, 3.0100, 1.5287
(17, 6): 0.0555, 3.0100, 1.5287
(17, 7): 0.0555, 3.0100, 1.5287
(17, 8): 0.2385, 3.0200, 8.5038
(17, 9): 0.2385, 3.0200, 8.5038
(17, 10): 0.2422, 3.0100, 11.1237
(17, 11): 0.2366, 3.0100, 11.3259
(17, 12): 0.2869, 3.0100, 10.3696
(17, 13): 0.2599, 3.0100, 9.1824
(17, 14): 0.2372, 3.0100, 8.6613
(17, 15): 0.2423, 3.0100, 9.7991
(17, 16): 0.2682, 3.0100, 9.6693
(17, 17): 0.2661, 3.0100, 10.9440
(17, 18): 0.2644, 3.0100, 11.0521
(17, 19): 0.2301, 3.0100, 11.4911
(17, 20): 0.2392, 3.0100, 11.3542
(17, 21): 0.2720, 3.0100, 10.6171
(17, 22): 0.2533, 3.0100, 11.0683
(17, 23): 0.2507, 3.0100, 11.2229
(17, 24): 0.2495, 3.0100, 11.3623
(17, 25): 0.2604, 3.0100, 11.6476
(17, 26): 0.1970, 3.0100, 9.9139
(17, 27): 0.1970, 3.0100, 9.9139
(18, 1): 0.1563, 3.0100, 3.3675
(18, 2): 0.1563, 3.0100, 3.3675
(18, 3): 0.1563, 3.0100, 3.3675
(18, 4): 0.1646, 3.0100, 3.3317
(18, 5): 0.1646, 3.0100, 3.3317
(18, 6): 0.0555, 3.0100, 1.5287
(18, 7): 0.0555, 3.0100, 1.5287
(18, 8): 0.0555, 3.0100, 1.5287
(18, 9): 0.2662, 3.0100, 10.4866
(18, 10): 0.2412, 3.0100, 11.1353
(18, 11): 0.2778, 3.0100, 11.1739
(18, 12): 0.2730, 3.0100, 11.0235
(18, 13): 0.2633, 3.0100, 11.0690
(18, 14): 0.2420, 3.0100, 11.4199
(18, 15): 0.2395, 3.0100, 11.3422
(18, 16): 0.2516, 3.0100, 11.0994
(18, 17): 0.2581, 3.0100, 11.2165
(18, 18): 0.2384, 3.0100, 11.7052
(18, 19): 0.2854, 3.0100, 10.7981
(18, 20): 0.2733, 3.0100, 10.9911
(18, 21): 0.2664, 3.0100, 10.8814
(18, 22): 0.2579, 3.0100, 11.1259
(18, 23): 0.2494, 3.0100, 11.4101
(18, 24): 0.2506, 3.0100, 12.0462
(18, 25): 0.2548, 3.0100, 10.2049
(18, 26): 0.1603, 3.0100, 2.9323
(18, 27): 0.1603, 3.0100, 2.9323
(19, 1): 0.1563, 3.0100, 3.3675
(19, 2): 0.1563, 3.0100, 3.3675
(19, 3): 0.1563, 3.0100, 3.3675
(19, 4): 0.1563, 3.0100, 3.3675
(19, 5): 0.1646, 3.0100, 3.3317
(19, 6): 0.1646, 3.0100, 3.3317
(19, 7): 0.2044, 3.0100, 6.6295
(19, 8): 0.2044, 3.0100, 6.6295
(19, 9): 0.2526, 3.0100, 11.4045
(19, 10): 0.2946, 3.0100, 11.0190
(19, 11): 0.3202, 3.0100, 10.6650
(19, 12): 0.2631, 3.0100, 11.1159
(19, 13): 0.2593, 3.0100, 11.1281
(19, 14): 0.2348, 3.0100, 11.6896
(19, 15): 0.2491, 3.0100, 11.7057
(19, 16): 0.2724, 3.0100, 10.9003
(19, 17): 0.2890, 3.0100, 10.8398
(19, 18): 0.2644, 3.0100, 11.3935
(19, 19): 0.2539, 3.0100, 11.5224
(19, 20): 0.2670, 3.0100, 11.3084
(19, 21): 0.2611, 3.0100, 11.1288
(19, 22): 0.2434, 3.0100, 10.8210
(19, 23): 0.2376, 3.0100, 10.8180
(19, 24): 0.2325, 3.0100, 11.0618
(19, 25): 0.1906, 3.0100, 7.3504
(19, 26): 0.2643, 3.0400, 1.0889
(19, 27): 0.2643, 3.0400, 1.0889
(20, 1): 0.2103, 3.0100, 4.0555
(20, 2): 0.1563, 3.0100, 3.3675
(20, 3): 0.1563, 3.0100, 3.3675
(20, 4): 0.1563, 3.0100, 3.3675
(20, 5): 0.1563, 3.0100, 3.3675
(20, 6): 0.1646, 3.0100, 3.3317
(20, 7): 0.1646, 3.0100, 3.3317
(20, 8): 0.2840, 3.0000, 11.0968
(20, 9): 0.2834, 3.0100, 11.0682
(20, 10): 0.2741, 3.0000, 11.2334
(20, 11): 0.3709, 3.0100, 10.1800
(20, 12): 0.2702, 3.0100, 10.6334
(20, 13): 0.2628, 3.0100, 10.7111
(20, 14): 0.2660, 3.0100, 11.0363
(20, 15): 0.2502, 3.0100, 11.5745
(20, 16): 0.2656, 3.0100, 10.9121
(20, 17): 0.2837, 3.0100, 10.8739
(20, 18): 0.2421, 3.0200, 11.8279
(20, 19): 0.2830, 3.0100, 11.0218
(20, 20): 0.2419, 3.0200, 11.3125
(20, 21): 0.2104, 3.0100, 10.8182
(20, 22): 0.2283, 3.0100, 9.8950
(20, 23): 0.2318, 3.0100, 10.1589
(20, 24): 0.2310, 3.0100, 10.7536
(20, 25): 0.2403, 3.0100, 10.3062
(20, 26): 0.1221, 3.0200, 2.9524
(20, 27): 0.1221, 3.0200, 2.9524
(21, 1): 0.1437, 3.0100, 3.2007
(21, 2): 0.2103, 3.0100, 4.0555
(21, 3): 0.2103, 3.0100, 4.0555
(21, 4): 0.1563, 3.0100, 3.3675
(21, 5): 0.1563, 3.0100, 3.3675
(21, 6): 0.1563, 3.0100, 3.3675
(21, 7): 0.2883, 3.0000, 10.0856
(21, 8): 0.3130, 3.0100, 10.8809
(21, 9): 0.3088, 3.0100, 10.6356
(21, 10): 0.2677, 3.0100, 10.6026
(21, 11): 0.2450, 3.0100, 11.0830
(21, 12): 0.2896, 3.0100, 10.3143
(21, 13): 0.2707, 3.0100, 10.7568
(21, 14): 0.2778, 3.0100, 10.9120
(21, 15): 0.2965, 3.0100, 10.6905
(21, 16): 0.2915, 3.0100, 10.4360
(21, 17): 0.2720, 3.0100, 10.9731
(21, 18): 0.2327, 3.0100, 11.2575
(21, 19): 0.2197, 3.0100, 10.9163
(21, 20): 0.2273, 3.0100, 10.6225
(21, 21): 0.1916, 3.0100, 9.5116
(21, 22): 0.2032, 3.0100, 9.8621
(21, 23): 0.2448, 3.0100, 9.8641
(21, 24): 0.1879, 3.0100, 5.8767
(21, 25): 0.1879, 3.0100, 5.8767
(21, 26): 0.1221, 3.0200, 2.9524
(21, 27): 0.1221, 3.0200, 2.9524
(22, 1): 0.1437, 3.0100, 3.2007
(22, 2): 0.1437, 3.0100, 3.2007
(22, 3): 0.2103, 3.0100, 4.0555
(22, 4): 0.2103, 3.0100, 4.0555
(22, 5): 0.2442, 3.0100, 7.7157
(22, 6): 0.2442, 3.0100, 7.7157
(22, 7): 0.3123, 3.0000, 10.6549
(22, 8): 0.2894, 3.0100, 10.6857
(22, 9): 0.3188, 3.0100, 10.2588
(22, 10): 0.2439, 3.0100, 10.9434
(22, 11): 0.2493, 3.0100, 11.1540
(22, 12): 0.2494, 3.0100, 11.0962
(22, 13): 0.2712, 3.0100, 10.8005
(22, 14): 0.3011, 3.0100, 10.3924
(22, 15): 0.3086, 3.0100, 10.2348
(22, 16): 0.3018, 3.0100, 10.3272
(22, 17): 0.2466, 3.0200, 11.1255
(22, 18): 0.2554, 3.0100, 11.0165
(22, 19): 0.2746, 3.0100, 10.8827
(22, 20): 0.2134, 3.0100, 9.2532
(22, 21): 0.2114, 3.0100, 1.9863
(22, 22): 0.2032, 3.0100, 9.8621
(22, 23): 0.2448, 3.0100, 9.8641
(22, 24): 0.1879, 3.0100, 5.8767
(22, 25): 0.1879, 3.0100, 5.8767
(22, 26): 0.1221, 3.0200, 2.9524
(22, 27): 0.1221, 3.0200, 2.9524
(23, 1): 0.1437, 3.0100, 3.2007
(23, 2): 0.1437, 3.0100, 3.2007
(23, 3): 0.1437, 3.0100, 3.2007
(23, 4): 0.2103, 3.0100, 4.0555
(23, 5): 0.2103, 3.0100, 4.0555
(23, 6): 0.2706, 3.0100, 7.0325
(23, 7): 0.3231, 3.0100, 8.4058
(23, 8): 0.3241, 3.0100, 10.5762
(23, 9): 0.3105, 3.0100, 10.7295
(23, 10): 0.2885, 3.0100, 10.5080
(23, 11): 0.2944, 3.0100, 10.6619
(23, 12): 0.2757, 3.0100, 10.8765
(23, 13): 0.3058, 3.0100, 10.2288
(23, 14): 0.2811, 3.0100, 10.4927
(23, 15): 0.3055, 3.0100, 9.7392
(23, 16): 0.3046, 3.0100, 10.2578
(23, 17): 0.2879, 3.0100, 10.3371
(23, 18): 0.2814, 3.0100, 10.7728
(23, 19): 0.2875, 3.0100, 10.9734
(23, 20): 0.2410, 3.0100, 9.8050
(23, 21): 0.2114, 3.0100, 1.9863
(23, 22): 0.2114, 3.0100, 1.9863
(23, 23): 0.2448, 3.0100, 9.8641
(23, 24): 0.1879, 3.0100, 5.8767
(23, 25): 0.1879, 3.0100, 5.8767
(23, 26): 0.1879, 3.0100, 5.8767
(23, 27): 0.1221, 3.0200, 2.9524
(24, 1): 0.1895, 3.0100, 1.4409
(24, 2): 0.1437, 3.0100, 3.2007
(24, 3): 0.1437, 3.0100, 3.2007
(24, 4): 0.1437, 3.0100, 3.2007
(24, 5): 0.2046, 3.0100, 5.2226
(24, 6): 0.2270, 3.0100, 5.2047
(24, 7): 0.3179, 3.0100, 9.7107
(24, 8): 0.2595, 3.0100, 7.7928
(24, 9): 0.2880, 3.0000, 9.0688
(24, 10): 0.3188, 3.0100, 8.5670
(24, 11): 0.3140, 3.0100, 10.6350
(24, 12): 0.2858, 3.0200, 10.6955
(24, 13): 0.2555, 3.0100, 10.7611
(24, 14): 0.2680, 3.0100, 10.4074
(24, 15): 0.3010, 3.0100, 10.0167
(24, 16): 0.2599, 3.0100, 10.9651
(24, 17): 0.2954, 3.0100, 10.3965
(24, 18): 0.3003, 3.0100, 10.6550
(24, 19): 0.2617, 3.0100, 11.4998
(24, 20): 0.2704, 3.0100, 11.2815
(24, 21): 0.2284, 3.0100, 7.2688
(24, 22): 0.2606, 3.0100, 4.9607
(24, 23): 0.2606, 3.0100, 4.9607
(24, 24): 0.2606, 3.0100, 4.9607
(24, 25): 0.2606, 3.0100, 4.9607
(24, 26): 0.1879, 3.0100, 5.8767
(24, 27): 0.1221, 3.0200, 2.9524
(25, 1): 0.1895, 3.0100, 1.4409
(25, 2): 0.1895, 3.0100, 1.4409
(25, 3): 0.2008, 3.0100, 5.4532
(25, 4): 0.2053, 3.0000, 7.4884
(25, 5): 0.2740, 3.0100, 8.2058
(25, 6): 0.3246, 3.0100, 9.6029
(25, 7): 0.2008, 3.0200, 6.2634
(25, 8): 0.2966, 3.0100, 8.8386
(25, 9): 0.3172, 3.0100, 10.0792
(25, 10): 0.3154, 3.0100, 10.3936
(25, 11): 0.2852, 3.0100, 11.1982
(25, 12): 0.2714, 3.0100, 11.0225
(25, 13): 0.2996, 3.0100, 10.2530
(25, 14): 0.2980, 3.0100, 10.4442
(25, 15): 0.3087, 3.0100, 10.3069
(25, 16): 0.2663, 3.0100, 10.8637
(25, 17): 0.2750, 3.0100, 10.9002
(25, 18): 0.3069, 3.0100, 10.6012
(25, 19): 0.2663, 3.0100, 11.1360
(25, 20): 0.2629, 3.0100, 11.0797
(25, 21): 0.2541, 3.0100, 11.1189
(25, 22): 0.2606, 3.0100, 4.9607
(25, 23): 0.2606, 3.0100, 4.9607
(25, 24): 0.2606, 3.0100, 4.9607
(25, 25): 0.2606, 3.0100, 4.9607
(25, 26): 0.2606, 3.0100, 4.9607
(25, 27): 0.2606, 3.0100, 4.9607
(26, 1): 0.1895, 3.0100, 1.4409
(26, 2): 0.1895, 3.0100, 1.4409
(26, 3): 0.2008, 3.0100, 5.4532
(26, 4): 0.1897, 3.0100, 7.7306
(26, 5): 0.2201, 3.0100, 6.9778
(26, 6): 0.2284, 3.0100, 5.9318
(26, 7): 0.2680, 3.0100, 9.6881
(26, 8): 0.3134, 3.0200, 10.6399
(26, 9): 0.3249, 3.0100, 10.2829
(26, 10): 0.2591, 3.0100, 11.1564
(26, 11): 0.2727, 3.0100, 11.1613
(26, 12): 0.2174, 3.0100, 11.2823
(26, 13): 0.3029, 3.0100, 10.4831
(26, 14): 0.3378, 3.0100, 10.0205
(26, 15): 0.3390, 3.0100, 9.9904
(26, 16): 0.3060, 3.0100, 10.4896
(26, 17): 0.3249, 3.0100, 10.0651
(26, 18): 0.3281, 3.0100, 10.0638
(26, 19): 0.2884, 3.0100, 10.4234
(26, 20): 0.2736, 3.0100, 10.7761
(26, 21): 0.2748, 3.0100, 10.7975
(26, 22): 0.2492, 3.0100, 9.1793
(26, 23): 0.2492, 3.0100, 9.1793
(26, 24): 0.2492, 3.0100, 9.1793
(26, 25): 0.2492, 3.0100, 9.1793
(26, 26): 0.2492, 3.0100, 9.1793
(26, 27): 0.2492, 3.0100, 9.1793
(27, 1): 0.2243, 3.0100, 5.0581
(27, 2): 0.2243, 3.0100, 5.0581
(27, 3): 0.2944, 3.0100, 10.5668
(27, 4): 0.2737, 3.0100, 11.6725
(27, 5): 0.2866, 3.0100, 11.4755
(27, 6): 0.2827, 3.0100, 9.2744
(27, 7): 0.1831, 3.0100, 4.6758
(27, 8): 0.2547, 3.0100, 9.6601
(27, 9): 0.2339, 3.0100, 9.2965
(27, 10): 0.2255, 3.0100, 8.7291
(27, 11): 0.2478, 3.0100, 8.7870
(27, 12): 0.1832, 3.0100, 6.0828
(27, 13): 0.2517, 3.0200, 9.5880
(27, 14): 0.1864, 3.0100, 8.5678
(27, 15): 0.2995, 3.0100, 10.9383
(27, 16): 0.3388, 3.0100, 9.9587
(27, 17): 0.3159, 3.0100, 10.4196
(27, 18): 0.3100, 3.0100, 10.1876
(27, 19): 0.2705, 3.0100, 10.4388
(27, 20): 0.2616, 3.0100, 10.8427
(27, 21): 0.2854, 3.0200, 10.7316
(27, 22): 0.2624, 3.0100, 8.9498
(27, 23): 0.2624, 3.0100, 8.9498
(27, 24): 0.2624, 3.0100, 8.9498
(27, 25): 0.2624, 3.0100, 8.9498
(27, 26): 0.2624, 3.0100, 8.9498
(27, 27): 0.2624, 3.0100, 8.9498
(28, 1): 0.1017, 3.0100, 1.3388
(28, 2): 0.1017, 3.0100, 1.3388
(28, 3): 0.1803, 3.0100, 6.3447
(28, 4): 0.1899, 3.0100, 6.6491
(28, 5): 0.2695, 3.0100, 9.5281
(28, 6): 0.2040, 3.0100, 6.1292
(28, 7): 0.2069, 3.0100, 6.0573
(28, 8): 0.2216, 3.0100, 8.5749
(28, 9): 0.2133, 3.0100, 6.7389
(28, 10): 0.2255, 3.0100, 8.7291
(28, 11): 0.2478, 3.0100, 8.7870
(28, 12): 0.1832, 3.0100, 6.0828
(28, 13): 0.1322, 3.0100, 3.2437
(28, 14): 0.1322, 3.0100, 3.2437
(28, 15): 0.2891, 3.0000, 10.2330
(28, 16): 0.2713, 3.0100, 10.7651
(28, 17): 0.3030, 3.0100, 10.1132
(28, 18): 0.2970, 3.0100, 10.2209
(28, 19): 0.3106, 3.0100, 9.7871
(28, 20): 0.2734, 3.0100, 10.5158
(28, 21): 0.2952, 3.0100, 10.3448
(28, 22): 0.2146, 3.0100, 5.1830
(28, 23): 0.2146, 3.0100, 5.1830
(28, 24): 0.2146, 3.0100, 5.1830
(28, 25): 0.2146, 3.0100, 5.1830
(28, 26): 0.2146, 3.0100, 5.1830
(28, 27): 0.2146, 3.0100, 5.1830
(29, 1): 0.2655, 3.0100, 10.2836
(29, 2): 0.2655, 3.0100, 10.2836
(29, 3): 0.2557, 3.0000, 11.2575
(29, 4): 0.2260, 3.0100, 10.6573
(29, 5): 0.2425, 3.0100, 8.9867
(29, 6): 0.3125, 3.0100, 11.1141
(29, 7): 0.2455, 3.0100, 9.7180
(29, 8): 0.2051, 3.0200, 1.2889
(29, 9): 0.2133, 3.0100, 6.7389
(29, 10): 0.2133, 3.0100, 6.7389
(29, 11): 0.2478, 3.0100, 8.7870
(29, 12): 0.1832, 3.0100, 6.0828
(29, 13): 0.1322, 3.0100, 3.2437
(29, 14): 0.1322, 3.0100, 3.2437
(29, 15): 0.1135, 3.0100, 2.3900
(29, 16): 0.1624, 3.0100, 5.3041
(29, 17): -0.0805, 3.0300, 1.3842
(29, 18): 0.2626, 3.0100, 8.0460
(29, 19): 0.3159, 3.0100, 9.6578
(29, 20): 0.2766, 3.0100, 10.0958
(29, 21): 0.2663, 3.0100, 10.2618
(29, 22): 0.0714, 3.0100, 3.2824
(29, 23): 0.0714, 3.0100, 3.2824
(29, 24): 0.0714, 3.0100, 3.2824
(29, 25): 0.0714, 3.0100, 3.2824
(29, 26): 0.0714, 3.0100, 3.2824
(29, 27): 0.0714, 3.0100, 3.2824
(30, 1): 0.2299, 3.0100, 6.8555
(30, 2): 0.2299, 3.0100, 6.8555
(30, 3): 0.1640, 3.0100, 3.7898
(30, 4): 0.0731, 3.0100, 3.5615
(30, 5): 0.2070, 3.0100, 10.8848
(30, 6): 0.2398, 3.0100, 9.7954
(30, 7): 0.1109, 3.0100, 3.4137
(30, 8): 0.2051, 3.0200, 1.2889
(30, 9): 0.2051, 3.0200, 1.2889
(30, 10): 0.2133, 3.0100, 6.7389
(30, 11): 0.2133, 3.0100, 6.7389
(30, 12): 0.1322, 3.0100, 3.2437
(30, 13): 0.1322, 3.0100, 3.2437
(30, 14): 0.1135, 3.0100, 2.3900
(30, 15): 0.1135, 3.0100, 2.3900
(30, 16): 0.1624, 3.0100, 5.3041
(30, 17): -0.0805, 3.0300, 1.3842
(30, 18): 0.1955, 3.0100, 2.9748
(30, 19): 0.1955, 3.0100, 2.9748
(30, 20): 0.2887, 3.0100, 8.2902
(30, 21): 0.2666, 3.0100, 9.7211
(30, 22): 0.0994, 3.0100, 4.1278
(30, 23): 0.0994, 3.0100, 4.1278
(30, 24): 0.0994, 3.0100, 4.1278
(30, 25): 0.0994, 3.0100, 4.1278
(30, 26): 0.0994, 3.0100, 4.1278
(30, 27): 0.0994, 3.0100, 4.1278
(31, 1): 0.2299, 3.0100, 6.8555
(31, 2): 0.2299, 3.0100, 6.8555
(31, 3): 0.1640, 3.0100, 3.7898
(31, 4): 0.0731, 3.0100, 3.5615
(31, 5): 0.2070, 3.0100, 10.8848
(31, 6): 0.2398, 3.0100, 9.7954
(31, 7): 0.1109, 3.0100, 3.4137
(31, 8): 0.1109, 3.0100, 3.4137
(31, 9): 0.2051, 3.0200, 1.2889
(31, 10): 0.2051, 3.0200, 1.2889
(31, 11): 0.2133, 3.0100, 6.7389
(31, 12): 0.1322, 3.0100, 3.2437
(31, 13): 0.1135, 3.0100, 2.3900
(31, 14): 0.1135, 3.0100, 2.3900
(31, 15): 0.1135, 3.0100, 2.3900
(31, 16): 0.1624, 3.0100, 5.3041
(31, 17): -0.0805, 3.0300, 1.3842
(31, 18): 0.1698, 3.0100, 2.5008
(31, 19): 0.1698, 3.0100, 2.5008
(31, 20): 0.3228, 3.0100, 8.9440
(31, 21): 0.1386, 3.0100, 3.3562
(31, 22): 0.1386, 3.0100, 3.3562
(31, 23): 0.1907, 3.0100, 2.4892
(31, 24): 0.1907, 3.0100, 2.4892
(31, 25): 0.1907, 3.0100, 2.4892
(31, 26): 0.1907, 3.0100, 2.4892
(31, 27): 0.1907, 3.0100, 2.4892
(32, 1): 0.2299, 3.0100, 6.8555
(32, 2): 0.2299, 3.0100, 6.8555
(32, 3): 0.1640, 3.0100, 3.7898
(32, 4): 0.0731, 3.0100, 3.5615
(32, 5): 0.2070, 3.0100, 10.8848
(32, 6): 0.2398, 3.0100, 9.7954
(32, 7): 0.1109, 3.0100, 3.4137
(32, 8): 0.1109, 3.0100, 3.4137
(32, 9): 0.1109, 3.0100, 3.4137
(32, 10): 0.2051, 3.0200, 1.2889
(32, 11): 0.2051, 3.0200, 1.2889
(32, 12): 0.1135, 3.0100, 2.3900
(32, 13): 0.1135, 3.0100, 2.3900
(32, 14): 0.1135, 3.0100, 2.3900
(32, 15): 0.1135, 3.0100, 2.3900
(32, 16): 0.1624, 3.0100, 5.3041
(32, 17): 0.2227, 3.0100, 3.0622
(32, 18): 0.2227, 3.0100, 3.0622
(32, 19): 0.2227, 3.0100, 3.0622
(32, 20): 0.3534, 3.0100, 10.0362
(32, 21): 0.2771, 3.0100, 7.6175
(32, 22): 0.1907, 3.0100, 2.4892
(32, 23): 0.1907, 3.0100, 2.4892
(32, 24): 0.1907, 3.0100, 2.4892
(32, 25): 0.1907, 3.0100, 2.4892
(32, 26): 0.1907, 3.0100, 2.4892
(32, 27): 0.1907, 3.0100, 2.4892
(33, 1): 0.2299, 3.0100, 6.8555
(33, 2): 0.2299, 3.0100, 6.8555
(33, 3): 0.1640, 3.0100, 3.7898
(33, 4): 0.0731, 3.0100, 3.5615
(33, 5): 0.2070, 3.0100, 10.8848
(33, 6): 0.2398, 3.0100, 9.7954
(33, 7): 0.1109, 3.0100, 3.4137
(33, 8): 0.1109, 3.0100, 3.4137
(33, 9): 0.1109, 3.0100, 3.4137
(33, 10): 0.1109, 3.0100, 3.4137
(33, 11): 0.2051, 3.0200, 1.2889
(33, 12): 0.1135, 3.0100, 2.3900
(33, 13): 0.1135, 3.0100, 2.3900
(33, 14): 0.1135, 3.0100, 2.3900
(33, 15): 0.1135, 3.0100, 2.3900
(33, 16): 0.2829, 3.0100, 6.7677
(33, 17): 0.2829, 3.0100, 6.7677
(33, 18): 0.2829, 3.0100, 6.7677
(33, 19): 0.2829, 3.0100, 6.7677
(33, 20): 0.3511, 3.0100, 9.9647
(33, 21): 0.3140, 3.0100, 10.6487
(33, 22): 0.2534, 3.0100, 5.1533
(33, 23): 0.2534, 3.0100, 5.1533
(33, 24): 0.2534, 3.0100, 5.1533
(33, 25): 0.2534, 3.0100, 5.1533
(33, 26): 0.2534, 3.0100, 5.1533
(33, 27): 0.2534, 3.0100, 5.1533
(34, 1): 0.2299, 3.0100, 6.8555
(34, 2): 0.2299, 3.0100, 6.8555
(34, 3): 0.1640, 3.0100, 3.7898
(34, 4): 0.0731, 3.0100, 3.5615
(34, 5): 0.2070, 3.0100, 10.8848
(34, 6): 0.2398, 3.0100, 9.7954
(34, 7): 0.1109, 3.0100, 3.4137
(34, 8): 0.1109, 3.0100, 3.4137
(34, 9): 0.1109, 3.0100, 3.4137
(34, 10): 0.1109, 3.0100, 3.4137
(34, 11): 0.1109, 3.0100, 3.4137
(34, 12): 0.1135, 3.0100, 2.3900
(34, 13): 0.1135, 3.0100, 2.3900
(34, 14): 0.2246, 3.0100, 6.5451
(34, 15): 0.2246, 3.0100, 6.5451
(34, 16): 0.2246, 3.0100, 6.5451
(34, 17): 0.2246, 3.0100, 6.5451
(34, 18): 0.2246, 3.0100, 6.5451
(34, 19): 0.2246, 3.0100, 6.5451
(34, 20): 0.3187, 3.0100, 10.6382
(34, 21): 0.3367, 3.0100, 10.5110
(34, 22): 0.1155, 3.0100, 2.8343
(34, 23): 0.1155, 3.0100, 2.8343
(34, 24): 0.1155, 3.0100, 2.8343
(34, 25): 0.1155, 3.0100, 2.8343
(34, 26): 0.1155, 3.0100, 2.8343
(34, 27): 0.1155, 3.0100, 2.8343
