(1, 1): -2.1116, 0.7766, 0.6896
(1, 2): -2.1116, 0.7766, 0.6896
(1, 3): -2.1116, 0.7766, 0.6896
(1, 4): -2.1116, 0.7766, 0.6896
(1, 5): -2.1116, 0.7766, 0.6896
(1, 6): 0.2026, 0.7519, 0.3716
(1, 7): 0.2026, 0.7519, 0.3716
(1, 8): 0.2026, 0.7519, 0.3716
(1, 9): 0.1726, 0.7556, 0.2619
(1, 10): 0.1726, 0.7556, 0.2619
(1, 11): 0.1726, 0.7556, 0.2619
(1, 12): 0.1726, 0.7556, 0.2619
(1, 13): 0.1726, 0.7556, 0.2619
(1, 14): -0.0367, 0.7569, 0.3618
(1, 15): -0.0367, 0.7569, 0.3618
(1, 16): -0.0367, 0.7569, 0.3618
(1, 17): 0.0928, 0.7506, 0.3372
(1, 18): -0.2941, 0.7731, 0.2867
(1, 19): -0.1636, 0.7531, 0.2542
(1, 20): -0.1636, 0.7531, 0.2542
(1, 21): -1.8477, 0.7459, 0.7802
(1, 22): -1.8477, 0.7459, 0.7802
(1, 23): 0.1738, 0.7506, 0.7509
(1, 24): 0.1912, 0.7506, 0.6398
(1, 25): 0.1912, 0.7506, 0.6398
(1, 26): 0.1912, 0.7506, 0.6398
(1, 27): 0.6160, 0.7562, 0.1138
(2, 1): -2.1116, 0.7766, 0.6896
(2, 2): -2.1116, 0.7766, 0.6896
(2, 3): -2.1116, 0.7766, 0.6896
(2, 4): -2.1116, 0.7766, 0.6896
(2, 5): -2.1116, 0.7766, 0.6896
(2, 6): -2.1116, 0.7766, 0.6896
(2, 7): 0.2026, 0.7519, 0.3716
(2, 8): 0.2026, 0.7519, 0.3716
(2, 9): 0.2026, 0.7519, 0.3716
(2, 10): 0.1726, 0.7556, 0.2619
(2, 11): 0.1726, 0.7556, 0.2619
(2, 12): 0.1726, 0.7556, 0.2619
(2, 13): 0.1726, 0.7556, 0.2619
(2, 14): 0.1849, 0.7506, 0.4637
(2, 15): -0.0367, 0.7569, 0.3618
(2, 16): -0.0367, 0.7569, 0.3618
(2, 17): 0.0928, 0.7506, 0.3372
(2, 18): -0.2941, 0.7731, 0.2867
(2, 19): 0.0377, 0.7531, 0.3439
(2, 20): -0.1636, 0.7531, 0.2542
(2, 21): -1.8477, 0.7459, 0.7802
(2, 22): 0.1652, 0.7519, 0.5409
(2, 23): 0.1738, 0.7506, 0.7509
(2, 24): 0.1912, 0.7506, 0.6398
(2, 25): 0.1912, 0.7506, 0.6398
(2, 26): 0.6160, 0.7562, 0.1138
(2, 27): 0.6160, 0.7562, 0.1138
(3, 1): -2.1116, 0.7766, 0.6896
(3, 2): -2.1116, 0.7766, 0.6896
(3, 3): -2.1116, 0.7766, 0.6896
(3, 4): -2.1116, 0.7766, 0.6896
(3, 5): -2.1116, 0.7766, 0.6896
(3, 6): -2.1116, 0.7766, 0.6896
(3, 7): -2.1116, 0.7766, 0.6896
(3, 8): 0.2026, 0.7519, 0.3716
(3, 9): 0.2026, 0.7519, 0.3716
(3, 10): 0.2026, 0.7519, 0.3716
(3, 11): 0.1726, 0.7556, 0.2619
(3, 12): 0.1726, 0.7556, 0.2619
(3, 13): 0.1726, 0.7556, 0.2619
(3, 14): 0.1849, 0.7506, 0.4637
(3, 15): 0.1391, 0.7644, 0.2119
(3, 16): -0.0367, 0.7569, 0.3618
(3, 17): 0.0928, 0.7506, 0.3372
(3, 18): -0.2941, 0.7731, 0.2867
(3, 19): 0.0377, 0.7531, 0.3439
(3, 20): 0.7139, 0.7563, 0.0588
(3, 21): 0.2858, 0.7613, 0.2765
(3, 22): 0.1652, 0.7519, 0.5409
(3, 23): 0.1738, 0.7506, 0.7509
(3, 24): 0.1912, 0.7506, 0.6398
(3, 25): 0.2024, 0.7506, 0.5396
(3, 26): 0.6160, 0.7562, 0.1138
(3, 27): 0.6160, 0.7562, 0.1138
(4, 1): -2.1116, 0.7766, 0.6896
(4, 2): -2.1116, 0.7766, 0.6896
(4, 3): -2.1116, 0.7766, 0.6896
(4, 4): -2.1116, 0.7766, 0.6896
(4, 5): -2.1116, 0.7766, 0.6896
(4, 6): -2.1116, 0.7766, 0.6896
(4, 7): -2.1116, 0.7766, 0.6896
(4, 8): -2.1116, 0.7766, 0.6896
(4, 9): 0.2026, 0.7519, 0.3716
(4, 10): 0.2026, 0.7519, 0.3716
(4, 11): 0.2026, 0.7519, 0.3716
(4, 12): 0.1726, 0.7556, 0.2619
(4, 13): 0.1726, 0.7556, 0.2619
(4, 14): 0.1849, 0.7506, 0.4637
(4, 15): 0.1391, 0.7644, 0.2119
(4, 16): 0.1264, 0.7569, 0.2668
(4, 17): 0.1692, 0.7556, 0.2347
(4, 18): 0.1366, 0.7506, 0.5643
(4, 19): 0.1452, 0.7513, 0.7230
(4, 20): 0.1766, 0.7525, 0.8329
(4, 21): 0.1573, 0.7506, 0.8689
(4, 22): 0.1350, 0.7506, 0.8716
(4, 23): 0.1677, 0.7506, 0.8211
(4, 24): 0.1725, 0.7506, 0.8217
(4, 25): 0.2024, 0.7506, 0.5396
(4, 26): 0.6160, 0.7562, 0.1138
(4, 27): 0.6160, 0.7562, 0.1138
(5, 1): -2.1116, 0.7766, 0.6896
(5, 2): -2.1116, 0.7766, 0.6896
(5, 3): -2.1116, 0.7766, 0.6896
(5, 4): -2.1116, 0.7766, 0.6896
(5, 5): -2.1116, 0.7766, 0.6896
(5, 6): -2.1116, 0.7766, 0.6896
(5, 7): -2.1116, 0.7766, 0.6896
(5, 8): -2.1116, 0.7766, 0.6896
(5, 9): -2.1116, 0.7766, 0.6896
(5, 10): 0.2026, 0.7519, 0.3716
(5, 11): 0.2026, 0.7519, 0.3716
(5, 12): 0.1444, 0.7506, 0.3190
(5, 13): 0.1444, 0.7506, 0.3190
(5, 14): 0.1444, 0.7506, 0.3190
(5, 15): 0.1420, 0.7506, 0.5543
(5, 16): 0.1904, 0.7512, 0.4289
(5, 17): 0.1444, 0.7519, 0.8182
(5, 18): 0.1513, 0.7506, 0.8089
(5, 19): 0.1969, 0.7512, 0.8150
(5, 20): 0.2177, 0.7519, 0.8080
(5, 21): 0.1699, 0.7506, 0.8594
(5, 22): 0.1461, 0.7512, 0.9115
(5, 23): 0.1444, 0.7506, 0.9174
(5, 24): 0.1955, 0.7506, 0.8627
(5, 25): 0.1938, 0.7513, 0.8624
(5, 26): 0.1967, 0.7506, 0.7734
(5, 27): 0.2418, 0.7506, 0.2767
(6, 1): -2.1116, 0.7766, 0.6896
(6, 2): -2.1116, 0.7766, 0.6896
(6, 3): -2.1116, 0.7766, 0.6896
(6, 4): -2.1116, 0.7766, 0.6896
(6, 5): -2.1116, 0.7766, 0.6896
(6, 6): -2.1116, 0.7766, 0.6896
(6, 7): -2.1116, 0.7766, 0.6896
(6, 8): -2.1116, 0.7766, 0.6896
(6, 9): -2.1116, 0.7766, 0.6896
(6, 10): -2.1116, 0.7766, 0.6896
(6, 11): 0.2026, 0.7519, 0.3716
(6, 12): 0.2101, 0.7562, 0.2316
(6, 13): 0.1444, 0.7506, 0.3190
(6, 14): 0.1420, 0.7506, 0.5543
(6, 15): 0.1420, 0.7506, 0.5543
(6, 16): 0.1594, 0.7512, 0.7960
(6, 17): 0.1400, 0.7512, 0.7930
(6, 18): 0.1270, 0.7506, 0.8383
(6, 19): 0.1763, 0.7519, 0.8637
(6, 20): 0.1802, 0.7506, 0.8310
(6, 21): 0.1968, 0.7512, 0.8373
(6, 22): 0.2107, 0.7513, 0.8509
(6, 23): 0.1971, 0.7506, 0.8713
(6, 24): 0.1520, 0.7506, 0.9007
(6, 25): 0.2150, 0.7506, 0.8256
(6, 26): 0.1800, 0.7506, 0.8433
(6, 27): 0.0942, 0.7525, 0.3872
(7, 1): -2.1116, 0.7766, 0.6896
(7, 2): -2.1116, 0.7766, 0.6896
(7, 3): -2.1116, 0.7766, 0.6896
(7, 4): -2.1116, 0.7766, 0.6896
(7, 5): -2.1116, 0.7766, 0.6896
(7, 6): -2.1116, 0.7766, 0.6896
(7, 7): -2.1116, 0.7766, 0.6896
(7, 8): -2.1116, 0.7766, 0.6896
(7, 9): -2.1116, 0.7766, 0.6896
(7, 10): -2.1116, 0.7766, 0.6896
(7, 11): 0.1544, 0.7531, 0.3788
(7, 12): 0.1544, 0.7531, 0.3788
(7, 13): 0.2101, 0.7562, 0.2316
(7, 14): 0.0984, 0.7525, 0.8383
(7, 15): 0.0984, 0.7525, 0.8383
(7, 16): 0.0985, 0.7506, 0.8274
(7, 17): 0.1048, 0.7519, 0.8348
(7, 18): 0.1457, 0.7506, 0.8234
(7, 19): 0.1782, 0.7506, 0.8189
(7, 20): 0.1582, 0.7513, 0.8519
(7, 21): 0.1516, 0.7513, 0.9113
(7, 22): 0.1767, 0.7519, 0.8907
(7, 23): 0.1983, 0.7506, 0.8313
(7, 24): 0.1766, 0.7506, 0.8471
(7, 25): 0.1803, 0.7519, 0.8586
(7, 26): 0.1475, 0.7512, 0.8934
(7, 27): 0.1414, 0.7519, 0.5445
(8, 1): 0.0848, 0.7512, 0.5862
(8, 2): 0.0848, 0.7512, 0.5862
(8, 3): 0.0848, 0.7512, 0.5862
(8, 4): 0.0848, 0.7512, 0.5862
(8, 5): 0.0848, 0.7512, 0.5862
(8, 6): 0.0848, 0.7512, 0.5862
(8, 7): 0.0848, 0.7512, 0.5862
(8, 8): 0.0848, 0.7512, 0.5862
(8, 9): 0.0848, 0.7512, 0.5862
(8, 10): 0.0848, 0.7512, 0.5862
(8, 11): 0.0808, 0.7513, 0.5203
(8, 12): 0.0808, 0.7513, 0.5203
(8, 13): 0.1383, 0.7563, 0.2646
(8, 14): 0.1383, 0.7563, 0.2646
(8, 15): 0.0729, 0.7506, 0.8487
(8, 16): 0.0779, 0.7506, 0.8589
(8, 17): 0.1263, 0.7525, 0.8551
(8, 18): 0.1449, 0.7512, 0.8631
(8, 19): 0.1957, 0.7506, 0.8076
(8, 20): 0.1457, 0.7519, 0.8535
(8, 21): 0.1411, 0.7506, 0.8824
(8, 22): 0.1266, 0.7506, 0.8886
(8, 23): 0.1705, 0.7506, 0.8330
(8, 24): 0.1451, 0.7519, 0.9090
(8, 25): 0.1771, 0.7506, 0.8572
(8, 26): 0.1713, 0.7531, 0.8825
(8, 27): 0.1452, 0.7519, 0.5392
(9, 1): 0.0935, 0.7600, 0.5688
(9, 2): 0.0935, 0.7600, 0.5688
(9, 3): 0.0935, 0.7600, 0.5688
(9, 4): 0.0935, 0.7600, 0.5688
(9, 5): 0.0935, 0.7600, 0.5688
(9, 6): 0.0935, 0.7600, 0.5688
(9, 7): 0.0935, 0.7600, 0.5688
(9, 8): 0.0935, 0.7600, 0.5688
(9, 9): 0.0935, 0.7600, 0.5688
(9, 10): 0.0935, 0.7600, 0.5688
(9, 11): -1.8758, 0.7831, 0.1606
(9, 12): 0.2016, 0.7506, 0.5211
(9, 13): 0.2016, 0.7506, 0.5211
(9, 14): 0.1383, 0.7563, 0.2646
(9, 15): 0.0620, 0.7519, 0.7980
(9, 16): 0.1655, 0.7512, 0.7827
(9, 17): 0.1547, 0.7506, 0.8078
(9, 18): 0.1555, 0.7506, 0.8303
(9, 19): 0.1633, 0.7506, 0.8271
(9, 20): 0.1014, 0.7506, 0.9122
(9, 21): 0.1254, 0.7506, 0.8643
(9, 22): 0.1323, 0.7506, 0.8697
(9, 23): 0.1316, 0.7506, 0.8920
(9, 24): 0.1323, 0.7519, 0.8967
(9, 25): 0.1698, 0.7506, 0.8747
(9, 26): 0.1505, 0.7512, 0.9004
(9, 27): 0.3037, 0.7550, 0.1708
(10, 1): 0.1075, 0.7512, 0.6099
(10, 2): 0.1075, 0.7512, 0.6099
(10, 3): 0.1075, 0.7512, 0.6099
(10, 4): 0.1075, 0.7512, 0.6099
(10, 5): 0.1075, 0.7512, 0.6099
(10, 6): 0.1075, 0.7512, 0.6099
(10, 7): 0.1075, 0.7512, 0.6099
(10, 8): 0.1075, 0.7512, 0.6099
(10, 9): 0.1075, 0.7512, 0.6099
(10, 10): 0.1075, 0.7512, 0.6099
(10, 11): 0.2460, 0.7550, 0.2706
(10, 12): 0.2016, 0.7506, 0.5211
(10, 13): 0.2016, 0.7506, 0.5211
(10, 14): 0.1781, 0.7506, 0.7397
(10, 15): 0.1781, 0.7506, 0.7397
(10, 16): 0.1756, 0.7506, 0.7729
(10, 17): 0.1342, 0.7506, 0.8406
(10, 18): 0.1631, 0.7506, 0.8128
(10, 19): 0.1400, 0.7513, 0.8371
(10, 20): 0.1486, 0.7506, 0.8270
(10, 21): 0.1006, 0.7519, 0.9002
(10, 22): 0.1521, 0.7512, 0.8494
(10, 23): 0.1889, 0.7506, 0.7985
(10, 24): 0.1536, 0.7506, 0.8658
(10, 25): 0.1648, 0.7506, 0.8904
(10, 26): 0.2003, 0.7506, 0.8326
(10, 27): 0.2003, 0.7506, 0.8326
(11, 1): 0.3178, 0.7506, 0.2013
(11, 2): 0.1495, 0.7512, 0.7398
(11, 3): 0.1495, 0.7512, 0.7398
(11, 4): 0.1495, 0.7512, 0.7398
(11, 5): 0.1495, 0.7512, 0.7398
(11, 6): 0.1495, 0.7512, 0.7398
(11, 7): 0.1495, 0.7512, 0.7398
(11, 8): 0.1495, 0.7512, 0.7398
(11, 9): 0.1495, 0.7512, 0.7398
(11, 10): 0.1495, 0.7512, 0.7398
(11, 11): 0.1537, 0.7513, 0.8980
(11, 12): 0.1543, 0.7506, 0.9071
(11, 13): 0.1341, 0.7512, 0.3176
(11, 14): 0.1341, 0.7512, 0.3176
(11, 15): 0.1781, 0.7506, 0.7397
(11, 16): 0.6464, 0.7625, 0.1472
(11, 17): 0.1514, 0.7506, 0.8184
(11, 18): 0.1503, 0.7506, 0.8266
(11, 19): 0.1223, 0.7506, 0.8837
(11, 20): 0.1558, 0.7506, 0.8543
(11, 21): 0.1703, 0.7506, 0.8510
(11, 22): 0.1462, 0.7506, 0.8764
(11, 23): 0.1967, 0.7506, 0.7916
(11, 24): 0.1556, 0.7512, 0.8761
(11, 25): 0.1796, 0.7506, 0.8508
(11, 26): 0.1470, 0.7506, 0.8797
(11, 27): 0.1470, 0.7506, 0.8797
(12, 1): 0.3178, 0.7506, 0.2013
(12, 2): 0.3178, 0.7506, 0.2013
(12, 3): 0.3178, 0.7506, 0.2013
(12, 4): 0.3178, 0.7506, 0.2013
(12, 5): 0.1813, 0.7506, 0.8522
(12, 6): 0.1813, 0.7506, 0.8522
(12, 7): 0.1813, 0.7506, 0.8522
(12, 8): 0.1813, 0.7506, 0.8522
(12, 9): 0.1813, 0.7506, 0.8522
(12, 10): 0.1813, 0.7506, 0.8522
(12, 11): 0.1610, 0.7506, 0.9053
(12, 12): 0.1588, 0.7506, 0.9032
(12, 13): 0.1596, 0.7506, 0.7135
(12, 14): 0.1829, 0.7512, 0.4228
(12, 15): 0.4281, 0.7506, 0.2147
(12, 16): 0.4281, 0.7506, 0.2147
(12, 17): 0.1752, 0.7506, 0.7845
(12, 18): 0.1564, 0.7519, 0.8266
(12, 19): 0.1671, 0.7512, 0.8591
(12, 20): 0.1143, 0.7519, 0.9463
(12, 21): 0.1269, 0.7506, 0.9335
(12, 22): 0.1438, 0.7506, 0.8953
(12, 23): 0.1188, 0.7506, 0.8731
(12, 24): 0.1859, 0.7506, 0.7231
(12, 25): 0.1611, 0.7544, 0.3671
(12, 26): 0.1590, 0.7519, 0.2705
(12, 27): 0.1590, 0.7519, 0.2705
(13, 1): 0.3178, 0.7506, 0.2013
(13, 2): 0.3178, 0.7506, 0.2013
(13, 3): 0.3178, 0.7506, 0.2013
(13, 4): 0.3178, 0.7506, 0.2013
(13, 5): 0.3178, 0.7506, 0.2013
(13, 6): 0.3178, 0.7506, 0.2013
(13, 7): 0.3178, 0.7506, 0.2013
(13, 8): 0.1673, 0.7506, 0.9367
(13, 9): 0.1673, 0.7506, 0.9367
(13, 10): 0.1673, 0.7506, 0.9367
(13, 11): 0.1589, 0.7512, 0.9345
(13, 12): 0.1442, 0.7531, 0.8865
(13, 13): 0.1879, 0.7519, 0.6990
(13, 14): 0.2778, 0.7513, 0.2746
(13, 15): 0.0472, 0.7619, 0.2172
(13, 16): 0.0472, 0.7619, 0.2172
(13, 17): 0.1371, 0.7512, 0.6759
(13, 18): 0.1675, 0.7512, 0.7660
(13, 19): 0.1428, 0.7506, 0.8756
(13, 20): 0.1718, 0.7512, 0.8403
(13, 21): 0.1297, 0.7544, 0.9179
(13, 22): 0.1004, 0.7506, 0.9155
(13, 23): 0.1728, 0.7506, 0.7932
(13, 24): 0.1574, 0.7512, 0.7368
(13, 25): 0.1574, 0.7512, 0.7368
(13, 26): 0.1590, 0.7519, 0.2705
(13, 27): -2.6751, 0.7674, 0.0003
(14, 1): 0.3178, 0.7506, 0.2013
(14, 2): 0.3178, 0.7506, 0.2013
(14, 3): 0.3178, 0.7506, 0.2013
(14, 4): 0.3178, 0.7506, 0.2013
(14, 5): 0.3178, 0.7506, 0.2013
(14, 6): 0.3178, 0.7506, 0.2013
(14, 7): 0.3178, 0.7506, 0.2013
(14, 8): 0.3178, 0.7506, 0.2013
(14, 9): 0.1334, 0.7512, 1.0117
(14, 10): 0.1334, 0.7512, 1.0117
(14, 11): 0.1760, 0.7506, 0.9654
(14, 12): 0.1915, 0.7512, 0.8573
(14, 13): -1.1520, 0.7611, 0.2702
(14, 14): 0.2778, 0.7513, 0.2746
(14, 15): 0.1169, 0.7506, 0.7132
(14, 16): 0.1169, 0.7506, 0.7132
(14, 17): 0.1531, 0.7506, 0.8508
(14, 18): 0.1415, 0.7506, 0.8791
(14, 19): 0.1384, 0.7506, 0.8506
(14, 20): 0.1241, 0.7506, 0.8451
(14, 21): 0.1279, 0.7506, 0.8279
(14, 22): 0.1559, 0.7506, 0.8172
(14, 23): 0.1236, 0.7506, 0.8343
(14, 24): 0.1519, 0.7506, 0.7519
(14, 25): 0.1540, 0.7506, 0.4553
(14, 26): 1.2497, 0.7506, 0.3333
(14, 27): -2.6751, 0.7674, 0.0003
(15, 1): -0.4066, 0.7594, 0.0000
(15, 2): -0.4066, 0.7594, 0.0000
(15, 3): -0.4066, 0.7594, 0.0000
(15, 4): 0.3178, 0.7506, 0.2013
(15, 5): 0.3178, 0.7506, 0.2013
(15, 6): 0.3178, 0.7506, 0.2013
(15, 7): 0.3178, 0.7506, 0.2013
(15, 8): 0.3178, 0.7506, 0.2013
(15, 9): 0.3178, 0.7506, 0.2013
(15, 10): 0.1410, 0.7506, 0.9836
(15, 11): 0.1550, 0.7506, 0.9358
(15, 12): 0.1821, 0.7512, 0.9074
(15, 13): 0.1751, 0.7506, 0.3726
(15, 14): -2.6912, 0.7697, 0.4431
(15, 15): 0.1663, 0.7513, 0.7164
(15, 16): 0.1363, 0.7506, 0.8587
(15, 17): 0.1150, 0.7506, 0.8471
(15, 18): 0.1042, 0.7519, 0.7754
(15, 19): 0.1443, 0.7506, 0.8655
(15, 20): 0.1381, 0.7512, 0.8305
(15, 21): 0.1705, 0.7519, 0.7972
(15, 22): 0.1823, 0.7506, 0.7963
(15, 23): 0.2118, 0.7513, 0.7787
(15, 24): 0.1643, 0.7506, 0.8125
(15, 25): 0.1711, 0.7512, 0.8096
(15, 26): 0.1713, 0.7537, 0.7797
(15, 27): 0.2754, 0.7506, 0.4910
(16, 1): 0.0883, 0.7512, 0.3286
(16, 2): -0.4066, 0.7594, 0.0000
(16, 3): -0.4066, 0.7594, 0.0000
(16, 4): -0.4066, 0.7594, 0.0000
(16, 5): -0.4066, 0.7594, 0.0000
(16, 6): -0.4066, 0.7594, 0.0000
(16, 7): 0.0723, 0.7512, 0.3682
(16, 8): 0.0723, 0.7512, 0.3682
(16, 9): 0.0723, 0.7512, 0.3682
(16, 10): 0.1147, 0.7506, 0.9282
(16, 11): 0.1268, 0.7512, 0.9314
(16, 12): 0.1389, 0.7512, 0.9258
(16, 13): 0.1655, 0.7512, 0.3448
(16, 14): 0.1645, 0.7512, 0.8927
(16, 15): 0.2139, 0.7512, 0.8597
(16, 16): 0.2170, 0.7519, 0.7507
(16, 17): 0.1425, 0.7506, 0.7676
(16, 18): 0.1356, 0.7506, 0.8940
(16, 19): 0.1399, 0.7512, 0.8790
(16, 20): 0.1692, 0.7512, 0.8174
(16, 21): 0.1782, 0.7512, 0.7937
(16, 22): 0.1664, 0.7512, 0.8442
(16, 23): 0.1480, 0.7531, 0.8494
(16, 24): 0.1330, 0.7512, 0.8865
(16, 25): 0.1549, 0.7525, 0.8432
(16, 26): 0.1375, 0.7506, 0.8308
(16, 27): 0.1363, 0.7506, 0.5259
(17, 1): 0.0883, 0.7512, 0.3286
(17, 2): 0.0883, 0.7512, 0.3286
(17, 3): 0.0884, 0.7537, 0.3048
(17, 4): -0.4066, 0.7594, 0.0000
(17, 5): -0.4066, 0.7594, 0.0000
(17, 6): -0.4066, 0.7594, 0.0000
(17, 7): -0.4066, 0.7594, 0.0000
(17, 8): 0.1138, 0.7506, 0.7008
(17, 9): 0.1138, 0.7506, 0.7008
(17, 10): 0.1409, 0.7506, 0.9212
(17, 11): 0.1354, 0.7506, 0.9175
(17, 12): 0.1472, 0.7506, 0.9083
(17, 13): 0.1374, 0.7506, 0.7685
(17, 14): 0.1997, 0.7506, 0.7046
(17, 15): 0.2380, 0.7512, 0.7389
(17, 16): 0.1965, 0.7506, 0.7904
(17, 17): 0.1472, 0.7506, 0.9365
(17, 18): 0.1012, 0.7512, 0.9704
(17, 19): 0.1633, 0.7519, 0.8728
(17, 20): 0.1858, 0.7506, 0.8198
(17, 21): 0.1599, 0.7506, 0.8462
(17, 22): 0.1356, 0.7506, 0.8808
(17, 23): 0.1103, 0.7531, 0.9329
(17, 24): 0.1914, 0.7506, 0.8451
(17, 25): 0.1394, 0.7506, 0.8518
(17, 26): 0.1678, 0.7519, 0.6970
(17, 27): 0.1363, 0.7506, 0.5259
(18, 1): 0.0883, 0.7512, 0.3286
(18, 2): 0.0883, 0.7512, 0.3286
(18, 3): 0.0883, 0.7512, 0.3286
(18, 4): 0.0884, 0.7537, 0.3048
(18, 5): 0.0884, 0.7537, 0.3048
(18, 6): -0.4066, 0.7594, 0.0000
(18, 7): -0.4066, 0.7594, 0.0000
(18, 8): -0.4066, 0.7594, 0.0000
(18, 9): 0.1102, 0.7512, 0.9083
(18, 10): 0.1448, 0.7506, 0.9164
(18, 11): 0.1396, 0.7506, 0.9129
(18, 12): 0.1348, 0.7506, 0.9104
(18, 13): 0.1863, 0.7531, 0.8711
(18, 14): 0.1769, 0.7506, 0.9259
(18, 15): 0.1681, 0.7506, 0.9479
(18, 16): 0.1745, 0.7512, 0.9020
(18, 17): 0.1737, 0.7525, 0.9151
(18, 18): 0.1922, 0.7506, 0.8730
(18, 19): 0.2040, 0.7569, 0.8429
(18, 20): 0.1758, 0.7506, 0.8522
(18, 21): 0.1652, 0.7519, 0.8645
(18, 22): 0.1408, 0.7506, 0.8663
(18, 23): 0.1760, 0.7512, 0.8586
(18, 24): 0.2097, 0.7506, 0.8194
(18, 25): 0.1746, 0.7519, 0.7458
(18, 26): 0.4594, 0.7537, 0.1815
(18, 27): 0.4594, 0.7537, 0.1815
(19, 1): 0.0883, 0.7512, 0.3286
(19, 2): 0.0883, 0.7512, 0.3286
(19, 3): 0.0883, 0.7512, 0.3286
(19, 4): 0.0883, 0.7512, 0.3286
(19, 5): 0.0884, 0.7537, 0.3048
(19, 6): 0.0884, 0.7537, 0.3048
(19, 7): 1.2456, 0.7506, 0.3385
(19, 8): 1.2456, 0.7506, 0.3385
(19, 9): 0.1962, 0.7506, 0.8397
(19, 10): 0.1740, 0.7500, 0.8486
(19, 11): 0.1586, 0.7506, 0.8515
(19, 12): 0.1569, 0.7512, 0.8755
(19, 13): 0.2010, 0.7506, 0.8110
(19, 14): 0.1754, 0.7506, 0.8949
(19, 15): 0.1619, 0.7513, 0.9279
(19, 16): 0.1836, 0.7506, 0.9087
(19, 17): 0.1945, 0.7513, 0.8589
(19, 18): 0.2046, 0.7519, 0.8901
(19, 19): 0.1467, 0.7506, 0.9393
(19, 20): 0.1337, 0.7506, 0.9046
(19, 21): 0.1161, 0.7525, 0.9050
(19, 22): 0.1472, 0.7506, 0.8638
(19, 23): 0.1648, 0.7512, 0.8850
(19, 24): 0.2073, 0.7506, 0.8419
(19, 25): 0.1361, 0.7525, 0.6685
(19, 26): -1.0091, 0.8100, 0.1678
(19, 27): -1.0091, 0.8100, 0.1678
(20, 1): 0.1621, 0.7556, 0.3328
(20, 2): 0.0883, 0.7512, 0.3286
(20, 3): 0.0883, 0.7512, 0.3286
(20, 4): 0.0883, 0.7512, 0.3286
(20, 5): 0.0883, 0.7512, 0.3286
(20, 6): 0.0884, 0.7537, 0.3048
(20, 7): 0.0884, 0.7537, 0.3048
(20, 8): 0.1638, 0.7506, 0.9006
(20, 9): 0.1716, 0.7506, 0.8661
(20, 10): 0.1888, 0.7506, 0.8356
(20, 11): 0.2102, 0.7519, 0.8208
(20, 12): 0.1900, 0.7512, 0.8259
(20, 13): 0.2053, 0.7512, 0.8116
(20, 14): 0.1687, 0.7512, 0.9085
(20, 15): 0.2256, 0.7512, 0.8372
(20, 16): 0.1807, 0.7506, 0.9009
(20, 17): 0.1822, 0.7519, 0.8896
(20, 18): 0.1556, 0.7512, 0.9385
(20, 19): 0.0941, 0.7512, 0.9940
(20, 20): 0.0930, 0.7506, 0.9573
(20, 21): 0.0937, 0.7506, 0.9341
(20, 22): 0.1394, 0.7506, 0.8991
(20, 23): 0.1093, 0.7519, 0.9783
(20, 24): 0.1306, 0.7512, 0.9861
(20, 25): 0.2027, 0.7519, 0.8688
(20, 26): 0.0495, 0.7525, 0.4608
(20, 27): 0.0495, 0.7525, 0.4608
(21, 1): -0.1428, 0.7506, 0.3348
(21, 2): 0.1621, 0.7556, 0.3328
(21, 3): 0.1621, 0.7556, 0.3328
(21, 4): 0.0883, 0.7512, 0.3286
(21, 5): 0.0883, 0.7512, 0.3286
(21, 6): 0.0883, 0.7512, 0.3286
(21, 7): 0.2122, 0.7525, 0.7959
(21, 8): 0.1827, 0.7506, 0.9060
(21, 9): 0.1489, 0.7506, 0.8954
(21, 10): 0.1614, 0.7519, 0.9029
(21, 11): 0.1832, 0.7506, 0.8642
(21, 12): 0.2017, 0.7506, 0.7903
(21, 13): 0.2024, 0.7506, 0.8383
(21, 14): 0.1730, 0.7519, 0.8532
(21, 15): 0.1067, 0.7544, 0.9464
(21, 16): 0.1542, 0.7512, 0.8669
(21, 17): 0.1811, 0.7506, 0.8418
(21, 18): 0.1322, 0.7506, 0.9850
(21, 19): 0.1813, 0.7531, 0.8808
(21, 20): 0.1410, 0.7506, 0.9092
(21, 21): 0.0900, 0.7506, 0.7730
(21, 22): 0.1513, 0.7506, 0.7224
(21, 23): 0.1608, 0.7519, 0.7366
(21, 24): 0.2350, 0.7562, 0.3821
(21, 25): 0.2350, 0.7562, 0.3821
(21, 26): 0.0495, 0.7525, 0.4608
(21, 27): 0.0495, 0.7525, 0.4608
(22, 1): -0.1428, 0.7506, 0.3348
(22, 2): -0.1428, 0.7506, 0.3348
(22, 3): 0.1621, 0.7556, 0.3328
(22, 4): 0.1621, 0.7556, 0.3328
(22, 5): 0.1621, 0.7556, 0.3328
(22, 6): 0.1910, 0.7531, 0.6811
(22, 7): 0.2313, 0.7513, 0.8851
(22, 8): 0.1851, 0.7519, 0.8826
(22, 9): 0.1344, 0.7512, 0.8734
(22, 10): 0.1697, 0.7506, 0.8674
(22, 11): 0.2063, 0.7506, 0.8375
(22, 12): 0.2136, 0.7506, 0.8376
(22, 13): 0.1572, 0.7512, 0.8857
(22, 14): 0.1260, 0.7506, 0.9046
(22, 15): 0.0994, 0.7506, 0.9270
(22, 16): 0.1750, 0.7519, 0.8430
(22, 17): 0.2089, 0.7519, 0.8250
(22, 18): 0.1774, 0.7513, 0.8958
(22, 19): 0.1816, 0.7506, 0.8767
(22, 20): 0.1564, 0.7537, 0.6915
(22, 21): -0.0326, 0.7525, 0.1983
(22, 22): 0.1513, 0.7506, 0.7224
(22, 23): 0.1608, 0.7519, 0.7366
(22, 24): 0.2350, 0.7562, 0.3821
(22, 25): 0.2350, 0.7562, 0.3821
(22, 26): 0.0495, 0.7525, 0.4608
(22, 27): 0.0495, 0.7525, 0.4608
(23, 1): -0.1428, 0.7506, 0.3348
(23, 2): -0.1428, 0.7506, 0.3348
(23, 3): -0.1428, 0.7506, 0.3348
(23, 4): 0.1621, 0.7556, 0.3328
(23, 5): 0.1621, 0.7556, 0.3328
(23, 6): 0.1987, 0.7506, 0.5672
(23, 7): 0.1971, 0.7550, 0.7142
(23, 8): 0.1864, 0.7506, 0.8683
(23, 9): 0.1307, 0.7506, 0.9311
(23, 10): 0.1807, 0.7506, 0.8868
(23, 11): 0.1853, 0.7512, 0.8579
(23, 12): 0.2262, 0.7506, 0.8021
(23, 13): 0.1930, 0.7506, 0.8268
(23, 14): 0.1854, 0.7506, 0.8323
(23, 15): 0.1741, 0.7519, 0.8837
(23, 16): 0.1973, 0.7506, 0.8922
(23, 17): 0.2234, 0.7506, 0.8524
(23, 18): 0.2485, 0.7512, 0.8267
(23, 19): 0.2055, 0.7519, 0.9041
(23, 20): 0.2161, 0.7519, 0.7534
(23, 21): 0.2161, 0.7519, 0.7534
(23, 22): -0.0326, 0.7525, 0.1983
(23, 23): 0.1608, 0.7519, 0.7366
(23, 24): 0.2350, 0.7562, 0.3821
(23, 25): 0.2350, 0.7562, 0.3821
(23, 26): 0.2350, 0.7562, 0.3821
(23, 27): 0.0495, 0.7525, 0.4608
(24, 1): 0.1093, 0.7512, 0.4222
(24, 2): -0.1428, 0.7506, 0.3348
(24, 3): -0.1428, 0.7506, 0.3348
(24, 4): -0.1428, 0.7506, 0.3348
(24, 5): 0.1519, 0.7506, 0.3643
(24, 6): 0.2192, 0.7506, 0.3877
(24, 7): 0.1744, 0.7512, 0.8197
(24, 8): 0.1225, 0.7506, 0.6905
(24, 9): 0.1369, 0.7512, 0.7720
(24, 10): 0.1337, 0.7519, 0.7283
(24, 11): 0.1772, 0.7506, 0.8390
(24, 12): 0.1819, 0.7512, 0.8679
(24, 13): 0.2037, 0.7512, 0.8163
(24, 14): 0.1872, 0.7506, 0.8858
(24, 15): 0.1954, 0.7525, 0.9071
(24, 16): 0.1853, 0.7506, 0.8954
(24, 17): 0.2419, 0.7506, 0.8526
(24, 18): 0.2161, 0.7519, 0.8615
(24, 19): 0.2084, 0.7506, 0.8721
(24, 20): 0.1788, 0.7506, 0.8966
(24, 21): 0.0950, 0.7513, 0.6448
(24, 22): 0.2597, 0.7525, 0.3717
(24, 23): 0.2597, 0.7525, 0.3717
(24, 24): 0.2597, 0.7525, 0.3717
(24, 25): 0.2597, 0.7525, 0.3717
(24, 26): 0.2350, 0.7562, 0.3821
(24, 27): 0.0495, 0.7525, 0.4608
(25, 1): 0.1093, 0.7512, 0.4222
(25, 2): 0.1093, 0.7512, 0.4222
(25, 3): 0.0839, 0.7519, 0.5933
(25, 4): 0.0839, 0.7519, 0.5933
(25, 5): 0.1134, 0.7512, 0.6569
(25, 6): 0.1594, 0.7513, 0.8113
(25, 7): 0.1397, 0.7506, 0.5113
(25, 8): 0.1912, 0.7506, 0.7553
(25, 9): 0.1753, 0.7519, 0.8601
(25, 10): 0.1834, 0.7512, 0.8661
(25, 11): 0.1747, 0.7506, 0.8695
(25, 12): 0.2353, 0.7525, 0.8158
(25, 13): 0.2575, 0.7513, 0.8187
(25, 14): 0.2157, 0.7506, 0.8816
(25, 15): 0.1999, 0.7506, 0.8826
(25, 16): 0.2694, 0.7506, 0.7877
(25, 17): 0.1763, 0.7506, 0.8963
(25, 18): 0.1868, 0.7506, 0.8840
(25, 19): 0.1352, 0.7506, 0.9330
(25, 20): 0.1491, 0.7519, 0.9279
(25, 21): 0.1687, 0.7506, 0.8925
(25, 22): 0.2597, 0.7525, 0.3717
(25, 23): 0.2597, 0.7525, 0.3717
(25, 24): 0.2597, 0.7525, 0.3717
(25, 25): 0.2597, 0.7525, 0.3717
(25, 26): 0.2597, 0.7525, 0.3717
(25, 27): 0.2597, 0.7525, 0.3717
(26, 1): 0.0856, 0.7525, 0.4015
(26, 2): 0.1093, 0.7512, 0.4222
(26, 3): 0.1093, 0.7512, 0.4222
(26, 4): 0.0857, 0.7525, 0.6220
(26, 5): 0.0133, 0.7506, 0.6105
(26, 6): 0.0816, 0.7550, 0.5439
(26, 7): 0.2392, 0.7519, 0.7838
(26, 8): 0.2214, 0.7512, 0.8679
(26, 9): 0.2518, 0.7506, 0.8602
(26, 10): 0.1964, 0.7506, 0.9042
(26, 11): 0.1595, 0.7538, 0.8845
(26, 12): 0.1983, 0.7512, 0.8342
(26, 13): 0.2352, 0.7506, 0.8493
(26, 14): 0.2404, 0.7506, 0.8652
(26, 15): 0.2077, 0.7525, 0.8450
(26, 16): 0.2188, 0.7506, 0.8593
(26, 17): 0.1910, 0.7506, 0.8536
(26, 18): 0.1341, 0.7512, 0.9279
(26, 19): 0.1368, 0.7506, 0.9271
(26, 20): 0.1510, 0.7506, 0.8996
(26, 21): 0.2124, 0.7506, 0.8287
(26, 22): 0.1445, 0.7506, 0.7561
(26, 23): 0.1445, 0.7506, 0.7561
(26, 24): 0.1445, 0.7506, 0.7561
(26, 25): 0.1445, 0.7506, 0.7561
(26, 26): 0.1445, 0.7506, 0.7561
(26, 27): 0.1445, 0.7506, 0.7561
(27, 1): 0.0856, 0.7525, 0.4015
(27, 2): 0.0856, 0.7525, 0.4015
(27, 3): 0.1106, 0.7506, 0.9240
(27, 4): 0.1630, 0.7513, 0.8988
(27, 5): 0.1642, 0.7506, 0.9689
(27, 6): 0.1016, 0.7519, 0.8233
(27, 7): 0.1623, 0.7506, 0.3885
(27, 8): 0.2889, 0.7506, 0.7067
(27, 9): 0.2835, 0.7513, 0.6812
(27, 10): 0.2718, 0.7506, 0.6694
(27, 11): 0.2034, 0.7512, 0.7139
(27, 12): 0.1545, 0.7506, 0.4827
(27, 13): 0.2393, 0.7513, 0.7068
(27, 14): 0.2645, 0.7506, 0.5845
(27, 15): 0.2063, 0.7506, 0.8704
(27, 16): 0.1679, 0.7525, 0.9074
(27, 17): 0.1711, 0.7537, 0.8419
(27, 18): 0.1559, 0.7512, 0.8825
(27, 19): 0.1404, 0.7506, 0.9428
(27, 20): 0.1608, 0.7519, 0.8953
(27, 21): 0.1638, 0.7513, 0.9216
(27, 22): 0.1400, 0.7506, 0.8157
(27, 23): 0.1400, 0.7506, 0.8157
(27, 24): 0.1400, 0.7506, 0.8157
(27, 25): 0.1400, 0.7506, 0.8157
(27, 26): 0.1400, 0.7506, 0.8157
(27, 27): 0.1400, 0.7506, 0.8157
(28, 1): 0.2336, 0.7506, 0.7640
(28, 2): 0.0438, 0.7537, 0.5167
(28, 3): 0.0438, 0.7537, 0.5167
(28, 4): 0.0614, 0.7525, 0.5800
(28, 5): 0.1776, 0.7506, 0.7747
(28, 6): 0.1122, 0.7506, 0.4999
(28, 7): 0.1919, 0.7519, 0.5163
(28, 8): 0.2688, 0.7512, 0.6718
(28, 9): 0.2970, 0.7531, 0.5422
(28, 10): 0.2718, 0.7506, 0.6694
(28, 11): 0.2034, 0.7512, 0.7139
(28, 12): 0.1545, 0.7506, 0.4827
(28, 13): 0.2393, 0.7513, 0.7068
(28, 14): 0.0472, 0.7512, 0.3273
(28, 15): 0.2252, 0.7506, 0.7892
(28, 16): 0.1975, 0.7513, 0.8647
(28, 17): 0.1522, 0.7512, 0.9173
(28, 18): 0.1790, 0.7512, 0.8739
(28, 19): 0.1914, 0.7519, 0.8409
(28, 20): 0.1728, 0.7506, 0.8929
(28, 21): 0.1874, 0.7506, 0.8816
(28, 22): 0.2502, 0.7515, 0.4032
(28, 23): 0.2502, 0.7515, 0.4032
(28, 24): 0.2502, 0.7515, 0.4032
(28, 25): 0.2502, 0.7515, 0.4032
(28, 26): 0.2502, 0.7515, 0.4032
(28, 27): 0.2502, 0.7515, 0.4032
(29, 1): 0.2336, 0.7506, 0.7640
(29, 2): 0.2336, 0.7506, 0.7640
(29, 3): 0.1883, 0.7506, 0.9208
(29, 4): 0.1593, 0.7506, 0.8049
(29, 5): 0.1517, 0.7512, 0.7054
(29, 6): 0.1858, 0.7506, 0.9294
(29, 7): 0.1730, 0.7519, 0.8272
(29, 8): -1.5557, 0.7693, 0.3891
(29, 9): 0.2970, 0.7531, 0.5422
(29, 10): 0.2970, 0.7531, 0.5422
(29, 11): 0.2034, 0.7512, 0.7139
(29, 12): 0.1545, 0.7506, 0.4827
(29, 13): 0.0472, 0.7512, 0.3273
(29, 14): 0.0472, 0.7512, 0.3273
(29, 15): 0.2502, 0.7544, 0.1793
(29, 16): 0.3362, 0.7519, 0.3597
(29, 17): -2.6098, 0.7583, 0.9816
(29, 18): 0.1925, 0.7506, 0.6889
(29, 19): 0.1778, 0.7506, 0.8751
(29, 20): 0.1408, 0.7525, 0.8951
(29, 21): 0.1971, 0.7513, 0.8648
(29, 22): 0.3021, 0.7594, 0.2476
(29, 23): 0.3021, 0.7594, 0.2476
(29, 24): 0.3021, 0.7594, 0.2476
(29, 25): 0.3021, 0.7594, 0.2476
(29, 26): 0.3021, 0.7594, 0.2476
(29, 27): 0.3021, 0.7594, 0.2476
(30, 1): 0.1871, 0.7506, 0.5870
(30, 2): 0.1871, 0.7506, 0.5870
(30, 3): 0.1275, 0.7550, 0.3662
(30, 4): 0.2147, 0.7537, 0.2884
(30, 5): 0.1398, 0.7506, 0.8360
(30, 6): 0.1831, 0.7506, 0.7249
(30, 7): 0.1040, 0.7506, 0.3433
(30, 8): -1.5557, 0.7693, 0.3891
(30, 9): -1.5557, 0.7693, 0.3891
(30, 10): 0.2970, 0.7531, 0.5422
(30, 11): 0.2970, 0.7531, 0.5422
(30, 12): 0.0472, 0.7512, 0.3273
(30, 13): 0.0472, 0.7512, 0.3273
(30, 14): 0.2502, 0.7544, 0.1793
(30, 15): 0.2502, 0.7544, 0.1793
(30, 16): 0.3362, 0.7519, 0.3597
(30, 17): -2.6098, 0.7583, 0.9816
(30, 18): 0.1925, 0.7506, 0.6889
(30, 19): 0.6506, 0.7506, 0.1632
(30, 20): 0.1481, 0.7519, 0.7295
(30, 21): 0.1941, 0.7525, 0.8076
(30, 22): 0.4028, 0.7513, 0.3105
(30, 23): 0.4028, 0.7513, 0.3105
(30, 24): 0.4028, 0.7513, 0.3105
(30, 25): 0.4028, 0.7513, 0.3105
(30, 26): 0.4028, 0.7513, 0.3105
(30, 27): 0.4028, 0.7513, 0.3105
(31, 1): 0.1871, 0.7506, 0.5870
(31, 2): 0.1871, 0.7506, 0.5870
(31, 3): 0.1275, 0.7550, 0.3662
(31, 4): 0.2147, 0.7537, 0.2884
(31, 5): 0.1398, 0.7506, 0.8360
(31, 6): 0.1831, 0.7506, 0.7249
(31, 7): 0.1040, 0.7506, 0.3433
(31, 8): 0.1040, 0.7506, 0.3433
(31, 9): -1.5557, 0.7693, 0.3891
(31, 10): -1.5557, 0.7693, 0.3891
(31, 11): 0.2970, 0.7531, 0.5422
(31, 12): 0.0472, 0.7512, 0.3273
(31, 13): 0.2502, 0.7544, 0.1793
(31, 14): 0.2502, 0.7544, 0.1793
(31, 15): 0.2502, 0.7544, 0.1793
(31, 16): 0.3362, 0.7519, 0.3597
(31, 17): -2.6098, 0.7583, 0.9816
(31, 18): -0.8408, 0.7569, 0.6616
(31, 19): -0.8408, 0.7569, 0.6616
(31, 20): 0.1486, 0.7512, 0.7937
(31, 21): 0.1659, 0.7556, 0.2739
(31, 22): 0.1659, 0.7556, 0.2739
(31, 23): 0.3004, 0.7694, 0.2041
(31, 24): 0.3004, 0.7694, 0.2041
(31, 25): 0.3004, 0.7694, 0.2041
(31, 26): 0.3004, 0.7694, 0.2041
(31, 27): 0.3004, 0.7694, 0.2041
(32, 1): 0.1871, 0.7506, 0.5870
(32, 2): 0.1871, 0.7506, 0.5870
(32, 3): 0.1275, 0.7550, 0.3662
(32, 4): 0.2147, 0.7537, 0.2884
(32, 5): 0.1398, 0.7506, 0.8360
(32, 6): 0.1831, 0.7506, 0.7249
(32, 7): 0.1040, 0.7506, 0.3433
(32, 8): 0.1040, 0.7506, 0.3433
(32, 9): 0.1040, 0.7506, 0.3433
(32, 10): -1.5557, 0.7693, 0.3891
(32, 11): -1.5557, 0.7693, 0.3891
(32, 12): 0.2502, 0.7544, 0.1793
(32, 13): 0.2502, 0.7544, 0.1793
(32, 14): 0.2502, 0.7544, 0.1793
(32, 15): 0.2502, 0.7544, 0.1793
(32, 16): 0.3362, 0.7519, 0.3597
(32, 17): 0.1895, 0.7581, 0.3098
(32, 18): 0.1895, 0.7581, 0.3098
(32, 19): 0.1895, 0.7581, 0.3098
(32, 20): 0.1059, 0.7531, 0.9337
(32, 21): 0.1343, 0.7506, 0.5953
(32, 22): 0.3004, 0.7694, 0.2041
(32, 23): 0.3004, 0.7694, 0.2041
(32, 24): 0.3004, 0.7694, 0.2041
(32, 25): 0.3004, 0.7694, 0.2041
(32, 26): 0.3004, 0.7694, 0.2041
(32, 27): 0.3004, 0.7694, 0.2041
(33, 1): 0.1871, 0.7506, 0.5870
(33, 2): 0.1871, 0.7506, 0.5870
(33, 3): 0.1275, 0.7550, 0.3662
(33, 4): 0.2147, 0.7537, 0.2884
(33, 5): 0.1398, 0.7506, 0.8360
(33, 6): 0.1831, 0.7506, 0.7249
(33, 7): 0.1040, 0.7506, 0.3433
(33, 8): 0.1040, 0.7506, 0.3433
(33, 9): 0.1040, 0.7506, 0.3433
(33, 10): 0.1040, 0.7506, 0.3433
(33, 11): -1.5557, 0.7693, 0.3891
(33, 12): 0.2502, 0.7544, 0.1793
(33, 13): 0.2502, 0.7544, 0.1793
(33, 14): 0.2502, 0.7544, 0.1793
(33, 15): 0.2502, 0.7544, 0.1793
(33, 16): 0.0924, 0.7537, 0.6249
(33, 17): 0.0924, 0.7537, 0.6249
(33, 18): 0.0924, 0.7537, 0.6249
(33, 19): 0.0924, 0.7537, 0.6249
(33, 20): 0.0887, 0.7512, 0.9796
(33, 21): 0.1095, 0.7513, 0.9426
(33, 22): 0.1842, 0.7544, 0.3927
(33, 23): 0.1842, 0.7544, 0.3927
(33, 24): 0.1842, 0.7544, 0.3927
(33, 25): 0.1842, 0.7544, 0.3927
(33, 26): 0.1842, 0.7544, 0.3927
(33, 27): 0.1842, 0.7544, 0.3927
(34, 1): 0.1871, 0.7506, 0.5870
(34, 2): 0.1871, 0.7506, 0.5870
(34, 3): 0.1275, 0.7550, 0.3662
(34, 4): 0.2147, 0.7537, 0.2884
(34, 5): 0.1398, 0.7506, 0.8360
(34, 6): 0.1831, 0.7506, 0.7249
(34, 7): 0.1040, 0.7506, 0.3433
(34, 8): 0.1040, 0.7506, 0.3433
(34, 9): 0.1040, 0.7506, 0.3433
(34, 10): 0.1040, 0.7506, 0.3433
(34, 11): 0.1040, 0.7506, 0.3433
(34, 12): 0.2502, 0.7544, 0.1793
(34, 13): 0.2502, 0.7544, 0.1793
(34, 14): 0.2198, 0.7513, 0.5039
(34, 15): 0.2198, 0.7513, 0.5039
(34, 16): 0.2198, 0.7513, 0.5039
(34, 17): 0.2198, 0.7513, 0.5039
(34, 18): 0.2198, 0.7513, 0.5039
(34, 19): 0.2198, 0.7513, 0.5039
(34, 20): 0.1576, 0.7531, 0.9689
(34, 21): 0.1349, 0.7506, 0.9818
(34, 22): 0.3665, 0.7594, 0.2049
(34, 23): 0.3665, 0.7594, 0.2049
(34, 24): 0.3665, 0.7594, 0.2049
(34, 25): 0.3665, 0.7594, 0.2049
(34, 26): 0.3665, 0.7594, 0.2049
(34, 27): 0.3665, 0.7594, 0.2049
