(10, 12): -2.1021, 11.0026, 2.8139
(10, 15): -9.6823, 11.0216, 1.6182
(10, 16): -1.9200, 11.0105, 10.5579
(10, 17): -1.5348, 11.0053, 2.7324
(10, 18): -1.1287, 11.0046, 2.7531
(10, 23): -1.4852, 11.0018, 2.4563
(10, 24): -5.7411, 10.9712, 27.1018
(10, 25): 3.2109, 11.0394, 0.0000
(10, 26): -1.6284, 10.9853, 8.4161
(11, 12): -1.6938, 11.0208, 0.4792
(11, 19): -2.6256, 11.0197, 0.8228
(11, 21): -3.0433, 11.0204, 0.1377
(11, 22): -2.4016, 11.0043, 2.8221
(11, 23): 2.6458, 11.0850, 0.0000
(11, 24): 1.6860, 11.1394, 0.0000
(11, 25): -2.5370, 10.9908, 9.0787
(11, 26): -1.1405, 11.0045, 2.7762
(12, 10): -1.2011, 11.0000, 2.5554
(12, 11): -1.7346, 10.9812, 5.3428
(12, 12): -1.0468, 11.0021, 4.0468
(12, 18): -1.2666, 11.0080, 0.7324
(12, 19): -1.7082, 10.9984, 4.7013
(12, 20): -1.2241, 11.0070, 1.2584
(12, 21): -2.6148, 11.0048, 2.8376
(12, 23): -1.8493, 11.0067, 0.8579
(13, 10): -1.2172, 11.0070, 0.8732
(13, 11): -1.5679, 10.9989, 3.0052
(13, 12): -1.0708, 11.0020, 4.0079
(13, 13): -1.6925, 10.9974, 3.5873
(13, 19): -3.0689, 11.0103, 1.1364
(13, 20): -3.7559, 11.0043, 1.8690
(14, 10): -3.1222, 11.0014, 3.2312
(14, 11): -2.8902, 10.9883, 13.6196
(14, 12): -2.1162, 10.9933, 10.4697
(14, 17): -2.6012, 11.0045, 2.8853
(14, 21): -1.6367, 11.0147, 0.0506
(14, 22): -1.8724, 11.0115, 1.0188
(14, 23): -1.5041, 11.0070, 1.4710
(14, 24): -2.0187, 11.0088, 1.6060
(15, 10): -1.4851, 11.0008, 2.6450
(15, 12): -1.6170, 11.0149, 0.1183
(15, 17): -2.5082, 11.0046, 2.8712
(15, 22): -1.1986, 11.0072, 0.8619
(15, 23): -1.7210, 11.0018, 5.0943
(15, 25): -1.7150, 11.0076, 1.5433
(15, 26): -1.9519, 11.0085, 1.6206
(16, 11): -3.5188, 11.0033, 2.1854
(16, 12): -1.3517, 11.0014, 2.4725
(16, 14): -1.2080, 10.9998, 2.4585
(16, 16): -2.7465, 10.9905, 12.2426
(16, 18): -2.5026, 11.0040, 2.9493
(16, 22): -4.2081, 11.0183, 2.3216
(16, 24): -1.8783, 11.0134, 0.4210
(16, 25): -1.7940, 11.0066, 0.8381
(17, 10): -2.0005, 10.9959, 2.8601
(17, 12): -1.4788, 10.9883, 11.0900
(17, 13): -1.4911, 11.0021, 4.7506
(17, 14): 1.6835, 11.0063, 0.0000
(17, 16): -2.3162, 10.9615, 16.6166
(17, 17): -1.5138, 11.0004, 2.7157
(17, 19): -1.9134, 11.0110, 3.5379
(17, 20): -1.4024, 10.9946, 8.1343
(17, 24): -1.2375, 11.0054, 1.8945
(17, 26): -1.8327, 10.9907, 5.4029
(18, 10): -1.6546, 11.0038, 1.6131
(18, 13): -2.4971, 10.8175, 29.2986
(18, 14): -2.5721, 10.9997, 7.1544
(18, 15): -1.4516, 11.0021, 2.3658
(18, 16): -3.4379, 10.9559, 12.7127
(18, 17): -2.4135, 10.9766, 8.4026
(18, 18): -2.4483, 11.0049, 2.6826
(18, 19): -1.1555, 10.9890, 9.7671
(18, 20): -1.9982, 11.0082, 1.5996
(18, 25): -1.6368, 11.0089, 1.1016
(19, 9): 1.8550, 11.4981, 0.5554
(19, 10): -1.6538, 11.0024, 2.4766
(19, 11): -3.7000, 10.9967, 10.1874
(19, 12): -2.3022, 10.9987, 6.1284
(3, 23): -1.5986, 10.9919, 4.8836
(4, 20): -2.2092, 11.0108, 0.5173
(4, 21): -1.5276, 11.0109, 2.0294
(4, 22): -1.9659, 11.0059, 1.1445
(4, 23): -1.4617, 11.0015, 2.4965
(4, 24): -2.8610, 11.0241, 0.7680
(5, 17): -0.5433, 11.1056, 0.0000
(5, 18): -1.9583, 11.0164, 0.0255
(5, 20): -1.6987, 10.9820, 7.5421
(5, 21): -1.9044, 10.9952, 4.2918
(5, 22): -1.4971, 11.0131, 0.2180
(5, 23): -1.8493, 11.0067, 0.8579
(5, 24): -2.8305, 11.0386, 0.7787
(5, 25): -1.4240, 11.0016, 2.4025
(5, 26): -1.0785, 11.0014, 2.2228
(6, 17): -4.2243, 11.0183, 2.3199
(6, 18): -1.4167, 11.0067, 1.4470
(6, 19): -3.3117, 10.9117, 37.3025
(6, 20): 1.1335, 11.2787, 0.6253
(6, 21): -1.8944, 10.9965, 8.9839
(6, 22): -1.4204, 10.9856, 8.7232
(6, 23): -1.5554, 10.9882, 11.2191
(6, 24): -2.4495, 10.9501, 18.2653
(6, 25): -1.2797, 10.9806, 9.1383
(6, 26): -2.3633, 10.9736, 12.5305
(7, 17): -2.9900, 11.0317, 0.7013
(7, 18): -2.7157, 10.9578, 18.7916
(7, 19): 3.5001, 11.2675, 0.0000
(7, 20): -2.1880, 10.9967, 10.8376
(7, 21): -1.7932, 10.8978, 9.0134
(7, 22): -1.8837, 11.0119, 10.7384
(7, 23): -1.3321, 10.9820, 8.0110
(7, 24): -3.6528, 10.9602, 17.8454
(7, 25): -1.6010, 10.9992, 8.8080
(7, 26): 2.4456, 11.0631, 0.0000
(8, 17): -2.4982, 10.9666, 14.7698
(8, 18): -1.7432, 10.8900, 19.9349
(8, 19): -2.2489, 10.9874, 17.7508
(8, 20): -1.7280, 10.9840, 8.8050
(8, 21): -2.6957, 10.9852, 12.3170
(8, 24): -2.5563, 11.0069, 1.0593
(9, 16): -1.4543, 11.0022, 4.7725
(9, 17): 2.1119, 11.1381, 0.0000
(9, 18): -1.9975, 10.9700, 13.0328
(9, 19): -1.5442, 10.9851, 8.2583
(9, 20): -2.5563, 11.0069, 1.0593
(9, 24): -3.2652, 11.0163, 0.7857
(9, 25): -2.6496, 11.0133, 0.4915
(9, 26): -2.5737, 11.0049, 2.7879
(19, 13): -1.2747, 10.9455, 16.9683
(19, 14): -1.4021, 10.9958, 3.5523
(19, 15): -1.6973, 10.9727, 13.4147
(19, 16): -1.0753, 11.0015, 2.2169
(19, 17): -2.1530, 10.9892, 7.0084
(19, 18): -1.4389, 10.9876, 9.6849
(19, 19): -2.0450, 10.9944, 4.4785
(19, 23): -1.9997, 11.0020, 2.8194
(20, 8): -1.9735, 10.9780, 4.6787
(20, 9): -1.5266, 10.9868, 11.6996
(20, 10): -1.2872, 10.9835, 5.6147
(20, 11): -1.9023, 11.0033, 15.3379
(20, 12): 2.1657, 11.1494, 0.0000
(20, 13): -2.5279, 10.9801, 20.1530
(20, 14): -1.7555, 11.0018, 5.1206
(20, 15): -2.0937, 10.9915, 10.9104
(20, 16): -1.7412, 10.8391, 8.9646
(20, 17): -2.0869, 11.0041, 2.6483
(20, 18): -2.2665, 11.0014, 9.5032
(20, 21): -1.8789, 10.9950, 3.9081
(20, 24): -1.9949, 10.9998, 7.8453
(20, 25): -2.2240, 11.0041, 2.7068
(21, 7): -1.4410, 11.0012, 4.7681
(21, 8): -2.5218, 10.9745, 16.4737
(21, 9): -1.2799, 11.0022, 2.2458
(21, 10): -1.3956, 10.9715, 9.4975
(21, 11): 1.1430, 11.3231, 0.3018
(21, 12): -5.1411, 10.8862, 38.9761
(21, 13): -1.2236, 10.9491, 18.7250
(21, 14): -1.1023, 10.9927, 4.2851
(21, 17): -1.1689, 11.0077, 0.8348
(21, 18): -1.0829, 10.9913, 5.9599
(21, 19): -1.2402, 11.0097, 0.5313
(21, 23): -2.5066, 10.9901, 11.6160
(22, 7): 0.9487, 11.0625, 0.6707
(22, 8): -2.6841, 10.9734, 20.0126
(22, 10): -2.0191, 11.0118, 8.3933
(22, 11): -1.3582, 10.9771, 16.6266
(22, 12): -1.0667, 11.1716, 16.8221
(22, 13): -2.0739, 10.8676, 27.6595
(22, 14): -2.5092, 10.9795, 19.9199
(22, 17): -1.8811, 11.0050, 1.6037
(22, 18): 9.3941, 11.0231, 0.0000
(22, 19): -5.4033, 10.9319, 36.3639
(23, 7): -1.3620, 11.0013, 4.5762
(23, 8): -2.8830, 10.7954, 35.2416
(23, 9): -1.7396, 11.0020, 2.5081
(23, 10): -1.6306, 11.0079, 1.4985
(23, 11): -2.1899, 10.7844, 33.8846
(23, 12): 3.0930, 11.8075, 0.0000
(23, 13): -2.0540, 10.8564, 22.0188
(23, 14): 0.9314, 11.3619, 0.0326
(23, 15): 0.5362, 11.0056, 0.0000
(23, 16): -3.7731, 11.0062, 2.0495
(23, 17): -1.9675, 11.0047, 3.1770
(23, 18): 4.3021, 11.1137, 0.0000
(23, 19): -2.0862, 10.9793, 14.9648
(23, 20): -1.7168, 10.9859, 4.3840
(24, 7): -1.6206, 10.9859, 5.4469
(24, 8): -1.3069, 11.0001, 2.5884
(24, 9): -1.1223, 11.0046, 2.7361
(24, 11): -2.4497, 10.9981, 10.9978
(24, 12): -1.2425, 10.9917, 5.1436
(24, 14): -3.0634, 11.0204, 0.1616
(24, 15): -1.4210, 10.9906, 4.5250
(24, 16): -2.2489, 11.0027, 2.7783
(24, 17): -1.1927, 11.0022, 2.3537
(24, 18): -1.3954, 11.0008, 2.6291
(24, 19): -1.8027, 11.0215, 0.7522
(24, 20): -2.1500, 10.9919, 10.5418
(25, 8): -1.8848, 10.9793, 6.1411
(25, 9): -1.7676, 10.9829, 14.3303
(25, 10): -2.5427, 10.9224, 21.8976
(25, 11): -3.9225, 10.9569, 19.1026
(25, 12): -1.5935, 10.9545, 16.2942
(25, 13): 3.8635, 11.3162, 0.0000
(25, 14): -1.3966, 11.0009, 2.5955
(25, 15): -2.4109, 11.0054, 2.5531
(25, 16): -2.1154, 10.9936, 3.0226
(25, 17): -1.9981, 10.9448, 4.3574
(25, 19): -2.9130, 11.0050, 3.0277
(25, 20): -1.4071, 11.0015, 2.4066
(25, 21): -1.1661, 11.0035, 2.8952
(26, 7): -1.8275, 11.0020, 5.2217
(26, 8): -1.1608, 10.9858, 7.1314
(26, 9): -2.1202, 10.8075, 36.1106
(26, 10): -1.4145, 10.9961, 3.0519
(26, 11): -2.6331, 11.0084, 1.1397
(26, 12): -1.6361, 11.0106, 1.6023
(26, 13): -1.4846, 10.9720, 12.8935
(26, 14): 3.7654, 11.1400, 0.0000
(26, 16): -1.1657, 11.0057, 1.4410
(26, 17): -2.1081, 11.0023, 2.8662
(26, 19): -2.8429, 11.0205, 0.9190
(26, 21): -2.2867, 11.0212, 12.4101
(27, 3): -2.2062, 11.0118, 0.4179
(27, 5): -3.7023, 10.9601, 18.5805
(27, 8): 1.8481, 11.1512, 0.0127
(27, 9): -2.3584, 10.9791, 9.7675
(27, 10): -1.7286, 10.9852, 4.0597
(27, 13): -1.5296, 11.0018, 5.0161
(27, 15): -1.8461, 10.9897, 8.6704
(27, 16): -1.7353, 10.9926, 5.1449
(27, 17): -2.2373, 11.0098, 1.9694
(27, 18): -1.1325, 11.0072, 0.8390
(27, 19): -2.4847, 11.0053, 2.6378
(27, 20): -1.5865, 11.0014, 2.5926
(27, 21): -2.2919, 10.9777, 7.2260
(28, 5): -1.1815, 11.0074, 0.8456
(28, 15): -1.3490, 11.0010, 4.5760
(28, 16): -2.4162, 10.9822, 6.2464
(28, 17): -1.9865, 11.0092, 18.2949
(28, 18): -1.2141, 11.0007, 2.4403
(28, 19): -3.3570, 11.0157, 1.8312
(28, 20): -1.9366, 10.9783, 10.7189
(28, 21): -2.0039, 10.9645, 10.2722
(29, 3): -1.9166, 11.0021, 2.7318
(29, 7): -1.1996, 11.0026, 4.1879
(29, 18): -1.4198, 11.0011, 2.6082
(29, 19): -4.1334, 10.8933, 38.7914
(29, 20): -2.3920, 10.9969, 9.9236
(29, 21): -3.2492, 10.9556, 26.5422
(30, 5): -2.0925, 11.0083, 1.6174
(30, 20): -1.6237, 11.0018, 2.4813
(30, 21): -1.9570, 10.9973, 5.4360
(32, 20): -1.0849, 11.0027, 3.9827
(33, 20): -2.4652, 11.0045, 2.7947
(33, 21): -2.1076, 11.0054, 1.3139
(34, 19): -3.3956, 11.0072, 1.4462
(34, 20): -1.7807, 10.9595, 16.9195
(34, 21): -1.6213, 11.0014, 2.5594
