(1, 1): 0.2447, 0.7525, 0.2267
(1, 2): 0.2447, 0.7525, 0.2267
(1, 3): 0.2447, 0.7525, 0.2267
(1, 4): 0.2447, 0.7525, 0.2267
(1, 5): 0.2447, 0.7525, 0.2267
(1, 6): 0.2447, 0.7525, 0.2267
(1, 7): 0.2447, 0.7525, 0.2267
(1, 8): 0.2447, 0.7525, 0.2267
(1, 9): -0.0298, 0.7602, 0.1597
(1, 10): -0.0298, 0.7602, 0.1597
(1, 11): -0.0298, 0.7602, 0.1597
(1, 12): -0.0298, 0.7602, 0.1597
(1, 13): -0.0298, 0.7602, 0.1597
(1, 14): -0.1128, 0.7531, 0.2722
(1, 15): -0.1128, 0.7531, 0.2722
(1, 16): -0.1128, 0.7531, 0.2722
(1, 17): 0.5109, 0.7550, 0.2020
(1, 18): 10.2507, 0.7569, 0.0000
(1, 19): 0.8071, 0.7544, 0.0047
(1, 20): 0.8071, 0.7544, 0.0047
(1, 21): -2.2499, 0.7673, 0.0413
(1, 22): -2.2499, 0.7673, 0.0413
(1, 23): 0.0792, 0.7506, 0.6781
(1, 24): 0.0706, 0.7512, 0.5925
(1, 25): 0.0706, 0.7512, 0.5925
(1, 26): 0.0706, 0.7512, 0.5925
(1, 27): 0.7944, 0.7713, 0.0877
(2, 1): 0.2447, 0.7525, 0.2267
(2, 2): 0.2447, 0.7525, 0.2267
(2, 3): 0.2447, 0.7525, 0.2267
(2, 4): 0.2447, 0.7525, 0.2267
(2, 5): 0.2447, 0.7525, 0.2267
(2, 6): 0.2447, 0.7525, 0.2267
(2, 7): 0.2447, 0.7525, 0.2267
(2, 8): 0.2447, 0.7525, 0.2267
(2, 9): 0.2447, 0.7525, 0.2267
(2, 10): -0.0298, 0.7602, 0.1597
(2, 11): -0.0298, 0.7602, 0.1597
(2, 12): -0.0298, 0.7602, 0.1597
(2, 13): -0.0298, 0.7602, 0.1597
(2, 14): 0.0257, 0.7519, 0.4107
(2, 15): -0.1128, 0.7531, 0.2722
(2, 16): -0.1128, 0.7531, 0.2722
(2, 17): 0.5109, 0.7550, 0.2020
(2, 18): 10.2507, 0.7569, 0.0000
(2, 19): 0.8071, 0.7544, 0.0047
(2, 20): 0.8071, 0.7544, 0.0047
(2, 21): -2.2499, 0.7673, 0.0413
(2, 22): 0.0667, 0.7506, 0.4439
(2, 23): 0.0792, 0.7506, 0.6781
(2, 24): 0.0706, 0.7512, 0.5925
(2, 25): 0.0706, 0.7512, 0.5925
(2, 26): 0.7944, 0.7713, 0.0877
(2, 27): 0.7944, 0.7713, 0.0877
(3, 1): 0.0376, 0.7537, 0.4257
(3, 2): 0.0376, 0.7537, 0.4257
(3, 3): 0.2447, 0.7525, 0.2267
(3, 4): 0.2447, 0.7525, 0.2267
(3, 5): 0.2447, 0.7525, 0.2267
(3, 6): 0.2447, 0.7525, 0.2267
(3, 7): 0.2447, 0.7525, 0.2267
(3, 8): 0.2447, 0.7525, 0.2267
(3, 9): 0.2447, 0.7525, 0.2267
(3, 10): 0.2447, 0.7525, 0.2267
(3, 11): -0.0298, 0.7602, 0.1597
(3, 12): -0.0298, 0.7602, 0.1597
(3, 13): -0.0298, 0.7602, 0.1597
(3, 14): 0.0257, 0.7519, 0.4107
(3, 15): -0.0369, 0.7513, 0.1643
(3, 16): -0.1128, 0.7531, 0.2722
(3, 17): 0.5109, 0.7550, 0.2020
(3, 18): 10.2507, 0.7569, 0.0000
(3, 19): -0.2628, 0.7569, 0.3528
(3, 20): -1.7471, 0.7648, 0.1423
(3, 21): -0.4349, 0.7537, 0.2726
(3, 22): 0.0667, 0.7506, 0.4439
(3, 23): 0.0792, 0.7506, 0.6781
(3, 24): 0.0706, 0.7512, 0.5925
(3, 25): 0.1321, 0.7531, 0.4428
(3, 26): 0.7944, 0.7713, 0.0877
(3, 27): 0.7944, 0.7713, 0.0877
(4, 1): 0.0376, 0.7537, 0.4257
(4, 2): 0.0376, 0.7537, 0.4257
(4, 3): 0.0376, 0.7537, 0.4257
(4, 4): 0.0376, 0.7537, 0.4257
(4, 5): 0.2447, 0.7525, 0.2267
(4, 6): 0.2447, 0.7525, 0.2267
(4, 7): 0.2447, 0.7525, 0.2267
(4, 8): 0.2447, 0.7525, 0.2267
(4, 9): 0.2447, 0.7525, 0.2267
(4, 10): 0.2447, 0.7525, 0.2267
(4, 11): 0.2447, 0.7525, 0.2267
(4, 12): -0.0298, 0.7602, 0.1597
(4, 13): -0.0298, 0.7602, 0.1597
(4, 14): 0.0257, 0.7519, 0.4107
(4, 15): -0.0369, 0.7513, 0.1643
(4, 16): 0.0536, 0.7537, 0.1539
(4, 17): 0.1247, 0.7513, 0.1216
(4, 18): 0.0897, 0.7525, 0.4753
(4, 19): 0.0584, 0.7513, 0.6279
(4, 20): 0.1114, 0.7506, 0.7052
(4, 21): 0.1315, 0.7512, 0.7091
(4, 22): 0.0926, 0.7512, 0.7583
(4, 23): 0.1213, 0.7512, 0.6924
(4, 24): 0.1149, 0.7562, 0.6763
(4, 25): 0.1321, 0.7531, 0.4428
(4, 26): 0.7944, 0.7713, 0.0877
(4, 27): 0.1088, 0.7550, 0.2166
(5, 1): 0.0376, 0.7537, 0.4257
(5, 2): 0.0376, 0.7537, 0.4257
(5, 3): 0.0376, 0.7537, 0.4257
(5, 4): 0.0376, 0.7537, 0.4257
(5, 5): 0.0376, 0.7537, 0.4257
(5, 6): 0.0376, 0.7537, 0.4257
(5, 7): 0.2447, 0.7525, 0.2267
(5, 8): 0.2447, 0.7525, 0.2267
(5, 9): 0.2447, 0.7525, 0.2267
(5, 10): 0.2447, 0.7525, 0.2267
(5, 11): 0.2447, 0.7525, 0.2267
(5, 12): -0.0568, 0.7519, 0.2841
(5, 13): -0.0568, 0.7519, 0.2841
(5, 14): -0.0568, 0.7519, 0.2841
(5, 15): 0.0206, 0.7506, 0.5263
(5, 16): 0.0278, 0.7506, 0.4267
(5, 17): 0.0287, 0.7512, 0.8436
(5, 18): 0.0322, 0.7506, 0.8338
(5, 19): 0.0594, 0.7506, 0.8335
(5, 20): 0.1008, 0.7506, 0.7793
(5, 21): 0.1473, 0.7519, 0.7222
(5, 22): 0.1347, 0.7506, 0.7394
(5, 23): 0.1262, 0.7525, 0.7325
(5, 24): 0.0843, 0.7513, 0.7296
(5, 25): 0.0836, 0.7512, 0.7642
(5, 26): 0.0986, 0.7506, 0.7030
(5, 27): 0.1088, 0.7550, 0.2166
(6, 1): 0.0376, 0.7537, 0.4257
(6, 2): 0.0376, 0.7537, 0.4257
(6, 3): 0.0376, 0.7537, 0.4257
(6, 4): 0.0376, 0.7537, 0.4257
(6, 5): 0.0376, 0.7537, 0.4257
(6, 6): 0.0376, 0.7537, 0.4257
(6, 7): 0.0376, 0.7537, 0.4257
(6, 8): 0.0376, 0.7537, 0.4257
(6, 9): 0.2447, 0.7525, 0.2267
(6, 10): 0.2447, 0.7525, 0.2267
(6, 11): 0.2447, 0.7525, 0.2267
(6, 12): -2.2977, 0.7531, 3.5888
(6, 13): -0.0568, 0.7519, 0.2841
(6, 14): 0.0206, 0.7506, 0.5263
(6, 15): 0.0206, 0.7506, 0.5263
(6, 16): 0.0231, 0.7506, 0.8400
(6, 17): -0.0345, 0.7506, 0.9194
(6, 18): -0.0055, 0.7512, 0.8846
(6, 19): 0.0729, 0.7506, 0.7874
(6, 20): 0.1103, 0.7512, 0.7520
(6, 21): 0.1314, 0.7506, 0.7540
(6, 22): 0.1335, 0.7512, 0.7518
(6, 23): 0.0947, 0.7506, 0.7776
(6, 24): 0.0789, 0.7519, 0.7539
(6, 25): 0.0880, 0.7506, 0.7732
(6, 26): 0.0907, 0.7512, 0.7555
(6, 27): 0.1803, 0.7512, 0.2325
(7, 1): 0.0376, 0.7537, 0.4257
(7, 2): 0.0376, 0.7537, 0.4257
(7, 3): 0.0376, 0.7537, 0.4257
(7, 4): 0.0376, 0.7537, 0.4257
(7, 5): 0.0376, 0.7537, 0.4257
(7, 6): 0.0376, 0.7537, 0.4257
(7, 7): 0.0376, 0.7537, 0.4257
(7, 8): 0.0376, 0.7537, 0.4257
(7, 9): 0.0376, 0.7537, 0.4257
(7, 10): -0.0408, 0.7513, 0.3068
(7, 11): -0.0408, 0.7513, 0.3068
(7, 12): -0.0408, 0.7513, 0.3068
(7, 13): -2.2977, 0.7531, 3.5888
(7, 14): 0.0654, 0.7525, 0.7714
(7, 15): 0.0654, 0.7525, 0.7714
(7, 16): 0.0473, 0.7506, 0.8221
(7, 17): 0.0291, 0.7506, 0.8255
(7, 18): -0.0148, 0.7506, 0.8783
(7, 19): 0.0589, 0.7519, 0.7904
(7, 20): 0.0754, 0.7506, 0.7819
(7, 21): 0.0907, 0.7512, 0.8007
(7, 22): 0.0644, 0.7512, 0.8584
(7, 23): 0.1020, 0.7512, 0.7874
(7, 24): 0.1014, 0.7506, 0.7784
(7, 25): 0.0758, 0.7512, 0.7845
(7, 26): 0.0895, 0.7506, 0.7533
(7, 27): 0.0736, 0.7506, 0.4766
(8, 1): 0.0376, 0.7537, 0.4257
(8, 2): 0.0376, 0.7537, 0.4257
(8, 3): 0.0376, 0.7537, 0.4257
(8, 4): 0.0376, 0.7537, 0.4257
(8, 5): 0.0376, 0.7537, 0.4257
(8, 6): 0.0376, 0.7537, 0.4257
(8, 7): 0.0376, 0.7537, 0.4257
(8, 8): 0.0376, 0.7537, 0.4257
(8, 9): 0.0376, 0.7537, 0.4257
(8, 10): 0.0376, 0.7537, 0.4257
(8, 11): 0.0023, 0.7519, 0.4113
(8, 12): 0.0023, 0.7519, 0.4113
(8, 13): -0.0875, 0.7562, 0.2557
(8, 14): -0.0875, 0.7562, 0.2557
(8, 15): 0.0591, 0.7512, 0.7878
(8, 16): 0.0409, 0.7506, 0.8409
(8, 17): 0.0665, 0.7513, 0.7796
(8, 18): 0.0705, 0.7513, 0.8039
(8, 19): 0.0657, 0.7506, 0.8087
(8, 20): 0.0912, 0.7506, 0.7795
(8, 21): 0.0987, 0.7506, 0.7939
(8, 22): 0.1049, 0.7506, 0.7996
(8, 23): 0.1272, 0.7506, 0.7796
(8, 24): 0.1107, 0.7513, 0.7897
(8, 25): 0.1021, 0.7519, 0.7936
(8, 26): 0.0846, 0.7519, 0.8070
(8, 27): 1.1787, 0.7519, 0.2786
(9, 1): 0.0378, 0.7512, 0.4289
(9, 2): 0.0378, 0.7512, 0.4289
(9, 3): 0.0378, 0.7512, 0.4289
(9, 4): 0.0378, 0.7512, 0.4289
(9, 5): 0.0378, 0.7512, 0.4289
(9, 6): 0.0378, 0.7512, 0.4289
(9, 7): 0.0378, 0.7512, 0.4289
(9, 8): 0.0378, 0.7512, 0.4289
(9, 9): 0.0378, 0.7512, 0.4289
(9, 10): 0.0378, 0.7512, 0.4289
(9, 11): 0.3825, 0.7794, 0.1462
(9, 12): 0.0568, 0.7506, 0.4704
(9, 13): -0.0875, 0.7562, 0.2557
(9, 14): -0.0875, 0.7562, 0.2557
(9, 15): 0.0554, 0.7506, 0.7096
(9, 16): 0.0599, 0.7506, 0.8011
(9, 17): 0.0742, 0.7512, 0.7637
(9, 18): 0.0899, 0.7506, 0.7834
(9, 19): 0.0890, 0.7506, 0.7616
(9, 20): 0.0581, 0.7506, 0.7797
(9, 21): 0.0592, 0.7506, 0.7983
(9, 22): 0.0457, 0.7513, 0.8500
(9, 23): 0.0622, 0.7506, 0.8578
(9, 24): 0.0581, 0.7506, 0.8630
(9, 25): 0.0696, 0.7506, 0.8488
(9, 26): 0.0926, 0.7506, 0.7913
(9, 27): -0.0121, 0.7581, 0.2036
(10, 1): 0.0792, 0.7506, 0.4356
(10, 2): 0.0792, 0.7506, 0.4356
(10, 3): 0.0792, 0.7506, 0.4356
(10, 4): 0.0792, 0.7506, 0.4356
(10, 5): 0.0792, 0.7506, 0.4356
(10, 6): 0.0792, 0.7506, 0.4356
(10, 7): 0.0792, 0.7506, 0.4356
(10, 8): 0.0792, 0.7506, 0.4356
(10, 9): 0.0792, 0.7506, 0.4356
(10, 10): 0.0792, 0.7506, 0.4356
(10, 11): 0.3825, 0.7794, 0.1462
(10, 12): 0.0568, 0.7506, 0.4704
(10, 13): 0.0597, 0.7563, 0.2511
(10, 14): -2.7617, 0.7692, 0.2319
(10, 15): 0.0539, 0.7519, 0.7226
(10, 16): 0.0633, 0.7506, 0.7256
(10, 17): 0.0911, 0.7506, 0.7108
(10, 18): 0.1020, 0.7506, 0.7071
(10, 19): 0.0867, 0.7506, 0.7368
(10, 20): 0.0912, 0.7506, 0.7185
(10, 21): 0.0588, 0.7531, 0.7770
(10, 22): 0.0585, 0.7506, 0.8340
(10, 23): 0.0969, 0.7506, 0.8012
(10, 24): 0.1035, 0.7506, 0.8221
(10, 25): 0.0913, 0.7513, 0.8251
(10, 26): 0.0981, 0.7506, 0.7449
(10, 27): 0.0981, 0.7506, 0.7449
(11, 1): -0.0095, 0.7512, 0.2270
(11, 2): 0.1156, 0.7506, 0.5548
(11, 3): 0.1156, 0.7506, 0.5548
(11, 4): 0.1156, 0.7506, 0.5548
(11, 5): 0.1156, 0.7506, 0.5548
(11, 6): 0.1156, 0.7506, 0.5548
(11, 7): 0.1156, 0.7506, 0.5548
(11, 8): 0.1156, 0.7506, 0.5548
(11, 9): 0.1156, 0.7506, 0.5548
(11, 10): 0.1156, 0.7506, 0.5548
(11, 11): 0.1105, 0.7506, 0.7328
(11, 12): 0.1219, 0.7513, 0.7320
(11, 13): 0.0597, 0.7563, 0.2511
(11, 14): 0.0597, 0.7563, 0.2511
(11, 15): 0.0539, 0.7519, 0.7226
(11, 16): 2.5527, 0.7644, 0.0000
(11, 17): 0.0898, 0.7519, 0.7009
(11, 18): 0.0903, 0.7500, 0.6938
(11, 19): 0.0855, 0.7506, 0.7091
(11, 20): 0.0760, 0.7512, 0.7107
(11, 21): 0.0855, 0.7506, 0.7188
(11, 22): 0.0753, 0.7506, 0.7700
(11, 23): 0.0541, 0.7506, 0.8236
(11, 24): 0.0862, 0.7506, 0.7951
(11, 25): 0.1024, 0.7506, 0.7398
(11, 26): 0.0898, 0.7513, 0.6968
(11, 27): 0.0898, 0.7513, 0.6968
(12, 1): -0.0095, 0.7512, 0.2270
(12, 2): -0.0095, 0.7512, 0.2270
(12, 3): -0.0095, 0.7512, 0.2270
(12, 4): -0.0095, 0.7512, 0.2270
(12, 5): 0.0593, 0.7513, 0.7513
(12, 6): 0.0593, 0.7513, 0.7513
(12, 7): 0.0593, 0.7513, 0.7513
(12, 8): 0.0593, 0.7513, 0.7513
(12, 9): 0.0593, 0.7513, 0.7513
(12, 10): 0.0593, 0.7513, 0.7513
(12, 11): 0.0903, 0.7512, 0.7548
(12, 12): 0.0807, 0.7506, 0.7927
(12, 13): 0.0298, 0.7506, 0.6521
(12, 14): 0.0479, 0.7518, 0.3721
(12, 15): 0.0479, 0.7518, 0.3721
(12, 16): 0.0670, 0.7519, 0.2198
(12, 17): 0.0643, 0.7512, 0.7153
(12, 18): 0.0763, 0.7512, 0.7045
(12, 19): 0.0781, 0.7512, 0.7121
(12, 20): 0.0764, 0.7506, 0.6962
(12, 21): 0.0420, 0.7506, 0.7534
(12, 22): 0.0744, 0.7506, 0.7755
(12, 23): 0.0474, 0.7506, 0.7625
(12, 24): 0.0667, 0.7506, 0.6309
(12, 25): 0.1170, 0.7569, 0.2185
(12, 26): 0.0773, 0.7531, 0.1969
(12, 27): 0.0773, 0.7531, 0.1969
(13, 1): -0.0095, 0.7512, 0.2270
(13, 2): -0.0095, 0.7512, 0.2270
(13, 3): -0.0095, 0.7512, 0.2270
(13, 4): -0.0095, 0.7512, 0.2270
(13, 5): -0.0095, 0.7512, 0.2270
(13, 6): -0.0095, 0.7512, 0.2270
(13, 7): -0.0095, 0.7512, 0.2270
(13, 8): 0.0576, 0.7512, 0.7870
(13, 9): 0.0576, 0.7512, 0.7870
(13, 10): 0.0576, 0.7512, 0.7870
(13, 11): 0.0475, 0.7506, 0.8088
(13, 12): 0.0649, 0.7513, 0.7399
(13, 13): 0.0037, 0.7506, 0.6600
(13, 14): 1.3259, 0.7513, 0.0153
(13, 15): -1.4131, 0.7637, 0.0000
(13, 16): -1.4131, 0.7637, 0.0000
(13, 17): 0.0376, 0.7525, 0.5578
(13, 18): 0.0889, 0.7506, 0.6012
(13, 19): 0.0783, 0.7500, 0.7051
(13, 20): 0.0885, 0.7506, 0.7254
(13, 21): 0.0622, 0.7506, 0.7579
(13, 22): 0.0696, 0.7506, 0.7408
(13, 23): 0.0257, 0.7506, 0.7593
(13, 24): 0.0078, 0.7531, 0.6260
(13, 25): 0.1170, 0.7569, 0.2185
(13, 26): 0.0773, 0.7531, 0.1969
(13, 27): 0.0773, 0.7531, 0.1969
(14, 1): -0.0095, 0.7512, 0.2270
(14, 2): -0.0095, 0.7512, 0.2270
(14, 3): -0.0095, 0.7512, 0.2270
(14, 4): -0.0095, 0.7512, 0.2270
(14, 5): -0.0095, 0.7512, 0.2270
(14, 6): -0.0095, 0.7512, 0.2270
(14, 7): -0.0095, 0.7512, 0.2270
(14, 8): -0.0095, 0.7512, 0.2270
(14, 9): 0.0807, 0.7506, 0.7825
(14, 10): 0.0807, 0.7506, 0.7825
(14, 11): 0.0375, 0.7525, 0.8648
(14, 12): 0.0276, 0.7506, 0.7967
(14, 13): -1.5307, 0.7692, 0.3868
(14, 14): -1.5307, 0.7692, 0.3868
(14, 15): 0.0517, 0.7512, 0.5846
(14, 16): 0.0517, 0.7512, 0.5846
(14, 17): 0.0385, 0.7506, 0.7448
(14, 18): 0.0811, 0.7506, 0.7079
(14, 19): 0.0991, 0.7506, 0.7084
(14, 20): 0.1228, 0.7506, 0.6990
(14, 21): 0.1101, 0.7506, 0.6772
(14, 22): 0.0565, 0.7506, 0.7324
(14, 23): 0.0319, 0.7506, 0.7491
(14, 24): 0.0372, 0.7506, 0.6769
(14, 25): 0.0894, 0.7525, 0.3611
(14, 26): 0.1890, 0.7519, 0.3490
(14, 27): 0.1178, 0.7512, 0.3881
(15, 1): 0.3814, 0.7525, 0.1335
(15, 2): -0.0095, 0.7512, 0.2270
(15, 3): -0.0095, 0.7512, 0.2270
(15, 4): -0.0095, 0.7512, 0.2270
(15, 5): -0.0095, 0.7512, 0.2270
(15, 6): -0.0095, 0.7512, 0.2270
(15, 7): -0.0095, 0.7512, 0.2270
(15, 8): -0.0095, 0.7512, 0.2270
(15, 9): -0.0095, 0.7512, 0.2270
(15, 10): 0.0676, 0.7506, 0.7814
(15, 11): 0.0462, 0.7506, 0.8165
(15, 12): 0.0339, 0.7525, 0.8442
(15, 13): 0.1294, 0.7506, 0.2400
(15, 14): 0.0599, 0.7506, 0.6386
(15, 15): 0.0599, 0.7506, 0.6386
(15, 16): 0.0956, 0.7506, 0.7117
(15, 17): 0.0770, 0.7506, 0.6943
(15, 18): 0.0972, 0.7506, 0.6490
(15, 19): 0.0894, 0.7506, 0.7524
(15, 20): 0.0590, 0.7506, 0.7286
(15, 21): 0.0669, 0.7519, 0.6905
(15, 22): 0.0315, 0.7513, 0.7456
(15, 23): 0.0572, 0.7525, 0.7176
(15, 24): -0.0062, 0.7506, 0.8074
(15, 25): 0.0423, 0.7519, 0.7618
(15, 26): 0.0250, 0.7506, 0.7707
(15, 27): 0.1178, 0.7512, 0.3881
(16, 1): 0.1830, 0.7506, 0.2173
(16, 2): 0.3814, 0.7525, 0.1335
(16, 3): 0.3814, 0.7525, 0.1335
(16, 4): 0.0298, 0.7519, 0.2889
(16, 5): 0.0298, 0.7519, 0.2889
(16, 6): 0.0298, 0.7519, 0.2889
(16, 7): 0.0298, 0.7519, 0.2889
(16, 8): 0.0298, 0.7519, 0.2889
(16, 9): 0.0298, 0.7519, 0.2889
(16, 10): 0.0767, 0.7506, 0.7664
(16, 11): 0.0433, 0.7512, 0.8317
(16, 12): 0.0651, 0.7519, 0.7787
(16, 13): 0.1669, 0.7525, 0.2525
(16, 14): 0.0653, 0.7506, 0.7555
(16, 15): 0.0446, 0.7519, 0.8203
(16, 16): 0.0804, 0.7512, 0.6773
(16, 17): 0.0773, 0.7519, 0.6479
(16, 18): 0.0691, 0.7506, 0.8083
(16, 19): 0.0366, 0.7519, 0.8124
(16, 20): 0.0369, 0.7506, 0.7430
(16, 21): 0.0482, 0.7506, 0.7286
(16, 22): 0.0551, 0.7506, 0.7254
(16, 23): 0.0117, 0.7513, 0.7596
(16, 24): -0.0223, 0.7506, 0.8031
(16, 25): 0.0058, 0.7506, 0.7798
(16, 26): 0.0114, 0.7512, 0.7887
(16, 27): 0.0136, 0.7506, 0.4247
(17, 1): 0.1830, 0.7506, 0.2173
(17, 2): 0.1830, 0.7506, 0.2173
(17, 3): 0.3814, 0.7525, 0.1335
(17, 4): 0.3814, 0.7525, 0.1335
(17, 5): 0.3814, 0.7525, 0.1335
(17, 6): 1.2618, 0.7506, 0.3086
(17, 7): 0.0381, 0.7506, 0.5636
(17, 8): 0.0381, 0.7506, 0.5636
(17, 9): 0.0381, 0.7506, 0.5636
(17, 10): 0.0269, 0.7513, 0.8267
(17, 11): 0.0580, 0.7512, 0.8050
(17, 12): 0.0615, 0.7513, 0.7993
(17, 13): 0.0530, 0.7506, 0.6365
(17, 14): 0.0406, 0.7506, 0.6176
(17, 15): 0.0273, 0.7506, 0.7439
(17, 16): 0.0524, 0.7512, 0.7106
(17, 17): 0.0628, 0.7512, 0.8042
(17, 18): 0.0524, 0.7506, 0.8333
(17, 19): 0.0344, 0.7506, 0.8304
(17, 20): 0.0229, 0.7512, 0.7983
(17, 21): 0.0067, 0.7513, 0.7890
(17, 22): -0.0118, 0.7506, 0.8155
(17, 23): 0.0159, 0.7512, 0.7264
(17, 24): -0.0026, 0.7525, 0.7752
(17, 25): 0.0185, 0.7506, 0.7937
(17, 26): 0.0174, 0.7506, 0.6725
(17, 27): 0.0136, 0.7506, 0.4247
(18, 1): 0.1830, 0.7506, 0.2173
(18, 2): 0.1830, 0.7506, 0.2173
(18, 3): 0.1830, 0.7506, 0.2173
(18, 4): 0.3814, 0.7525, 0.1335
(18, 5): 0.3814, 0.7525, 0.1335
(18, 6): 0.3814, 0.7525, 0.1335
(18, 7): 1.2618, 0.7506, 0.3086
(18, 8): 0.0445, 0.7531, 0.7718
(18, 9): 0.0445, 0.7531, 0.7718
(18, 10): 0.0543, 0.7519, 0.8109
(18, 11): 0.0819, 0.7506, 0.7740
(18, 12): 0.0736, 0.7519, 0.7319
(18, 13): 0.0762, 0.7506, 0.7445
(18, 14): 0.0393, 0.7512, 0.8132
(18, 15): 0.0120, 0.7519, 0.8425
(18, 16): 0.0188, 0.7506, 0.7944
(18, 17): 0.0404, 0.7531, 0.7786
(18, 18): 0.0454, 0.7506, 0.7969
(18, 19): 0.0094, 0.7506, 0.8632
(18, 20): -0.0001, 0.7506, 0.8233
(18, 21): -0.0002, 0.7512, 0.7798
(18, 22): -0.0049, 0.7506, 0.7705
(18, 23): 0.0268, 0.7506, 0.7531
(18, 24): 0.0244, 0.7506, 0.7340
(18, 25): 0.0290, 0.7512, 0.6355
(18, 26): -0.1080, 0.7506, 0.1392
(18, 27): -0.1080, 0.7506, 0.1392
(19, 1): 0.1830, 0.7506, 0.2173
(19, 2): 0.1830, 0.7506, 0.2173
(19, 3): 0.1830, 0.7506, 0.2173
(19, 4): 0.1830, 0.7506, 0.2173
(19, 5): 0.3814, 0.7525, 0.1335
(19, 6): 0.3814, 0.7525, 0.1335
(19, 7): 0.3814, 0.7525, 0.1335
(19, 8): 1.2618, 0.7506, 0.3086
(19, 9): 0.0314, 0.7506, 0.8685
(19, 10): 0.0732, 0.7506, 0.8083
(19, 11): 0.0776, 0.7506, 0.7315
(19, 12): 0.0658, 0.7531, 0.7361
(19, 13): 0.0509, 0.7506, 0.7697
(19, 14): -0.0037, 0.7506, 0.8291
(19, 15): -0.0084, 0.7506, 0.8471
(19, 16): 0.0060, 0.7513, 0.8451
(19, 17): 0.0326, 0.7512, 0.7693
(19, 18): 0.0218, 0.7513, 0.7813
(19, 19): -0.0457, 0.7519, 0.8723
(19, 20): -0.0174, 0.7512, 0.8130
(19, 21): 0.0006, 0.7506, 0.7866
(19, 22): 0.0209, 0.7506, 0.7546
(19, 23): 0.0442, 0.7506, 0.7616
(19, 24): 0.0394, 0.7506, 0.7764
(19, 25): 0.1292, 0.7506, 0.4527
(19, 26): 0.1465, 0.7569, 0.1875
(19, 27): 0.1465, 0.7569, 0.1875
(20, 1): 0.3952, 0.7513, 0.1420
(20, 2): 0.1830, 0.7506, 0.2173
(20, 3): 0.1830, 0.7506, 0.2173
(20, 4): 0.1830, 0.7506, 0.2173
(20, 5): 0.1830, 0.7506, 0.2173
(20, 6): 0.3814, 0.7525, 0.1335
(20, 7): 0.3814, 0.7525, 0.1335
(20, 8): 0.0304, 0.7512, 0.8658
(20, 9): 0.0223, 0.7506, 0.8477
(20, 10): 0.0389, 0.7512, 0.8186
(20, 11): 0.0288, 0.7506, 0.8017
(20, 12): 0.0711, 0.7506, 0.7487
(20, 13): 0.0301, 0.7519, 0.7761
(20, 14): -0.0316, 0.7519, 0.8139
(20, 15): 0.0016, 0.7506, 0.8383
(20, 16): 0.0319, 0.7506, 0.7899
(20, 17): 0.0144, 0.7506, 0.7675
(20, 18): 0.0149, 0.7519, 0.7857
(20, 19): 0.0023, 0.7506, 0.8096
(20, 20): 0.0194, 0.7506, 0.7714
(20, 21): 0.0326, 0.7506, 0.7700
(20, 22): 0.0633, 0.7512, 0.7591
(20, 23): 0.1126, 0.7506, 0.7087
(20, 24): 0.0713, 0.7506, 0.7712
(20, 25): 0.0875, 0.7506, 0.6939
(20, 26): 0.1465, 0.7569, 0.1875
(20, 27): 0.1465, 0.7569, 0.1875
(21, 1): 0.0988, 0.7513, 0.2125
(21, 2): 0.3952, 0.7513, 0.1420
(21, 3): 0.3952, 0.7513, 0.1420
(21, 4): 0.1830, 0.7506, 0.2173
(21, 5): 0.1830, 0.7506, 0.2173
(21, 6): 0.1830, 0.7506, 0.2173
(21, 7): 0.0522, 0.7506, 0.7190
(21, 8): 0.0418, 0.7512, 0.8167
(21, 9): 0.0156, 0.7512, 0.8551
(21, 10): 0.0560, 0.7506, 0.8067
(21, 11): 0.0256, 0.7531, 0.8191
(21, 12): 0.0262, 0.7506, 0.7860
(21, 13): 0.0528, 0.7531, 0.7514
(21, 14): 0.0642, 0.7513, 0.7475
(21, 15): 0.0778, 0.7506, 0.7207
(21, 16): 0.0550, 0.7525, 0.7234
(21, 17): 0.0175, 0.7512, 0.7489
(21, 18): 0.0404, 0.7512, 0.7510
(21, 19): 0.0637, 0.7544, 0.7303
(21, 20): 0.0746, 0.7506, 0.7144
(21, 21): 0.0614, 0.7506, 0.6202
(21, 22): 0.0545, 0.7512, 0.6623
(21, 23): 0.0708, 0.7531, 0.6295
(21, 24): 0.1534, 0.7506, 0.3072
(21, 25): 0.1534, 0.7506, 0.3072
(21, 26): 0.1465, 0.7569, 0.1875
(21, 27): 0.1465, 0.7569, 0.1875
(22, 1): 0.0988, 0.7513, 0.2125
(22, 2): 0.0988, 0.7513, 0.2125
(22, 3): 0.3952, 0.7513, 0.1420
(22, 4): 0.3952, 0.7513, 0.1420
(22, 5): 0.3952, 0.7513, 0.1420
(22, 6): 0.0241, 0.7525, 0.5519
(22, 7): 0.0300, 0.7506, 0.8209
(22, 8): 0.0209, 0.7525, 0.7994
(22, 9): 0.0096, 0.7512, 0.8358
(22, 10): 0.0042, 0.7550, 0.8620
(22, 11): 0.0141, 0.7506, 0.8423
(22, 12): 0.0104, 0.7506, 0.7917
(22, 13): 0.0552, 0.7506, 0.7369
(22, 14): 0.0461, 0.7506, 0.7435
(22, 15): 0.0869, 0.7506, 0.6741
(22, 16): 0.0997, 0.7506, 0.6606
(22, 17): 0.0903, 0.7512, 0.6971
(22, 18): 0.1183, 0.7519, 0.6897
(22, 19): 0.0806, 0.7506, 0.7185
(22, 20): 0.0957, 0.7506, 0.5349
(22, 21): -0.3486, 0.7775, 0.1930
(22, 22): 0.0545, 0.7512, 0.6623
(22, 23): 0.0708, 0.7531, 0.6295
(22, 24): 0.1534, 0.7506, 0.3072
(22, 25): 0.1534, 0.7506, 0.3072
(22, 26): 0.1465, 0.7569, 0.1875
(22, 27): 0.1465, 0.7569, 0.1875
(23, 1): 0.0988, 0.7513, 0.2125
(23, 2): 0.0988, 0.7513, 0.2125
(23, 3): 0.0988, 0.7513, 0.2125
(23, 4): 0.3952, 0.7513, 0.1420
(23, 5): 0.3952, 0.7513, 0.1420
(23, 6): 0.0748, 0.7512, 0.4356
(23, 7): 0.0406, 0.7500, 0.5779
(23, 8): 0.0387, 0.7506, 0.7599
(23, 9): 0.0377, 0.7506, 0.8038
(23, 10): 0.0574, 0.7506, 0.7831
(23, 11): 0.0520, 0.7506, 0.7805
(23, 12): 0.0648, 0.7512, 0.7503
(23, 13): 0.0381, 0.7519, 0.7790
(23, 14): 0.0742, 0.7512, 0.7101
(23, 15): 0.1174, 0.7506, 0.6482
(23, 16): 0.0562, 0.7512, 0.7460
(23, 17): 0.0676, 0.7512, 0.7383
(23, 18): 0.0735, 0.7506, 0.7354
(23, 19): 0.0831, 0.7506, 0.7498
(23, 20): 0.0955, 0.7506, 0.6096
(23, 21): -0.3486, 0.7775, 0.1930
(23, 22): -0.3486, 0.7775, 0.1930
(23, 23): 0.0708, 0.7531, 0.6295
(23, 24): 0.1534, 0.7506, 0.3072
(23, 25): 0.1534, 0.7506, 0.3072
(23, 26): 0.1534, 0.7506, 0.3072
(23, 27): 0.1465, 0.7569, 0.1875
(24, 1): 0.1620, 0.7512, 0.2426
(24, 2): 0.0988, 0.7513, 0.2125
(24, 3): 0.0988, 0.7513, 0.2125
(24, 4): 0.0988, 0.7513, 0.2125
(24, 5): 0.1171, 0.7519, 0.2875
(24, 6): 0.0304, 0.7513, 0.3401
(24, 7): 0.0653, 0.7506, 0.6597
(24, 8): 0.0456, 0.7512, 0.5069
(24, 9): 0.0356, 0.7506, 0.6464
(24, 10): 0.0519, 0.7506, 0.6082
(24, 11): 0.0535, 0.7506, 0.7372
(24, 12): 0.0245, 0.7512, 0.7868
(24, 13): 0.0554, 0.7525, 0.7310
(24, 14): 0.0474, 0.7506, 0.7264
(24, 15): 0.0789, 0.7506, 0.7024
(24, 16): 0.0975, 0.7519, 0.7160
(24, 17): 0.0756, 0.7506, 0.7485
(24, 18): 0.0724, 0.7512, 0.7531
(24, 19): 0.1008, 0.7531, 0.7415
(24, 20): 0.0631, 0.7506, 0.7954
(24, 21): 0.0353, 0.7512, 0.5116
(24, 22): 0.0353, 0.7512, 0.5116
(24, 23): 0.1539, 0.7525, 0.2829
(24, 24): 0.1539, 0.7525, 0.2829
(24, 25): 0.1539, 0.7525, 0.2829
(24, 26): 0.1534, 0.7506, 0.3072
(24, 27): 0.1465, 0.7569, 0.1875
(25, 1): 0.1620, 0.7512, 0.2426
(25, 2): 0.1620, 0.7512, 0.2426
(25, 3): 0.0435, 0.7506, 0.4287
(25, 4): 0.0435, 0.7506, 0.4287
(25, 5): 0.0504, 0.7506, 0.5254
(25, 6): 0.0587, 0.7506, 0.6518
(25, 7): -0.0362, 0.7506, 0.3886
(25, 8): 0.0223, 0.7506, 0.6374
(25, 9): 0.0097, 0.7506, 0.7310
(25, 10): 0.0156, 0.7519, 0.7666
(25, 11): -0.0347, 0.7506, 0.8248
(25, 12): -0.0372, 0.7525, 0.8240
(25, 13): -0.0020, 0.7506, 0.7737
(25, 14): 0.0294, 0.7506, 0.7787
(25, 15): 0.0871, 0.7506, 0.7428
(25, 16): 0.0944, 0.7506, 0.7337
(25, 17): 0.0746, 0.7537, 0.7628
(25, 18): 0.0454, 0.7519, 0.7927
(25, 19): 0.0433, 0.7506, 0.7865
(25, 20): 0.0950, 0.7506, 0.7498
(25, 21): 0.1117, 0.7506, 0.7237
(25, 22): 0.1539, 0.7525, 0.2829
(25, 23): 0.1539, 0.7525, 0.2829
(25, 24): 0.1539, 0.7525, 0.2829
(25, 25): 0.1539, 0.7525, 0.2829
(25, 26): 0.1539, 0.7525, 0.2829
(25, 27): 0.1539, 0.7525, 0.2829
(26, 1): 0.0930, 0.7512, 0.2793
(26, 2): 0.1620, 0.7512, 0.2426
(26, 3): 0.1620, 0.7512, 0.2426
(26, 4): 0.0561, 0.7513, 0.4338
(26, 5): 0.0204, 0.7525, 0.4371
(26, 6): -0.0388, 0.7531, 0.3956
(26, 7): -0.0142, 0.7525, 0.6835
(26, 8): -0.0512, 0.7506, 0.8484
(26, 9): 0.0001, 0.7519, 0.8210
(26, 10): 0.0012, 0.7519, 0.8102
(26, 11): -0.0243, 0.7531, 0.8250
(26, 12): -0.0576, 0.7506, 0.8566
(26, 13): 0.0026, 0.7506, 0.8000
(26, 14): 0.0553, 0.7506, 0.7904
(26, 15): 0.0510, 0.7512, 0.8140
(26, 16): 0.1068, 0.7519, 0.7544
(26, 17): 0.0894, 0.7506, 0.7595
(26, 18): 0.0764, 0.7512, 0.7525
(26, 19): 0.0642, 0.7506, 0.7868
(26, 20): 0.1069, 0.7513, 0.7474
(26, 21): 0.1045, 0.7525, 0.7514
(26, 22): 0.0708, 0.7506, 0.5856
(26, 23): 0.0708, 0.7506, 0.5856
(26, 24): 0.0708, 0.7506, 0.5856
(26, 25): 0.0708, 0.7506, 0.5856
(26, 26): 0.0708, 0.7506, 0.5856
(26, 27): 0.0708, 0.7506, 0.5856
(27, 1): 0.0930, 0.7512, 0.2793
(27, 2): 0.0930, 0.7512, 0.2793
(27, 3): 0.0705, 0.7512, 0.6865
(27, 4): 0.0541, 0.7512, 0.7694
(27, 5): 0.0414, 0.7512, 0.8402
(27, 6): 0.0294, 0.7506, 0.6167
(27, 7): -0.1797, 0.7506, 0.2928
(27, 8): -0.0467, 0.7512, 0.6913
(27, 9): -0.0256, 0.7506, 0.6474
(27, 10): 0.0610, 0.7512, 0.5921
(27, 11): 0.1105, 0.7506, 0.5469
(27, 12): 0.0484, 0.7506, 0.3803
(27, 13): 0.0337, 0.7512, 0.6347
(27, 14): 0.0822, 0.7512, 0.5202
(27, 15): 0.1172, 0.7506, 0.7356
(27, 16): 0.0453, 0.7506, 0.8181
(27, 17): 0.0473, 0.7506, 0.7830
(27, 18): 0.0352, 0.7506, 0.8153
(27, 19): 0.0833, 0.7519, 0.7791
(27, 20): 0.0854, 0.7506, 0.7649
(27, 21): 0.0434, 0.7506, 0.7938
(27, 22): -0.0396, 0.7506, 0.6566
(27, 23): -0.0396, 0.7506, 0.6566
(27, 24): -0.0396, 0.7506, 0.6566
(27, 25): -0.0396, 0.7506, 0.6566
(27, 26): -0.0396, 0.7506, 0.6566
(27, 27): -0.0396, 0.7506, 0.6566
(28, 1): 0.0788, 0.7506, 0.7816
(28, 2): 0.0788, 0.7506, 0.7816
(28, 3): -0.0328, 0.7504, 0.3784
(28, 4): 0.0464, 0.7506, 0.3924
(28, 5): 0.0739, 0.7506, 0.5766
(28, 6): -0.0722, 0.7506, 0.3642
(28, 7): -0.0830, 0.7506, 0.3781
(28, 8): -0.0031, 0.7506, 0.5556
(28, 9): 0.0234, 0.7506, 0.4406
(28, 10): 0.0610, 0.7512, 0.5921
(28, 11): 0.1105, 0.7506, 0.5469
(28, 12): 0.0484, 0.7506, 0.3803
(28, 13): 0.0337, 0.7512, 0.6347
(28, 14): 0.1626, 0.7513, 0.1599
(28, 15): 0.0998, 0.7519, 0.7135
(28, 16): 0.0722, 0.7506, 0.7956
(28, 17): 0.0658, 0.7506, 0.7749
(28, 18): 0.0497, 0.7506, 0.7680
(28, 19): 0.0358, 0.7506, 0.7928
(28, 20): 0.0301, 0.7506, 0.7921
(28, 21): 0.0211, 0.7506, 0.7890
(28, 22): -0.2582, 0.7506, 0.4194
(28, 23): -0.2582, 0.7506, 0.4194
(28, 24): -0.2582, 0.7506, 0.4194
(28, 25): -0.2582, 0.7506, 0.4194
(28, 26): -0.2582, 0.7506, 0.4194
(28, 27): -0.2582, 0.7506, 0.4194
(29, 1): 0.0788, 0.7506, 0.7816
(29, 2): 0.0788, 0.7506, 0.7816
(29, 3): 0.0253, 0.7506, 0.9060
(29, 4): 0.0556, 0.7506, 0.6930
(29, 5): 0.0332, 0.7506, 0.5990
(29, 6): 0.0647, 0.7506, 0.7719
(29, 7): 0.0195, 0.7506, 0.6693
(29, 8): -0.0031, 0.7506, 0.5556
(29, 9): 0.0234, 0.7506, 0.4406
(29, 10): 0.0234, 0.7506, 0.4406
(29, 11): 0.1105, 0.7506, 0.5469
(29, 12): 0.0484, 0.7506, 0.3803
(29, 13): 0.1626, 0.7513, 0.1599
(29, 14): 0.1626, 0.7513, 0.1599
(29, 15): -0.4529, 0.7625, 0.2860
(29, 16): 0.1013, 0.7512, 0.3526
(29, 17): 0.0658, 0.7506, 0.7749
(29, 18): 0.0590, 0.7500, 0.5913
(29, 19): 0.0176, 0.7506, 0.7875
(29, 20): 0.0620, 0.7525, 0.7183
(29, 21): 0.0515, 0.7506, 0.7295
(29, 22): 0.2017, 0.7594, 0.1865
(29, 23): 0.2017, 0.7594, 0.1865
(29, 24): 0.2017, 0.7594, 0.1865
(29, 25): 0.2017, 0.7594, 0.1865
(29, 26): 0.2017, 0.7594, 0.1865
(29, 27): 0.2017, 0.7594, 0.1865
(30, 1): 0.1146, 0.7506, 0.4841
(30, 2): 0.1146, 0.7506, 0.4841
(30, 3): -0.0614, 0.7506, 0.3589
(30, 4): -0.1099, 0.7650, 0.3366
(30, 5): 0.0892, 0.7506, 0.6696
(30, 6): 0.0592, 0.7506, 0.6159
(30, 7): 0.0976, 0.7525, 0.1917
(30, 8): 0.0976, 0.7525, 0.1917
(30, 9): 0.0234, 0.7506, 0.4406
(30, 10): 0.0234, 0.7506, 0.4406
(30, 11): 0.0234, 0.7506, 0.4406
(30, 12): 0.1626, 0.7513, 0.1599
(30, 13): 0.1626, 0.7513, 0.1599
(30, 14): -0.4529, 0.7625, 0.2860
(30, 15): -0.4529, 0.7625, 0.2860
(30, 16): 0.1013, 0.7512, 0.3526
(30, 17): 0.0590, 0.7500, 0.5913
(30, 18): 0.0590, 0.7500, 0.5913
(30, 19): -0.2628, 0.7650, 0.1931
(30, 20): 0.0833, 0.7506, 0.5813
(30, 21): 0.0790, 0.7512, 0.6614
(30, 22): -0.1789, 0.7525, 0.2866
(30, 23): -0.1789, 0.7525, 0.2866
(30, 24): -0.1789, 0.7525, 0.2866
(30, 25): -0.1789, 0.7525, 0.2866
(30, 26): -0.1789, 0.7525, 0.2866
(30, 27): -0.1789, 0.7525, 0.2866
(31, 1): 0.1146, 0.7506, 0.4841
(31, 2): 0.1146, 0.7506, 0.4841
(31, 3): -0.0614, 0.7506, 0.3589
(31, 4): -0.1099, 0.7650, 0.3366
(31, 5): 0.0892, 0.7506, 0.6696
(31, 6): 0.0592, 0.7506, 0.6159
(31, 7): 0.0976, 0.7525, 0.1917
(31, 8): 0.0976, 0.7525, 0.1917
(31, 9): 0.0976, 0.7525, 0.1917
(31, 10): 0.0234, 0.7506, 0.4406
(31, 11): 0.0234, 0.7506, 0.4406
(31, 12): 0.1626, 0.7513, 0.1599
(31, 13): -0.4529, 0.7625, 0.2860
(31, 14): -0.4529, 0.7625, 0.2860
(31, 15): -0.4529, 0.7625, 0.2860
(31, 16): 0.1013, 0.7512, 0.3526
(31, 17): -1.6327, 0.7645, 0.0936
(31, 18): -1.6327, 0.7645, 0.0936
(31, 19): -1.6327, 0.7645, 0.0936
(31, 20): 0.0802, 0.7531, 0.6511
(31, 21): 1.2681, 0.7519, 0.0598
(31, 22): 1.2681, 0.7519, 0.0598
(31, 23): -1.0757, 0.7512, 0.1170
(31, 24): -1.0757, 0.7512, 0.1170
(31, 25): -1.0757, 0.7512, 0.1170
(31, 26): -1.0757, 0.7512, 0.1170
(31, 27): -1.0757, 0.7512, 0.1170
(32, 1): 0.1146, 0.7506, 0.4841
(32, 2): 0.1146, 0.7506, 0.4841
(32, 3): -0.0614, 0.7506, 0.3589
(32, 4): -0.1099, 0.7650, 0.3366
(32, 5): 0.0892, 0.7506, 0.6696
(32, 6): 0.0592, 0.7506, 0.6159
(32, 7): 0.0976, 0.7525, 0.1917
(32, 8): 0.0976, 0.7525, 0.1917
(32, 9): 0.0976, 0.7525, 0.1917
(32, 10): 0.0976, 0.7525, 0.1917
(32, 11): 0.0234, 0.7506, 0.4406
(32, 12): -0.4529, 0.7625, 0.2860
(32, 13): -0.4529, 0.7625, 0.2860
(32, 14): -0.4529, 0.7625, 0.2860
(32, 15): -0.4529, 0.7625, 0.2860
(32, 16): 0.1013, 0.7512, 0.3526
(32, 17): -0.2468, 0.7569, 0.1775
(32, 18): -0.2468, 0.7569, 0.1775
(32, 19): -0.2468, 0.7569, 0.1775
(32, 20): 0.0597, 0.7512, 0.7699
(32, 21): 0.0419, 0.7519, 0.5168
(32, 22): -1.0757, 0.7512, 0.1170
(32, 23): -1.0757, 0.7512, 0.1170
(32, 24): -1.0757, 0.7512, 0.1170
(32, 25): -1.0757, 0.7512, 0.1170
(32, 26): -1.0757, 0.7512, 0.1170
(32, 27): -1.0757, 0.7512, 0.1170
(33, 1): 0.1146, 0.7506, 0.4841
(33, 2): 0.1146, 0.7506, 0.4841
(33, 3): -0.0614, 0.7506, 0.3589
(33, 4): -0.1099, 0.7650, 0.3366
(33, 5): 0.0892, 0.7506, 0.6696
(33, 6): 0.0592, 0.7506, 0.6159
(33, 7): 0.0976, 0.7525, 0.1917
(33, 8): 0.0976, 0.7525, 0.1917
(33, 9): 0.0976, 0.7525, 0.1917
(33, 10): 0.0976, 0.7525, 0.1917
(33, 11): 0.0976, 0.7525, 0.1917
(33, 12): -0.4529, 0.7625, 0.2860
(33, 13): -0.4529, 0.7625, 0.2860
(33, 14): -0.4529, 0.7625, 0.2860
(33, 15): 0.1476, 0.7506, 0.4211
(33, 16): 0.1476, 0.7506, 0.4211
(33, 17): 0.1476, 0.7506, 0.4211
(33, 18): 0.1476, 0.7506, 0.4211
(33, 19): 0.1476, 0.7506, 0.4211
(33, 20): 0.0840, 0.7506, 0.7764
(33, 21): 0.1046, 0.7506, 0.7487
(33, 22): 0.1141, 0.7525, 0.3455
(33, 23): 0.1141, 0.7525, 0.3455
(33, 24): 0.1141, 0.7525, 0.3455
(33, 25): 0.1141, 0.7525, 0.3455
(33, 26): 0.1141, 0.7525, 0.3455
(33, 27): 0.1141, 0.7525, 0.3455
(34, 1): 0.1146, 0.7506, 0.4841
(34, 2): 0.1146, 0.7506, 0.4841
(34, 3): -0.0614, 0.7506, 0.3589
(34, 4): -0.1099, 0.7650, 0.3366
(34, 5): 0.0892, 0.7506, 0.6696
(34, 6): 0.0592, 0.7506, 0.6159
(34, 7): 0.0976, 0.7525, 0.1917
(34, 8): 0.0976, 0.7525, 0.1917
(34, 9): 0.0976, 0.7525, 0.1917
(34, 10): 0.0976, 0.7525, 0.1917
(34, 11): 0.0976, 0.7525, 0.1917
(34, 12): -0.4529, 0.7625, 0.2860
(34, 13): -0.4529, 0.7625, 0.2860
(34, 14): 0.1319, 0.7506, 0.3760
(34, 15): 0.1319, 0.7506, 0.3760
(34, 16): 0.1319, 0.7506, 0.3760
(34, 17): 0.1319, 0.7506, 0.3760
(34, 18): 0.1319, 0.7506, 0.3760
(34, 19): 0.1319, 0.7506, 0.3760
(34, 20): 0.1023, 0.7506, 0.7381
(34, 21): 0.1042, 0.7506, 0.7592
(34, 22): -1.2430, 0.7568, 0.6775
(34, 23): -1.2430, 0.7568, 0.6775
(34, 24): -1.2430, 0.7568, 0.6775
(34, 25): -1.2430, 0.7568, 0.6775
(34, 26): -1.2430, 0.7568, 0.6775
(34, 27): -1.2430, 0.7568, 0.6775
