(1, 1): -0.0356, 3.0300, 1.2909
(1, 2): -0.0356, 3.0300, 1.2909
(1, 3): -0.0356, 3.0300, 1.2909
(1, 4): -0.0356, 3.0300, 1.2909
(1, 5): 0.0883, 3.0100, 4.2066
(1, 6): 0.0883, 3.0100, 4.2066
(1, 7): 0.0883, 3.0100, 4.2066
(1, 8): 0.0883, 3.0100, 4.2066
(1, 9): 0.0444, 3.0100, 2.7418
(1, 10): 0.0444, 3.0100, 2.7418
(1, 11): 0.0444, 3.0100, 2.7418
(1, 12): 0.0444, 3.0100, 2.7418
(1, 13): 0.0444, 3.0100, 2.7418
(1, 14): -0.0371, 3.0100, 3.8105
(1, 15): -0.0371, 3.0100, 3.8105
(1, 16): -0.0371, 3.0100, 3.8105
(1, 17): -0.0181, 3.0100, 3.7001
(1, 18): -0.0283, 3.0100, 1.9355
(1, 19): 0.0442, 3.0100, 1.8756
(1, 20): 0.0442, 3.0100, 1.8756
(1, 21): 0.0995, 3.0100, 2.1759
(1, 22): 0.0995, 3.0100, 2.1759
(1, 23): 0.2221, 3.0100, 9.0698
(1, 24): 0.2294, 3.0100, 7.8871
(1, 25): 0.2294, 3.0100, 7.8871
(1, 26): 0.2294, 3.0100, 7.8871
(1, 27): 0.0036, 3.0100, 2.0803
(2, 1): -0.0356, 3.0300, 1.2909
(2, 2): -0.0356, 3.0300, 1.2909
(2, 3): -0.0356, 3.0300, 1.2909
(2, 4): -0.0356, 3.0300, 1.2909
(2, 5): -0.0356, 3.0300, 1.2909
(2, 6): 0.0883, 3.0100, 4.2066
(2, 7): 0.0883, 3.0100, 4.2066
(2, 8): 0.0883, 3.0100, 4.2066
(2, 9): 0.0883, 3.0100, 4.2066
(2, 10): 0.0444, 3.0100, 2.7418
(2, 11): 0.0444, 3.0100, 2.7418
(2, 12): 0.0444, 3.0100, 2.7418
(2, 13): 0.0444, 3.0100, 2.7418
(2, 14): 0.1125, 3.0100, 5.4185
(2, 15): -0.0371, 3.0100, 3.8105
(2, 16): -0.0371, 3.0100, 3.8105
(2, 17): -0.0181, 3.0100, 3.7001
(2, 18): -0.0283, 3.0100, 1.9355
(2, 19): 0.0442, 3.0100, 1.8756
(2, 20): 0.0442, 3.0100, 1.8756
(2, 21): 0.0995, 3.0100, 2.1759
(2, 22): 0.1510, 3.0100, 6.9252
(2, 23): 0.2221, 3.0100, 9.0698
(2, 24): 0.2294, 3.0100, 7.8871
(2, 25): 0.2294, 3.0100, 7.8871
(2, 26): 0.0036, 3.0100, 2.0803
(2, 27): 0.0036, 3.0100, 2.0803
(3, 1): -0.0356, 3.0300, 1.2909
(3, 2): -0.0356, 3.0300, 1.2909
(3, 3): -0.0356, 3.0300, 1.2909
(3, 4): -0.0356, 3.0300, 1.2909
(3, 5): -0.0356, 3.0300, 1.2909
(3, 6): -0.0356, 3.0300, 1.2909
(3, 7): 0.0883, 3.0100, 4.2066
(3, 8): 0.0883, 3.0100, 4.2066
(3, 9): 0.0883, 3.0100, 4.2066
(3, 10): 0.0883, 3.0100, 4.2066
(3, 11): 0.0444, 3.0100, 2.7418
(3, 12): 0.0444, 3.0100, 2.7418
(3, 13): 0.0444, 3.0100, 2.7418
(3, 14): 0.1125, 3.0100, 5.4185
(3, 15): -0.0072, 3.0100, 2.8630
(3, 16): -0.0371, 3.0100, 3.8105
(3, 17): -0.0181, 3.0100, 3.7001
(3, 18): -0.0283, 3.0100, 1.9355
(3, 19): 0.0283, 3.0100, 3.3729
(3, 20): 0.0091, 3.0200, 1.8220
(3, 21): 0.0748, 3.0100, 2.8070
(3, 22): 0.1510, 3.0100, 6.9252
(3, 23): 0.2221, 3.0100, 9.0698
(3, 24): 0.2294, 3.0100, 7.8871
(3, 25): 0.1790, 3.0100, 7.2432
(3, 26): 0.0036, 3.0100, 2.0803
(3, 27): 0.0036, 3.0100, 2.0803
(4, 1): -0.0356, 3.0300, 1.2909
(4, 2): -0.0356, 3.0300, 1.2909
(4, 3): -0.0356, 3.0300, 1.2909
(4, 4): -0.0356, 3.0300, 1.2909
(4, 5): -0.0356, 3.0300, 1.2909
(4, 6): -0.0356, 3.0300, 1.2909
(4, 7): -0.0356, 3.0300, 1.2909
(4, 8): 0.0883, 3.0100, 4.2066
(4, 9): 0.0883, 3.0100, 4.2066
(4, 10): 0.0883, 3.0100, 4.2066
(4, 11): 0.0883, 3.0100, 4.2066
(4, 12): 0.0444, 3.0100, 2.7418
(4, 13): 0.0444, 3.0100, 2.7418
(4, 14): 0.1125, 3.0100, 5.4185
(4, 15): -0.0072, 3.0100, 2.8630
(4, 16): 0.0004, 3.0100, 2.7303
(4, 17): 0.0414, 3.0100, 2.8166
(4, 18): 0.1473, 3.0100, 7.0880
(4, 19): 0.1610, 3.0100, 8.1446
(4, 20): 0.1869, 3.0100, 9.8420
(4, 21): 0.1959, 3.0100, 10.6463
(4, 22): 0.1980, 3.0000, 10.0906
(4, 23): 0.2084, 3.0100, 9.6205
(4, 24): 0.2336, 3.0100, 10.2957
(4, 25): 0.1790, 3.0100, 7.2432
(4, 26): 0.0036, 3.0100, 2.0803
(4, 27): 0.0353, 3.0100, 3.5691
(5, 1): -0.0356, 3.0300, 1.2909
(5, 2): -0.0356, 3.0300, 1.2909
(5, 3): -0.0356, 3.0300, 1.2909
(5, 4): -0.0356, 3.0300, 1.2909
(5, 5): -0.0356, 3.0300, 1.2909
(5, 6): -0.0356, 3.0300, 1.2909
(5, 7): -0.0356, 3.0300, 1.2909
(5, 8): -0.0356, 3.0300, 1.2909
(5, 9): 0.0883, 3.0100, 4.2066
(5, 10): 0.0883, 3.0100, 4.2066
(5, 11): 0.0883, 3.0100, 4.2066
(5, 12): 0.0848, 3.0100, 3.3081
(5, 13): 0.0848, 3.0100, 3.3081
(5, 14): 0.0848, 3.0100, 3.3081
(5, 15): -0.0072, 3.0100, 2.8630
(5, 16): 0.0704, 3.0100, 6.2508
(5, 17): 0.1752, 3.0100, 10.3889
(5, 18): 0.1863, 3.0100, 9.9047
(5, 19): 0.2157, 3.0100, 9.7382
(5, 20): 0.2032, 3.0100, 10.4217
(5, 21): 0.1890, 3.0100, 10.5843
(5, 22): 0.1912, 3.0100, 9.6810
(5, 23): 0.2008, 3.0100, 10.1509
(5, 24): 0.2382, 3.0100, 10.4526
(5, 25): 0.2428, 3.0000, 10.0399
(5, 26): 0.2199, 3.0100, 9.4999
(5, 27): 0.0353, 3.0100, 3.5691
(6, 1): -0.0356, 3.0300, 1.2909
(6, 2): -0.0356, 3.0300, 1.2909
(6, 3): -0.0356, 3.0300, 1.2909
(6, 4): -0.0356, 3.0300, 1.2909
(6, 5): -0.0356, 3.0300, 1.2909
(6, 6): -0.0356, 3.0300, 1.2909
(6, 7): -0.0356, 3.0300, 1.2909
(6, 8): -0.0356, 3.0300, 1.2909
(6, 9): -0.0356, 3.0300, 1.2909
(6, 10): 0.0883, 3.0100, 4.2066
(6, 11): 0.0883, 3.0100, 4.2066
(6, 12): 0.0685, 3.0200, 2.0267
(6, 13): 0.0848, 3.0100, 3.3081
(6, 14): 0.1548, 3.0100, 6.5163
(6, 15): 0.1548, 3.0100, 6.5163
(6, 16): 0.1818, 3.0100, 9.7308
(6, 17): 0.1877, 3.0100, 9.9038
(6, 18): 0.1974, 3.0100, 9.8092
(6, 19): 0.1868, 3.0100, 10.1668
(6, 20): 0.2067, 3.0100, 10.6950
(6, 21): 0.1854, 3.0100, 10.5414
(6, 22): 0.1865, 3.0000, 10.0947
(6, 23): 0.2409, 3.0100, 10.0540
(6, 24): 0.2452, 3.0100, 9.7778
(6, 25): 0.2118, 3.0100, 10.3529
(6, 26): 0.1947, 3.0100, 10.6832
(6, 27): 0.0563, 3.0100, 4.2583
(7, 1): -0.0356, 3.0300, 1.2909
(7, 2): -0.0356, 3.0300, 1.2909
(7, 3): -0.0356, 3.0300, 1.2909
(7, 4): -0.0356, 3.0300, 1.2909
(7, 5): -0.0356, 3.0300, 1.2909
(7, 6): -0.0356, 3.0300, 1.2909
(7, 7): -0.0356, 3.0300, 1.2909
(7, 8): -0.0356, 3.0300, 1.2909
(7, 9): -0.0356, 3.0300, 1.2909
(7, 10): -0.0356, 3.0300, 1.2909
(7, 11): 0.1375, 3.0100, 3.8184
(7, 12): 0.1375, 3.0100, 3.8184
(7, 13): 0.0685, 3.0200, 2.0267
(7, 14): 0.2335, 3.0100, 8.8073
(7, 15): 0.2335, 3.0100, 8.8073
(7, 16): 0.2248, 3.0100, 9.1680
(7, 17): 0.2028, 3.0100, 9.7339
(7, 18): 0.1990, 3.0100, 9.5708
(7, 19): 0.2020, 3.0100, 10.1573
(7, 20): 0.1996, 3.0100, 10.8751
(7, 21): 0.1764, 3.0100, 10.6363
(7, 22): 0.1818, 3.0100, 11.1249
(7, 23): 0.2572, 3.0100, 10.3011
(7, 24): 0.2401, 3.0000, 10.1026
(7, 25): 0.2289, 3.0100, 10.0093
(7, 26): 0.1894, 3.0100, 10.4425
(7, 27): 0.1035, 3.0100, 7.3260
(8, 1): 0.1730, 3.0100, 5.3429
(8, 2): 0.1730, 3.0100, 5.3429
(8, 3): 0.1730, 3.0100, 5.3429
(8, 4): 0.1730, 3.0100, 5.3429
(8, 5): 0.1730, 3.0100, 5.3429
(8, 6): 0.1730, 3.0100, 5.3429
(8, 7): 0.1730, 3.0100, 5.3429
(8, 8): 0.1730, 3.0100, 5.3429
(8, 9): 0.1730, 3.0100, 5.3429
(8, 10): 0.1730, 3.0100, 5.3429
(8, 11): 0.1558, 3.0100, 5.0536
(8, 12): 0.1558, 3.0100, 5.0536
(8, 13): 0.1032, 3.0100, 3.2208
(8, 14): 0.1032, 3.0100, 3.2208
(8, 15): 0.2220, 3.0100, 9.3617
(8, 16): 0.2173, 3.0100, 9.4941
(8, 17): 0.2290, 3.0100, 9.3286
(8, 18): 0.1883, 3.0100, 9.8031
(8, 19): 0.2116, 3.0100, 10.2453
(8, 20): 0.1995, 3.0100, 10.4927
(8, 21): 0.1821, 3.0100, 10.9052
(8, 22): 0.2170, 3.0100, 11.2286
(8, 23): 0.2364, 3.0100, 10.7952
(8, 24): 0.2399, 3.0100, 10.4383
(8, 25): 0.2125, 3.0100, 10.6226
(8, 26): 0.2082, 3.0100, 10.3494
(8, 27): 0.1409, 3.0100, 6.8156
(9, 1): 0.1788, 3.0100, 5.4114
(9, 2): 0.1788, 3.0100, 5.4114
(9, 3): 0.1788, 3.0100, 5.4114
(9, 4): 0.1788, 3.0100, 5.4114
(9, 5): 0.1788, 3.0100, 5.4114
(9, 6): 0.1788, 3.0100, 5.4114
(9, 7): 0.1788, 3.0100, 5.4114
(9, 8): 0.1788, 3.0100, 5.4114
(9, 9): 0.1788, 3.0100, 5.4114
(9, 10): 0.1788, 3.0100, 5.4114
(9, 11): 0.1112, 3.0200, 1.1363
(9, 12): 0.1636, 3.0100, 5.6977
(9, 13): 0.1636, 3.0100, 5.6977
(9, 14): 0.1032, 3.0100, 3.2208
(9, 15): 0.1937, 3.0100, 8.7121
(9, 16): 0.2231, 3.0100, 9.7589
(9, 17): 0.2286, 3.0100, 9.6499
(9, 18): 0.1905, 3.0100, 10.2840
(9, 19): 0.2215, 3.0100, 10.4765
(9, 20): 0.1781, 3.0100, 10.2419
(9, 21): 0.1735, 3.0100, 11.5467
(9, 22): 0.2349, 3.0100, 11.0891
(9, 23): 0.2224, 3.0100, 11.1892
(9, 24): 0.2079, 3.0200, 11.2062
(9, 25): 0.1959, 3.0100, 10.7734
(9, 26): 0.2265, 3.0100, 10.4816
(9, 27): 0.0574, 3.0100, 2.9584
(10, 1): 0.2033, 3.0100, 5.3022
(10, 2): 0.2033, 3.0100, 5.3022
(10, 3): 0.2033, 3.0100, 5.3022
(10, 4): 0.2033, 3.0100, 5.3022
(10, 5): 0.2033, 3.0100, 5.3022
(10, 6): 0.2033, 3.0100, 5.3022
(10, 7): 0.2033, 3.0100, 5.3022
(10, 8): 0.2033, 3.0100, 5.3022
(10, 9): 0.2033, 3.0100, 5.3022
(10, 10): 0.2033, 3.0100, 5.3022
(10, 11): 0.1174, 3.0100, 2.3474
(10, 12): 0.1636, 3.0100, 5.6977
(10, 13): 0.1329, 3.0100, 3.0367
(10, 14): 0.2138, 3.0100, 0.8465
(10, 15): 0.1729, 3.0100, 8.9100
(10, 16): 0.1765, 3.0100, 9.7495
(10, 17): 0.1578, 3.0100, 10.2378
(10, 18): 0.1805, 3.0100, 10.3433
(10, 19): 0.2097, 3.0100, 9.6108
(10, 20): 0.1655, 3.0100, 10.0656
(10, 21): 0.2086, 3.0100, 10.8701
(10, 22): 0.2278, 3.0100, 10.8084
(10, 23): 0.1954, 3.0100, 11.4213
(10, 24): 0.1617, 3.0100, 11.4769
(10, 25): 0.1937, 3.0100, 11.1351
(10, 26): 0.2255, 3.0100, 10.5420
(10, 27): 0.2255, 3.0100, 10.5420
(11, 1): 0.0316, 3.0100, 2.7351
(11, 2): 0.2087, 3.0100, 6.9304
(11, 3): 0.2087, 3.0100, 6.9304
(11, 4): 0.2087, 3.0100, 6.9304
(11, 5): 0.2087, 3.0100, 6.9304
(11, 6): 0.2087, 3.0100, 6.9304
(11, 7): 0.2087, 3.0100, 6.9304
(11, 8): 0.2087, 3.0100, 6.9304
(11, 9): 0.2087, 3.0100, 6.9304
(11, 10): 0.2087, 3.0100, 6.9304
(11, 11): 0.2428, 3.0100, 8.4061
(11, 12): 0.2364, 3.0100, 8.5892
(11, 13): 0.1329, 3.0100, 3.0367
(11, 14): 0.1329, 3.0100, 3.0367
(11, 15): 0.1729, 3.0100, 8.9100
(11, 16): 0.0673, 3.0100, 1.8510
(11, 17): 0.1737, 3.0100, 9.7131
(11, 18): 0.1908, 3.0100, 10.0884
(11, 19): 0.1653, 3.0100, 9.6891
(11, 20): 0.1680, 3.0100, 9.9030
(11, 21): 0.2138, 3.0100, 10.1632
(11, 22): 0.1935, 3.0100, 10.6491
(11, 23): 0.1653, 3.0100, 10.7410
(11, 24): 0.1795, 3.0100, 11.0916
(11, 25): 0.1780, 3.0100, 11.4317
(11, 26): 0.1820, 3.0100, 11.0815
(11, 27): 0.1820, 3.0100, 11.0815
(12, 1): 0.0316, 3.0100, 2.7351
(12, 2): 0.0316, 3.0100, 2.7351
(12, 3): 0.0316, 3.0100, 2.7351
(12, 4): 0.0316, 3.0100, 2.7351
(12, 5): 0.2250, 3.0000, 8.4968
(12, 6): 0.2250, 3.0000, 8.4968
(12, 7): 0.2250, 3.0000, 8.4968
(12, 8): 0.2250, 3.0000, 8.4968
(12, 9): 0.2250, 3.0000, 8.4968
(12, 10): 0.2250, 3.0000, 8.4968
(12, 11): 0.2302, 3.0100, 8.7847
(12, 12): 0.2110, 3.0100, 9.1031
(12, 13): 0.1512, 3.0100, 7.6435
(12, 14): 0.1145, 3.0100, 4.9797
(12, 15): 0.1145, 3.0100, 4.9797
(12, 16): 0.1431, 3.0100, 2.7607
(12, 17): 0.1515, 3.0100, 9.4497
(12, 18): 0.1729, 3.0200, 9.7060
(12, 19): 0.1353, 3.0100, 9.5820
(12, 20): 0.2109, 3.0100, 9.6469
(12, 21): 0.1741, 3.0100, 10.5472
(12, 22): 0.1557, 3.0100, 11.0736
(12, 23): 0.1420, 3.0100, 11.2180
(12, 24): 0.1678, 3.0100, 9.8445
(12, 25): 0.0487, 3.0100, 3.8175
(12, 26): 0.0421, 3.0100, 3.8305
(12, 27): 0.0421, 3.0100, 3.8305
(13, 1): 0.0316, 3.0100, 2.7351
(13, 2): 0.0316, 3.0100, 2.7351
(13, 3): 0.0316, 3.0100, 2.7351
(13, 4): 0.0316, 3.0100, 2.7351
(13, 5): 0.0316, 3.0100, 2.7351
(13, 6): 0.0316, 3.0100, 2.7351
(13, 7): 0.0316, 3.0100, 2.7351
(13, 8): 0.2350, 3.0100, 8.9454
(13, 9): 0.2350, 3.0100, 8.9454
(13, 10): 0.2350, 3.0100, 8.9454
(13, 11): 0.2192, 3.0100, 9.4829
(13, 12): 0.1691, 3.0100, 9.3406
(13, 13): 0.1260, 3.0100, 8.2061
(13, 14): 0.1725, 3.0100, 1.5489
(13, 15): 0.1725, 3.0100, 1.5489
(13, 16): 0.0416, 3.0100, 1.5986
(13, 17): 0.1224, 3.0100, 7.7230
(13, 18): 0.1258, 3.0100, 8.8333
(13, 19): 0.1577, 3.0100, 10.0579
(13, 20): 0.1697, 3.0100, 10.4834
(13, 21): 0.1540, 3.0100, 10.6614
(13, 22): 0.1369, 3.0100, 11.1300
(13, 23): 0.1454, 3.0100, 11.3028
(13, 24): 0.1574, 3.0100, 9.5575
(13, 25): -0.0019, 3.0100, 1.1622
(13, 26): 0.0421, 3.0100, 3.8305
(13, 27): 0.1127, 3.0100, 0.9199
(14, 1): 0.0316, 3.0100, 2.7351
(14, 2): 0.0316, 3.0100, 2.7351
(14, 3): 0.0316, 3.0100, 2.7351
(14, 4): 0.0316, 3.0100, 2.7351
(14, 5): 0.0316, 3.0100, 2.7351
(14, 6): 0.0316, 3.0100, 2.7351
(14, 7): 0.0316, 3.0100, 2.7351
(14, 8): 0.0316, 3.0100, 2.7351
(14, 9): 0.2299, 3.0100, 9.3151
(14, 10): 0.2299, 3.0100, 9.3151
(14, 11): 0.1974, 3.0100, 9.5380
(14, 12): 0.1817, 3.0100, 9.3115
(14, 13): 0.1713, 3.0100, 0.9064
(14, 14): 0.1725, 3.0100, 1.5489
(14, 15): -0.2666, 3.0100, 1.5145
(14, 16): 0.1335, 3.0100, 8.4453
(14, 17): 0.1444, 3.0100, 10.5063
(14, 18): 0.1692, 3.0100, 9.7277
(14, 19): 0.1650, 3.0100, 10.7678
(14, 20): 0.1528, 3.0100, 10.8100
(14, 21): 0.1577, 3.0100, 10.3015
(14, 22): 0.1195, 3.0100, 11.4094
(14, 23): 0.1554, 3.0100, 10.7853
(14, 24): 0.1427, 3.0200, 10.0228
(14, 25): 0.0813, 3.0100, 6.2295
(14, 26): 0.1024, 3.0100, 6.5265
(14, 27): 0.1127, 3.0100, 0.9199
(15, 1): -0.1026, 3.0100, 1.0780
(15, 2): -0.1026, 3.0100, 1.0780
(15, 3): -0.1026, 3.0100, 1.0780
(15, 4): 0.0316, 3.0100, 2.7351
(15, 5): 0.0316, 3.0100, 2.7351
(15, 6): 0.0316, 3.0100, 2.7351
(15, 7): 0.0316, 3.0100, 2.7351
(15, 8): 0.0316, 3.0100, 2.7351
(15, 9): 0.0316, 3.0100, 2.7351
(15, 10): 0.2425, 3.0100, 9.0417
(15, 11): 0.1908, 3.0000, 9.6551
(15, 12): 0.1654, 3.0100, 10.2009
(15, 13): 0.0760, 3.0100, 3.9854
(15, 14): 0.0058, 3.0100, 1.2666
(15, 15): 0.1751, 3.0100, 8.2690
(15, 16): 0.1543, 3.0100, 10.2120
(15, 17): 0.1421, 3.0100, 9.9809
(15, 18): 0.1780, 3.0100, 8.8994
(15, 19): 0.1907, 3.0100, 10.3804
(15, 20): 0.1689, 3.0100, 10.4193
(15, 21): 0.1249, 3.0100, 10.8413
(15, 22): 0.1100, 3.0100, 11.1539
(15, 23): 0.1121, 3.0100, 10.8878
(15, 24): 0.1281, 3.0100, 10.8427
(15, 25): 0.1332, 3.0100, 11.0047
(15, 26): 0.1207, 3.0100, 11.0499
(15, 27): 0.0966, 3.0100, 7.0934
(16, 1): 0.0179, 3.0100, 2.8242
(16, 2): -0.1026, 3.0100, 1.0780
(16, 3): -0.1026, 3.0100, 1.0780
(16, 4): -0.1026, 3.0100, 1.0780
(16, 5): -0.1026, 3.0100, 1.0780
(16, 6): -0.1026, 3.0100, 1.0780
(16, 7): 0.0886, 3.0100, 3.9360
(16, 8): 0.0886, 3.0100, 3.9360
(16, 9): 0.0886, 3.0100, 3.9360
(16, 10): 0.2082, 3.0100, 9.3320
(16, 11): 0.2127, 3.0100, 9.3551
(16, 12): 0.1742, 3.0100, 9.4570
(16, 13): 0.0644, 3.0100, 4.0148
(16, 14): 0.1590, 3.0100, 9.7600
(16, 15): 0.1935, 3.0100, 9.8093
(16, 16): 0.1591, 3.0100, 9.1440
(16, 17): 0.1467, 3.0100, 8.6800
(16, 18): 0.1798, 3.0100, 10.6251
(16, 19): 0.1673, 3.0100, 10.8533
(16, 20): 0.1445, 3.0000, 10.5430
(16, 21): 0.0984, 3.0100, 11.1754
(16, 22): 0.0947, 3.0100, 11.1679
(16, 23): 0.0968, 3.0100, 11.1731
(16, 24): 0.1218, 3.0100, 10.9377
(16, 25): 0.1140, 3.0100, 11.5862
(16, 26): 0.1367, 3.0100, 10.8927
(16, 27): 0.0884, 3.0200, 6.5445
(17, 1): 0.0179, 3.0100, 2.8242
(17, 2): 0.0179, 3.0100, 2.8242
(17, 3): 0.0503, 3.0100, 2.7886
(17, 4): -0.1026, 3.0100, 1.0780
(17, 5): -0.1026, 3.0100, 1.0780
(17, 6): -0.1026, 3.0100, 1.0780
(17, 7): -0.1026, 3.0100, 1.0780
(17, 8): 0.1582, 3.0000, 7.2379
(17, 9): 0.1582, 3.0000, 7.2379
(17, 10): 0.1950, 3.0100, 9.4948
(17, 11): 0.1776, 3.0100, 9.8211
(17, 12): 0.1682, 3.0100, 9.9915
(17, 13): 0.1150, 3.0100, 9.0556
(17, 14): 0.1183, 3.0100, 8.6308
(17, 15): 0.1535, 3.0100, 9.3889
(17, 16): 0.1395, 3.0100, 9.5820
(17, 17): 0.1581, 3.0100, 10.7625
(17, 18): 0.1397, 3.0100, 11.4668
(17, 19): 0.1391, 3.0100, 11.6672
(17, 20): 0.1170, 3.0100, 11.3387
(17, 21): 0.0925, 3.0100, 11.3425
(17, 22): 0.0927, 3.0100, 11.1926
(17, 23): 0.1229, 3.0100, 11.0049
(17, 24): 0.1261, 3.0100, 11.0071
(17, 25): 0.1240, 3.0100, 11.8427
(17, 26): 0.1050, 3.0100, 9.9444
(17, 27): 0.1050, 3.0100, 9.9444
(18, 1): 0.0179, 3.0100, 2.8242
(18, 2): 0.0179, 3.0100, 2.8242
(18, 3): 0.0179, 3.0100, 2.8242
(18, 4): 0.0503, 3.0100, 2.7886
(18, 5): 0.0503, 3.0100, 2.7886
(18, 6): -0.1026, 3.0100, 1.0780
(18, 7): -0.1026, 3.0100, 1.0780
(18, 8): -0.1026, 3.0100, 1.0780
(18, 9): 0.2201, 3.0100, 8.9268
(18, 10): 0.1717, 3.0100, 9.8725
(18, 11): 0.1707, 3.0100, 9.8525
(18, 12): 0.1536, 3.0100, 10.0127
(18, 13): 0.1428, 3.0100, 10.3215
(18, 14): 0.1537, 3.0100, 10.6646
(18, 15): 0.1552, 3.0100, 10.7229
(18, 16): 0.1597, 3.0000, 10.7234
(18, 17): 0.1515, 3.0100, 10.9317
(18, 18): 0.1464, 3.0100, 11.4348
(18, 19): 0.1239, 3.0100, 12.1893
(18, 20): 0.1253, 3.0100, 11.4696
(18, 21): 0.1172, 3.0100, 11.1495
(18, 22): 0.0993, 3.0100, 11.4731
(18, 23): 0.1012, 3.0100, 11.3369
(18, 24): 0.1076, 3.0100, 11.8467
(18, 25): 0.1222, 3.0200, 10.1437
(18, 26): 0.0599, 3.0100, 2.6534
(18, 27): 0.0599, 3.0100, 2.6534
(19, 1): 0.0179, 3.0100, 2.8242
(19, 2): 0.0179, 3.0100, 2.8242
(19, 3): 0.0179, 3.0100, 2.8242
(19, 4): 0.0179, 3.0100, 2.8242
(19, 5): 0.0503, 3.0100, 2.7886
(19, 6): 0.0503, 3.0100, 2.7886
(19, 7): 0.1020, 3.0100, 6.1485
(19, 8): 0.1020, 3.0100, 6.1485
(19, 9): 0.1596, 3.0100, 10.5104
(19, 10): 0.1659, 3.0200, 10.0155
(19, 11): 0.1710, 3.0100, 9.8994
(19, 12): 0.1610, 3.0200, 9.9015
(19, 13): 0.1552, 3.0100, 10.1577
(19, 14): 0.1431, 3.0100, 10.9090
(19, 15): 0.1542, 3.0100, 10.9393
(19, 16): 0.1226, 3.0100, 11.3723
(19, 17): 0.1483, 2.9999, 10.8849
(19, 18): 0.1073, 3.0100, 12.0962
(19, 19): 0.0982, 3.0100, 12.4879
(19, 20): 0.0996, 3.0100, 12.2913
(19, 21): 0.1008, 3.0100, 11.8423
(19, 22): 0.1422, 3.0100, 10.7820
(19, 23): 0.1167, 3.0100, 11.2432
(19, 24): 0.1009, 3.0100, 11.3319
(19, 25): 0.0443, 3.0100, 7.2500
(19, 26): -0.0103, 3.0100, 0.8934
(19, 27): -0.0103, 3.0100, 0.8934
(20, 1): 0.0223, 3.0100, 3.4271
(20, 2): 0.0179, 3.0100, 2.8242
(20, 3): 0.0179, 3.0100, 2.8242
(20, 4): 0.0179, 3.0100, 2.8242
(20, 5): 0.0179, 3.0100, 2.8242
(20, 6): 0.0503, 3.0100, 2.7886
(20, 7): 0.0503, 3.0100, 2.7886
(20, 8): 0.1990, 3.0100, 10.5859
(20, 9): 0.1553, 3.0200, 10.6839
(20, 10): 0.1615, 3.0100, 10.1422
(20, 11): 0.1676, 3.0100, 9.9478
(20, 12): 0.1443, 3.0100, 10.0509
(20, 13): 0.1454, 3.0100, 10.1055
(20, 14): 0.1332, 3.0100, 10.9480
(20, 15): 0.1317, 3.0100, 11.0159
(20, 16): 0.1672, 3.0100, 10.4177
(20, 17): 0.1307, 3.0100, 10.9413
(20, 18): 0.1192, 3.0100, 11.5232
(20, 19): 0.1258, 3.0100, 11.7957
(20, 20): 0.1170, 3.0100, 11.5857
(20, 21): 0.1312, 3.0100, 10.6122
(20, 22): 0.1186, 3.0100, 10.6246
(20, 23): 0.0922, 3.0100, 11.4890
(20, 24): 0.0979, 3.0100, 11.9659
(20, 25): 0.1133, 3.0100, 10.8451
(20, 26): 0.0604, 3.0100, 2.4497
(20, 27): 0.0604, 3.0100, 2.4497
(21, 1): 0.0689, 3.0100, 2.3940
(21, 2): 0.0223, 3.0100, 3.4271
(21, 3): 0.0223, 3.0100, 3.4271
(21, 4): 0.0179, 3.0100, 2.8242
(21, 5): 0.0179, 3.0100, 2.8242
(21, 6): 0.0179, 3.0100, 2.8242
(21, 7): 0.1625, 3.0100, 9.5437
(21, 8): 0.1961, 3.0100, 9.8338
(21, 9): 0.1713, 3.0100, 10.4294
(21, 10): 0.1587, 3.0100, 10.3100
(21, 11): 0.1386, 3.0100, 10.3776
(21, 12): 0.1263, 3.0100, 10.4638
(21, 13): 0.1441, 3.0100, 10.5452
(21, 14): 0.1365, 3.0100, 10.8633
(21, 15): 0.1268, 3.0100, 10.7402
(21, 16): 0.1304, 3.0100, 10.2796
(21, 17): 0.1244, 3.0100, 10.5594
(21, 18): 0.1146, 3.0100, 10.8054
(21, 19): 0.1043, 3.0100, 11.2422
(21, 20): 0.1107, 3.0100, 10.9054
(21, 21): 0.1108, 3.0100, 8.8954
(21, 22): 0.1072, 3.0100, 9.6129
(21, 23): 0.1136, 3.0100, 9.8774
(21, 24): 0.0551, 3.0100, 5.6427
(21, 25): 0.0551, 3.0100, 5.6427
(21, 26): 0.0604, 3.0100, 2.4497
(21, 27): 0.0604, 3.0100, 2.4497
(22, 1): 0.0689, 3.0100, 2.3940
(22, 2): 0.0689, 3.0100, 2.3940
(22, 3): 0.0223, 3.0100, 3.4271
(22, 4): 0.0223, 3.0100, 3.4271
(22, 5): 0.0922, 3.0100, 7.5316
(22, 6): 0.0922, 3.0100, 7.5316
(22, 7): 0.1500, 3.0100, 10.2817
(22, 8): 0.1404, 3.0100, 10.3872
(22, 9): 0.1701, 3.0100, 10.3172
(22, 10): 0.1474, 3.0100, 10.7631
(22, 11): 0.1213, 3.0100, 11.2845
(22, 12): 0.1330, 3.0100, 10.6831
(22, 13): 0.1460, 3.0100, 10.7371
(22, 14): 0.1353, 3.0100, 10.7215
(22, 15): 0.1223, 3.0100, 10.6201
(22, 16): 0.1092, 3.0100, 10.8166
(22, 17): 0.1003, 3.0100, 10.9929
(22, 18): 0.0979, 3.0100, 11.1203
(22, 19): 0.1097, 3.0100, 11.3209
(22, 20): 0.0734, 3.0200, 9.1884
(22, 21): 0.1477, 3.0100, 1.5258
(22, 22): 0.1072, 3.0100, 9.6129
(22, 23): 0.1136, 3.0100, 9.8774
(22, 24): 0.0551, 3.0100, 5.6427
(22, 25): 0.0551, 3.0100, 5.6427
(22, 26): 0.0604, 3.0100, 2.4497
(22, 27): 0.0604, 3.0100, 2.4497
(23, 1): 0.0689, 3.0100, 2.3940
(23, 2): 0.0689, 3.0100, 2.3940
(23, 3): 0.0689, 3.0100, 2.3940
(23, 4): 0.0223, 3.0100, 3.4271
(23, 5): 0.0223, 3.0100, 3.4271
(23, 6): 0.0768, 3.0100, 6.8139
(23, 7): 0.1060, 3.0100, 8.3448
(23, 8): 0.1321, 3.0100, 10.5808
(23, 9): 0.1544, 3.0100, 10.7905
(23, 10): 0.1328, 3.0000, 10.7123
(23, 11): 0.1471, 3.0100, 10.7654
(23, 12): 0.1391, 3.0100, 10.7606
(23, 13): 0.1543, 3.0100, 10.4336
(23, 14): 0.1223, 3.0100, 10.7194
(23, 15): 0.1194, 3.0100, 10.7661
(23, 16): 0.1534, 3.0100, 10.6249
(23, 17): 0.1423, 3.0100, 10.7169
(23, 18): 0.1422, 3.0100, 10.8296
(23, 19): 0.1344, 3.0100, 11.1959
(23, 20): 0.1155, 3.0100, 9.8319
(23, 21): 0.1477, 3.0100, 1.5258
(23, 22): 0.1477, 3.0100, 1.5258
(23, 23): 0.1136, 3.0100, 9.8774
(23, 24): 0.0551, 3.0100, 5.6427
(23, 25): 0.0551, 3.0100, 5.6427
(23, 26): 0.0551, 3.0100, 5.6427
(23, 27): 0.0604, 3.0100, 2.4497
(24, 1): 0.2764, 3.0100, 0.7767
(24, 2): 0.0689, 3.0100, 2.3940
(24, 3): 0.0689, 3.0100, 2.3940
(24, 4): 0.0689, 3.0100, 2.3940
(24, 5): 0.0780, 3.0100, 4.4177
(24, 6): 0.0193, 3.0100, 4.9777
(24, 7): 0.1237, 3.0100, 9.7053
(24, 8): 0.0990, 3.0100, 7.4335
(24, 9): 0.1326, 3.0100, 9.0709
(24, 10): 0.1063, 3.0100, 9.0252
(24, 11): 0.1695, 3.0200, 10.2127
(24, 12): 0.1491, 3.0100, 10.6360
(24, 13): 0.1383, 3.0100, 10.5807
(24, 14): 0.1660, 3.0100, 10.0951
(24, 15): 0.1527, 3.0100, 10.3188
(24, 16): 0.1231, 3.0100, 11.3220
(24, 17): 0.1114, 3.0100, 11.5427
(24, 18): 0.1397, 3.0100, 11.2234
(24, 19): 0.1557, 3.0100, 11.2675
(24, 20): 0.1847, 3.0100, 10.7638
(24, 21): 0.1257, 3.0100, 7.0718
(24, 22): 0.1030, 3.0100, 4.9242
(24, 23): 0.1030, 3.0100, 4.9242
(24, 24): 0.1030, 3.0100, 4.9242
(24, 25): 0.1030, 3.0100, 4.9242
(24, 26): 0.0551, 3.0100, 5.6427
(24, 27): 0.0604, 3.0100, 2.4497
(25, 1): 0.2764, 3.0100, 0.7767
(25, 2): 0.2764, 3.0100, 0.7767
(25, 3): 0.0683, 3.0100, 4.8412
(25, 4): 0.1042, 3.0000, 6.1798
(25, 5): 0.1080, 3.0100, 7.5732
(25, 6): 0.1226, 3.0100, 9.4533
(25, 7): 0.0573, 3.0100, 5.6066
(25, 8): 0.1274, 3.0100, 8.8357
(25, 9): 0.1571, 3.0100, 9.8073
(25, 10): 0.1338, 3.0100, 10.4216
(25, 11): 0.1528, 3.0100, 10.9908
(25, 12): 0.1360, 3.0100, 11.1545
(25, 13): 0.1538, 3.0000, 10.4508
(25, 14): 0.1488, 3.0100, 10.6773
(25, 15): 0.1389, 3.0100, 10.9864
(25, 16): 0.1074, 3.0100, 11.6275
(25, 17): 0.1509, 3.0100, 11.0321
(25, 18): 0.1629, 3.0100, 10.8362
(25, 19): 0.1689, 3.0100, 10.7820
(25, 20): 0.1648, 3.0100, 10.7463
(25, 21): 0.1615, 3.0100, 10.8171
(25, 22): 0.1030, 3.0100, 4.9242
(25, 23): 0.1030, 3.0100, 4.9242
(25, 24): 0.1030, 3.0100, 4.9242
(25, 25): 0.1030, 3.0100, 4.9242
(25, 26): 0.1030, 3.0100, 4.9242
(25, 27): 0.1030, 3.0100, 4.9242
(26, 1): 0.2764, 3.0100, 0.7767
(26, 2): 0.2764, 3.0100, 0.7767
(26, 3): 0.0683, 3.0100, 4.8412
(26, 4): 0.0946, 3.0100, 6.6321
(26, 5): 0.0675, 3.0100, 6.4090
(26, 6): 0.0830, 3.0200, 5.3902
(26, 7): 0.1505, 3.0100, 8.8820
(26, 8): 0.1582, 3.0100, 10.2341
(26, 9): 0.1277, 3.0100, 10.5393
(26, 10): 0.1250, 3.0100, 10.6395
(26, 11): 0.1107, 3.0100, 11.8243
(26, 12): 0.1557, 3.0100, 10.9071
(26, 13): 0.1800, 3.0100, 10.3075
(26, 14): 0.1352, 3.0100, 11.2158
(26, 15): 0.1440, 3.0100, 11.3345
(26, 16): 0.1485, 3.0100, 11.3858
(26, 17): 0.1727, 3.0100, 10.8913
(26, 18): 0.1651, 3.0100, 10.8657
(26, 19): 0.1470, 3.0100, 11.0008
(26, 20): 0.1616, 3.0100, 10.6019
(26, 21): 0.1517, 3.0100, 10.8401
(26, 22): 0.1139, 3.0100, 8.9223
(26, 23): 0.1139, 3.0100, 8.9223
(26, 24): 0.1139, 3.0100, 8.9223
(26, 25): 0.1139, 3.0100, 8.9223
(26, 26): 0.1139, 3.0100, 8.9223
(26, 27): 0.1139, 3.0100, 8.9223
(27, 1): 0.0822, 3.0100, 4.6536
(27, 2): 0.0822, 3.0100, 4.6536
(27, 3): 0.1620, 3.0100, 9.9270
(27, 4): 0.1490, 3.0100, 10.8128
(27, 5): 0.1429, 3.0100, 11.1551
(27, 6): 0.1240, 3.0100, 9.0019
(27, 7): 0.0427, 3.0100, 4.0858
(27, 8): 0.1217, 3.0000, 8.9685
(27, 9): 0.1171, 3.0100, 8.4789
(27, 10): 0.0812, 3.0000, 8.8525
(27, 11): 0.1075, 3.0100, 9.0987
(27, 12): 0.0637, 3.0100, 5.8391
(27, 13): 0.1195, 3.0100, 9.6025
(27, 14): 0.1209, 3.0100, 7.7457
(27, 15): 0.1642, 3.0100, 11.3404
(27, 16): 0.1713, 3.0100, 11.0994
(27, 17): 0.1676, 3.0100, 10.8671
(27, 18): 0.1508, 3.0100, 10.7805
(27, 19): 0.1372, 3.0100, 10.7861
(27, 20): 0.1378, 3.0100, 11.0984
(27, 21): 0.1636, 3.0100, 10.7288
(27, 22): 0.1308, 3.0100, 8.8662
(27, 23): 0.1308, 3.0100, 8.8662
(27, 24): 0.1308, 3.0100, 8.8662
(27, 25): 0.1308, 3.0100, 8.8662
(27, 26): 0.1308, 3.0100, 8.8662
(27, 27): 0.1308, 3.0100, 8.8662
(28, 1): -0.1356, 3.0200, 1.3162
(28, 2): -0.1356, 3.0200, 1.3162
(28, 3): 0.1146, 3.0100, 5.3669
(28, 4): 0.1199, 3.0100, 5.4612
(28, 5): 0.1445, 3.0100, 8.8789
(28, 6): 0.0829, 3.0100, 5.4819
(28, 7): 0.0768, 3.0100, 5.5202
(28, 8): 0.1232, 3.0100, 7.5849
(28, 9): 0.0900, 3.0100, 6.3343
(28, 10): 0.0812, 3.0000, 8.8525
(28, 11): 0.1075, 3.0100, 9.0987
(28, 12): 0.0637, 3.0100, 5.8391
(28, 13): 0.1066, 3.0100, 2.6981
(28, 14): 0.1066, 3.0100, 2.6981
(28, 15): 0.1514, 3.0100, 11.0699
(28, 16): 0.1545, 3.0100, 11.3672
(28, 17): 0.1325, 3.0100, 11.3365
(28, 18): 0.1524, 3.0100, 10.8933
(28, 19): 0.1526, 3.0100, 10.8570
(28, 20): 0.1658, 3.0100, 10.6490
(28, 21): 0.1911, 3.0100, 10.2483
(28, 22): 0.0883, 3.0100, 4.9453
(28, 23): 0.0883, 3.0100, 4.9453
(28, 24): 0.0883, 3.0100, 4.9453
(28, 25): 0.0883, 3.0100, 4.9453
(28, 26): 0.0883, 3.0100, 4.9453
(28, 27): 0.0883, 3.0100, 4.9453
(29, 1): 0.1963, 3.0100, 9.4866
(29, 2): 0.1963, 3.0100, 9.4866
(29, 3): 0.1859, 3.0100, 10.4606
(29, 4): 0.1620, 3.0100, 9.5018
(29, 5): 0.1226, 3.0100, 8.4451
(29, 6): 0.1585, 3.0100, 10.6860
(29, 7): 0.1420, 3.0100, 8.9175
(29, 8): 0.1232, 3.0100, 0.9981
(29, 9): 0.0900, 3.0100, 6.3343
(29, 10): 0.0900, 3.0100, 6.3343
(29, 11): 0.1075, 3.0100, 9.0987
(29, 12): 0.0637, 3.0100, 5.8391
(29, 13): 0.1066, 3.0100, 2.6981
(29, 14): 0.1066, 3.0100, 2.6981
(29, 15): 0.0308, 3.0100, 2.1899
(29, 16): 0.0812, 3.0100, 5.3082
(29, 17): 0.0681, 3.0200, 1.0853
(29, 18): 0.1360, 3.0100, 8.8492
(29, 19): 0.1575, 2.9989, 11.2067
(29, 20): 0.1800, 3.0100, 10.0255
(29, 21): 0.1781, 3.0100, 10.1143
(29, 22): 0.1096, 3.0100, 2.4854
(29, 23): 0.1096, 3.0100, 2.4854
(29, 24): 0.1096, 3.0100, 2.4854
(29, 25): 0.1096, 3.0100, 2.4854
(29, 26): 0.1096, 3.0100, 2.4854
(29, 27): 0.1096, 3.0100, 2.4854
(30, 1): 0.1009, 3.0100, 6.8401
(30, 2): 0.1009, 3.0100, 6.8401
(30, 3): 0.1430, 3.0100, 3.0438
(30, 4): 0.0512, 3.0100, 2.8328
(30, 5): 0.1484, 3.0100, 9.6629
(30, 6): 0.1130, 3.0100, 9.3543
(30, 7): 0.0147, 3.0100, 2.9998
(30, 8): 0.1232, 3.0100, 0.9981
(30, 9): 0.1232, 3.0100, 0.9981
(30, 10): 0.0900, 3.0100, 6.3343
(30, 11): 0.0900, 3.0100, 6.3343
(30, 12): 0.1066, 3.0100, 2.6981
(30, 13): 0.1066, 3.0100, 2.6981
(30, 14): 0.0308, 3.0100, 2.1899
(30, 15): 0.0308, 3.0100, 2.1899
(30, 16): 0.0812, 3.0100, 5.3082
(30, 17): 0.0681, 3.0200, 1.0853
(30, 18): 0.0581, 3.0100, 2.8760
(30, 19): 0.0581, 3.0100, 2.8760
(30, 20): 0.1454, 3.0100, 9.3743
(30, 21): 0.1818, 3.0100, 9.7003
(30, 22): 0.0955, 3.0100, 3.3216
(30, 23): 0.0955, 3.0100, 3.3216
(30, 24): 0.0955, 3.0100, 3.3216
(30, 25): 0.0955, 3.0100, 3.3216
(30, 26): 0.0955, 3.0100, 3.3216
(30, 27): 0.0955, 3.0100, 3.3216
(31, 1): 0.1009, 3.0100, 6.8401
(31, 2): 0.1009, 3.0100, 6.8401
(31, 3): 0.1430, 3.0100, 3.0438
(31, 4): 0.0512, 3.0100, 2.8328
(31, 5): 0.1484, 3.0100, 9.6629
(31, 6): 0.1130, 3.0100, 9.3543
(31, 7): 0.0147, 3.0100, 2.9998
(31, 8): 0.0147, 3.0100, 2.9998
(31, 9): 0.1232, 3.0100, 0.9981
(31, 10): 0.1232, 3.0100, 0.9981
(31, 11): 0.0900, 3.0100, 6.3343
(31, 12): 0.1066, 3.0100, 2.6981
(31, 13): 0.0308, 3.0100, 2.1899
(31, 14): 0.0308, 3.0100, 2.1899
(31, 15): 0.0308, 3.0100, 2.1899
(31, 16): 0.0812, 3.0100, 5.3082
(31, 17): 0.0681, 3.0200, 1.0853
(31, 18): 0.0160, 3.0100, 2.2611
(31, 19): 0.0160, 3.0100, 2.2611
(31, 20): 0.1390, 3.0100, 10.7569
(31, 21): 0.0983, 3.0100, 2.7745
(31, 22): 0.0983, 3.0100, 2.7745
(31, 23): 0.0910, 3.0100, 2.1554
(31, 24): 0.0910, 3.0100, 2.1554
(31, 25): 0.0910, 3.0100, 2.1554
(31, 26): 0.0910, 3.0100, 2.1554
(31, 27): 0.0910, 3.0100, 2.1554
(32, 1): 0.1009, 3.0100, 6.8401
(32, 2): 0.1009, 3.0100, 6.8401
(32, 3): 0.1430, 3.0100, 3.0438
(32, 4): 0.0512, 3.0100, 2.8328
(32, 5): 0.1484, 3.0100, 9.6629
(32, 6): 0.1130, 3.0100, 9.3543
(32, 7): 0.0147, 3.0100, 2.9998
(32, 8): 0.0147, 3.0100, 2.9998
(32, 9): 0.0147, 3.0100, 2.9998
(32, 10): 0.1232, 3.0100, 0.9981
(32, 11): 0.1232, 3.0100, 0.9981
(32, 12): 0.0308, 3.0100, 2.1899
(32, 13): 0.0308, 3.0100, 2.1899
(32, 14): 0.0308, 3.0100, 2.1899
(32, 15): 0.0308, 3.0100, 2.1899
(32, 16): 0.0812, 3.0100, 5.3082
(32, 17): 0.0422, 3.0100, 3.2754
(32, 18): 0.0422, 3.0100, 3.2754
(32, 19): 0.0422, 3.0100, 3.2754
(32, 20): 0.1651, 3.0100, 12.7485
(32, 21): 0.1525, 3.0100, 8.4654
(32, 22): 0.0910, 3.0100, 2.1554
(32, 23): 0.0910, 3.0100, 2.1554
(32, 24): 0.0910, 3.0100, 2.1554
(32, 25): 0.0910, 3.0100, 2.1554
(32, 26): 0.0910, 3.0100, 2.1554
(32, 27): 0.0910, 3.0100, 2.1554
(33, 1): 0.1009, 3.0100, 6.8401
(33, 2): 0.1009, 3.0100, 6.8401
(33, 3): 0.1430, 3.0100, 3.0438
(33, 4): 0.0512, 3.0100, 2.8328
(33, 5): 0.1484, 3.0100, 9.6629
(33, 6): 0.1130, 3.0100, 9.3543
(33, 7): 0.0147, 3.0100, 2.9998
(33, 8): 0.0147, 3.0100, 2.9998
(33, 9): 0.0147, 3.0100, 2.9998
(33, 10): 0.0147, 3.0100, 2.9998
(33, 11): 0.1232, 3.0100, 0.9981
(33, 12): 0.0308, 3.0100, 2.1899
(33, 13): 0.0308, 3.0100, 2.1899
(33, 14): 0.0308, 3.0100, 2.1899
(33, 15): 0.0308, 3.0100, 2.1899
(33, 16): 0.1404, 3.0100, 8.1728
(33, 17): 0.1404, 3.0100, 8.1728
(33, 18): 0.1404, 3.0100, 8.1728
(33, 19): 0.1404, 3.0100, 8.1728
(33, 20): 0.1760, 3.0100, 12.8375
(33, 21): 0.2279, 3.0100, 11.8746
(33, 22): 0.1325, 3.0100, 5.6273
(33, 23): 0.1325, 3.0100, 5.6273
(33, 24): 0.1325, 3.0100, 5.6273
(33, 25): 0.1325, 3.0100, 5.6273
(33, 26): 0.1325, 3.0100, 5.6273
(33, 27): 0.1325, 3.0100, 5.6273
(34, 1): 0.1009, 3.0100, 6.8401
(34, 2): 0.1009, 3.0100, 6.8401
(34, 3): 0.1430, 3.0100, 3.0438
(34, 4): 0.0512, 3.0100, 2.8328
(34, 5): 0.1484, 3.0100, 9.6629
(34, 6): 0.1130, 3.0100, 9.3543
(34, 7): 0.0147, 3.0100, 2.9998
(34, 8): 0.0147, 3.0100, 2.9998
(34, 9): 0.0147, 3.0100, 2.9998
(34, 10): 0.0147, 3.0100, 2.9998
(34, 11): 0.0147, 3.0100, 2.9998
(34, 12): 0.0308, 3.0100, 2.1899
(34, 13): 0.0308, 3.0100, 2.1899
(34, 14): 0.1133, 3.0100, 7.1829
(34, 15): 0.1133, 3.0100, 7.1829
(34, 16): 0.1133, 3.0100, 7.1829
(34, 17): 0.1133, 3.0100, 7.1829
(34, 18): 0.1133, 3.0100, 7.1829
(34, 19): 0.1133, 3.0100, 7.1829
(34, 20): 0.1945, 3.0100, 12.2835
(34, 21): 0.2296, 3.0100, 11.6222
(34, 22): 0.1089, 3.0100, 2.4415
(34, 23): 0.1089, 3.0100, 2.4415
(34, 24): 0.1089, 3.0100, 2.4415
(34, 25): 0.1089, 3.0100, 2.4415
(34, 26): 0.1089, 3.0100, 2.4415
(34, 27): 0.1089, 3.0100, 2.4415
