(5, 17): 1.5993, 0.0200, 0.9822, 0.0072
(5, 18): 1.4797, 0.0200, 1.1537, 0.0067
(5, 19): 1.4254, 0.0200, 1.2885, 0.0053
(5, 20): 1.4178, 0.0200, 1.4454, 0.0052
(5, 21): 1.3946, 0.0200, 1.3902, 0.0045
(5, 22): 1.3987, 0.0200, 1.2578, 0.0050
(5, 23): 1.4065, 0.0200, 1.3204, 0.0048
(5, 24): 1.3433, 0.0200, 1.5610, 0.0039
(5, 25): 1.5350, 0.0200, 1.1273, 0.0047
(5, 26): 1.2692, 0.0200, 1.4416, 0.0038
(5, 27): 1.0816, 0.0200, 0.5554, 0.0053
(6, 1): nan, nan, nan, 0.0000
(6, 2): nan, nan, nan, 0.0000
(6, 3): nan, nan, nan, 0.0000
(6, 4): nan, nan, nan, 0.0000
(6, 5): nan, nan, nan, 0.0000
(6, 6): nan, nan, nan, 0.0000
(6, 7): nan, nan, nan, 0.0000
(6, 8): nan, nan, nan, 0.0000
(6, 9): nan, nan, nan, 0.0000
(6, 10): nan, nan, nan, 0.0000
(6, 11): 1.0939, 0.0200, 0.6773, 0.0054
(6, 12): 0.8916, 0.0200, 0.4139, 0.0052
(6, 13): nan, nan, nan, 0.0000
(6, 14): nan, nan, nan, 0.0000
(6, 15): 1.8591, 0.0200, 0.3638, 0.0141
(6, 16): 1.7453, 0.0200, 0.7312, 0.0088
(6, 17): 1.6830, 0.0200, 0.8371, 0.0098
(6, 18): 1.4793, 0.0200, 1.1978, 0.0055
(6, 19): 1.4230, 0.0200, 1.2985, 0.0053
(6, 20): 1.4093, 0.0200, 1.3810, 0.0047
(33, 5): nan, nan, nan, 0.0000
(33, 6): nan, nan, nan, 0.0000
(33, 7): nan, nan, nan, 0.0000
(33, 8): nan, nan, nan, 0.0000
(33, 9): nan, nan, nan, 0.0000
(33, 10): nan, nan, nan, 0.0000
(33, 11): nan, nan, nan, 0.0000
(33, 12): nan, nan, nan, 0.0000
(33, 13): nan, nan, nan, 0.0000
(33, 14): nan, nan, nan, 0.0000
(33, 15): nan, nan, nan, 0.0000
(33, 16): nan, nan, nan, 0.0000
(33, 17): nan, nan, nan, 0.0000
(33, 18): nan, nan, nan, 0.0000
(33, 19): 1.2288, 0.0200, 1.2476, 0.0031
(33, 20): 1.4076, 0.0200, 1.6459, 0.0033
(33, 21): 1.4756, 0.0200, 1.5281, 0.0036
(33, 22): 1.1074, 0.0200, 0.9840, 0.0034
(33, 23): nan, nan, nan, 0.0000
(33, 24): nan, nan, nan, 0.0000
(33, 25): nan, nan, nan, 0.0000
(33, 26): nan, nan, nan, 0.0000
(33, 27): nan, nan, nan, 0.0000
(34, 1): nan, nan, nan, 0.0000
(34, 2): nan, nan, nan, 0.0000
(34, 3): nan, nan, nan, 0.0000
(34, 4): nan, nan, nan, 0.0000
(34, 5): nan, nan, nan, 0.0000
(34, 6): nan, nan, nan, 0.0000
(34, 7): nan, nan, nan, 0.0000
(34, 8): nan, nan, nan, 0.0000
(29, 20): 1.4138, 0.0200, 1.3704, 0.0029
(29, 21): 1.4199, 0.0200, 1.3439, 0.0037
(29, 22): 1.0303, 0.0200, 0.4736, 0.0059
(29, 23): nan, nan, nan, 0.0000
(29, 24): nan, nan, nan, 0.0000
(29, 25): nan, nan, nan, 0.0000
(29, 26): nan, nan, nan, 0.0000
(29, 27): nan, nan, nan, 0.0000
(30, 1): nan, nan, nan, 0.0000
(30, 2): 1.1342, 0.0200, 1.2163, 0.0036
(30, 3): 0.9527, 0.0200, 0.7285, 0.0038
(30, 4): 0.9254, 0.0200, 0.6245, 0.0044
(30, 5): 1.3494, 0.0200, 1.3251, 0.0041
(30, 6): 1.3643, 0.0200, 1.2361, 0.0039
(30, 7): 0.8888, 0.0200, 0.6877, 0.0031
(30, 8): nan, nan, nan, 0.0000
(30, 9): nan, nan, nan, 0.0000
(30, 10): nan, nan, nan, 0.0000
(30, 11): nan, nan, nan, 0.0000
(30, 12): nan, nan, nan, 0.0000
(30, 13): nan, nan, nan, 0.0000
(30, 14): nan, nan, nan, 0.0000
(30, 15): nan, nan, nan, 0.0000
(30, 16): nan, nan, nan, 0.0000
(30, 17): nan, nan, nan, 0.0000
(30, 18): nan, nan, nan, 0.0000
(30, 19): 0.9868, 0.0200, 0.5370, 0.0047
(30, 20): 1.3378, 0.0200, 1.2634, 0.0041
(30, 21): 1.3177, 0.0200, 1.4167, 0.0034
(30, 22): 1.0479, 0.0200, 0.6092, 0.0047
(30, 23): nan, nan, nan, 0.0000
(9, 2): nan, nan, nan, 0.0000
(9, 3): nan, nan, nan, 0.0000
(9, 4): nan, nan, nan, 0.0000
(9, 5): nan, nan, nan, 0.0000
(9, 6): nan, nan, nan, 0.0000
(9, 7): nan, nan, nan, 0.0000
(9, 8): nan, nan, nan, 0.0000
(9, 9): nan, nan, nan, 0.0000
(9, 10): 1.2043, 0.0200, 0.9034, 0.0052
(9, 11): 0.8161, 0.0200, 0.2390, 0.0103
(9, 12): nan, nan, nan, 0.0000
(9, 13): nan, nan, nan, 0.0000
(9, 14): nan, nan, nan, 0.0000
(9, 15): 1.5478, 0.0200, 0.8837, 0.0081
(9, 16): 1.8977, 0.0200, 0.6282, 0.0107
(9, 17): 1.6375, 0.0200, 0.9298, 0.0078
(9, 18): 1.5775, 0.0200, 1.0250, 0.0066
(9, 19): 1.5717, 0.0200, 1.1087, 0.0053
(9, 20): 1.4773, 0.0200, 1.1906, 0.0047
(9, 21): 1.4829, 0.0200, 1.2702, 0.0048
(9, 22): 1.5671, 0.0200, 1.0913, 0.0058
(9, 23): 1.4162, 0.0200, 1.4232, 0.0039
(9, 24): 1.3820, 0.0200, 1.5295, 0.0037
(9, 25): 1.4272, 0.0200, 1.3317, 0.0037
(9, 26): 1.4304, 0.0200, 1.3312, 0.0041
(9, 27): 1.0278, 0.0200, 0.4853, 0.0053
(10, 1): nan, nan, nan, 0.0000
(10, 2): nan, nan, nan, 0.0000
(10, 3): nan, nan, nan, 0.0000
(10, 4): nan, nan, nan, 0.0000
(10, 5): nan, nan, nan, 0.0000
(7, 25): 1.4034, 0.0200, 1.3238, 0.0042
(7, 26): 1.3664, 0.0200, 1.4274, 0.0036
(7, 27): 1.3348, 0.0200, 0.8812, 0.0053
(8, 1): nan, nan, nan, 0.0000
(8, 2): nan, nan, nan, 0.0000
(8, 3): nan, nan, nan, 0.0000
(8, 4): nan, nan, nan, 0.0000
(8, 5): nan, nan, nan, 0.0000
(8, 6): nan, nan, nan, 0.0000
(8, 7): nan, nan, nan, 0.0000
(8, 8): nan, nan, nan, 0.0000
(8, 9): nan, nan, nan, 0.0000
(8, 10): 1.2149, 0.0200, 0.8676, 0.0056
(8, 11): 1.1500, 0.0200, 0.8539, 0.0056
(8, 12): nan, nan, nan, 0.0000
(8, 13): nan, nan, nan, 0.0000
(8, 14): 1.1683, 0.0200, 0.4657, 0.0075
(8, 15): 1.8328, 0.0200, 0.6404, 0.0117
(8, 16): 2.2029, 0.0200, 0.3671, 0.0146
(8, 17): 1.7058, 0.0200, 0.8118, 0.0094
(8, 18): 1.5867, 0.0200, 0.9843, 0.0076
(8, 19): 1.4674, 0.0200, 1.2384, 0.0052
(8, 20): 1.4930, 0.0200, 1.2019, 0.0049
(8, 21): 1.4440, 0.0200, 1.3165, 0.0041
(8, 22): 1.4016, 0.0200, 1.4587, 0.0044
(8, 23): 1.3743, 0.0200, 1.5055, 0.0034
(8, 24): 1.3414, 0.0200, 1.5430, 0.0037
(8, 25): 1.4150, 0.0200, 1.3473, 0.0044
(8, 26): 1.3865, 0.0200, 1.3674, 0.0039
(8, 27): 1.3226, 0.0200, 0.8119, 0.0055
(9, 1): nan, nan, nan, 0.0000
(12, 14): 1.2922, 0.0200, 0.6951, 0.0069
(12, 15): nan, nan, nan, 0.0000
(12, 16): 1.4867, 0.0200, 0.2494, 0.0203
(12, 17): 1.7669, 0.0200, 0.7237, 0.0085
(12, 18): 1.5733, 0.0200, 1.0383, 0.0066
(12, 19): 1.5288, 0.0200, 1.0591, 0.0057
(12, 20): 1.4625, 0.0200, 1.2336, 0.0060
(12, 21): 1.5000, 0.0200, 1.2207, 0.0056
(12, 22): 1.4577, 0.0200, 1.2767, 0.0047
(12, 23): 1.4506, 0.0200, 1.2704, 0.0045
(12, 24): 1.4496, 0.0200, 1.1161, 0.0051
(12, 25): 1.0981, 0.0200, 0.6079, 0.0054
(12, 26): 1.0901, 0.0200, 0.5960, 0.0045
(12, 27): nan, nan, nan, 0.0000
(13, 1): nan, nan, nan, 0.0000
(13, 2): nan, nan, nan, 0.0000
(13, 3): nan, nan, nan, 0.0000
(13, 4): nan, nan, nan, 0.0000
(13, 5): nan, nan, nan, 0.0000
(13, 6): nan, nan, nan, 0.0000
(13, 7): nan, nan, nan, 0.0000
(13, 8): nan, nan, nan, 0.0000
(13, 9): nan, nan, nan, 0.0000
(13, 10): 1.4508, 0.0200, 1.2359, 0.0060
(13, 11): 1.5043, 0.0200, 1.1650, 0.0064
(13, 12): 1.5427, 0.0200, 1.0428, 0.0065
(13, 13): 1.4542, 0.0200, 0.9221, 0.0059
(13, 14): 1.0191, 0.0200, 0.3586, 0.0078
(13, 15): nan, nan, nan, 0.0000
(13, 16): 1.2939, 0.0200, 0.1795, 0.0221
(13, 17): 2.0472, 0.0200, 0.3355, 0.0186
(6, 21): 1.4085, 0.0200, 1.3252, 0.0043
(6, 22): 1.4288, 0.0200, 1.2285, 0.0056
(6, 23): 1.4348, 0.0200, 1.2953, 0.0054
(6, 24): 1.3297, 0.0200, 1.5235, 0.0042
(6, 25): 1.4093, 0.0200, 1.3397, 0.0043
(6, 26): 1.3329, 0.0200, 1.4990, 0.0037
(6, 27): 1.1088, 0.0200, 0.6349, 0.0058
(7, 1): nan, nan, nan, 0.0000
(7, 2): nan, nan, nan, 0.0000
(7, 3): nan, nan, nan, 0.0000
(7, 4): nan, nan, nan, 0.0000
(7, 5): nan, nan, nan, 0.0000
(7, 6): nan, nan, nan, 0.0000
(7, 7): nan, nan, nan, 0.0000
(7, 8): nan, nan, nan, 0.0000
(7, 9): nan, nan, nan, 0.0000
(7, 10): 0.7894, 0.0200, 0.2419, 0.0085
(7, 11): 1.0722, 0.0200, 0.6622, 0.0055
(7, 12): nan, nan, nan, 0.0000
(7, 13): nan, nan, nan, 0.0000
(7, 14): nan, nan, nan, 0.0000
(7, 15): 1.8832, 0.0200, 0.4202, 0.0139
(7, 16): 2.1858, 0.0200, 0.3675, 0.0131
(7, 17): 1.6234, 0.0200, 0.9174, 0.0077
(7, 18): 1.4941, 0.0200, 1.1307, 0.0058
(7, 19): 1.4468, 0.0200, 1.2412, 0.0056
(7, 20): 1.4431, 0.0200, 1.3319, 0.0043
(7, 21): 1.4347, 0.0200, 1.2953, 0.0039
(7, 22): 1.3710, 0.0200, 1.4482, 0.0038
(7, 23): 1.3162, 0.0200, 1.6316, 0.0033
(7, 24): 1.3169, 0.0200, 1.5538, 0.0041
(19, 11): 1.6636, 0.0200, 0.9787, 0.0070
(19, 12): 1.4384, 0.0200, 1.3184, 0.0057
(19, 13): 1.4924, 0.0200, 1.1778, 0.0066
(19, 14): 1.5778, 0.0200, 1.1066, 0.0070
(19, 15): 1.5735, 0.0200, 1.1572, 0.0061
(19, 16): 1.4850, 0.0200, 1.3106, 0.0050
(19, 17): 1.4341, 0.0200, 1.4188, 0.0049
(19, 18): 1.4247, 0.0200, 1.4623, 0.0045
(19, 19): 1.4048, 0.0200, 1.4725, 0.0057
(19, 20): 1.4790, 0.0200, 1.3765, 0.0046
(19, 21): 1.4071, 0.0200, 1.4648, 0.0041
(19, 22): 1.4035, 0.0200, 1.4056, 0.0041
(19, 23): 1.3820, 0.0200, 1.4100, 0.0037
(19, 24): 1.3342, 0.0200, 1.5407, 0.0035
(19, 25): 1.2284, 0.0200, 1.0491, 0.0036
(19, 26): 0.7348, 0.0200, 0.2226, 0.0065
(19, 27): nan, nan, nan, 0.0000
(20, 1): nan, nan, nan, 0.0000
(20, 2): nan, nan, nan, 0.0000
(20, 3): nan, nan, nan, 0.0000
(20, 4): nan, nan, nan, 0.0000
(20, 5): nan, nan, nan, 0.0000
(20, 6): nan, nan, nan, 0.0000
(20, 7): 1.1613, 0.0200, 0.4205, 0.0083
(20, 8): 1.9781, 0.0200, 0.5727, 0.0103
(20, 9): 1.4473, 0.0200, 1.3936, 0.0058
(20, 10): 1.4237, 0.0200, 1.4000, 0.0055
(20, 11): 1.5302, 0.0200, 1.1722, 0.0066
(20, 12): 1.4041, 0.0200, 1.3592, 0.0057
(20, 13): 1.4575, 0.0200, 1.2276, 0.0067
(20, 14): 1.4916, 0.0200, 1.2174, 0.0068
(22, 23): nan, nan, nan, 0.0000
(22, 24): nan, nan, nan, 0.0000
(22, 25): nan, nan, nan, 0.0000
(22, 26): nan, nan, nan, 0.0000
(22, 27): nan, nan, nan, 0.0000
(23, 1): nan, nan, nan, 0.0000
(23, 2): nan, nan, nan, 0.0000
(23, 3): nan, nan, nan, 0.0000
(23, 4): nan, nan, nan, 0.0000
(23, 5): 1.0712, 0.0200, 0.6309, 0.0058
(23, 6): 1.3116, 0.0200, 0.9128, 0.0056
(23, 7): 1.3160, 0.0200, 1.2305, 0.0054
(23, 8): 1.6875, 0.0200, 0.9131, 0.0086
(23, 9): 1.3416, 0.0200, 1.5055, 0.0046
(23, 10): 1.4416, 0.0200, 1.3482, 0.0050
(23, 11): 1.4333, 0.0200, 1.3511, 0.0050
(23, 12): 1.5120, 0.0200, 1.1778, 0.0053
(23, 13): 1.3262, 0.0200, 1.4367, 0.0051
(23, 14): 1.4141, 0.0200, 1.3481, 0.0046
(23, 15): 1.4723, 0.0200, 1.2643, 0.0046
(23, 16): 1.4725, 0.0200, 1.2695, 0.0043
(23, 17): 1.4575, 0.0200, 1.3038, 0.0043
(23, 18): 1.4509, 0.0200, 1.3501, 0.0041
(23, 19): 1.4496, 0.0200, 1.3399, 0.0043
(23, 20): 1.4182, 0.0200, 1.1695, 0.0037
(23, 21): nan, nan, nan, 0.0000
(23, 22): nan, nan, nan, 0.0000
(23, 23): nan, nan, nan, 0.0000
(23, 24): nan, nan, nan, 0.0000
(23, 25): nan, nan, nan, 0.0000
(23, 26): nan, nan, nan, 0.0000
(32, 1): nan, nan, nan, 0.0000
(32, 2): nan, nan, nan, 0.0000
(32, 3): nan, nan, nan, 0.0000
(32, 4): nan, nan, nan, 0.0000
(32, 5): nan, nan, nan, 0.0000
(32, 6): nan, nan, nan, 0.0000
(32, 7): nan, nan, nan, 0.0000
(32, 8): nan, nan, nan, 0.0000
(32, 9): nan, nan, nan, 0.0000
(32, 10): nan, nan, nan, 0.0000
(32, 11): nan, nan, nan, 0.0000
(32, 12): nan, nan, nan, 0.0000
(32, 13): nan, nan, nan, 0.0000
(32, 14): nan, nan, nan, 0.0000
(32, 15): nan, nan, nan, 0.0000
(32, 16): nan, nan, nan, 0.0000
(32, 17): nan, nan, nan, 0.0000
(32, 18): nan, nan, nan, 0.0000
(32, 19): 0.9709, 0.0200, 0.6203, 0.0038
(32, 20): 1.4893, 0.0200, 1.3763, 0.0038
(32, 21): 1.2420, 0.0200, 1.3155, 0.0035
(32, 22): 0.8848, 0.0200, 0.4802, 0.0036
(32, 23): nan, nan, nan, 0.0000
(32, 24): nan, nan, nan, 0.0000
(32, 25): nan, nan, nan, 0.0000
(32, 26): nan, nan, nan, 0.0000
(32, 27): nan, nan, nan, 0.0000
(33, 1): nan, nan, nan, 0.0000
(33, 2): nan, nan, nan, 0.0000
(33, 3): nan, nan, nan, 0.0000
(33, 4): nan, nan, nan, 0.0000
(27, 12): 1.1802, 0.0200, 0.9166, 0.0043
(27, 13): 1.3901, 0.0200, 1.2181, 0.0047
(27, 14): 1.3222, 0.0200, 1.0841, 0.0036
(27, 15): 1.4862, 0.0200, 1.3407, 0.0037
(27, 16): 1.4725, 0.0200, 1.3375, 0.0038
(27, 17): 1.5557, 0.0200, 1.1372, 0.0049
(27, 18): 1.4089, 0.0200, 1.4120, 0.0037
(27, 19): 1.3873, 0.0200, 1.4841, 0.0031
(27, 20): 1.3113, 0.0200, 1.5444, 0.0036
(27, 21): 1.4098, 0.0200, 1.4197, 0.0036
(27, 22): 1.4596, 0.0200, 1.0133, 0.0048
(27, 23): nan, nan, nan, 0.0000
(27, 24): nan, nan, nan, 0.0000
(27, 25): nan, nan, nan, 0.0000
(27, 26): nan, nan, nan, 0.0000
(27, 27): nan, nan, nan, 0.0000
(28, 1): nan, nan, nan, 0.0000
(28, 2): 0.7129, 0.0200, 0.2987, 0.0068
(28, 3): 1.1862, 0.0200, 0.8690, 0.0053
(28, 4): 1.2736, 0.0200, 0.8049, 0.0057
(28, 5): 1.3534, 0.0200, 1.2828, 0.0033
(28, 6): 1.1337, 0.0200, 0.9638, 0.0039
(28, 7): 1.1024, 0.0200, 1.0240, 0.0036
(28, 8): 1.3146, 0.0200, 1.1037, 0.0042
(28, 9): 1.2090, 0.0200, 1.0127, 0.0047
(28, 10): nan, nan, nan, 0.0000
(28, 11): nan, nan, nan, 0.0000
(28, 12): nan, nan, nan, 0.0000
(28, 13): nan, nan, nan, 0.0000
(28, 14): 1.0227, 0.0200, 0.5469, 0.0042
(28, 15): 1.4966, 0.0200, 1.2227, 0.0046
(13, 18): 1.4786, 0.0200, 1.0104, 0.0063
(13, 19): 1.5267, 0.0200, 1.0918, 0.0060
(13, 20): 1.4797, 0.0200, 1.2077, 0.0056
(13, 21): 1.6580, 0.0200, 0.9215, 0.0071
(13, 22): 1.4534, 0.0200, 1.2547, 0.0046
(13, 23): 1.4886, 0.0200, 1.2158, 0.0043
(13, 24): 1.4692, 0.0200, 1.0863, 0.0048
(13, 25): 0.9200, 0.0200, 0.2238, 0.0099
(13, 26): nan, nan, nan, 0.0000
(13, 27): nan, nan, nan, 0.0000
(14, 1): nan, nan, nan, 0.0000
(14, 2): nan, nan, nan, 0.0000
(14, 3): nan, nan, nan, 0.0000
(14, 4): nan, nan, nan, 0.0000
(14, 5): nan, nan, nan, 0.0000
(14, 6): nan, nan, nan, 0.0000
(14, 7): nan, nan, nan, 0.0000
(14, 8): nan, nan, nan, 0.0000
(14, 9): nan, nan, nan, 0.0000
(14, 10): 1.5571, 0.0200, 1.1073, 0.0069
(14, 11): 1.6010, 0.0200, 1.0379, 0.0066
(14, 12): 1.5064, 0.0200, 1.1217, 0.0055
(14, 13): 0.7994, 0.0200, 0.2542, 0.0107
(14, 14): nan, nan, nan, 0.0000
(14, 15): 0.8865, 0.0200, 0.2052, 0.0169
(14, 16): 1.9778, 0.0200, 0.2398, 0.0288
(14, 17): 2.0027, 0.0200, 0.4994, 0.0129
(14, 18): 1.7436, 0.0200, 0.7801, 0.0104
(14, 19): 1.5017, 0.0200, 1.1938, 0.0058
(14, 20): 1.5094, 0.0200, 1.1595, 0.0060
(14, 21): 1.4772, 0.0200, 1.2078, 0.0055
(21, 19): 1.4239, 0.0200, 1.3659, 0.0051
(21, 20): 1.3890, 0.0200, 1.4072, 0.0043
(21, 21): 1.3569, 0.0200, 1.1820, 0.0041
(21, 22): 1.4846, 0.0200, 1.0353, 0.0055
(21, 23): 1.4205, 0.0200, 1.1796, 0.0043
(21, 24): 1.1374, 0.0200, 0.9280, 0.0042
(21, 25): nan, nan, nan, 0.0000
(21, 26): nan, nan, nan, 0.0000
(21, 27): nan, nan, nan, 0.0000
(22, 1): nan, nan, nan, 0.0000
(22, 2): nan, nan, nan, 0.0000
(22, 3): nan, nan, nan, 0.0000
(22, 4): nan, nan, nan, 0.0000
(22, 5): nan, nan, nan, 0.0000
(22, 6): 1.3626, 0.0200, 0.8305, 0.0081
(22, 7): 1.7522, 0.0200, 0.7619, 0.0100
(22, 8): 1.7781, 0.0200, 0.7860, 0.0094
(22, 9): 1.4409, 0.0200, 1.2984, 0.0070
(22, 10): 1.4274, 0.0200, 1.3680, 0.0056
(22, 11): 1.3767, 0.0200, 1.4213, 0.0050
(22, 12): 1.4488, 0.0200, 1.3111, 0.0055
(22, 13): 1.4518, 0.0200, 1.3045, 0.0048
(22, 14): 1.4330, 0.0200, 1.3543, 0.0048
(22, 15): 1.4527, 0.0200, 1.2967, 0.0048
(22, 16): 1.4330, 0.0200, 1.3217, 0.0043
(22, 17): 1.4309, 0.0200, 1.3386, 0.0040
(22, 18): 1.4657, 0.0200, 1.3100, 0.0045
(22, 19): 2.1829, 0.0200, 0.4266, 0.0099
(22, 20): 1.3705, 0.0200, 1.1674, 0.0047
(22, 21): 0.9673, 0.0200, 0.3731, 0.0057
(22, 22): nan, nan, nan, 0.0000
(14, 22): 1.4804, 0.0200, 1.2168, 0.0047
(14, 23): 1.4289, 0.0200, 1.3031, 0.0043
(14, 24): 1.4064, 0.0200, 1.2266, 0.0041
(14, 25): 1.2396, 0.0200, 0.8963, 0.0038
(14, 26): 1.2697, 0.0200, 0.9487, 0.0050
(14, 27): 0.8154, 0.0200, 0.2348, 0.0087
(15, 1): nan, nan, nan, 0.0000
(15, 2): nan, nan, nan, 0.0000
(15, 3): nan, nan, nan, 0.0000
(15, 4): nan, nan, nan, 0.0000
(15, 5): nan, nan, nan, 0.0000
(15, 6): nan, nan, nan, 0.0000
(15, 7): nan, nan, nan, 0.0000
(15, 8): nan, nan, nan, 0.0000
(15, 9): 1.3280, 0.0200, 0.3017, 0.0133
(15, 10): 2.2085, 0.0200, 0.3673, 0.0157
(15, 11): 1.7963, 0.0200, 0.8041, 0.0113
(15, 12): 1.5493, 0.0200, 1.1102, 0.0075
(15, 13): 1.2324, 0.0200, 0.5905, 0.0085
(15, 14): 0.8271, 0.0200, 0.2455, 0.0126
(15, 15): 1.5875, 0.0200, 0.8338, 0.0084
(15, 16): 1.8434, 0.0200, 0.7049, 0.0114
(15, 17): 2.1693, 0.0200, 0.3511, 0.0180
(15, 18): 1.6621, 0.0200, 0.8043, 0.0081
(15, 19): 1.4824, 0.0200, 1.2629, 0.0054
(15, 20): 1.5166, 0.0200, 1.1485, 0.0059
(15, 21): 1.4127, 0.0200, 1.3393, 0.0043
(15, 22): 1.4428, 0.0200, 1.2795, 0.0046
(15, 23): 1.4299, 0.0200, 1.2844, 0.0045
(15, 24): 1.4509, 0.0200, 1.2497, 0.0045
(15, 25): 1.4566, 0.0200, 1.2914, 0.0040
(18, 7): nan, nan, nan, 0.0000
(18, 8): 0.8319, 0.0200, 0.2505, 0.0114
(18, 9): 1.5617, 0.0200, 1.0621, 0.0069
(18, 10): 1.5151, 0.0200, 1.1974, 0.0064
(18, 11): 1.6890, 0.0200, 0.9485, 0.0069
(18, 12): 1.4379, 0.0200, 1.3509, 0.0059
(18, 13): 1.4729, 0.0200, 1.2667, 0.0053
(18, 14): 1.5621, 0.0200, 1.1511, 0.0066
(18, 15): 1.5069, 0.0200, 1.2317, 0.0056
(18, 16): 1.4967, 0.0200, 1.2298, 0.0056
(18, 17): 1.4606, 0.0200, 1.3280, 0.0049
(18, 18): 1.4158, 0.0200, 1.4459, 0.0047
(18, 19): 1.4668, 0.0200, 1.3731, 0.0046
(18, 20): 1.3856, 0.0200, 1.4901, 0.0045
(18, 21): 1.4206, 0.0200, 1.3642, 0.0043
(18, 22): 1.3919, 0.0200, 1.4418, 0.0044
(18, 23): 1.4764, 0.0200, 1.2908, 0.0042
(18, 24): 1.4066, 0.0200, 1.4734, 0.0033
(18, 25): 1.3805, 0.0200, 1.3168, 0.0033
(18, 26): 0.9823, 0.0200, 0.5366, 0.0044
(18, 27): nan, nan, nan, 0.0000
(19, 1): nan, nan, nan, 0.0000
(19, 2): nan, nan, nan, 0.0000
(19, 3): nan, nan, nan, 0.0000
(19, 4): nan, nan, nan, 0.0000
(19, 5): nan, nan, nan, 0.0000
(19, 6): nan, nan, nan, 0.0000
(19, 7): nan, nan, nan, 0.0000
(19, 8): 1.2951, 0.0200, 0.8720, 0.0067
(19, 9): 1.5206, 0.0200, 1.2126, 0.0068
(19, 10): 1.4227, 0.0200, 1.4255, 0.0058
(36, 17): nan, nan, nan, 0.0000
(36, 18): nan, nan, nan, 0.0000
(36, 19): nan, nan, nan, 0.0000
(36, 20): nan, nan, nan, 0.0000
(36, 21): nan, nan, nan, 0.0000
(36, 22): nan, nan, nan, 0.0000
(36, 23): nan, nan, nan, 0.0000
(36, 24): nan, nan, nan, 0.0000
(36, 25): nan, nan, nan, 0.0000
(36, 26): nan, nan, nan, 0.0000
(36, 27): nan, nan, nan, 0.0000
(37, 1): nan, nan, nan, 0.0000
(37, 2): nan, nan, nan, 0.0000
(37, 3): nan, nan, nan, 0.0000
(37, 4): nan, nan, nan, 0.0000
(37, 5): nan, nan, nan, 0.0000
(37, 6): nan, nan, nan, 0.0000
(37, 7): nan, nan, nan, 0.0000
(37, 8): nan, nan, nan, 0.0000
(37, 9): nan, nan, nan, 0.0000
(37, 10): nan, nan, nan, 0.0000
(37, 11): nan, nan, nan, 0.0000
(37, 12): nan, nan, nan, 0.0000
(37, 13): nan, nan, nan, 0.0000
(37, 14): nan, nan, nan, 0.0000
(37, 15): nan, nan, nan, 0.0000
(37, 16): nan, nan, nan, 0.0000
(37, 17): nan, nan, nan, 0.0000
(37, 18): nan, nan, nan, 0.0000
(37, 19): nan, nan, nan, 0.0000
(37, 20): nan, nan, nan, 0.0000
(37, 21): nan, nan, nan, 0.0000
(37, 22): nan, nan, nan, 0.0000
(37, 23): nan, nan, nan, 0.0000
(37, 24): nan, nan, nan, 0.0000
(37, 25): nan, nan, nan, 0.0000
(37, 26): nan, nan, nan, 0.0000
(37, 27): nan, nan, nan, 0.0000
(35, 13): nan, nan, nan, 0.0000
(35, 14): nan, nan, nan, 0.0000
(35, 15): nan, nan, nan, 0.0000
(35, 16): nan, nan, nan, 0.0000
(35, 17): nan, nan, nan, 0.0000
(35, 18): nan, nan, nan, 0.0000
(35, 19): nan, nan, nan, 0.0000
(35, 20): nan, nan, nan, 0.0000
(35, 21): nan, nan, nan, 0.0000
(35, 22): nan, nan, nan, 0.0000
(35, 23): nan, nan, nan, 0.0000
(35, 24): nan, nan, nan, 0.0000
(35, 25): nan, nan, nan, 0.0000
(35, 26): nan, nan, nan, 0.0000
(35, 27): nan, nan, nan, 0.0000
(36, 1): nan, nan, nan, 0.0000
(36, 2): nan, nan, nan, 0.0000
(36, 3): nan, nan, nan, 0.0000
(36, 4): nan, nan, nan, 0.0000
(36, 5): nan, nan, nan, 0.0000
(36, 6): nan, nan, nan, 0.0000
(36, 7): nan, nan, nan, 0.0000
(36, 8): nan, nan, nan, 0.0000
(36, 9): nan, nan, nan, 0.0000
(36, 10): nan, nan, nan, 0.0000
(36, 11): nan, nan, nan, 0.0000
(36, 12): nan, nan, nan, 0.0000
(36, 13): nan, nan, nan, 0.0000
(36, 14): nan, nan, nan, 0.0000
(36, 15): nan, nan, nan, 0.0000
(36, 16): nan, nan, nan, 0.0000
(3, 9): nan, nan, nan, 0.0000
(3, 10): nan, nan, nan, 0.0000
(3, 11): nan, nan, nan, 0.0000
(3, 12): nan, nan, nan, 0.0000
(3, 13): nan, nan, nan, 0.0000
(3, 14): nan, nan, nan, 0.0000
(3, 15): nan, nan, nan, 0.0000
(3, 16): 1.1324, 0.0200, 0.5268, 0.0080
(3, 17): 1.1063, 0.0200, 0.5483, 0.0076
(3, 18): 0.9234, 0.0200, 0.3733, 0.0071
(3, 19): 1.0000, 0.0200, 0.6122, 0.0047
(3, 20): 0.8725, 0.0200, 0.3949, 0.0060
(3, 21): 0.9349, 0.0200, 0.5666, 0.0054
(3, 22): 1.2333, 0.0200, 1.0435, 0.0044
(3, 23): 1.4915, 0.0200, 1.0808, 0.0050
(3, 24): 1.4657, 0.0200, 0.8930, 0.0058
(3, 25): nan, nan, nan, 0.0000
(3, 26): nan, nan, nan, 0.0000
(3, 27): nan, nan, nan, 0.0000
(4, 1): nan, nan, nan, 0.0000
(4, 2): nan, nan, nan, 0.0000
(4, 3): nan, nan, nan, 0.0000
(4, 4): nan, nan, nan, 0.0000
(4, 5): nan, nan, nan, 0.0000
(4, 6): nan, nan, nan, 0.0000
(4, 7): nan, nan, nan, 0.0000
(4, 8): nan, nan, nan, 0.0000
(4, 9): nan, nan, nan, 0.0000
(4, 10): nan, nan, nan, 0.0000
(4, 11): nan, nan, nan, 0.0000
(4, 12): nan, nan, nan, 0.0000
(1, 1): nan, nan, nan, 0.0000
(1, 2): nan, nan, nan, 0.0000
(1, 3): nan, nan, nan, 0.0000
(1, 4): nan, nan, nan, 0.0000
(1, 5): nan, nan, nan, 0.0000
(1, 6): nan, nan, nan, 0.0000
(1, 7): nan, nan, nan, 0.0000
(1, 8): nan, nan, nan, 0.0000
(1, 9): nan, nan, nan, 0.0000
(1, 10): nan, nan, nan, 0.0000
(1, 11): nan, nan, nan, 0.0000
(1, 12): nan, nan, nan, 0.0000
(1, 13): nan, nan, nan, 0.0000
(1, 14): nan, nan, nan, 0.0000
(1, 15): nan, nan, nan, 0.0000
(1, 16): nan, nan, nan, 0.0000
(1, 17): nan, nan, nan, 0.0000
(1, 18): nan, nan, nan, 0.0000
(1, 19): nan, nan, nan, 0.0000
(1, 20): nan, nan, nan, 0.0000
(1, 21): nan, nan, nan, 0.0000
(1, 22): nan, nan, nan, 0.0000
(1, 23): nan, nan, nan, 0.0000
(1, 24): nan, nan, nan, 0.0000
(1, 25): nan, nan, nan, 0.0000
(1, 26): nan, nan, nan, 0.0000
(1, 27): nan, nan, nan, 0.0000
(2, 1): nan, nan, nan, 0.0000
(2, 2): nan, nan, nan, 0.0000
(2, 3): nan, nan, nan, 0.0000
(2, 4): nan, nan, nan, 0.0000
(28, 16): 1.3799, 0.0200, 1.5032, 0.0034
(28, 17): 1.3592, 0.0200, 1.5475, 0.0032
(28, 18): 1.3178, 0.0200, 1.6482, 0.0030
(28, 19): 1.3571, 0.0200, 1.5484, 0.0033
(28, 20): 1.3259, 0.0200, 1.4361, 0.0045
(28, 21): 1.4121, 0.0200, 1.3812, 0.0038
(28, 22): 1.1404, 0.0200, 0.8128, 0.0045
(28, 23): nan, nan, nan, 0.0000
(28, 24): nan, nan, nan, 0.0000
(28, 25): nan, nan, nan, 0.0000
(28, 26): nan, nan, nan, 0.0000
(28, 27): nan, nan, nan, 0.0000
(29, 1): nan, nan, nan, 0.0000
(29, 2): 1.3760, 0.0200, 1.3918, 0.0041
(29, 3): 1.3372, 0.0200, 1.6498, 0.0031
(29, 4): 1.3943, 0.0200, 1.2935, 0.0041
(29, 5): 1.3587, 0.0200, 1.1306, 0.0046
(29, 6): 1.3570, 0.0200, 1.6032, 0.0034
(29, 7): 1.2721, 0.0200, 1.4393, 0.0032
(29, 8): 0.7232, 0.0200, 0.2899, 0.0062
(29, 9): nan, nan, nan, 0.0000
(29, 10): nan, nan, nan, 0.0000
(29, 11): nan, nan, nan, 0.0000
(29, 12): nan, nan, nan, 0.0000
(29, 13): nan, nan, nan, 0.0000
(29, 14): nan, nan, nan, 0.0000
(29, 15): 0.9355, 0.0200, 0.4177, 0.0050
(29, 16): 1.1412, 0.0200, 0.8631, 0.0039
(29, 17): 0.7610, 0.0200, 0.2801, 0.0066
(29, 18): 1.3194, 0.0200, 1.2550, 0.0039
(29, 19): 1.4108, 0.0200, 1.4217, 0.0035
(4, 13): 0.9831, 0.0200, 0.5131, 0.0064
(4, 14): 1.3545, 0.0200, 0.6414, 0.0074
(4, 15): 1.1066, 0.0200, 0.4111, 0.0085
(4, 16): 1.0900, 0.0200, 0.4500, 0.0076
(4, 17): 1.0624, 0.0200, 0.4686, 0.0076
(4, 18): 1.3237, 0.0200, 0.9769, 0.0062
(4, 19): 1.3572, 0.0200, 1.1034, 0.0060
(4, 20): 1.3442, 0.0200, 1.3941, 0.0047
(4, 21): 1.3941, 0.0200, 1.4285, 0.0043
(4, 22): 1.3901, 0.0200, 1.3740, 0.0038
(4, 23): 1.3534, 0.0200, 1.4326, 0.0037
(4, 24): 1.3905, 0.0200, 1.4415, 0.0036
(4, 25): 1.3844, 0.0200, 0.8516, 0.0047
(4, 26): 0.9057, 0.0200, 0.3894, 0.0051
(4, 27): nan, nan, nan, 0.0000
(5, 1): nan, nan, nan, 0.0000
(5, 2): nan, nan, nan, 0.0000
(5, 3): nan, nan, nan, 0.0000
(5, 4): nan, nan, nan, 0.0000
(5, 5): nan, nan, nan, 0.0000
(5, 6): nan, nan, nan, 0.0000
(5, 7): nan, nan, nan, 0.0000
(5, 8): nan, nan, nan, 0.0000
(5, 9): nan, nan, nan, 0.0000
(5, 10): nan, nan, nan, 0.0000
(5, 11): nan, nan, nan, 0.0000
(5, 12): nan, nan, nan, 0.0000
(5, 13): 1.0670, 0.0200, 0.5805, 0.0058
(5, 14): nan, nan, nan, 0.0000
(5, 15): nan, nan, nan, 0.0000
(5, 16): 1.4521, 0.0200, 0.6451, 0.0077
(17, 3): nan, nan, nan, 0.0000
(17, 4): nan, nan, nan, 0.0000
(17, 5): nan, nan, nan, 0.0000
(17, 6): nan, nan, nan, 0.0000
(17, 7): nan, nan, nan, 0.0000
(17, 8): nan, nan, nan, 0.0000
(17, 9): 1.3366, 0.0200, 1.0833, 0.0055
(17, 10): 1.5392, 0.0200, 1.1299, 0.0067
(17, 11): 1.6124, 0.0200, 0.9852, 0.0072
(17, 12): 1.7230, 0.0200, 0.7760, 0.0104
(17, 13): 1.5678, 0.0200, 1.0891, 0.0077
(17, 14): 1.4810, 0.0200, 0.9424, 0.0080
(17, 15): 1.7903, 0.0200, 0.5503, 0.0102
(17, 16): 1.8948, 0.0200, 0.5150, 0.0093
(17, 17): 1.5030, 0.0200, 1.2162, 0.0061
(17, 18): 1.4640, 0.0200, 1.3644, 0.0048
(17, 19): 1.4653, 0.0200, 1.3596, 0.0050
(17, 20): 1.4283, 0.0200, 1.3870, 0.0045
(17, 21): 1.4461, 0.0200, 1.2965, 0.0049
(17, 22): 1.3975, 0.0200, 1.3818, 0.0041
(17, 23): 1.4270, 0.0200, 1.3341, 0.0043
(17, 24): 1.4393, 0.0200, 1.3718, 0.0040
(17, 25): 1.4962, 0.0200, 1.2968, 0.0042
(17, 26): 1.4129, 0.0200, 1.1588, 0.0044
(17, 27): nan, nan, nan, 0.0000
(18, 1): nan, nan, nan, 0.0000
(18, 2): nan, nan, nan, 0.0000
(18, 3): nan, nan, nan, 0.0000
(18, 4): nan, nan, nan, 0.0000
(18, 5): nan, nan, nan, 0.0000
(18, 6): nan, nan, nan, 0.0000
(23, 27): nan, nan, nan, 0.0000
(24, 1): nan, nan, nan, 0.0000
(24, 2): nan, nan, nan, 0.0000
(24, 3): nan, nan, nan, 0.0000
(24, 4): 1.0065, 0.0200, 0.4866, 0.0066
(24, 5): 1.1686, 0.0200, 0.7418, 0.0067
(24, 6): 1.2045, 0.0200, 0.7200, 0.0067
(24, 7): 1.4262, 0.0200, 1.2352, 0.0052
(24, 8): 1.2640, 0.0200, 1.1247, 0.0046
(24, 9): 1.2909, 0.0200, 1.4462, 0.0049
(24, 10): 1.3952, 0.0200, 1.1760, 0.0052
(24, 11): 1.4803, 0.0200, 1.2964, 0.0051
(24, 12): 1.4678, 0.0200, 1.2645, 0.0052
(24, 13): 1.4567, 0.0200, 1.2621, 0.0047
(24, 14): 1.4279, 0.0200, 1.3038, 0.0039
(24, 15): 1.5407, 0.0200, 1.1204, 0.0050
(24, 16): 1.5452, 0.0200, 1.1425, 0.0048
(24, 17): 1.4411, 0.0200, 1.3610, 0.0040
(24, 18): 1.4447, 0.0200, 1.3574, 0.0040
(24, 19): 1.4500, 0.0200, 1.3814, 0.0038
(24, 20): 1.4208, 0.0200, 1.4195, 0.0034
(24, 21): 1.2405, 0.0200, 1.0992, 0.0037
(24, 22): nan, nan, nan, 0.0000
(24, 23): nan, nan, nan, 0.0000
(24, 24): nan, nan, nan, 0.0000
(24, 25): nan, nan, nan, 0.0000
(24, 26): nan, nan, nan, 0.0000
(24, 27): nan, nan, nan, 0.0000
(25, 1): nan, nan, nan, 0.0000
(25, 2): nan, nan, nan, 0.0000
(25, 3): nan, nan, nan, 0.0000
(20, 15): 1.4372, 0.0200, 1.4355, 0.0044
(20, 16): 1.4587, 0.0200, 1.3656, 0.0050
(20, 17): 1.4620, 0.0200, 1.3605, 0.0050
(20, 18): 1.4804, 0.0200, 1.3649, 0.0047
(20, 19): 1.4820, 0.0200, 1.3865, 0.0052
(20, 20): 1.4196, 0.0200, 1.4597, 0.0045
(20, 21): 1.3582, 0.0200, 1.4415, 0.0034
(20, 22): 1.3802, 0.0200, 1.3209, 0.0042
(20, 23): 1.3971, 0.0200, 1.3027, 0.0037
(20, 24): 1.4156, 0.0200, 1.3703, 0.0041
(20, 25): 1.3396, 0.0200, 1.4884, 0.0032
(20, 26): 0.9012, 0.0200, 0.5866, 0.0043
(20, 27): nan, nan, nan, 0.0000
(21, 1): nan, nan, nan, 0.0000
(21, 2): nan, nan, nan, 0.0000
(21, 3): nan, nan, nan, 0.0000
(21, 4): nan, nan, nan, 0.0000
(21, 5): nan, nan, nan, 0.0000
(21, 6): 1.1287, 0.0200, 0.4198, 0.0084
(21, 7): 1.6506, 0.0200, 0.8892, 0.0081
(21, 8): 1.5874, 0.0200, 1.0947, 0.0068
(21, 9): 1.4148, 0.0200, 1.4380, 0.0053
(21, 10): 1.4039, 0.0200, 1.3893, 0.0056
(21, 11): 1.4454, 0.0200, 1.3252, 0.0053
(21, 12): 1.5070, 0.0200, 1.1666, 0.0059
(21, 13): 1.4966, 0.0200, 1.1905, 0.0054
(21, 14): 1.4902, 0.0200, 1.2329, 0.0053
(21, 15): 1.4270, 0.0200, 1.3788, 0.0045
(21, 16): 1.4017, 0.0200, 1.4000, 0.0043
(21, 17): 1.4888, 0.0200, 1.2459, 0.0055
(21, 18): 1.4696, 0.0200, 1.2795, 0.0056
(11, 10): 1.3734, 0.0200, 0.9881, 0.0051
(11, 11): 1.4850, 0.0200, 1.0639, 0.0061
(11, 12): 1.5528, 0.0200, 0.9599, 0.0070
(11, 13): 1.1353, 0.0200, 0.4786, 0.0091
(11, 14): nan, nan, nan, 0.0000
(11, 15): nan, nan, nan, 0.0000
(11, 16): 0.8749, 0.0200, 0.3028, 0.0141
(11, 17): 1.7551, 0.0200, 0.7299, 0.0082
(11, 18): 1.5139, 0.0200, 1.1513, 0.0062
(11, 19): 1.4655, 0.0200, 1.1734, 0.0055
(11, 20): 1.4641, 0.0200, 1.1852, 0.0051
(11, 21): 1.4778, 0.0200, 1.2292, 0.0053
(11, 22): 1.3259, 0.0200, 1.4362, 0.0048
(11, 23): 1.4758, 0.0200, 1.2395, 0.0053
(11, 24): 1.4739, 0.0200, 1.2777, 0.0039
(11, 25): 1.4636, 0.0200, 1.3095, 0.0044
(11, 26): 1.4668, 0.0200, 1.2639, 0.0038
(11, 27): nan, nan, nan, 0.0000
(12, 1): nan, nan, nan, 0.0000
(12, 2): nan, nan, nan, 0.0000
(12, 3): nan, nan, nan, 0.0000
(12, 4): nan, nan, nan, 0.0000
(12, 5): nan, nan, nan, 0.0000
(12, 6): nan, nan, nan, 0.0000
(12, 7): nan, nan, nan, 0.0000
(12, 8): nan, nan, nan, 0.0000
(12, 9): nan, nan, nan, 0.0000
(12, 10): 1.4913, 0.0200, 1.0286, 0.0060
(12, 11): 1.5596, 0.0200, 1.0057, 0.0066
(12, 12): 1.5687, 0.0200, 0.9740, 0.0073
(12, 13): 1.5097, 0.0200, 0.8323, 0.0071
(30, 24): nan, nan, nan, 0.0000
(30, 25): nan, nan, nan, 0.0000
(30, 26): nan, nan, nan, 0.0000
(30, 27): nan, nan, nan, 0.0000
(31, 1): nan, nan, nan, 0.0000
(31, 2): nan, nan, nan, 0.0000
(31, 3): nan, nan, nan, 0.0000
(31, 4): nan, nan, nan, 0.0000
(31, 5): nan, nan, nan, 0.0000
(31, 6): nan, nan, nan, 0.0000
(31, 7): nan, nan, nan, 0.0000
(31, 8): nan, nan, nan, 0.0000
(31, 9): nan, nan, nan, 0.0000
(31, 10): nan, nan, nan, 0.0000
(31, 11): nan, nan, nan, 0.0000
(31, 12): nan, nan, nan, 0.0000
(31, 13): nan, nan, nan, 0.0000
(31, 14): nan, nan, nan, 0.0000
(31, 15): nan, nan, nan, 0.0000
(31, 16): nan, nan, nan, 0.0000
(31, 17): nan, nan, nan, 0.0000
(31, 18): nan, nan, nan, 0.0000
(31, 19): 0.8591, 0.0200, 0.4846, 0.0037
(31, 20): 1.3457, 0.0200, 1.4555, 0.0028
(31, 21): 0.9265, 0.0200, 0.5976, 0.0043
(31, 22): nan, nan, nan, 0.0000
(31, 23): nan, nan, nan, 0.0000
(31, 24): nan, nan, nan, 0.0000
(31, 25): nan, nan, nan, 0.0000
(31, 26): nan, nan, nan, 0.0000
(31, 27): nan, nan, nan, 0.0000
(26, 8): 1.3987, 0.0200, 1.4337, 0.0037
(26, 9): 1.4675, 0.0200, 1.2841, 0.0045
(26, 10): 1.4657, 0.0200, 1.2907, 0.0053
(26, 11): 1.4885, 0.0200, 1.3263, 0.0047
(26, 12): 1.3954, 0.0200, 1.3675, 0.0052
(26, 13): 1.5541, 0.0200, 1.1495, 0.0056
(26, 14): 1.6333, 0.0200, 1.0350, 0.0065
(26, 15): 1.6770, 0.0200, 0.9829, 0.0054
(26, 16): 1.4583, 0.0200, 1.3489, 0.0042
(26, 17): 1.4604, 0.0200, 1.3243, 0.0042
(26, 18): 1.4667, 0.0200, 1.3077, 0.0039
(26, 19): 1.4424, 0.0200, 1.3550, 0.0040
(26, 20): 1.4679, 0.0200, 1.2997, 0.0038
(26, 21): 1.3985, 0.0200, 1.4752, 0.0032
(26, 22): 1.3480, 0.0200, 1.2029, 0.0039
(26, 23): nan, nan, nan, 0.0000
(26, 24): nan, nan, nan, 0.0000
(26, 25): nan, nan, nan, 0.0000
(26, 26): nan, nan, nan, 0.0000
(26, 27): nan, nan, nan, 0.0000
(27, 1): nan, nan, nan, 0.0000
(27, 2): 1.1992, 0.0200, 0.7258, 0.0063
(27, 3): 1.5363, 0.0200, 1.1468, 0.0051
(27, 4): 1.5380, 0.0200, 1.2242, 0.0045
(27, 5): 1.4526, 0.0200, 1.4105, 0.0039
(27, 6): 1.3633, 0.0200, 1.2233, 0.0041
(27, 7): 1.1177, 0.0200, 0.6845, 0.0055
(27, 8): 1.3523, 0.0200, 1.2621, 0.0042
(27, 9): 1.3136, 0.0200, 1.2337, 0.0042
(27, 10): 1.3171, 0.0200, 1.1991, 0.0049
(27, 11): 1.4326, 0.0200, 1.0588, 0.0055
(25, 4): 1.2568, 0.0200, 0.9447, 0.0053
(25, 5): 1.3182, 0.0200, 1.1051, 0.0048
(25, 6): 1.4118, 0.0200, 1.2422, 0.0056
(25, 7): 1.2839, 0.0200, 0.7501, 0.0069
(25, 8): 1.4309, 0.0200, 1.0925, 0.0059
(25, 9): 1.5296, 0.0200, 1.1128, 0.0060
(25, 10): 1.7830, 0.0200, 0.7449, 0.0082
(25, 11): 1.6220, 0.0200, 1.0556, 0.0070
(25, 12): 1.5258, 0.0200, 1.2146, 0.0051
(25, 13): 1.6055, 0.0200, 1.0445, 0.0059
(25, 14): 1.5870, 0.0200, 1.0542, 0.0065
(25, 15): 1.4746, 0.0200, 1.2991, 0.0047
(25, 16): 1.4606, 0.0200, 1.3272, 0.0036
(25, 17): 1.5587, 0.0200, 1.1314, 0.0056
(25, 18): 1.4444, 0.0200, 1.3688, 0.0040
(25, 19): 1.3874, 0.0200, 1.4756, 0.0036
(25, 20): 1.4337, 0.0200, 1.3735, 0.0038
(25, 21): 1.4450, 0.0200, 1.3466, 0.0036
(25, 22): 1.2002, 0.0200, 0.7796, 0.0048
(25, 23): nan, nan, nan, 0.0000
(25, 24): nan, nan, nan, 0.0000
(25, 25): nan, nan, nan, 0.0000
(25, 26): nan, nan, nan, 0.0000
(25, 27): nan, nan, nan, 0.0000
(26, 1): nan, nan, nan, 0.0000
(26, 2): 0.8324, 0.0200, 0.2352, 0.0093
(26, 3): 1.1659, 0.0200, 0.7882, 0.0051
(26, 4): 1.3833, 0.0200, 0.8353, 0.0059
(26, 5): 1.1727, 0.0200, 1.0871, 0.0043
(26, 6): 1.2235, 0.0200, 0.8322, 0.0050
(26, 7): 1.5180, 0.0200, 1.0172, 0.0057
(15, 26): 1.4147, 0.0200, 1.3614, 0.0041
(15, 27): 1.2751, 0.0200, 1.0329, 0.0038
(16, 1): nan, nan, nan, 0.0000
(16, 2): nan, nan, nan, 0.0000
(16, 3): nan, nan, nan, 0.0000
(16, 4): nan, nan, nan, 0.0000
(16, 5): nan, nan, nan, 0.0000
(16, 6): nan, nan, nan, 0.0000
(16, 7): nan, nan, nan, 0.0000
(16, 8): nan, nan, nan, 0.0000
(16, 9): 1.1971, 0.0200, 0.6068, 0.0085
(16, 10): 2.5381, 0.0200, 0.1457, 0.0296
(16, 11): 1.9694, 0.0200, 0.2854, 0.0189
(16, 12): 1.6465, 0.0200, 0.8478, 0.0084
(16, 13): 1.3039, 0.0200, 0.5095, 0.0091
(16, 14): 1.6832, 0.0200, 0.8063, 0.0086
(16, 15): 1.8785, 0.0200, 0.5464, 0.0116
(16, 16): 1.7886, 0.0200, 0.5389, 0.0110
(16, 17): 1.6761, 0.0200, 0.7366, 0.0071
(16, 18): 1.4909, 0.0200, 1.2791, 0.0056
(16, 19): 1.4668, 0.0200, 1.3115, 0.0047
(16, 20): 1.3976, 0.0200, 1.3751, 0.0041
(16, 21): 1.4336, 0.0200, 1.3430, 0.0045
(16, 22): 1.4156, 0.0200, 1.3415, 0.0047
(16, 23): 1.4407, 0.0200, 1.3052, 0.0041
(16, 24): 1.4378, 0.0200, 1.3262, 0.0041
(16, 25): 1.4647, 0.0200, 1.3041, 0.0041
(16, 26): 1.4624, 0.0200, 1.2685, 0.0037
(16, 27): 1.2299, 0.0200, 1.0054, 0.0039
(17, 1): nan, nan, nan, 0.0000
(17, 2): nan, nan, nan, 0.0000
(34, 9): nan, nan, nan, 0.0000
(34, 10): nan, nan, nan, 0.0000
(34, 11): nan, nan, nan, 0.0000
(34, 12): nan, nan, nan, 0.0000
(34, 13): nan, nan, nan, 0.0000
(34, 14): nan, nan, nan, 0.0000
(34, 15): nan, nan, nan, 0.0000
(34, 16): nan, nan, nan, 0.0000
(34, 17): nan, nan, nan, 0.0000
(34, 18): nan, nan, nan, 0.0000
(34, 19): 1.2314, 0.0200, 1.0752, 0.0037
(34, 20): 1.3886, 0.0200, 1.7114, 0.0026
(34, 21): 1.4037, 0.0200, 1.6482, 0.0029
(34, 22): 0.8987, 0.0200, 0.4847, 0.0041
(34, 23): nan, nan, nan, 0.0000
(34, 24): nan, nan, nan, 0.0000
(34, 25): nan, nan, nan, 0.0000
(34, 26): nan, nan, nan, 0.0000
(34, 27): nan, nan, nan, 0.0000
(35, 1): nan, nan, nan, 0.0000
(35, 2): nan, nan, nan, 0.0000
(35, 3): nan, nan, nan, 0.0000
(35, 4): nan, nan, nan, 0.0000
(35, 5): nan, nan, nan, 0.0000
(35, 6): nan, nan, nan, 0.0000
(35, 7): nan, nan, nan, 0.0000
(35, 8): nan, nan, nan, 0.0000
(35, 9): nan, nan, nan, 0.0000
(35, 10): nan, nan, nan, 0.0000
(35, 11): nan, nan, nan, 0.0000
(35, 12): nan, nan, nan, 0.0000
(10, 6): nan, nan, nan, 0.0000
(10, 7): nan, nan, nan, 0.0000
(10, 8): nan, nan, nan, 0.0000
(10, 9): nan, nan, nan, 0.0000
(10, 10): 1.2695, 0.0200, 0.8693, 0.0066
(10, 11): 1.0762, 0.0200, 0.4164, 0.0087
(10, 12): 1.3310, 0.0200, 0.7729, 0.0071
(10, 13): nan, nan, nan, 0.0000
(10, 14): 0.8350, 0.0200, 0.2181, 0.0119
(10, 15): 1.4910, 0.0200, 0.9783, 0.0056
(10, 16): 1.6380, 0.0200, 0.8782, 0.0079
(10, 17): 1.6419, 0.0200, 0.9063, 0.0077
(10, 18): 1.5319, 0.0200, 1.1168, 0.0061
(10, 19): 1.5654, 0.0200, 1.0745, 0.0053
(10, 20): 1.4461, 0.0200, 1.2156, 0.0052
(10, 21): 1.4667, 0.0200, 1.3044, 0.0048
(10, 22): 1.4649, 0.0200, 1.3180, 0.0045
(10, 23): 1.4989, 0.0200, 1.2662, 0.0044
(10, 24): 1.4425, 0.0200, 1.3474, 0.0039
(10, 25): 1.4748, 0.0200, 1.2991, 0.0049
(10, 26): 1.4079, 0.0200, 1.3957, 0.0038
(10, 27): nan, nan, nan, 0.0000
(11, 1): nan, nan, nan, 0.0000
(11, 2): nan, nan, nan, 0.0000
(11, 3): nan, nan, nan, 0.0000
(11, 4): nan, nan, nan, 0.0000
(11, 5): nan, nan, nan, 0.0000
(11, 6): nan, nan, nan, 0.0000
(11, 7): nan, nan, nan, 0.0000
(11, 8): nan, nan, nan, 0.0000
(11, 9): nan, nan, nan, 0.0000
(2, 5): nan, nan, nan, 0.0000
(2, 6): nan, nan, nan, 0.0000
(2, 7): nan, nan, nan, 0.0000
(2, 8): nan, nan, nan, 0.0000
(2, 9): nan, nan, nan, 0.0000
(2, 10): nan, nan, nan, 0.0000
(2, 11): nan, nan, nan, 0.0000
(2, 12): nan, nan, nan, 0.0000
(2, 13): nan, nan, nan, 0.0000
(2, 14): nan, nan, nan, 0.0000
(2, 15): nan, nan, nan, 0.0000
(2, 16): nan, nan, nan, 0.0000
(2, 17): nan, nan, nan, 0.0000
(2, 18): nan, nan, nan, 0.0000
(2, 19): nan, nan, nan, 0.0000
(2, 20): 0.9390, 0.0200, 0.3605, 0.0058
(2, 21): 1.0386, 0.0200, 0.3194, 0.0067
(2, 22): nan, nan, nan, 0.0000
(2, 23): nan, nan, nan, 0.0000
(2, 24): nan, nan, nan, 0.0000
(2, 25): nan, nan, nan, 0.0000
(2, 26): nan, nan, nan, 0.0000
(2, 27): nan, nan, nan, 0.0000
(3, 1): nan, nan, nan, 0.0000
(3, 2): nan, nan, nan, 0.0000
(3, 3): nan, nan, nan, 0.0000
(3, 4): nan, nan, nan, 0.0000
(3, 5): nan, nan, nan, 0.0000
(3, 6): nan, nan, nan, 0.0000
(3, 7): nan, nan, nan, 0.0000
(3, 8): nan, nan, nan, 0.0000
