(10, 7): nan, nan, nan, 0.0000
(10, 8): nan, nan, nan, 0.0000
(10, 9): nan, nan, nan, 0.0000
(10, 10): 0.2118, 0.7506, 0.5531, 0.1799
(10, 11): 0.2800, 0.7550, 0.3075, 0.1779
(10, 12): 0.2856, 0.7506, 0.5219, 0.1790
(10, 13): nan, nan, nan, 0.0000
(10, 14): 0.1390, 0.7506, 0.2500, 0.1562
(10, 15): 0.2445, 0.7506, 0.7264, 0.2270
(10, 16): 0.2384, 0.7506, 0.7724, 0.2058
(10, 17): 0.2257, 0.7506, 0.8146, 0.1842
(10, 18): 0.2247, 0.7506, 0.8217, 0.1761
(10, 19): 0.2083, 0.7506, 0.8486, 0.1773
(10, 20): 0.2152, 0.7506, 0.8302, 0.1753
(10, 21): 0.2206, 0.7506, 0.8558, 0.1713
(10, 22): 0.2178, 0.7506, 0.8421, 0.1681
(10, 23): 0.2274, 0.7506, 0.8320, 0.1659
(10, 24): 0.2337, 0.7506, 0.8537, 0.1607
(10, 25): 0.2215, 0.7506, 0.8649, 0.1562
(10, 26): 0.2539, 0.7506, 0.7887, 0.1512
(10, 27): nan, nan, nan, 0.0000
(11, 1): nan, nan, nan, 0.0000
(11, 2): nan, nan, nan, 0.0000
(11, 3): nan, nan, nan, 0.0000
(11, 4): nan, nan, nan, 0.0000
(11, 5): nan, nan, nan, 0.0000
(11, 6): nan, nan, nan, 0.0000
(11, 7): nan, nan, nan, 0.0000
(11, 8): nan, nan, nan, 0.0000
(11, 9): nan, nan, nan, 0.0000
(11, 10): 0.2339, 0.7506, 0.6512, 0.1749
(11, 11): 0.2297, 0.7506, 0.8247, 0.1775
(11, 12): 0.2541, 0.7506, 0.8147, 0.1812
(11, 13): 0.3039, 0.7512, 0.3497, 0.1812
(11, 14): nan, nan, nan, 0.0000
(11, 15): nan, nan, nan, 0.0000
(11, 16): 0.2556, 0.7525, 0.2896, 0.1675
(11, 17): 0.2452, 0.7506, 0.7943, 0.1766
(11, 18): 0.2332, 0.7500, 0.8009, 0.1772
(11, 19): 0.2140, 0.7506, 0.8478, 0.1745
(11, 20): 0.2370, 0.7506, 0.8059, 0.1731
(11, 21): 0.2561, 0.7506, 0.8126, 0.1690
(11, 22): 0.2303, 0.7506, 0.8361, 0.1674
(11, 23): 0.2300, 0.7506, 0.8221, 0.1641
(11, 24): 0.2183, 0.7506, 0.8550, 0.1583
(11, 25): 0.2132, 0.7506, 0.8251, 0.1538
(11, 26): 0.2101, 0.7506, 0.8037, 0.1504
(11, 27): nan, nan, nan, 0.0000
(12, 1): nan, nan, nan, 0.0000
(12, 2): nan, nan, nan, 0.0000
(12, 3): nan, nan, nan, 0.0000
(12, 4): nan, nan, nan, 0.0000
(12, 5): nan, nan, nan, 0.0000
(12, 6): nan, nan, nan, 0.0000
(12, 7): nan, nan, nan, 0.0000
(12, 8): nan, nan, nan, 0.0000
(12, 9): nan, nan, nan, 0.0000
(12, 10): 0.2221, 0.7506, 0.8116, 0.1744
(12, 11): 0.2139, 0.7506, 0.8533, 0.1779
(12, 12): 0.2503, 0.7506, 0.8346, 0.1880
(12, 13): 0.2186, 0.7506, 0.6886, 0.1761
(12, 14): 0.2604, 0.7512, 0.4376, 0.1767
(12, 15): nan, nan, nan, 0.0000
(12, 16): 0.3465, 0.7506, 0.2903, 0.2071
(12, 17): 0.2358, 0.7506, 0.7898, 0.1820
(12, 18): 0.2308, 0.7506, 0.8304, 0.1743
(12, 19): 0.2486, 0.7506, 0.8184, 0.1735
(12, 20): 0.2096, 0.7506, 0.8608, 0.1713
(12, 21): 0.2136, 0.7506, 0.8551, 0.1699
(12, 22): 0.2292, 0.7506, 0.8470, 0.1628
(12, 23): 0.1854, 0.7506, 0.8663, 0.1607
(12, 24): 0.2391, 0.7506, 0.6982, 0.1582
(12, 25): 0.2278, 0.7525, 0.3525, 0.1609
(12, 26): 0.2206, 0.7506, 0.3297, 0.1534
(12, 27): nan, nan, nan, 0.0000
(13, 1): nan, nan, nan, 0.0000
(13, 2): nan, nan, nan, 0.0000
(13, 3): nan, nan, nan, 0.0000
(13, 4): nan, nan, nan, 0.0000
(13, 5): nan, nan, nan, 0.0000
(13, 6): nan, nan, nan, 0.0000
(13, 7): nan, nan, nan, 0.0000
(13, 8): nan, nan, nan, 0.0000
(13, 9): nan, nan, nan, 0.0000
(13, 10): 0.2078, 0.7506, 0.8616, 0.1710
(13, 11): 0.2214, 0.7506, 0.8606, 0.1721
(13, 12): 0.2176, 0.7506, 0.8384, 0.1701
(13, 13): 0.2302, 0.7506, 0.6913, 0.1715
(13, 14): 0.1711, 0.7513, 0.3097, 0.1618
(13, 15): nan, nan, nan, 0.0000
(13, 16): 0.1625, 0.7519, 0.2587, 0.1912
(13, 17): 0.2341, 0.7506, 0.6459, 0.2015
(13, 18): 0.2549, 0.7506, 0.7425, 0.1742
(13, 19): 0.2452, 0.7500, 0.8123, 0.1720
(13, 20): 0.2492, 0.7506, 0.8062, 0.1668
(13, 21): 0.2183, 0.7506, 0.8578, 0.1670
(13, 22): 0.2330, 0.7506, 0.8305, 0.1620
(13, 23): 0.2440, 0.7506, 0.7949, 0.1587
(13, 24): 0.2489, 0.7500, 0.6927, 0.1578
(13, 25): 0.8996, 0.7819, 0.0618, 0.1424
(13, 26): nan, nan, nan, 0.0000
(13, 27): nan, nan, nan, 0.0000
(14, 1): nan, nan, nan, 0.0000
(14, 2): nan, nan, nan, 0.0000
(14, 3): nan, nan, nan, 0.0000
(14, 4): nan, nan, nan, 0.0000
(14, 5): nan, nan, nan, 0.0000
(14, 6): nan, nan, nan, 0.0000
(14, 7): nan, nan, nan, 0.0000
(14, 8): nan, nan, nan, 0.0000
(14, 9): nan, nan, nan, 0.0000
(14, 10): 0.2037, 0.7506, 0.8875, 0.1696
(14, 11): 0.1954, 0.7506, 0.9138, 0.1767
(14, 12): 0.2229, 0.7506, 0.8312, 0.1757
(14, 13): 0.2584, 0.7537, 0.1762, 0.1596
(14, 14): nan, nan, nan, 0.0000
(14, 15): -0.4596, 0.7556, 0.4430, 0.1595
(14, 16): 0.2301, 0.7506, 0.6884, 0.2309
(14, 17): 0.2260, 0.7506, 0.8341, 0.1988
(14, 18): 0.2423, 0.7506, 0.8362, 0.1736
(14, 19): 0.2442, 0.7506, 0.8268, 0.1672
(14, 20): 0.2351, 0.7500, 0.8205, 0.1695
(14, 21): 0.2516, 0.7506, 0.7980, 0.1632
(14, 22): 0.2578, 0.7506, 0.7991, 0.1612
(14, 23): 0.2402, 0.7506, 0.8116, 0.1557
(14, 24): 0.2204, 0.7506, 0.7554, 0.1559
(14, 25): 0.2883, 0.7506, 0.4342, 0.1557
(14, 26): 0.2300, 0.7500, 0.5087, 0.1564
(14, 27): -1.2621, 0.7627, 0.2199, 0.1377
(15, 1): nan, nan, nan, 0.0000
(15, 2): nan, nan, nan, 0.0000
(15, 3): nan, nan, nan, 0.0000
(15, 4): nan, nan, nan, 0.0000
(15, 5): nan, nan, nan, 0.0000
(15, 6): nan, nan, nan, 0.0000
(15, 7): nan, nan, nan, 0.0000
(15, 8): nan, nan, nan, 0.0000
(15, 9): 0.2828, 0.7506, 0.2794, 0.1824
(15, 10): 0.2099, 0.7506, 0.8817, 0.2290
(15, 11): 0.2225, 0.7506, 0.8739, 0.2091
(15, 12): 0.2260, 0.7506, 0.8883, 0.2406
(15, 13): 0.2288, 0.7506, 0.3699, 0.1985
(15, 14): -0.3306, 0.7644, 0.1298, 0.1526
(15, 15): 0.2231, 0.7506, 0.7218, 0.1800
(15, 16): 0.2435, 0.7506, 0.8231, 0.1941
(15, 17): 0.2275, 0.7506, 0.8006, 0.2127
(15, 18): 0.2221, 0.7506, 0.7593, 0.1853
(15, 19): 0.2187, 0.7506, 0.8459, 0.1655
(15, 20): 0.2308, 0.7506, 0.8090, 0.1645
(15, 21): 0.2670, 0.7519, 0.7829, 0.1604
(15, 22): 0.2563, 0.7506, 0.7981, 0.1597
(15, 23): 0.2360, 0.7506, 0.8044, 0.1571
(15, 24): 0.2062, 0.7506, 0.8239, 0.1558
(15, 25): 0.2227, 0.7512, 0.8190, 0.1527
(15, 26): 0.1941, 0.7506, 0.8256, 0.1512
(15, 27): 0.2586, 0.7506, 0.5479, 0.1546
(16, 1): nan, nan, nan, 0.0000
(16, 2): nan, nan, nan, 0.0000
(16, 3): nan, nan, nan, 0.0000
(16, 4): nan, nan, nan, 0.0000
(16, 5): nan, nan, nan, 0.0000
(16, 6): nan, nan, nan, 0.0000
(16, 7): nan, nan, nan, 0.0000
(16, 8): nan, nan, nan, 0.0000
(16, 9): 0.2457, 0.7512, 0.3743, 0.1801
(16, 10): 0.2295, 0.7506, 0.8537, 0.2565
(16, 11): 0.2168, 0.7506, 0.8870, 0.2942
(16, 12): 0.2066, 0.7506, 0.8510, 0.1789
(16, 13): 0.2068, 0.7512, 0.3716, 0.1842
(16, 14): 0.2250, 0.7506, 0.8589, 0.1759
(16, 15): 0.2205, 0.7506, 0.9057, 0.1889
(16, 16): 0.2615, 0.7506, 0.7433, 0.2045
(16, 17): 0.1899, 0.7506, 0.7547, 0.1861
(16, 18): 0.1970, 0.7506, 0.8716, 0.1712
(16, 19): 0.2073, 0.7506, 0.8665, 0.1621
(16, 20): 0.2506, 0.7506, 0.7842, 0.1604
(16, 21): 0.2327, 0.7506, 0.7896, 0.1591
(16, 22): 0.2406, 0.7506, 0.8195, 0.1578
(16, 23): 0.2410, 0.7506, 0.8072, 0.1573
(16, 24): 0.2231, 0.7506, 0.8475, 0.1540
(16, 25): 0.2080, 0.7506, 0.8446, 0.1553
(16, 26): 0.2070, 0.7506, 0.8304, 0.1505
(16, 27): 0.2059, 0.7506, 0.5425, 0.1547
(17, 1): nan, nan, nan, 0.0000
(17, 2): nan, nan, nan, 0.0000
(17, 3): nan, nan, nan, 0.0000
(17, 4): nan, nan, nan, 0.0000
(17, 5): nan, nan, nan, 0.0000
(17, 6): nan, nan, nan, 0.0000
(17, 7): nan, nan, nan, 0.0000
(17, 8): nan, nan, nan, 0.0000
(17, 9): 0.2465, 0.7506, 0.6324, 0.1805
(17, 10): 0.2256, 0.7506, 0.8567, 0.2049
(17, 11): 0.2344, 0.7506, 0.8692, 0.1866
(17, 12): 0.2249, 0.7506, 0.8712, 0.2302
(17, 13): 0.2377, 0.7506, 0.7344, 0.1738
(17, 14): 0.2146, 0.7500, 0.6809, 0.1742
(17, 15): 0.1906, 0.7506, 0.7976, 0.1763
(17, 16): 0.2072, 0.7506, 0.7756, 0.1698
(17, 17): 0.2306, 0.7506, 0.8546, 0.1669
(17, 18): 0.1977, 0.7506, 0.8766, 0.1728
(17, 19): 0.2153, 0.7506, 0.8450, 0.1737
(17, 20): 0.2211, 0.7506, 0.8284, 0.1581
(17, 21): 0.2321, 0.7506, 0.8227, 0.1592
(17, 22): 0.2409, 0.7506, 0.8339, 0.1567
(17, 23): 0.2322, 0.7506, 0.8245, 0.1598
(17, 24): 0.2419, 0.7506, 0.8212, 0.1565
(17, 25): 0.2067, 0.7506, 0.8504, 0.1559
(17, 26): 0.2207, 0.7506, 0.7302, 0.1561
(17, 27): nan, nan, nan, 0.0000
(18, 1): nan, nan, nan, 0.0000
(18, 2): nan, nan, nan, 0.0000
(18, 3): nan, nan, nan, 0.0000
(18, 4): nan, nan, nan, 0.0000
(18, 5): nan, nan, nan, 0.0000
(18, 6): nan, nan, nan, 0.0000
(18, 7): nan, nan, nan, 0.0000
(18, 8): 0.6286, 0.7594, 0.1074, 0.1523
(18, 9): 0.2213, 0.7512, 0.8134, 0.1857
(18, 10): 0.2420, 0.7506, 0.8536, 0.1863
(18, 11): 0.2583, 0.7506, 0.8412, 0.1751
(18, 12): 0.2481, 0.7506, 0.8378, 0.1720
(18, 13): 0.2459, 0.7506, 0.8415, 0.1663
(18, 14): 0.2225, 0.7506, 0.8718, 0.1632
(18, 15): 0.2114, 0.7506, 0.8851, 0.1600
(18, 16): 0.2297, 0.7506, 0.8390, 0.1591
(18, 17): 0.2315, 0.7506, 0.8318, 0.1640
(18, 18): 0.1944, 0.7500, 0.8566, 0.1709
(18, 19): 0.2006, 0.7506, 0.8649, 0.1871
(18, 20): 0.2155, 0.7506, 0.8373, 0.1571
(18, 21): 0.2453, 0.7506, 0.7928, 0.1586
(18, 22): 0.2332, 0.7506, 0.8234, 0.1604
(18, 23): 0.2419, 0.7506, 0.8195, 0.1582
(18, 24): 0.2501, 0.7506, 0.8038, 0.1545
(18, 25): 0.2548, 0.7506, 0.7290, 0.1528
(18, 26): 0.2964, 0.7506, 0.2853, 0.1564
(18, 27): nan, nan, nan, 0.0000
(19, 1): nan, nan, nan, 0.0000
(19, 2): nan, nan, nan, 0.0000
(19, 3): nan, nan, nan, 0.0000
(19, 4): nan, nan, nan, 0.0000
(19, 5): nan, nan, nan, 0.0000
(19, 6): nan, nan, nan, 0.0000
(19, 7): nan, nan, nan, 0.0000
(19, 8): 0.2240, 0.7506, 0.5211, 0.1714
(19, 9): 0.2469, 0.7506, 0.8517, 0.2622
(19, 10): 0.2623, 0.7500, 0.8479, 0.1696
(19, 11): 0.2650, 0.7506, 0.8177, 0.1713
(19, 12): 0.2614, 0.7506, 0.8341, 0.1640
(1, 1): nan, nan, nan, 0.0000
(1, 2): nan, nan, nan, 0.0000
(1, 3): nan, nan, nan, 0.0000
(1, 4): nan, nan, nan, 0.0000
(1, 5): nan, nan, nan, 0.0000
(1, 6): nan, nan, nan, 0.0000
(1, 7): nan, nan, nan, 0.0000
(1, 8): nan, nan, nan, 0.0000
(1, 9): nan, nan, nan, 0.0000
(1, 10): nan, nan, nan, 0.0000
(1, 11): nan, nan, nan, 0.0000
(1, 12): nan, nan, nan, 0.0000
(1, 13): nan, nan, nan, 0.0000
(1, 14): nan, nan, nan, 0.0000
(1, 15): nan, nan, nan, 0.0000
(1, 16): nan, nan, nan, 0.0000
(1, 17): nan, nan, nan, 0.0000
(1, 18): nan, nan, nan, 0.0000
(1, 19): nan, nan, nan, 0.0000
(1, 20): nan, nan, nan, 0.0000
(1, 21): nan, nan, nan, 0.0000
(1, 22): nan, nan, nan, 0.0000
(1, 23): nan, nan, nan, 0.0000
(1, 24): nan, nan, nan, 0.0000
(1, 25): nan, nan, nan, 0.0000
(1, 26): nan, nan, nan, 0.0000
(1, 27): nan, nan, nan, 0.0000
(2, 1): nan, nan, nan, 0.0000
(2, 2): nan, nan, nan, 0.0000
(2, 3): nan, nan, nan, 0.0000
(2, 4): nan, nan, nan, 0.0000
(2, 5): nan, nan, nan, 0.0000
(2, 6): nan, nan, nan, 0.0000
(2, 7): nan, nan, nan, 0.0000
(2, 8): nan, nan, nan, 0.0000
(2, 9): nan, nan, nan, 0.0000
(2, 10): nan, nan, nan, 0.0000
(2, 11): nan, nan, nan, 0.0000
(2, 12): nan, nan, nan, 0.0000
(2, 13): nan, nan, nan, 0.0000
(2, 14): nan, nan, nan, 0.0000
(2, 15): nan, nan, nan, 0.0000
(2, 16): nan, nan, nan, 0.0000
(2, 17): nan, nan, nan, 0.0000
(2, 18): nan, nan, nan, 0.0000
(2, 19): nan, nan, nan, 0.0000
(2, 20): 0.1229, 0.7531, 0.2550, 0.1681
(2, 21): 0.3060, 0.7519, 0.2356, 0.1646
(2, 22): nan, nan, nan, 0.0000
(2, 23): nan, nan, nan, 0.0000
(2, 24): nan, nan, nan, 0.0000
(2, 25): nan, nan, nan, 0.0000
(2, 26): nan, nan, nan, 0.0000
(2, 27): nan, nan, nan, 0.0000
(3, 1): nan, nan, nan, 0.0000
(3, 2): nan, nan, nan, 0.0000
(3, 3): nan, nan, nan, 0.0000
(3, 4): nan, nan, nan, 0.0000
(3, 5): nan, nan, nan, 0.0000
(3, 6): nan, nan, nan, 0.0000
(3, 7): nan, nan, nan, 0.0000
(3, 8): nan, nan, nan, 0.0000
(3, 9): nan, nan, nan, 0.0000
(3, 10): nan, nan, nan, 0.0000
(3, 11): nan, nan, nan, 0.0000
(3, 12): nan, nan, nan, 0.0000
(3, 13): nan, nan, nan, 0.0000
(3, 14): nan, nan, nan, 0.0000
(3, 15): nan, nan, nan, 0.0000
(3, 16): 0.0913, 0.7531, 0.4014, 0.1939
(3, 17): 0.1811, 0.7506, 0.3690, 0.1945
(3, 18): 0.3531, 0.7556, 0.2138, 0.1817
(3, 19): 0.1472, 0.7513, 0.3549, 0.1809
(3, 20): 1.1349, 0.7544, 0.1102, 0.1763
(3, 21): 0.1289, 0.7512, 0.3303, 0.1821
(3, 22): 0.2107, 0.7506, 0.5467, 0.1801
(3, 23): 0.2201, 0.7506, 0.7874, 0.1740
(3, 24): 0.2304, 0.7506, 0.6874, 0.1741
(3, 25): nan, nan, nan, 0.0000
(3, 26): nan, nan, nan, 0.0000
(3, 27): nan, nan, nan, 0.0000
(4, 1): nan, nan, nan, 0.0000
(4, 2): nan, nan, nan, 0.0000
(4, 3): nan, nan, nan, 0.0000
(4, 4): nan, nan, nan, 0.0000
(4, 5): nan, nan, nan, 0.0000
(4, 6): nan, nan, nan, 0.0000
(4, 7): nan, nan, nan, 0.0000
(4, 8): nan, nan, nan, 0.0000
(4, 9): nan, nan, nan, 0.0000
(4, 10): nan, nan, nan, 0.0000
(4, 11): nan, nan, nan, 0.0000
(4, 12): nan, nan, nan, 0.0000
(4, 13): 0.1775, 0.7506, 0.3315, 0.1728
(4, 14): 0.2293, 0.7500, 0.4952, 0.1909
(4, 15): 0.1328, 0.7513, 0.3177, 0.1899
(4, 16): 0.1085, 0.7506, 0.3310, 0.1872
(4, 17): 0.1690, 0.7506, 0.2680, 0.1863
(4, 18): 0.2130, 0.7506, 0.5872, 0.1893
(4, 19): 0.2098, 0.7512, 0.7318, 0.1881
(4, 20): 0.1916, 0.7506, 0.8468, 0.1797
(4, 21): 0.2093, 0.7506, 0.8523, 0.1806
(4, 22): 0.2154, 0.7506, 0.8498, 0.1742
(4, 23): 0.2250, 0.7506, 0.8172, 0.1689
(4, 24): 0.2518, 0.7506, 0.7990, 0.1669
(4, 25): 0.2510, 0.7506, 0.5624, 0.1661
(4, 26): 0.2649, 0.7537, 0.3015, 0.1501
(4, 27): nan, nan, nan, 0.0000
(5, 1): nan, nan, nan, 0.0000
(5, 2): nan, nan, nan, 0.0000
(5, 3): nan, nan, nan, 0.0000
(5, 4): nan, nan, nan, 0.0000
(5, 5): nan, nan, nan, 0.0000
(5, 6): nan, nan, nan, 0.0000
(5, 7): nan, nan, nan, 0.0000
(5, 8): nan, nan, nan, 0.0000
(5, 9): nan, nan, nan, 0.0000
(5, 10): nan, nan, nan, 0.0000
(5, 11): nan, nan, nan, 0.0000
(5, 12): nan, nan, nan, 0.0000
(5, 13): 0.2773, 0.7506, 0.3578, 0.1777
(5, 14): nan, nan, nan, 0.0000
(5, 15): nan, nan, nan, 0.0000
(5, 16): 1.2518, 0.7506, 0.3267, 0.1995
(5, 17): 0.1766, 0.7506, 0.8697, 0.1960
(5, 18): 0.1871, 0.7506, 0.8600, 0.1860
(5, 19): 0.2065, 0.7506, 0.8790, 0.1839
(5, 20): 0.2040, 0.7506, 0.8758, 0.1834
(5, 21): 0.2221, 0.7506, 0.8557, 0.1792
(5, 22): 0.2111, 0.7506, 0.8562, 0.1751
(5, 23): 0.2257, 0.7506, 0.8300, 0.1690
(5, 24): 0.2475, 0.7506, 0.8132, 0.1698
(5, 25): 0.2204, 0.7506, 0.8418, 0.1678
(5, 26): 0.2710, 0.7506, 0.7609, 0.1610
(5, 27): 0.3064, 0.7506, 0.3592, 0.1614
(6, 1): nan, nan, nan, 0.0000
(6, 2): nan, nan, nan, 0.0000
(6, 3): nan, nan, nan, 0.0000
(6, 4): nan, nan, nan, 0.0000
(6, 5): nan, nan, nan, 0.0000
(6, 6): nan, nan, nan, 0.0000
(6, 7): nan, nan, nan, 0.0000
(6, 8): nan, nan, nan, 0.0000
(6, 9): nan, nan, nan, 0.0000
(6, 10): nan, nan, nan, 0.0000
(6, 11): 0.3231, 0.7512, 0.3866, 0.1757
(6, 12): 0.3029, 0.7562, 0.3100, 0.1676
(6, 13): nan, nan, nan, 0.0000
(6, 14): nan, nan, nan, 0.0000
(6, 15): 0.2111, 0.7506, 0.5707, 0.2179
(6, 16): 0.2056, 0.7506, 0.8441, 0.2094
(6, 17): 0.1924, 0.7506, 0.8459, 0.1950
(6, 18): 0.1745, 0.7506, 0.8606, 0.1881
(6, 19): 0.2092, 0.7506, 0.8457, 0.1858
(6, 20): 0.2261, 0.7506, 0.8301, 0.1805
(6, 21): 0.2081, 0.7506, 0.8759, 0.1745
(6, 22): 0.2307, 0.7512, 0.8523, 0.1762
(6, 23): 0.2387, 0.7506, 0.8333, 0.1731
(6, 24): 0.2147, 0.7506, 0.8453, 0.1704
(6, 25): 0.2535, 0.7506, 0.8335, 0.1620
(6, 26): 0.2719, 0.7506, 0.8068, 0.1557
(6, 27): 0.1872, 0.7506, 0.4163, 0.1677
(7, 1): nan, nan, nan, 0.0000
(7, 2): nan, nan, nan, 0.0000
(7, 3): nan, nan, nan, 0.0000
(7, 4): nan, nan, nan, 0.0000
(7, 5): nan, nan, nan, 0.0000
(7, 6): nan, nan, nan, 0.0000
(7, 7): nan, nan, nan, 0.0000
(7, 8): nan, nan, nan, 0.0000
(7, 9): nan, nan, nan, 0.0000
(7, 10): -1.5083, 0.7718, 0.5280, 0.1535
(7, 11): 0.2581, 0.7513, 0.3729, 0.1820
(7, 12): nan, nan, nan, 0.0000
(7, 13): nan, nan, nan, 0.0000
(7, 14): nan, nan, nan, 0.0000
(7, 15): 0.1962, 0.7506, 0.8256, 0.3008
(7, 16): 0.1759, 0.7506, 0.8583, 0.2319
(7, 17): 0.1777, 0.7506, 0.8523, 0.1861
(7, 18): 0.1852, 0.7506, 0.8594, 0.1843
(7, 19): 0.2152, 0.7506, 0.8432, 0.1865
(7, 20): 0.1998, 0.7506, 0.8656, 0.1810
(7, 21): 0.2204, 0.7506, 0.8709, 0.1776
(7, 22): 0.2053, 0.7506, 0.8858, 0.1733
(7, 23): 0.2281, 0.7506, 0.8582, 0.1697
(7, 24): 0.2465, 0.7506, 0.8451, 0.1631
(7, 25): 0.2428, 0.7506, 0.8390, 0.1607
(7, 26): 0.2318, 0.7506, 0.8465, 0.1534
(7, 27): 0.2467, 0.7506, 0.5643, 0.1590
(8, 1): nan, nan, nan, 0.0000
(8, 2): nan, nan, nan, 0.0000
(8, 3): nan, nan, nan, 0.0000
(8, 4): nan, nan, nan, 0.0000
(8, 5): nan, nan, nan, 0.0000
(8, 6): nan, nan, nan, 0.0000
(8, 7): nan, nan, nan, 0.0000
(8, 8): nan, nan, nan, 0.0000
(8, 9): nan, nan, nan, 0.0000
(8, 10): 0.2213, 0.7506, 0.5087, 0.1785
(8, 11): 0.2341, 0.7512, 0.4857, 0.1763
(8, 12): nan, nan, nan, 0.0000
(8, 13): nan, nan, nan, 0.0000
(8, 14): 0.2308, 0.7512, 0.3121, 0.1822
(8, 15): 0.1972, 0.7506, 0.8242, 0.3901
(8, 16): 0.1882, 0.7506, 0.8494, 0.2315
(8, 17): 0.1947, 0.7506, 0.8418, 0.1887
(8, 18): 0.2169, 0.7506, 0.8475, 0.1834
(8, 19): 0.1874, 0.7506, 0.8764, 0.1802
(8, 20): 0.2129, 0.7506, 0.8568, 0.1762
(8, 21): 0.2133, 0.7506, 0.8724, 0.1742
(8, 22): 0.2034, 0.7506, 0.8709, 0.1686
(8, 23): 0.2426, 0.7506, 0.8454, 0.1672
(8, 24): 0.2472, 0.7506, 0.8455, 0.1627
(8, 25): 0.2337, 0.7506, 0.8574, 0.1574
(8, 26): 0.2401, 0.7506, 0.8586, 0.1537
(8, 27): 0.2628, 0.7506, 0.5290, 0.1609
(9, 1): nan, nan, nan, 0.0000
(9, 2): nan, nan, nan, 0.0000
(9, 3): nan, nan, nan, 0.0000
(9, 4): nan, nan, nan, 0.0000
(9, 5): nan, nan, nan, 0.0000
(9, 6): nan, nan, nan, 0.0000
(9, 7): nan, nan, nan, 0.0000
(9, 8): nan, nan, nan, 0.0000
(9, 9): nan, nan, nan, 0.0000
(9, 10): 0.2069, 0.7506, 0.5228, 0.1721
(9, 11): -1.3931, 0.7560, 0.4810, 0.1561
(9, 12): nan, nan, nan, 0.0000
(9, 13): nan, nan, nan, 0.0000
(9, 14): nan, nan, nan, 0.0000
(9, 15): 0.2182, 0.7506, 0.7386, 0.3508
(9, 16): 0.2472, 0.7506, 0.8022, 0.2134
(9, 17): 0.2327, 0.7506, 0.8075, 0.1888
(9, 18): 0.2216, 0.7506, 0.8498, 0.1845
(9, 19): 0.2089, 0.7506, 0.8548, 0.1781
(9, 20): 0.2083, 0.7506, 0.8684, 0.1753
(9, 21): 0.2255, 0.7506, 0.8564, 0.1735
(9, 22): 0.1907, 0.7506, 0.8754, 0.1826
(9, 23): 0.2108, 0.7506, 0.8723, 0.1670
(9, 24): 0.2308, 0.7506, 0.8619, 0.1621
(9, 25): 0.2304, 0.7506, 0.8729, 0.1544
(9, 26): 0.2093, 0.7506, 0.8759, 0.1559
(9, 27): 0.1414, 0.7544, 0.2738, 0.1515
(10, 1): nan, nan, nan, 0.0000
(10, 2): nan, nan, nan, 0.0000
(10, 3): nan, nan, nan, 0.0000
(10, 4): nan, nan, nan, 0.0000
(10, 5): nan, nan, nan, 0.0000
(10, 6): nan, nan, nan, 0.0000
(19, 13): 0.2363, 0.7506, 0.8410, 0.1590
(19, 14): 0.2125, 0.7506, 0.8528, 0.1570
(19, 15): 0.1917, 0.7506, 0.8780, 0.1572
(19, 16): 0.1971, 0.7506, 0.8739, 0.1593
(19, 17): 0.2224, 0.7506, 0.8237, 0.1590
(19, 18): 0.2311, 0.7506, 0.8235, 0.1595
(19, 19): 0.1907, 0.7506, 0.8705, 0.1815
(19, 20): 0.2043, 0.7506, 0.8312, 0.1617
(19, 21): 0.2317, 0.7506, 0.8094, 0.1545
(19, 22): 0.2263, 0.7506, 0.8358, 0.1570
(19, 23): 0.2395, 0.7506, 0.8506, 0.1554
(19, 24): 0.2510, 0.7506, 0.8509, 0.1551
(19, 25): 0.2822, 0.7506, 0.5819, 0.1589
(19, 26): 0.3347, 0.7875, 0.1338, 0.1410
(19, 27): nan, nan, nan, 0.0000
(20, 1): nan, nan, nan, 0.0000
(20, 2): nan, nan, nan, 0.0000
(20, 3): nan, nan, nan, 0.0000
(20, 4): nan, nan, nan, 0.0000
(20, 5): nan, nan, nan, 0.0000
(20, 6): nan, nan, nan, 0.0000
(20, 7): 0.1323, 0.7525, 0.3385, 0.1642
(20, 8): 0.2268, 0.7506, 0.8877, 0.1846
(20, 9): 0.2296, 0.7506, 0.8679, 0.1878
(20, 10): 0.2369, 0.7506, 0.8611, 0.1657
(20, 11): 0.2508, 0.7506, 0.8529, 0.1631
(20, 12): 0.2518, 0.7506, 0.8262, 0.1618
(20, 13): 0.2416, 0.7506, 0.8184, 0.1664
(20, 14): 0.2045, 0.7506, 0.8517, 0.1666
(20, 15): 0.2158, 0.7506, 0.8545, 0.1546
(20, 16): 0.2240, 0.7506, 0.8556, 0.1564
(20, 17): 0.2020, 0.7506, 0.8382, 0.1548
(20, 18): 0.2088, 0.7512, 0.8461, 0.1592
(20, 19): 0.1930, 0.7506, 0.8616, 0.1646
(20, 20): 0.2017, 0.7506, 0.8396, 0.1601
(20, 21): 0.2141, 0.7506, 0.8554, 0.1551
(20, 22): 0.2261, 0.7506, 0.8439, 0.1557
(20, 23): 0.2259, 0.7506, 0.8617, 0.1553
(20, 24): 0.2248, 0.7506, 0.8855, 0.1514
(20, 25): 0.2282, 0.7506, 0.8174, 0.1525
(20, 26): 0.1950, 0.7525, 0.3551, 0.1525
(20, 27): nan, nan, nan, 0.0000
(21, 1): nan, nan, nan, 0.0000
(21, 2): nan, nan, nan, 0.0000
(21, 3): nan, nan, nan, 0.0000
(21, 4): nan, nan, nan, 0.0000
(21, 5): nan, nan, nan, 0.0000
(21, 6): 0.1201, 0.7506, 0.3830, 0.1653
(21, 7): 0.2473, 0.7506, 0.7743, 0.1662
(21, 8): 0.2288, 0.7506, 0.8772, 0.1692
(21, 9): 0.2085, 0.7506, 0.8896, 0.1774
(21, 10): 0.2203, 0.7506, 0.8824, 0.1669
(21, 11): 0.2288, 0.7506, 0.8631, 0.1607
(21, 12): 0.2372, 0.7506, 0.8194, 0.1584
(21, 13): 0.2454, 0.7506, 0.8304, 0.1592
(21, 14): 0.2157, 0.7506, 0.8335, 0.1549
(21, 15): 0.2183, 0.7506, 0.8433, 0.1532
(21, 16): 0.2190, 0.7506, 0.8210, 0.1555
(21, 17): 0.2100, 0.7506, 0.8270, 0.1558
(21, 18): 0.2101, 0.7506, 0.8714, 0.1588
(21, 19): 0.2262, 0.7506, 0.8180, 0.1571
(21, 20): 0.2280, 0.7506, 0.8166, 0.1565
(21, 21): 0.2032, 0.7506, 0.7161, 0.1607
(21, 22): 0.1760, 0.7506, 0.7556, 0.1585
(21, 23): 0.1739, 0.7506, 0.7515, 0.1590
(21, 24): 0.2418, 0.7506, 0.4069, 0.1593
(21, 25): nan, nan, nan, 0.0000
(21, 26): nan, nan, nan, 0.0000
(21, 27): nan, nan, nan, 0.0000
(22, 1): nan, nan, nan, 0.0000
(22, 2): nan, nan, nan, 0.0000
(22, 3): nan, nan, nan, 0.0000
(22, 4): nan, nan, nan, 0.0000
(22, 5): nan, nan, nan, 0.0000
(22, 6): 0.2236, 0.7506, 0.6432, 0.1741
(22, 7): 0.2791, 0.7506, 0.8307, 0.1669
(22, 8): 0.2350, 0.7506, 0.8407, 0.1661
(22, 9): 0.2249, 0.7506, 0.8415, 0.1916
(22, 10): 0.2231, 0.7506, 0.8440, 0.2911
(22, 11): 0.2095, 0.7506, 0.8682, 0.1627
(22, 12): 0.2309, 0.7506, 0.8344, 0.1577
(22, 13): 0.2280, 0.7506, 0.8436, 0.1563
(22, 14): 0.1992, 0.7506, 0.8443, 0.1531
(22, 15): 0.1806, 0.7506, 0.8480, 0.1535
(22, 16): 0.2163, 0.7506, 0.7978, 0.1543
(22, 17): 0.2078, 0.7506, 0.8246, 0.1560
(22, 18): 0.2290, 0.7512, 0.8171, 0.1622
(22, 19): 0.2143, 0.7506, 0.8165, 0.1692
(22, 20): 0.2247, 0.7506, 0.6432, 0.1648
(22, 21): 0.2478, 0.7525, 0.2993, 0.1522
(22, 22): nan, nan, nan, 0.0000
(22, 23): nan, nan, nan, 0.0000
(22, 24): nan, nan, nan, 0.0000
(22, 25): nan, nan, nan, 0.0000
(22, 26): nan, nan, nan, 0.0000
(22, 27): nan, nan, nan, 0.0000
(23, 1): nan, nan, nan, 0.0000
(23, 2): nan, nan, nan, 0.0000
(23, 3): nan, nan, nan, 0.0000
(23, 4): nan, nan, nan, 0.0000
(23, 5): 0.2111, 0.7513, 0.3432, 0.1700
(23, 6): 0.2423, 0.7506, 0.5384, 0.1762
(23, 7): 0.2301, 0.7500, 0.6672, 0.1697
(23, 8): 0.2009, 0.7506, 0.8429, 0.1687
(23, 9): 0.2060, 0.7506, 0.8719, 0.1680
(23, 10): 0.2230, 0.7506, 0.8566, 0.2105
(23, 11): 0.2012, 0.7506, 0.8645, 0.2646
(23, 12): 0.2121, 0.7506, 0.8325, 0.1667
(23, 13): 0.2309, 0.7506, 0.8306, 0.1574
(23, 14): 0.2290, 0.7506, 0.8013, 0.1548
(23, 15): 0.2164, 0.7506, 0.8157, 0.1556
(23, 16): 0.2318, 0.7506, 0.8254, 0.1592
(23, 17): 0.2113, 0.7506, 0.8373, 0.1685
(23, 18): 0.2394, 0.7506, 0.8278, 0.1643
(23, 19): 0.2523, 0.7506, 0.8266, 0.1576
(23, 20): 0.2519, 0.7506, 0.6885, 0.1639
(23, 21): nan, nan, nan, 0.0000
(23, 22): nan, nan, nan, 0.0000
(23, 23): nan, nan, nan, 0.0000
(23, 24): nan, nan, nan, 0.0000
(23, 25): nan, nan, nan, 0.0000
(23, 26): nan, nan, nan, 0.0000
(23, 27): nan, nan, nan, 0.0000
(24, 1): nan, nan, nan, 0.0000
(24, 2): nan, nan, nan, 0.0000
(24, 3): nan, nan, nan, 0.0000
(24, 4): 0.0976, 0.7506, 0.3457, 0.1593
(24, 5): 0.2261, 0.7506, 0.4021, 0.1759
(24, 6): 0.2341, 0.7506, 0.4039, 0.1797
(24, 7): 0.2103, 0.7506, 0.7494, 0.1695
(24, 8): 0.1816, 0.7506, 0.6339, 0.1718
(24, 9): 0.2066, 0.7506, 0.7313, 0.1645
(24, 10): 0.1851, 0.7506, 0.7214, 0.1677
(24, 11): 0.1876, 0.7506, 0.8534, 0.1890
(24, 12): 0.2305, 0.7512, 0.8453, 0.1811
(24, 13): 0.2112, 0.7506, 0.8253, 0.1589
(24, 14): 0.2189, 0.7506, 0.8300, 0.1615
(24, 15): 0.2346, 0.7506, 0.8165, 0.1729
(24, 16): 0.2201, 0.7506, 0.8361, 0.1802
(24, 17): 0.2201, 0.7506, 0.8525, 0.1689
(24, 18): 0.2373, 0.7506, 0.8309, 0.1584
(24, 19): 0.2322, 0.7506, 0.8507, 0.1552
(24, 20): 0.2295, 0.7506, 0.8424, 0.1580
(24, 21): 0.2420, 0.7506, 0.5566, 0.1568
(24, 22): nan, nan, nan, 0.0000
(24, 23): nan, nan, nan, 0.0000
(24, 24): nan, nan, nan, 0.0000
(24, 25): nan, nan, nan, 0.0000
(24, 26): nan, nan, nan, 0.0000
(24, 27): nan, nan, nan, 0.0000
(25, 1): nan, nan, nan, 0.0000
(25, 2): nan, nan, nan, 0.0000
(25, 3): nan, nan, nan, 0.0000
(25, 4): 0.2196, 0.7506, 0.5334, 0.1677
(25, 5): 0.2059, 0.7500, 0.6289, 0.1675
(25, 6): 0.2175, 0.7506, 0.7607, 0.1690
(25, 7): 0.1780, 0.7506, 0.4718, 0.1749
(25, 8): 0.1933, 0.7506, 0.7332, 0.1689
(25, 9): 0.1975, 0.7506, 0.8351, 0.1650
(25, 10): 0.2300, 0.7512, 0.8239, 0.1621
(25, 11): 0.2406, 0.7506, 0.8355, 0.1607
(25, 12): 0.2379, 0.7506, 0.8076, 0.1618
(25, 13): 0.2539, 0.7506, 0.7863, 0.1598
(25, 14): 0.2321, 0.7506, 0.8361, 0.1648
(25, 15): 0.2408, 0.7506, 0.8352, 0.1649
(25, 16): 0.2538, 0.7506, 0.8050, 0.1630
(25, 17): 0.2287, 0.7506, 0.8390, 0.1619
(25, 18): 0.2318, 0.7506, 0.8372, 0.1545
(25, 19): 0.2127, 0.7506, 0.8628, 0.1556
(25, 20): 0.2084, 0.7506, 0.8574, 0.1540
(25, 21): 0.2319, 0.7506, 0.8248, 0.1568
(25, 22): 0.3596, 0.7512, 0.3755, 0.1583
(25, 23): nan, nan, nan, 0.0000
(25, 24): nan, nan, nan, 0.0000
(25, 25): nan, nan, nan, 0.0000
(25, 26): nan, nan, nan, 0.0000
(25, 27): nan, nan, nan, 0.0000
(26, 1): nan, nan, nan, 0.0000
(26, 2): 1.4251, 0.7788, 0.0484, 0.1452
(26, 3): 0.2544, 0.7512, 0.3940, 0.1595
(26, 4): 0.2116, 0.7512, 0.5522, 0.1686
(26, 5): 0.1752, 0.7506, 0.5362, 0.1624
(26, 6): 0.1733, 0.7503, 0.4870, 0.1696
(26, 7): 0.2077, 0.7506, 0.7441, 0.1657
(26, 8): 0.1963, 0.7506, 0.8591, 0.1624
(26, 9): 0.2159, 0.7506, 0.8564, 0.1597
(26, 10): 0.2113, 0.7500, 0.8590, 0.1610
(26, 11): 0.2259, 0.7512, 0.8404, 0.1599
(26, 12): 0.2081, 0.7506, 0.8372, 0.1576
(26, 13): 0.2416, 0.7506, 0.8186, 0.1549
(26, 14): 0.2321, 0.7506, 0.8522, 0.1608
(26, 15): 0.2256, 0.7506, 0.8405, 0.1582
(26, 16): 0.2280, 0.7506, 0.8392, 0.1552
(26, 17): 0.2127, 0.7506, 0.8506, 0.1559
(26, 18): 0.2302, 0.7506, 0.8253, 0.1553
(26, 19): 0.2126, 0.7506, 0.8370, 0.1585
(26, 20): 0.2063, 0.7506, 0.8437, 0.1555
(26, 21): 0.2453, 0.7506, 0.8327, 0.1524
(26, 22): 0.2375, 0.7506, 0.6860, 0.1528
(26, 23): nan, nan, nan, 0.0000
(26, 24): nan, nan, nan, 0.0000
(26, 25): nan, nan, nan, 0.0000
(26, 26): nan, nan, nan, 0.0000
(26, 27): nan, nan, nan, 0.0000
(27, 1): nan, nan, nan, 0.0000
(27, 2): 0.2394, 0.7512, 0.4089, 0.1607
(27, 3): 0.2287, 0.7506, 0.7907, 0.1588
(27, 4): 0.2187, 0.7506, 0.8418, 0.1550
(27, 5): 0.2027, 0.7506, 0.9069, 0.1535
(27, 6): 0.1921, 0.7506, 0.7305, 0.1603
(27, 7): 0.1799, 0.7506, 0.3770, 0.1719
(27, 8): 0.2117, 0.7506, 0.7285, 0.1617
(27, 9): 0.2172, 0.7506, 0.7015, 0.1638
(27, 10): 0.2689, 0.7506, 0.6515, 0.1655
(27, 11): 0.2811, 0.7506, 0.6549, 0.1609
(27, 12): 0.2611, 0.7506, 0.4613, 0.1622
(27, 13): 0.2640, 0.7512, 0.6872, 0.1570
(27, 14): 0.2464, 0.7506, 0.5920, 0.1615
(27, 15): 0.2277, 0.7506, 0.8425, 0.1587
(27, 16): 0.2118, 0.7506, 0.8827, 0.1565
(27, 17): 0.2043, 0.7506, 0.8496, 0.1619
(27, 18): 0.2117, 0.7506, 0.8527, 0.1565
(27, 19): 0.2138, 0.7506, 0.8676, 0.1536
(27, 20): 0.2275, 0.7506, 0.8456, 0.1519
(27, 21): 0.2385, 0.7506, 0.8618, 0.1496
(27, 22): 0.2373, 0.7506, 0.7095, 0.1565
(27, 23): nan, nan, nan, 0.0000
(27, 24): nan, nan, nan, 0.0000
(27, 25): nan, nan, nan, 0.0000
(27, 26): nan, nan, nan, 0.0000
(27, 27): nan, nan, nan, 0.0000
(28, 1): nan, nan, nan, 0.0000
(28, 2): -1.0139, 0.7455, 0.9754, 0.1321
(28, 3): 0.2200, 0.7506, 0.4615, 0.1592
(28, 4): 0.1971, 0.7506, 0.5116, 0.1639
(28, 5): 0.2478, 0.7506, 0.6974, 0.1533
(28, 6): 0.1927, 0.7506, 0.4724, 0.1658
(28, 7): 0.2207, 0.7506, 0.4719, 0.1613
(28, 8): 0.2359, 0.7506, 0.6499, 0.1602
(28, 9): 0.2602, 0.7506, 0.5576, 0.1654
(28, 10): nan, nan, nan, 0.0000
(28, 11): nan, nan, nan, 0.0000
(28, 12): nan, nan, nan, 0.0000
(28, 13): nan, nan, nan, 0.0000
(28, 14): 0.2739, 0.7512, 0.3359, 0.1570
(28, 15): 0.2586, 0.7506, 0.7809, 0.1630
(28, 16): 0.2404, 0.7506, 0.8332, 0.1567
(28, 17): 0.2347, 0.7506, 0.8384, 0.1529
(28, 18): 0.2450, 0.7506, 0.8160, 0.1514
(28, 19): 0.2338, 0.7506, 0.8199, 0.1491
(28, 20): 0.2264, 0.7506, 0.8504, 0.1531
(28, 21): 0.2602, 0.7506, 0.8318, 0.1528
(28, 22): 0.3289, 0.7506, 0.4204, 0.1601
(28, 23): nan, nan, nan, 0.0000
(28, 24): nan, nan, nan, 0.0000
(28, 25): nan, nan, nan, 0.0000
(28, 26): nan, nan, nan, 0.0000
(28, 27): nan, nan, nan, 0.0000
(29, 1): nan, nan, nan, 0.0000
(29, 2): 0.2590, 0.7506, 0.7961, 0.1486
(29, 3): 0.2349, 0.7506, 0.8944, 0.1427
(29, 4): 0.2439, 0.7506, 0.7578, 0.1480
(29, 5): 0.2439, 0.7506, 0.6699, 0.1521
(29, 6): 0.2553, 0.7506, 0.8488, 0.1507
(29, 7): 0.2273, 0.7506, 0.7539, 0.1552
(29, 8): 0.6527, 0.8300, 0.1356, 0.1417
(29, 9): nan, nan, nan, 0.0000
(29, 10): nan, nan, nan, 0.0000
(29, 11): nan, nan, nan, 0.0000
(29, 12): nan, nan, nan, 0.0000
(29, 13): nan, nan, nan, 0.0000
(29, 14): nan, nan, nan, 0.0000
(29, 15): 0.2040, 0.7513, 0.3399, 0.1495
(29, 16): 0.3191, 0.7512, 0.4214, 0.1566
(29, 17): -0.1054, 0.7675, 0.2352, 0.1396
(29, 18): 0.2471, 0.7500, 0.6636, 0.1559
(29, 19): 0.2206, 0.7506, 0.8397, 0.1533
(29, 20): 0.2533, 0.7506, 0.8140, 0.1543
(29, 21): 0.2586, 0.7506, 0.8180, 0.1574
(29, 22): 0.8237, 0.7544, 0.2708, 0.1593
(29, 23): nan, nan, nan, 0.0000
(29, 24): nan, nan, nan, 0.0000
(29, 25): nan, nan, nan, 0.0000
(29, 26): nan, nan, nan, 0.0000
(29, 27): nan, nan, nan, 0.0000
(30, 1): nan, nan, nan, 0.0000
(30, 2): 0.2882, 0.7506, 0.5552, 0.1526
(30, 3): 0.2075, 0.7506, 0.4052, 0.1519
(30, 4): 0.1884, 0.7531, 0.3688, 0.1518
(30, 5): 0.2504, 0.7506, 0.7778, 0.1536
(30, 6): 0.2478, 0.7506, 0.7113, 0.1543
(30, 7): 0.0922, 0.7506, 0.4191, 0.1491
(30, 8): nan, nan, nan, 0.0000
(30, 9): nan, nan, nan, 0.0000
(30, 10): nan, nan, nan, 0.0000
(30, 11): nan, nan, nan, 0.0000
(30, 12): nan, nan, nan, 0.0000
(30, 13): nan, nan, nan, 0.0000
(30, 14): nan, nan, nan, 0.0000
(30, 15): nan, nan, nan, 0.0000
(30, 16): nan, nan, nan, 0.0000
(30, 17): nan, nan, nan, 0.0000
(30, 18): nan, nan, nan, 0.0000
(30, 19): 0.2681, 0.7506, 0.3523, 0.1586
(30, 20): 0.2753, 0.7506, 0.6782, 0.1624
(30, 21): 0.2705, 0.7506, 0.7665, 0.1572
(30, 22): 0.2542, 0.7513, 0.3980, 0.1601
(30, 23): nan, nan, nan, 0.0000
(30, 24): nan, nan, nan, 0.0000
(30, 25): nan, nan, nan, 0.0000
(30, 26): nan, nan, nan, 0.0000
(30, 27): nan, nan, nan, 0.0000
(31, 1): nan, nan, nan, 0.0000
(31, 2): nan, nan, nan, 0.0000
(31, 3): nan, nan, nan, 0.0000
(31, 4): nan, nan, nan, 0.0000
(31, 5): nan, nan, nan, 0.0000
(31, 6): nan, nan, nan, 0.0000
(31, 7): nan, nan, nan, 0.0000
(31, 8): nan, nan, nan, 0.0000
(31, 9): nan, nan, nan, 0.0000
(31, 10): nan, nan, nan, 0.0000
(31, 11): nan, nan, nan, 0.0000
(31, 12): nan, nan, nan, 0.0000
(31, 13): nan, nan, nan, 0.0000
(31, 14): nan, nan, nan, 0.0000
(31, 15): nan, nan, nan, 0.0000
(31, 16): nan, nan, nan, 0.0000
(31, 17): nan, nan, nan, 0.0000
(31, 18): nan, nan, nan, 0.0000
(31, 19): 0.1219, 0.7512, 0.2678, 0.1485
(31, 20): 0.2489, 0.7512, 0.7482, 0.1557
(31, 21): 0.3775, 0.7519, 0.3129, 0.1525
(31, 22): nan, nan, nan, 0.0000
(31, 23): nan, nan, nan, 0.0000
(31, 24): nan, nan, nan, 0.0000
(31, 25): nan, nan, nan, 0.0000
(31, 26): nan, nan, nan, 0.0000
(31, 27): nan, nan, nan, 0.0000
(32, 1): nan, nan, nan, 0.0000
(32, 2): nan, nan, nan, 0.0000
(32, 3): nan, nan, nan, 0.0000
(32, 4): nan, nan, nan, 0.0000
(32, 5): nan, nan, nan, 0.0000
(32, 6): nan, nan, nan, 0.0000
(32, 7): nan, nan, nan, 0.0000
(32, 8): nan, nan, nan, 0.0000
(32, 9): nan, nan, nan, 0.0000
(32, 10): nan, nan, nan, 0.0000
(32, 11): nan, nan, nan, 0.0000
(32, 12): nan, nan, nan, 0.0000
(32, 13): nan, nan, nan, 0.0000
(32, 14): nan, nan, nan, 0.0000
(32, 15): nan, nan, nan, 0.0000
(32, 16): nan, nan, nan, 0.0000
(32, 17): nan, nan, nan, 0.0000
(32, 18): nan, nan, nan, 0.0000
(32, 19): 0.1379, 0.7569, 0.3151, 0.1559
(32, 20): 0.1929, 0.7512, 0.8777, 0.1563
(32, 21): 0.2104, 0.7506, 0.6097, 0.1565
(32, 22): 0.2742, 0.7506, 0.2483, 0.1466
(32, 23): nan, nan, nan, 0.0000
(32, 24): nan, nan, nan, 0.0000
(32, 25): nan, nan, nan, 0.0000
(32, 26): nan, nan, nan, 0.0000
(32, 27): nan, nan, nan, 0.0000
(33, 1): nan, nan, nan, 0.0000
(33, 2): nan, nan, nan, 0.0000
(33, 3): nan, nan, nan, 0.0000
(33, 4): nan, nan, nan, 0.0000
(33, 5): nan, nan, nan, 0.0000
(33, 6): nan, nan, nan, 0.0000
(33, 7): nan, nan, nan, 0.0000
(33, 8): nan, nan, nan, 0.0000
(33, 9): nan, nan, nan, 0.0000
(33, 10): nan, nan, nan, 0.0000
(33, 11): nan, nan, nan, 0.0000
(33, 12): nan, nan, nan, 0.0000
(33, 13): nan, nan, nan, 0.0000
(33, 14): nan, nan, nan, 0.0000
(33, 15): nan, nan, nan, 0.0000
(33, 16): nan, nan, nan, 0.0000
(33, 17): nan, nan, nan, 0.0000
(33, 18): nan, nan, nan, 0.0000
(33, 19): 0.2360, 0.7506, 0.5844, 0.1556
(33, 20): 0.2362, 0.7506, 0.8728, 0.1522
(33, 21): 0.2190, 0.7506, 0.8885, 0.1558
(33, 22): 0.2588, 0.7513, 0.4304, 0.1561
(33, 23): nan, nan, nan, 0.0000
(33, 24): nan, nan, nan, 0.0000
(33, 25): nan, nan, nan, 0.0000
(33, 26): nan, nan, nan, 0.0000
(33, 27): nan, nan, nan, 0.0000
(34, 1): nan, nan, nan, 0.0000
(34, 2): nan, nan, nan, 0.0000
(34, 3): nan, nan, nan, 0.0000
(34, 4): nan, nan, nan, 0.0000
(34, 5): nan, nan, nan, 0.0000
(34, 6): nan, nan, nan, 0.0000
(34, 7): nan, nan, nan, 0.0000
(34, 8): nan, nan, nan, 0.0000
(34, 9): nan, nan, nan, 0.0000
(34, 10): nan, nan, nan, 0.0000
(34, 11): nan, nan, nan, 0.0000
(34, 12): nan, nan, nan, 0.0000
(34, 13): nan, nan, nan, 0.0000
(34, 14): nan, nan, nan, 0.0000
(34, 15): nan, nan, nan, 0.0000
(34, 16): nan, nan, nan, 0.0000
(34, 17): nan, nan, nan, 0.0000
(34, 18): nan, nan, nan, 0.0000
(34, 19): 0.2728, 0.7506, 0.5125, 0.1578
(34, 20): 0.2358, 0.7506, 0.8771, 0.1511
(34, 21): 0.2303, 0.7506, 0.8712, 0.1531
(34, 22): 0.3712, 0.7512, 0.2594, 0.1505
(34, 23): nan, nan, nan, 0.0000
(34, 24): nan, nan, nan, 0.0000
(34, 25): nan, nan, nan, 0.0000
(34, 26): nan, nan, nan, 0.0000
(34, 27): nan, nan, nan, 0.0000
(35, 1): nan, nan, nan, 0.0000
(35, 2): nan, nan, nan, 0.0000
(35, 3): nan, nan, nan, 0.0000
(35, 4): nan, nan, nan, 0.0000
(35, 5): nan, nan, nan, 0.0000
(35, 6): nan, nan, nan, 0.0000
(35, 7): nan, nan, nan, 0.0000
(35, 8): nan, nan, nan, 0.0000
(35, 9): nan, nan, nan, 0.0000
(35, 10): nan, nan, nan, 0.0000
(35, 11): nan, nan, nan, 0.0000
(35, 12): nan, nan, nan, 0.0000
(35, 13): nan, nan, nan, 0.0000
(35, 14): nan, nan, nan, 0.0000
(35, 15): nan, nan, nan, 0.0000
(35, 16): nan, nan, nan, 0.0000
(35, 17): nan, nan, nan, 0.0000
(35, 18): nan, nan, nan, 0.0000
(35, 19): nan, nan, nan, 0.0000
(35, 20): nan, nan, nan, 0.0000
(35, 21): nan, nan, nan, 0.0000
(35, 22): nan, nan, nan, 0.0000
(35, 23): nan, nan, nan, 0.0000
(35, 24): nan, nan, nan, 0.0000
(35, 25): nan, nan, nan, 0.0000
(35, 26): nan, nan, nan, 0.0000
(35, 27): nan, nan, nan, 0.0000
(36, 1): nan, nan, nan, 0.0000
(36, 2): nan, nan, nan, 0.0000
(36, 3): nan, nan, nan, 0.0000
(36, 4): nan, nan, nan, 0.0000
(36, 5): nan, nan, nan, 0.0000
(36, 6): nan, nan, nan, 0.0000
(36, 7): nan, nan, nan, 0.0000
(36, 8): nan, nan, nan, 0.0000
(36, 9): nan, nan, nan, 0.0000
(36, 10): nan, nan, nan, 0.0000
(36, 11): nan, nan, nan, 0.0000
(36, 12): nan, nan, nan, 0.0000
(36, 13): nan, nan, nan, 0.0000
(36, 14): nan, nan, nan, 0.0000
(36, 15): nan, nan, nan, 0.0000
(36, 16): nan, nan, nan, 0.0000
(36, 17): nan, nan, nan, 0.0000
(36, 18): nan, nan, nan, 0.0000
(36, 19): nan, nan, nan, 0.0000
(36, 20): nan, nan, nan, 0.0000
(36, 21): nan, nan, nan, 0.0000
(36, 22): nan, nan, nan, 0.0000
(36, 23): nan, nan, nan, 0.0000
(36, 24): nan, nan, nan, 0.0000
(36, 25): nan, nan, nan, 0.0000
(36, 26): nan, nan, nan, 0.0000
(36, 27): nan, nan, nan, 0.0000
(37, 1): nan, nan, nan, 0.0000
(37, 2): nan, nan, nan, 0.0000
(37, 3): nan, nan, nan, 0.0000
(37, 4): nan, nan, nan, 0.0000
(37, 5): nan, nan, nan, 0.0000
(37, 6): nan, nan, nan, 0.0000
(37, 7): nan, nan, nan, 0.0000
(37, 8): nan, nan, nan, 0.0000
(37, 9): nan, nan, nan, 0.0000
(37, 10): nan, nan, nan, 0.0000
(37, 11): nan, nan, nan, 0.0000
(37, 12): nan, nan, nan, 0.0000
(37, 13): nan, nan, nan, 0.0000
(37, 14): nan, nan, nan, 0.0000
(37, 15): nan, nan, nan, 0.0000
(37, 16): nan, nan, nan, 0.0000
(37, 17): nan, nan, nan, 0.0000
(37, 18): nan, nan, nan, 0.0000
(37, 19): nan, nan, nan, 0.0000
(37, 20): nan, nan, nan, 0.0000
(37, 21): nan, nan, nan, 0.0000
(37, 22): nan, nan, nan, 0.0000
(37, 23): nan, nan, nan, 0.0000
(37, 24): nan, nan, nan, 0.0000
(37, 25): nan, nan, nan, 0.0000
(37, 26): nan, nan, nan, 0.0000
(37, 27): nan, nan, nan, 0.0000
