(1, 1): -1.3127, 11.0015, 3.4561
(1, 2): -1.3127, 11.0015, 3.4561
(1, 3): -1.3127, 11.0015, 3.4561
(1, 4): -1.3127, 11.0015, 3.4561
(1, 5): -1.3127, 11.0015, 3.4561
(1, 6): -1.3127, 11.0015, 3.4561
(1, 7): -1.3127, 11.0015, 3.4561
(1, 8): -1.3127, 11.0015, 3.4561
(1, 9): -1.3127, 11.0015, 3.4561
(1, 10): 0.9184, 11.0181, 0.6397
(1, 11): 1.3976, 11.4488, 1.1701
(1, 12): 1.3976, 11.4488, 1.1701
(1, 13): -2.0575, 10.9952, 12.0528
(1, 14): -2.0575, 10.9952, 12.0528
(1, 15): -2.2955, 10.9730, 10.6816
(1, 16): -2.2955, 10.9730, 10.6816
(1, 17): -2.2955, 10.9730, 10.6816
(1, 18): -2.2955, 10.9730, 10.6816
(1, 19): -2.6757, 10.9252, 26.3716
(1, 20): -1.8735, 10.9765, 9.6152
(1, 21): -1.3782, 10.9893, 4.5328
(1, 22): -1.3782, 10.9893, 4.5328
(1, 23): -1.3782, 10.9893, 4.5328
(1, 24): -1.5506, 10.9833, 10.2539
(1, 25): -1.5506, 10.9833, 10.2539
(1, 26): -1.5506, 10.9833, 10.2539
(2, 1): -1.3127, 11.0015, 3.4561
(2, 2): -1.3127, 11.0015, 3.4561
(2, 3): -1.3127, 11.0015, 3.4561
(2, 4): -1.3127, 11.0015, 3.4561
(2, 5): -1.3127, 11.0015, 3.4561
(2, 6): -1.3127, 11.0015, 3.4561
(2, 7): -1.3127, 11.0015, 3.4561
(2, 8): -1.3127, 11.0015, 3.4561
(2, 9): -1.3127, 11.0015, 3.4561
(2, 10): -1.3127, 11.0015, 3.4561
(2, 11): 0.9184, 11.0181, 0.6397
(2, 12): 1.3976, 11.4488, 1.1701
(2, 13): 1.3976, 11.4488, 1.1701
(2, 14): -2.0575, 10.9952, 12.0528
(2, 15): -2.0575, 10.9952, 12.0528
(2, 16): -2.2955, 10.9730, 10.6816
(2, 17): -2.2955, 10.9730, 10.6816
(2, 18): -2.2955, 10.9730, 10.6816
(2, 19): -2.6757, 10.9252, 26.3716
(2, 20): -1.8735, 10.9765, 9.6152
(2, 21): 0.3806, 11.1369, 1.3965
(2, 22): -1.3782, 10.9893, 4.5328
(2, 23): -1.3782, 10.9893, 4.5328
(2, 24): -1.5506, 10.9833, 10.2539
(2, 25): -1.5506, 10.9833, 10.2539
(2, 26): -2.5432, 11.0024, 2.4418
(3, 1): -1.3127, 11.0015, 3.4561
(3, 2): -1.3127, 11.0015, 3.4561
(3, 3): -1.3127, 11.0015, 3.4561
(3, 4): -1.3127, 11.0015, 3.4561
(3, 5): -1.3127, 11.0015, 3.4561
(3, 6): -1.3127, 11.0015, 3.4561
(3, 7): -1.3127, 11.0015, 3.4561
(3, 8): -1.3127, 11.0015, 3.4561
(3, 9): -1.3127, 11.0015, 3.4561
(3, 10): -1.3127, 11.0015, 3.4561
(3, 11): 0.9184, 11.0181, 0.6397
(3, 12): 0.9184, 11.0181, 0.6397
(3, 13): 1.3976, 11.4488, 1.1701
(3, 14): 1.3976, 11.4488, 1.1701
(3, 15): -2.0575, 10.9952, 12.0528
(3, 16): -2.0575, 10.9952, 12.0528
(3, 17): -2.2955, 10.9730, 10.6816
(3, 18): -2.2955, 10.9730, 10.6816
(3, 19): -2.6757, 10.9252, 26.3716
(3, 20): -1.8735, 10.9765, 9.6152
(3, 21): 0.3806, 11.1369, 1.3965
(3, 22): -1.5149, 10.9833, 7.3423
(3, 23): -1.3782, 10.9893, 4.5328
(3, 24): -1.5506, 10.9833, 10.2539
(3, 25): -2.5432, 11.0024, 2.4418
(3, 26): -2.5432, 11.0024, 2.4418
(4, 1): -1.3127, 11.0015, 3.4561
(4, 2): -1.3127, 11.0015, 3.4561
(4, 3): -1.3127, 11.0015, 3.4561
(4, 4): -1.3127, 11.0015, 3.4561
(4, 5): -1.3127, 11.0015, 3.4561
(4, 6): -1.3127, 11.0015, 3.4561
(4, 7): -1.3127, 11.0015, 3.4561
(4, 8): -1.3127, 11.0015, 3.4561
(4, 9): -1.3127, 11.0015, 3.4561
(4, 10): -1.3127, 11.0015, 3.4561
(4, 11): 0.9184, 11.0181, 0.6397
(4, 12): 0.9184, 11.0181, 0.6397
(4, 13): 0.9184, 11.0181, 0.6397
(4, 14): 1.3976, 11.4488, 1.1701
(4, 15): 1.3976, 11.4488, 1.1701
(4, 16): -2.0575, 10.9952, 12.0528
(4, 17): -2.0575, 10.9952, 12.0528
(4, 18): -2.2955, 10.9730, 10.6816
(4, 19): -2.6757, 10.9252, 26.3716
(4, 20): -1.8735, 10.9765, 9.6152
(4, 21): 0.3806, 11.1369, 1.3965
(4, 22): -1.5149, 10.9833, 7.3423
(4, 23): -0.3346, 11.2800, 2.5296
(4, 24): 1.1121, 11.2006, 0.6710
(4, 25): -2.5432, 11.0024, 2.4418
(4, 26): -2.5432, 11.0024, 2.4418
(5, 1): -1.3127, 11.0015, 3.4561
(5, 2): -1.3127, 11.0015, 3.4561
(5, 3): -1.3127, 11.0015, 3.4561
(5, 4): -1.3127, 11.0015, 3.4561
(5, 5): -1.3127, 11.0015, 3.4561
(5, 6): -1.3127, 11.0015, 3.4561
(5, 7): -1.3127, 11.0015, 3.4561
(5, 8): -1.3127, 11.0015, 3.4561
(5, 9): -1.3127, 11.0015, 3.4561
(5, 10): -1.3127, 11.0015, 3.4561
(5, 11): -1.3127, 11.0015, 3.4561
(5, 12): 0.9184, 11.0181, 0.6397
(5, 13): 0.9184, 11.0181, 0.6397
(5, 14): 0.9184, 11.0181, 0.6397
(5, 15): 1.3976, 11.4488, 1.1701
(5, 16): 1.3976, 11.4488, 1.1701
(5, 17): -2.0575, 10.9952, 12.0528
(5, 18): 0.8491, 11.0294, 1.8282
(5, 19): -0.1443, 11.7494, 4.1588
(5, 20): -0.5742, 11.1944, 6.0314
(5, 21): 0.0288, 11.3675, 2.4311
(5, 22): -0.0623, 11.0019, 2.5736
(5, 23): -1.2871, 10.9828, 5.5294
(5, 24): -0.3598, 11.3137, 2.3415
(5, 25): -0.1907, 11.5294, 2.4887
(5, 26): -0.3318, 11.5750, 4.1524
(6, 1): -1.3127, 11.0015, 3.4561
(6, 2): -1.3127, 11.0015, 3.4561
(6, 3): -1.3127, 11.0015, 3.4561
(6, 4): -1.3127, 11.0015, 3.4561
(6, 5): -1.3127, 11.0015, 3.4561
(6, 6): -1.3127, 11.0015, 3.4561
(6, 7): -1.3127, 11.0015, 3.4561
(6, 8): -1.3127, 11.0015, 3.4561
(6, 9): -1.3127, 11.0015, 3.4561
(6, 10): -1.3127, 11.0015, 3.4561
(6, 11): -1.3127, 11.0015, 3.4561
(6, 12): 0.9184, 11.0181, 0.6397
(6, 13): 0.9184, 11.0181, 0.6397
(6, 14): 0.9184, 11.0181, 0.6397
(6, 15): 0.9184, 11.0181, 0.6397
(6, 16): 1.3976, 11.4488, 1.1701
(6, 17): 0.0487, 11.5675, 6.2519
(6, 18): -1.4247, 10.9829, 12.7240
(6, 19): 0.6074, 11.2431, 3.4154
(6, 20): -1.5567, 10.9977, 9.9911
(6, 21): -0.4148, 11.5975, 3.9505
(6, 22): 0.1127, 11.6637, 2.3358
(6, 23): -2.3524, 10.9526, 17.7440
(6, 24): 0.5693, 11.0519, 1.2195
(6, 25): -0.0196, 11.2650, 3.6718
(6, 26): -1.6776, 11.0055, 9.2145
(7, 1): -1.3127, 11.0015, 3.4561
(7, 2): -1.3127, 11.0015, 3.4561
(7, 3): -1.3127, 11.0015, 3.4561
(7, 4): -1.3127, 11.0015, 3.4561
(7, 5): -1.3127, 11.0015, 3.4561
(7, 6): -1.3127, 11.0015, 3.4561
(7, 7): -1.3127, 11.0015, 3.4561
(7, 8): -1.3127, 11.0015, 3.4561
(7, 9): -1.3127, 11.0015, 3.4561
(7, 10): -1.3127, 11.0015, 3.4561
(7, 11): -1.3127, 11.0015, 3.4561
(7, 12): -1.3127, 11.0015, 3.4561
(7, 13): 0.9184, 11.0181, 0.6397
(7, 14): 0.9184, 11.0181, 0.6397
(7, 15): 0.9184, 11.0181, 0.6397
(7, 16): -1.5147, 10.9785, 6.0922
(7, 17): -0.4152, 11.0063, 6.4626
(7, 18): 0.6561, 11.3712, 4.8647
(7, 19): 0.9887, 11.2675, 1.7193
(7, 20): 0.2904, 11.6600, 1.7913
(7, 21): -1.4144, 11.0375, 8.8303
(7, 22): -1.3011, 11.0183, 8.2869
(7, 23): 0.0705, 11.1169, 2.7989
(7, 24): -0.1072, 11.1469, 2.6674
(7, 25): 0.2712, 11.2519, 1.8816
(7, 26): 0.1338, 11.0631, 1.9357
(8, 1): -1.3127, 11.0015, 3.4561
(8, 2): -1.3127, 11.0015, 3.4561
(8, 3): -1.3127, 11.0015, 3.4561
(8, 4): -1.3127, 11.0015, 3.4561
(8, 5): -1.3127, 11.0015, 3.4561
(8, 6): -1.3127, 11.0015, 3.4561
(8, 7): -1.3127, 11.0015, 3.4561
(8, 8): -1.3127, 11.0015, 3.4561
(8, 9): -1.3127, 11.0015, 3.4561
(8, 10): -1.3127, 11.0015, 3.4561
(8, 11): -1.3127, 11.0015, 3.4561
(8, 12): -1.6775, 10.9952, 8.6900
(8, 13): 0.2000, 11.0812, 2.0550
(8, 14): 0.2000, 11.0812, 2.0550
(8, 15): 0.2000, 11.0812, 2.0550
(8, 16): 0.7497, 11.5206, 1.2764
(8, 17): -0.3444, 11.1406, 4.5523
(8, 18): 1.0684, 11.2775, 0.9998
(8, 19): -1.0785, 11.0075, 14.2413
(8, 20): -1.5040, 10.9967, 13.6439
(8, 21): -0.2186, 11.3069, 3.9366
(8, 22): -0.2197, 11.3212, 3.8617
(8, 23): 0.0963, 11.3506, 3.1994
(8, 24): 0.2305, 11.0337, 2.8759
(8, 25): 0.0313, 11.0694, 2.8834
(8, 26): -1.4122, 10.9975, 8.5374
(9, 1): -1.3127, 11.0015, 3.4561
(9, 2): -1.3127, 11.0015, 3.4561
(9, 3): -1.3127, 11.0015, 3.4561
(9, 4): -1.3127, 11.0015, 3.4561
(9, 5): -1.3127, 11.0015, 3.4561
(9, 6): -1.3127, 11.0015, 3.4561
(9, 7): -1.3127, 11.0015, 3.4561
(9, 8): -1.3127, 11.0015, 3.4561
(9, 9): -1.3127, 11.0015, 3.4561
(9, 10): -1.3127, 11.0015, 3.4561
(9, 11): -1.3127, 11.0015, 3.4561
(9, 12): -1.6775, 10.9952, 8.6900
(9, 13): -1.6775, 10.9952, 8.6900
(9, 14): -1.6213, 10.9680, 8.0610
(9, 15): -1.6213, 10.9680, 8.0610
(9, 16): -0.2516, 11.1731, 4.2497
(9, 17): 3.7221, 11.1306, 0.0472
(9, 18): 0.5480, 11.3044, 1.8676
(9, 19): -1.3013, 10.9710, 16.8446
(9, 20): -0.7191, 11.0225, 7.6801
(9, 21): 0.6451, 11.6637, 2.2605
(9, 22): -0.2244, 11.0100, 2.9870
(9, 23): 0.2631, 11.1500, 2.4154
(9, 24): -0.0758, 11.0275, 3.3024
(9, 25): -1.0768, 10.9879, 7.5463
(9, 26): 0.4732, 11.2056, 1.7948
(10, 1): -2.1422, 10.9823, 15.6424
(10, 2): -2.1422, 10.9823, 15.6424
(10, 3): -2.1422, 10.9823, 15.6424
(10, 4): -2.1422, 10.9823, 15.6424
(10, 5): -2.1422, 10.9823, 15.6424
(10, 6): -2.1422, 10.9823, 15.6424
(10, 7): -2.1422, 10.9823, 15.6424
(10, 8): -2.1422, 10.9823, 15.6424
(10, 9): -2.1422, 10.9823, 15.6424
(10, 10): -2.1422, 10.9823, 15.6424
(10, 11): -1.3448, 10.9677, 13.5106
(10, 12): -1.6775, 10.9952, 8.6900
(10, 13): -1.6775, 10.9952, 8.6900
(10, 14): -0.1444, 11.0606, 2.9967
(10, 15): -0.1444, 11.0606, 2.9967
(10, 16): -0.3106, 11.0981, 4.1721
(10, 17): 0.6291, 11.0387, 1.7414
(10, 18): -1.1156, 10.9863, 9.0792
(10, 19): -0.2212, 11.4513, 5.0661
(10, 20): -1.4729, 10.9803, 10.7394
(10, 21): -0.4093, 11.2688, 3.0205
(10, 22): -0.6196, 11.0150, 5.1717
(10, 23): 0.2421, 11.3113, 2.2291
(10, 24): 0.0023, 11.1344, 3.7018
(10, 25): -0.3776, 11.0356, 3.7113
(10, 26): 0.2738, 11.0375, 3.9476
(11, 1): -2.1422, 10.9823, 15.6424
(11, 2): -2.1422, 10.9823, 15.6424
(11, 3): -2.1422, 10.9823, 15.6424
(11, 4): -2.1422, 10.9823, 15.6424
(11, 5): -2.1422, 10.9823, 15.6424
(11, 6): -2.1422, 10.9823, 15.6424
(11, 7): -2.1422, 10.9823, 15.6424
(11, 8): -2.1422, 10.9823, 15.6424
(11, 9): -2.1422, 10.9823, 15.6424
(11, 10): -2.1422, 10.9823, 15.6424
(11, 11): -1.3448, 10.9677, 13.5106
(11, 12): 0.1150, 11.0356, 2.9058
(11, 13): 0.1150, 11.0356, 2.9058
(11, 14): -0.1444, 11.0606, 2.9967
(11, 15): -0.1444, 11.0606, 2.9967
(11, 16): -0.3106, 11.0981, 4.1721
(11, 17): -0.3132, 11.7631, 12.2897
(11, 18): 0.5005, 11.0075, 2.7378
(11, 19): -0.2228, 11.1612, 3.9124
(11, 20): -0.0001, 11.1875, 3.5000
(11, 21): -1.2638, 11.0031, 8.5345
(11, 22): -1.1453, 10.9877, 11.7366
(11, 23): -0.3687, 11.0406, 6.0516
(11, 24): 0.3614, 11.1231, 1.9035
(11, 25): -0.3563, 11.3112, 1.9978
(11, 26): -1.4199, 10.9800, 7.4617
(12, 1): -0.2254, 11.1475, 4.8291
(12, 2): -0.2254, 11.1475, 4.8291
(12, 3): -0.2254, 11.1475, 4.8291
(12, 4): -0.2254, 11.1475, 4.8291
(12, 5): -0.2254, 11.1475, 4.8291
(12, 6): -0.2254, 11.1475, 4.8291
(12, 7): -0.2254, 11.1475, 4.8291
(12, 8): -0.2254, 11.1475, 4.8291
(12, 9): -0.2254, 11.1475, 4.8291
(12, 10): -0.2254, 11.1475, 4.8291
(12, 11): -0.3500, 11.0606, 3.1764
(12, 12): -0.4282, 11.0644, 4.4772
(12, 13): 2.8355, 11.0919, 0.0000
(12, 14): 2.8355, 11.0919, 0.0000
(12, 15): 0.1023, 11.0331, 2.9398
(12, 16): 0.1023, 11.0331, 2.9398
(12, 17): 0.1023, 11.0331, 2.9398
(12, 18): 1.1521, 11.0725, 1.2574
(12, 19): 0.0515, 11.2688, 4.4628
(12, 20): -1.1662, 10.9635, 10.4344
(12, 21): -0.2797, 11.1944, 3.2522
(12, 22): 0.1822, 11.1763, 3.4868
(12, 23): 0.7309, 11.4706, 0.8403
(12, 24): -1.4488, 10.9870, 4.6288
(12, 25): -1.4488, 10.9870, 4.6288
(12, 26): -1.4199, 10.9800, 7.4617
(13, 1): 1.3812, 11.6763, 0.1674
(13, 2): 0.1090, 11.2306, 2.3402
(13, 3): 0.1090, 11.2306, 2.3402
(13, 4): 0.1090, 11.2306, 2.3402
(13, 5): 0.1090, 11.2306, 2.3402
(13, 6): 0.1090, 11.2306, 2.3402
(13, 7): 0.1090, 11.2306, 2.3402
(13, 8): 0.1090, 11.2306, 2.3402
(13, 9): 0.1090, 11.2306, 2.3402
(13, 10): 0.1090, 11.2306, 2.3402
(13, 11): -0.5587, 11.1856, 6.0440
(13, 12): -0.2579, 11.0394, 1.9812
(13, 13): -1.7761, 10.9983, 3.7627
(13, 14): -1.7761, 10.9983, 3.7627
(13, 15): -1.2832, 10.9905, 6.0451
(13, 16): -1.7665, 10.9902, 5.2913
(13, 17): -1.7665, 10.9902, 5.2913
(13, 18): 0.8592, 11.4375, 1.8950
(13, 19): 0.5519, 11.1419, 1.1308
(13, 20): 0.6298, 11.1075, 1.5437
(13, 21): 0.2760, 11.0325, 1.8867
(13, 22): 0.5107, 11.1906, 1.6506
(13, 23): 0.1768, 11.0019, 2.6808
(13, 24): -1.6452, 10.9760, 13.2153
(13, 25): -1.6452, 10.9760, 13.2153
(13, 26): -1.6452, 10.9760, 13.2153
(14, 1): 1.3812, 11.6763, 0.1674
(14, 2): 1.3812, 11.6763, 0.1674
(14, 3): 1.3812, 11.6763, 0.1674
(14, 4): 1.3812, 11.6763, 0.1674
(14, 5): 0.4159, 11.3600, 1.8297
(14, 6): 0.4159, 11.3600, 1.8297
(14, 7): 0.4159, 11.3600, 1.8297
(14, 8): 0.4159, 11.3600, 1.8297
(14, 9): 0.4159, 11.3600, 1.8297
(14, 10): 0.4159, 11.3600, 1.8297
(14, 11): -0.3895, 11.4237, 3.8622
(14, 12): -0.1724, 11.8506, 2.2546
(14, 13): -1.7761, 10.9983, 3.7627
(14, 14): -1.7761, 10.9983, 3.7627
(14, 15): -1.2832, 10.9905, 6.0451
(14, 16): -1.2832, 10.9905, 6.0451
(14, 17): -0.7555, 11.0213, 4.5423
(14, 18): -1.2952, 10.9887, 9.1184
(14, 19): -1.0210, 11.0174, 6.2724
(14, 20): 0.1989, 11.1794, 1.4981
(14, 21): -0.0652, 11.0056, 2.5972
(14, 22): 0.6274, 11.1556, 1.3310
(14, 23): 0.3015, 11.0550, 2.2738
(14, 24): -1.4217, 10.9711, 13.4051
(14, 25): -1.4217, 10.9711, 13.4051
(14, 26): -2.0101, 10.9804, 12.9781
(15, 1): 1.3812, 11.6763, 0.1674
(15, 2): 1.3812, 11.6763, 0.1674
(15, 3): 1.3812, 11.6763, 0.1674
(15, 4): 1.3812, 11.6763, 0.1674
(15, 5): 1.3812, 11.6763, 0.1674
(15, 6): 1.3812, 11.6763, 0.1674
(15, 7): 1.3812, 11.6763, 0.1674
(15, 8): 0.2879, 11.2375, 1.5843
(15, 9): 0.2879, 11.2375, 1.5843
(15, 10): 0.2879, 11.2375, 1.5843
(15, 11): 0.3136, 11.0156, 1.9326
(15, 12): 0.2404, 11.0269, 2.0355
(15, 13): 0.2404, 11.0269, 2.0355
(15, 14): -1.4496, 10.9923, 10.0850
(15, 15): -1.3328, 10.9893, 6.7882
(15, 16): -0.3257, 11.1225, 2.5373
(15, 17): -0.0321, 11.1056, 1.9070
(15, 18): 1.2852, 11.3206, 1.0222
(15, 19): -0.3379, 11.0444, 3.6339
(15, 20): -0.5474, 11.0925, 4.7546
(15, 21): 0.2646, 11.0750, 1.7872
(15, 22): -0.0562, 11.4462, 2.0042
(15, 23): 0.0859, 11.0800, 2.2489
(15, 24): -0.0152, 11.0681, 2.6242
(15, 25): -1.4784, 10.9621, 15.5279
(15, 26): -2.0101, 10.9804, 12.9781
(16, 1): -1.6639, 10.9967, 6.1339
(16, 2): 1.3812, 11.6763, 0.1674
(16, 3): 1.3812, 11.6763, 0.1674
(16, 4): 1.3812, 11.6763, 0.1674
(16, 5): 1.3812, 11.6763, 0.1674
(16, 6): 1.3812, 11.6763, 0.1674
(16, 7): 1.3812, 11.6763, 0.1674
(16, 8): 1.3812, 11.6763, 0.1674
(16, 9): 0.1036, 11.1013, 3.4596
(16, 10): 0.1036, 11.1013, 3.4596
(16, 11): 0.2227, 11.2244, 2.5746
(16, 12): 0.2846, 11.1175, 1.7430
(16, 13): -1.4496, 10.9923, 10.0850
(16, 14): -1.4496, 10.9923, 10.0850
(16, 15): -0.7513, 11.0062, 5.2951
(16, 16): -1.1976, 10.9819, 5.3489
(16, 17): -3.4866, 10.9859, 15.9306
(16, 18): 0.4432, 11.0056, 2.1481
(16, 19): -0.0461, 11.0931, 3.7206
(16, 20): -0.2293, 11.4144, 3.9821
(16, 21): 0.3857, 11.1375, 1.2963
(16, 22): 0.3547, 11.0244, 2.0810
(16, 23): 0.0373, 11.5200, 2.5351
(16, 24): 0.0534, 11.0644, 2.9082
(16, 25): -0.3681, 11.3337, 5.9224
(16, 26): -1.5070, 10.9781, 15.4333
(17, 1): -1.9981, 11.0023, 2.7753
(17, 2): -1.6639, 10.9967, 6.1339
(17, 3): -1.6639, 10.9967, 6.1339
(17, 4): 1.3812, 11.6763, 0.1674
(17, 5): 1.3812, 11.6763, 0.1674
(17, 6): 1.3812, 11.6763, 0.1674
(17, 7): 1.3812, 11.6763, 0.1674
(17, 8): 1.3812, 11.6763, 0.1674
(17, 9): 1.3812, 11.6763, 0.1674
(17, 10): 0.4270, 11.1725, 1.9793
(17, 11): 0.2760, 11.2825, 2.3374
(17, 12): 0.0631, 12.0612, 3.6466
(17, 13): 0.1785, 12.6137, 3.1325
(17, 14): 2.5457, 11.0063, 0.0000
(17, 15): 1.0338, 11.0069, 0.1533
(17, 16): 0.3295, 11.3487, 1.4562
(17, 17): 0.1643, 11.2212, 3.1970
(17, 18): -1.4175, 10.9979, 7.1287
(17, 19): 0.1085, 11.4525, 6.0288
(17, 20): -0.1926, 11.1581, 2.9274
(17, 21): -0.5705, 11.2000, 4.8165
(17, 22): 0.4567, 11.0806, 1.6927
(17, 23): 0.1516, 11.2219, 2.8209
(17, 24): -0.3478, 11.1975, 4.7940
(17, 25): 0.8734, 11.1081, 1.0041
(17, 26): 2.0766, 11.8162, 0.2546
(18, 1): -1.9981, 11.0023, 2.7753
(18, 2): -1.9981, 11.0023, 2.7753
(18, 3): -1.6639, 10.9967, 6.1339
(18, 4): -1.6639, 10.9967, 6.1339
(18, 5): -0.2649, 11.3337, 2.9556
(18, 6): -0.2649, 11.3337, 2.9556
(18, 7): 0.3738, 11.6055, 2.5729
(18, 8): 0.3738, 11.6055, 2.5729
(18, 9): 0.3738, 11.6055, 2.5729
(18, 10): 0.5125, 11.0444, 2.0385
(18, 11): -0.4028, 11.5044, 5.3137
(18, 12): -0.0402, 11.2837, 2.9763
(18, 13): -1.2220, 10.9181, 14.2145
(18, 14): -0.5313, 11.3769, 5.9858
(18, 15): -1.1300, 10.9889, 6.4358
(18, 16): -0.0380, 11.3556, 2.0035
(18, 17): 0.6456, 11.0369, 1.5347
(18, 18): -1.1148, 10.9856, 4.6148
(18, 19): -0.1192, 11.0756, 3.2908
(18, 20): -1.2281, 10.9696, 7.5373
(18, 21): 0.5841, 11.2362, 1.6363
(18, 22): 0.0251, 11.0612, 2.6997
(18, 23): -0.1079, 11.0350, 4.5701
(18, 24): -2.1734, 10.9454, 19.9753
(18, 25): -0.2418, 11.1056, 4.5781
(18, 26): -0.2418, 11.1056, 4.5781
(19, 1): -1.9981, 11.0023, 2.7753
(19, 2): -1.9981, 11.0023, 2.7753
(19, 3): -1.9981, 11.0023, 2.7753
(19, 4): -1.6639, 10.9967, 6.1339
(19, 5): -1.6639, 10.9967, 6.1339
(19, 6): -0.2649, 11.3337, 2.9556
(19, 7): -0.2649, 11.3337, 2.9556
(19, 8): -0.2649, 11.3337, 2.9556
(19, 9): 0.0291, 11.1094, 5.4292
(19, 10): 0.0276, 11.1094, 5.3584
(19, 11): 0.3290, 11.1106, 4.4441
(19, 12): 0.1440, 11.0169, 3.2031
(19, 13): 0.0689, 11.4594, 3.2395
(19, 14): 0.1384, 11.0606, 1.2915
(19, 15): -0.0022, 11.3500, 2.4516
(19, 16): -1.0748, 10.9878, 4.2310
(19, 17): -0.2285, 11.2969, 4.2671
(19, 18): -1.1571, 11.0015, 9.4353
(19, 19): -1.2619, 10.9651, 10.3453
(19, 20): -1.2643, 10.9818, 8.8461
(19, 21): 0.1319, 11.1262, 1.7984
(19, 22): -1.2194, 11.0031, 8.9552
(19, 23): -0.3925, 11.0850, 6.9190
(19, 24): -0.1186, 11.2394, 6.7513
(19, 25): 1.6014, 11.0831, 0.4353
(19, 26): 1.6014, 11.0831, 0.4353
(20, 1): -1.9981, 11.0023, 2.7753
(20, 2): -1.9981, 11.0023, 2.7753
(20, 3): -1.9981, 11.0023, 2.7753
(20, 4): -1.9981, 11.0023, 2.7753
(20, 5): -1.6639, 10.9967, 6.1339
(20, 6): -1.6639, 10.9967, 6.1339
(20, 7): -0.2649, 11.3337, 2.9556
(20, 8): -0.2649, 11.3337, 2.9556
(20, 9): -0.7193, 11.0581, 9.2964
(20, 10): 0.1211, 11.5737, 1.8863
(20, 11): -0.8164, 11.0294, 6.6772
(20, 12): -0.5626, 11.1494, 6.5575
(20, 13): -0.5155, 11.1906, 7.7644
(20, 14): -1.1586, 10.9835, 6.4076
(20, 15): -0.2180, 11.3119, 3.8289
(20, 16): 0.2374, 12.0519, 3.8849
(20, 17): 0.5977, 11.1788, 1.1770
(20, 18): -1.2152, 10.9964, 8.2457
(20, 19): -1.4705, 10.9889, 11.3531
(20, 20): -1.1289, 10.9767, 8.8335
(20, 21): -0.4652, 11.0056, 5.3677
(20, 22): -0.1309, 11.0169, 2.9081
(20, 23): 0.7607, 11.5119, 1.4883
(20, 24): 0.2399, 11.0594, 3.2666
(20, 25): -0.1767, 11.0800, 4.7841
(20, 26): -0.1767, 11.0800, 4.7841
(21, 1): -1.9981, 11.0023, 2.7753
(21, 2): -1.9981, 11.0023, 2.7753
(21, 3): -1.9981, 11.0023, 2.7753
(21, 4): -1.9981, 11.0023, 2.7753
(21, 5): -1.9981, 11.0023, 2.7753
(21, 6): -1.6639, 10.9967, 6.1339
(21, 7): -1.6639, 10.9967, 6.1339
(21, 8): -0.0747, 11.0463, 2.9488
(21, 9): 0.1943, 11.2487, 1.3343
(21, 10): -0.1464, 11.5006, 3.5257
(21, 11): -0.1333, 11.3231, 3.7033
(21, 12): -1.3047, 10.9530, 15.8752
(21, 13): -1.0646, 10.9605, 16.2799
(21, 14): -1.3648, 10.9823, 6.7791
(21, 15): 0.2602, 12.2450, 2.6284
(21, 16): -1.0624, 10.9598, 15.7200
(21, 17): 0.3128, 11.3988, 0.7784
(21, 18): -0.3250, 11.1575, 3.8803
(21, 19): 1.0381, 11.2281, 0.8445
(21, 20): -1.3114, 10.9779, 12.6491
(21, 21): -1.5491, 10.8567, 8.0953
(21, 22): -2.1825, 10.9805, 16.7376
(21, 23): -1.4799, 10.9874, 6.8621
(21, 24): 0.2399, 11.0594, 3.2666
(21, 25): -0.1767, 11.0800, 4.7841
(21, 26): -0.1767, 11.0800, 4.7841
(22, 1): -1.9981, 11.0023, 2.7753
(22, 2): -1.9981, 11.0023, 2.7753
(22, 3): -1.9981, 11.0023, 2.7753
(22, 4): -1.9981, 11.0023, 2.7753
(22, 5): -1.9981, 11.0023, 2.7753
(22, 6): -1.9981, 11.0023, 2.7753
(22, 7): -0.5338, 11.0625, 4.2183
(22, 8): 0.1263, 11.0175, 1.7531
(22, 9): -1.3698, 11.0066, 10.1106
(22, 10): 0.6136, 11.0462, 1.5470
(22, 11): -0.1187, 11.1319, 4.3211
(22, 12): -0.2703, 11.1500, 6.4493
(22, 13): 0.4306, 11.1213, 3.4379
(22, 14): -0.0782, 11.1987, 2.6272
(22, 15): -2.1990, 10.9778, 7.7386
(22, 16): 9.7074, 11.0037, 0.0000
(22, 17): 0.5749, 11.1169, 0.6139
(22, 18): -1.3240, 10.9839, 6.2300
(22, 19): -0.0542, 11.1088, 2.5435
(22, 20): -1.8632, 10.9990, 7.0508
(22, 21): -1.5491, 10.8567, 8.0953
(22, 22): -2.1825, 10.9805, 16.7376
(22, 23): -1.4799, 10.9874, 6.8621
(22, 24): -1.4799, 10.9874, 6.8621
(22, 25): -0.1767, 11.0800, 4.7841
(22, 26): -0.1767, 11.0800, 4.7841
(23, 1): -2.9576, 10.9576, 7.0500
(23, 2): -2.9576, 10.9576, 7.0500
(23, 3): -4.5540, 10.9753, 9.6471
(23, 4): -3.5747, 11.0381, 0.2996
(23, 5): -3.5747, 11.0381, 0.2996
(23, 6): -3.5747, 11.0381, 0.2996
(23, 7): -1.3620, 11.0013, 4.5762
(23, 8): 0.2572, 11.0650, 2.7147
(23, 9): -1.1621, 10.9255, 9.7391
(23, 10): 1.3024, 11.3194, 0.4901
(23, 11): 0.0090, 11.4556, 4.3429
(23, 12): 0.8637, 11.1731, 1.3250
(23, 13): -0.3799, 11.1650, 7.1549
(23, 14): -0.1234, 11.0356, 5.1309
(23, 15): 0.0624, 11.0056, 2.2271
(23, 16): 1.6273, 11.1244, 0.4763
(23, 17): 1.1128, 11.3500, 0.5833
(23, 18): 0.8179, 11.0725, 0.4028
(23, 19): -0.1494, 11.2262, 4.6749
(23, 20): 0.5514, 11.4831, 1.3513
(23, 21): 0.5514, 11.4831, 1.3513
(23, 22): 1.9692, 12.0862, 0.0265
(23, 23): -1.4799, 10.9874, 6.8621
(23, 24): -1.4799, 10.9874, 6.8621
(23, 25): -1.4799, 10.9874, 6.8621
(23, 26): -0.1767, 11.0800, 4.7841
(24, 1): -2.9576, 10.9576, 7.0500
(24, 2): -2.9576, 10.9576, 7.0500
(24, 3): -2.9576, 10.9576, 7.0500
(24, 4): -4.5540, 10.9753, 9.6471
(24, 5): -4.5540, 10.9753, 9.6471
(24, 6): -1.1871, 10.9872, 6.2936
(24, 7): -1.1871, 10.9872, 6.2936
(24, 8): -1.5073, 11.0007, 2.9842
(24, 9): -4.4835, 10.9693, 12.6493
(24, 10): -1.8086, 10.9492, 17.2136
(24, 11): -2.3734, 10.9807, 16.2651
(24, 12): 0.4509, 11.2306, 1.9759
(24, 13): 1.6862, 11.3837, 0.5421
(24, 14): -1.2337, 10.9798, 12.2481
(24, 15): 0.0461, 11.1525, 3.9313
(24, 16): -1.4403, 10.9922, 8.9806
(24, 17): 1.1282, 11.2344, 0.3293
(24, 18): 0.1401, 11.1088, 2.0520
(24, 19): -1.2571, 10.9834, 13.2837
(24, 20): 0.7590, 12.0106, 1.5863
(24, 21): 1.9692, 12.0862, 0.0265
(24, 22): 1.9692, 12.0862, 0.0265
(24, 23): -1.6691, 11.0035, 2.4060
(24, 24): -1.6691, 11.0035, 2.4060
(24, 25): -1.6691, 11.0035, 2.4060
(24, 26): -1.6691, 11.0035, 2.4060
(25, 1): 2.2409, 11.0538, 0.5068
(25, 2): -2.9576, 10.9576, 7.0500
(25, 3): -2.9576, 10.9576, 7.0500
(25, 4): -2.9576, 10.9576, 7.0500
(25, 5): -4.5540, 10.9753, 9.6471
(25, 6): -1.3871, 10.9801, 6.5598
(25, 7): -1.1871, 10.9872, 6.2936
(25, 8): -1.5548, 10.9839, 8.7486
(25, 9): 0.3867, 11.5012, 1.2527
(25, 10): -0.1761, 11.0650, 3.3159
(25, 11): -0.2177, 11.8675, 5.3938
(25, 12): 0.4330, 11.3062, 2.6787
(25, 13): -0.2807, 11.3162, 5.0706
(25, 14): 0.2647, 11.1900, 4.7006
(25, 15): -0.3642, 12.0644, 5.5152
(25, 16): 0.4688, 11.0731, 0.8162
(25, 17): 0.9652, 11.0994, 0.5696
(25, 18): -0.3880, 11.2712, 2.5331
(25, 19): -1.2138, 10.9890, 5.9071
(25, 20): -1.3103, 10.9792, 5.8596
(25, 21): -0.3541, 11.1312, 7.2090
(25, 22): -1.6691, 11.0035, 2.4060
(25, 23): -1.6691, 11.0035, 2.4060
(25, 24): -1.6691, 11.0035, 2.4060
(25, 25): -1.6691, 11.0035, 2.4060
(25, 26): -1.6691, 11.0035, 2.4060
(26, 1): 2.2409, 11.0538, 0.5068
(26, 2): 2.2409, 11.0538, 0.5068
(26, 3): -2.9576, 10.9576, 7.0500
(26, 4): -2.9576, 10.9576, 7.0500
(26, 5): -2.9576, 10.9576, 7.0500
(26, 6): -1.6779, 10.9779, 14.0654
(26, 7): -1.6779, 10.9779, 14.0654
(26, 8): -1.2983, 10.9847, 7.9779
(26, 9): 0.0674, 11.1044, 5.9303
(26, 10): -1.8789, 10.9953, 4.2246
(26, 11): 5.6697, 11.0312, 0.0039
(26, 12): -0.0057, 11.0494, 4.9963
(26, 13): -1.2353, 10.9696, 12.1487
(26, 14): 1.3814, 11.1400, 0.4381
(26, 15): 0.0122, 11.1637, 1.1209
(26, 16): -1.2102, 10.9930, 3.1224
(26, 17): -1.5989, 11.0118, 6.6245
(26, 18): 0.8686, 11.1956, 1.2050
(26, 19): 0.2311, 11.0969, 1.4156
(26, 20): -1.3619, 11.0008, 5.5182
(26, 21): 0.1052, 11.3044, 3.1419
(26, 22): -0.5039, 11.0837, 5.0212
(26, 23): -0.5039, 11.0837, 5.0212
(26, 24): -0.5039, 11.0837, 5.0212
(26, 25): -0.5039, 11.0837, 5.0212
(26, 26): -0.5039, 11.0837, 5.0212
(27, 1): 2.2409, 11.0538, 0.5068
(27, 2): 2.2409, 11.0538, 0.5068
(27, 3): 2.2409, 11.0538, 0.5068
(27, 4): 2.1208, 11.3006, 0.1575
(27, 5): -0.3522, 11.2012, 4.8289
(27, 6): -3.2708, 10.9471, 45.5417
(27, 7): -1.6779, 10.9779, 14.0654
(27, 8): 4.8214, 11.1512, 0.0000
(27, 9): 2.5975, 11.2912, 0.0000
(27, 10): -1.2758, 10.9887, 4.5035
(27, 11): -1.5025, 10.9933, 4.9278
(27, 12): -2.0925, 11.0083, 1.6174
(27, 13): -1.4068, 10.9616, 15.2841
(27, 14): -1.7691, 11.0016, 4.7097
(27, 15): -0.2069, 11.2250, 3.8610
(27, 16): -0.0427, 11.4369, 1.4483
(27, 17): -1.1998, 10.9941, 5.5000
(27, 18): 0.5802, 11.5144, 1.1936
(27, 19): 0.2429, 11.2544, 1.6398
(27, 20): -1.9608, 10.9835, 12.3389
(27, 21): 0.2246, 11.5281, 2.6408
(27, 22): -1.3986, 10.9714, 15.4373
(27, 23): -1.3986, 10.9714, 15.4373
(27, 24): -1.3986, 10.9714, 15.4373
(27, 25): -1.3986, 10.9714, 15.4373
(27, 26): -1.3986, 10.9714, 15.4373
(28, 1): -1.4506, 10.9877, 11.0032
(28, 2): -1.4506, 10.9877, 11.0032
(28, 3): -1.6466, 11.0127, 0.2971
(28, 4): -1.6466, 11.0127, 0.2971
(28, 5): -1.9443, 10.9870, 5.8850
(28, 6): -1.9443, 10.9870, 5.8850
(28, 7): -1.6774, 11.0291, 10.1197
(28, 8): -2.4513, 11.0069, 1.0096
(28, 9): -2.4513, 11.0069, 1.0096
(28, 10): -1.2758, 10.9887, 4.5035
(28, 11): -1.5025, 10.9933, 4.9278
(28, 12): -2.0925, 11.0083, 1.6174
(28, 13): -1.4068, 10.9616, 15.2841
(28, 14): -1.7691, 11.0016, 4.7097
(28, 15): 0.6944, 11.3587, 1.9525
(28, 16): 0.8843, 11.7562, 1.4942
(28, 17): 0.1391, 11.2475, 1.9562
(28, 18): -0.0320, 11.1044, 1.6967
(28, 19): 1.5064, 11.3387, 0.4688
(28, 20): -0.0387, 11.8912, 3.3093
(28, 21): 0.4206, 11.1319, 2.6592
(28, 22): -3.0426, 10.9498, 20.8632
(28, 23): -3.0426, 10.9498, 20.8632
(28, 24): -3.0426, 10.9498, 20.8632
(28, 25): -3.0426, 10.9498, 20.8632
(28, 26): -3.0426, 10.9498, 20.8632
(29, 1): -1.4506, 10.9877, 11.0032
(29, 2): -1.4506, 10.9877, 11.0032
(29, 3): 0.0627, 11.2437, 3.8537
(29, 4): -1.2256, 10.9840, 12.5648
(29, 5): -4.2936, 11.0087, 1.6638
(29, 6): 0.0444, 11.0963, 2.4896
(29, 7): -1.6774, 11.0291, 10.1197
(29, 8): -2.4513, 11.0069, 1.0096
(29, 9): -2.4513, 11.0069, 1.0096
(29, 10): -1.2758, 10.9887, 4.5035
(29, 11): -1.5025, 10.9933, 4.9278
(29, 12): -2.0925, 11.0083, 1.6174
(29, 13): -1.4068, 10.9616, 15.2841
(29, 14): 0.6944, 11.3587, 1.9525
(29, 15): -1.1783, 11.0025, 4.2686
(29, 16): -1.1783, 11.0025, 4.2686
(29, 17): -1.3116, 11.0029, 2.4070
(29, 18): -1.3116, 11.0029, 2.4070
(29, 19): -0.1776, 11.6625, 3.2657
(29, 20): 0.2024, 11.0925, 3.7261
(29, 21): 0.0733, 11.3113, 4.6259
(29, 22): 0.0733, 11.3113, 4.6259
(29, 23): -3.0426, 10.9498, 20.8632
(29, 24): -3.0426, 10.9498, 20.8632
(29, 25): -3.0426, 10.9498, 20.8632
(29, 26): -3.0426, 10.9498, 20.8632
(30, 1): 2.5246, 11.0656, 0.0000
(30, 2): 2.5246, 11.0656, 0.0000
(30, 3): 0.0627, 11.2437, 3.8537
(30, 4): -1.2256, 10.9840, 12.5648
(30, 5): 0.2669, 11.1163, 1.1217
(30, 6): -1.5937, 11.0065, 2.3882
(30, 7): -1.5937, 11.0065, 2.3882
(30, 8): -1.6774, 11.0291, 10.1197
(30, 9): -2.4513, 11.0069, 1.0096
(30, 10): -2.4513, 11.0069, 1.0096
(30, 11): -1.5025, 10.9933, 4.9278
(30, 12): -2.0925, 11.0083, 1.6174
(30, 13): 0.6944, 11.3587, 1.9525
(30, 14): -1.1783, 11.0025, 4.2686
(30, 15): -1.1783, 11.0025, 4.2686
(30, 16): -1.1783, 11.0025, 4.2686
(30, 17): -1.3116, 11.0029, 2.4070
(30, 18): -1.3116, 11.0029, 2.4070
(30, 19): -0.1776, 11.6625, 3.2657
(30, 20): 0.6332, 11.1669, 1.1832
(30, 21): 0.3193, 11.1669, 2.6755
(30, 22): 0.3193, 11.1669, 2.6755
(30, 23): 0.3193, 11.1669, 2.6755
(30, 24): -3.0426, 10.9498, 20.8632
(30, 25): -3.0426, 10.9498, 20.8632
(30, 26): -3.0426, 10.9498, 20.8632
(31, 1): 2.5246, 11.0656, 0.0000
(31, 2): 2.5246, 11.0656, 0.0000
(31, 3): 2.5246, 11.0656, 0.0000
(31, 4): 0.2669, 11.1163, 1.1217
(31, 5): 0.2669, 11.1163, 1.1217
(31, 6): -1.5937, 11.0065, 2.3882
(31, 7): -1.5937, 11.0065, 2.3882
(31, 8): -1.5937, 11.0065, 2.3882
(31, 9): -1.6774, 11.0291, 10.1197
(31, 10): -2.4513, 11.0069, 1.0096
(31, 11): -1.5025, 10.9933, 4.9278
(31, 12): -2.0925, 11.0083, 1.6174
(31, 13): -1.1783, 11.0025, 4.2686
(31, 14): -1.1783, 11.0025, 4.2686
(31, 15): -1.1783, 11.0025, 4.2686
(31, 16): -1.1783, 11.0025, 4.2686
(31, 17): -1.3116, 11.0029, 2.4070
(31, 18): -1.3116, 11.0029, 2.4070
(31, 19): -1.5436, 10.9937, 6.4948
(31, 20): -1.5436, 10.9937, 6.4948
(31, 21): 0.3193, 11.1669, 2.6755
(31, 22): 0.3193, 11.1669, 2.6755
(31, 23): 0.3193, 11.1669, 2.6755
(31, 24): -1.9155, 11.0083, 1.5620
(31, 25): -1.9155, 11.0083, 1.5620
(31, 26): -1.9155, 11.0083, 1.5620
(32, 1): 2.5246, 11.0656, 0.0000
(32, 2): 2.5246, 11.0656, 0.0000
(32, 3): 2.5246, 11.0656, 0.0000
(32, 4): 0.2669, 11.1163, 1.1217
(32, 5): 0.2669, 11.1163, 1.1217
(32, 6): -1.5937, 11.0065, 2.3882
(32, 7): -1.5937, 11.0065, 2.3882
(32, 8): -1.5937, 11.0065, 2.3882
(32, 9): -1.5937, 11.0065, 2.3882
(32, 10): -1.6774, 11.0291, 10.1197
(32, 11): -1.5025, 10.9933, 4.9278
(32, 12): -2.0925, 11.0083, 1.6174
(32, 13): -1.1783, 11.0025, 4.2686
(32, 14): -1.1783, 11.0025, 4.2686
(32, 15): -1.1783, 11.0025, 4.2686
(32, 16): -1.1783, 11.0025, 4.2686
(32, 17): -2.4126, 11.0105, 1.6092
(32, 18): -2.4126, 11.0105, 1.6092
(32, 19): -2.4126, 11.0105, 1.6092
(32, 20): -1.2703, 10.9874, 6.6549
(32, 21): -1.2703, 10.9874, 6.6549
(32, 22): -1.9155, 11.0083, 1.5620
(32, 23): -1.9155, 11.0083, 1.5620
(32, 24): -1.9155, 11.0083, 1.5620
(32, 25): -1.9155, 11.0083, 1.5620
(32, 26): -1.9155, 11.0083, 1.5620
(33, 1): 2.5246, 11.0656, 0.0000
(33, 2): 2.5246, 11.0656, 0.0000
(33, 3): 2.5246, 11.0656, 0.0000
(33, 4): 0.2669, 11.1163, 1.1217
(33, 5): 0.2669, 11.1163, 1.1217
(33, 6): -1.5937, 11.0065, 2.3882
(33, 7): -1.5937, 11.0065, 2.3882
(33, 8): -1.5937, 11.0065, 2.3882
(33, 9): -1.5937, 11.0065, 2.3882
(33, 10): -1.5937, 11.0065, 2.3882
(33, 11): -1.6774, 11.0291, 10.1197
(33, 12): -1.1783, 11.0025, 4.2686
(33, 13): -1.1783, 11.0025, 4.2686
(33, 14): -1.1783, 11.0025, 4.2686
(33, 15): -2.4126, 11.0105, 1.6092
(33, 16): -2.4126, 11.0105, 1.6092
(33, 17): -2.4126, 11.0105, 1.6092
(33, 18): -2.4126, 11.0105, 1.6092
(33, 19): -2.4126, 11.0105, 1.6092
(33, 20): -0.0332, 11.0994, 1.5807
(33, 21): 0.5373, 11.0606, 1.7505
(33, 22): -1.9155, 11.0083, 1.5620
(33, 23): -1.9155, 11.0083, 1.5620
(33, 24): -1.9155, 11.0083, 1.5620
(33, 25): -1.9155, 11.0083, 1.5620
(33, 26): -1.9155, 11.0083, 1.5620
(34, 1): 2.5246, 11.0656, 0.0000
(34, 2): 2.5246, 11.0656, 0.0000
(34, 3): 2.5246, 11.0656, 0.0000
(34, 4): 0.2669, 11.1163, 1.1217
(34, 5): 0.2669, 11.1163, 1.1217
(34, 6): -1.5937, 11.0065, 2.3882
(34, 7): -1.5937, 11.0065, 2.3882
(34, 8): -1.5937, 11.0065, 2.3882
(34, 9): -1.5937, 11.0065, 2.3882
(34, 10): -1.5937, 11.0065, 2.3882
(34, 11): -1.5937, 11.0065, 2.3882
(34, 12): -1.1783, 11.0025, 4.2686
(34, 13): -1.1783, 11.0025, 4.2686
(34, 14): -3.3956, 11.0072, 1.4462
(34, 15): -3.3956, 11.0072, 1.4462
(34, 16): -3.3956, 11.0072, 1.4462
(34, 17): -3.3956, 11.0072, 1.4462
(34, 18): -3.3956, 11.0072, 1.4462
(34, 19): -3.3956, 11.0072, 1.4462
(34, 20): -1.3358, 10.9558, 13.0400
(34, 21): 0.4333, 11.4031, 1.6867
(34, 22): 0.4333, 11.4031, 1.6867
(34, 23): -1.9155, 11.0083, 1.5620
(34, 24): -1.9155, 11.0083, 1.5620
(34, 25): -1.9155, 11.0083, 1.5620
(34, 26): -1.9155, 11.0083, 1.5620
