(10, 10): 0.3030, 3.0100, 6.2468
(10, 11): 0.2262, 3.0100, 2.8526
(10, 12): 0.2908, 3.0100, 6.1990
(10, 14): 0.1950, 3.0100, 1.5092
(10, 15): 0.3015, 3.0100, 8.7936
(10, 16): 0.3105, 3.0000, 9.4394
(10, 17): 0.3023, 3.0100, 9.7718
(10, 18): 0.2994, 3.0100, 10.0931
(10, 19): 0.3037, 3.0100, 10.1828
(10, 20): 0.3148, 3.0100, 9.4948
(10, 21): 0.3316, 3.0100, 10.0721
(10, 22): 0.3279, 3.0100, 10.1648
(10, 23): 0.3165, 3.0100, 10.4469
(10, 24): 0.3042, 3.0100, 10.4170
(10, 25): 0.3184, 3.0100, 10.3190
(10, 26): 0.3465, 3.0100, 9.8426
(11, 10): 0.3303, 3.0100, 7.5177
(11, 11): 0.3410, 3.0000, 9.1587
(11, 12): 0.3516, 3.0100, 8.9413
(11, 13): 0.2376, 3.0100, 3.4020
(11, 16): 0.1928, 3.0100, 2.2109
(11, 17): 0.3048, 3.0100, 9.5961
(11, 18): 0.3220, 3.0100, 9.8384
(11, 19): 0.3330, 3.0100, 9.2776
(11, 20): 0.3099, 3.0100, 9.5961
(11, 21): 0.3219, 3.0100, 9.8691
(11, 22): 0.3225, 3.0000, 9.9956
(11, 23): 0.3057, 3.0100, 10.1911
(11, 24): 0.3247, 3.0100, 10.0824
(11, 25): 0.3111, 3.0100, 10.3571
(11, 26): 0.3232, 3.0100, 10.1065
(12, 10): 0.3155, 3.0000, 9.2166
(12, 11): 0.3264, 3.0100, 9.5537
(12, 12): 0.3278, 3.0100, 9.4219
(12, 13): 0.2739, 3.0100, 8.0171
(12, 14): 0.2816, 3.0100, 5.2013
(12, 16): 0.2294, 3.0100, 3.3323
(12, 17): 0.2979, 3.0100, 9.5890
(12, 18): 0.3144, 3.0100, 9.7396
(12, 19): 0.2980, 3.0100, 9.4977
(12, 20): 0.3149, 3.0100, 9.7559
(12, 21): 0.3216, 3.0100, 9.9167
(12, 22): 0.3140, 3.0100, 10.1213
(12, 23): 0.3118, 3.0000, 10.0442
(12, 24): 0.3097, 3.0100, 9.0841
(12, 25): 0.2210, 3.0100, 3.6846
(12, 26): 0.2297, 3.0100, 3.7353
(13, 10): 0.3218, 3.0100, 9.7388
(13, 11): 0.3254, 3.0100, 9.8402
(13, 12): 0.2912, 3.0100, 9.7426
(13, 13): 0.2772, 3.0100, 8.1057
(13, 14): 0.2934, 3.0100, 2.1077
(13, 16): 0.2175, 3.0100, 1.9956
(13, 17): 0.2758, 3.0100, 7.9097
(13, 18): 0.2820, 3.0100, 8.8048
(13, 19): 0.2455, 3.0000, 11.5266
(13, 20): 0.3011, 3.0100, 10.0285
(13, 21): 0.2741, 3.0100, 10.1911
(13, 22): 0.2921, 3.0100, 10.1063
(13, 23): 0.3141, 3.0000, 10.0436
(13, 24): 0.3041, 3.0100, 9.0548
(13, 25): 0.2747, 3.0100, 1.3519
(14, 10): 0.3435, 3.0100, 9.8353
(14, 11): 0.3335, 3.0000, 9.7837
(14, 12): 0.3199, 3.0100, 9.3986
(14, 13): 0.1806, 3.0100, 1.5420
(14, 15): 0.2127, 3.0100, 1.4585
(14, 16): 0.3197, 3.0100, 7.9549
(14, 17): 0.3055, 3.0100, 10.0922
(14, 18): 0.3021, 3.0100, 9.5320
(14, 19): 0.2950, 3.0100, 10.1480
(14, 20): 0.3269, 3.0100, 9.7819
(14, 21): 0.3179, 3.0100, 9.6503
(14, 22): 0.2988, 3.0100, 10.0600
(14, 23): 0.3254, 3.0100, 9.9303
(14, 24): 0.2805, 3.0100, 9.6253
(14, 25): 0.2465, 3.0100, 6.1024
(14, 26): 0.3027, 3.0100, 6.2339
(14, 27): 0.3538, 3.0100, 1.4651
(15, 9): 0.2318, 3.0100, 3.0122
(15, 10): 0.3566, 3.0100, 9.6392
(15, 11): 0.3289, 3.0000, 9.8919
(15, 12): 0.3208, 3.0100, 10.0980
(15, 13): 0.2274, 3.0100, 4.3118
(15, 14): 0.2239, 3.0100, 1.4921
(15, 15): 0.2976, 3.0100, 8.4807
(15, 16): 0.3027, 3.0100, 10.0193
(15, 17): 0.3241, 3.0100, 9.2662
(15, 18): 0.2910, 3.0100, 8.8591
(15, 19): 0.3135, 3.0100, 10.0676
(15, 20): 0.3050, 3.0100, 9.8769
(15, 21): 0.2639, 3.0100, 10.3313
(15, 22): 0.2971, 3.0100, 9.9487
(15, 23): 0.2737, 3.0100, 9.9878
(15, 24): 0.2935, 3.0100, 9.9415
(15, 25): 0.3076, 3.0100, 10.1091
(15, 26): 0.3106, 3.0100, 10.0716
(15, 27): 0.3224, 3.0100, 6.5731
(16, 9): 0.2541, 3.0100, 4.2282
(16, 10): 0.3229, 3.0100, 9.8600
(16, 11): 0.3540, 3.0100, 9.4528
(16, 12): 0.3302, 3.0100, 9.3255
(16, 13): 0.2305, 3.0100, 4.1575
(16, 14): 0.3025, 3.0100, 9.5652
(16, 15): 0.3303, 3.0100, 9.6767
(16, 16): 0.3072, 3.0100, 8.8474
(16, 17): 0.2891, 3.0100, 8.3008
(16, 18): 0.2994, 3.0100, 10.3479
(16, 19): 0.3009, 3.0100, 10.1906
(16, 20): 0.3041, 3.0000, 9.9415
(16, 21): 0.2954, 3.0100, 10.0950
(16, 22): 0.2481, 3.0100, 10.4614
(16, 23): 0.2847, 3.0100, 10.1596
(16, 24): 0.3070, 3.0100, 9.9703
(16, 25): 0.3082, 3.0000, 10.3715
(16, 26): 0.3203, 3.0100, 10.0972
(16, 27): 0.2706, 3.0100, 6.5160
(17, 9): 0.2887, 3.0000, 7.6145
(17, 10): 0.3083, 3.0100, 9.8711
(17, 11): 0.3491, 3.0100, 9.5154
(17, 12): 0.3268, 3.0100, 9.6594
(17, 13): 0.2841, 3.0100, 8.7733
(17, 14): 0.2821, 3.0100, 8.1754
(17, 15): 0.2982, 3.0100, 9.0429
(17, 16): 0.2963, 3.0100, 9.1080
(17, 17): 0.2881, 3.0100, 10.2839
(17, 18): 0.2978, 3.0100, 10.4725
(17, 19): 0.3064, 3.0100, 10.7515
(17, 20): 0.2933, 3.0100, 10.4012
(17, 21): 0.2797, 3.0100, 10.2076
(17, 22): 0.2683, 3.0100, 10.2705
(17, 23): 0.2860, 3.0100, 10.1921
(17, 24): 0.3135, 3.0100, 10.0847
(17, 25): 0.3201, 3.0100, 10.5168
(17, 26): 0.2852, 3.0100, 9.1839
(18, 8): 0.2839, 3.0100, 1.3346
(18, 9): 0.3264, 3.0100, 9.4671
(18, 10): 0.3058, 3.0100, 9.9152
(18, 11): 0.3172, 3.0100, 9.9914
(18, 12): 0.3075, 3.0100, 10.1459
(18, 13): 0.3109, 3.0100, 9.9469
(18, 14): 0.2950, 3.0100, 10.2853
(18, 15): 0.2941, 3.0100, 10.2675
(18, 16): 0.2938, 3.0000, 10.2331
(18, 17): 0.2927, 3.0000, 10.4593
(18, 18): 0.2858, 3.0100, 10.6049
(18, 19): 0.3184, 3.0100, 10.1830
(18, 20): 0.2923, 3.0100, 10.4611
(18, 21): 0.2397, 3.0100, 10.4560
(18, 22): 0.2896, 3.0100, 10.3124
(18, 23): 0.2982, 3.0100, 10.3207
(18, 24): 0.3157, 3.0100, 10.6241
(18, 25): 0.3298, 3.0100, 9.1420
(18, 26): 0.2607, 3.0100, 2.9267
(19, 8): 0.2682, 3.0100, 6.1749
(19, 9): 0.3070, 3.0100, 10.3020
(19, 10): 0.3082, 3.0100, 10.2755
(19, 11): 0.3268, 3.0100, 9.8589
(19, 12): 0.3063, 3.0100, 9.8696
(2, 20): 0.2138, 3.0100, 2.0440
(2, 21): 0.2369, 3.0100, 2.3262
(3, 16): 0.1728, 3.0100, 3.8705
(3, 17): 0.1618, 3.0100, 3.8983
(3, 18): 0.1943, 3.0100, 2.0374
(3, 19): 0.1695, 3.0100, 3.5412
(3, 20): 0.1956, 3.0100, 2.0368
(3, 21): 0.1714, 3.0100, 3.0192
(3, 22): 0.2434, 3.0100, 7.0435
(3, 23): 0.3117, 3.0100, 9.3336
(3, 24): 0.3452, 3.0100, 7.9230
(4, 13): 0.1917, 3.0100, 2.9881
(4, 14): 0.2346, 3.0100, 5.7655
(4, 15): 0.1809, 3.0100, 3.0974
(4, 16): 0.2121, 3.0100, 2.9411
(4, 17): 0.1681, 3.0100, 3.1241
(4, 18): 0.2389, 3.0100, 7.3559
(4, 19): 0.2428, 3.0100, 8.5457
(4, 20): 0.2980, 3.0100, 9.5302
(4, 21): 0.3216, 3.0100, 10.0148
(4, 22): 0.2975, 3.0000, 9.9692
(4, 23): 0.3109, 3.0100, 9.7337
(4, 24): 0.3384, 3.0100, 10.1104
(4, 25): 0.3029, 3.0100, 7.0406
(4, 26): 0.1839, 3.0100, 2.2833
(5, 13): 0.2116, 3.0100, 3.6975
(5, 16): 0.2532, 3.0100, 6.2412
(5, 17): 0.3154, 3.0100, 9.9671
(5, 18): 0.3094, 3.0000, 9.5633
(5, 19): 0.2887, 3.0100, 9.8934
(5, 20): 0.3156, 3.0000, 10.0619
(5, 21): 0.2845, 3.0100, 10.3663
(5, 22): 0.2898, 3.0100, 9.3974
(5, 23): 0.3292, 3.0100, 9.4688
(5, 24): 0.3510, 3.0100, 9.8658
(5, 25): 0.3584, 3.0000, 9.5864
(5, 26): 0.3470, 3.0100, 9.0076
(5, 27): 0.2267, 3.0100, 3.5953
(6, 11): 0.1968, 3.0100, 4.4902
(6, 12): 0.2134, 3.0100, 2.2474
(6, 15): 0.3048, 3.0100, 6.6105
(6, 16): 0.3415, 3.0100, 9.4029
(6, 17): 0.3356, 3.0100, 9.5611
(6, 18): 0.3210, 3.0100, 9.7082
(6, 19): 0.3223, 3.0100, 9.6535
(6, 20): 0.3123, 3.0100, 10.2068
(6, 21): 0.2831, 3.0100, 9.9748
(6, 22): 0.2989, 3.0000, 9.3940
(6, 23): 0.3333, 3.0100, 9.8355
(6, 24): 0.3488, 3.0100, 9.5478
(6, 25): 0.3437, 3.0100, 9.6211
(6, 26): 0.2895, 3.0100, 10.4768
(6, 27): 0.2475, 3.0100, 4.1175
(7, 10): 0.1169, 3.0100, 1.6906
(7, 11): 0.2476, 3.0100, 4.2303
(7, 15): 0.3514, 3.0100, 8.9596
(7, 16): 0.3347, 3.0000, 9.4729
(7, 17): 0.2710, 3.0100, 9.7060
(7, 18): 0.3189, 3.0100, 9.6428
(7, 19): 0.3247, 3.0100, 9.7684
(7, 20): 0.3029, 3.0100, 10.4736
(7, 21): 0.2818, 3.0100, 10.1058
(7, 22): 0.3049, 3.0100, 10.3191
(7, 23): 0.3528, 3.0100, 9.8472
(7, 24): 0.3541, 3.0000, 9.4952
(7, 25): 0.3530, 3.0100, 9.4756
(7, 26): 0.3374, 3.0100, 9.5332
(7, 27): 0.2853, 3.0100, 6.7477
(8, 10): 0.2843, 3.0100, 5.8254
(8, 11): 0.2952, 3.0100, 5.2844
(8, 14): 0.2183, 3.0100, 3.5550
(8, 15): 0.3204, 3.0100, 9.5511
(8, 16): 0.3139, 3.0100, 9.7356
(8, 17): 0.3317, 3.0100, 9.4434
(8, 18): 0.3118, 3.0100, 9.8189
(8, 19): 0.3222, 3.0100, 10.0051
(8, 20): 0.3031, 3.0100, 10.2079
(8, 21): 0.3084, 3.0100, 10.1507
(8, 22): 0.3413, 3.0100, 10.1884
(8, 23): 0.3396, 3.0000, 10.0993
(8, 24): 0.3395, 3.0100, 9.8841
(8, 25): 0.3440, 3.0100, 9.6164
(8, 26): 0.3412, 3.0100, 9.3986
(8, 27): 0.3044, 3.0100, 6.2893
(9, 10): 0.2835, 3.0000, 5.8924
(9, 11): 0.1873, 3.0100, 1.5794
(9, 15): 0.3027, 3.0100, 8.7933
(9, 16): 0.3194, 3.0100, 9.7810
(9, 17): 0.3246, 3.0100, 9.7328
(9, 18): 0.3949, 3.0100, 9.4442
(9, 19): 0.3040, 3.0100, 10.4364
(9, 20): 0.3075, 3.0100, 9.7838
(9, 21): 0.2972, 3.0100, 10.6094
(9, 22): 0.3389, 3.0100, 10.2213
(9, 23): 0.3174, 3.0100, 10.4696
(9, 24): 0.3102, 3.0100, 10.5236
(9, 25): 0.3304, 3.0100, 9.7493
(9, 26): 0.3453, 3.0100, 9.6950
(9, 27): 0.2355, 3.0100, 3.0238
(19, 13): 0.3017, 3.0100, 10.0074
(19, 14): 0.2903, 3.0100, 10.4007
(19, 15): 0.2738, 3.0100, 10.8039
(19, 16): 0.2746, 3.0100, 10.5795
(19, 17): 0.3056, 3.0000, 10.2784
(19, 18): 0.2842, 3.0100, 11.1872
(19, 19): 0.2889, 3.0100, 11.0395
(19, 20): 0.2901, 3.0100, 10.8664
(19, 21): 0.2948, 3.0100, 10.4529
(19, 22): 0.3029, 3.0100, 10.0783
(19, 23): 0.3057, 3.0100, 9.9211
(19, 24): 0.2957, 3.0100, 10.0303
(19, 25): 0.2625, 3.0100, 6.6369
(19, 26): 0.3034, 3.0100, 1.3546
(20, 7): 0.2324, 3.0100, 3.0845
(20, 8): 0.3285, 3.0000, 10.2787
(20, 9): 0.2962, 3.0100, 10.5418
(20, 10): 0.3021, 3.0000, 10.1948
(20, 11): 0.3080, 3.0100, 9.8430
(20, 12): 0.3078, 3.0100, 9.5951
(20, 13): 0.2972, 3.0100, 9.6623
(20, 14): 0.3108, 3.0100, 9.9430
(20, 15): 0.2731, 3.0100, 10.7144
(20, 16): 0.2978, 3.0100, 10.3472
(20, 17): 0.2964, 3.0100, 10.3911
(20, 18): 0.2805, 3.0100, 10.9284
(20, 19): 0.3549, 3.0100, 10.1749
(20, 20): 0.2722, 3.0100, 10.7590
(20, 21): 0.2757, 3.0100, 9.8078
(20, 22): 0.2825, 3.0100, 9.4316
(20, 23): 0.2669, 3.0100, 9.7782
(20, 24): 0.2855, 3.0100, 10.1176
(20, 25): 0.2966, 3.0100, 9.6992
(20, 26): 0.2440, 3.0100, 2.7125
(21, 6): 0.2499, 3.0100, 3.1469
(21, 7): 0.3174, 3.0000, 9.4293
(21, 8): 0.3276, 3.0100, 10.2087
(21, 9): 0.3106, 3.0100, 10.1634
(21, 10): 0.2931, 3.0000, 10.0438
(21, 11): 0.2959, 3.0100, 9.9607
(21, 12): 0.3014, 3.0100, 9.8190
(21, 13): 0.2958, 3.0100, 10.0196
(21, 14): 0.3163, 3.0100, 9.9601
(21, 15): 0.3074, 3.0100, 9.9456
(21, 16): 0.3043, 3.0100, 9.9044
(21, 17): 0.2941, 3.0100, 10.1917
(21, 18): 0.2792, 3.0000, 10.3345
(21, 19): 0.2775, 3.0100, 10.0927
(21, 20): 0.2755, 3.0100, 9.9932
(21, 21): 0.2529, 3.0100, 8.5837
(21, 22): 0.2793, 3.0100, 8.9291
(21, 23): 0.2841, 3.0100, 9.1924
(21, 24): 0.2403, 3.0100, 5.5296
(22, 6): 0.2837, 3.0100, 7.1346
(22, 7): 0.3193, 3.0000, 9.9380
(22, 8): 0.3002, 3.0100, 9.9737
(22, 9): 0.3168, 3.0100, 9.9001
(22, 10): 0.2896, 3.0100, 10.2789
(22, 11): 0.2929, 3.0100, 10.4648
(22, 12): 0.2909, 3.0100, 10.1524
(22, 13): 0.3008, 3.0100, 10.1106
(22, 14): 0.2997, 3.0100, 10.1549
(22, 15): 0.3200, 3.0100, 9.7562
(22, 16): 0.3107, 3.0100, 9.9027
(22, 17): 0.3000, 3.0100, 10.1053
(22, 18): 0.2934, 3.0100, 10.3846
(22, 19): 0.3075, 3.0100, 10.2920
(22, 20): 0.2706, 3.0100, 8.3725
(22, 21): 0.3420, 3.0100, 1.9233
(23, 5): 0.2271, 3.0100, 3.7546
(23, 6): 0.2580, 3.0100, 6.7939
(23, 7): 0.2851, 3.0100, 8.1436
(23, 8): 0.2627, 3.0100, 10.5347
(23, 9): 0.2905, 3.0100, 10.5481
(23, 10): 0.2860, 3.0000, 10.3433
(23, 11): 0.3276, 3.0100, 10.0197
(23, 12): 0.3262, 3.0100, 10.0274
(23, 13): 0.3268, 3.0100, 9.7799
(23, 14): 0.3046, 3.0100, 10.0643
(23, 15): 0.3151, 3.0100, 9.9272
(23, 16): 0.3126, 3.0100, 10.1489
(23, 17): 0.3253, 3.0100, 9.9305
(23, 18): 0.3118, 3.0100, 10.2633
(23, 19): 0.3176, 3.0100, 10.3907
(23, 20): 0.2860, 3.0100, 9.1153
(24, 4): 0.2409, 3.0100, 2.8919
(24, 5): 0.2495, 3.0100, 4.8184
(24, 6): 0.2234, 3.0100, 5.0128
(24, 7): 0.2974, 3.0000, 9.3725
(24, 8): 0.2626, 3.0100, 7.2992
(24, 9): 0.2902, 3.0000, 8.8214
(24, 10): 0.3018, 3.0100, 8.5747
(24, 11): 0.3378, 3.0100, 9.9903
(24, 12): 0.3155, 3.0100, 10.1828
(24, 13): 0.3110, 3.0100, 10.0308
(24, 14): 0.3147, 3.0100, 9.8396
(24, 15): 0.3400, 3.0100, 9.5563
(24, 16): 0.3289, 3.0100, 10.1423
(24, 17): 0.3118, 3.0100, 10.3453
(24, 18): 0.3242, 3.0100, 10.2920
(24, 19): 0.3171, 3.0100, 10.7104
(24, 20): 0.3372, 3.0100, 10.1922
(24, 21): 0.2801, 3.0100, 6.8944
(25, 4): 0.2669, 3.0000, 6.6095
(25, 5): 0.2951, 3.0100, 7.5307
(25, 6): 0.3001, 3.0100, 9.2502
(25, 7): 0.2184, 3.0100, 5.7257
(25, 8): 0.3034, 3.0100, 8.4859
(25, 9): 0.3272, 3.0100, 9.5316
(25, 10): 0.3182, 3.0100, 9.8236
(25, 11): 0.2987, 3.0100, 10.5947
(25, 12): 0.3090, 3.0100, 10.4688
(25, 13): 0.3231, 3.0000, 10.0842
(25, 14): 0.3225, 3.0100, 10.1370
(25, 15): 0.3379, 3.0100, 10.1919
(25, 16): 0.3266, 3.0100, 10.4406
(25, 17): 0.3235, 3.0100, 10.3620
(25, 18): 0.3337, 3.0100, 10.1994
(25, 19): 0.3238, 3.0100, 10.2081
(25, 20): 0.3266, 3.0100, 10.0361
(25, 21): 0.3010, 3.0100, 10.5239
(25, 22): 0.2729, 3.0100, 4.9230
(26, 2): 0.3121, 3.0100, 1.3959
(26, 3): 0.2581, 3.0100, 4.9710
(26, 4): 0.2594, 3.0100, 6.7753
(26, 5): 0.2329, 3.0100, 6.6171
(26, 6): 0.2303, 3.0100, 5.6666
(26, 7): 0.2932, 3.0100, 8.9720
(26, 8): 0.3263, 3.0000, 9.9465
(26, 9): 0.3085, 3.0100, 10.0698
(26, 10): 0.2841, 3.0100, 10.2089
(26, 11): 0.2871, 3.0100, 10.8368
(26, 12): 0.3068, 3.0100, 10.5427
(26, 13): 0.3165, 3.0100, 10.1841
(26, 14): 0.3486, 3.0100, 9.8141
(26, 15): 0.3369, 3.0100, 10.3797
(26, 16): 0.3398, 3.0100, 10.3646
(26, 17): 0.3342, 3.0100, 10.2767
(26, 18): 0.4001, 3.0100, 9.5677
(26, 19): 0.3354, 3.0100, 10.1325
(26, 20): 0.3317, 3.0100, 10.0513
(26, 21): 0.3237, 3.0100, 10.2323
(26, 22): 0.2838, 3.0100, 8.5838
(27, 2): 0.2684, 3.0100, 4.8186
(27, 3): 0.3349, 3.0100, 9.6622
(27, 4): 0.3198, 3.0100, 10.5204
(27, 5): 0.3122, 3.0100, 10.6856
(27, 6): 0.2783, 3.0100, 8.8891
(27, 7): 0.1932, 3.0100, 4.4563
(27, 8): 0.2684, 3.0000, 9.0267
(27, 9): 0.2557, 3.0100, 8.5727
(27, 10): 0.2460, 3.0000, 8.4316
(27, 11): 0.2617, 3.0100, 8.8089
(27, 12): 0.2534, 3.0100, 5.6017
(27, 13): 0.2905, 3.0100, 8.9660
(27, 14): 0.2733, 3.0100, 7.7814
(27, 15): 0.3335, 3.0100, 10.6875
(27, 16): 0.3412, 3.0100, 10.3456
(27, 17): 0.3520, 3.0100, 10.0191
(27, 18): 0.3343, 3.0100, 9.9162
(27, 19): 0.3261, 3.0100, 10.0238
(27, 20): 0.3560, 3.0100, 9.5593
(27, 21): 0.3288, 3.0100, 10.0490
(27, 22): 0.2932, 3.0100, 8.3620
(28, 2): 0.2511, 3.0100, 1.3950
(28, 3): 0.2340, 3.0100, 5.8203
(28, 4): 0.2484, 3.0100, 5.8650
(28, 5): 0.2847, 3.0100, 8.9399
(28, 6): 0.2277, 3.0100, 5.6891
(28, 7): 0.2280, 3.0100, 5.7070
(28, 8): 0.2753, 3.0100, 7.7084
(28, 9): 0.2518, 3.0100, 6.3161
(28, 14): 0.2449, 3.0100, 3.1297
(28, 15): 0.3098, 3.0000, 10.3349
(28, 16): 0.3084, 3.0100, 10.5967
(28, 17): 0.3196, 3.0100, 10.1132
(28, 18): 0.3212, 3.0100, 10.0262
(28, 19): 0.3341, 3.0100, 9.8369
(28, 20): 0.3214, 3.0100, 10.0586
(28, 21): 0.3351, 3.0100, 9.8668
(28, 22): 0.2583, 3.0100, 4.9333
(29, 2): 0.3219, 3.0100, 9.4101
(29, 3): 0.3100, 3.0000, 10.2985
(29, 4): 0.2687, 3.0100, 9.7451
(29, 5): 0.2512, 3.0100, 8.3586
(29, 6): 0.3202, 3.0100, 10.3160
(29, 7): 0.2865, 3.0100, 8.7900
(29, 8): 0.3172, 3.0100, 1.3249
(29, 15): 0.2082, 3.0100, 2.3915
(29, 16): 0.2158, 3.0100, 5.3353
(29, 17): 0.3102, 3.0100, 1.3107
(29, 18): 0.2898, 3.0100, 8.3163
(29, 19): 0.3226, 3.0000, 10.1030
(29, 20): 0.3314, 3.0100, 9.8415
(29, 21): 0.3451, 3.0100, 9.7295
(29, 22): 0.2521, 3.0100, 2.8892
(30, 2): 0.2556, 3.0100, 6.7062
(30, 3): 0.2120, 3.0100, 3.5875
(30, 4): 0.1348, 3.0100, 3.3001
(30, 5): 0.2857, 3.0100, 9.3251
(30, 6): 0.2700, 3.0000, 8.8717
(30, 7): 0.1822, 3.0100, 3.2238
(30, 19): 0.2242, 3.0100, 3.0690
(30, 20): 0.3251, 3.0100, 8.6426
(30, 21): 0.3358, 3.0100, 9.3748
(30, 22): 0.2673, 3.0100, 3.6124
(31, 19): 0.2568, 3.0100, 2.3666
(31, 20): 0.3297, 3.0100, 9.4561
(31, 21): 0.2472, 3.0100, 3.0491
(32, 19): 0.2421, 3.0100, 3.2731
(32, 20): 0.3639, 3.0100, 10.7040
(32, 21): 0.3139, 3.0100, 7.8356
(32, 22): 0.2455, 3.0100, 2.4755
(33, 19): 0.3163, 3.0100, 7.4500
(33, 20): 0.3839, 3.0100, 10.6841
(33, 21): 0.3752, 3.0100, 10.6964
(33, 22): 0.2836, 3.0100, 5.4630
(34, 19): 0.2875, 3.0100, 6.8643
(34, 20): 0.3583, 3.0100, 11.0122
(34, 21): 0.3775, 3.0100, 10.6782
(34, 22): 0.1981, 3.0100, 2.8335
