(43, 38): 0.5280, 0.0200, 0.0573
(43, 39): 0.3291, 0.0200, 0.0758
(43, 40): 0.5181, 0.0200, 0.0581
(43, 41): 0.5200, 0.0200, 0.0579
(43, 42): 0.5206, 0.0200, 0.0582
(43, 43): 0.5508, 0.0200, 0.0545
(43, 44): 0.5468, 0.0200, 0.0544
(43, 45): 0.5477, 0.0200, 0.0549
(43, 46): 0.5639, 0.0200, 0.0542
(43, 47): 0.5815, 0.0200, 0.0529
(43, 48): 0.5746, 0.0200, 0.0531
(43, 49): 0.5787, 0.0200, 0.0524
(43, 64): 0.5993, 0.0200, 0.0474
(43, 65): 0.6068, 0.0200, 0.0472
(43, 66): 0.5448, 0.0200, 0.0483
(43, 67): 0.5857, 0.0200, 0.0495
(43, 68): 0.5889, 0.0200, 0.0495
(43, 69): 0.5866, 0.0200, 0.0498
(43, 70): 0.5911, 0.0200, 0.0498
(43, 71): 0.5755, 0.0200, 0.0507
(43, 72): 0.5928, 0.0200, 0.0496
(43, 73): 0.5926, 0.0200, 0.0497
(43, 74): 0.6103, 0.0200, 0.0500
(43, 75): 0.6035, 0.0200, 0.0481
(43, 76): 0.6043, 0.0200, 0.0477
(43, 77): 0.6013, 0.0200, 0.0471
(43, 78): 0.5964, 0.0200, 0.0470
(43, 79): 0.5950, 0.0200, 0.0471
(43, 80): 0.7599, 0.0200, 0.0437
(43, 81): 0.5969, 0.0200, 0.0475
(43, 82): 0.5945, 0.0200, 0.0478
(43, 83): 0.5960, 0.0200, 0.0481
(43, 84): 0.6153, 0.0200, 0.0480
(43, 85): 0.5549, 0.0200, 0.0501
(43, 86): 0.5638, 0.0200, 0.0519
(43, 87): 0.5491, 0.0200, 0.0529
(43, 88): 0.5591, 0.0200, 0.0523
(43, 89): 0.5645, 0.0200, 0.0518
(43, 90): 0.4131, 0.0200, 0.0630
(43, 91): 0.5639, 0.0200, 0.0516
(43, 92): 0.5822, 0.0200, 0.0503
(43, 93): 0.5730, 0.0200, 0.0508
(43, 94): 0.5658, 0.0200, 0.0515
(43, 95): 0.7196, 0.0200, 0.0467
(43, 96): 0.5512, 0.0200, 0.0536
(43, 97): 0.7414, 0.0200, 0.0464
(43, 98): 0.5115, 0.0200, 0.0558
(43, 99): 0.4920, 0.0200, 0.0566
(43, 100): 0.4301, 0.0200, 0.0580
(43, 101): 0.5097, 0.0200, 0.0549
(43, 102): 0.4946, 0.0200, 0.0547
(43, 103): 0.4963, 0.0200, 0.0539
(43, 104): 0.5007, 0.0200, 0.0526
(44, 38): 0.3565, 0.0200, 0.0703
(44, 39): 0.5459, 0.0200, 0.0545
(44, 40): 0.5572, 0.0200, 0.0539
(44, 41): 0.5360, 0.0200, 0.0554
(44, 42): 0.5438, 0.0200, 0.0555
(44, 43): 0.5503, 0.0200, 0.0552
(44, 44): 0.6379, 0.0200, 0.0550
(44, 45): 0.5696, 0.0200, 0.0538
(44, 46): 0.5143, 0.0200, 0.0559
(44, 47): 0.5882, 0.0200, 0.0481
(44, 48): 0.5841, 0.0200, 0.0528
(44, 49): 0.5666, 0.0200, 0.0531
(44, 64): 0.6257, 0.0200, 0.0456
(44, 65): 0.4957, 0.0200, 0.0485
(44, 66): 0.5984, 0.0200, 0.0487
(44, 67): 0.7747, 0.0200, 0.0506
(44, 68): 0.5913, 0.0200, 0.0496
(44, 69): 0.5987, 0.0200, 0.0491
(44, 70): 0.5952, 0.0200, 0.0496
(44, 71): 0.5997, 0.0200, 0.0490
(44, 72): 0.6017, 0.0200, 0.0492
(44, 73): 0.5837, 0.0200, 0.0501
(44, 74): 0.6082, 0.0200, 0.0486
(44, 75): 0.4750, 0.0200, 0.0547
(44, 76): 0.5935, 0.0200, 0.0476
(44, 77): 0.3548, 0.0200, 0.0533
(44, 78): 0.5988, 0.0200, 0.0469
(44, 79): 0.5864, 0.0200, 0.0479
(44, 80): 0.5888, 0.0200, 0.0482
(44, 81): 0.5803, 0.0200, 0.0490
(44, 82): 0.6019, 0.0200, 0.0478
(44, 83): 0.4647, 0.0200, 0.0681
(44, 84): 0.5840, 0.0200, 0.0499
(44, 85): 0.5745, 0.0200, 0.0506
(44, 86): 0.5542, 0.0200, 0.0524
(44, 87): 0.5338, 0.0200, 0.0541
(44, 88): 0.5428, 0.0200, 0.0532
(44, 89): 0.5550, 0.0200, 0.0522
(44, 90): 0.5803, 0.0200, 0.0504
(44, 91): 0.5756, 0.0200, 0.0503
(44, 92): 0.5536, 0.0200, 0.0514
(44, 93): 0.5572, 0.0200, 0.0507
(44, 94): 0.5414, 0.0200, 0.0500
(44, 95): 0.5637, 0.0200, 0.0506
(44, 96): 0.5488, 0.0200, 0.0520
(44, 97): 0.5270, 0.0200, 0.0530
(44, 98): 0.5258, 0.0200, 0.0536
(44, 99): 0.5114, 0.0200, 0.0547
(44, 100): 0.5134, 0.0200, 0.0546
(44, 101): 0.5064, 0.0200, 0.0548
(44, 102): 0.5865, 0.0200, 0.0502
(44, 103): 0.4911, 0.0200, 0.0527
(44, 104): 0.5070, 0.0200, 0.0510
(45, 38): 0.5393, 0.0200, 0.0546
(45, 39): 0.5404, 0.0200, 0.0546
(45, 40): 0.5361, 0.0200, 0.0552
(45, 41): 0.4800, 0.0200, 0.0603
(45, 42): 0.5464, 0.0200, 0.0551
(45, 43): 0.5574, 0.0200, 0.0550
(45, 44): 0.5721, 0.0200, 0.0538
(45, 45): 0.5870, 0.0200, 0.0532
(45, 46): 1.0079, 0.0200, 0.0412
(45, 47): 0.5544, 0.0200, 0.0554
(45, 48): 0.5548, 0.0200, 0.0549
(45, 49): 0.5489, 0.0200, 0.0543
(45, 64): 0.6099, 0.0200, 0.0464
(45, 65): 0.6043, 0.0200, 0.0480
(45, 66): 0.5825, 0.0200, 0.0493
(45, 67): 0.5857, 0.0200, 0.0495
(45, 68): 0.5906, 0.0200, 0.0493
(45, 69): 0.6105, 0.0200, 0.0485
(45, 70): 0.5867, 0.0200, 0.0530
(45, 71): 0.6069, 0.0200, 0.0490
(45, 72): 0.6032, 0.0200, 0.0489
(45, 73): 0.5091, 0.0200, 0.0507
(45, 74): 0.5963, 0.0200, 0.0486
(45, 75): 0.6024, 0.0200, 0.0479
(45, 76): 0.5822, 0.0200, 0.0488
(45, 77): 0.5954, 0.0200, 0.0477
(45, 78): 0.6017, 0.0200, 0.0472
(45, 79): 0.5656, 0.0200, 0.0460
(45, 80): 0.6006, 0.0200, 0.0483
(45, 81): 0.4326, 0.0200, 0.0490
(45, 82): 0.5834, 0.0200, 0.0492
(45, 83): 0.5798, 0.0200, 0.0499
(45, 84): 0.5715, 0.0200, 0.0506
(45, 85): 0.5658, 0.0200, 0.0516
(45, 86): 0.5503, 0.0200, 0.0531
(45, 87): 0.5466, 0.0200, 0.0534
(45, 88): 0.5454, 0.0200, 0.0531
(45, 89): 0.5557, 0.0200, 0.0522
(45, 90): 0.5586, 0.0200, 0.0515
(45, 91): 0.5618, 0.0200, 0.0510
(45, 92): 0.4613, 0.0200, 0.0540
(45, 93): 0.5454, 0.0200, 0.0506
(45, 94): 0.5653, 0.0200, 0.0490
(45, 95): 0.5620, 0.0200, 0.0498
(45, 96): 0.5486, 0.0200, 0.0510
(45, 97): 0.5389, 0.0200, 0.0518
(45, 98): 0.5356, 0.0200, 0.0521
(45, 99): 0.5463, 0.0200, 0.0514
(45, 100): 0.5148, 0.0200, 0.0534
(45, 101): 0.5101, 0.0200, 0.0534
(45, 102): 0.5071, 0.0200, 0.0527
(45, 103): 0.4836, 0.0200, 0.0524
(45, 104): 0.5342, 0.0200, 0.0487
(46, 37): 0.5230, 0.0200, 0.0553
(46, 38): 0.5446, 0.0200, 0.0547
(46, 39): 0.5587, 0.0200, 0.0543
(46, 40): 0.5613, 0.0200, 0.0544
(46, 41): 0.3583, 0.0200, 0.0614
(46, 42): 0.5458, 0.0200, 0.0556
(46, 43): 0.5454, 0.0200, 0.0559
(46, 44): 0.5607, 0.0200, 0.0551
(46, 45): 0.5742, 0.0200, 0.0540
(46, 46): 0.5468, 0.0200, 0.0556
(46, 47): 0.5567, 0.0200, 0.0553
(46, 48): 0.5437, 0.0200, 0.0552
(46, 49): 0.5523, 0.0200, 0.0542
(46, 50): 0.5344, 0.0200, 0.0542
(46, 52): 0.5482, 0.0200, 0.0542
(46, 53): 0.5537, 0.0200, 0.0537
(46, 54): 0.5630, 0.0200, 0.0528
(46, 64): 0.5933, 0.0200, 0.0469
(46, 65): 0.5982, 0.0200, 0.0478
(46, 66): 0.5863, 0.0200, 0.0488
(46, 67): 0.5960, 0.0200, 0.0489
(46, 68): 0.5861, 0.0200, 0.0496
(46, 69): 0.6092, 0.0200, 0.0489
(46, 70): 0.6070, 0.0200, 0.0490
(46, 71): 0.5950, 0.0200, 0.0496
(46, 72): 0.5847, 0.0200, 0.0499
(46, 73): 0.5874, 0.0200, 0.0493
(46, 74): 0.5945, 0.0200, 0.0486
(46, 75): 0.6112, 0.0200, 0.0476
(46, 76): 0.6023, 0.0200, 0.0482
(46, 77): 0.5257, 0.0200, 0.0478
(46, 78): 0.6075, 0.0200, 0.0478
(46, 79): 0.6084, 0.0200, 0.0478
(46, 80): 0.5915, 0.0200, 0.0488
(46, 81): 0.5631, 0.0200, 0.0488
(46, 82): 0.5766, 0.0200, 0.0498
(46, 83): 0.5594, 0.0200, 0.0512
(46, 84): 0.5600, 0.0200, 0.0517
(46, 85): 0.5745, 0.0200, 0.0514
(46, 86): 0.5565, 0.0200, 0.0530
(46, 87): 0.5529, 0.0200, 0.0529
(46, 88): 0.5241, 0.0200, 0.0547
(46, 89): 0.5442, 0.0200, 0.0530
(46, 90): 0.5340, 0.0200, 0.0532
(46, 91): 0.5831, 0.0200, 0.0500
(46, 92): 0.5087, 0.0200, 0.0441
(46, 93): 0.5567, 0.0200, 0.0500
(46, 94): 0.5593, 0.0200, 0.0494
(46, 95): 0.5650, 0.0200, 0.0493
(46, 96): 0.5802, 0.0200, 0.0483
(47, 37): 0.5384, 0.0200, 0.0553
(47, 38): 0.2483, 0.0200, 0.0729
(47, 39): 0.5667, 0.0200, 0.0545
(47, 40): 0.5691, 0.0200, 0.0548
(47, 41): 0.5573, 0.0200, 0.0551
(47, 42): 0.5458, 0.0200, 0.0556
(47, 43): 0.5592, 0.0200, 0.0550
(47, 44): 0.5621, 0.0200, 0.0548
(47, 45): 0.5543, 0.0200, 0.0554
(47, 46): 0.5476, 0.0200, 0.0557
(47, 47): 0.9158, 0.0200, 0.0521
(47, 48): 0.5426, 0.0200, 0.0561
(47, 49): 0.5455, 0.0200, 0.0554
(47, 50): 0.5413, 0.0200, 0.0551
(47, 51): 0.5510, 0.0200, 0.0541
(47, 52): 0.5524, 0.0200, 0.0543
(47, 53): 0.5381, 0.0200, 0.0547
(47, 54): 0.5443, 0.0200, 0.0541
(47, 55): 0.5513, 0.0200, 0.0534
(47, 64): 0.6020, 0.0200, 0.0463
(47, 65): 0.6095, 0.0200, 0.0471
(47, 66): 0.6060, 0.0200, 0.0478
(47, 67): 0.6925, 0.0200, 0.0467
(47, 68): 0.6002, 0.0200, 0.0490
(47, 69): 0.6364, 0.0200, 0.0479
(47, 70): 0.6052, 0.0200, 0.0494
(47, 71): 0.5675, 0.0200, 0.0521
(47, 72): 0.5946, 0.0200, 0.0498
(47, 73): 0.6113, 0.0200, 0.0484
(47, 74): 0.5977, 0.0200, 0.0489
(47, 75): 0.6148, 0.0200, 0.0479
(47, 76): 0.6104, 0.0200, 0.0481
(47, 77): 0.5997, 0.0200, 0.0484
(47, 78): 0.5917, 0.0200, 0.0485
(47, 79): 0.5875, 0.0200, 0.0492
(47, 80): 0.5849, 0.0200, 0.0490
(47, 81): 0.5819, 0.0200, 0.0498
(47, 82): 0.5862, 0.0200, 0.0497
(47, 83): 0.5716, 0.0200, 0.0507
(47, 84): 0.5674, 0.0200, 0.0514
(47, 85): 0.5659, 0.0200, 0.0523
(47, 86): 0.5600, 0.0200, 0.0530
(47, 87): 0.5564, 0.0200, 0.0531
(47, 88): 0.5316, 0.0200, 0.0541
(47, 89): 0.5268, 0.0200, 0.0538
(47, 90): 0.5329, 0.0200, 0.0527
