(38, 58): 0.5713, 0.0200, 0.0495
(38, 59): 0.5490, 0.0200, 0.0515
(38, 60): 0.5365, 0.0200, 0.0520
(38, 61): 0.5594, 0.0200, 0.0505
(38, 62): 0.5711, 0.0200, 0.0501
(38, 63): 0.5541, 0.0200, 0.0510
(38, 64): 0.5692, 0.0200, 0.0502
(38, 65): 0.6160, 0.0200, 0.0459
(38, 66): 0.5894, 0.0200, 0.0500
(38, 67): 0.4278, 0.0200, 0.0505
(38, 68): 0.5646, 0.0200, 0.0512
(38, 69): 0.5781, 0.0200, 0.0501
(38, 70): 0.5879, 0.0200, 0.0497
(38, 71): 1.0329, 0.0200, 0.0423
(38, 72): 0.9109, 0.0200, 0.0383
(38, 73): 0.6755, 0.0200, 0.0509
(38, 74): 0.5870, 0.0200, 0.0503
(38, 75): 0.5957, 0.0200, 0.0494
(38, 76): 0.5940, 0.0200, 0.0490
(38, 77): 0.5989, 0.0200, 0.0487
(38, 78): 0.5821, 0.0200, 0.0487
(38, 79): 0.5880, 0.0200, 0.0484
(38, 80): 0.6037, 0.0200, 0.0481
(38, 81): 0.5910, 0.0200, 0.0493
(38, 82): 0.5775, 0.0200, 0.0508
(38, 83): 0.5582, 0.0200, 0.0521
(38, 84): 0.5648, 0.0200, 0.0522
(38, 85): 0.4882, 0.0200, 0.0707
(38, 86): 0.5561, 0.0200, 0.0538
(38, 87): 0.5601, 0.0200, 0.0530
(38, 88): 0.5425, 0.0200, 0.0538
(38, 89): 0.5486, 0.0200, 0.0536
(38, 90): 0.5526, 0.0200, 0.0536
(38, 91): 0.5570, 0.0200, 0.0533
(38, 92): 0.5499, 0.0200, 0.0546
(38, 93): 0.5394, 0.0200, 0.0560
(38, 94): 0.5326, 0.0200, 0.0570
(38, 95): 0.5326, 0.0200, 0.0571
(38, 96): 0.5322, 0.0200, 0.0574
(38, 97): 0.5392, 0.0200, 0.0575
(38, 98): 0.5841, 0.0200, 0.0546
(38, 99): 0.5109, 0.0200, 0.0590
(38, 100): 0.4502, 0.0200, 0.0571
(38, 101): 0.5224, 0.0200, 0.0577
(38, 102): 0.5327, 0.0200, 0.0580
(38, 103): 0.4979, 0.0200, 0.0577
(38, 104): 0.4823, 0.0200, 0.0571
(39, 38): 0.5207, 0.0200, 0.0565
(39, 39): 0.5263, 0.0200, 0.0556
(39, 40): 0.5238, 0.0200, 0.0553
(39, 45): 0.4601, 0.0200, 0.0549
(39, 46): 0.5894, 0.0200, 0.0503
(39, 47): 0.5963, 0.0200, 0.0490
(39, 56): 0.5666, 0.0200, 0.0493
(39, 57): 0.5842, 0.0200, 0.0483
(39, 58): 0.5812, 0.0200, 0.0505
(39, 59): 0.5484, 0.0200, 0.0512
(39, 60): 0.5743, 0.0200, 0.0499
(39, 61): 0.5408, 0.0200, 0.0519
(39, 62): 0.5767, 0.0200, 0.0502
(39, 63): 0.5723, 0.0200, 0.0500
(39, 64): 0.6350, 0.0200, 0.0502
(39, 65): 0.5721, 0.0200, 0.0499
(39, 66): 0.5781, 0.0200, 0.0498
(39, 67): 0.5759, 0.0200, 0.0500
(39, 68): 0.5676, 0.0200, 0.0501
(39, 69): 0.5649, 0.0200, 0.0507
(39, 70): 0.5907, 0.0200, 0.0493
(39, 71): 0.5973, 0.0200, 0.0491
(39, 72): 0.6213, 0.0200, 0.0483
(39, 73): 0.5941, 0.0200, 0.0497
(39, 74): 0.6410, 0.0200, 0.0513
(39, 75): 0.5923, 0.0200, 0.0496
(39, 76): 0.5897, 0.0200, 0.0494
(39, 77): 0.6070, 0.0200, 0.0478
(39, 78): 0.5918, 0.0200, 0.0488
(39, 79): 0.5866, 0.0200, 0.0488
(39, 80): 0.6054, 0.0200, 0.0478
(39, 81): 0.6088, 0.0200, 0.0480
(39, 82): 0.6011, 0.0200, 0.0492
(39, 83): 0.5860, 0.0200, 0.0504
(39, 84): 0.5597, 0.0200, 0.0523
(39, 85): 0.5601, 0.0200, 0.0531
(39, 86): 0.5512, 0.0200, 0.0531
(39, 87): 0.5565, 0.0200, 0.0525
(39, 88): 0.2711, 0.0200, 0.0705
(39, 89): 0.5547, 0.0200, 0.0533
(39, 90): 0.5619, 0.0200, 0.0527
(39, 91): 0.5690, 0.0200, 0.0530
(39, 92): 0.5677, 0.0200, 0.0536
(39, 93): 0.5538, 0.0200, 0.0549
(39, 94): 0.5190, 0.0200, 0.0575
(39, 95): 0.5296, 0.0200, 0.0572
(39, 96): 0.5235, 0.0200, 0.0580
(39, 97): 0.5416, 0.0200, 0.0572
(39, 98): 0.5180, 0.0200, 0.0587
(39, 99): 0.5162, 0.0200, 0.0584
(39, 100): 0.4872, 0.0200, 0.0602
(39, 101): 0.5086, 0.0200, 0.0582
(39, 102): 0.5144, 0.0200, 0.0571
(39, 103): 0.4863, 0.0200, 0.0570
(39, 104): 0.4649, 0.0200, 0.0574
(40, 39): 0.5093, 0.0200, 0.0554
(40, 40): 0.5311, 0.0200, 0.0552
(40, 41): 0.5231, 0.0200, 0.0568
(40, 42): 0.5312, 0.0200, 0.0564
(40, 44): 0.5243, 0.0200, 0.0560
(40, 45): 0.5357, 0.0200, 0.0554
(40, 46): 0.5761, 0.0200, 0.0517
(40, 47): 0.5776, 0.0200, 0.0506
(40, 48): 0.5702, 0.0200, 0.0503
(40, 57): 0.5865, 0.0200, 0.0488
(40, 58): 0.5644, 0.0200, 0.0502
(40, 59): 0.5493, 0.0200, 0.0513
(40, 60): 0.5723, 0.0200, 0.0500
(40, 61): 0.6113, 0.0200, 0.0476
(40, 62): 0.7677, 0.0200, 0.0441
(40, 63): 0.2137, 0.0200, 0.0750
(40, 65): 0.5749, 0.0200, 0.0492
(40, 66): 0.5906, 0.0200, 0.0485
(40, 67): 0.5779, 0.0200, 0.0495
(40, 68): 0.5721, 0.0200, 0.0499
(40, 69): 0.5685, 0.0200, 0.0502
(40, 70): 0.5870, 0.0200, 0.0490
(40, 71): 0.5871, 0.0200, 0.0492
(40, 72): 0.5934, 0.0200, 0.0490
(40, 73): 0.5891, 0.0200, 0.0494
(40, 74): 0.5893, 0.0200, 0.0494
(40, 75): 0.6009, 0.0200, 0.0485
(40, 76): 0.5991, 0.0200, 0.0490
(40, 77): 0.6061, 0.0200, 0.0481
(40, 78): 0.6060, 0.0200, 0.0479
(40, 79): 0.6035, 0.0200, 0.0477
(40, 80): 0.6034, 0.0200, 0.0478
(40, 81): 0.6101, 0.0200, 0.0477
(40, 82): 0.5906, 0.0200, 0.0492
(40, 83): 0.5869, 0.0200, 0.0500
(40, 84): 0.4899, 0.0200, 0.0525
(40, 85): 0.5545, 0.0200, 0.0524
(40, 86): 0.5601, 0.0200, 0.0519
(40, 87): 0.5786, 0.0200, 0.0510
(40, 88): 0.5804, 0.0200, 0.0512
(40, 89): 0.5556, 0.0200, 0.0530
(40, 90): 0.5691, 0.0200, 0.0522
(40, 91): 0.5520, 0.0200, 0.0534
(40, 92): 0.5543, 0.0200, 0.0541
(40, 93): 0.5544, 0.0200, 0.0544
(40, 94): 0.5340, 0.0200, 0.0561
(40, 95): 0.5313, 0.0200, 0.0573
(40, 96): 0.5451, 0.0200, 0.0562
(40, 97): 0.5276, 0.0200, 0.0577
(40, 98): 0.4626, 0.0200, 0.0578
(40, 99): 0.5399, 0.0200, 0.0561
(40, 100): 0.5067, 0.0200, 0.0580
(40, 101): 0.4797, 0.0200, 0.0592
(40, 102): 0.8232, 0.0200, 0.0489
(40, 103): 0.4850, 0.0200, 0.0567
(40, 104): 0.5027, 0.0200, 0.0543
(41, 38): 0.5879, 0.0200, 0.0584
(41, 39): 0.5292, 0.0200, 0.0560
(41, 40): 0.5343, 0.0200, 0.0552
(41, 41): 0.5454, 0.0200, 0.0554
(41, 42): 0.5354, 0.0200, 0.0561
(41, 43): 0.6358, 0.0200, 0.0583
(41, 44): 0.5202, 0.0200, 0.0570
(41, 45): 0.5167, 0.0200, 0.0581
(41, 46): 0.5825, 0.0200, 0.0527
(41, 47): 0.4701, 0.0200, 0.0538
(41, 48): 0.5630, 0.0200, 0.0517
(41, 49): 0.5705, 0.0200, 0.0513
(41, 65): 0.6750, 0.0200, 0.0474
(41, 66): 0.6087, 0.0200, 0.0476
(41, 67): 0.5987, 0.0200, 0.0484
(41, 68): 0.5993, 0.0200, 0.0483
(41, 69): 0.8239, 0.0200, 0.0444
(41, 70): 0.5109, 0.0200, 0.0501
(41, 71): 0.5754, 0.0200, 0.0498
(41, 72): 0.5793, 0.0200, 0.0498
(41, 73): 0.5916, 0.0200, 0.0490
(41, 74): 0.5929, 0.0200, 0.0489
(41, 75): 0.5939, 0.0200, 0.0487
(41, 76): 0.6016, 0.0200, 0.0482
(41, 77): 0.6095, 0.0200, 0.0473
(41, 78): 0.5742, 0.0200, 0.0497
(41, 79): 0.6155, 0.0200, 0.0470
(41, 80): 0.5679, 0.0200, 0.0481
(41, 81): 0.5963, 0.0200, 0.0478
(41, 82): 0.5891, 0.0200, 0.0487
(41, 83): 0.5894, 0.0200, 0.0490
(41, 84): 0.5832, 0.0200, 0.0502
(41, 85): 0.5677, 0.0200, 0.0518
(41, 86): 0.5691, 0.0200, 0.0513
(41, 87): 0.5804, 0.0200, 0.0505
(41, 88): 0.5755, 0.0200, 0.0513
(41, 89): 0.5926, 0.0200, 0.0505
(41, 90): 0.5709, 0.0200, 0.0519
(41, 91): 0.5524, 0.0200, 0.0532
(41, 92): 0.5598, 0.0200, 0.0525
(41, 93): 0.3297, 0.0200, 0.0574
(41, 94): 0.5634, 0.0200, 0.0540
(41, 95): 0.5428, 0.0200, 0.0555
(41, 96): 0.5491, 0.0200, 0.0554
(41, 97): 0.5373, 0.0199, 0.0534
(41, 98): 0.5280, 0.0200, 0.0570
(41, 99): 0.5100, 0.0200, 0.0574
(41, 100): 0.4478, 0.0200, 0.0600
(41, 101): 0.4797, 0.0200, 0.0579
(41, 102): 0.4883, 0.0200, 0.0566
(41, 103): 0.4930, 0.0200, 0.0559
(41, 104): 0.5085, 0.0200, 0.0539
(42, 38): 0.5301, 0.0200, 0.0560
(42, 39): 0.5082, 0.0200, 0.0577
(42, 40): 0.5121, 0.0200, 0.0578
(42, 41): 0.5304, 0.0200, 0.0566
(42, 42): 0.5304, 0.0200, 0.0569
(42, 43): 0.5252, 0.0200, 0.0571
(42, 44): 0.5244, 0.0200, 0.0570
(42, 45): 0.5545, 0.0200, 0.0539
(42, 46): 0.5576, 0.0200, 0.0540
(42, 47): 0.5684, 0.0200, 0.0529
(42, 48): 0.5802, 0.0200, 0.0520
(42, 49): 0.5866, 0.0200, 0.0517
(42, 65): 0.6005, 0.0200, 0.0478
(42, 66): 0.5950, 0.0200, 0.0486
(42, 67): 0.5859, 0.0200, 0.0492
(42, 68): 0.5955, 0.0200, 0.0484
(42, 69): 0.5757, 0.0200, 0.0498
(42, 70): 0.4589, 0.0200, 0.0555
(42, 71): 0.5822, 0.0200, 0.0497
(42, 72): 0.5737, 0.0200, 0.0501
(42, 73): 0.5991, 0.0200, 0.0493
(42, 74): 0.6057, 0.0200, 0.0480
(42, 75): 0.5869, 0.0200, 0.0491
(42, 76): 0.6121, 0.0200, 0.0474
(42, 77): 0.6208, 0.0200, 0.0468
(42, 78): 0.6004, 0.0200, 0.0474
(42, 79): 0.6079, 0.0200, 0.0470
(42, 80): 0.5898, 0.0200, 0.0471
(42, 81): 0.5827, 0.0200, 0.0478
(42, 82): 0.6003, 0.0200, 0.0479
(42, 83): 0.6025, 0.0200, 0.0483
(42, 84): 0.5948, 0.0200, 0.0493
(42, 85): 0.5759, 0.0200, 0.0510
(42, 86): 0.5797, 0.0200, 0.0506
(42, 87): 0.5645, 0.0200, 0.0519
(42, 88): 0.6035, 0.0200, 0.0510
(42, 89): 0.5454, 0.0200, 0.0550
(42, 90): 0.5621, 0.0200, 0.0518
(42, 91): 0.5672, 0.0200, 0.0517
(42, 92): 0.5765, 0.0200, 0.0509
(42, 93): 0.5704, 0.0200, 0.0520
(42, 94): 0.5621, 0.0200, 0.0529
(42, 95): 0.5623, 0.0200, 0.0535
(42, 96): 0.5555, 0.0200, 0.0543
(42, 97): 0.5327, 0.0200, 0.0568
(42, 98): 0.5056, 0.0200, 0.0571
(42, 99): 0.5057, 0.0200, 0.0566
(42, 100): 0.4894, 0.0200, 0.0575
(42, 101): 0.4923, 0.0200, 0.0566
(42, 102): 0.4917, 0.0200, 0.0559
(42, 103): 0.5147, 0.0200, 0.0533
(42, 104): 0.5129, 0.0200, 0.0528
