(15, 53): 0.4931, 0.0200, 0.0612
(15, 54): 0.5538, 0.0200, 0.0548
(15, 55): 0.5577, 0.0200, 0.0546
(15, 56): 0.5432, 0.0200, 0.0532
(15, 68): 0.5789, 0.0200, 0.0521
(15, 69): 0.5731, 0.0200, 0.0532
(15, 70): 0.5598, 0.0200, 0.0539
(15, 71): 0.5426, 0.0200, 0.0546
(15, 72): 0.5547, 0.0200, 0.0553
(15, 73): 0.5561, 0.0200, 0.0552
(15, 74): 0.5500, 0.0200, 0.0551
(15, 75): 0.4748, 0.0200, 0.0583
(15, 76): 0.4624, 0.0200, 0.0590
(15, 77): 0.3200, 0.0200, 0.0585
(15, 78): 0.4626, 0.0200, 0.0595
(15, 79): 0.4681, 0.0200, 0.0612
(15, 80): 0.4677, 0.0200, 0.0608
(15, 81): 0.5242, 0.0200, 0.0575
(15, 82): 0.5214, 0.0200, 0.0579
(15, 83): 0.4369, 0.0200, 0.0576
(15, 84): 0.5384, 0.0200, 0.0572
(15, 85): 0.5170, 0.0200, 0.0579
(15, 86): 0.5123, 0.0200, 0.0595
(15, 87): 0.5202, 0.0200, 0.0589
(15, 88): 0.5141, 0.0200, 0.0596
(15, 89): 0.5081, 0.0200, 0.0595
(15, 90): 0.5011, 0.0200, 0.0599
(15, 91): 0.4784, 0.0200, 0.0608
(15, 92): 0.4838, 0.0200, 0.0598
(15, 93): 0.4843, 0.0200, 0.0597
(15, 94): 0.4906, 0.0200, 0.0602
(15, 95): 0.4702, 0.0200, 0.0626
(15, 96): 0.3625, 0.0200, 0.0696
(15, 97): 0.4648, 0.0200, 0.0637
(15, 98): 0.4499, 0.0200, 0.0645
(15, 99): 0.4564, 0.0200, 0.0649
(15, 100): 0.4205, 0.0200, 0.0665
(15, 101): 0.4399, 0.0200, 0.0656
(16, 50): 0.5241, 0.0200, 0.0568
(16, 51): 0.4976, 0.0200, 0.0587
(16, 52): 0.4929, 0.0200, 0.0585
(16, 53): 0.5495, 0.0200, 0.0545
(16, 54): 0.5492, 0.0200, 0.0552
(16, 67): 0.5427, 0.0200, 0.0545
(16, 68): 0.6505, 0.0200, 0.0496
(16, 69): 0.4943, 0.0200, 0.0551
(16, 70): 0.5570, 0.0200, 0.0546
(16, 71): 0.5367, 0.0200, 0.0553
(16, 72): 0.5391, 0.0200, 0.0556
(16, 73): 0.5403, 0.0200, 0.0544
(16, 74): 0.4810, 0.0200, 0.0609
(16, 75): 0.4701, 0.0200, 0.0603
(16, 76): 0.6485, 0.0200, 0.0563
(16, 77): 0.4736, 0.0200, 0.0585
(16, 78): 0.4665, 0.0200, 0.0616
(16, 79): 0.4835, 0.0200, 0.0568
(16, 80): 0.7179, 0.0200, 0.0539
(16, 81): 0.5406, 0.0200, 0.0560
(16, 82): 0.5230, 0.0200, 0.0572
(16, 83): 0.5356, 0.0200, 0.0565
(16, 84): 0.5192, 0.0200, 0.0570
(16, 85): 0.5713, 0.0200, 0.0567
(16, 86): 0.5143, 0.0200, 0.0587
(16, 87): 0.5261, 0.0200, 0.0580
(16, 88): 0.5149, 0.0200, 0.0588
(16, 89): 0.4639, 0.0200, 0.0600
(16, 90): 0.4895, 0.0200, 0.0585
(16, 91): 0.4906, 0.0200, 0.0590
(16, 92): 0.4911, 0.0200, 0.0592
(16, 93): 0.5027, 0.0200, 0.0591
(16, 94): 0.5081, 0.0200, 0.0594
(16, 95): 0.5010, 0.0200, 0.0601
(16, 96): 0.4885, 0.0200, 0.0613
(16, 97): 0.4845, 0.0200, 0.0616
(16, 98): 0.4631, 0.0200, 0.0647
(16, 99): 0.4411, 0.0200, 0.0658
(16, 100): 0.4400, 0.0200, 0.0667
(16, 101): 0.4260, 0.0200, 0.0683
(17, 49): 0.5340, 0.0200, 0.0570
(17, 50): 0.5318, 0.0200, 0.0581
(17, 51): 0.4892, 0.0200, 0.0608
(17, 65): 0.5671, 0.0200, 0.0530
(17, 66): 0.5531, 0.0200, 0.0540
(17, 67): 0.5493, 0.0200, 0.0542
(17, 68): 0.5718, 0.0200, 0.0528
(17, 69): 0.5692, 0.0200, 0.0531
(17, 70): 0.5567, 0.0200, 0.0537
(17, 71): 0.5488, 0.0200, 0.0534
(17, 72): 0.4132, 0.0196, 0.0704
(17, 73): 0.4869, 0.0200, 0.0602
(17, 74): 0.4666, 0.0200, 0.0606
(17, 75): 0.3504, 0.0200, 0.0650
(17, 76): 0.4815, 0.0200, 0.0619
(17, 77): 0.5470, 0.0200, 0.0569
(17, 78): 0.5357, 0.0200, 0.0573
(17, 79): 0.8807, 0.0200, 0.0458
(17, 80): 0.5374, 0.0200, 0.0568
(17, 81): 0.5328, 0.0200, 0.0560
(17, 82): 0.5346, 0.0200, 0.0566
(17, 83): 0.5412, 0.0200, 0.0562
(17, 84): 0.5307, 0.0200, 0.0563
(17, 85): 0.5306, 0.0200, 0.0572
(17, 86): 0.5283, 0.0200, 0.0575
(17, 87): 0.5163, 0.0200, 0.0584
(17, 88): 0.5167, 0.0200, 0.0587
(17, 89): 0.5053, 0.0200, 0.0592
(17, 90): 0.5019, 0.0200, 0.0594
(17, 91): 0.5007, 0.0200, 0.0587
(17, 92): 0.4759, 0.0200, 0.0600
(17, 93): 0.4661, 0.0200, 0.0619
(17, 94): 0.5073, 0.0200, 0.0587
(17, 95): 0.5146, 0.0200, 0.0586
(17, 96): 0.1813, 0.0200, 0.0820
(17, 97): 0.4803, 0.0200, 0.0621
(17, 98): 0.4591, 0.0200, 0.0649
(17, 99): 0.4560, 0.0200, 0.0650
(17, 100): 0.4661, 0.0200, 0.0662
(17, 101): 0.4457, 0.0200, 0.0688
(17, 102): 0.4849, 0.0200, 0.0650
(17, 103): 0.4571, 0.0200, 0.0651
(18, 49): 0.5113, 0.0200, 0.0580
(18, 64): 0.5695, 0.0200, 0.0526
(18, 65): 0.5807, 0.0200, 0.0525
(18, 66): 0.5744, 0.0200, 0.0529
(18, 67): 0.5507, 0.0200, 0.0541
(18, 68): 0.5594, 0.0200, 0.0536
(18, 69): 0.8685, 0.0200, 0.0497
(18, 70): 0.4869, 0.0200, 0.0569
(18, 71): 0.4318, 0.0200, 0.0606
(18, 72): 0.4596, 0.0200, 0.0597
(18, 73): 0.4657, 0.0200, 0.0603
(18, 74): 0.4818, 0.0200, 0.0648
(18, 75): 0.4859, 0.0200, 0.0606
(18, 76): 0.5492, 0.0200, 0.0568
(18, 77): 0.5421, 0.0200, 0.0566
(18, 78): 0.5236, 0.0200, 0.0579
(18, 79): 0.5473, 0.0200, 0.0562
(18, 80): 0.5452, 0.0200, 0.0561
(18, 81): 0.5371, 0.0200, 0.0564
(18, 82): 0.5086, 0.0200, 0.0561
(18, 83): 0.5523, 0.0200, 0.0553
(18, 84): 0.5404, 0.0200, 0.0565
(18, 85): 0.5406, 0.0200, 0.0563
(18, 86): 0.5292, 0.0200, 0.0577
(18, 87): 0.5146, 0.0200, 0.0580
(18, 88): 0.5252, 0.0200, 0.0575
(18, 89): 0.6705, 0.0200, 0.0529
(18, 90): 0.5071, 0.0200, 0.0589
(18, 91): 0.5135, 0.0200, 0.0580
(18, 92): 0.5004, 0.0200, 0.0578
(18, 93): 0.5030, 0.0200, 0.0585
(18, 94): 0.5108, 0.0200, 0.0583
(18, 95): 0.5127, 0.0200, 0.0589
(18, 96): 0.4800, 0.0200, 0.0623
(18, 97): 0.4579, 0.0200, 0.0641
(18, 98): 0.2518, 0.0200, 0.0770
(18, 99): 0.4394, 0.0200, 0.0678
(18, 100): 0.4514, 0.0200, 0.0683
(18, 101): 0.4776, 0.0200, 0.0658
(18, 102): 0.4746, 0.0200, 0.0647
(18, 103): 0.4792, 0.0200, 0.0637
(18, 104): 0.4682, 0.0200, 0.0634
(18, 105): 0.4830, 0.0200, 0.0607
(19, 62): 0.5692, 0.0200, 0.0516
(19, 63): 0.5572, 0.0200, 0.0525
(19, 64): 0.5634, 0.0200, 0.0527
(19, 65): 0.5706, 0.0200, 0.0528
(19, 66): 0.5782, 0.0200, 0.0527
(19, 67): 0.5663, 0.0200, 0.0531
(19, 68): 0.5341, 0.0200, 0.0544
(19, 69): 0.4826, 0.0200, 0.0575
(19, 70): 0.4636, 0.0200, 0.0585
(19, 71): 0.4728, 0.0200, 0.0581
(19, 72): 0.4666, 0.0200, 0.0610
(19, 73): 0.4802, 0.0200, 0.0597
(19, 74): 0.5396, 0.0200, 0.0569
(19, 75): 0.5243, 0.0200, 0.0575
(19, 76): 0.5457, 0.0200, 0.0566
(19, 77): 0.5463, 0.0200, 0.0564
(19, 78): 0.5329, 0.0200, 0.0570
(19, 79): 0.5619, 0.0200, 0.0549
(19, 80): 0.5616, 0.0200, 0.0547
