(19, 81): 0.5610, 0.0200, 0.0547
(19, 82): 0.5668, 0.0200, 0.0540
(19, 83): 0.5587, 0.0200, 0.0544
(19, 84): 0.6403, 0.0200, 0.0556
(19, 85): 0.5447, 0.0200, 0.0562
(19, 86): 0.5387, 0.0200, 0.0567
(19, 87): 0.5214, 0.0200, 0.0581
(19, 88): 0.5223, 0.0200, 0.0581
(19, 89): 0.5304, 0.0200, 0.0574
(19, 90): 0.5230, 0.0200, 0.0571
(19, 91): 0.5082, 0.0200, 0.0579
(19, 92): 0.5076, 0.0200, 0.0577
(19, 93): 0.4846, 0.0200, 0.0593
(19, 94): 0.4922, 0.0200, 0.0589
(19, 95): 0.4892, 0.0200, 0.0592
(19, 96): 0.5606, 0.0200, 0.0560
(19, 97): 0.2475, 0.0200, 0.0796
(19, 98): 0.4458, 0.0200, 0.0663
(19, 99): 0.4632, 0.0200, 0.0664
(19, 100): 0.4653, 0.0200, 0.0671
(19, 101): 0.4678, 0.0200, 0.0671
(19, 102): 0.4543, 0.0200, 0.0670
(19, 103): 0.4560, 0.0200, 0.0659
(19, 104): 0.4746, 0.0200, 0.0617
(19, 105): 0.5083, 0.0200, 0.0615
(20, 61): 0.5868, 0.0200, 0.0498
(20, 62): 0.5774, 0.0200, 0.0506
(20, 63): 0.5684, 0.0200, 0.0524
(20, 64): 0.5566, 0.0200, 0.0532
(20, 65): 0.5709, 0.0200, 0.0526
(20, 66): 0.5589, 0.0200, 0.0533
(20, 67): 0.4862, 0.0200, 0.0575
(20, 68): 0.4700, 0.0200, 0.0583
(20, 69): 0.4700, 0.0200, 0.0577
(20, 70): 0.4649, 0.0200, 0.0574
(20, 71): 0.5004, 0.0200, 0.0571
(20, 72): 0.5408, 0.0200, 0.0552
(20, 73): 0.5373, 0.0200, 0.0561
(20, 74): 0.5398, 0.0200, 0.0566
(20, 75): 0.3789, 0.0200, 0.0686
(20, 76): 0.5597, 0.0200, 0.0551
(20, 77): 0.5548, 0.0200, 0.0559
(20, 78): 0.1754, 0.0200, 0.0816
(20, 79): 0.5667, 0.0200, 0.0543
(20, 80): 0.5774, 0.0200, 0.0535
(20, 81): 0.5594, 0.0200, 0.0545
(20, 82): 0.5718, 0.0200, 0.0537
(20, 83): 0.5584, 0.0200, 0.0543
(20, 84): 0.5556, 0.0200, 0.0545
(20, 85): 0.5279, 0.0200, 0.0569
(20, 86): 0.5469, 0.0200, 0.0561
(20, 87): 0.5457, 0.0200, 0.0570
(20, 88): 0.5293, 0.0200, 0.0578
(20, 89): 0.4271, 0.0200, 0.0637
(20, 90): 0.5231, 0.0200, 0.0577
(20, 91): 0.5082, 0.0200, 0.0596
(20, 92): 0.5025, 0.0200, 0.0581
(20, 93): 0.4892, 0.0200, 0.0583
(20, 94): 0.4753, 0.0200, 0.0579
(20, 95): 0.5168, 0.0200, 0.0570
(20, 96): 0.4951, 0.0200, 0.0592
(20, 97): 0.4883, 0.0200, 0.0616
(20, 98): 0.4631, 0.0200, 0.0642
(20, 99): 0.4609, 0.0200, 0.0652
(20, 100): 0.4617, 0.0200, 0.0672
(20, 101): 0.4659, 0.0200, 0.0672
(20, 102): 0.3800, 0.0200, 0.0796
(20, 103): 0.4686, 0.0200, 0.0660
(20, 104): 0.5080, 0.0200, 0.0613
(20, 105): 0.4853, 0.0200, 0.0612
(20, 106): 0.5219, 0.0200, 0.0566
(21, 46): 0.5343, 0.0200, 0.0558
(21, 47): 0.5381, 0.0200, 0.0558
(21, 60): 0.5773, 0.0200, 0.0496
(21, 61): 0.5954, 0.0200, 0.0487
(21, 62): 0.5903, 0.0200, 0.0500
(21, 63): 0.5859, 0.0200, 0.0508
(21, 64): 0.5577, 0.0200, 0.0529
(21, 65): 0.5560, 0.0200, 0.0522
(21, 66): 0.4305, 0.0200, 0.0591
(21, 67): 0.4192, 0.0200, 0.0630
(21, 68): 0.4773, 0.0200, 0.0574
(21, 69): 0.4823, 0.0200, 0.0570
(21, 70): 0.5589, 0.0200, 0.0523
(21, 71): 0.5497, 0.0200, 0.0540
(21, 72): 0.5477, 0.0200, 0.0544
(21, 73): 0.5417, 0.0200, 0.0551
(21, 74): 0.5346, 0.0200, 0.0556
(21, 75): 0.5471, 0.0200, 0.0554
(21, 76): 0.5410, 0.0200, 0.0556
(21, 77): 0.5677, 0.0200, 0.0543
(21, 78): 0.5694, 0.0200, 0.0540
(21, 79): 0.6238, 0.0200, 0.0513
(21, 80): 0.5802, 0.0200, 0.0532
(21, 81): 0.8542, 0.0200, 0.0465
(21, 82): 0.5521, 0.0200, 0.0549
(21, 83): 0.5513, 0.0200, 0.0549
(21, 84): 0.5548, 0.0200, 0.0553
(21, 85): 0.5579, 0.0200, 0.0551
(21, 86): 0.5543, 0.0200, 0.0559
(21, 87): 0.5401, 0.0200, 0.0567
(21, 88): 0.5262, 0.0200, 0.0580
(21, 89): 0.5131, 0.0200, 0.0585
(21, 90): 0.5141, 0.0200, 0.0586
(21, 91): 0.5121, 0.0200, 0.0580
(21, 92): 0.5508, 0.0200, 0.0558
(21, 93): 0.5025, 0.0200, 0.0572
(21, 94): 0.4935, 0.0200, 0.0573
(21, 95): 0.5135, 0.0200, 0.0573
(21, 96): 0.5168, 0.0200, 0.0579
(21, 97): 0.4953, 0.0200, 0.0609
(21, 98): 0.4771, 0.0200, 0.0633
(21, 99): 0.4453, 0.0200, 0.0666
(21, 100): 0.4705, 0.0200, 0.0662
(21, 101): 0.3943, 0.0200, 0.0832
(21, 102): 0.4907, 0.0200, 0.0651
(21, 103): 0.4845, 0.0200, 0.0646
(21, 104): 0.4700, 0.0200, 0.0643
(21, 105): 0.4809, 0.0200, 0.0611
(22, 44): 0.5384, 0.0200, 0.0540
(22, 59): 0.5793, 0.0200, 0.0487
(22, 60): 0.5469, 0.0200, 0.0509
(22, 61): 0.6193, 0.0200, 0.0463
(22, 62): 0.6036, 0.0200, 0.0482
(22, 63): 0.5814, 0.0200, 0.0507
(22, 64): 0.5074, 0.0200, 0.0554
(22, 65): 0.4866, 0.0200, 0.0563
(22, 66): 0.4937, 0.0200, 0.0559
(22, 67): 0.4965, 0.0200, 0.0569
(22, 68): 0.5470, 0.0200, 0.0529
(22, 69): 0.5305, 0.0200, 0.0543
(22, 70): 0.5516, 0.0200, 0.0530
(22, 71): 0.5416, 0.0200, 0.0536
(22, 72): 0.5405, 0.0200, 0.0543
(22, 73): 0.5547, 0.0200, 0.0536
(22, 74): 0.5464, 0.0200, 0.0542
(22, 75): 0.5521, 0.0200, 0.0540
(22, 76): 0.5619, 0.0200, 0.0542
(22, 77): 0.5615, 0.0200, 0.0535
(22, 78): 0.5708, 0.0200, 0.0530
(22, 79): 0.5711, 0.0200, 0.0531
(22, 80): 0.5449, 0.0200, 0.0546
(22, 81): 0.8233, 0.0200, 0.0466
(22, 82): 0.5523, 0.0200, 0.0551
(22, 83): 0.5540, 0.0200, 0.0554
(22, 84): 0.5147, 0.0200, 0.0579
(22, 85): 0.5471, 0.0200, 0.0557
(22, 86): 0.5546, 0.0200, 0.0552
(22, 87): 0.5402, 0.0200, 0.0567
(22, 88): 0.5260, 0.0200, 0.0574
(22, 89): 0.5187, 0.0200, 0.0578
(22, 90): 0.5099, 0.0200, 0.0586
(22, 91): 0.3844, 0.0200, 0.0602
(22, 92): 0.5055, 0.0200, 0.0583
(22, 93): 0.5070, 0.0200, 0.0573
(22, 94): 0.5093, 0.0200, 0.0570
(22, 95): 0.5116, 0.0200, 0.0568
(22, 96): 0.5200, 0.0200, 0.0574
(22, 97): 0.5017, 0.0200, 0.0600
(22, 98): 0.4881, 0.0200, 0.0622
(22, 99): 0.4663, 0.0200, 0.0645
(22, 100): 0.5372, 0.0200, 0.0608
(22, 101): 0.4591, 0.0200, 0.0673
(22, 102): 0.4700, 0.0200, 0.0658
(22, 103): 0.4789, 0.0200, 0.0644
(22, 104): 0.4696, 0.0200, 0.0636
(22, 105): 0.4579, 0.0200, 0.0622
(23, 43): 0.5797, 0.0200, 0.0549
(23, 44): 0.5487, 0.0200, 0.0541
(23, 58): 0.3046, 0.0200, 0.0694
(23, 59): 0.5840, 0.0200, 0.0477
(23, 60): 0.5599, 0.0200, 0.0499
(23, 61): 0.6228, 0.0200, 0.0491
(23, 62): 0.5786, 0.0200, 0.0494
(23, 63): 0.5586, 0.0200, 0.0653
(23, 64): 0.5144, 0.0200, 0.0547
(23, 65): 0.4982, 0.0200, 0.0549
(23, 66): 0.5173, 0.0200, 0.0548
(23, 67): 0.5599, 0.0200, 0.0525
(23, 68): 0.5518, 0.0200, 0.0531
(23, 69): 0.5443, 0.0200, 0.0534
(23, 70): 0.5421, 0.0200, 0.0534
(23, 71): 0.5588, 0.0200, 0.0535
(23, 72): 0.5410, 0.0200, 0.0536
(23, 73): 0.5644, 0.0200, 0.0528
(23, 74): 0.5723, 0.0200, 0.0537
(23, 75): 0.4859, 0.0200, 0.0523
(23, 76): 0.5469, 0.0200, 0.0520
(23, 77): 0.5564, 0.0200, 0.0536
(23, 78): 0.5628, 0.0200, 0.0533
(23, 79): 0.5514, 0.0200, 0.0539
(23, 80): 0.5541, 0.0200, 0.0543
(23, 81): 0.5623, 0.0200, 0.0546
(23, 82): 0.5588, 0.0200, 0.0551
(23, 83): 0.4906, 0.0200, 0.0540
(23, 84): 0.5432, 0.0200, 0.0562
(23, 85): 0.5345, 0.0200, 0.0570
(23, 86): 0.4982, 0.0200, 0.0566
(23, 87): 0.5400, 0.0200, 0.0569
(23, 88): 0.5203, 0.0200, 0.0582
(23, 89): 1.0158, 0.0200, 0.0459
(23, 90): 0.5207, 0.0200, 0.0584
(23, 91): 0.5118, 0.0200, 0.0585
(23, 92): 0.4727, 0.0200, 0.0601
(23, 93): 0.5221, 0.0200, 0.0569
(23, 94): 0.5219, 0.0200, 0.0570
(23, 95): 0.4960, 0.0200, 0.0582
(23, 96): 0.5017, 0.0200, 0.0587
(23, 97): 0.5012, 0.0200, 0.0599
(23, 98): 0.4969, 0.0200, 0.0611
(23, 99): 0.4914, 0.0200, 0.0629
(23, 100): 0.4784, 0.0200, 0.0641
(23, 101): 0.4608, 0.0200, 0.0654
(23, 102): 0.4751, 0.0200, 0.0653
(23, 103): 0.4527, 0.0200, 0.0643
(23, 104): 0.4579, 0.0200, 0.0637
(23, 105): 0.4503, 0.0200, 0.0626
(24, 42): 0.5747, 0.0200, 0.0530
(24, 43): 0.5677, 0.0200, 0.0535
