(61, 96): 0.5090, 0.0200, 0.0597
(61, 97): 0.5028, 0.0200, 0.0599
(61, 98): 0.5050, 0.0200, 0.0594
(61, 99): 0.4986, 0.0200, 0.0590
(61, 100): 0.5027, 0.0200, 0.0586
(61, 101): 0.4877, 0.0200, 0.0592
(61, 102): 0.4910, 0.0200, 0.0584
(61, 103): 0.2267, 0.0200, 0.0887
(61, 104): 0.5179, 0.0200, 0.0555
(61, 105): 0.4325, 0.0200, 0.0612
(61, 106): 0.5245, 0.0200, 0.0534
(62, 36): 0.5617, 0.0200, 0.0550
(62, 37): 0.5603, 0.0200, 0.0556
(62, 38): 0.5805, 0.0200, 0.0567
(62, 39): 0.5525, 0.0200, 0.0564
(62, 40): 0.4986, 0.0200, 0.0584
(62, 41): 0.5904, 0.0200, 0.0513
(62, 42): 0.6044, 0.0200, 0.0512
(62, 43): 0.5914, 0.0200, 0.0528
(62, 44): 0.5897, 0.0200, 0.0548
(62, 45): 0.5400, 0.0200, 0.0580
(62, 46): 0.5326, 0.0200, 0.0589
(62, 47): 0.5384, 0.0200, 0.0585
(62, 48): 0.5457, 0.0200, 0.0576
(62, 49): 0.5702, 0.0200, 0.0559
(62, 53): 0.5619, 0.0200, 0.0563
(62, 54): 0.5602, 0.0200, 0.0564
(62, 55): 0.5682, 0.0200, 0.0559
(62, 56): 0.5649, 0.0200, 0.0556
(62, 57): 0.5817, 0.0200, 0.0544
(62, 58): 0.6027, 0.0200, 0.0527
(62, 59): 0.6111, 0.0200, 0.0515
(62, 60): 0.5946, 0.0200, 0.0519
(62, 61): 0.6246, 0.0200, 0.0506
(62, 62): 0.5892, 0.0200, 0.0512
(62, 63): 0.6333, 0.0200, 0.0480
(62, 64): 0.7248, 0.0200, 0.0482
(62, 65): 0.5744, 0.0200, 0.0523
(62, 67): 0.5909, 0.0200, 0.0515
(62, 68): 0.5635, 0.0200, 0.0536
(62, 69): 0.5618, 0.0200, 0.0540
(62, 70): 0.5522, 0.0200, 0.0550
(62, 71): 0.4531, 0.0200, 0.0593
(62, 72): 0.5490, 0.0200, 0.0554
(62, 73): 0.5569, 0.0200, 0.0552
(62, 74): 0.5397, 0.0200, 0.0559
(62, 75): 0.5416, 0.0200, 0.0556
(62, 76): 0.5491, 0.0200, 0.0544
(62, 77): 0.5456, 0.0200, 0.0540
(62, 78): 0.5487, 0.0200, 0.0532
(62, 79): 0.4513, 0.0200, 0.0636
(62, 80): 0.4179, 0.0200, 0.0588
(62, 81): 0.5146, 0.0200, 0.0543
(62, 82): 0.5203, 0.0200, 0.0534
(62, 83): 0.5338, 0.0200, 0.0524
(62, 84): 0.5436, 0.0200, 0.0524
(62, 85): 0.5481, 0.0200, 0.0531
(62, 86): 0.5443, 0.0200, 0.0544
(62, 87): 0.5349, 0.0200, 0.0558
(62, 88): 0.5294, 0.0200, 0.0560
(62, 89): 0.5197, 0.0200, 0.0579
(62, 90): 0.5067, 0.0200, 0.0582
(62, 91): 0.5157, 0.0200, 0.0582
(62, 92): 0.5084, 0.0200, 0.0589
(62, 93): 0.5130, 0.0200, 0.0579
(62, 94): 0.5132, 0.0200, 0.0583
(62, 95): 0.3911, 0.0200, 0.0649
(62, 96): 0.5194, 0.0200, 0.0584
(62, 97): 0.5061, 0.0200, 0.0592
(62, 98): 0.4854, 0.0200, 0.0599
(62, 99): 0.4946, 0.0200, 0.0598
(62, 100): 0.5025, 0.0200, 0.0595
(62, 101): 0.5125, 0.0200, 0.0587
(62, 102): 0.4971, 0.0200, 0.0590
(62, 103): 0.2423, 0.0200, 0.0690
(62, 104): 0.5060, 0.0200, 0.0567
(62, 105): 0.5073, 0.0200, 0.0560
(62, 106): 0.4577, 0.0200, 0.0566
(63, 36): 0.5580, 0.0200, 0.0554
(63, 37): 0.5882, 0.0200, 0.0540
(63, 38): 0.5735, 0.0200, 0.0546
(63, 39): 0.5778, 0.0200, 0.0541
(63, 40): 0.4945, 0.0200, 0.0600
(63, 41): 0.5540, 0.0200, 0.0545
(63, 42): 0.5918, 0.0200, 0.0520
(63, 43): 0.5935, 0.0200, 0.0542
(63, 44): 0.6378, 0.0200, 0.0455
(63, 45): 0.5480, 0.0200, 0.0587
(63, 46): 0.5460, 0.0200, 0.0581
(63, 47): 0.5317, 0.0200, 0.0588
(63, 48): 0.5572, 0.0200, 0.0566
(63, 52): 0.5549, 0.0200, 0.0565
(63, 53): 0.5869, 0.0200, 0.0542
(63, 54): 0.5279, 0.0200, 0.0564
(63, 55): 0.5874, 0.0200, 0.0545
(63, 56): 0.5653, 0.0200, 0.0560
(63, 57): 0.8936, 0.0200, 0.0519
(63, 58): 0.5860, 0.0200, 0.0546
(63, 59): 0.6029, 0.0200, 0.0518
(63, 60): 0.6269, 0.0200, 0.0488
(63, 61): 0.5791, 0.0200, 0.0520
(63, 62): 0.5929, 0.0200, 0.0515
(63, 63): 0.5843, 0.0200, 0.0520
(63, 65): 0.5823, 0.0200, 0.0526
(63, 66): 0.5894, 0.0200, 0.0514
(63, 67): 0.5839, 0.0200, 0.0520
(63, 68): 0.5496, 0.0200, 0.0548
(63, 69): 0.5522, 0.0200, 0.0547
(63, 70): 0.5462, 0.0200, 0.0548
(63, 71): 0.5395, 0.0200, 0.0559
(63, 72): 0.5420, 0.0200, 0.0561
(63, 73): 0.5363, 0.0200, 0.0567
(63, 74): 0.5549, 0.0200, 0.0551
(63, 75): 0.5691, 0.0200, 0.0540
(63, 76): 0.5388, 0.0200, 0.0549
(63, 77): 0.5321, 0.0200, 0.0547
(63, 78): 0.5370, 0.0200, 0.0590
(63, 79): 0.5380, 0.0200, 0.0540
(63, 80): 0.5359, 0.0200, 0.0535
(63, 81): 0.5357, 0.0200, 0.0528
(63, 82): 0.5301, 0.0200, 0.0530
(63, 83): 0.5194, 0.0200, 0.0539
(63, 84): 0.2910, 0.0200, 0.0720
(63, 85): 0.5592, 0.0200, 0.0526
(63, 86): 0.5552, 0.0200, 0.0537
(63, 87): 0.5418, 0.0200, 0.0554
(63, 88): 0.5092, 0.0200, 0.0577
(63, 89): 0.5121, 0.0200, 0.0579
(63, 90): 0.5268, 0.0200, 0.0573
(63, 91): 0.5277, 0.0200, 0.0576
(63, 92): 0.5233, 0.0200, 0.0574
(63, 93): 0.5125, 0.0200, 0.0576
(63, 94): 0.5251, 0.0200, 0.0568
(63, 95): 0.5177, 0.0200, 0.0577
(63, 96): 0.5127, 0.0200, 0.0581
(63, 97): 0.4918, 0.0200, 0.0594
(63, 98): 0.4959, 0.0200, 0.0601
(63, 99): 0.5108, 0.0200, 0.0598
(63, 100): 0.5141, 0.0200, 0.0593
(63, 101): 0.5202, 0.0200, 0.0585
(63, 102): 0.5033, 0.0200, 0.0593
(63, 103): 0.5031, 0.0200, 0.0584
(63, 104): 0.5110, 0.0200, 0.0572
(63, 105): 0.5093, 0.0200, 0.0564
(63, 106): 0.5097, 0.0200, 0.0557
(63, 107): 0.4966, 0.0200, 0.0558
(64, 35): 0.5607, 0.0200, 0.0545
(64, 36): 0.5600, 0.0200, 0.0555
(64, 37): 0.5577, 0.0200, 0.0558
(64, 38): 0.7388, 0.0200, 0.0414
(64, 39): 0.5807, 0.0200, 0.0539
(64, 40): 0.4835, 0.0200, 0.0616
(64, 41): 0.5296, 0.0200, 0.0581
(64, 42): 0.5939, 0.0200, 0.0554
(64, 43): 0.5898, 0.0200, 0.0546
(64, 44): 0.6258, 0.0200, 0.0514
(64, 45): 0.6053, 0.0200, 0.0530
(64, 46): 0.5404, 0.0200, 0.0581
(64, 47): 0.5445, 0.0200, 0.0569
(64, 52): 0.5528, 0.0200, 0.0567
(64, 53): 0.5669, 0.0200, 0.0561
(64, 54): 0.5844, 0.0200, 0.0551
(64, 55): 0.5786, 0.0200, 0.0546
(64, 56): 0.5726, 0.0200, 0.0560
(64, 57): 0.5479, 0.0200, 0.0574
(64, 58): 0.5565, 0.0200, 0.0560
(64, 59): 0.5690, 0.0200, 0.0543
(64, 60): 0.6070, 0.0200, 0.0480
(64, 61): 0.5819, 0.0200, 0.0526
(64, 62): 0.5294, 0.0200, 0.0546
(64, 63): 0.5261, 0.0200, 0.0554
(64, 65): 0.5738, 0.0200, 0.0540
(64, 66): 0.5733, 0.0200, 0.0537
(64, 67): 0.5139, 0.0200, 0.0544
(64, 68): 0.5680, 0.0200, 0.0543
(64, 69): 0.5383, 0.0200, 0.0562
(64, 70): 0.5356, 0.0200, 0.0564
(64, 71): 0.3839, 0.0200, 0.0643
(64, 72): 0.5383, 0.0200, 0.0571
(64, 73): 0.4465, 0.0200, 0.0615
(64, 74): 0.5348, 0.0200, 0.0571
(64, 75): 0.5444, 0.0200, 0.0555
(64, 76): 0.5435, 0.0200, 0.0553
(64, 77): 0.7677, 0.0200, 0.0467
(64, 78): 0.5300, 0.0200, 0.0543
(64, 79): 0.5600, 0.0200, 0.0521
(64, 80): 0.5390, 0.0200, 0.0536
(64, 81): 0.5420, 0.0200, 0.0530
(64, 82): 0.5422, 0.0200, 0.0533
(64, 83): 0.5380, 0.0200, 0.0539
(64, 84): 0.5313, 0.0198, 0.0560
(64, 85): 0.5800, 0.0200, 0.0520
(64, 86): 0.5415, 0.0200, 0.0545
(64, 87): 0.5596, 0.0200, 0.0554
(64, 88): 0.5179, 0.0200, 0.0568
(64, 89): 0.5190, 0.0200, 0.0571
(64, 90): 0.5359, 0.0200, 0.0558
(64, 91): 0.5391, 0.0200, 0.0556
(64, 92): 0.5363, 0.0200, 0.0620
(64, 93): 0.5357, 0.0200, 0.0556
(64, 94): 0.5834, 0.0200, 0.0553
(64, 95): 0.5256, 0.0200, 0.0564
(64, 96): 0.5314, 0.0200, 0.0563
(64, 97): 0.5135, 0.0200, 0.0582
(64, 98): 0.5041, 0.0200, 0.0593
(64, 99): 0.5072, 0.0200, 0.0597
(64, 100): 0.5075, 0.0200, 0.0595
(64, 101): 0.5186, 0.0200, 0.0589
(64, 102): 0.5161, 0.0200, 0.0590
(64, 103): 0.5079, 0.0200, 0.0592
(64, 104): 0.4931, 0.0200, 0.0597
(64, 105): 0.5146, 0.0200, 0.0577
(64, 106): 0.5070, 0.0200, 0.0578
(65, 35): 0.5558, 0.0200, 0.0554
(65, 36): 0.5533, 0.0200, 0.0560
(65, 37): 0.5574, 0.0200, 0.0561
(65, 38): 0.5724, 0.0200, 0.0554
(65, 39): 0.8948, 0.0200, 0.0331
(65, 40): 0.5295, 0.0200, 0.0596
(65, 41): 0.5446, 0.0200, 0.0572
(65, 42): 0.5399, 0.0200, 0.0581
(65, 43): 0.5792, 0.0200, 0.0552
(65, 44): 0.5423, 0.0200, 0.0591
(65, 45): 0.5708, 0.0200, 0.0560
(65, 46): 0.5553, 0.0200, 0.0568
(65, 47): 0.4003, 0.0200, 0.0848
(65, 48): 0.5666, 0.0200, 0.0550
(65, 49): 0.5596, 0.0200, 0.0565
(65, 53): 0.5594, 0.0200, 0.0571
(65, 55): 0.5525, 0.0200, 0.0571
(65, 56): 0.5570, 0.0200, 0.0566
(65, 57): 0.5352, 0.0200, 0.0577
(65, 58): 0.5576, 0.0200, 0.0561
(65, 59): 0.4742, 0.0200, 0.0600
(65, 60): 0.6254, 0.0200, 0.0545
(65, 61): 0.5776, 0.0200, 0.0538
(65, 62): 0.5554, 0.0200, 0.0554
(65, 63): 0.5676, 0.0200, 0.0550
(65, 65): 0.5579, 0.0200, 0.0555
(65, 66): 0.5735, 0.0200, 0.0541
(65, 67): 0.5612, 0.0200, 0.0549
(65, 68): 0.5500, 0.0200, 0.0560
(65, 69): 0.5398, 0.0200, 0.0566
(65, 70): 0.6013, 0.0200, 0.0560
(65, 71): 0.5453, 0.0200, 0.0571
(65, 72): 0.5361, 0.0200, 0.0571
(65, 73): 0.5361, 0.0200, 0.0575
(65, 74): 0.5252, 0.0200, 0.0575
(65, 75): 0.6049, 0.0200, 0.0592
(65, 76): 0.5387, 0.0200, 0.0557
(65, 77): 0.5353, 0.0200, 0.0552
(65, 78): 0.5322, 0.0200, 0.0549
(65, 79): 0.5584, 0.0200, 0.0526
(65, 80): 0.5390, 0.0200, 0.0544
(65, 81): 0.5606, 0.0200, 0.0522
(65, 82): 0.5620, 0.0200, 0.0529
(65, 83): 0.5525, 0.0200, 0.0534
(65, 84): 0.5394, 0.0200, 0.0544
(65, 85): 0.5386, 0.0200, 0.0545
(65, 86): 0.5373, 0.0200, 0.0550
(65, 87): 0.5244, 0.0200, 0.0560
(65, 88): 0.5294, 0.0200, 0.0561
(65, 89): 0.6046, 0.0200, 0.0540
(65, 90): 0.5426, 0.0200, 0.0548
(65, 91): 0.5352, 0.0200, 0.0551
(65, 92): 0.5481, 0.0200, 0.0544
(65, 93): 0.5392, 0.0200, 0.0550
(65, 94): 0.5084, 0.0200, 0.0565
(65, 95): 0.5205, 0.0200, 0.0560
(65, 96): 0.5369, 0.0200, 0.0555
(65, 97): 0.5230, 0.0200, 0.0569
(65, 98): 0.5118, 0.0200, 0.0584
(65, 99): 0.5139, 0.0200, 0.0590
(65, 100): 0.5074, 0.0200, 0.0603
(65, 101): 0.5091, 0.0200, 0.0604
(65, 102): 0.4172, 0.0200, 0.0584
(65, 103): 0.4518, 0.0200, 0.0589
(65, 104): 0.5100, 0.0200, 0.0599
(66, 34): 0.5393, 0.0200, 0.0564
(66, 35): 0.5703, 0.0200, 0.0548
(66, 36): 0.5682, 0.0200, 0.0554
(66, 37): 0.5643, 0.0200, 0.0552
(66, 38): 0.5835, 0.0200, 0.0541
(66, 39): 0.7565, 0.0200, 0.0468
(66, 40): 0.4978, 0.0200, 0.0615
(66, 41): 0.5542, 0.0200, 0.0573
(66, 42): 0.4961, 0.0200, 0.0678
(66, 43): 0.5501, 0.0200, 0.0583
(66, 44): 0.5724, 0.0200, 0.0558
(66, 45): 0.5902, 0.0200, 0.0535
(66, 46): 0.6507, 0.0200, 0.0480
(66, 47): 0.5894, 0.0200, 0.0523
(66, 48): 0.5587, 0.0200, 0.0565
(66, 49): 0.5847, 0.0200, 0.0550
(66, 50): 0.5646, 0.0200, 0.0571
(66, 51): 0.5488, 0.0200, 0.0582
(66, 52): 0.5468, 0.0200, 0.0580
(66, 55): 0.5320, 0.0200, 0.0584
(66, 58): 0.5422, 0.0200, 0.0570
(66, 59): 0.5504, 0.0200, 0.0562
(66, 60): 0.5599, 0.0200, 0.0554
