(85, 31): 0.6658, 0.0200, 0.0621
(85, 32): 0.5161, 0.0200, 0.0567
(85, 33): 0.4417, 0.0200, 0.0638
(85, 34): 0.4668, 0.0200, 0.0645
(85, 35): 0.5105, 0.0200, 0.0620
(85, 36): 0.5063, 0.0200, 0.0619
(85, 37): 0.4937, 0.0200, 0.0614
(85, 38): 0.4826, 0.0200, 0.0633
(85, 39): 0.4221, 0.0200, 0.0671
(85, 40): 0.4290, 0.0200, 0.0671
(85, 41): 0.5157, 0.0200, 0.0587
(85, 42): 0.5163, 0.0200, 0.0599
(85, 43): 0.5742, 0.0200, 0.0589
(85, 44): 0.5320, 0.0200, 0.0573
(85, 45): 0.5389, 0.0200, 0.0563
(85, 46): 0.5468, 0.0200, 0.0559
(85, 47): 0.5528, 0.0200, 0.0548
(85, 48): 0.5574, 0.0200, 0.0541
(85, 49): 0.5444, 0.0200, 0.0557
(85, 50): 0.6599, 0.0200, 0.0566
(85, 51): 0.5305, 0.0200, 0.0572
(85, 52): 0.4898, 0.0200, 0.0567
(85, 53): 0.4868, 0.0200, 0.0609
(85, 54): 0.5265, 0.0200, 0.0574
(85, 55): 0.5242, 0.0200, 0.0572
(85, 56): 0.5233, 0.0200, 0.0567
(85, 57): 0.5158, 0.0200, 0.0572
(85, 58): 0.5065, 0.0200, 0.0577
(85, 59): 0.5171, 0.0200, 0.0564
(85, 60): 0.5213, 0.0200, 0.0559
(85, 61): 0.5120, 0.0200, 0.0566
(85, 62): 0.5236, 0.0200, 0.0558
(85, 63): 0.5151, 0.0200, 0.0558
(85, 64): 0.5396, 0.0200, 0.0541
(85, 65): 0.5064, 0.0200, 0.0565
(85, 66): 0.5108, 0.0200, 0.0608
(85, 67): 0.5240, 0.0200, 0.0552
(85, 68): 0.5227, 0.0200, 0.0555
(85, 69): 0.5220, 0.0200, 0.0561
(85, 70): 0.5386, 0.0200, 0.0544
(85, 71): 0.5308, 0.0200, 0.0551
(85, 72): 0.5248, 0.0200, 0.0555
(85, 73): 0.5170, 0.0200, 0.0569
(85, 74): 0.5027, 0.0200, 0.0583
(85, 75): 0.4951, 0.0200, 0.0586
(85, 76): 0.5048, 0.0200, 0.0569
(85, 77): 0.3803, 0.0200, 0.0599
(85, 78): 0.4889, 0.0200, 0.0571
(85, 79): 0.4774, 0.0200, 0.0578
(85, 80): 0.5063, 0.0200, 0.0560
(85, 83): 0.5307, 0.0200, 0.0554
(85, 84): 0.5182, 0.0200, 0.0561
(86, 22): 0.8743, 0.0200, 0.0454
(86, 23): 0.5595, 0.0200, 0.0600
(86, 24): 0.5363, 0.0200, 0.0610
(86, 25): 0.5311, 0.0200, 0.0597
(86, 26): 0.5493, 0.0200, 0.0564
(86, 27): 0.4587, 0.0200, 0.0664
(86, 28): 0.4571, 0.0200, 0.0621
(86, 29): 0.4657, 0.0200, 0.0599
(86, 30): 0.4780, 0.0200, 0.0603
(86, 31): 0.4525, 0.0200, 0.0620
(86, 32): 0.4782, 0.0200, 0.0609
(86, 33): 0.5000, 0.0200, 0.0597
(86, 34): 0.5132, 0.0200, 0.0602
(86, 35): 0.5103, 0.0200, 0.0613
(86, 36): 0.4519, 0.0200, 0.0636
(86, 37): 0.4760, 0.0200, 0.0608
(86, 38): 0.5185, 0.0200, 0.0573
(86, 39): 0.4392, 0.0200, 0.0643
(86, 40): 0.4590, 0.0200, 0.0637
(86, 41): 0.5543, 0.0200, 0.0550
(86, 42): 0.5180, 0.0200, 0.0606
(86, 43): 0.5129, 0.0200, 0.0604
(86, 44): 0.6373, 0.0200, 0.0560
(86, 45): 0.5333, 0.0200, 0.0566
(86, 46): 0.5317, 0.0200, 0.0563
(86, 47): 0.5338, 0.0200, 0.0560
(86, 48): 0.5259, 0.0200, 0.0564
(86, 49): 0.5283, 0.0200, 0.0565
(86, 50): 0.5284, 0.0200, 0.0569
(86, 51): 0.5194, 0.0200, 0.0579
(86, 52): 0.5060, 0.0200, 0.0585
(86, 53): 0.4888, 0.0200, 0.0598
(86, 54): 0.5000, 0.0200, 0.0590
(86, 55): 0.5052, 0.0200, 0.0581
(86, 56): 0.5198, 0.0200, 0.0569
(86, 57): 0.5119, 0.0200, 0.0571
(86, 58): 0.5001, 0.0200, 0.0578
(86, 59): 0.4428, 0.0200, 0.0594
(86, 60): 0.5160, 0.0200, 0.0563
(86, 61): 0.5082, 0.0200, 0.0566
(86, 62): 0.5011, 0.0200, 0.0568
(86, 63): 0.5025, 0.0200, 0.0566
(86, 64): 0.5118, 0.0200, 0.0556
(86, 65): 0.5111, 0.0200, 0.0557
(86, 66): 0.4330, 0.0200, 0.0589
(86, 67): 0.5229, 0.0200, 0.0550
(86, 68): 0.5232, 0.0200, 0.0553
(86, 69): 0.5382, 0.0200, 0.0540
(86, 70): 0.5337, 0.0200, 0.0545
(86, 71): 0.5334, 0.0200, 0.0548
(86, 72): 0.5215, 0.0200, 0.0558
(86, 73): 0.4238, 0.0200, 0.0620
(86, 74): 0.5006, 0.0200, 0.0584
(86, 75): 0.5369, 0.0200, 0.0514
(86, 76): 0.5032, 0.0200, 0.0562
(86, 77): 0.4870, 0.0200, 0.0577
(86, 78): 0.4863, 0.0200, 0.0573
(86, 79): 0.5027, 0.0200, 0.0564
(87, 23): 0.5460, 0.0200, 0.0586
(87, 24): 0.4662, 0.0200, 0.0654
(87, 25): 0.3364, 0.0200, 0.0593
(87, 26): 0.4526, 0.0200, 0.0633
(87, 27): 0.4615, 0.0200, 0.0608
(87, 28): 0.4394, 0.0200, 0.0622
(87, 29): 0.4293, 0.0200, 0.0631
(87, 30): 0.4780, 0.0200, 0.0607
(87, 31): 0.4906, 0.0200, 0.0601
(87, 32): 0.5115, 0.0200, 0.0586
(87, 33): 0.4652, 0.0200, 0.0631
(87, 34): 0.4490, 0.0200, 0.0646
(87, 35): 0.4448, 0.0200, 0.0634
(87, 36): 0.4877, 0.0200, 0.0617
(87, 37): 0.5007, 0.0200, 0.0588
(87, 38): 0.7583, 0.0199, 0.0387
(87, 39): 0.4218, 0.0200, 0.0686
(87, 40): 0.4312, 0.0200, 0.0683
(87, 41): 0.5033, 0.0200, 0.0615
(87, 42): 0.5162, 0.0200, 0.0606
(87, 43): 0.5161, 0.0200, 0.0600
(87, 44): 0.5249, 0.0200, 0.0584
(87, 45): 0.5383, 0.0200, 0.0565
(87, 46): 0.5242, 0.0200, 0.0569
(87, 47): 0.5218, 0.0200, 0.0569
(87, 48): 0.5182, 0.0200, 0.0571
(87, 49): 0.4636, 0.0200, 0.0587
(87, 50): 0.5185, 0.0200, 0.0578
(87, 51): 0.5197, 0.0200, 0.0577
(87, 52): 0.5247, 0.0200, 0.0570
(87, 53): 0.5241, 0.0200, 0.0563
(87, 54): 0.5063, 0.0200, 0.0580
(87, 55): 0.5108, 0.0200, 0.0577
(87, 56): 0.5194, 0.0200, 0.0561
(87, 57): 0.5144, 0.0200, 0.0564
(87, 58): 0.5028, 0.0200, 0.0571
(87, 59): 0.5039, 0.0200, 0.0568
(87, 60): 0.4081, 0.0200, 0.0570
(87, 61): 0.5178, 0.0200, 0.0553
(87, 62): 0.5042, 0.0200, 0.0562
(87, 63): 0.4592, 0.0200, 0.0539
(87, 64): 0.2598, 0.0200, 0.0652
(87, 65): 0.5064, 0.0200, 0.0557
(87, 66): 0.5139, 0.0200, 0.0559
(87, 67): 0.5273, 0.0200, 0.0553
(87, 68): 0.5327, 0.0200, 0.0548
(87, 69): 0.5709, 0.0200, 0.0494
(87, 70): 0.4850, 0.0200, 0.0567
(87, 71): 0.5268, 0.0200, 0.0553
(87, 72): 0.5151, 0.0200, 0.0561
(87, 73): 0.4961, 0.0200, 0.0579
(87, 74): 0.4796, 0.0200, 0.0591
(87, 75): 0.5765, 0.0200, 0.0558
(87, 76): 0.5946, 0.0200, 0.0533
(87, 77): 0.5166, 0.0200, 0.0561
(87, 78): 0.5173, 0.0200, 0.0565
(88, 23): 0.3469, 0.0200, 0.0713
(88, 24): 0.4569, 0.0200, 0.0604
(88, 25): 0.4747, 0.0200, 0.0596
(88, 26): 0.4550, 0.0200, 0.0611
(88, 27): 0.4008, 0.0200, 0.0652
(88, 28): 0.4500, 0.0200, 0.0628
(88, 29): 0.4864, 0.0200, 0.0595
(88, 30): 0.5189, 0.0200, 0.0575
(88, 31): 0.5006, 0.0200, 0.0600
(88, 32): 0.4520, 0.0200, 0.0624
(88, 33): 0.4447, 0.0200, 0.0622
(88, 34): 0.4384, 0.0200, 0.0635
(88, 35): 0.4702, 0.0200, 0.0617
(88, 36): 0.5041, 0.0200, 0.0604
(88, 37): 0.5414, 0.0200, 0.0567
(88, 38): 0.8712, 0.0200, 0.0335
(88, 39): 1.0827, 0.0200, 0.0264
(88, 40): 0.4538, 0.0200, 0.0646
(88, 41): 0.5062, 0.0200, 0.0604
(88, 42): 0.5640, 0.0200, 0.0597
(88, 43): 0.5157, 0.0200, 0.0598
(88, 44): 0.5257, 0.0200, 0.0581
(88, 45): 0.5162, 0.0200, 0.0578
(88, 46): 0.5253, 0.0200, 0.0572
(88, 47): 0.5211, 0.0200, 0.0575
(88, 48): 0.5190, 0.0200, 0.0577
(88, 49): 0.5987, 0.0200, 0.0564
(88, 50): 0.5187, 0.0200, 0.0582
(88, 51): 0.5167, 0.0200, 0.0578
(88, 52): 0.5225, 0.0200, 0.0574
(88, 53): 0.5051, 0.0200, 0.0585
(88, 54): 0.5176, 0.0200, 0.0570
(88, 55): 0.3163, 0.0200, 0.0657
(88, 56): 0.5141, 0.0200, 0.0569
(88, 57): 0.5183, 0.0200, 0.0564
(88, 58): 0.5441, 0.0200, 0.0557
(88, 59): 0.5057, 0.0200, 0.0571
(88, 60): 0.4995, 0.0200, 0.0571
(88, 61): 0.5070, 0.0200, 0.0561
(88, 62): 0.8214, 0.0200, 0.0467
(88, 63): 0.3042, 0.0200, 0.0582
(88, 64): 0.5131, 0.0200, 0.0562
(88, 65): 0.5114, 0.0200, 0.0562
(88, 66): 0.5270, 0.0200, 0.0554
(88, 67): 0.5182, 0.0200, 0.0566
(88, 68): 0.5340, 0.0200, 0.0547
(88, 69): 0.5340, 0.0200, 0.0544
(88, 70): 0.5102, 0.0200, 0.0559
(88, 71): 0.5213, 0.0200, 0.0551
(88, 72): 0.5095, 0.0200, 0.0564
(88, 73): 0.5137, 0.0200, 0.0569
(88, 74): 0.5104, 0.0200, 0.0577
(88, 75): 0.5201, 0.0200, 0.0558
(88, 76): 0.5049, 0.0200, 0.0575
(88, 77): 0.5223, 0.0200, 0.0563
(88, 78): 0.5185, 0.0200, 0.0571
(88, 79): 0.5395, 0.0200, 0.0563
(89, 23): 0.4448, 0.0200, 0.0615
(89, 24): 0.4445, 0.0200, 0.0621
(89, 25): 0.4449, 0.0200, 0.0634
(89, 26): 0.5074, 0.0200, 0.0585
(89, 27): 0.5010, 0.0200, 0.0587
(89, 28): 0.5103, 0.0200, 0.0575
(89, 29): 0.4535, 0.0200, 0.0622
(89, 30): 0.4240, 0.0200, 0.0634
(89, 31): 0.4398, 0.0200, 0.0609
(89, 32): 0.4342, 0.0200, 0.0620
(89, 33): 0.4409, 0.0200, 0.0613
(89, 34): 0.4823, 0.0200, 0.0603
(89, 35): 0.5249, 0.0200, 0.0592
(89, 36): 0.5264, 0.0200, 0.0596
(89, 37): 0.5552, 0.0200, 0.0572
(89, 38): 0.5741, 0.0200, 0.0542
(89, 39): 0.4479, 0.0200, 0.0659
(89, 40): 0.4597, 0.0200, 0.0632
(89, 41): 0.5129, 0.0200, 0.0588
(89, 42): 0.5079, 0.0200, 0.0598
(89, 43): 0.5259, 0.0200, 0.0590
(89, 44): 0.5208, 0.0200, 0.0580
(89, 45): 0.5249, 0.0200, 0.0572
(89, 46): 0.5324, 0.0200, 0.0565
(89, 47): 0.5211, 0.0200, 0.0583
(89, 48): 0.5100, 0.0200, 0.0591
(89, 49): 0.5244, 0.0200, 0.0579
(89, 50): 0.9973, 0.0200, 0.0438
(89, 51): 0.4974, 0.0200, 0.0599
(89, 52): 0.5245, 0.0200, 0.0569
(89, 53): 0.4946, 0.0200, 0.0586
(89, 54): 0.5316, 0.0200, 0.0560
(89, 55): 0.5200, 0.0200, 0.0569
(89, 56): 0.5217, 0.0200, 0.0563
(89, 57): 0.5248, 0.0200, 0.0565
(89, 58): 0.5184, 0.0200, 0.0564
(89, 59): 0.4566, 0.0200, 0.0698
(89, 60): 0.5113, 0.0200, 0.0564
(89, 61): 0.5244, 0.0200, 0.0552
(89, 62): 0.5136, 0.0200, 0.0563
(89, 63): 0.5271, 0.0200, 0.0554
(89, 64): 0.5249, 0.0200, 0.0556
(89, 65): 0.5169, 0.0200, 0.0560
(89, 66): 0.5311, 0.0200, 0.0547
(89, 67): 0.5246, 0.0200, 0.0551
(89, 68): 0.5446, 0.0200, 0.0529
(89, 69): 0.5165, 0.0200, 0.0552
(89, 70): 0.5423, 0.0200, 0.0533
(89, 71): 0.5542, 0.0200, 0.0535
(89, 72): 0.5223, 0.0200, 0.0561
(89, 73): 0.5205, 0.0200, 0.0567
(89, 74): 0.5214, 0.0200, 0.0562
(89, 75): 0.5121, 0.0200, 0.0571
(89, 76): 0.3989, 0.0200, 0.0643
(89, 77): 0.5285, 0.0200, 0.0559
(89, 78): 0.5211, 0.0200, 0.0568
(89, 79): 0.5534, 0.0200, 0.0570
