(47, 91): 0.5480, 0.0200, 0.0513
(47, 92): 0.5722, 0.0200, 0.0493
(47, 93): 0.5618, 0.0200, 0.0497
(47, 94): 0.5705, 0.0200, 0.0487
(47, 95): 0.5744, 0.0200, 0.0482
(48, 37): 0.5531, 0.0200, 0.0548
(48, 38): 0.5573, 0.0200, 0.0549
(48, 39): 0.5516, 0.0200, 0.0558
(48, 40): 0.5592, 0.0200, 0.0557
(48, 41): 0.5641, 0.0200, 0.0549
(48, 42): 0.5307, 0.0200, 0.0558
(48, 43): 0.5488, 0.0200, 0.0558
(48, 44): 0.5275, 0.0200, 0.0574
(48, 45): 0.5549, 0.0200, 0.0555
(48, 46): 0.5839, 0.0200, 0.0543
(48, 47): 0.5481, 0.0200, 0.0563
(48, 48): 0.4636, 0.0200, 0.0596
(48, 49): 0.5310, 0.0200, 0.0565
(48, 50): 0.5526, 0.0200, 0.0546
(48, 51): 0.5433, 0.0200, 0.0549
(48, 52): 0.5427, 0.0200, 0.0547
(48, 53): 0.5393, 0.0200, 0.0548
(48, 54): 0.5431, 0.0200, 0.0545
(48, 64): 0.5575, 0.0200, 0.0475
(48, 65): 0.6097, 0.0200, 0.0476
(48, 66): 0.6082, 0.0200, 0.0481
(48, 67): 0.6038, 0.0200, 0.0490
(48, 68): 0.5891, 0.0200, 0.0496
(48, 69): 0.6075, 0.0200, 0.0492
(48, 70): 0.6161, 0.0200, 0.0491
(48, 71): 0.6048, 0.0200, 0.0500
(48, 72): 0.6264, 0.0200, 0.0483
(48, 73): 0.6190, 0.0200, 0.0487
(48, 74): 0.5980, 0.0200, 0.0495
(48, 75): 0.4988, 0.0200, 0.0553
(48, 76): 0.5932, 0.0200, 0.0490
(48, 77): 0.5878, 0.0200, 0.0491
(48, 78): 0.5920, 0.0200, 0.0487
(48, 79): 0.5807, 0.0200, 0.0495
(48, 80): 0.5853, 0.0200, 0.0492
(48, 81): 0.5957, 0.0200, 0.0490
(48, 82): 0.7162, 0.0200, 0.0515
(48, 83): 0.5771, 0.0200, 0.0511
(48, 84): 0.5629, 0.0200, 0.0523
(48, 85): 0.5666, 0.0200, 0.0525
(48, 86): 0.5582, 0.0200, 0.0531
(48, 87): 0.5272, 0.0200, 0.0551
(48, 88): 0.5266, 0.0200, 0.0540
(48, 89): 0.5274, 0.0200, 0.0540
(48, 90): 0.5269, 0.0200, 0.0532
(48, 91): 0.5535, 0.0200, 0.0509
(48, 92): 0.5678, 0.0200, 0.0502
(48, 93): 0.6558, 0.0200, 0.0528
(48, 94): 0.5585, 0.0200, 0.0492
(48, 95): 0.5617, 0.0200, 0.0483
(49, 37): 0.5523, 0.0200, 0.0546
(49, 38): 0.5411, 0.0200, 0.0561
(49, 39): 0.5502, 0.0200, 0.0558
(49, 40): 0.5464, 0.0200, 0.0562
(49, 41): 0.5577, 0.0200, 0.0554
(49, 42): 0.5390, 0.0200, 0.0564
(49, 43): 0.4698, 0.0200, 0.0600
(49, 44): 0.5425, 0.0200, 0.0564
(49, 45): 0.5384, 0.0200, 0.0567
(49, 46): 0.5478, 0.0200, 0.0567
(49, 47): 0.5465, 0.0200, 0.0564
(49, 48): 0.5410, 0.0200, 0.0568
(49, 49): 0.5367, 0.0200, 0.0566
(49, 50): 0.5267, 0.0200, 0.0570
(49, 51): 0.4880, 0.0200, 0.0657
(49, 52): 0.5418, 0.0200, 0.0556
(49, 53): 0.5597, 0.0200, 0.0538
(49, 64): 0.6230, 0.0200, 0.0465
(49, 65): 0.6005, 0.0200, 0.0484
(49, 66): 0.5601, 0.0200, 0.0528
(49, 67): 0.7022, 0.0200, 0.0619
(49, 68): 0.6108, 0.0200, 0.0524
(49, 69): 0.6040, 0.0200, 0.0497
(49, 70): 0.6024, 0.0200, 0.0502
(49, 71): 0.6196, 0.0200, 0.0492
(49, 72): 0.6217, 0.0200, 0.0488
(49, 73): 0.6276, 0.0200, 0.0482
(49, 74): 0.6031, 0.0200, 0.0488
(49, 75): 0.3029, 0.0200, 0.0576
(49, 76): 0.5893, 0.0200, 0.0496
(49, 77): 0.5885, 0.0200, 0.0493
(49, 78): 0.5803, 0.0200, 0.0500
(49, 79): 0.5772, 0.0200, 0.0500
(49, 80): 0.5848, 0.0200, 0.0495
(49, 81): 0.5890, 0.0200, 0.0498
(49, 82): 0.5962, 0.0200, 0.0498
(49, 83): 0.5773, 0.0200, 0.0513
(49, 84): 0.5475, 0.0200, 0.0534
(49, 85): 0.5431, 0.0200, 0.0541
(49, 86): 0.5361, 0.0200, 0.0544
(49, 87): 0.5303, 0.0200, 0.0547
(49, 88): 0.5473, 0.0200, 0.0531
(49, 89): 0.5497, 0.0200, 0.0526
(49, 90): 0.5386, 0.0200, 0.0526
(49, 91): 0.5456, 0.0200, 0.0515
(49, 92): 0.5622, 0.0200, 0.0502
(49, 93): 0.5618, 0.0200, 0.0498
(49, 94): 0.5539, 0.0200, 0.0493
(49, 95): 0.5677, 0.0200, 0.0475
(49, 96): 0.5751, 0.0200, 0.0465
(50, 37): 0.5501, 0.0200, 0.0549
(50, 38): 0.5137, 0.0200, 0.0535
(50, 39): 0.5365, 0.0200, 0.0560
(50, 40): 0.5326, 0.0200, 0.0569
(50, 41): 0.5492, 0.0200, 0.0557
(50, 42): 0.5489, 0.0200, 0.0556
(50, 43): 0.4621, 0.0200, 0.0585
(50, 44): 0.5399, 0.0200, 0.0568
(50, 45): 0.5462, 0.0200, 0.0571
(50, 46): 0.5363, 0.0200, 0.0573
(50, 47): 0.6261, 0.0200, 0.0488
(50, 48): 0.5390, 0.0200, 0.0569
(50, 49): 0.5409, 0.0200, 0.0568
(50, 50): 0.5300, 0.0200, 0.0569
(50, 51): 0.5474, 0.0200, 0.0555
(50, 52): 0.5030, 0.0200, 0.0537
(50, 53): 0.5555, 0.0200, 0.0546
(50, 65): 0.6113, 0.0200, 0.0477
(50, 66): 0.5980, 0.0200, 0.0485
(50, 67): 0.7665, 0.0200, 0.0447
(50, 68): 0.6163, 0.0200, 0.0488
(50, 69): 0.6021, 0.0200, 0.0504
(50, 70): 0.6015, 0.0199, 0.0506
(50, 71): 0.6196, 0.0200, 0.0491
(50, 72): 0.6229, 0.0200, 0.0483
(50, 73): 0.5968, 0.0200, 0.0497
(50, 74): 0.6012, 0.0200, 0.0489
(50, 75): 0.5749, 0.0200, 0.0504
(50, 76): 0.5967, 0.0200, 0.0490
(50, 77): 0.5996, 0.0200, 0.0489
(50, 78): 0.6199, 0.0200, 0.0470
(50, 79): 0.5931, 0.0200, 0.0495
(50, 80): 0.6580, 0.0200, 0.0521
(50, 81): 0.5845, 0.0200, 0.0505
(50, 82): 0.5835, 0.0200, 0.0505
(50, 83): 0.5068, 0.0200, 0.0511
(50, 84): 0.5482, 0.0200, 0.0536
(50, 85): 0.5496, 0.0200, 0.0534
(50, 86): 0.5380, 0.0200, 0.0544
(50, 87): 0.5551, 0.0200, 0.0533
(50, 88): 0.5585, 0.0200, 0.0529
(50, 89): 0.5612, 0.0200, 0.0523
(50, 90): 0.5457, 0.0200, 0.0524
(50, 91): 0.5549, 0.0200, 0.0512
(50, 92): 0.5528, 0.0200, 0.0512
(50, 93): 0.5849, 0.0200, 0.0511
(50, 94): 0.5483, 0.0200, 0.0494
(50, 95): 0.5660, 0.0200, 0.0477
(50, 96): 0.5893, 0.0200, 0.0458
(50, 97): 0.5982, 0.0200, 0.0451
(51, 37): 0.5466, 0.0200, 0.0547
(51, 38): 0.5334, 0.0200, 0.0561
(51, 39): 0.5388, 0.0200, 0.0565
(51, 40): 0.5189, 0.0200, 0.0564
(51, 41): 0.5420, 0.0200, 0.0567
(51, 42): 0.5505, 0.0200, 0.0559
(51, 43): 0.5464, 0.0200, 0.0564
(51, 44): 0.5461, 0.0200, 0.0565
(51, 45): 0.5430, 0.0200, 0.0571
(51, 46): 0.5314, 0.0200, 0.0577
(51, 47): 0.3842, 0.0200, 0.0676
(51, 48): 0.5477, 0.0200, 0.0562
(51, 49): 0.4252, 0.0200, 0.0658
(51, 50): 0.5401, 0.0200, 0.0561
(51, 51): 0.5554, 0.0200, 0.0550
(51, 52): 0.5496, 0.0200, 0.0552
(51, 70): 0.8648, 0.0200, 0.0422
(51, 71): 0.6206, 0.0200, 0.0488
(51, 72): 0.5607, 0.0200, 0.0563
(51, 73): 0.5927, 0.0200, 0.0496
(51, 74): 0.5619, 0.0200, 0.0511
(51, 75): 0.4369, 0.0200, 0.0516
(51, 76): 0.5881, 0.0200, 0.0499
(51, 77): 0.5883, 0.0200, 0.0499
(51, 78): 0.6150, 0.0200, 0.0483
(51, 79): 0.6023, 0.0200, 0.0492
(51, 80): 0.5854, 0.0200, 0.0501
(51, 81): 0.5846, 0.0200, 0.0505
(51, 82): 0.5807, 0.0200, 0.0473
(51, 83): 0.5634, 0.0200, 0.0521
(51, 84): 0.5623, 0.0200, 0.0528
(51, 85): 0.5558, 0.0200, 0.0532
(51, 86): 0.5509, 0.0200, 0.0532
(51, 87): 0.5848, 0.0200, 0.0544
(51, 88): 0.5774, 0.0200, 0.0501
(51, 89): 0.8901, 0.0200, 0.0409
(51, 90): 0.5553, 0.0200, 0.0521
(51, 91): 0.5458, 0.0200, 0.0521
(51, 92): 0.5889, 0.0200, 0.0498
(51, 93): 0.7467, 0.0200, 0.0474
(51, 94): 0.5682, 0.0200, 0.0486
(51, 95): 0.5658, 0.0200, 0.0480
(52, 37): 0.5377, 0.0200, 0.0559
(52, 38): 0.5400, 0.0200, 0.0562
(52, 39): 0.5477, 0.0200, 0.0562
(52, 40): 0.5442, 0.0200, 0.0567
(52, 41): 0.8469, 0.0200, 0.0496
(52, 42): 0.5489, 0.0200, 0.0572
(52, 43): 0.5530, 0.0200, 0.0569
(52, 44): 0.5542, 0.0200, 0.0563
(52, 45): 0.5446, 0.0200, 0.0571
(52, 46): 0.7413, 0.0200, 0.0638
(52, 47): 0.5462, 0.0200, 0.0566
