(99, 36): 0.4864, 0.0200, 0.0612
(99, 37): 0.4280, 0.0200, 0.0855
(99, 38): 0.5010, 0.0200, 0.0586
(99, 39): 0.4930, 0.0200, 0.0590
(99, 40): 0.4897, 0.0200, 0.0600
(99, 41): 0.5176, 0.0200, 0.0581
(99, 42): 0.5419, 0.0200, 0.0577
(99, 43): 0.5243, 0.0200, 0.0589
(99, 44): 0.5124, 0.0200, 0.0599
(99, 45): 0.4944, 0.0200, 0.0616
(99, 46): 0.4877, 0.0200, 0.0665
(99, 47): 0.5774, 0.0200, 0.0584
(99, 48): 0.5030, 0.0200, 0.0595
(99, 49): 0.4450, 0.0200, 0.0635
(99, 50): 0.5065, 0.0200, 0.0587
(99, 51): 0.4374, 0.0200, 0.0649
(99, 52): 0.4251, 0.0200, 0.0681
(99, 53): 0.5013, 0.0200, 0.0578
(99, 54): 0.4740, 0.0200, 0.0613
(99, 55): 0.5262, 0.0200, 0.0566
(99, 56): 0.5227, 0.0200, 0.0576
(99, 57): 0.5244, 0.0200, 0.0568
(99, 58): 0.5395, 0.0200, 0.0559
(99, 59): 0.5379, 0.0200, 0.0557
(99, 60): 0.5335, 0.0200, 0.0551
(99, 61): 0.5238, 0.0200, 0.0558
(99, 62): 0.5220, 0.0200, 0.0562
(99, 63): 0.5283, 0.0200, 0.0557
(99, 64): 0.5397, 0.0200, 0.0549
(99, 65): 0.5199, 0.0200, 0.0557
(99, 66): 0.5384, 0.0200, 0.0551
(99, 67): 0.4181, 0.0200, 0.0554
(99, 68): 0.5450, 0.0200, 0.0550
(99, 69): 0.6241, 0.0200, 0.0540
(99, 70): 0.5344, 0.0200, 0.0556
(99, 71): 0.5161, 0.0200, 0.0578
(99, 72): 0.5097, 0.0200, 0.0582
(99, 73): 0.5292, 0.0200, 0.0561
(99, 74): 0.4263, 0.0200, 0.0545
(99, 75): 0.5229, 0.0200, 0.0572
(99, 76): 0.5290, 0.0200, 0.0572
(99, 77): 0.5218, 0.0200, 0.0573
(99, 78): 0.5153, 0.0200, 0.0575
(99, 79): 0.5233, 0.0200, 0.0566
(99, 80): 0.5274, 0.0200, 0.0556
(99, 81): 0.5143, 0.0200, 0.0576
(99, 82): 0.5089, 0.0200, 0.0576
(99, 83): 0.5359, 0.0200, 0.0561
(99, 84): 0.5122, 0.0200, 0.0584
(99, 85): 0.5360, 0.0200, 0.0560
(99, 86): 0.5416, 0.0200, 0.0559
(100, 20): 0.5140, 0.0200, 0.0589
(100, 21): 0.5099, 0.0200, 0.0595
(100, 22): 0.3861, 0.0200, 0.0718
(100, 23): 0.5010, 0.0200, 0.0608
(100, 24): 0.4883, 0.0200, 0.0604
(100, 26): 0.5010, 0.0200, 0.0615
(100, 27): 0.4297, 0.0200, 0.0665
(100, 28): 0.5095, 0.0200, 0.0600
(100, 29): 0.5062, 0.0200, 0.0583
(100, 30): 0.4836, 0.0200, 0.0596
(100, 31): 0.4883, 0.0200, 0.0593
(100, 32): 0.4929, 0.0200, 0.0591
(100, 33): 0.4910, 0.0200, 0.0615
(100, 34): 0.4903, 0.0200, 0.0624
(100, 35): 0.4950, 0.0200, 0.0618
(100, 36): 0.4870, 0.0200, 0.0612
(100, 37): 0.4941, 0.0200, 0.0601
(100, 38): 0.4479, 0.0200, 0.0571
(100, 39): 0.4755, 0.0200, 0.0604
(100, 40): 0.4912, 0.0200, 0.0614
(100, 41): 0.5245, 0.0200, 0.0586
(100, 42): 0.5330, 0.0200, 0.0590
(100, 43): 0.5230, 0.0200, 0.0586
(100, 44): 0.5195, 0.0200, 0.0594
(100, 45): 0.5234, 0.0200, 0.0598
(100, 46): 0.3013, 0.0200, 0.0666
(100, 47): 0.4908, 0.0200, 0.0612
(100, 48): 0.4411, 0.0200, 0.0647
(100, 49): 0.4609, 0.0200, 0.0626
(100, 50): 0.4942, 0.0200, 0.0595
(100, 51): 0.4384, 0.0200, 0.0628
(100, 52): 0.4505, 0.0200, 0.0611
(100, 53): 0.5128, 0.0200, 0.0571
(100, 54): 0.5111, 0.0200, 0.0584
(100, 55): 0.5300, 0.0200, 0.0566
(100, 56): 0.5206, 0.0200, 0.0573
(100, 57): 0.5272, 0.0200, 0.0566
(100, 58): 0.5388, 0.0200, 0.0562
(100, 59): 0.5413, 0.0200, 0.0557
(100, 60): 0.5353, 0.0200, 0.0556
(100, 61): 0.5332, 0.0200, 0.0556
(100, 62): 0.5401, 0.0200, 0.0553
(100, 63): 0.5411, 0.0200, 0.0550
(100, 64): 0.5646, 0.0200, 0.0536
(100, 65): 0.5553, 0.0200, 0.0544
(100, 66): 0.5353, 0.0200, 0.0560
(100, 67): 0.5191, 0.0200, 0.0535
(100, 68): 0.5505, 0.0200, 0.0546
(100, 69): 0.5098, 0.0200, 0.0580
(100, 70): 0.5156, 0.0200, 0.0577
(100, 71): 0.5150, 0.0200, 0.0576
(100, 72): 0.5209, 0.0200, 0.0573
(100, 73): 0.5264, 0.0200, 0.0567
(100, 74): 0.5199, 0.0200, 0.0573
(100, 75): 0.5245, 0.0200, 0.0565
(100, 76): 0.5325, 0.0200, 0.0560
(100, 77): 0.5143, 0.0200, 0.0573
(100, 78): 0.5151, 0.0200, 0.0569
(100, 79): 0.5105, 0.0200, 0.0576
(100, 80): 0.5548, 0.0200, 0.0549
(100, 81): 0.5162, 0.0200, 0.0575
(100, 82): 0.5102, 0.0200, 0.0635
(100, 83): 0.5360, 0.0200, 0.0562
(100, 84): 0.5432, 0.0200, 0.0568
(100, 85): 0.5344, 0.0200, 0.0571
(100, 86): 0.5280, 0.0200, 0.0571
(100, 87): 0.5159, 0.0200, 0.0577
(101, 21): 0.6481, 0.0200, 0.0594
(101, 22): 0.4904, 0.0200, 0.0622
(101, 25): 0.4445, 0.0200, 0.0622
(101, 28): 0.5028, 0.0200, 0.0587
(101, 29): 0.5030, 0.0200, 0.0580
(101, 30): 0.4725, 0.0200, 0.0597
(101, 31): 0.5062, 0.0200, 0.0580
(101, 32): 0.4801, 0.0200, 0.0616
(101, 33): 0.4916, 0.0200, 0.0614
(101, 34): 0.4968, 0.0200, 0.0627
(101, 35): 0.5036, 0.0200, 0.0604
(101, 36): 0.4900, 0.0200, 0.0607
(101, 37): 0.5560, 0.0200, 0.0609
(101, 38): 0.4992, 0.0200, 0.0592
(101, 39): 0.4823, 0.0200, 0.0603
(101, 40): 0.4828, 0.0200, 0.0616
(101, 41): 0.5102, 0.0200, 0.0605
(101, 42): 0.4914, 0.0200, 0.0589
(101, 43): 0.5437, 0.0200, 0.0576
(101, 44): 0.5254, 0.0200, 0.0592
(101, 45): 0.5269, 0.0200, 0.0595
(101, 46): 0.4925, 0.0200, 0.0607
(101, 47): 0.4977, 0.0200, 0.0601
(101, 48): 0.4320, 0.0200, 0.0664
(101, 49): 0.4560, 0.0200, 0.0636
(101, 50): 0.5002, 0.0200, 0.0592
(101, 51): 0.4331, 0.0200, 0.0625
(101, 52): 0.4482, 0.0200, 0.0605
(101, 53): 0.5621, 0.0200, 0.0572
(101, 54): 0.5016, 0.0200, 0.0595
(101, 55): 0.5381, 0.0200, 0.0565
(101, 56): 0.5360, 0.0200, 0.0561
(101, 57): 0.5357, 0.0200, 0.0560
(101, 58): 0.5289, 0.0200, 0.0562
(101, 59): 0.2568, 0.0200, 0.0744
(101, 60): 0.5137, 0.0200, 0.0565
(101, 61): 0.5481, 0.0200, 0.0548
(101, 62): 0.5535, 0.0200, 0.0542
(101, 63): 0.5492, 0.0200, 0.0546
(101, 64): 0.5631, 0.0200, 0.0542
(101, 65): 0.5529, 0.0200, 0.0550
(101, 66): 0.5491, 0.0200, 0.0548
(101, 67): 0.5054, 0.0200, 0.0580
(101, 68): 0.5063, 0.0200, 0.0583
(101, 69): 0.4994, 0.0200, 0.0584
(101, 70): 0.5185, 0.0200, 0.0569
(101, 71): 0.5622, 0.0200, 0.0534
(101, 72): 0.5013, 0.0200, 0.0574
(101, 73): 0.5295, 0.0200, 0.0570
(101, 74): 0.5144, 0.0200, 0.0577
(101, 75): 0.5407, 0.0200, 0.0554
(101, 76): 0.5119, 0.0200, 0.0569
(101, 77): 0.4258, 0.0195, 0.0657
(101, 78): 0.5034, 0.0200, 0.0579
(101, 79): 0.4993, 0.0200, 0.0587
(101, 80): 0.5108, 0.0200, 0.0581
(101, 81): 0.5330, 0.0200, 0.0568
(101, 82): 0.5477, 0.0200, 0.0519
(101, 83): 0.5085, 0.0200, 0.0583
(101, 84): 0.2695, 0.0200, 0.0835
(101, 85): 0.5176, 0.0200, 0.0576
(101, 86): 0.5222, 0.0200, 0.0578
(101, 87): 0.5306, 0.0200, 0.0571
(102, 16): 0.5097, 0.0200, 0.0601
(102, 17): 0.5025, 0.0200, 0.0608
(102, 18): 0.4956, 0.0200, 0.0618
(102, 23): 0.5033, 0.0200, 0.0618
(102, 24): 0.5060, 0.0200, 0.0613
(102, 25): 0.4921, 0.0200, 0.0618
(102, 26): 0.5030, 0.0200, 0.0600
(102, 27): 0.4990, 0.0200, 0.0578
(102, 28): 0.5024, 0.0200, 0.0585
(102, 29): 0.4927, 0.0200, 0.0604
(102, 30): 0.5102, 0.0200, 0.0583
(102, 31): 0.4926, 0.0200, 0.0606
(102, 32): 0.4856, 0.0200, 0.0621
(102, 33): 0.4862, 0.0200, 0.0639
(102, 34): 0.5023, 0.0200, 0.0608
(102, 35): 0.4955, 0.0200, 0.0607
(102, 36): 0.5028, 0.0200, 0.0597
(102, 37): 0.5004, 0.0200, 0.0598
(102, 38): 0.4996, 0.0200, 0.0596
(102, 39): 0.4853, 0.0200, 0.0617
(102, 40): 0.4967, 0.0200, 0.0614
(102, 41): 0.5284, 0.0200, 0.0590
(102, 42): 0.5157, 0.0200, 0.0596
(102, 43): 0.5134, 0.0200, 0.0602
(102, 44): 0.5265, 0.0200, 0.0590
(102, 45): 0.5265, 0.0200, 0.0582
(102, 46): 0.4701, 0.0200, 0.0613
(102, 47): 0.6506, 0.0200, 0.0548
(102, 48): 0.4458, 0.0200, 0.0627
(102, 49): 0.3524, 0.0200, 0.0550
(102, 50): 0.5192, 0.0200, 0.0574
(102, 51): 0.3174, 0.0200, 0.0653
(102, 52): 0.4563, 0.0200, 0.0601
(102, 53): 0.5332, 0.0200, 0.0551
(102, 54): 0.5211, 0.0200, 0.0578
(102, 55): 0.5491, 0.0200, 0.0558
(102, 56): 0.5365, 0.0200, 0.0564
(102, 57): 0.5366, 0.0200, 0.0563
(102, 58): 0.5551, 0.0200, 0.0556
(102, 59): 0.5349, 0.0200, 0.0561
(102, 60): 0.5364, 0.0200, 0.0556
(102, 61): 0.5499, 0.0200, 0.0540
(102, 62): 0.5511, 0.0200, 0.0540
(102, 63): 0.5416, 0.0200, 0.0551
(102, 64): 0.4831, 0.0200, 0.0586
(102, 65): 0.5241, 0.0200, 0.0572
(102, 66): 0.5211, 0.0200, 0.0569
(102, 67): 0.5353, 0.0200, 0.0554
(102, 68): 0.5041, 0.0200, 0.0586
(102, 69): 0.5095, 0.0200, 0.0577
(102, 70): 0.5207, 0.0200, 0.0570
(102, 71): 0.5343, 0.0200, 0.0562
(102, 72): 0.3187, 0.0200, 0.0626
(102, 73): 0.5283, 0.0200, 0.0566
(102, 74): 0.5162, 0.0200, 0.0575
(102, 75): 0.5236, 0.0200, 0.0566
(102, 76): 0.4974, 0.0200, 0.0580
(102, 77): 0.5105, 0.0200, 0.0572
(102, 78): 0.4997, 0.0200, 0.0580
(102, 79): 0.5252, 0.0200, 0.0568
(102, 80): 0.5324, 0.0200, 0.0567
(102, 81): 0.4404, 0.0200, 0.0607
(102, 82): 0.5347, 0.0200, 0.0573
(102, 83): 0.5185, 0.0200, 0.0578
(102, 84): 0.5011, 0.0200, 0.0589
(102, 85): 0.4920, 0.0200, 0.0596
(102, 86): 0.4921, 0.0200, 0.0568
(102, 87): 0.5242, 0.0200, 0.0580
(103, 10): 0.3738, 0.0200, 0.0698
(103, 11): 0.3701, 0.0200, 0.0764
(103, 13): 0.4065, 0.0200, 0.0661
(103, 14): 0.4867, 0.0200, 0.0617
(103, 15): 0.4823, 0.0200, 0.0622
(103, 16): 0.4851, 0.0200, 0.0603
(103, 17): 0.4535, 0.0200, 0.0645
(103, 18): 0.4475, 0.0200, 0.0674
(103, 19): 0.4731, 0.0200, 0.0648
(103, 23): 0.5019, 0.0200, 0.0622
(103, 24): 0.4964, 0.0200, 0.0619
(103, 25): 0.4991, 0.0200, 0.0605
(103, 26): 0.4866, 0.0200, 0.0590
(103, 27): 0.4937, 0.0200, 0.0579
(103, 28): 0.4909, 0.0200, 0.0595
(103, 29): 0.5027, 0.0200, 0.0592
(103, 30): 0.5345, 0.0200, 0.0592
(103, 31): 0.4911, 0.0200, 0.0617
(103, 32): 0.4336, 0.0196, 0.0671
(103, 33): 0.5079, 0.0200, 0.0610
(103, 34): 0.4964, 0.0200, 0.0607
(103, 35): 0.4975, 0.0200, 0.0598
(103, 36): 0.4998, 0.0200, 0.0598
(103, 37): 0.4759, 0.0200, 0.0583
(103, 38): 0.5141, 0.0200, 0.0597
(103, 39): 0.5174, 0.0200, 0.0601
(103, 40): 0.5190, 0.0200, 0.0603
(103, 41): 0.5384, 0.0200, 0.0582
(103, 42): 0.5229, 0.0200, 0.0588
(103, 43): 0.5127, 0.0200, 0.0598
(103, 44): 0.5288, 0.0200, 0.0583
(103, 45): 0.4851, 0.0200, 0.0607
(103, 46): 0.4997, 0.0200, 0.0593
(103, 47): 0.5112, 0.0200, 0.0586
(103, 48): 0.4597, 0.0200, 0.0615
(103, 49): 0.5277, 0.0200, 0.0584
(103, 50): 0.5343, 0.0200, 0.0566
(103, 51): 0.4667, 0.0200, 0.0609
(103, 52): 0.4653, 0.0200, 0.0607
(103, 53): 0.5010, 0.0200, 0.0594
(103, 54): 0.5494, 0.0200, 0.0716
(103, 55): 0.5306, 0.0200, 0.0579
(103, 56): 0.5334, 0.0200, 0.0571
(103, 57): 0.5397, 0.0200, 0.0568
(103, 58): 0.5343, 0.0200, 0.0569
(103, 59): 0.5654, 0.0200, 0.0551
(103, 60): 0.5427, 0.0200, 0.0554
(103, 61): 0.5474, 0.0200, 0.0543
(103, 62): 0.4735, 0.0200, 0.0596
(103, 63): 0.5253, 0.0200, 0.0569
(103, 64): 0.5109, 0.0200, 0.0581
(103, 65): 0.5647, 0.0200, 0.0561
(103, 66): 0.6238, 0.0200, 0.0554
(103, 67): 0.5202, 0.0200, 0.0574
(103, 68): 0.5368, 0.0200, 0.0576
(103, 69): 0.4605, 0.0200, 0.0732
(103, 70): 0.5081, 0.0200, 0.0582
(103, 71): 0.5248, 0.0200, 0.0570
(103, 72): 0.5475, 0.0200, 0.0547
(103, 73): 0.5260, 0.0200, 0.0564
(103, 74): 0.5093, 0.0200, 0.0588
(103, 75): 0.5074, 0.0200, 0.0583
(103, 76): 0.5102, 0.0200, 0.0577
(103, 77): 0.3131, 0.0200, 0.0777
(103, 78): 0.5258, 0.0200, 0.0565
(103, 79): 0.5522, 0.0200, 0.0555
(103, 80): 0.5189, 0.0200, 0.0580
(103, 81): 0.4062, 0.0200, 0.0600
(103, 82): 0.5232, 0.0200, 0.0579
(103, 83): 0.4539, 0.0200, 0.0576
(103, 84): 0.5132, 0.0200, 0.0581
(103, 85): 0.5078, 0.0200, 0.0587
(103, 86): 0.5197, 0.0200, 0.0581
(103, 87): 0.5402, 0.0200, 0.0569
