(10, 75): 0.5224, 0.0200, 0.0550
(10, 76): 0.5231, 0.0200, 0.0545
(10, 88): 0.3596, 0.0200, 0.0711
(10, 89): 0.4025, 0.0200, 0.0684
(10, 90): 0.4720, 0.0200, 0.0634
(10, 91): 0.4768, 0.0200, 0.0634
(10, 92): 0.4725, 0.0200, 0.0634
(10, 93): 0.4770, 0.0200, 0.0620
(10, 94): 0.5061, 0.0200, 0.0594
(10, 95): 0.4841, 0.0200, 0.0609
(11, 68): 0.6189, 0.0200, 0.0485
(11, 69): 0.5942, 0.0200, 0.0499
(11, 70): 0.5800, 0.0200, 0.0505
(11, 85): 0.4057, 0.0200, 0.0639
(11, 86): 0.4015, 0.0200, 0.0683
(11, 87): 0.4038, 0.0200, 0.0679
(11, 88): 0.4754, 0.0200, 0.0634
(11, 89): 0.4794, 0.0200, 0.0632
(11, 90): 0.4820, 0.0200, 0.0625
(11, 91): 0.5075, 0.0200, 0.0638
(11, 92): 0.4871, 0.0200, 0.0620
(11, 93): 0.4700, 0.0200, 0.0619
(11, 94): 0.4688, 0.0200, 0.0624
(11, 95): 0.4966, 0.0200, 0.0607
(12, 61): 0.5802, 0.0200, 0.0513
(12, 62): 0.5783, 0.0200, 0.0521
(12, 63): 0.5880, 0.0200, 0.0517
(12, 64): 0.5744, 0.0200, 0.0522
(12, 65): 0.5935, 0.0200, 0.0509
(12, 66): 0.6139, 0.0200, 0.0498
(12, 67): 0.5973, 0.0200, 0.0508
(12, 82): 0.4320, 0.0200, 0.0601
(12, 83): 0.4217, 0.0200, 0.0616
(12, 84): 0.3634, 0.0200, 0.0647
(12, 85): 0.3263, 0.0200, 0.0693
(12, 86): 0.4901, 0.0200, 0.0620
(12, 87): 0.4829, 0.0200, 0.0630
(12, 88): 0.4834, 0.0200, 0.0619
(12, 89): 0.4765, 0.0200, 0.0631
(12, 90): 0.4766, 0.0200, 0.0629
(12, 91): 0.4857, 0.0200, 0.0623
(12, 92): 0.4831, 0.0200, 0.0638
(12, 93): 0.4760, 0.0200, 0.0624
(12, 94): 0.4310, 0.0200, 0.0644
(12, 95): 0.4829, 0.0200, 0.0606
(12, 96): 0.4905, 0.0200, 0.0601
(13, 58): 0.4682, 0.0200, 0.0585
(13, 59): 0.3284, 0.0200, 0.0623
(13, 61): 0.4883, 0.0200, 0.0586
(13, 62): 0.5739, 0.0200, 0.0530
(13, 63): 0.5966, 0.0200, 0.0520
(13, 76): 0.5473, 0.0200, 0.0544
(13, 77): 0.5036, 0.0200, 0.0542
(13, 78): 0.4728, 0.0200, 0.0570
(13, 79): 0.4658, 0.0200, 0.0587
(13, 80): 0.4331, 0.0200, 0.0588
(13, 81): 0.4428, 0.0200, 0.0587
(13, 82): 0.4262, 0.0200, 0.0605
(13, 83): 0.4494, 0.0200, 0.0631
(13, 84): 0.4495, 0.0200, 0.0627
(13, 85): 0.5094, 0.0200, 0.0589
(13, 86): 0.3814, 0.0200, 0.0656
(13, 87): 0.4962, 0.0200, 0.0616
(13, 88): 0.5102, 0.0200, 0.0612
(13, 89): 0.4781, 0.0200, 0.0629
(13, 90): 0.4638, 0.0200, 0.0636
(13, 91): 0.3817, 0.0200, 0.0654
(13, 92): 0.4797, 0.0200, 0.0629
(13, 93): 0.4707, 0.0200, 0.0630
(13, 94): 0.4826, 0.0200, 0.0611
(13, 95): 0.4608, 0.0200, 0.0623
(13, 96): 0.4547, 0.0200, 0.0630
(14, 56): 0.5612, 0.0200, 0.0532
(14, 57): 0.5782, 0.0200, 0.0514
(14, 71): 0.5701, 0.0200, 0.0523
(14, 72): 0.5468, 0.0200, 0.0539
(14, 73): 0.4636, 0.0200, 0.0579
(14, 74): 0.5514, 0.0200, 0.0555
(14, 75): 0.5619, 0.0200, 0.0524
(14, 76): 0.5296, 0.0200, 0.0542
(14, 77): 0.4646, 0.0200, 0.0586
(14, 78): 0.4487, 0.0200, 0.0592
(14, 79): 0.4825, 0.0200, 0.0630
(14, 80): 0.4461, 0.0200, 0.0599
(14, 81): 0.3776, 0.0200, 0.0597
(14, 82): 0.4525, 0.0200, 0.0621
(14, 83): 0.5168, 0.0200, 0.0584
(14, 84): 0.5076, 0.0200, 0.0596
(14, 85): 0.5095, 0.0200, 0.0596
(14, 86): 0.5153, 0.0200, 0.0594
(14, 87): 0.2868, 0.0200, 0.0768
(14, 88): 0.5396, 0.0200, 0.0581
(14, 89): 0.5027, 0.0200, 0.0605
(14, 90): 0.4947, 0.0200, 0.0607
(14, 91): 0.4865, 0.0200, 0.0606
(14, 92): 0.3070, 0.0200, 0.0723
(14, 93): 0.4764, 0.0200, 0.0615
(14, 94): 0.4699, 0.0200, 0.0609
(14, 95): 0.4732, 0.0200, 0.0618
(14, 96): 0.4558, 0.0200, 0.0629
(14, 97): 0.4754, 0.0200, 0.0624
(14, 98): 0.4784, 0.0200, 0.0623
