(71, 33): 0.5353, 0.0200, 0.0585
(71, 34): 0.5290, 0.0200, 0.0591
(71, 35): 0.5201, 0.0200, 0.0604
(71, 36): 0.5344, 0.0200, 0.0595
(71, 37): 0.5512, 0.0200, 0.0585
(71, 38): 0.5482, 0.0200, 0.0589
(71, 39): 0.5343, 0.0200, 0.0588
(71, 40): 0.3314, 0.0200, 0.0690
(71, 41): 0.5601, 0.0200, 0.0573
(71, 42): 0.5647, 0.0200, 0.0571
(71, 43): 0.3155, 0.0200, 0.0614
(71, 44): 0.5747, 0.0200, 0.0561
(71, 45): 0.5527, 0.0200, 0.0566
(71, 46): 0.5690, 0.0200, 0.0561
(71, 47): 0.5562, 0.0200, 0.0554
(71, 48): 0.5506, 0.0200, 0.0570
(71, 49): 0.4822, 0.0200, 0.0597
(71, 50): 0.5570, 0.0200, 0.0748
(71, 51): 0.5027, 0.0200, 0.0638
(71, 52): 0.5034, 0.0200, 0.0639
(71, 53): 0.4756, 0.0200, 0.0661
(71, 54): 0.4830, 0.0200, 0.0654
(71, 55): 0.4703, 0.0200, 0.0674
(71, 56): 0.4786, 0.0200, 0.0668
(71, 57): 0.4854, 0.0200, 0.0657
(71, 58): 0.4865, 0.0200, 0.0652
(71, 59): 0.5355, 0.0200, 0.0591
(71, 60): 0.5368, 0.0200, 0.0587
(71, 61): 0.5297, 0.0200, 0.0586
(71, 62): 0.5422, 0.0200, 0.0572
(71, 63): 0.5315, 0.0200, 0.0572
(71, 64): 0.5426, 0.0200, 0.0559
(71, 65): 0.5181, 0.0200, 0.0571
(71, 66): 0.5269, 0.0200, 0.0562
(71, 67): 0.5385, 0.0200, 0.0559
(71, 68): 0.5359, 0.0200, 0.0564
(71, 69): 0.5250, 0.0200, 0.0576
(71, 70): 0.4590, 0.0200, 0.0607
(71, 71): 0.5202, 0.0200, 0.0578
(71, 72): 0.5179, 0.0200, 0.0583
(71, 73): 0.5463, 0.0200, 0.0559
(71, 74): 0.5209, 0.0200, 0.0588
(71, 75): 0.5139, 0.0200, 0.0600
(71, 76): 0.4987, 0.0200, 0.0605
(71, 77): 0.5028, 0.0200, 0.0602
(71, 78): 0.5299, 0.0200, 0.0577
(71, 79): 0.4829, 0.0200, 0.0581
(71, 80): 0.5314, 0.0200, 0.0563
(71, 81): 0.5111, 0.0200, 0.0574
(71, 82): 0.5117, 0.0200, 0.0572
(71, 83): 0.5268, 0.0200, 0.0555
(71, 84): 0.4346, 0.0200, 0.0569
(71, 85): 0.5139, 0.0200, 0.0563
(71, 86): 0.5419, 0.0200, 0.0549
(71, 87): 0.5351, 0.0200, 0.0555
(71, 88): 0.5422, 0.0200, 0.0551
(71, 89): 0.5421, 0.0200, 0.0553
(71, 90): 0.5379, 0.0200, 0.0564
(71, 91): 0.5292, 0.0200, 0.0571
(71, 92): 0.4936, 0.0200, 0.0570
(71, 93): 0.4588, 0.0200, 0.0621
(71, 94): 0.4684, 0.0200, 0.0614
(71, 95): 0.4790, 0.0200, 0.0612
(71, 96): 0.4920, 0.0200, 0.0618
(71, 97): 0.4687, 0.0200, 0.0617
(71, 98): 0.4727, 0.0200, 0.0610
(71, 99): 0.4700, 0.0200, 0.0610
(72, 32): 0.5322, 0.0200, 0.0593
(72, 33): 0.5277, 0.0200, 0.0595
(72, 34): 0.5310, 0.0200, 0.0592
(72, 35): 0.5175, 0.0200, 0.0606
(72, 36): 0.5282, 0.0200, 0.0601
(72, 37): 0.5156, 0.0200, 0.0555
(72, 38): 0.5590, 0.0198, 0.0596
(72, 39): 0.5319, 0.0200, 0.0595
(72, 40): 0.4966, 0.0200, 0.0625
(72, 41): 0.5554, 0.0200, 0.0575
(72, 42): 0.5445, 0.0200, 0.0576
(72, 43): 0.6258, 0.0200, 0.0538
(72, 44): 0.5568, 0.0200, 0.0563
(72, 45): 0.5543, 0.0200, 0.0564
(72, 46): 0.5929, 0.0200, 0.0544
(72, 47): 0.5647, 0.0200, 0.0544
(72, 48): 0.5777, 0.0200, 0.0556
(72, 49): 0.5281, 0.0200, 0.0586
(72, 50): 0.5038, 0.0200, 0.0637
(72, 51): 0.4891, 0.0200, 0.0639
(72, 52): 0.4931, 0.0200, 0.0642
(72, 53): 0.5114, 0.0200, 0.0629
(72, 54): 0.5090, 0.0200, 0.0640
(72, 55): 0.4701, 0.0200, 0.0665
(72, 56): 0.4526, 0.0200, 0.0686
(72, 57): 0.4911, 0.0200, 0.0658
(72, 58): 0.4906, 0.0200, 0.0658
(72, 59): 0.4724, 0.0200, 0.0660
(72, 60): 0.5174, 0.0200, 0.0600
(72, 61): 0.5103, 0.0200, 0.0597
(72, 62): 0.5329, 0.0200, 0.0574
(72, 63): 0.5329, 0.0200, 0.0507
(72, 64): 0.5315, 0.0200, 0.0565
(72, 65): 0.5235, 0.0200, 0.0568
(72, 66): 0.5294, 0.0200, 0.0563
(72, 67): 0.5432, 0.0200, 0.0555
(72, 68): 0.5325, 0.0200, 0.0565
(72, 69): 0.5729, 0.0200, 0.0548
(72, 70): 0.5273, 0.0200, 0.0569
(72, 71): 0.5120, 0.0200, 0.0583
(72, 72): 0.4957, 0.0200, 0.0596
(72, 73): 0.5097, 0.0200, 0.0589
(72, 74): 0.5373, 0.0200, 0.0564
(72, 75): 0.5112, 0.0200, 0.0600
(72, 76): 0.5126, 0.0200, 0.0604
(72, 77): 0.5028, 0.0200, 0.0607
(72, 78): 0.5117, 0.0200, 0.0597
(72, 79): 0.5139, 0.0200, 0.0578
(72, 80): 0.2711, 0.0200, 0.0709
(72, 81): 0.5005, 0.0200, 0.0581
(72, 82): 0.5140, 0.0200, 0.0568
(72, 83): 0.4808, 0.0200, 0.0561
(72, 84): 0.4730, 0.0200, 0.0597
(72, 85): 0.4857, 0.0200, 0.0591
(72, 86): 0.4874, 0.0200, 0.0595
(72, 87): 0.4723, 0.0200, 0.0611
(72, 88): 0.3962, 0.0200, 0.0583
(72, 89): 0.4757, 0.0200, 0.0594
(72, 90): 0.4756, 0.0200, 0.0598
(72, 91): 0.4742, 0.0200, 0.0605
(72, 92): 0.4614, 0.0200, 0.0610
(72, 93): 0.4514, 0.0200, 0.0618
(72, 94): 0.4618, 0.0200, 0.0612
(72, 95): 0.4671, 0.0200, 0.0632
(72, 96): 0.4600, 0.0200, 0.0638
(72, 97): 0.4638, 0.0200, 0.0638
(72, 98): 0.4566, 0.0200, 0.0641
(72, 99): 0.4561, 0.0200, 0.0634
(73, 32): 0.5336, 0.0200, 0.0591
(73, 33): 0.5233, 0.0200, 0.0612
(73, 34): 0.5581, 0.0200, 0.0660
(73, 35): 0.5380, 0.0200, 0.0592
(73, 36): 0.5388, 0.0200, 0.0597
(73, 37): 0.5516, 0.0200, 0.0586
(73, 38): 0.3164, 0.0200, 0.0881
(73, 39): 0.5526, 0.0200, 0.0582
(73, 40): 0.5001, 0.0200, 0.0614
(73, 41): 0.5453, 0.0200, 0.0579
(73, 42): 0.5567, 0.0200, 0.0566
(73, 43): 0.5649, 0.0200, 0.0560
(73, 44): 0.5723, 0.0200, 0.0552
(73, 45): 0.5704, 0.0200, 0.0556
(73, 46): 0.5775, 0.0200, 0.0554
(73, 47): 0.5815, 0.0200, 0.0554
(73, 48): 0.5797, 0.0200, 0.0555
(73, 49): 0.5186, 0.0200, 0.0622
(73, 50): 0.5066, 0.0200, 0.0628
(73, 51): 0.5121, 0.0200, 0.0625
(73, 52): 0.5107, 0.0200, 0.0631
(73, 53): 0.4992, 0.0200, 0.0644
(73, 54): 0.6235, 0.0200, 0.0602
(73, 55): 0.4793, 0.0200, 0.0662
(73, 56): 0.4703, 0.0200, 0.0668
(73, 57): 0.4484, 0.0200, 0.0681
(73, 58): 0.4634, 0.0200, 0.0672
(73, 59): 0.4694, 0.0200, 0.0664
(73, 60): 0.5156, 0.0200, 0.0601
(73, 61): 0.4949, 0.0200, 0.0607
(73, 62): 0.5051, 0.0200, 0.0591
(73, 63): 0.5235, 0.0200, 0.0575
(73, 64): 0.5264, 0.0200, 0.0571
(73, 65): 0.5454, 0.0200, 0.0556
(73, 66): 0.5311, 0.0200, 0.0565
(73, 67): 0.5681, 0.0200, 0.0644
(73, 68): 0.4948, 0.0200, 0.0593
(73, 69): 0.5256, 0.0200, 0.0572
(73, 70): 0.5154, 0.0200, 0.0577
(73, 71): 0.5089, 0.0200, 0.0652
(73, 72): 0.5087, 0.0200, 0.0588
(73, 73): 0.5127, 0.0200, 0.0583
(73, 74): 0.5400, 0.0200, 0.0563
(73, 75): 0.5170, 0.0200, 0.0593
(73, 76): 0.4911, 0.0200, 0.0624
(73, 77): 0.4856, 0.0200, 0.0627
(73, 78): 0.4535, 0.0200, 0.0639
(73, 79): 0.4660, 0.0200, 0.0617
(73, 80): 0.4774, 0.0200, 0.0595
(73, 81): 0.4527, 0.0200, 0.0608
(73, 82): 0.4835, 0.0200, 0.0640
(73, 83): 0.4542, 0.0200, 0.0605
(73, 84): 0.4630, 0.0200, 0.0610
(73, 85): 0.4693, 0.0200, 0.0607
(73, 86): 0.5464, 0.0200, 0.0622
(73, 87): 0.4640, 0.0200, 0.0618
(73, 88): 0.4640, 0.0200, 0.0597
(73, 89): 0.4510, 0.0200, 0.0618
(73, 90): 0.4702, 0.0200, 0.0615
(73, 91): 0.5246, 0.0200, 0.0576
(73, 92): 0.5121, 0.0200, 0.0588
(73, 93): 0.5259, 0.0200, 0.0581
(73, 94): 0.5261, 0.0200, 0.0583
(73, 95): 0.5201, 0.0200, 0.0586
(73, 96): 0.5157, 0.0200, 0.0597
(73, 97): 0.5002, 0.0200, 0.0594
(74, 31): 0.5129, 0.0200, 0.0606
(74, 32): 0.5442, 0.0200, 0.0589
(74, 33): 0.6048, 0.0200, 0.0588
(74, 34): 0.5387, 0.0200, 0.0594
(74, 35): 0.5467, 0.0200, 0.0586
(74, 36): 0.5379, 0.0200, 0.0593
(74, 37): 0.5460, 0.0200, 0.0595
(74, 38): 0.5613, 0.0200, 0.0591
(74, 39): 0.5969, 0.0200, 0.0588
(74, 40): 0.4976, 0.0200, 0.0623
(74, 41): 0.5486, 0.0200, 0.0577
(74, 42): 0.5553, 0.0200, 0.0572
(74, 43): 0.5701, 0.0200, 0.0553
(74, 44): 0.5713, 0.0200, 0.0554
(74, 45): 0.5861, 0.0200, 0.0548
(74, 46): 0.5792, 0.0200, 0.0555
(74, 47): 0.5666, 0.0200, 0.0561
(74, 48): 0.5660, 0.0200, 0.0563
(74, 49): 0.5222, 0.0200, 0.0617
(74, 50): 0.5197, 0.0200, 0.0620
(74, 51): 0.4379, 0.0200, 0.0654
(74, 52): 0.4865, 0.0200, 0.0650
(74, 53): 0.4835, 0.0200, 0.0654
(74, 54): 0.3981, 0.0200, 0.0666
(74, 55): 0.3964, 0.0200, 0.0694
(74, 56): 0.4192, 0.0200, 0.0714
(74, 57): 0.4380, 0.0200, 0.0680
(74, 58): 0.4521, 0.0200, 0.0670
(74, 59): 0.4736, 0.0200, 0.0657
(74, 60): 0.4639, 0.0200, 0.0661
(74, 61): 0.5295, 0.0200, 0.0600
(74, 62): 0.5143, 0.0200, 0.0588
(74, 63): 0.7461, 0.0200, 0.0529
(74, 64): 0.5357, 0.0200, 0.0570
(74, 65): 0.5412, 0.0200, 0.0565
(74, 66): 0.5315, 0.0200, 0.0566
(74, 67): 0.5305, 0.0200, 0.0563
(74, 68): 0.5021, 0.0200, 0.0592
(74, 69): 0.4942, 0.0200, 0.0596
(74, 70): 0.5121, 0.0200, 0.0592
(74, 71): 0.4989, 0.0200, 0.0588
(74, 72): 0.4526, 0.0200, 0.0630
(74, 73): 0.4844, 0.0200, 0.0607
(74, 74): 0.5175, 0.0200, 0.0584
(74, 75): 0.4945, 0.0200, 0.0609
(74, 76): 0.4757, 0.0200, 0.0625
(74, 77): 0.4643, 0.0200, 0.0631
(74, 78): 0.4677, 0.0200, 0.0613
(74, 79): 0.4827, 0.0200, 0.0595
(74, 80): 0.4439, 0.0200, 0.0598
(74, 81): 0.4992, 0.0200, 0.0585
(74, 82): 0.5019, 0.0200, 0.0575
(74, 83): 0.5064, 0.0200, 0.0574
(74, 84): 0.5084, 0.0200, 0.0571
(74, 85): 0.5113, 0.0200, 0.0572
(74, 86): 0.5100, 0.0200, 0.0575
(74, 87): 0.5025, 0.0200, 0.0586
(74, 88): 0.5138, 0.0200, 0.0588
(74, 89): 0.5151, 0.0200, 0.0591
(74, 90): 0.5114, 0.0200, 0.0603
(74, 91): 0.5182, 0.0200, 0.0601
(74, 92): 0.5165, 0.0200, 0.0604
(74, 93): 0.5197, 0.0200, 0.0604
(74, 94): 0.5111, 0.0200, 0.0612
(74, 95): 0.5178, 0.0200, 0.0604
(74, 96): 0.5114, 0.0200, 0.0612
(74, 97): 0.5284, 0.0200, 0.0601
(75, 31): 0.5240, 0.0200, 0.0601
(75, 32): 0.5247, 0.0200, 0.0602
(75, 33): 0.5296, 0.0200, 0.0607
(75, 34): 0.7616, 0.0200, 0.0397
(75, 35): 0.5219, 0.0200, 0.0541
(75, 36): 0.5624, 0.0200, 0.0574
(75, 37): 0.5465, 0.0200, 0.0592
(75, 38): 0.5524, 0.0200, 0.0595
(75, 39): 0.5450, 0.0200, 0.0588
(75, 40): 0.4571, 0.0200, 0.0606
(75, 41): 0.5609, 0.0200, 0.0566
(75, 42): 0.5590, 0.0200, 0.0571
(75, 43): 0.5752, 0.0200, 0.0554
(75, 44): 0.5871, 0.0200, 0.0543
(75, 45): 0.5804, 0.0200, 0.0547
(75, 46): 0.5640, 0.0200, 0.0562
(75, 47): 0.5743, 0.0200, 0.0552
(75, 48): 0.5676, 0.0200, 0.0557
(75, 49): 0.5112, 0.0200, 0.0619
(75, 50): 0.5138, 0.0200, 0.0620
(75, 51): 0.4141, 0.0200, 0.0662
(75, 52): 0.4871, 0.0200, 0.0644
(75, 53): 0.4579, 0.0200, 0.0669
(75, 54): 0.4580, 0.0200, 0.0662
(75, 55): 0.4306, 0.0200, 0.0678
(75, 56): 0.4262, 0.0200, 0.0690
(75, 57): 0.4502, 0.0200, 0.0676
(75, 58): 0.4732, 0.0200, 0.0659
(75, 59): 0.4684, 0.0200, 0.0663
(75, 60): 0.4688, 0.0200, 0.0656
(75, 61): 0.5151, 0.0200, 0.0595
(75, 62): 0.4194, 0.0200, 0.0584
(75, 63): 0.4533, 0.0200, 0.0614
(75, 64): 0.5183, 0.0200, 0.0584
(75, 65): 0.5296, 0.0200, 0.0566
(75, 66): 0.5125, 0.0200, 0.0573
(75, 67): 0.5189, 0.0200, 0.0570
(75, 68): 0.5175, 0.0200, 0.0574
(75, 69): 0.5124, 0.0200, 0.0582
(75, 70): 0.5105, 0.0200, 0.0582
(75, 71): 0.5097, 0.0200, 0.0593
(75, 72): 0.4755, 0.0200, 0.0607
(75, 73): 0.5057, 0.0199, 0.0610
(75, 74): 0.6816, 0.0200, 0.0569
(75, 75): 0.4913, 0.0200, 0.0606
(75, 76): 0.4171, 0.0200, 0.0649
(75, 77): 0.5101, 0.0200, 0.0566
(75, 78): 0.4817, 0.0200, 0.0615
(75, 79): 0.4618, 0.0200, 0.0627
(75, 80): 0.4922, 0.0200, 0.0605
(75, 81): 0.5067, 0.0200, 0.0589
(75, 82): 0.5849, 0.0200, 0.0583
(75, 83): 0.5047, 0.0200, 0.0580
(75, 84): 0.5103, 0.0200, 0.0582
(75, 85): 0.5182, 0.0200, 0.0579
(75, 86): 0.5163, 0.0200, 0.0583
(75, 87): 0.5094, 0.0200, 0.0594
(75, 88): 0.5354, 0.0200, 0.0584
(75, 89): 0.5294, 0.0200, 0.0592
(75, 90): 0.5258, 0.0200, 0.0592
(75, 91): 0.5307, 0.0200, 0.0594
(75, 92): 0.5121, 0.0200, 0.0607
(75, 93): 0.5156, 0.0200, 0.0605
(75, 94): 0.5046, 0.0200, 0.0611
(75, 95): 0.5088, 0.0200, 0.0609
(75, 96): 0.5150, 0.0200, 0.0601
(75, 97): 0.5492, 0.0200, 0.0518
(75, 98): 0.5274, 0.0200, 0.0603
(75, 99): 0.5023, 0.0200, 0.0623
(75, 100): 0.4923, 0.0200, 0.0626
