(94, 71): 0.4979, 0.0200, 0.0585
(94, 72): 0.5188, 0.0200, 0.0569
(94, 73): 0.4943, 0.0200, 0.0581
(94, 74): 0.5404, 0.0200, 0.0554
(94, 75): 0.5351, 0.0200, 0.0560
(94, 76): 0.5469, 0.0200, 0.0558
(94, 77): 0.5614, 0.0200, 0.0543
(94, 78): 0.5218, 0.0200, 0.0571
(94, 79): 0.5139, 0.0200, 0.0572
(94, 80): 0.5209, 0.0200, 0.0567
(94, 81): 0.5387, 0.0200, 0.0559
(94, 82): 0.5487, 0.0200, 0.0554
(94, 83): 0.5606, 0.0200, 0.0550
(95, 17): 0.4498, 0.0200, 0.0649
(95, 24): 0.3050, 0.0200, 0.0620
(95, 25): 0.4883, 0.0200, 0.0583
(95, 26): 0.5161, 0.0200, 0.0570
(95, 27): 0.5062, 0.0200, 0.0572
(95, 28): 0.5237, 0.0200, 0.0561
(95, 29): 0.4765, 0.0200, 0.0593
(95, 31): 0.5102, 0.0200, 0.0597
(95, 34): 0.4855, 0.0200, 0.0611
(95, 35): 0.4981, 0.0200, 0.0596
(95, 36): 0.4916, 0.0200, 0.0594
(95, 37): 0.4988, 0.0200, 0.0592
(95, 38): 0.5970, 0.0200, 0.0572
(95, 39): 0.4670, 0.0200, 0.0603
(95, 41): 0.5129, 0.0200, 0.0553
(95, 42): 0.5264, 0.0200, 0.0555
(95, 43): 0.5310, 0.0200, 0.0562
(95, 44): 0.5556, 0.0200, 0.0550
(95, 45): 0.5436, 0.0200, 0.0572
(95, 46): 0.5530, 0.0200, 0.0562
(95, 47): 0.5385, 0.0200, 0.0584
(95, 48): 0.5205, 0.0200, 0.0582
(95, 49): 0.5178, 0.0200, 0.0573
(95, 50): 0.4935, 0.0200, 0.0592
(95, 51): 0.4458, 0.0200, 0.0588
(95, 52): 0.4793, 0.0200, 0.0579
(95, 53): 0.5127, 0.0200, 0.0555
(95, 54): 0.5094, 0.0200, 0.0563
(95, 55): 0.5340, 0.0200, 0.0556
(95, 56): 0.5438, 0.0200, 0.0553
(95, 57): 0.5400, 0.0200, 0.0551
(95, 58): 0.5456, 0.0200, 0.0540
(95, 59): 0.4064, 0.0200, 0.0524
(95, 60): 0.5325, 0.0200, 0.0545
(95, 61): 0.5254, 0.0200, 0.0556
(95, 62): 0.5702, 0.0200, 0.0538
(95, 63): 0.5350, 0.0200, 0.0561
(95, 64): 0.5364, 0.0200, 0.0560
(95, 65): 0.5510, 0.0200, 0.0545
(95, 66): 0.5253, 0.0200, 0.0573
(95, 67): 0.5077, 0.0200, 0.0573
(95, 68): 0.5054, 0.0200, 0.0571
(95, 69): 0.4990, 0.0200, 0.0577
(95, 70): 0.5175, 0.0200, 0.0527
(95, 71): 0.5131, 0.0200, 0.0575
(95, 72): 0.5162, 0.0200, 0.0575
(95, 73): 0.5390, 0.0200, 0.0569
(95, 74): 0.5416, 0.0200, 0.0561
(95, 75): 0.5427, 0.0200, 0.0562
(95, 76): 0.5183, 0.0200, 0.0581
(95, 77): 0.5055, 0.0200, 0.0584
(95, 78): 0.3326, 0.0200, 0.0695
(95, 79): 0.5268, 0.0200, 0.0563
(95, 80): 0.5161, 0.0200, 0.0571
(95, 81): 0.5484, 0.0200, 0.0548
(95, 82): 0.5611, 0.0200, 0.0548
(95, 83): 0.5481, 0.0200, 0.0557
(96, 14): 0.5044, 0.0200, 0.0590
(96, 15): 0.4547, 0.0200, 0.0648
(96, 16): 0.4429, 0.0200, 0.0646
(96, 17): 0.4183, 0.0200, 0.0653
(96, 18): 0.4294, 0.0200, 0.0613
(96, 19): 0.4094, 0.0200, 0.0633
(96, 20): 0.4230, 0.0200, 0.0591
(96, 21): 0.4070, 0.0200, 0.0628
(96, 24): 0.4818, 0.0200, 0.0598
(96, 25): 0.5167, 0.0200, 0.0573
(96, 26): 0.5242, 0.0200, 0.0571
(96, 27): 0.5187, 0.0200, 0.0574
(96, 28): 0.5265, 0.0200, 0.0566
(96, 29): 0.5108, 0.0200, 0.0588
(96, 30): 0.5187, 0.0200, 0.0594
(96, 31): 0.5012, 0.0200, 0.0608
(96, 34): 0.5017, 0.0200, 0.0599
(96, 35): 0.4911, 0.0200, 0.0597
(96, 39): 0.4633, 0.0200, 0.0604
(96, 40): 0.4946, 0.0200, 0.0565
(96, 41): 0.5181, 0.0200, 0.0558
(96, 42): 0.5236, 0.0200, 0.0569
(96, 43): 0.5378, 0.0200, 0.0569
(96, 44): 0.5316, 0.0200, 0.0578
(96, 45): 0.5266, 0.0200, 0.0585
(96, 46): 0.5270, 0.0200, 0.0590
(96, 47): 0.6013, 0.0200, 0.0498
(96, 48): 0.6121, 0.0200, 0.0507
(96, 49): 0.5233, 0.0200, 0.0594
(96, 50): 0.2883, 0.0164, 0.0751
(96, 51): 0.5028, 0.0200, 0.0567
(96, 52): 0.4756, 0.0200, 0.0581
(96, 53): 0.5185, 0.0200, 0.0554
(96, 54): 0.4877, 0.0200, 0.0589
(96, 55): 0.5258, 0.0200, 0.0564
(96, 56): 0.5374, 0.0200, 0.0559
(96, 57): 0.5353, 0.0200, 0.0562
(96, 58): 0.5332, 0.0200, 0.0560
(96, 59): 0.5400, 0.0200, 0.0552
(96, 60): 0.5152, 0.0200, 0.0448
(96, 61): 4.3995, 0.0200, 0.0000
(96, 62): 0.5794, 0.0200, 0.0529
(96, 63): 0.5436, 0.0200, 0.0558
(96, 64): 0.5219, 0.0200, 0.0577
(96, 65): 0.5130, 0.0200, 0.0569
(96, 66): 0.5975, 0.0200, 0.0527
(96, 67): 0.5000, 0.0200, 0.0579
(96, 68): 0.5068, 0.0200, 0.0574
(96, 69): 0.4977, 0.0200, 0.0582
(96, 70): 0.5220, 0.0200, 0.0568
(96, 71): 0.5208, 0.0200, 0.0560
(96, 72): 0.5383, 0.0200, 0.0563
(96, 73): 0.5528, 0.0200, 0.0553
(96, 74): 0.5436, 0.0200, 0.0563
(96, 75): 0.5087, 0.0200, 0.0588
(96, 76): 0.5092, 0.0200, 0.0586
(96, 77): 0.5065, 0.0200, 0.0583
(96, 78): 0.5080, 0.0200, 0.0575
(96, 79): 0.4809, 0.0200, 0.0580
(96, 80): 0.5162, 0.0200, 0.0575
(96, 81): 0.5415, 0.0200, 0.0555
(96, 82): 0.5404, 0.0200, 0.0554
(96, 83): 0.5495, 0.0200, 0.0549
(97, 13): 0.4552, 0.0200, 0.0631
(97, 14): 0.4521, 0.0200, 0.0637
(97, 15): 0.4258, 0.0200, 0.0640
(97, 16): 0.4313, 0.0200, 0.0620
(97, 17): 0.4005, 0.0200, 0.0633
(97, 18): 0.3952, 0.0200, 0.0632
(97, 19): 0.4133, 0.0200, 0.0626
(97, 20): 0.4401, 0.0200, 0.0607
(97, 21): 0.4415, 0.0200, 0.0622
(97, 22): 0.4863, 0.0200, 0.0582
(97, 27): 0.4980, 0.0200, 0.0601
(97, 28): 0.5070, 0.0200, 0.0600
(97, 29): 0.5128, 0.0200, 0.0601
(97, 30): 0.5117, 0.0200, 0.0604
(97, 31): 0.4506, 0.0200, 0.0663
(97, 32): 0.5064, 0.0200, 0.0591
(97, 34): 0.5249, 0.0200, 0.0575
(97, 35): 0.5048, 0.0200, 0.0590
(97, 36): 0.4960, 0.0200, 0.0602
(97, 37): 0.4913, 0.0200, 0.0598
(97, 38): 0.5078, 0.0200, 0.0577
(97, 39): 0.5234, 0.0200, 0.0540
(97, 40): 0.4761, 0.0200, 0.0602
(97, 41): 0.6501, 0.0200, 0.0546
(97, 42): 0.5213, 0.0200, 0.0583
(97, 43): 0.5294, 0.0200, 0.0585
(97, 44): 0.5232, 0.0200, 0.0590
(97, 45): 0.5204, 0.0200, 0.0590
(97, 46): 0.5110, 0.0200, 0.0583
(97, 47): 0.5076, 0.0200, 0.0599
(97, 48): 0.5060, 0.0200, 0.0598
(97, 49): 0.4118, 0.0200, 0.0650
(97, 50): 0.5299, 0.0200, 0.0562
(97, 51): 0.5084, 0.0200, 0.0570
(97, 52): 0.6257, 0.0200, 0.0531
(97, 53): 0.5202, 0.0200, 0.0565
(97, 54): 0.5059, 0.0200, 0.0580
(97, 55): 0.5253, 0.0200, 0.0573
(97, 56): 0.5361, 0.0200, 0.0560
(97, 57): 0.5319, 0.0200, 0.0566
(97, 58): 0.5214, 0.0200, 0.0561
(97, 59): 0.5464, 0.0200, 0.0558
(97, 60): 0.5446, 0.0200, 0.0558
(97, 61): 0.4165, 0.0200, 0.0588
(97, 62): 0.5468, 0.0200, 0.0557
(97, 63): 0.5240, 0.0200, 0.0565
(97, 64): 0.5278, 0.0200, 0.0558
(97, 65): 0.4761, 0.0200, 0.0590
(97, 66): 0.5228, 0.0200, 0.0560
(97, 67): 0.5244, 0.0200, 0.0561
(97, 68): 0.5231, 0.0200, 0.0566
(97, 69): 0.5180, 0.0200, 0.0569
(97, 70): 0.5222, 0.0200, 0.0569
(97, 71): 0.5204, 0.0200, 0.0577
(97, 72): 0.5297, 0.0200, 0.0567
(97, 73): 0.5444, 0.0200, 0.0552
(97, 74): 0.5046, 0.0200, 0.0588
(97, 75): 0.5086, 0.0200, 0.0588
(97, 76): 0.5140, 0.0200, 0.0586
(97, 77): 0.5095, 0.0200, 0.0583
(97, 78): 0.5123, 0.0200, 0.0576
(97, 79): 0.5230, 0.0200, 0.0570
(97, 80): 0.5392, 0.0200, 0.0561
(97, 81): 0.5254, 0.0200, 0.0570
(97, 82): 0.5370, 0.0200, 0.0556
(97, 83): 0.5434, 0.0200, 0.0548
(97, 84): 0.5281, 0.0200, 0.0564
(98, 13): 0.4241, 0.0200, 0.0642
(98, 14): 0.4103, 0.0200, 0.0649
(98, 15): 0.4116, 0.0200, 0.0630
(98, 16): 0.4051, 0.0200, 0.0627
(98, 17): 0.9298, 0.0200, 0.0505
(98, 18): 0.4200, 0.0200, 0.0616
(98, 19): 0.2593, 0.0200, 0.0717
(98, 20): 0.4395, 0.0200, 0.0629
(98, 21): 0.5015, 0.0200, 0.0568
(98, 22): 0.5156, 0.0200, 0.0572
(98, 23): 0.5107, 0.0200, 0.0575
(98, 24): 0.5424, 0.0200, 0.0548
(98, 29): 0.5067, 0.0200, 0.0612
(98, 30): 0.4972, 0.0200, 0.0606
(98, 31): 0.4950, 0.0200, 0.0596
(98, 33): 0.4635, 0.0200, 0.0554
(98, 34): 0.4898, 0.0200, 0.0600
(98, 35): 0.5008, 0.0200, 0.0598
(98, 36): 0.5040, 0.0200, 0.0591
(98, 37): 0.4946, 0.0200, 0.0600
(98, 38): 0.5090, 0.0200, 0.0578
(98, 39): 0.4956, 0.0200, 0.0578
(98, 40): 0.4944, 0.0200, 0.0588
(98, 41): 0.3358, 0.0200, 0.0596
(98, 42): 0.5312, 0.0200, 0.0577
(98, 43): 0.5229, 0.0200, 0.0587
(98, 44): 0.5139, 0.0200, 0.0590
(98, 45): 0.5159, 0.0200, 0.0587
(98, 46): 0.4855, 0.0200, 0.0614
(98, 47): 0.4800, 0.0200, 0.0622
(98, 48): 0.5128, 0.0200, 0.0594
(98, 49): 0.4687, 0.0200, 0.0617
(98, 50): 0.5068, 0.0200, 0.0594
(98, 51): 0.4733, 0.0200, 0.0611
(98, 52): 0.4854, 0.0200, 0.0588
(98, 53): 0.5226, 0.0200, 0.0563
(98, 54): 0.4612, 0.0200, 0.0620
(98, 55): 0.5242, 0.0200, 0.0575
(98, 56): 0.5197, 0.0200, 0.0577
(98, 57): 0.5399, 0.0200, 0.0562
(98, 58): 0.5443, 0.0200, 0.0568
(98, 59): 0.5363, 0.0200, 0.0558
(98, 60): 0.5251, 0.0200, 0.0560
(98, 61): 0.5805, 0.0200, 0.0538
(98, 62): 0.5299, 0.0200, 0.0554
(98, 63): 0.5434, 0.0200, 0.0558
(98, 64): 0.5275, 0.0200, 0.0561
(98, 65): 0.5414, 0.0200, 0.0555
(98, 66): 0.5372, 0.0200, 0.0552
(98, 67): 0.5421, 0.0200, 0.0552
(98, 68): 0.5351, 0.0200, 0.0559
(98, 69): 0.5469, 0.0200, 0.0552
(98, 70): 0.5319, 0.0200, 0.0564
(98, 71): 0.5472, 0.0200, 0.0554
(98, 72): 0.5411, 0.0200, 0.0554
(98, 73): 0.5008, 0.0200, 0.0586
(98, 74): 0.5203, 0.0200, 0.0584
(98, 75): 0.5177, 0.0200, 0.0578
(98, 76): 0.5170, 0.0200, 0.0585
(98, 77): 0.5193, 0.0200, 0.0575
(98, 78): 0.5244, 0.0200, 0.0573
(98, 79): 0.5354, 0.0200, 0.0561
(98, 80): 0.5185, 0.0200, 0.0574
(98, 81): 0.5387, 0.0200, 0.0554
(98, 82): 0.5157, 0.0200, 0.0571
(98, 83): 0.5206, 0.0200, 0.0566
(98, 84): 0.5172, 0.0200, 0.0566
(98, 85): 0.5301, 0.0200, 0.0557
(99, 14): 0.2795, 0.0200, 0.0696
(99, 19): 0.4983, 0.0200, 0.0578
(99, 20): 0.4724, 0.0200, 0.0589
(99, 21): 0.5187, 0.0200, 0.0579
(99, 22): 0.5217, 0.0200, 0.0578
(99, 23): 0.5054, 0.0200, 0.0579
(99, 24): 0.4955, 0.0200, 0.0592
(99, 25): 0.4996, 0.0200, 0.0600
(99, 26): 0.5078, 0.0200, 0.0606
(99, 31): 0.4938, 0.0200, 0.0587
(99, 32): 0.4988, 0.0200, 0.0587
(99, 33): 0.5010, 0.0200, 0.0595
(99, 34): 0.5128, 0.0200, 0.0609
(99, 35): 0.4996, 0.0200, 0.0606
