(24, 57): 0.4080, 0.0200, 0.0542
(24, 58): 0.5750, 0.0200, 0.0473
(24, 59): 0.5835, 0.0200, 0.0470
(24, 60): 0.5533, 0.0200, 0.0504
(24, 61): 0.5264, 0.0200, 0.0519
(24, 62): 0.3403, 0.0200, 0.0572
(24, 63): 0.5117, 0.0200, 0.0540
(24, 64): 0.3202, 0.0200, 0.0599
(24, 65): 0.5543, 0.0200, 0.0524
(24, 66): 0.5722, 0.0200, 0.0511
(24, 67): 0.5958, 0.0200, 0.0491
(24, 68): 0.5740, 0.0200, 0.0500
(24, 69): 0.5864, 0.0200, 0.0500
(24, 70): 0.5470, 0.0200, 0.0533
(24, 71): 0.5561, 0.0200, 0.0525
(24, 72): 0.5609, 0.0200, 0.0527
(24, 73): 0.5612, 0.0200, 0.0525
(24, 74): 0.4794, 0.0200, 0.0625
(24, 75): 0.5521, 0.0200, 0.0529
(24, 76): 0.5443, 0.0200, 0.0532
(24, 77): 0.5470, 0.0200, 0.0537
(24, 78): 0.5623, 0.0200, 0.0533
(24, 79): 0.5758, 0.0200, 0.0526
(24, 80): 0.4614, 0.0200, 0.0556
(24, 81): 0.5685, 0.0200, 0.0540
(24, 82): 0.5700, 0.0200, 0.0544
(24, 83): 0.5543, 0.0200, 0.0555
(24, 84): 0.5702, 0.0200, 0.0667
(24, 85): 0.5260, 0.0200, 0.0576
(24, 86): 0.5243, 0.0200, 0.0582
(24, 87): 0.6979, 0.0200, 0.0682
(24, 88): 0.5469, 0.0200, 0.0575
(24, 89): 0.5291, 0.0200, 0.0586
(24, 90): 0.5231, 0.0200, 0.0582
(24, 91): 0.5184, 0.0200, 0.0579
(24, 92): 0.5122, 0.0200, 0.0580
(24, 93): 0.5056, 0.0200, 0.0577
(24, 94): 0.5153, 0.0200, 0.0570
(24, 95): 0.5115, 0.0200, 0.0573
(24, 96): 0.5135, 0.0200, 0.0578
(24, 97): 0.5167, 0.0200, 0.0580
(24, 98): 0.4816, 0.0200, 0.0718
(24, 99): 0.5104, 0.0200, 0.0603
(24, 100): 0.4788, 0.0200, 0.0632
(24, 101): 0.6394, 0.0200, 0.0472
(24, 102): 0.4506, 0.0200, 0.0656
(24, 103): 0.4497, 0.0200, 0.0652
(24, 104): 0.4670, 0.0200, 0.0632
(24, 105): 0.4811, 0.0200, 0.0641
(24, 106): 0.4975, 0.0200, 0.0572
(25, 41): 0.5376, 0.0200, 0.0544
(25, 42): 0.6500, 0.0200, 0.0502
(25, 57): 0.5662, 0.0200, 0.0485
(25, 58): 0.3411, 0.0200, 0.0558
(25, 59): 0.5872, 0.0200, 0.0473
(25, 60): 0.5427, 0.0200, 0.0503
(25, 61): 0.5380, 0.0200, 0.0511
(25, 62): 0.5508, 0.0200, 0.0507
(25, 63): 0.5743, 0.0200, 0.0506
(25, 64): 0.5730, 0.0200, 0.0508
(25, 65): 0.5651, 0.0200, 0.0521
(25, 66): 0.5487, 0.0200, 0.0525
(25, 67): 0.5641, 0.0200, 0.0511
(25, 68): 0.5566, 0.0200, 0.0514
(25, 69): 0.5587, 0.0200, 0.0516
(25, 70): 0.5506, 0.0200, 0.0527
(25, 71): 0.5503, 0.0200, 0.0528
(25, 72): 0.5536, 0.0200, 0.0529
(25, 73): 0.5627, 0.0200, 0.0522
(25, 74): 0.5647, 0.0200, 0.0521
(25, 75): 0.5600, 0.0200, 0.0525
(25, 76): 0.5595, 0.0200, 0.0527
(25, 77): 0.5469, 0.0200, 0.0536
(25, 78): 0.5755, 0.0200, 0.0523
(25, 79): 0.5866, 0.0200, 0.0520
(25, 80): 0.6175, 0.0200, 0.0525
(25, 81): 0.5652, 0.0200, 0.0539
(25, 82): 0.5581, 0.0200, 0.0548
(25, 83): 0.5519, 0.0200, 0.0558
(25, 84): 0.5525, 0.0200, 0.0563
(25, 85): 0.5425, 0.0200, 0.0573
(25, 86): 0.5264, 0.0200, 0.0583
(25, 87): 0.5261, 0.0200, 0.0583
(25, 88): 0.5390, 0.0200, 0.0573
(25, 89): 0.5568, 0.0200, 0.0570
(25, 90): 0.5181, 0.0200, 0.0587
(25, 91): 0.5119, 0.0200, 0.0586
(25, 92): 0.5024, 0.0200, 0.0585
(25, 93): 0.5166, 0.0200, 0.0574
(25, 94): 0.5136, 0.0200, 0.0576
(25, 95): 0.5191, 0.0200, 0.0573
(25, 96): 0.3545, 0.0200, 0.0650
(25, 97): 0.5214, 0.0200, 0.0583
(25, 98): 0.5049, 0.0200, 0.0594
(25, 99): 0.5050, 0.0200, 0.0598
(25, 100): 0.5036, 0.0200, 0.0607
(25, 101): 0.5002, 0.0199, 0.0625
(25, 102): 0.4724, 0.0200, 0.0630
(25, 103): 0.4609, 0.0200, 0.0636
(25, 104): 0.4792, 0.0200, 0.0619
(25, 105): 0.4929, 0.0200, 0.0596
(25, 106): 0.8137, 0.0200, 0.0506
(26, 57): 0.7817, 0.0200, 0.0392
(26, 58): 0.5522, 0.0200, 0.0497
(26, 59): 0.4136, 0.0200, 0.0520
(26, 60): 0.5691, 0.0200, 0.0493
(26, 61): 0.5823, 0.0200, 0.0481
(26, 62): 0.5684, 0.0200, 0.0498
(26, 63): 0.5662, 0.0200, 0.0514
(26, 64): 0.5534, 0.0200, 0.0525
(26, 65): 0.5584, 0.0200, 0.0519
(26, 66): 0.4006, 0.0200, 0.0703
(26, 67): 0.5486, 0.0200, 0.0521
(26, 68): 0.5575, 0.0200, 0.0514
(26, 69): 0.5651, 0.0200, 0.0511
(26, 70): 0.5642, 0.0200, 0.0514
(26, 71): 0.5356, 0.0200, 0.0532
(26, 72): 0.5363, 0.0200, 0.0535
(26, 73): 0.5532, 0.0200, 0.0525
(26, 74): 0.5631, 0.0200, 0.0524
(26, 75): 0.5707, 0.0200, 0.0521
(26, 76): 0.4779, 0.0200, 0.0559
(26, 77): 0.5642, 0.0200, 0.0531
(26, 78): 0.5806, 0.0200, 0.0520
(26, 79): 0.5951, 0.0200, 0.0524
(26, 80): 0.5338, 0.0200, 0.0533
(26, 81): 0.5689, 0.0200, 0.0542
(26, 82): 0.5582, 0.0200, 0.0547
(26, 83): 0.5503, 0.0200, 0.0559
(26, 84): 0.5449, 0.0200, 0.0565
(26, 85): 0.5647, 0.0200, 0.0558
(26, 86): 0.5389, 0.0200, 0.0574
(26, 87): 0.5225, 0.0200, 0.0580
(26, 88): 0.5220, 0.0200, 0.0582
(26, 89): 0.5240, 0.0200, 0.0582
(26, 90): 0.5175, 0.0200, 0.0588
(26, 91): 0.5086, 0.0199, 0.0592
(26, 92): 0.5058, 0.0200, 0.0586
(26, 93): 0.5276, 0.0200, 0.0575
(26, 94): 0.5215, 0.0200, 0.0581
(26, 95): 0.5603, 0.0200, 0.0562
(26, 96): 0.5211, 0.0200, 0.0579
(26, 97): 0.5083, 0.0200, 0.0578
(26, 98): 0.5122, 0.0200, 0.0584
(26, 99): 0.5019, 0.0200, 0.0595
(26, 100): 0.5051, 0.0200, 0.0589
(26, 101): 0.4821, 0.0200, 0.0612
(26, 102): 0.4751, 0.0200, 0.0622
(26, 103): 0.4687, 0.0200, 0.0623
(26, 104): 0.4731, 0.0200, 0.0609
(26, 105): 0.5016, 0.0200, 0.0583
(26, 106): 0.4966, 0.0200, 0.0566
(27, 41): 0.5470, 0.0200, 0.0548
(27, 57): 0.5630, 0.0200, 0.0477
(27, 58): 0.5967, 0.0200, 0.0450
(27, 59): 0.6047, 0.0200, 0.0440
(27, 60): 0.5170, 0.0200, 0.0386
(27, 61): 0.3859, 0.0200, 0.0481
(27, 62): 0.5555, 0.0200, 0.0505
(27, 63): 0.5040, 0.0200, 0.0589
(27, 64): 0.5420, 0.0200, 0.0523
(27, 65): 0.5592, 0.0200, 0.0517
(27, 66): 0.5619, 0.0200, 0.0517
(27, 67): 0.6064, 0.0200, 0.0476
(27, 68): 0.5464, 0.0200, 0.0517
(27, 69): 0.5684, 0.0200, 0.0509
(27, 70): 0.5568, 0.0200, 0.0516
(27, 71): 0.5532, 0.0200, 0.0523
(27, 72): 0.7300, 0.0200, 0.0534
(27, 73): 0.5171, 0.0200, 0.0570
(27, 74): 0.5726, 0.0200, 0.0522
(27, 75): 0.4343, 0.0200, 0.0543
(27, 76): 0.5768, 0.0200, 0.0520
(27, 77): 0.5500, 0.0200, 0.0538
(27, 78): 0.5595, 0.0200, 0.0534
(27, 79): 0.5358, 0.0200, 0.0545
(27, 80): 0.5626, 0.0200, 0.0537
(27, 81): 1.2539, 0.0200, 0.0438
(27, 82): 0.5569, 0.0200, 0.0551
(27, 83): 0.5572, 0.0200, 0.0551
(27, 84): 0.5479, 0.0200, 0.0561
(27, 85): 0.5554, 0.0200, 0.0558
(27, 86): 0.5473, 0.0200, 0.0563
(27, 87): 0.5158, 0.0200, 0.0582
(27, 88): 0.5116, 0.0200, 0.0587
(27, 89): 0.5177, 0.0200, 0.0583
(27, 90): 0.5504, 0.0200, 0.0562
(27, 91): 0.5201, 0.0200, 0.0588
(27, 92): 0.5112, 0.0200, 0.0594
(27, 93): 0.5248, 0.0200, 0.0584
(27, 94): 0.5224, 0.0200, 0.0588
(27, 95): 0.5172, 0.0200, 0.0586
(27, 96): 0.5209, 0.0200, 0.0580
(27, 97): 0.4878, 0.0200, 0.0603
(27, 98): 0.4969, 0.0200, 0.0596
(27, 99): 0.4840, 0.0200, 0.0601
(27, 100): 0.4908, 0.0200, 0.0606
(27, 101): 0.5055, 0.0200, 0.0598
(27, 102): 0.4871, 0.0200, 0.0608
(27, 103): 0.4835, 0.0200, 0.0604
(27, 104): 0.4936, 0.0200, 0.0588
(27, 105): 0.4878, 0.0200, 0.0579
(27, 106): 0.5008, 0.0200, 0.0551
(27, 107): 0.5197, 0.0200, 0.0521
(28, 40): 0.5363, 0.0200, 0.0551
(28, 41): 0.5461, 0.0200, 0.0545
(28, 42): 0.5418, 0.0200, 0.0559
(28, 57): 0.4241, 0.0200, 0.0534
(28, 58): 0.5890, 0.0200, 0.0466
(28, 59): 0.5648, 0.0200, 0.0488
(28, 60): 0.5760, 0.0200, 0.0479
(28, 61): 0.5843, 0.0200, 0.0476
(28, 62): 0.5650, 0.0200, 0.0497
(28, 63): 0.5570, 0.0200, 0.0508
(28, 64): 0.5699, 0.0200, 0.0512
(28, 65): 0.7113, 0.0200, 0.0489
(28, 66): 0.6621, 0.0200, 0.0468
(28, 67): 0.5559, 0.0200, 0.0514
(28, 68): 0.5488, 0.0200, 0.0514
(28, 69): 0.5458, 0.0200, 0.0523
(28, 70): 0.5464, 0.0200, 0.0527
(28, 71): 0.5571, 0.0200, 0.0524
(28, 72): 0.3619, 0.0200, 0.0647
(28, 73): 0.5577, 0.0200, 0.0528
(28, 74): 0.5813, 0.0200, 0.0517
(28, 75): 0.5787, 0.0200, 0.0514
(28, 76): 0.5793, 0.0200, 0.0516
(28, 77): 0.5415, 0.0200, 0.0543
(28, 78): 0.5164, 0.0200, 0.0478
(28, 79): 0.5631, 0.0200, 0.0529
(28, 80): 0.5806, 0.0200, 0.0525
(28, 81): 0.5728, 0.0200, 0.0536
(28, 82): 0.5674, 0.0200, 0.0546
(28, 83): 0.5397, 0.0200, 0.0564
(28, 84): 0.5413, 0.0200, 0.0562
(28, 85): 0.5679, 0.0200, 0.0555
(28, 86): 0.7659, 0.0200, 0.0561
(28, 87): 0.5274, 0.0200, 0.0568
(28, 88): 0.4996, 0.0200, 0.0594
(28, 89): 0.5121, 0.0200, 0.0588
(28, 90): 0.5129, 0.0200, 0.0585
(28, 91): 0.4124, 0.0200, 0.0575
(28, 92): 0.4845, 0.0200, 0.0592
(28, 93): 0.5144, 0.0200, 0.0596
(28, 94): 0.5203, 0.0200, 0.0594
(28, 95): 0.5067, 0.0200, 0.0589
(28, 96): 0.4970, 0.0200, 0.0595
(28, 97): 0.4958, 0.0200, 0.0589
(28, 98): 0.2940, 0.0200, 0.0694
(28, 99): 0.4965, 0.0200, 0.0598
(28, 100): 0.4983, 0.0200, 0.0594
(28, 101): 0.5120, 0.0200, 0.0589
(28, 102): 0.5023, 0.0200, 0.0594
(28, 103): 0.5131, 0.0200, 0.0572
(28, 104): 0.4997, 0.0200, 0.0577
(28, 105): 0.4205, 0.0200, 0.0574
(28, 106): 0.5095, 0.0200, 0.0543
(28, 107): 0.5517, 0.0200, 0.0505
