(52, 64): 0.6422, 0.0200, 0.0441
(52, 65): 0.6402, 0.0200, 0.0449
(52, 66): 0.5938, 0.0200, 0.0485
(52, 67): 0.6173, 0.0200, 0.0491
(52, 68): 0.6276, 0.0200, 0.0491
(52, 70): 0.5877, 0.0200, 0.0511
(52, 71): 0.5975, 0.0200, 0.0496
(52, 72): 0.5983, 0.0200, 0.0500
(52, 73): 0.6036, 0.0200, 0.0499
(52, 74): 0.5931, 0.0200, 0.0505
(52, 75): 0.5971, 0.0200, 0.0501
(52, 76): 0.5757, 0.0200, 0.0508
(52, 77): 0.5947, 0.0200, 0.0497
(52, 78): 0.5951, 0.0200, 0.0500
(52, 79): 0.5999, 0.0200, 0.0499
(52, 80): 0.5854, 0.0200, 0.0503
(52, 81): 0.5666, 0.0200, 0.0515
(52, 82): 0.5744, 0.0200, 0.0514
(52, 83): 0.5734, 0.0200, 0.0519
(52, 84): 0.5704, 0.0200, 0.0523
(52, 85): 0.6137, 0.0200, 0.0512
(52, 86): 0.5523, 0.0200, 0.0532
(52, 87): 0.5554, 0.0200, 0.0531
(52, 88): 0.5288, 0.0200, 0.0569
(52, 89): 0.5518, 0.0200, 0.0535
(52, 90): 0.5597, 0.0200, 0.0521
(52, 91): 0.5491, 0.0200, 0.0525
(52, 92): 0.5553, 0.0200, 0.0514
(52, 93): 0.5713, 0.0200, 0.0491
(52, 94): 0.5737, 0.0200, 0.0487
(52, 95): 0.5601, 0.0200, 0.0490
(53, 37): 0.7291, 0.0200, 0.0562
(53, 38): 0.5400, 0.0200, 0.0569
(53, 39): 0.5200, 0.0200, 0.0573
(53, 40): 0.5287, 0.0200, 0.0589
(53, 41): 0.5447, 0.0200, 0.0574
(53, 42): 0.5548, 0.0200, 0.0568
(53, 43): 0.5554, 0.0200, 0.0567
(53, 44): 0.5522, 0.0200, 0.0569
(53, 45): 0.5511, 0.0200, 0.0569
(53, 46): 0.5373, 0.0200, 0.0579
(53, 47): 0.5403, 0.0200, 0.0567
(53, 63): 0.6510, 0.0200, 0.0429
(53, 64): 0.6665, 0.0200, 0.0420
(53, 65): 0.6576, 0.0200, 0.0439
(53, 66): 0.6061, 0.0200, 0.0490
(53, 67): 0.6065, 0.0200, 0.0496
(53, 68): 0.6010, 0.0200, 0.0506
(53, 69): 0.6130, 0.0200, 0.0499
(53, 70): 0.5904, 0.0200, 0.0511
(53, 71): 0.5908, 0.0200, 0.0509
(53, 72): 0.5920, 0.0200, 0.0507
(53, 73): 0.5981, 0.0200, 0.0508
(53, 74): 0.5822, 0.0200, 0.0506
(53, 75): 0.6038, 0.0200, 0.0504
(53, 76): 0.5796, 0.0200, 0.0516
(53, 77): 0.5800, 0.0200, 0.0509
(53, 78): 0.5752, 0.0200, 0.0515
(53, 79): 0.5796, 0.0200, 0.0514
(53, 80): 0.4601, 0.0200, 0.0577
(53, 81): 0.5616, 0.0200, 0.0527
(53, 82): 0.5595, 0.0200, 0.0527
(53, 83): 0.5776, 0.0200, 0.0514
(53, 84): 0.5843, 0.0200, 0.0510
(53, 85): 0.5808, 0.0200, 0.0515
(53, 86): 0.5538, 0.0200, 0.0532
(53, 87): 0.5553, 0.0200, 0.0530
(53, 88): 0.5539, 0.0200, 0.0535
(53, 89): 0.5526, 0.0200, 0.0533
(53, 90): 0.5553, 0.0200, 0.0529
(53, 91): 0.5657, 0.0200, 0.0516
(53, 92): 0.6183, 0.0200, 0.0456
(53, 93): 0.5535, 0.0200, 0.0508
(53, 94): 0.5550, 0.0200, 0.0502
(53, 95): 0.5532, 0.0200, 0.0506
(54, 37): 0.4270, 0.0200, 0.0583
(54, 38): 0.5542, 0.0200, 0.0560
(54, 39): 0.5614, 0.0200, 0.0556
(54, 40): 0.6073, 0.0200, 0.0599
(54, 41): 0.6055, 0.0200, 0.0544
(54, 42): 0.4018, 0.0198, 0.0668
(54, 43): 0.5357, 0.0200, 0.0583
(54, 44): 0.5632, 0.0200, 0.0563
(54, 45): 0.5540, 0.0200, 0.0569
(54, 46): 0.5439, 0.0200, 0.0575
(54, 47): 0.5332, 0.0200, 0.0577
(54, 48): 0.5586, 0.0200, 0.0557
(54, 62): 0.6725, 0.0200, 0.0415
(54, 63): 0.5900, 0.0200, 0.0424
(54, 64): 0.6748, 0.0200, 0.0419
(54, 65): 0.6276, 0.0200, 0.0472
(54, 66): 0.5981, 0.0200, 0.0495
(54, 67): 0.5936, 0.0200, 0.0500
(54, 68): 0.5844, 0.0200, 0.0512
(54, 69): 0.5967, 0.0200, 0.0512
(54, 70): 0.4682, 0.0200, 0.0566
(54, 71): 0.6124, 0.0200, 0.0505
(54, 72): 0.6041, 0.0200, 0.0509
(54, 73): 0.5882, 0.0200, 0.0516
(54, 74): 0.5881, 0.0200, 0.0520
(54, 75): 0.5765, 0.0200, 0.0522
(54, 76): 0.5827, 0.0200, 0.0518
(54, 77): 0.5645, 0.0200, 0.0528
(54, 78): 0.5689, 0.0200, 0.0523
(54, 79): 0.5808, 0.0200, 0.0515
(54, 80): 0.5886, 0.0200, 0.0515
(54, 81): 0.5844, 0.0200, 0.0515
(54, 82): 0.5632, 0.0200, 0.0522
(54, 83): 0.5763, 0.0200, 0.0512
(54, 84): 0.5879, 0.0200, 0.0506
(54, 85): 0.5870, 0.0200, 0.0506
(54, 86): 0.5567, 0.0200, 0.0529
(54, 87): 0.5403, 0.0200, 0.0541
(54, 88): 0.5629, 0.0200, 0.0542
(54, 89): 0.5160, 0.0200, 0.0557
(54, 90): 0.5522, 0.0200, 0.0526
(54, 91): 0.5521, 0.0200, 0.0522
(54, 92): 0.5320, 0.0200, 0.0531
(54, 93): 0.5284, 0.0200, 0.0528
(54, 94): 0.5316, 0.0200, 0.0526
(54, 95): 0.5374, 0.0200, 0.0520
(54, 96): 0.5176, 0.0200, 0.0530
(54, 104): 0.4272, 0.0200, 0.0464
(55, 37): 0.5520, 0.0200, 0.0561
(55, 38): 0.4779, 0.0200, 0.0623
(55, 39): 0.5435, 0.0200, 0.0569
(55, 40): 0.5158, 0.0200, 0.0598
(55, 41): 0.5474, 0.0200, 0.0569
(55, 42): 0.5425, 0.0200, 0.0574
(55, 43): 0.5414, 0.0200, 0.0576
(55, 44): 0.5596, 0.0200, 0.0563
(55, 45): 0.5563, 0.0200, 0.0571
(55, 46): 0.5514, 0.0200, 0.0574
(55, 47): 0.5397, 0.0200, 0.0578
(55, 48): 0.5381, 0.0200, 0.0576
(55, 61): 0.5833, 0.0200, 0.0487
(55, 62): 0.5782, 0.0200, 0.0493
(55, 63): 0.6660, 0.0200, 0.0424
(55, 64): 0.6654, 0.0200, 0.0428
(55, 65): 0.6255, 0.0200, 0.0445
(55, 66): 0.5990, 0.0200, 0.0494
(55, 67): 0.5840, 0.0200, 0.0505
(55, 68): 0.5878, 0.0200, 0.0510
(55, 69): 0.5970, 0.0200, 0.0510
(55, 70): 0.6137, 0.0200, 0.0502
(55, 71): 0.6093, 0.0200, 0.0506
(55, 72): 0.5865, 0.0200, 0.0520
(55, 73): 0.5817, 0.0200, 0.0525
(55, 74): 0.5791, 0.0200, 0.0525
(55, 75): 0.5731, 0.0200, 0.0529
(55, 76): 0.5704, 0.0200, 0.0531
(55, 77): 0.5693, 0.0200, 0.0528
(55, 78): 0.5710, 0.0200, 0.0524
(55, 79): 0.5779, 0.0200, 0.0519
(55, 80): 0.5479, 0.0200, 0.0553
(55, 81): 0.5699, 0.0200, 0.0520
(55, 82): 0.6479, 0.0200, 0.0508
(55, 83): 0.5676, 0.0200, 0.0513
(55, 84): 0.5686, 0.0200, 0.0513
(55, 85): 0.5697, 0.0200, 0.0513
(55, 86): 0.5620, 0.0200, 0.0524
(55, 87): 0.5387, 0.0200, 0.0542
(55, 88): 0.4943, 0.0200, 0.0532
(55, 89): 0.5347, 0.0200, 0.0541
(55, 90): 0.5471, 0.0200, 0.0532
(55, 91): 0.5396, 0.0200, 0.0538
(55, 92): 0.5289, 0.0200, 0.0541
(55, 93): 0.5138, 0.0200, 0.0541
(55, 94): 0.5764, 0.0200, 0.0516
(55, 95): 0.5132, 0.0200, 0.0539
(55, 96): 0.5286, 0.0199, 0.0528
(55, 97): 0.5189, 0.0200, 0.0532
(55, 98): 0.5176, 0.0200, 0.0534
(55, 99): 0.5167, 0.0200, 0.0533
(55, 100): 0.5239, 0.0200, 0.0527
(55, 101): 0.5257, 0.0200, 0.0522
(55, 102): 0.5903, 0.0200, 0.0490
(55, 103): 0.3633, 0.0200, 0.0506
(55, 104): 0.5073, 0.0200, 0.0511
(56, 37): 0.5332, 0.0200, 0.0563
(56, 38): 0.5400, 0.0200, 0.0564
(56, 39): 0.5396, 0.0200, 0.0569
(56, 40): 0.5879, 0.0200, 0.0549
(56, 41): 0.5632, 0.0200, 0.0551
(56, 42): 0.6684, 0.0200, 0.0575
(56, 43): 0.5021, 0.0200, 0.0555
(56, 44): 0.5665, 0.0200, 0.0558
(56, 45): 0.5247, 0.0200, 0.0587
(56, 46): 0.4913, 0.0200, 0.0583
(56, 47): 0.5527, 0.0200, 0.0566
(56, 48): 0.5413, 0.0200, 0.0586
(56, 49): 0.5606, 0.0200, 0.0560
(56, 60): 0.6085, 0.0200, 0.0474
(56, 61): 0.5978, 0.0200, 0.0493
(56, 62): 0.5664, 0.0200, 0.0504
(56, 63): 0.6032, 0.0200, 0.0476
(56, 64): 0.6152, 0.0200, 0.0474
(56, 65): 0.3854, 0.0200, 0.0766
(56, 66): 0.6081, 0.0200, 0.0485
(56, 67): 0.6006, 0.0200, 0.0498
(56, 68): 0.6023, 0.0200, 0.0504
(56, 69): 0.5835, 0.0200, 0.0518
(56, 70): 0.6029, 0.0200, 0.0507
(56, 71): 0.5941, 0.0200, 0.0516
(56, 72): 0.5865, 0.0200, 0.0521
(56, 73): 0.5757, 0.0200, 0.0528
(56, 74): 0.5680, 0.0200, 0.0535
(56, 75): 0.5943, 0.0200, 0.0520
(56, 76): 0.5886, 0.0200, 0.0525
(56, 77): 0.8402, 0.0200, 0.0405
(56, 78): 0.5578, 0.0200, 0.0535
(56, 79): 0.5638, 0.0200, 0.0529
(56, 80): 0.5716, 0.0200, 0.0521
(56, 81): 0.7619, 0.0200, 0.0523
(56, 82): 0.5678, 0.0200, 0.0511
(56, 83): 0.5510, 0.0200, 0.0521
(56, 84): 0.5693, 0.0200, 0.0512
(56, 85): 0.5664, 0.0200, 0.0515
(56, 86): 0.5698, 0.0200, 0.0518
(56, 87): 0.5607, 0.0200, 0.0523
(56, 88): 0.5469, 0.0200, 0.0536
(56, 89): 0.5254, 0.0200, 0.0551
(56, 90): 0.5211, 0.0200, 0.0554
(56, 91): 0.5154, 0.0200, 0.0557
(56, 92): 0.5209, 0.0200, 0.0550
(56, 93): 0.5052, 0.0200, 0.0554
(56, 94): 0.5085, 0.0200, 0.0547
(56, 95): 0.5131, 0.0200, 0.0540
(56, 96): 0.5098, 0.0200, 0.0543
(56, 97): 0.5138, 0.0200, 0.0541
(56, 98): 0.5243, 0.0200, 0.0538
(56, 99): 0.5108, 0.0200, 0.0548
(56, 100): 0.5110, 0.0200, 0.0545
(56, 101): 0.5240, 0.0200, 0.0534
(56, 102): 0.5158, 0.0200, 0.0543
(56, 103): 0.5094, 0.0200, 0.0532
(56, 104): 0.5047, 0.0200, 0.0525
(56, 105): 0.5203, 0.0200, 0.0506
