(57, 37): 0.5418, 0.0200, 0.0558
(57, 38): 0.5476, 0.0200, 0.0548
(57, 39): 0.3142, 0.0200, 0.0614
(57, 40): 0.5420, 0.0200, 0.0564
(57, 41): 0.5342, 0.0200, 0.0571
(57, 42): 0.5433, 0.0200, 0.0564
(57, 43): 0.5518, 0.0200, 0.0566
(57, 44): 0.5490, 0.0200, 0.0570
(57, 45): 0.5637, 0.0200, 0.0562
(57, 46): 0.5743, 0.0200, 0.0551
(57, 47): 0.5738, 0.0200, 0.0545
(57, 48): 0.5600, 0.0200, 0.0554
(57, 49): 0.5530, 0.0200, 0.0563
(57, 59): 0.5649, 0.0200, 0.0509
(57, 60): 0.5656, 0.0200, 0.0506
(57, 61): 0.5957, 0.0200, 0.0482
(57, 62): 0.5818, 0.0200, 0.0495
(57, 63): 0.4090, 0.0200, 0.0496
(57, 64): 0.5624, 0.0200, 0.0515
(57, 65): 0.5855, 0.0200, 0.0509
(57, 66): 0.6591, 0.0200, 0.0441
(57, 67): 0.6334, 0.0200, 0.0473
(57, 68): 0.5778, 0.0200, 0.0519
(57, 69): 0.5882, 0.0200, 0.0510
(57, 70): 0.5954, 0.0200, 0.0511
(57, 71): 0.8726, 0.0200, 0.0468
(57, 72): 0.5834, 0.0200, 0.0524
(57, 73): 0.5757, 0.0200, 0.0530
(57, 74): 0.5614, 0.0200, 0.0537
(57, 75): 0.5712, 0.0200, 0.0533
(57, 76): 0.5672, 0.0200, 0.0537
(57, 77): 0.5602, 0.0200, 0.0540
(57, 78): 0.5576, 0.0200, 0.0536
(57, 79): 0.6649, 0.0200, 0.0509
(57, 80): 0.5492, 0.0200, 0.0531
(57, 81): 0.5615, 0.0200, 0.0517
(57, 82): 0.5752, 0.0200, 0.0509
(57, 83): 0.5719, 0.0200, 0.0515
(57, 84): 0.5722, 0.0200, 0.0510
(57, 85): 0.5734, 0.0200, 0.0513
(57, 86): 0.5623, 0.0200, 0.0518
(57, 87): 0.5429, 0.0200, 0.0540
(57, 88): 0.5423, 0.0200, 0.0542
(57, 89): 0.5146, 0.0200, 0.0564
(57, 90): 0.5014, 0.0200, 0.0567
(57, 91): 0.4723, 0.0200, 0.0569
(57, 92): 0.5166, 0.0200, 0.0552
(57, 93): 0.5157, 0.0200, 0.0548
(57, 94): 0.4951, 0.0200, 0.0556
(57, 95): 0.5032, 0.0200, 0.0533
(57, 96): 0.5046, 0.0200, 0.0555
(57, 97): 0.5042, 0.0200, 0.0558
(57, 98): 0.5056, 0.0200, 0.0556
(57, 99): 0.4827, 0.0200, 0.0570
(57, 100): 0.5058, 0.0200, 0.0559
(57, 101): 0.5327, 0.0200, 0.0540
(57, 102): 0.5108, 0.0200, 0.0547
(57, 103): 0.5270, 0.0200, 0.0533
(57, 104): 0.5263, 0.0200, 0.0529
(57, 105): 0.5148, 0.0200, 0.0529
(57, 106): 0.5454, 0.0200, 0.0512
(58, 36): 0.5508, 0.0200, 0.0551
(58, 37): 0.5345, 0.0200, 0.0559
(58, 38): 0.5527, 0.0200, 0.0549
(58, 39): 0.5419, 0.0200, 0.0560
(58, 40): 0.5208, 0.0200, 0.0574
(58, 41): 0.5727, 0.0200, 0.0528
(58, 42): 0.5513, 0.0200, 0.0566
(58, 43): 0.5401, 0.0200, 0.0573
(58, 44): 0.5800, 0.0200, 0.0542
(58, 45): 0.5930, 0.0200, 0.0533
(58, 46): 0.6721, 0.0200, 0.0470
(58, 47): 0.8611, 0.0200, 0.0342
(58, 48): 0.5698, 0.0200, 0.0548
(58, 49): 0.5619, 0.0200, 0.0552
(58, 58): 0.5550, 0.0200, 0.0527
(58, 59): 0.5492, 0.0200, 0.0524
(58, 60): 0.5945, 0.0200, 0.0491
(58, 61): 0.5970, 0.0200, 0.0484
(58, 62): 0.5952, 0.0200, 0.0492
(58, 63): 0.5934, 0.0200, 0.0501
(58, 64): 0.5840, 0.0200, 0.0510
(58, 65): 0.5904, 0.0200, 0.0508
(58, 66): 0.6652, 0.0200, 0.0469
(58, 67): 0.5958, 0.0200, 0.0504
(58, 68): 0.5762, 0.0200, 0.0522
(58, 69): 0.5779, 0.0200, 0.0520
(58, 70): 0.5945, 0.0200, 0.0509
(58, 71): 0.5839, 0.0200, 0.0525
(58, 72): 0.5784, 0.0200, 0.0534
(58, 73): 0.5727, 0.0200, 0.0539
(58, 74): 0.5027, 0.0200, 0.0574
(58, 75): 0.5794, 0.0200, 0.0529
(58, 76): 0.5819, 0.0200, 0.0523
(58, 77): 0.5472, 0.0200, 0.0544
(58, 78): 0.5405, 0.0200, 0.0548
(58, 79): 0.6113, 0.0200, 0.0525
(58, 80): 0.5443, 0.0200, 0.0534
(58, 81): 0.4498, 0.0200, 0.0494
(58, 82): 0.5641, 0.0200, 0.0515
(58, 83): 0.4394, 0.0200, 0.0512
(58, 84): 0.5903, 0.0200, 0.0495
(58, 85): 0.5581, 0.0200, 0.0521
(58, 86): 0.5374, 0.0200, 0.0538
(58, 87): 0.5304, 0.0200, 0.0551
(58, 88): 0.5134, 0.0200, 0.0559
(58, 89): 0.5056, 0.0200, 0.0572
(58, 90): 0.4231, 0.0200, 0.0611
(58, 91): 0.5087, 0.0200, 0.0561
(58, 92): 0.4263, 0.0200, 0.0614
(58, 93): 0.5106, 0.0200, 0.0559
(58, 94): 0.4910, 0.0200, 0.0572
(58, 95): 0.4849, 0.0200, 0.0575
(58, 96): 0.4963, 0.0200, 0.0571
(58, 97): 0.5171, 0.0200, 0.0560
(58, 98): 0.5155, 0.0200, 0.0565
(58, 99): 0.5229, 0.0200, 0.0560
(58, 100): 0.5071, 0.0200, 0.0568
(58, 101): 0.5196, 0.0200, 0.0558
(58, 102): 0.5242, 0.0200, 0.0559
(58, 103): 0.5275, 0.0200, 0.0547
(58, 104): 0.5274, 0.0200, 0.0544
(58, 105): 0.5248, 0.0200, 0.0537
(58, 106): 0.5392, 0.0200, 0.0517
(58, 107): 0.5607, 0.0200, 0.0497
(59, 36): 0.5513, 0.0200, 0.0542
(59, 37): 0.5670, 0.0200, 0.0535
(59, 38): 0.6038, 0.0200, 0.0512
(59, 39): 0.5544, 0.0200, 0.0553
(59, 40): 0.5271, 0.0200, 0.0568
(59, 41): 0.5635, 0.0200, 0.0543
(59, 42): 0.6274, 0.0200, 0.0460
(59, 43): 0.6069, 0.0200, 0.0525
(59, 44): 0.5587, 0.0200, 0.0564
(59, 45): 0.5498, 0.0200, 0.0560
(59, 46): 0.6536, 0.0200, 0.0477
(59, 47): 0.6174, 0.0200, 0.0510
(59, 48): 0.5617, 0.0200, 0.0564
(59, 49): 0.5579, 0.0200, 0.0562
(59, 51): 0.5463, 0.0200, 0.0567
(59, 57): 0.5682, 0.0200, 0.0534
(59, 58): 0.5749, 0.0200, 0.0525
(59, 59): 0.5717, 0.0200, 0.0523
(59, 60): 0.5868, 0.0200, 0.0507
(59, 61): 0.5928, 0.0200, 0.0504
(59, 62): 0.6226, 0.0200, 0.0486
(59, 63): 0.6113, 0.0200, 0.0497
(59, 64): 0.5932, 0.0200, 0.0506
(59, 65): 0.5983, 0.0200, 0.0503
(59, 66): 0.5752, 0.0200, 0.0519
(59, 67): 0.5981, 0.0200, 0.0506
(59, 68): 0.5844, 0.0200, 0.0523
(59, 69): 0.5793, 0.0200, 0.0526
(59, 71): 0.5786, 0.0200, 0.0533
(59, 72): 0.6009, 0.0200, 0.0526
(59, 73): 0.5599, 0.0200, 0.0510
(59, 74): 0.5700, 0.0200, 0.0544
(59, 75): 0.5543, 0.0200, 0.0546
(59, 76): 0.5572, 0.0200, 0.0534
(59, 77): 0.5484, 0.0200, 0.0533
(59, 78): 0.5329, 0.0200, 0.0555
(59, 79): 0.5458, 0.0200, 0.0538
(59, 80): 0.5480, 0.0200, 0.0530
(59, 81): 0.5661, 0.0200, 0.0518
(59, 82): 0.5687, 0.0200, 0.0512
(59, 83): 0.7247, 0.0200, 0.0459
(59, 84): 0.5641, 0.0200, 0.0511
(59, 85): 0.5456, 0.0200, 0.0534
(59, 86): 0.5325, 0.0200, 0.0544
(59, 87): 0.5287, 0.0200, 0.0552
(59, 88): 0.5212, 0.0200, 0.0557
(59, 89): 0.5180, 0.0200, 0.0562
(59, 90): 0.5142, 0.0200, 0.0571
(59, 91): 0.4958, 0.0200, 0.0576
(59, 92): 0.5176, 0.0200, 0.0568
(59, 93): 0.5042, 0.0200, 0.0572
(59, 94): 0.6242, 0.0200, 0.0530
(59, 95): 0.5041, 0.0200, 0.0586
(59, 96): 0.4902, 0.0200, 0.0588
(59, 97): 0.5143, 0.0200, 0.0572
(59, 98): 0.5157, 0.0200, 0.0575
(59, 99): 0.4765, 0.0200, 0.0619
(59, 100): 0.5119, 0.0200, 0.0585
(59, 101): 0.5053, 0.0200, 0.0583
(59, 102): 0.5059, 0.0200, 0.0575
(59, 103): 0.5170, 0.0200, 0.0558
(59, 104): 0.5330, 0.0200, 0.0543
(59, 105): 0.5235, 0.0200, 0.0540
(59, 106): 0.5304, 0.0200, 0.0526
(59, 107): 0.5327, 0.0200, 0.0511
(60, 36): 0.7223, 0.0200, 0.0501
(60, 37): 0.6369, 0.0200, 0.0471
(60, 38): 0.5703, 0.0200, 0.0546
(60, 39): 0.5593, 0.0200, 0.0558
(60, 40): 0.5880, 0.0200, 0.0516
(60, 41): 0.5759, 0.0200, 0.0541
(60, 42): 0.5845, 0.0200, 0.0549
(60, 43): 0.5892, 0.0200, 0.0537
(60, 44): 0.4945, 0.0200, 0.0573
(60, 45): 0.5602, 0.0200, 0.0572
(60, 46): 0.5869, 0.0200, 0.0535
(60, 47): 0.5543, 0.0200, 0.0570
(60, 48): 0.5533, 0.0200, 0.0572
(60, 49): 0.5430, 0.0200, 0.0574
(60, 56): 0.5607, 0.0200, 0.0553
(60, 57): 0.5733, 0.0200, 0.0541
(60, 58): 0.5745, 0.0200, 0.0539
(60, 59): 0.5187, 0.0200, 0.0552
(60, 60): 0.5313, 0.0200, 0.0515
(60, 61): 0.6039, 0.0200, 0.0502
(60, 62): 0.6222, 0.0200, 0.0492
(60, 63): 0.6054, 0.0200, 0.0505
(60, 64): 0.6171, 0.0200, 0.0485
(60, 65): 0.5969, 0.0200, 0.0505
(60, 66): 0.5861, 0.0200, 0.0517
(60, 67): 0.3564, 0.0200, 0.0565
(60, 70): 0.5686, 0.0200, 0.0536
(60, 71): 0.5557, 0.0200, 0.0548
(60, 72): 0.5811, 0.0200, 0.0534
(60, 73): 0.5854, 0.0200, 0.0533
(60, 74): 0.5646, 0.0200, 0.0547
(60, 75): 0.5613, 0.0200, 0.0543
(60, 76): 0.5377, 0.0200, 0.0547
(60, 77): 0.5390, 0.0200, 0.0543
(60, 78): 0.5344, 0.0200, 0.0549
(60, 79): 0.5523, 0.0200, 0.0535
(60, 80): 0.5441, 0.0200, 0.0543
(60, 81): 0.3405, 0.0200, 0.0649
(60, 82): 0.5537, 0.0200, 0.0523
(60, 83): 0.5513, 0.0200, 0.0523
(60, 84): 0.5424, 0.0200, 0.0525
(60, 85): 0.5500, 0.0199, 0.0542
(60, 86): 0.5194, 0.0200, 0.0557
(60, 87): 0.5447, 0.0200, 0.0544
(60, 88): 0.5428, 0.0200, 0.0550
(60, 89): 0.5261, 0.0200, 0.0566
(60, 90): 0.5215, 0.0200, 0.0573
(60, 91): 0.5059, 0.0200, 0.0580
(60, 92): 0.4237, 0.0200, 0.0698
(60, 93): 0.5056, 0.0200, 0.0577
(60, 94): 0.4962, 0.0200, 0.0584
(60, 95): 0.4878, 0.0200, 0.0598
(60, 96): 0.5018, 0.0200, 0.0593
(60, 97): 0.5098, 0.0200, 0.0587
(60, 98): 0.5161, 0.0200, 0.0582
(60, 99): 0.5051, 0.0200, 0.0592
(60, 100): 0.5127, 0.0200, 0.0588
(60, 101): 0.5032, 0.0200, 0.0582
(60, 102): 0.4972, 0.0200, 0.0576
(60, 103): 0.5176, 0.0200, 0.0558
(60, 104): 0.5228, 0.0200, 0.0549
(60, 105): 0.5313, 0.0200, 0.0535
(60, 106): 0.5207, 0.0200, 0.0535
(61, 36): 0.5935, 0.0200, 0.0513
(61, 37): 0.6157, 0.0200, 0.0496
(61, 38): 0.6145, 0.0200, 0.0487
(61, 39): 0.5636, 0.0200, 0.0558
(61, 40): 0.5230, 0.0200, 0.0592
(61, 41): 0.6359, 0.0200, 0.0559
(61, 42): 0.5972, 0.0200, 0.0517
(61, 43): 0.2626, 0.0200, 0.0780
(61, 44): 0.5577, 0.0200, 0.0559
(61, 45): 0.5460, 0.0200, 0.0574
(61, 46): 0.4056, 0.0200, 0.0662
(61, 47): 0.6431, 0.0200, 0.0532
(61, 48): 0.5527, 0.0200, 0.0564
(61, 49): 0.5545, 0.0200, 0.0568
(61, 50): 0.5426, 0.0200, 0.0576
(61, 54): 0.5614, 0.0200, 0.0557
(61, 55): 0.5586, 0.0200, 0.0559
(61, 56): 0.5627, 0.0200, 0.0557
(61, 57): 0.5655, 0.0200, 0.0558
(61, 58): 0.7530, 0.0200, 0.0579
(61, 59): 0.5978, 0.0200, 0.0523
(61, 60): 0.6045, 0.0200, 0.0511
(61, 61): 0.6084, 0.0200, 0.0505
(61, 62): 0.5986, 0.0200, 0.0507
(61, 63): 0.4862, 0.0200, 0.0566
(61, 64): 0.6363, 0.0200, 0.0469
(61, 65): 0.5865, 0.0200, 0.0513
(61, 66): 0.5733, 0.0200, 0.0524
(61, 69): 0.5028, 0.0200, 0.0551
(61, 70): 0.5630, 0.0200, 0.0539
(61, 71): 0.5579, 0.0200, 0.0550
(61, 72): 0.5611, 0.0200, 0.0546
(61, 73): 0.5624, 0.0200, 0.0546
(61, 74): 0.4157, 0.0200, 0.0629
(61, 75): 0.5477, 0.0200, 0.0551
(61, 76): 0.5332, 0.0200, 0.0549
(61, 77): 0.5435, 0.0200, 0.0541
(61, 78): 0.5591, 0.0200, 0.0526
(61, 79): 0.5448, 0.0200, 0.0539
(61, 80): 0.5352, 0.0200, 0.0537
(61, 81): 0.5330, 0.0200, 0.0535
(61, 82): 0.5274, 0.0200, 0.0532
(61, 83): 0.5280, 0.0200, 0.0533
(61, 84): 0.5377, 0.0200, 0.0528
(61, 85): 0.5540, 0.0200, 0.0526
(61, 86): 0.4459, 0.0200, 0.0576
(61, 87): 0.5427, 0.0200, 0.0548
(61, 88): 0.5412, 0.0200, 0.0557
(61, 89): 0.5314, 0.0200, 0.0569
(61, 90): 0.5222, 0.0200, 0.0573
(61, 91): 0.4976, 0.0200, 0.0587
(61, 92): 0.4857, 0.0200, 0.0592
(61, 93): 0.4998, 0.0200, 0.0584
(61, 94): 0.5149, 0.0200, 0.0585
(61, 95): 0.5161, 0.0200, 0.0590
