(90, 24): 0.4834, 0.0200, 0.0603
(90, 25): 0.4720, 0.0200, 0.0609
(90, 26): 0.5075, 0.0200, 0.0580
(90, 27): 0.4759, 0.0200, 0.0756
(90, 28): 0.4179, 0.0200, 0.0646
(90, 29): 0.4070, 0.0200, 0.0634
(90, 30): 0.4094, 0.0200, 0.0631
(90, 31): 0.4707, 0.0200, 0.0570
(90, 32): 0.5009, 0.0200, 0.0556
(90, 33): 0.3283, 0.0200, 0.0679
(90, 34): 0.4973, 0.0200, 0.0599
(90, 35): 0.5083, 0.0200, 0.0606
(90, 36): 0.5332, 0.0200, 0.0589
(90, 37): 0.5387, 0.0200, 0.0590
(90, 38): 0.5604, 0.0200, 0.0557
(90, 39): 0.5805, 0.0200, 0.0519
(90, 40): 0.4743, 0.0200, 0.0606
(90, 41): 0.6691, 0.0200, 0.0491
(90, 42): 0.5199, 0.0200, 0.0579
(90, 43): 0.5454, 0.0200, 0.0563
(90, 44): 0.4088, 0.0200, 0.0626
(90, 45): 0.5243, 0.0200, 0.0576
(90, 46): 0.5268, 0.0200, 0.0573
(90, 47): 0.5257, 0.0200, 0.0579
(90, 48): 0.5193, 0.0200, 0.0583
(90, 49): 0.5293, 0.0200, 0.0573
(90, 50): 0.5175, 0.0200, 0.0590
(90, 51): 0.5044, 0.0200, 0.0593
(90, 52): 0.5176, 0.0200, 0.0578
(90, 53): 0.5226, 0.0200, 0.0578
(90, 54): 0.5227, 0.0200, 0.0568
(90, 55): 0.4889, 0.0200, 0.0576
(90, 56): 0.5036, 0.0200, 0.0575
(90, 57): 0.5036, 0.0200, 0.0573
(90, 58): 0.5135, 0.0200, 0.0562
(90, 59): 0.5203, 0.0200, 0.0558
(90, 60): 0.5130, 0.0200, 0.0563
(90, 61): 0.5117, 0.0200, 0.0569
(90, 62): 0.4351, 0.0200, 0.0709
(90, 63): 0.5291, 0.0200, 0.0558
(90, 64): 0.5233, 0.0200, 0.0563
(90, 65): 0.5086, 0.0200, 0.0564
(90, 66): 0.5219, 0.0200, 0.0553
(90, 67): 0.5205, 0.0200, 0.0555
(90, 68): 0.5317, 0.0200, 0.0549
(90, 69): 0.5265, 0.0200, 0.0552
(90, 70): 0.5284, 0.0200, 0.0553
(90, 71): 0.5323, 0.0200, 0.0555
(90, 72): 0.5238, 0.0200, 0.0569
(90, 73): 0.5182, 0.0200, 0.0567
(90, 74): 0.5274, 0.0200, 0.0562
(90, 75): 0.5283, 0.0200, 0.0563
(90, 76): 0.5218, 0.0200, 0.0571
(90, 77): 0.5290, 0.0200, 0.0562
(90, 78): 0.5411, 0.0200, 0.0555
(91, 20): 0.4209, 0.0200, 0.0635
(91, 21): 0.4472, 0.0200, 0.0635
(91, 22): 0.5017, 0.0200, 0.0594
(91, 26): 0.4116, 0.0200, 0.0642
(91, 27): 0.4110, 0.0200, 0.0631
(91, 28): 0.4110, 0.0200, 0.0618
(91, 29): 0.4096, 0.0200, 0.0623
(91, 30): 0.4327, 0.0200, 0.0653
(91, 31): 0.4571, 0.0200, 0.0600
(91, 32): 0.5786, 0.0200, 0.0493
(91, 33): 0.4719, 0.0200, 0.0601
(91, 34): 0.4891, 0.0200, 0.0616
(91, 35): 0.4957, 0.0200, 0.0620
(91, 36): 0.5198, 0.0200, 0.0601
(91, 37): 0.5206, 0.0200, 0.0603
(91, 38): 0.4360, 0.0200, 0.0593
(91, 39): 0.4795, 0.0200, 0.0611
(91, 40): 0.4874, 0.0200, 0.0596
(91, 41): 0.8055, 0.0200, 0.0360
(91, 42): 0.7124, 0.0200, 0.0416
(91, 43): 0.5982, 0.0200, 0.0503
(91, 44): 0.5278, 0.0200, 0.0579
(91, 45): 1.1563, 0.0200, 0.0465
(91, 46): 0.5210, 0.0200, 0.0577
(91, 47): 0.5784, 0.0200, 0.0574
(91, 48): 0.4619, 0.0200, 0.0548
(91, 49): 0.5421, 0.0200, 0.0560
(91, 50): 0.5132, 0.0200, 0.0590
(91, 51): 0.5056, 0.0200, 0.0598
(91, 52): 0.5075, 0.0200, 0.0589
(91, 53): 0.5141, 0.0200, 0.0583
(91, 54): 0.5223, 0.0200, 0.0566
(91, 55): 0.5159, 0.0200, 0.0570
(91, 56): 0.3075, 0.0200, 0.0590
(91, 57): 0.5144, 0.0200, 0.0568
(91, 58): 0.5199, 0.0200, 0.0561
(91, 59): 0.5295, 0.0200, 0.0561
(91, 60): 0.5135, 0.0200, 0.0570
(91, 61): 0.5238, 0.0200, 0.0568
(91, 62): 0.5152, 0.0200, 0.0574
(91, 63): 0.5307, 0.0200, 0.0555
(91, 64): 0.5759, 0.0200, 0.0531
(91, 65): 0.5051, 0.0200, 0.0543
(91, 66): 0.5244, 0.0200, 0.0549
(91, 67): 0.5126, 0.0200, 0.0563
(91, 68): 0.5258, 0.0200, 0.0551
(91, 69): 0.5324, 0.0200, 0.0561
(91, 70): 0.5327, 0.0200, 0.0560
(91, 71): 0.5332, 0.0200, 0.0562
(91, 72): 0.5327, 0.0200, 0.0553
(91, 73): 0.5150, 0.0200, 0.0570
(91, 74): 0.5215, 0.0200, 0.0567
(91, 75): 0.5165, 0.0200, 0.0568
(91, 76): 0.5260, 0.0200, 0.0562
(91, 77): 0.5379, 0.0200, 0.0557
(91, 78): 0.5291, 0.0200, 0.0562
(91, 79): 0.5376, 0.0200, 0.0553
(91, 80): 0.3440, 0.0200, 0.0715
(92, 18): 0.4203, 0.0200, 0.0647
(92, 19): 0.4479, 0.0200, 0.0637
(92, 20): 0.4869, 0.0200, 0.0610
(92, 21): 0.5142, 0.0200, 0.0594
(92, 22): 0.6759, 0.0200, 0.0576
(92, 23): 0.4613, 0.0200, 0.0633
(92, 24): 0.4155, 0.0200, 0.0647
(92, 28): 0.4166, 0.0200, 0.0621
(92, 29): 0.4443, 0.0200, 0.0608
(92, 30): 0.5058, 0.0200, 0.0601
(92, 31): 0.8708, 0.0200, 0.0496
(92, 32): 0.4929, 0.0200, 0.0602
(92, 33): 0.4847, 0.0200, 0.0620
(92, 34): 0.4947, 0.0200, 0.0618
(92, 35): 0.5005, 0.0200, 0.0619
(92, 36): 0.5183, 0.0200, 0.0604
(92, 37): 0.5147, 0.0200, 0.0593
(92, 38): 0.4753, 0.0200, 0.0601
(92, 39): 0.4644, 0.0200, 0.0605
(92, 40): 0.4764, 0.0200, 0.0597
(92, 41): 0.6453, 0.0200, 0.0458
(92, 42): 0.5262, 0.0200, 0.0562
(92, 43): 0.5601, 0.0200, 0.0528
(92, 44): 0.5361, 0.0200, 0.0562
(92, 45): 0.6711, 0.0200, 0.0447
(92, 46): 0.5169, 0.0200, 0.0578
(92, 47): 0.5097, 0.0200, 0.0585
(92, 48): 0.5196, 0.0200, 0.0445
(92, 49): 0.4843, 0.0200, 0.0608
(92, 50): 0.5308, 0.0200, 0.0576
(92, 51): 0.5343, 0.0200, 0.0573
(92, 52): 0.5015, 0.0200, 0.0588
(92, 53): 0.5244, 0.0200, 0.0569
(92, 54): 0.5196, 0.0200, 0.0564
(92, 55): 0.5107, 0.0200, 0.0566
(92, 56): 0.5083, 0.0200, 0.0574
(92, 57): 0.5148, 0.0200, 0.0570
(92, 58): 0.5293, 0.0200, 0.0558
(92, 59): 0.5324, 0.0200, 0.0559
(92, 60): 0.5291, 0.0200, 0.0562
(92, 61): 0.5413, 0.0200, 0.0550
(92, 62): 0.5159, 0.0200, 0.0565
(92, 63): 0.5365, 0.0200, 0.0546
(92, 64): 0.5314, 0.0200, 0.0553
(92, 65): 0.5399, 0.0200, 0.0549
(92, 66): 0.5263, 0.0200, 0.0556
(92, 67): 0.5305, 0.0200, 0.0554
(92, 68): 0.5140, 0.0200, 0.0576
(92, 69): 0.5198, 0.0200, 0.0571
(92, 70): 0.5198, 0.0200, 0.0578
(92, 71): 0.5248, 0.0200, 0.0565
(92, 72): 0.5081, 0.0200, 0.0579
(92, 73): 0.5032, 0.0200, 0.0583
(92, 74): 0.5173, 0.0200, 0.0567
(92, 75): 0.5289, 0.0200, 0.0558
(92, 76): 0.5273, 0.0200, 0.0561
(92, 77): 0.5342, 0.0200, 0.0556
(92, 78): 0.5437, 0.0200, 0.0551
(92, 79): 0.5484, 0.0200, 0.0546
(92, 80): 0.5388, 0.0200, 0.0563
(93, 18): 0.4915, 0.0200, 0.0604
(93, 23): 0.4190, 0.0200, 0.0651
(93, 24): 0.4080, 0.0200, 0.0632
(93, 25): 0.4084, 0.0200, 0.0629
(93, 26): 0.4097, 0.0200, 0.0631
(93, 29): 0.5058, 0.0200, 0.0572
(93, 30): 0.5077, 0.0200, 0.0581
(93, 31): 0.4991, 0.0200, 0.0598
(93, 32): 0.4984, 0.0200, 0.0590
(93, 33): 0.4801, 0.0200, 0.0623
(93, 34): 0.5095, 0.0200, 0.0612
(93, 35): 0.4931, 0.0200, 0.0616
(93, 36): 0.5085, 0.0200, 0.0599
(93, 37): 0.5199, 0.0200, 0.0581
(93, 38): 0.5087, 0.0200, 0.0572
(93, 39): 0.4580, 0.0200, 0.0605
(93, 40): 0.4220, 0.0200, 0.0637
(93, 41): 0.7215, 0.0200, 0.0397
(93, 42): 0.5524, 0.0200, 0.0531
(93, 43): 0.5529, 0.0200, 0.0533
(93, 44): 0.5370, 0.0200, 0.0558
(93, 45): 0.5470, 0.0200, 0.0553
(93, 46): 0.8328, 0.0200, 0.0570
(93, 47): 0.5219, 0.0200, 0.0577
(93, 48): 0.5276, 0.0200, 0.0577
(93, 49): 0.5281, 0.0200, 0.0579
(93, 50): 0.5118, 0.0200, 0.0592
(93, 51): 0.5248, 0.0200, 0.0577
(93, 52): 0.4882, 0.0200, 0.0585
(93, 53): 0.5187, 0.0200, 0.0566
(93, 54): 0.5266, 0.0200, 0.0556
(93, 55): 0.5685, 0.0200, 0.0493
(93, 56): 0.5530, 0.0200, 0.0559
(93, 57): 0.5407, 0.0200, 0.0551
(93, 58): 0.6712, 0.0200, 0.0497
(93, 59): 0.5329, 0.0200, 0.0543
(93, 60): 0.5386, 0.0200, 0.0547
(93, 61): 0.5332, 0.0200, 0.0551
(93, 62): 0.5318, 0.0200, 0.0552
(93, 63): 0.5245, 0.0200, 0.0557
(93, 64): 0.5255, 0.0200, 0.0557
(93, 65): 0.5324, 0.0200, 0.0553
(93, 66): 0.5266, 0.0200, 0.0557
(93, 67): 0.5385, 0.0200, 0.0531
(93, 68): 0.5305, 0.0200, 0.0568
(93, 69): 0.5065, 0.0200, 0.0582
(93, 70): 0.5170, 0.0200, 0.0569
(93, 71): 0.5082, 0.0200, 0.0578
(93, 72): 0.4276, 0.0200, 0.0568
(93, 73): 0.5084, 0.0200, 0.0578
(93, 74): 0.5137, 0.0200, 0.0570
(93, 75): 0.5308, 0.0200, 0.0564
(93, 76): 0.5306, 0.0200, 0.0559
(93, 77): 0.5434, 0.0200, 0.0546
(93, 78): 0.5546, 0.0200, 0.0543
(93, 79): 0.5239, 0.0200, 0.0570
(93, 80): 0.5241, 0.0200, 0.0567
(94, 24): 0.4057, 0.0200, 0.0624
(94, 25): 0.4045, 0.0200, 0.0636
(94, 26): 0.4275, 0.0200, 0.0623
(94, 27): 0.3280, 0.0200, 0.0635
(94, 28): 0.5013, 0.0200, 0.0577
(94, 32): 0.5057, 0.0200, 0.0602
(94, 33): 0.4830, 0.0200, 0.0626
(94, 34): 0.4897, 0.0200, 0.0616
(94, 35): 0.4881, 0.0200, 0.0608
(94, 36): 0.7113, 0.0200, 0.0525
(94, 37): 0.5254, 0.0200, 0.0570
(94, 38): 0.5048, 0.0200, 0.0581
(94, 39): 0.4767, 0.0200, 0.0595
(94, 40): 0.5014, 0.0200, 0.0549
(94, 41): 0.5461, 0.0200, 0.0531
(94, 42): 0.5457, 0.0200, 0.0532
(94, 43): 0.5446, 0.0200, 0.0542
(94, 44): 0.5345, 0.0200, 0.0563
(94, 45): 0.5689, 0.0200, 0.0536
(94, 46): 0.5545, 0.0200, 0.0558
(94, 47): 0.5050, 0.0200, 0.0632
(94, 48): 0.5460, 0.0200, 0.0566
(94, 49): 0.5237, 0.0200, 0.0576
(94, 50): 0.5045, 0.0200, 0.0573
(94, 51): 0.5303, 0.0200, 0.0555
(94, 52): 0.5034, 0.0200, 0.0569
(94, 53): 0.5190, 0.0200, 0.0557
(94, 54): 0.5241, 0.0200, 0.0548
(94, 55): 0.5463, 0.0200, 0.0545
(94, 56): 0.5932, 0.0200, 0.0515
(94, 57): 0.5410, 0.0200, 0.0551
(94, 58): 0.5318, 0.0200, 0.0557
(94, 59): 0.7356, 0.0200, 0.0499
(94, 60): 0.5339, 0.0200, 0.0548
(94, 61): 0.5316, 0.0200, 0.0543
(94, 62): 0.3348, 0.0200, 0.0702
(94, 63): 0.5278, 0.0200, 0.0558
(94, 64): 0.5423, 0.0200, 0.0551
(94, 65): 0.5621, 0.0200, 0.0542
(94, 66): 0.5315, 0.0200, 0.0561
(94, 67): 0.5189, 0.0200, 0.0577
(94, 68): 0.5062, 0.0200, 0.0574
(94, 69): 0.4973, 0.0200, 0.0577
(94, 70): 0.5018, 0.0200, 0.0575
