(80, 66): 0.4869, 0.0200, 0.0585
(80, 67): 0.5063, 0.0200, 0.0576
(80, 68): 0.5077, 0.0200, 0.0575
(80, 69): 0.5222, 0.0200, 0.0574
(80, 70): 0.3771, 0.0200, 0.0584
(80, 71): 0.5278, 0.0200, 0.0586
(80, 72): 0.5545, 0.0200, 0.0575
(80, 73): 0.5803, 0.0200, 0.0560
(80, 74): 0.5022, 0.0200, 0.0604
(80, 75): 0.5020, 0.0200, 0.0600
(80, 76): 0.5030, 0.0200, 0.0601
(80, 77): 0.4938, 0.0200, 0.0598
(80, 78): 0.4942, 0.0200, 0.0596
(80, 79): 0.2928, 0.0200, 0.0662
(80, 80): 0.5091, 0.0200, 0.0576
(80, 81): 0.5126, 0.0200, 0.0577
(80, 82): 0.4985, 0.0200, 0.0588
(80, 83): 0.4972, 0.0200, 0.0593
(80, 84): 0.5273, 0.0200, 0.0575
(80, 85): 0.5173, 0.0200, 0.0582
(80, 86): 0.5078, 0.0200, 0.0587
(80, 87): 0.5263, 0.0200, 0.0577
(80, 88): 0.5254, 0.0200, 0.0581
(80, 89): 0.5215, 0.0200, 0.0577
(80, 90): 0.5187, 0.0200, 0.0579
(80, 91): 0.5151, 0.0200, 0.0591
(80, 92): 0.5026, 0.0200, 0.0601
(80, 93): 0.4832, 0.0200, 0.0624
(80, 94): 0.4626, 0.0200, 0.0654
(80, 95): 0.4704, 0.0200, 0.0649
(80, 96): 0.4611, 0.0200, 0.0667
(80, 97): 0.5766, 0.0200, 0.0616
(80, 99): 0.4713, 0.0200, 0.0661
(80, 100): 0.4852, 0.0200, 0.0660
(81, 26): 0.5335, 0.0200, 0.0584
(81, 27): 0.5413, 0.0200, 0.0578
(81, 28): 0.5268, 0.0200, 0.0595
(81, 29): 0.5225, 0.0200, 0.0602
(81, 30): 0.5203, 0.0200, 0.0615
(81, 31): 0.5318, 0.0200, 0.0600
(81, 32): 0.5266, 0.0200, 0.0607
(81, 33): 0.4300, 0.0200, 0.0638
(81, 34): 0.5162, 0.0200, 0.0620
(81, 35): 0.6258, 0.0200, 0.0500
(81, 36): 0.4853, 0.0200, 0.0573
(81, 37): 0.5558, 0.0200, 0.0591
(81, 38): 0.5516, 0.0200, 0.0594
(81, 39): 0.5314, 0.0200, 0.0604
(81, 40): 0.4622, 0.0200, 0.0672
(81, 41): 0.5368, 0.0200, 0.0609
(81, 42): 0.5175, 0.0200, 0.0610
(81, 43): 0.5205, 0.0200, 0.0605
(81, 44): 0.5212, 0.0200, 0.0584
(81, 45): 0.4941, 0.0200, 0.0599
(81, 46): 0.5223, 0.0200, 0.0578
(81, 47): 0.5505, 0.0200, 0.0554
(81, 48): 0.5489, 0.0200, 0.0557
(81, 49): 0.4156, 0.0200, 0.0628
(81, 50): 0.5558, 0.0200, 0.0547
(81, 51): 0.5220, 0.0200, 0.0626
(81, 52): 0.4884, 0.0200, 0.0616
(81, 53): 0.4831, 0.0200, 0.0632
(81, 54): 0.4783, 0.0200, 0.0627
(81, 55): 0.4707, 0.0200, 0.0634
(81, 56): 0.3966, 0.0200, 0.0678
(81, 57): 0.4841, 0.0200, 0.0632
(81, 58): 0.5401, 0.0200, 0.0564
(81, 59): 0.5299, 0.0200, 0.0572
(81, 60): 0.4073, 0.0200, 0.0605
(81, 61): 0.5342, 0.0200, 0.0562
(81, 62): 0.5349, 0.0200, 0.0563
(81, 63): 0.5294, 0.0200, 0.0558
(81, 64): 0.5031, 0.0200, 0.0569
(81, 65): 0.4905, 0.0200, 0.0570
(81, 66): 0.5083, 0.0200, 0.0560
(81, 67): 0.5240, 0.0200, 0.0554
(81, 68): 0.5199, 0.0200, 0.0568
(81, 69): 0.5377, 0.0200, 0.0560
(81, 70): 0.2962, 0.0200, 0.0602
(81, 71): 0.5397, 0.0200, 0.0566
(81, 72): 0.5178, 0.0200, 0.0582
(81, 73): 0.5147, 0.0200, 0.0587
(81, 74): 0.5543, 0.0200, 0.0574
(81, 75): 0.5038, 0.0200, 0.0590
(81, 76): 0.5885, 0.0200, 0.0560
(81, 77): 0.5052, 0.0200, 0.0594
(81, 78): 0.5140, 0.0200, 0.0586
(81, 79): 0.5101, 0.0200, 0.0585
(81, 80): 0.5178, 0.0200, 0.0577
(81, 81): 0.5114, 0.0200, 0.0582
(81, 82): 0.4079, 0.0200, 0.0595
(81, 83): 0.5114, 0.0200, 0.0585
(81, 84): 0.5290, 0.0200, 0.0579
(81, 85): 0.4506, 0.0200, 0.0623
(81, 86): 0.5172, 0.0200, 0.0583
(81, 87): 0.5135, 0.0200, 0.0583
(81, 88): 0.5077, 0.0200, 0.0584
(81, 89): 0.5087, 0.0200, 0.0579
(81, 90): 0.5142, 0.0200, 0.0575
(81, 91): 0.5131, 0.0200, 0.0585
(81, 92): 0.3668, 0.0200, 0.0639
(81, 93): 0.4674, 0.0200, 0.0632
(81, 94): 0.4677, 0.0200, 0.0638
(81, 95): 0.4900, 0.0200, 0.0629
(82, 26): 0.5306, 0.0200, 0.0588
(82, 27): 0.5261, 0.0200, 0.0595
(82, 28): 0.5416, 0.0200, 0.0589
(82, 29): 0.5265, 0.0200, 0.0603
(82, 30): 0.5197, 0.0200, 0.0623
(82, 31): 0.5288, 0.0200, 0.0602
(82, 32): 0.5248, 0.0200, 0.0612
(82, 33): 0.5167, 0.0200, 0.0622
(82, 34): 0.6842, 0.0200, 0.0536
(82, 35): 0.4032, 0.0200, 0.0697
(82, 36): 0.5637, 0.0200, 0.0583
(82, 37): 0.5420, 0.0200, 0.0597
(82, 38): 0.5057, 0.0200, 0.0644
(82, 39): 0.4962, 0.0200, 0.0624
(82, 40): 0.4603, 0.0200, 0.0668
(82, 41): 0.5431, 0.0200, 0.0599
(82, 42): 0.5418, 0.0200, 0.0589
(82, 43): 0.5483, 0.0200, 0.0594
(82, 44): 0.5129, 0.0200, 0.0582
(82, 45): 0.4356, 0.0200, 0.0601
(82, 46): 0.5360, 0.0200, 0.0562
(82, 47): 0.5119, 0.0200, 0.0633
(82, 48): 0.5691, 0.0200, 0.0547
(82, 49): 0.5592, 0.0200, 0.0552
(82, 50): 0.5469, 0.0200, 0.0552
(82, 51): 0.4869, 0.0200, 0.0571
(82, 52): 0.5384, 0.0200, 0.0561
(82, 53): 0.5270, 0.0200, 0.0573
(82, 54): 0.5332, 0.0200, 0.0572
(82, 55): 0.5297, 0.0200, 0.0573
(82, 56): 0.6848, 0.0200, 0.0485
(82, 57): 0.4020, 0.0200, 0.0606
(82, 58): 0.2924, 0.0200, 0.0661
(82, 59): 0.5263, 0.0200, 0.0564
(82, 60): 0.5510, 0.0200, 0.0557
(82, 61): 0.5290, 0.0200, 0.0562
(82, 62): 0.5024, 0.0200, 0.0574
(82, 63): 0.5177, 0.0200, 0.0560
(82, 64): 0.5174, 0.0200, 0.0557
(82, 65): 0.5422, 0.0200, 0.0553
(82, 66): 0.5181, 0.0200, 0.0557
(82, 67): 0.3274, 0.0200, 0.0613
(82, 68): 0.5297, 0.0200, 0.0561
(82, 69): 0.5217, 0.0200, 0.0567
(82, 70): 0.5276, 0.0200, 0.0566
(82, 71): 0.5190, 0.0200, 0.0577
(82, 72): 0.5242, 0.0200, 0.0568
(82, 73): 0.5180, 0.0200, 0.0575
(82, 74): 0.5178, 0.0200, 0.0572
(82, 75): 0.5170, 0.0200, 0.0579
(82, 76): 0.5257, 0.0200, 0.0571
(82, 77): 0.5152, 0.0200, 0.0585
(82, 78): 0.5131, 0.0200, 0.0587
(82, 79): 0.5130, 0.0200, 0.0580
(82, 80): 0.5077, 0.0200, 0.0581
(82, 81): 0.4989, 0.0200, 0.0584
(82, 82): 0.4956, 0.0200, 0.0585
(82, 83): 0.4899, 0.0200, 0.0594
(82, 84): 0.4917, 0.0200, 0.0598
(82, 85): 0.5395, 0.0200, 0.0565
(82, 86): 0.5444, 0.0200, 0.0612
(82, 87): 0.5186, 0.0200, 0.0583
(82, 88): 0.5158, 0.0200, 0.0577
(82, 89): 0.5023, 0.0200, 0.0579
(82, 90): 0.6830, 0.0200, 0.0526
(82, 91): 0.5070, 0.0200, 0.0582
(82, 92): 0.4781, 0.0200, 0.0619
(82, 93): 0.4767, 0.0200, 0.0625
(82, 94): 0.4680, 0.0200, 0.0640
(83, 25): 0.5352, 0.0200, 0.0596
(83, 26): 0.5370, 0.0200, 0.0591
(83, 27): 0.5283, 0.0200, 0.0596
(83, 28): 0.4803, 0.0200, 0.0608
(83, 29): 0.5376, 0.0200, 0.0595
(83, 30): 0.5347, 0.0200, 0.0601
(83, 31): 0.5350, 0.0200, 0.0603
(83, 32): 0.5122, 0.0200, 0.0623
(83, 33): 0.5195, 0.0200, 0.0621
(83, 34): 0.5218, 0.0200, 0.0618
(83, 35): 0.5299, 0.0200, 0.0596
(83, 36): 0.4992, 0.0200, 0.0618
(83, 37): 0.4799, 0.0200, 0.0631
(83, 38): 0.5004, 0.0200, 0.0634
(83, 39): 0.4583, 0.0200, 0.0658
(83, 40): 0.4751, 0.0200, 0.0645
(83, 41): 0.5045, 0.0200, 0.0621
(83, 42): 0.4738, 0.0200, 0.0620
(83, 43): 0.5025, 0.0200, 0.0606
(83, 44): 0.5313, 0.0200, 0.0569
(83, 45): 0.5338, 0.0200, 0.0565
(83, 46): 0.5460, 0.0200, 0.0558
(83, 47): 0.5653, 0.0200, 0.0549
(83, 48): 0.5557, 0.0200, 0.0554
(83, 49): 0.7093, 0.0200, 0.0511
(83, 50): 0.5340, 0.0200, 0.0563
(83, 51): 0.5414, 0.0200, 0.0558
(83, 52): 0.5245, 0.0200, 0.0571
(83, 53): 0.5222, 0.0200, 0.0580
(83, 54): 0.5339, 0.0200, 0.0565
(83, 55): 0.5255, 0.0200, 0.0566
(83, 56): 0.3721, 0.0200, 0.0566
(83, 57): 0.4478, 0.0200, 0.0508
(83, 58): 0.5182, 0.0200, 0.0564
(83, 59): 0.5309, 0.0200, 0.0562
(83, 60): 0.5251, 0.0200, 0.0564
(83, 61): 0.5196, 0.0200, 0.0564
(83, 62): 0.5089, 0.0200, 0.0566
(83, 63): 0.5701, 0.0200, 0.0522
(83, 64): 0.5180, 0.0200, 0.0555
(83, 65): 0.5191, 0.0200, 0.0558
(83, 66): 0.5321, 0.0200, 0.0549
(83, 67): 0.5101, 0.0200, 0.0565
(83, 68): 0.5805, 0.0200, 0.0540
(83, 69): 0.5211, 0.0200, 0.0567
(83, 70): 0.5320, 0.0200, 0.0567
(83, 71): 0.5221, 0.0200, 0.0564
(83, 72): 0.5260, 0.0200, 0.0561
(83, 73): 0.5157, 0.0200, 0.0568
(83, 74): 0.5062, 0.0200, 0.0574
(83, 75): 0.5179, 0.0200, 0.0572
(83, 76): 0.5223, 0.0200, 0.0572
(83, 77): 0.5165, 0.0200, 0.0578
(83, 78): 0.5023, 0.0200, 0.0583
(83, 79): 0.4997, 0.0200, 0.0583
(83, 80): 0.4896, 0.0200, 0.0586
(83, 81): 0.4947, 0.0200, 0.0581
(83, 82): 0.4889, 0.0200, 0.0590
(83, 85): 0.5232, 0.0200, 0.0577
(83, 86): 0.5204, 0.0200, 0.0581
(83, 87): 0.5200, 0.0200, 0.0577
(83, 88): 0.3575, 0.0200, 0.0820
(83, 89): 0.5032, 0.0200, 0.0577
(83, 91): 0.3952, 0.0200, 0.0569
(83, 92): 0.5018, 0.0200, 0.0603
(83, 93): 0.4937, 0.0200, 0.0617
(84, 22): 0.5413, 0.0200, 0.0595
(84, 23): 0.5494, 0.0200, 0.0588
(84, 24): 0.5556, 0.0200, 0.0586
(84, 25): 0.5501, 0.0200, 0.0587
(84, 26): 0.5357, 0.0200, 0.0597
(84, 27): 0.5288, 0.0200, 0.0602
(84, 28): 0.5325, 0.0200, 0.0601
(84, 29): 0.5363, 0.0200, 0.0599
(84, 30): 0.5487, 0.0200, 0.0589
(84, 31): 0.5202, 0.0200, 0.0595
(84, 32): 0.4620, 0.0200, 0.0593
(84, 33): 0.4648, 0.0200, 0.0648
(84, 34): 0.5236, 0.0200, 0.0648
(84, 35): 0.4719, 0.0200, 0.0642
(84, 36): 0.4896, 0.0200, 0.0634
(84, 37): 0.5019, 0.0200, 0.0626
(84, 38): 0.5329, 0.0200, 0.0603
(84, 39): 0.4384, 0.0200, 0.0675
(84, 40): 0.4366, 0.0200, 0.0672
(84, 41): 0.4917, 0.0200, 0.0616
(84, 42): 0.4699, 0.0200, 0.0536
(84, 43): 0.5303, 0.0200, 0.0580
(84, 44): 0.5379, 0.0200, 0.0567
(84, 45): 0.5443, 0.0200, 0.0560
(84, 46): 0.5564, 0.0200, 0.0549
(84, 47): 0.5430, 0.0200, 0.0566
(84, 48): 0.5564, 0.0200, 0.0553
(84, 49): 0.5413, 0.0200, 0.0558
(84, 50): 0.5466, 0.0200, 0.0557
(84, 51): 0.5360, 0.0200, 0.0565
(84, 52): 0.5169, 0.0200, 0.0577
(84, 53): 0.5208, 0.0200, 0.0567
(84, 54): 0.5200, 0.0200, 0.0571
(84, 55): 0.5359, 0.0200, 0.0559
(84, 56): 0.5274, 0.0200, 0.0567
(84, 57): 0.5260, 0.0200, 0.0564
(84, 58): 0.5206, 0.0200, 0.0569
(84, 59): 0.5156, 0.0200, 0.0569
(84, 60): 0.5137, 0.0200, 0.0569
(84, 61): 0.5232, 0.0200, 0.0562
(84, 62): 0.5291, 0.0200, 0.0550
(84, 63): 0.5052, 0.0200, 0.0597
(84, 64): 0.5243, 0.0200, 0.0554
(84, 65): 0.5327, 0.0200, 0.0551
(84, 66): 0.5315, 0.0200, 0.0552
(84, 67): 0.5020, 0.0200, 0.0569
(84, 68): 0.5160, 0.0200, 0.0565
(84, 69): 0.5205, 0.0200, 0.0565
(84, 70): 0.5358, 0.0200, 0.0558
(84, 71): 0.5086, 0.0200, 0.0565
(84, 72): 0.5267, 0.0200, 0.0558
(84, 73): 0.5156, 0.0200, 0.0569
(84, 74): 0.5157, 0.0200, 0.0568
(84, 75): 0.5107, 0.0200, 0.0572
(84, 76): 0.4990, 0.0200, 0.0580
(84, 77): 0.5114, 0.0200, 0.0568
(84, 78): 0.4884, 0.0200, 0.0580
(84, 79): 0.4651, 0.0200, 0.0587
(84, 80): 0.4767, 0.0200, 0.0596
(84, 81): 0.5076, 0.0200, 0.0568
(84, 82): 0.5146, 0.0200, 0.0570
(84, 83): 0.5155, 0.0200, 0.0572
(84, 88): 0.5210, 0.0200, 0.0568
(84, 89): 0.4886, 0.0200, 0.0564
(84, 90): 0.5127, 0.0200, 0.0576
(85, 22): 0.5569, 0.0200, 0.0594
(85, 23): 0.5423, 0.0200, 0.0564
(85, 24): 0.5547, 0.0200, 0.0593
(85, 25): 0.5476, 0.0200, 0.0596
(85, 26): 0.5369, 0.0200, 0.0603
(85, 27): 0.5321, 0.0200, 0.0606
(85, 28): 0.5303, 0.0200, 0.0596
(85, 29): 0.5012, 0.0200, 0.0620
(85, 30): 0.4933, 0.0200, 0.0626
