(33, 86): 0.4271, 0.0200, 0.0644
(33, 87): 0.5332, 0.0200, 0.0549
(33, 88): 0.5183, 0.0200, 0.0561
(33, 89): 0.5414, 0.0200, 0.0556
(33, 90): 0.5268, 0.0200, 0.0573
(33, 91): 0.5253, 0.0200, 0.0578
(33, 92): 0.5223, 0.0200, 0.0573
(33, 93): 0.5254, 0.0200, 0.0579
(33, 94): 0.5388, 0.0200, 0.0572
(33, 95): 0.5151, 0.0200, 0.0587
(33, 96): 0.4912, 0.0200, 0.0602
(33, 97): 0.5049, 0.0200, 0.0594
(33, 98): 0.5058, 0.0200, 0.0598
(33, 99): 0.5278, 0.0200, 0.0585
(33, 100): 0.4955, 0.0200, 0.0613
(33, 101): 0.4892, 0.0200, 0.0611
(33, 102): 0.4853, 0.0200, 0.0609
(33, 103): 0.4827, 0.0200, 0.0605
(33, 104): 0.5017, 0.0200, 0.0578
(33, 105): 0.5015, 0.0200, 0.0567
(34, 38): 0.5321, 0.0200, 0.0564
(34, 39): 0.5301, 0.0200, 0.0566
(34, 40): 0.5266, 0.0200, 0.0563
(34, 57): 0.5759, 0.0200, 0.0487
(34, 58): 0.5797, 0.0200, 0.0492
(34, 59): 0.5589, 0.0200, 0.0512
(34, 60): 0.5584, 0.0200, 0.0512
(34, 61): 0.5542, 0.0200, 0.0519
(34, 62): 0.5583, 0.0200, 0.0518
(34, 63): 0.5757, 0.0200, 0.0510
(34, 64): 0.5710, 0.0200, 0.0511
(34, 65): 0.5698, 0.0200, 0.0511
(34, 66): 0.5520, 0.0200, 0.0520
(34, 67): 0.5723, 0.0200, 0.0510
(34, 68): 0.5745, 0.0200, 0.0509
(34, 69): 0.5911, 0.0200, 0.0504
(34, 70): 0.5768, 0.0200, 0.0515
(34, 71): 0.5730, 0.0200, 0.0521
(34, 72): 0.5905, 0.0200, 0.0510
(34, 73): 0.5886, 0.0200, 0.0513
(34, 74): 0.5785, 0.0200, 0.0514
(34, 75): 0.5730, 0.0200, 0.0515
(34, 76): 0.5633, 0.0200, 0.0515
(34, 77): 0.5667, 0.0200, 0.0514
(34, 78): 0.5891, 0.0200, 0.0505
(34, 79): 0.5989, 0.0200, 0.0504
(34, 80): 0.7725, 0.0200, 0.0491
(34, 81): 0.5631, 0.0200, 0.0531
(34, 82): 0.4762, 0.0200, 0.0627
(34, 83): 0.5818, 0.0200, 0.0525
(34, 84): 0.5548, 0.0200, 0.0542
(34, 85): 0.5400, 0.0200, 0.0547
(34, 86): 0.5216, 0.0200, 0.0550
(34, 87): 0.5186, 0.0200, 0.0559
(34, 88): 0.5131, 0.0200, 0.0567
(34, 89): 0.5544, 0.0200, 0.0547
(34, 90): 0.5557, 0.0200, 0.0549
(34, 91): 0.5330, 0.0200, 0.0569
(34, 92): 0.5338, 0.0200, 0.0569
(34, 93): 0.5238, 0.0200, 0.0577
(34, 94): 0.5244, 0.0200, 0.0576
(34, 95): 0.4495, 0.0200, 0.0745
(34, 96): 0.5112, 0.0200, 0.0586
(34, 97): 0.5130, 0.0200, 0.0589
(34, 98): 0.5160, 0.0200, 0.0587
(34, 99): 0.5161, 0.0200, 0.0592
(34, 100): 0.5051, 0.0200, 0.0602
(34, 101): 0.5044, 0.0200, 0.0600
(34, 102): 0.4823, 0.0200, 0.0608
(34, 103): 0.4751, 0.0200, 0.0606
(34, 104): 0.4743, 0.0200, 0.0604
(34, 105): 0.4974, 0.0200, 0.0575
(35, 38): 0.5317, 0.0200, 0.0560
(35, 39): 0.5266, 0.0200, 0.0565
(35, 58): 0.5464, 0.0200, 0.0519
(35, 59): 0.5426, 0.0200, 0.0532
(35, 60): 0.5597, 0.0200, 0.0518
(35, 61): 0.6924, 0.0200, 0.0511
(35, 62): 0.5766, 0.0200, 0.0507
(35, 63): 0.5673, 0.0200, 0.0517
(35, 64): 0.5540, 0.0200, 0.0519
(35, 65): 0.5795, 0.0200, 0.0506
(35, 66): 0.5486, 0.0200, 0.0519
(35, 67): 0.5641, 0.0200, 0.0520
(35, 68): 0.5852, 0.0200, 0.0514
(35, 69): 0.5772, 0.0200, 0.0515
(35, 70): 0.5818, 0.0200, 0.0513
(35, 71): 0.5888, 0.0200, 0.0512
(35, 72): 0.5954, 0.0200, 0.0511
(35, 73): 0.5829, 0.0200, 0.0511
(35, 74): 0.5911, 0.0200, 0.0505
(35, 75): 0.5715, 0.0200, 0.0513
(35, 76): 0.5616, 0.0200, 0.0510
(35, 77): 0.5862, 0.0200, 0.0502
(35, 78): 0.6493, 0.0200, 0.0487
(35, 79): 0.5881, 0.0200, 0.0506
(35, 80): 0.5890, 0.0200, 0.0504
(35, 81): 0.5284, 0.0200, 0.0528
(35, 82): 0.5652, 0.0200, 0.0527
(35, 83): 0.5538, 0.0200, 0.0539
(35, 84): 0.5234, 0.0200, 0.0556
(35, 85): 0.5854, 0.0200, 0.0512
(35, 86): 0.5554, 0.0200, 0.0530
(35, 87): 0.5396, 0.0200, 0.0545
(35, 88): 0.5467, 0.0200, 0.0546
(35, 89): 0.5488, 0.0200, 0.0549
(35, 90): 0.5672, 0.0199, 0.0527
(35, 91): 0.5325, 0.0200, 0.0566
(35, 92): 0.5292, 0.0200, 0.0569
(35, 93): 0.5674, 0.0200, 0.0524
(35, 94): 0.5338, 0.0200, 0.0571
(35, 95): 0.5464, 0.0200, 0.0565
(35, 96): 0.5253, 0.0200, 0.0583
(35, 97): 0.5287, 0.0200, 0.0580
(35, 98): 0.5402, 0.0200, 0.0570
(35, 99): 0.5220, 0.0200, 0.0587
(35, 100): 0.4994, 0.0200, 0.0603
(35, 101): 0.4925, 0.0200, 0.0609
(35, 102): 0.4841, 0.0200, 0.0611
(35, 103): 0.4985, 0.0200, 0.0591
(35, 104): 0.5056, 0.0200, 0.0581
(35, 105): 0.4823, 0.0200, 0.0586
(36, 58): 0.5495, 0.0200, 0.0509
(36, 59): 0.5671, 0.0200, 0.0511
(36, 60): 0.5766, 0.0200, 0.0501
(36, 61): 0.5811, 0.0200, 0.0498
(36, 62): 0.5465, 0.0200, 0.0524
(36, 63): 0.5385, 0.0200, 0.0526
(36, 64): 0.5418, 0.0200, 0.0525
(36, 65): 0.5636, 0.0200, 0.0508
(36, 66): 0.5704, 0.0200, 0.0511
(36, 67): 0.5598, 0.0200, 0.0518
(36, 68): 0.5831, 0.0200, 0.0509
(36, 69): 0.5755, 0.0200, 0.0514
(36, 70): 0.5171, 0.0200, 0.0547
(36, 71): 0.5850, 0.0200, 0.0507
(36, 72): 0.5670, 0.0200, 0.0517
(36, 73): 0.5675, 0.0200, 0.0514
(36, 74): 0.5791, 0.0200, 0.0508
(36, 75): 0.5803, 0.0200, 0.0506
(36, 76): 0.5813, 0.0200, 0.0505
(36, 77): 0.5701, 0.0200, 0.0510
(36, 78): 0.4367, 0.0200, 0.0557
(36, 79): 0.5669, 0.0200, 0.0512
(36, 80): 0.5664, 0.0200, 0.0571
(36, 81): 0.5665, 0.0200, 0.0515
(36, 82): 0.5519, 0.0200, 0.0529
(36, 83): 0.5506, 0.0200, 0.0535
(36, 84): 0.5550, 0.0200, 0.0537
(36, 85): 0.5854, 0.0200, 0.0512
(36, 86): 0.6434, 0.0198, 0.0483
(36, 87): 0.5539, 0.0200, 0.0538
(36, 88): 0.6082, 0.0200, 0.0528
(36, 89): 0.5391, 0.0200, 0.0552
(36, 90): 0.6563, 0.0200, 0.0461
(36, 91): 0.5390, 0.0200, 0.0555
(36, 92): 0.5340, 0.0200, 0.0559
(36, 93): 0.2853, 0.0200, 0.0693
(36, 94): 0.5522, 0.0200, 0.0561
(36, 95): 0.5398, 0.0200, 0.0565
(36, 96): 0.6315, 0.0200, 0.0527
(36, 97): 0.5273, 0.0200, 0.0578
(36, 98): 0.5278, 0.0200, 0.0578
(36, 99): 0.5365, 0.0200, 0.0585
(36, 100): 0.4973, 0.0200, 0.0600
(36, 101): 0.5045, 0.0200, 0.0603
(36, 102): 0.5285, 0.0200, 0.0588
(36, 103): 0.4862, 0.0200, 0.0602
(36, 104): 0.5700, 0.0200, 0.0560
(37, 39): 0.5451, 0.0200, 0.0551
(37, 58): 0.5639, 0.0200, 0.0497
(37, 59): 0.5612, 0.0200, 0.0509
(37, 60): 0.5658, 0.0200, 0.0505
(37, 61): 0.5478, 0.0200, 0.0509
(37, 62): 0.5377, 0.0200, 0.0523
(37, 63): 0.5509, 0.0200, 0.0515
(37, 64): 0.5664, 0.0200, 0.0507
(37, 65): 0.6168, 0.0200, 0.0488
(37, 66): 0.5711, 0.0200, 0.0510
(37, 67): 0.5713, 0.0200, 0.0509
(37, 68): 0.5694, 0.0200, 0.0514
(37, 69): 0.5835, 0.0200, 0.0510
(37, 70): 0.5804, 0.0200, 0.0506
(37, 71): 0.5787, 0.0200, 0.0509
(37, 72): 0.5616, 0.0200, 0.0517
(37, 73): 0.5765, 0.0200, 0.0510
(37, 74): 0.5769, 0.0200, 0.0510
(37, 75): 0.5141, 0.0200, 0.0530
(37, 76): 0.5905, 0.0200, 0.0496
(37, 77): 0.5884, 0.0200, 0.0496
(37, 78): 0.5822, 0.0200, 0.0494
(37, 79): 0.5474, 0.0200, 0.0507
(37, 80): 0.5746, 0.0200, 0.0497
(37, 81): 0.5740, 0.0200, 0.0508
(37, 82): 0.5653, 0.0200, 0.0514
(37, 83): 0.5569, 0.0200, 0.0524
(37, 84): 0.5653, 0.0200, 0.0525
(37, 85): 0.5523, 0.0200, 0.0539
(37, 86): 0.5456, 0.0200, 0.0574
(37, 87): 0.5582, 0.0200, 0.0540
(37, 88): 0.5339, 0.0200, 0.0549
(37, 89): 0.5443, 0.0200, 0.0531
(37, 90): 0.5490, 0.0200, 0.0540
(37, 91): 0.5444, 0.0200, 0.0548
(37, 92): 0.5411, 0.0200, 0.0552
(37, 93): 0.5462, 0.0200, 0.0558
(37, 94): 0.5405, 0.0200, 0.0569
(37, 95): 0.6582, 0.0200, 0.0518
(37, 96): 0.5500, 0.0200, 0.0569
(37, 97): 0.5308, 0.0200, 0.0576
(37, 98): 0.5089, 0.0200, 0.0590
(37, 99): 0.5129, 0.0200, 0.0587
(37, 100): 0.5029, 0.0200, 0.0597
(37, 101): 0.5329, 0.0200, 0.0590
(37, 102): 0.5035, 0.0200, 0.0590
(37, 103): 0.4346, 0.0200, 0.0598
(37, 104): 0.5068, 0.0200, 0.0565
(38, 38): 0.5223, 0.0200, 0.0561
(38, 39): 0.5154, 0.0200, 0.0561
(38, 40): 0.5343, 0.0200, 0.0549
(38, 46): 0.5626, 0.0200, 0.0524
(38, 47): 0.7929, 0.0200, 0.0467
