(76, 30): 0.5372, 0.0200, 0.0592
(76, 31): 0.5308, 0.0200, 0.0601
(76, 32): 0.5213, 0.0200, 0.0609
(76, 33): 0.5406, 0.0200, 0.0599
(76, 34): 0.6525, 0.0200, 0.0493
(76, 35): 0.5473, 0.0200, 0.0588
(76, 36): 0.5475, 0.0200, 0.0590
(76, 37): 0.5650, 0.0200, 0.0585
(76, 38): 0.5429, 0.0200, 0.0599
(76, 39): 0.5387, 0.0200, 0.0585
(76, 40): 0.5096, 0.0200, 0.0617
(76, 41): 0.5762, 0.0200, 0.0558
(76, 42): 0.5607, 0.0200, 0.0569
(76, 43): 0.5616, 0.0200, 0.0561
(76, 44): 0.5735, 0.0200, 0.0550
(76, 45): 0.5839, 0.0200, 0.0543
(76, 46): 0.5924, 0.0200, 0.0537
(76, 47): 0.6454, 0.0200, 0.0597
(76, 48): 0.5692, 0.0200, 0.0552
(76, 49): 0.5054, 0.0200, 0.0620
(76, 50): 0.5051, 0.0200, 0.0624
(76, 51): 0.4978, 0.0200, 0.0638
(76, 52): 0.4968, 0.0200, 0.0630
(76, 53): 0.4625, 0.0200, 0.0637
(76, 54): 0.4487, 0.0200, 0.0646
(76, 55): 0.4650, 0.0200, 0.0647
(76, 56): 0.4561, 0.0200, 0.0662
(76, 57): 0.4610, 0.0200, 0.0669
(76, 58): 0.4504, 0.0200, 0.0665
(76, 59): 0.4624, 0.0200, 0.0662
(76, 60): 0.4660, 0.0200, 0.0653
(76, 61): 0.5181, 0.0200, 0.0590
(76, 62): 0.5204, 0.0200, 0.0581
(76, 63): 0.5150, 0.0200, 0.0583
(76, 64): 0.5248, 0.0200, 0.0572
(76, 65): 0.5159, 0.0200, 0.0571
(76, 66): 0.5179, 0.0200, 0.0567
(76, 67): 0.5189, 0.0200, 0.0565
(76, 68): 0.5181, 0.0200, 0.0579
(76, 69): 0.5106, 0.0200, 0.0582
(76, 70): 0.5104, 0.0200, 0.0590
(76, 71): 0.5181, 0.0200, 0.0590
(76, 72): 0.5087, 0.0200, 0.0601
(76, 73): 0.4990, 0.0200, 0.0609
(76, 74): 0.4881, 0.0200, 0.0610
(76, 75): 0.4935, 0.0200, 0.0599
(76, 76): 0.4889, 0.0200, 0.0612
(76, 77): 0.4724, 0.0200, 0.0618
(76, 78): 0.4688, 0.0200, 0.0610
(76, 79): 0.4862, 0.0200, 0.0608
(76, 80): 0.4897, 0.0200, 0.0599
(76, 81): 0.4885, 0.0200, 0.0612
(76, 82): 0.4995, 0.0200, 0.0589
(76, 83): 0.5013, 0.0200, 0.0584
(76, 84): 0.5105, 0.0200, 0.0577
(76, 85): 0.5055, 0.0200, 0.0586
(76, 86): 0.5299, 0.0200, 0.0578
(76, 87): 0.5391, 0.0200, 0.0571
(76, 88): 0.5337, 0.0200, 0.0581
(76, 89): 0.5408, 0.0200, 0.0626
(76, 90): 0.5141, 0.0200, 0.0601
(76, 91): 0.5198, 0.0200, 0.0596
(76, 92): 0.5068, 0.0200, 0.0609
(76, 93): 0.5013, 0.0200, 0.0614
(76, 94): 0.5046, 0.0200, 0.0614
(76, 95): 0.5228, 0.0200, 0.0602
(76, 96): 0.5245, 0.0200, 0.0604
(76, 97): 0.5029, 0.0200, 0.0626
(76, 98): 0.5018, 0.0200, 0.0626
(76, 99): 0.4984, 0.0200, 0.0629
(76, 100): 0.4821, 0.0200, 0.0634
(76, 101): 0.4858, 0.0200, 0.0630
(77, 29): 0.5266, 0.0200, 0.0601
(77, 30): 0.5367, 0.0200, 0.0605
(77, 31): 0.5446, 0.0200, 0.0604
(77, 32): 0.5318, 0.0200, 0.0608
(77, 33): 0.5108, 0.0200, 0.0623
(77, 34): 0.6905, 0.0200, 0.0462
(77, 35): 0.5652, 0.0200, 0.0568
(77, 36): 0.5446, 0.0200, 0.0594
(77, 37): 0.5347, 0.0200, 0.0601
(77, 38): 0.5374, 0.0200, 0.0592
(77, 39): 0.5403, 0.0200, 0.0584
(77, 40): 0.4949, 0.0200, 0.0625
(77, 41): 0.5546, 0.0200, 0.0568
(77, 42): 0.5566, 0.0200, 0.0569
(77, 43): 0.5558, 0.0200, 0.0565
(77, 44): 0.6343, 0.0200, 0.0525
(77, 45): 0.5807, 0.0200, 0.0545
(77, 46): 0.5984, 0.0200, 0.0525
(77, 47): 0.5853, 0.0200, 0.0539
(77, 48): 0.5776, 0.0200, 0.0548
(77, 49): 0.5039, 0.0200, 0.0620
(77, 50): 0.4979, 0.0200, 0.0625
(77, 51): 0.4996, 0.0200, 0.0623
(77, 52): 0.6156, 0.0200, 0.0487
(77, 53): 0.5818, 0.0200, 0.0508
(77, 54): 0.5582, 0.0200, 0.0531
(77, 55): 0.4870, 0.0200, 0.0627
(77, 56): 0.4838, 0.0200, 0.0640
(77, 57): 0.4590, 0.0200, 0.0660
(77, 58): 0.4600, 0.0200, 0.0663
(77, 59): 0.3679, 0.0200, 0.0701
(77, 60): 0.4669, 0.0200, 0.0651
(77, 61): 0.5134, 0.0200, 0.0591
(77, 62): 0.5156, 0.0200, 0.0583
(77, 63): 0.4318, 0.0200, 0.0630
(77, 64): 0.5222, 0.0200, 0.0572
(77, 65): 0.5039, 0.0200, 0.0583
(77, 66): 0.5165, 0.0200, 0.0570
(77, 67): 0.5200, 0.0200, 0.0567
(77, 68): 0.5152, 0.0200, 0.0573
(77, 69): 0.5152, 0.0200, 0.0581
(77, 70): 0.4964, 0.0200, 0.0596
(77, 71): 0.5086, 0.0200, 0.0596
(77, 72): 0.4922, 0.0200, 0.0610
(77, 73): 0.4925, 0.0200, 0.0614
(77, 74): 0.6495, 0.0200, 0.0524
(77, 75): 0.4899, 0.0200, 0.0621
(77, 76): 0.4737, 0.0200, 0.0620
(77, 77): 0.4931, 0.0200, 0.0606
(77, 78): 0.4935, 0.0200, 0.0603
(77, 79): 0.4885, 0.0200, 0.0604
(77, 80): 0.4108, 0.0200, 0.0633
(77, 81): 0.4866, 0.0200, 0.0598
(77, 82): 0.4953, 0.0200, 0.0590
(77, 83): 0.5074, 0.0200, 0.0584
(77, 84): 0.5109, 0.0200, 0.0588
(77, 85): 0.5126, 0.0200, 0.0588
(77, 86): 0.5152, 0.0200, 0.0587
(77, 87): 0.5322, 0.0200, 0.0577
(77, 88): 0.4987, 0.0200, 0.0592
(77, 89): 0.5211, 0.0200, 0.0595
(77, 90): 0.5130, 0.0200, 0.0599
(77, 91): 0.5043, 0.0200, 0.0608
(77, 92): 0.5003, 0.0200, 0.0616
(77, 93): 0.4973, 0.0200, 0.0626
(77, 94): 0.5208, 0.0200, 0.0612
(77, 95): 0.5215, 0.0200, 0.0611
(77, 96): 0.4911, 0.0200, 0.0642
(77, 97): 0.4884, 0.0200, 0.0643
(77, 98): 0.4902, 0.0200, 0.0628
(77, 99): 0.4516, 0.0200, 0.0697
(77, 100): 0.4752, 0.0200, 0.0647
(77, 101): 0.3521, 0.0200, 0.0821
(77, 102): 0.4986, 0.0200, 0.0621
(78, 29): 0.5420, 0.0200, 0.0587
(78, 30): 0.5494, 0.0200, 0.0591
(78, 31): 0.5449, 0.0200, 0.0593
(78, 32): 0.5215, 0.0200, 0.0609
(78, 33): 0.5200, 0.0200, 0.0611
(78, 34): 0.5323, 0.0200, 0.0600
(78, 35): 0.5452, 0.0200, 0.0587
(78, 36): 0.5379, 0.0200, 0.0598
(78, 37): 0.5338, 0.0200, 0.0606
(78, 38): 0.5268, 0.0200, 0.0610
(78, 39): 0.5239, 0.0200, 0.0599
(78, 40): 0.4911, 0.0200, 0.0625
(78, 41): 0.5505, 0.0200, 0.0573
(78, 42): 0.5674, 0.0200, 0.0566
(78, 43): 0.5090, 0.0200, 0.0563
(78, 44): 0.5656, 0.0200, 0.0559
(78, 45): 0.5808, 0.0200, 0.0547
(78, 46): 0.6209, 0.0200, 0.0478
(78, 47): 0.5840, 0.0200, 0.0544
(78, 48): 0.5585, 0.0200, 0.0559
(78, 49): 0.4861, 0.0200, 0.0628
(78, 50): 0.4844, 0.0200, 0.0631
(78, 51): 0.5010, 0.0200, 0.0613
(78, 52): 0.8376, 0.0200, 0.0458
(78, 53): 0.5299, 0.0200, 0.0561
(78, 54): 0.4662, 0.0200, 0.0641
(78, 55): 0.4868, 0.0200, 0.0631
(78, 56): 0.4706, 0.0200, 0.0658
(78, 57): 0.4665, 0.0200, 0.0653
(78, 58): 0.4590, 0.0200, 0.0656
(78, 59): 0.4677, 0.0200, 0.0647
(78, 60): 0.4770, 0.0200, 0.0638
(78, 61): 0.5185, 0.0200, 0.0585
(78, 62): 0.5183, 0.0200, 0.0584
(78, 63): 0.5244, 0.0200, 0.0575
(78, 64): 0.5221, 0.0200, 0.0505
(78, 65): 0.5144, 0.0200, 0.0574
(78, 66): 0.5126, 0.0200, 0.0572
(78, 67): 0.5059, 0.0200, 0.0575
(78, 68): 0.5129, 0.0200, 0.0570
(78, 69): 0.5051, 0.0200, 0.0600
(78, 70): 0.5074, 0.0200, 0.0588
(78, 71): 0.5017, 0.0200, 0.0598
(78, 72): 0.5101, 0.0200, 0.0599
(78, 73): 0.4567, 0.0200, 0.0626
(78, 74): 0.4802, 0.0200, 0.0617
(78, 75): 0.4665, 0.0200, 0.0632
(78, 76): 0.4537, 0.0200, 0.0623
(78, 77): 0.4599, 0.0200, 0.0617
(78, 78): 0.4467, 0.0200, 0.0647
(78, 79): 0.4914, 0.0200, 0.0598
(78, 80): 0.4725, 0.0200, 0.0604
(78, 81): 0.4782, 0.0200, 0.0598
(78, 82): 0.4941, 0.0200, 0.0589
(78, 83): 0.5100, 0.0200, 0.0585
(78, 84): 0.5183, 0.0200, 0.0581
(78, 85): 0.3978, 0.0200, 0.0597
(78, 86): 0.5018, 0.0200, 0.0600
(78, 87): 0.5135, 0.0200, 0.0587
(78, 88): 0.5168, 0.0200, 0.0591
(78, 89): 0.5094, 0.0200, 0.0599
(78, 90): 0.5206, 0.0200, 0.0598
(78, 91): 0.5182, 0.0200, 0.0599
(78, 92): 0.5132, 0.0200, 0.0610
(78, 93): 0.5104, 0.0200, 0.0619
(78, 94): 0.5191, 0.0200, 0.0615
(78, 95): 0.5083, 0.0200, 0.0636
(78, 96): 0.4733, 0.0200, 0.0658
(78, 97): 0.4725, 0.0200, 0.0654
(78, 98): 0.4530, 0.0200, 0.0669
(78, 99): 0.4546, 0.0200, 0.0668
(78, 100): 0.4651, 0.0200, 0.0661
(78, 101): 0.4764, 0.0200, 0.0651
(79, 28): 0.5384, 0.0200, 0.0583
(79, 29): 0.5234, 0.0200, 0.0603
(79, 30): 0.5418, 0.0200, 0.0601
(79, 31): 0.5425, 0.0200, 0.0602
(79, 32): 0.5369, 0.0200, 0.0598
(79, 33): 0.5305, 0.0200, 0.0606
(79, 34): 0.5231, 0.0200, 0.0607
(79, 35): 0.5334, 0.0200, 0.0602
(79, 36): 0.5527, 0.0200, 0.0583
(79, 37): 0.5427, 0.0200, 0.0601
(79, 38): 0.5413, 0.0200, 0.0603
(79, 39): 0.5269, 0.0200, 0.0600
(79, 40): 0.4941, 0.0200, 0.0628
(79, 41): 0.5546, 0.0200, 0.0574
(79, 42): 0.5069, 0.0200, 0.0591
(79, 43): 0.5611, 0.0200, 0.0569
(79, 44): 0.4914, 0.0200, 0.0578
(79, 45): 0.5752, 0.0200, 0.0548
(79, 46): 0.5597, 0.0200, 0.0558
(79, 47): 0.5405, 0.0200, 0.0577
(79, 48): 0.5323, 0.0200, 0.0577
(79, 49): 0.4752, 0.0200, 0.0641
(79, 50): 0.4958, 0.0200, 0.0619
(79, 51): 0.5028, 0.0200, 0.0621
(79, 52): 0.5388, 0.0200, 0.0562
(79, 53): 0.3762, 0.0200, 0.0652
(79, 54): 0.4706, 0.0200, 0.0638
(79, 55): 0.4633, 0.0200, 0.0646
(79, 56): 0.4669, 0.0200, 0.0641
(79, 57): 0.4631, 0.0200, 0.0649
(79, 58): 0.4658, 0.0200, 0.0648
(79, 59): 0.4254, 0.0200, 0.0663
(79, 60): 0.5214, 0.0200, 0.0584
(79, 61): 0.5295, 0.0200, 0.0574
(79, 62): 0.5277, 0.0200, 0.0573
(79, 63): 0.5235, 0.0200, 0.0574
(79, 64): 0.4373, 0.0200, 0.0792
(79, 65): 0.5078, 0.0200, 0.0575
(79, 66): 0.5149, 0.0200, 0.0575
(79, 67): 0.4872, 0.0200, 0.0588
(79, 68): 0.5059, 0.0200, 0.0570
(79, 69): 0.5023, 0.0200, 0.0579
(79, 70): 0.5189, 0.0200, 0.0579
(79, 71): 0.5080, 0.0200, 0.0601
(79, 72): 0.5109, 0.0200, 0.0599
(79, 73): 0.4988, 0.0200, 0.0604
(79, 74): 0.5021, 0.0200, 0.0605
(79, 75): 0.4917, 0.0200, 0.0610
(79, 76): 0.5894, 0.0200, 0.0577
(79, 77): 0.5283, 0.0200, 0.0587
(79, 78): 0.4997, 0.0200, 0.0596
(79, 79): 0.4974, 0.0200, 0.0588
(79, 80): 0.5467, 0.0200, 0.0542
(79, 81): 0.5043, 0.0200, 0.0568
(79, 82): 0.5033, 0.0200, 0.0581
(79, 83): 0.5124, 0.0200, 0.0583
(79, 84): 0.5013, 0.0200, 0.0592
(79, 85): 0.5139, 0.0200, 0.0589
(79, 86): 0.5077, 0.0200, 0.0595
(79, 87): 0.4999, 0.0200, 0.0599
(79, 88): 0.5011, 0.0200, 0.0596
(79, 89): 0.5533, 0.0200, 0.0598
(79, 90): 0.5209, 0.0200, 0.0588
(79, 91): 0.5036, 0.0200, 0.0603
(79, 92): 0.5006, 0.0200, 0.0609
(79, 93): 0.5035, 0.0200, 0.0616
(79, 94): 0.5013, 0.0200, 0.0622
(79, 95): 0.4741, 0.0200, 0.0654
(79, 96): 0.4593, 0.0200, 0.0671
(79, 97): 0.4641, 0.0200, 0.0667
(79, 98): 0.4696, 0.0200, 0.0660
(79, 99): 0.4736, 0.0200, 0.0657
(79, 100): 0.4670, 0.0200, 0.0664
(80, 27): 0.5538, 0.0200, 0.0567
(80, 28): 0.5299, 0.0200, 0.0590
(80, 29): 0.5195, 0.0200, 0.0607
(80, 30): 0.5462, 0.0200, 0.0593
(80, 31): 0.5457, 0.0200, 0.0591
(80, 32): 0.5307, 0.0200, 0.0607
(80, 33): 0.5149, 0.0200, 0.0613
(80, 34): 0.8034, 0.0200, 0.0616
(80, 35): 0.5343, 0.0200, 0.0597
(80, 36): 0.5562, 0.0200, 0.0582
(80, 37): 0.5487, 0.0200, 0.0599
(80, 38): 0.5409, 0.0200, 0.0603
(80, 39): 0.5276, 0.0200, 0.0599
(80, 40): 0.4832, 0.0200, 0.0636
(80, 41): 0.5508, 0.0200, 0.0584
(80, 42): 0.5673, 0.0200, 0.0573
(80, 43): 0.5276, 0.0200, 0.0605
(80, 44): 0.5255, 0.0200, 0.0583
(80, 45): 0.5263, 0.0200, 0.0591
(80, 46): 0.5637, 0.0200, 0.0540
(80, 47): 0.5372, 0.0200, 0.0564
(80, 48): 0.5358, 0.0200, 0.0568
(80, 49): 0.5405, 0.0200, 0.0559
(80, 50): 0.4841, 0.0200, 0.0621
(80, 51): 0.5048, 0.0200, 0.0610
(80, 52): 0.5420, 0.0200, 0.0562
(80, 53): 0.4895, 0.0200, 0.0622
(80, 54): 0.4683, 0.0200, 0.0639
(80, 55): 0.4686, 0.0200, 0.0637
(80, 56): 0.4608, 0.0200, 0.0649
(80, 57): 0.4695, 0.0200, 0.0639
(80, 58): 0.5886, 0.0200, 0.0563
(80, 59): 0.5258, 0.0200, 0.0575
(80, 60): 0.2904, 0.0200, 0.0771
(80, 61): 0.5219, 0.0200, 0.0572
(80, 62): 0.5276, 0.0200, 0.0570
(80, 63): 0.5138, 0.0200, 0.0576
(80, 64): 0.5157, 0.0200, 0.0567
(80, 65): 0.5002, 0.0200, 0.0578
