(29, 40): 0.3636, 0.0200, 0.0579
(29, 41): 0.5271, 0.0200, 0.0583
(29, 42): 0.5424, 0.0200, 0.0563
(29, 56): 0.5889, 0.0200, 0.0463
(29, 57): 0.5800, 0.0200, 0.0472
(29, 58): 0.5709, 0.0200, 0.0479
(29, 59): 0.5559, 0.0200, 0.0495
(29, 60): 0.5749, 0.0200, 0.0494
(29, 61): 0.6866, 0.0200, 0.0469
(29, 62): 0.5790, 0.0200, 0.0501
(29, 63): 0.5761, 0.0200, 0.0504
(29, 64): 0.5609, 0.0200, 0.0518
(29, 65): 0.5605, 0.0200, 0.0521
(29, 66): 0.5669, 0.0200, 0.0509
(29, 67): 0.5655, 0.0200, 0.0500
(29, 68): 0.5450, 0.0200, 0.0475
(29, 69): 0.5637, 0.0200, 0.0515
(29, 70): 0.5676, 0.0200, 0.0516
(29, 71): 0.5743, 0.0200, 0.0517
(29, 72): 0.5551, 0.0200, 0.0527
(29, 73): 0.4424, 0.0200, 0.0584
(29, 74): 0.5566, 0.0200, 0.0528
(29, 75): 0.5646, 0.0200, 0.0523
(29, 76): 0.5625, 0.0200, 0.0528
(29, 77): 0.5777, 0.0200, 0.0525
(29, 78): 0.5697, 0.0200, 0.0529
(29, 79): 0.5650, 0.0200, 0.0536
(29, 80): 0.5799, 0.0200, 0.0530
(29, 81): 0.5679, 0.0200, 0.0540
(29, 82): 0.4983, 0.0200, 0.0542
(29, 83): 0.5425, 0.0200, 0.0561
(29, 84): 0.5350, 0.0200, 0.0558
(29, 85): 0.6255, 0.0200, 0.0545
(29, 86): 0.5135, 0.0200, 0.0573
(29, 87): 0.5256, 0.0200, 0.0572
(29, 88): 0.5360, 0.0200, 0.0534
(29, 89): 0.5177, 0.0200, 0.0579
(29, 90): 0.5192, 0.0200, 0.0584
(29, 91): 0.5115, 0.0200, 0.0592
(29, 92): 0.5356, 0.0200, 0.0582
(29, 93): 0.5135, 0.0200, 0.0603
(29, 94): 0.5046, 0.0200, 0.0594
(29, 95): 0.4986, 0.0200, 0.0555
(29, 96): 0.5587, 0.0200, 0.0589
(29, 97): 0.4998, 0.0200, 0.0596
(29, 98): 0.4915, 0.0200, 0.0601
(29, 99): 0.4766, 0.0200, 0.0610
(29, 100): 0.4954, 0.0200, 0.0598
(29, 101): 0.5049, 0.0200, 0.0592
(29, 102): 0.5064, 0.0200, 0.0590
(29, 103): 0.4912, 0.0200, 0.0594
(29, 104): 0.4891, 0.0200, 0.0586
(29, 105): 0.5101, 0.0200, 0.0560
(29, 106): 0.5197, 0.0200, 0.0544
(29, 107): 0.5453, 0.0200, 0.0508
(30, 39): 0.4818, 0.0200, 0.0566
(30, 40): 0.5296, 0.0200, 0.0559
(30, 41): 0.5392, 0.0200, 0.0569
(30, 42): 0.5518, 0.0200, 0.0558
(30, 56): 0.5948, 0.0200, 0.0459
(30, 57): 0.5758, 0.0200, 0.0475
(30, 58): 0.5514, 0.0200, 0.0502
(30, 59): 0.5698, 0.0200, 0.0492
(30, 60): 0.5784, 0.0200, 0.0495
(30, 61): 0.5851, 0.0200, 0.0495
(30, 62): 0.5875, 0.0200, 0.0500
(30, 63): 0.3021, 0.0200, 0.0579
(30, 64): 0.5637, 0.0200, 0.0516
(30, 65): 0.5616, 0.0200, 0.0519
(30, 66): 0.5464, 0.0200, 0.0519
(30, 67): 0.5562, 0.0200, 0.0507
(30, 68): 0.5637, 0.0200, 0.0506
(30, 69): 0.5666, 0.0200, 0.0516
(30, 70): 0.5630, 0.0200, 0.0521
(30, 71): 0.5676, 0.0200, 0.0523
(30, 72): 0.5750, 0.0200, 0.0520
(30, 73): 0.5683, 0.0200, 0.0519
(30, 74): 0.4280, 0.0200, 0.0589
(30, 75): 0.5569, 0.0200, 0.0530
(30, 76): 0.5614, 0.0200, 0.0532
(30, 77): 0.5800, 0.0200, 0.0524
(30, 78): 0.5754, 0.0200, 0.0529
(30, 79): 0.5702, 0.0200, 0.0530
(30, 80): 0.6283, 0.0200, 0.0523
(30, 81): 0.5727, 0.0200, 0.0535
(30, 82): 0.5510, 0.0200, 0.0551
(30, 83): 0.5395, 0.0200, 0.0557
(30, 84): 0.5088, 0.0200, 0.0570
(30, 85): 0.5252, 0.0200, 0.0566
(30, 86): 0.5274, 0.0200, 0.0565
(30, 87): 0.5368, 0.0200, 0.0565
(30, 88): 0.5104, 0.0200, 0.0499
(30, 89): 0.5119, 0.0200, 0.0582
(30, 90): 0.5332, 0.0200, 0.0572
(30, 91): 0.7645, 0.0200, 0.0495
(30, 92): 0.5200, 0.0200, 0.0593
(30, 93): 0.5197, 0.0200, 0.0597
(30, 94): 0.4957, 0.0200, 0.0602
(30, 95): 0.5050, 0.0200, 0.0594
(30, 96): 0.5126, 0.0200, 0.0590
(30, 97): 0.5253, 0.0200, 0.0578
(30, 98): 0.5169, 0.0200, 0.0581
(30, 99): 0.4961, 0.0200, 0.0595
(30, 100): 0.4920, 0.0200, 0.0597
(30, 101): 0.4996, 0.0200, 0.0596
(30, 102): 0.5117, 0.0200, 0.0590
(30, 103): 0.5001, 0.0200, 0.0593
(30, 104): 0.4074, 0.0200, 0.0624
(30, 105): 0.5124, 0.0200, 0.0562
(30, 106): 0.5301, 0.0200, 0.0534
(31, 39): 0.4695, 0.0200, 0.0571
(31, 40): 0.5307, 0.0200, 0.0558
(31, 41): 0.5540, 0.0200, 0.0551
(31, 42): 0.5650, 0.0200, 0.0549
(31, 55): 0.5769, 0.0200, 0.0469
(31, 56): 0.5914, 0.0200, 0.0466
(31, 57): 0.5590, 0.0200, 0.0501
(31, 58): 0.5725, 0.0200, 0.0491
(31, 59): 0.5652, 0.0200, 0.0499
(31, 60): 0.5639, 0.0200, 0.0504
(31, 61): 0.5072, 0.0200, 0.0502
(31, 62): 0.5699, 0.0200, 0.0511
(31, 63): 0.5615, 0.0200, 0.0518
(31, 64): 0.5570, 0.0200, 0.0520
(31, 65): 0.5310, 0.0200, 0.0520
(31, 66): 0.5333, 0.0200, 0.0526
(31, 67): 0.5655, 0.0200, 0.0508
(31, 68): 0.5276, 0.0200, 0.0532
(31, 69): 0.5669, 0.0200, 0.0513
(31, 70): 0.5631, 0.0200, 0.0519
(31, 71): 0.3466, 0.0200, 0.0603
(31, 72): 0.5750, 0.0200, 0.0518
(31, 73): 0.5735, 0.0200, 0.0517
(31, 74): 0.5679, 0.0200, 0.0522
(31, 75): 0.5663, 0.0200, 0.0525
(31, 76): 0.5730, 0.0200, 0.0528
(31, 77): 0.5891, 0.0200, 0.0518
(31, 78): 0.5979, 0.0200, 0.0513
(31, 79): 0.5849, 0.0200, 0.0518
(31, 80): 0.3372, 0.0200, 0.0595
(31, 81): 0.5635, 0.0200, 0.0534
(31, 82): 0.5285, 0.0200, 0.0558
(31, 83): 0.5380, 0.0200, 0.0558
(31, 84): 0.3979, 0.0200, 0.0582
(31, 85): 0.5295, 0.0200, 0.0562
(31, 86): 0.5336, 0.0200, 0.0562
(31, 87): 0.5355, 0.0200, 0.0560
(31, 88): 0.5267, 0.0200, 0.0570
(31, 89): 0.5033, 0.0200, 0.0591
(31, 90): 0.5118, 0.0200, 0.0591
(31, 91): 0.5258, 0.0200, 0.0586
(31, 92): 0.5231, 0.0200, 0.0596
(31, 93): 0.5239, 0.0200, 0.0594
(31, 94): 0.5121, 0.0200, 0.0596
(31, 95): 0.5105, 0.0200, 0.0589
(31, 96): 0.5339, 0.0200, 0.0596
(31, 97): 0.4770, 0.0200, 0.0612
(31, 98): 0.5295, 0.0200, 0.0576
(31, 99): 0.5024, 0.0200, 0.0593
(31, 100): 0.4937, 0.0200, 0.0603
(31, 101): 0.5089, 0.0200, 0.0592
(31, 102): 0.5136, 0.0200, 0.0591
(31, 103): 0.5169, 0.0200, 0.0586
(31, 104): 0.5182, 0.0200, 0.0571
(31, 105): 0.4963, 0.0200, 0.0588
(31, 106): 0.5384, 0.0200, 0.0527
(32, 38): 0.5213, 0.0200, 0.0573
(32, 39): 0.5107, 0.0200, 0.0580
(32, 40): 0.5199, 0.0200, 0.0579
(32, 41): 0.5235, 0.0200, 0.0582
(32, 57): 0.5933, 0.0200, 0.0478
(32, 58): 0.5595, 0.0200, 0.0510
(32, 59): 0.5614, 0.0200, 0.0508
(32, 60): 0.5489, 0.0200, 0.0520
(32, 61): 0.5719, 0.0200, 0.0511
(32, 62): 0.5579, 0.0200, 0.0519
(32, 63): 0.5610, 0.0200, 0.0515
(32, 64): 0.5740, 0.0200, 0.0504
(32, 65): 0.5578, 0.0200, 0.0520
(32, 66): 0.5639, 0.0200, 0.0516
(32, 67): 0.6218, 0.0200, 0.0501
(32, 68): 0.5702, 0.0200, 0.0504
(32, 69): 0.4548, 0.0200, 0.0491
(32, 70): 0.5605, 0.0200, 0.0520
(32, 71): 0.6656, 0.0200, 0.0490
(32, 72): 0.5752, 0.0200, 0.0518
(32, 73): 0.5832, 0.0200, 0.0514
(32, 74): 0.5758, 0.0200, 0.0519
(32, 75): 0.5752, 0.0200, 0.0519
(32, 76): 0.5854, 0.0200, 0.0516
(32, 77): 0.5946, 0.0200, 0.0510
(32, 78): 0.5960, 0.0200, 0.0528
(32, 79): 0.5793, 0.0200, 0.0519
(32, 80): 0.7449, 0.0200, 0.0422
(32, 81): 0.5468, 0.0200, 0.0541
(32, 82): 0.5686, 0.0200, 0.0535
(32, 83): 0.5676, 0.0200, 0.0539
(32, 84): 0.5450, 0.0200, 0.0554
(32, 85): 0.5359, 0.0200, 0.0558
(32, 86): 0.5310, 0.0200, 0.0559
(32, 87): 0.5389, 0.0200, 0.0555
(32, 88): 0.4831, 0.0200, 0.0576
(32, 89): 0.5134, 0.0200, 0.0575
(32, 90): 0.5242, 0.0200, 0.0580
(32, 91): 0.5282, 0.0200, 0.0579
(32, 92): 0.4510, 0.0200, 0.0614
(32, 93): 0.6466, 0.0200, 0.0537
(32, 94): 0.5304, 0.0200, 0.0580
(32, 95): 0.5122, 0.0200, 0.0589
(32, 96): 0.5221, 0.0200, 0.0580
(32, 97): 0.5048, 0.0200, 0.0591
(32, 98): 0.5078, 0.0200, 0.0595
(32, 99): 0.4941, 0.0200, 0.0608
(32, 100): 0.4144, 0.0200, 0.0782
(32, 101): 0.4846, 0.0200, 0.0613
(32, 102): 0.4926, 0.0200, 0.0606
(32, 103): 0.4883, 0.0200, 0.0603
(32, 104): 0.5015, 0.0200, 0.0586
(32, 105): 0.5018, 0.0200, 0.0571
(32, 106): 0.5572, 0.0200, 0.0513
(33, 38): 0.5223, 0.0200, 0.0570
(33, 39): 0.5157, 0.0200, 0.0575
(33, 40): 0.4970, 0.0200, 0.0593
(33, 41): 0.5051, 0.0200, 0.0586
(33, 57): 0.5427, 0.0200, 0.0520
(33, 58): 0.5665, 0.0200, 0.0501
(33, 59): 0.5837, 0.0200, 0.0489
(33, 60): 0.5402, 0.0200, 0.0518
(33, 61): 0.5680, 0.0200, 0.0516
(33, 62): 0.5550, 0.0200, 0.0524
(33, 63): 0.5671, 0.0200, 0.0511
(33, 64): 0.5827, 0.0200, 0.0505
(33, 65): 0.4378, 0.0200, 0.0557
(33, 66): 0.4324, 0.0200, 0.0490
(33, 67): 0.5695, 0.0200, 0.0506
(33, 68): 0.6215, 0.0200, 0.0492
(33, 69): 0.5723, 0.0200, 0.0515
(33, 70): 0.5575, 0.0200, 0.0526
(33, 71): 0.5870, 0.0200, 0.0506
(33, 72): 0.5797, 0.0200, 0.0519
(33, 73): 0.5860, 0.0200, 0.0518
(33, 74): 0.5813, 0.0200, 0.0515
(33, 75): 0.5888, 0.0200, 0.0508
(33, 76): 0.5823, 0.0200, 0.0514
(33, 77): 0.5779, 0.0200, 0.0515
(33, 78): 0.5712, 0.0200, 0.0516
(33, 79): 0.5733, 0.0200, 0.0516
(33, 80): 0.5689, 0.0200, 0.0522
(33, 81): 0.3370, 0.0200, 0.0595
(33, 82): 0.5684, 0.0200, 0.0536
(33, 83): 0.5615, 0.0200, 0.0543
(33, 84): 0.5170, 0.0200, 0.0530
(33, 85): 0.5397, 0.0200, 0.0552
