(66, 61): 0.5593, 0.0200, 0.0556
(66, 62): 0.5427, 0.0200, 0.0567
(66, 63): 0.5564, 0.0200, 0.0555
(66, 64): 0.5671, 0.0200, 0.0550
(66, 65): 0.5662, 0.0200, 0.0550
(66, 66): 0.5621, 0.0200, 0.0551
(66, 67): 0.5728, 0.0200, 0.0545
(66, 68): 0.5555, 0.0200, 0.0563
(66, 69): 0.5511, 0.0200, 0.0567
(66, 70): 0.5481, 0.0200, 0.0569
(66, 71): 0.5404, 0.0200, 0.0571
(66, 72): 0.5332, 0.0200, 0.0576
(66, 73): 0.5169, 0.0200, 0.0585
(66, 74): 0.5162, 0.0200, 0.0580
(66, 75): 0.5482, 0.0200, 0.0560
(66, 76): 0.5357, 0.0200, 0.0566
(66, 77): 0.5547, 0.0200, 0.0549
(66, 78): 0.5502, 0.0200, 0.0544
(66, 79): 0.5988, 0.0200, 0.0527
(66, 80): 0.5434, 0.0200, 0.0550
(66, 81): 0.5446, 0.0200, 0.0550
(66, 82): 0.5381, 0.0200, 0.0540
(66, 83): 0.5456, 0.0200, 0.0543
(66, 84): 0.5107, 0.0200, 0.0551
(66, 85): 0.5415, 0.0200, 0.0549
(66, 86): 0.5589, 0.0200, 0.0541
(66, 87): 0.5436, 0.0200, 0.0549
(66, 88): 0.5480, 0.0200, 0.0547
(66, 89): 0.5426, 0.0200, 0.0545
(66, 90): 0.5381, 0.0200, 0.0543
(66, 91): 0.5429, 0.0200, 0.0540
(66, 92): 0.6500, 0.0200, 0.0527
(66, 93): 0.5082, 0.0200, 0.0572
(66, 94): 0.5278, 0.0200, 0.0552
(66, 95): 0.5217, 0.0200, 0.0563
(66, 96): 0.5276, 0.0200, 0.0566
(66, 97): 0.5252, 0.0200, 0.0574
(66, 98): 0.5066, 0.0200, 0.0596
(66, 99): 0.5039, 0.0200, 0.0604
(66, 100): 0.5052, 0.0200, 0.0609
(66, 101): 0.4798, 0.0200, 0.0608
(66, 102): 0.5174, 0.0200, 0.0602
(66, 103): 0.5260, 0.0200, 0.0597
(66, 104): 0.5315, 0.0200, 0.0581
(67, 34): 0.5553, 0.0200, 0.0554
(67, 35): 0.5570, 0.0200, 0.0560
(67, 36): 0.5627, 0.0200, 0.0556
(67, 37): 0.5698, 0.0200, 0.0550
(67, 38): 0.5424, 0.0200, 0.0580
(67, 39): 0.5380, 0.0200, 0.0584
(67, 40): 0.4777, 0.0200, 0.0619
(67, 41): 0.5563, 0.0200, 0.0576
(67, 42): 0.5594, 0.0200, 0.0576
(67, 43): 0.5539, 0.0200, 0.0577
(67, 44): 0.5501, 0.0200, 0.0579
(67, 45): 0.6153, 0.0200, 0.0510
(67, 46): 0.5429, 0.0200, 0.0585
(67, 47): 0.7451, 0.0200, 0.0425
(67, 48): 0.6767, 0.0200, 0.0429
(67, 49): 0.6270, 0.0200, 0.0510
(67, 50): 0.6130, 0.0200, 0.0574
(67, 51): 0.6471, 0.0200, 0.0575
(67, 52): 0.5532, 0.0200, 0.0574
(67, 53): 0.5350, 0.0200, 0.0585
(67, 54): 0.5242, 0.0200, 0.0593
(67, 55): 0.5345, 0.0200, 0.0589
(67, 56): 0.5425, 0.0200, 0.0584
(67, 57): 0.5496, 0.0200, 0.0580
(67, 59): 0.5510, 0.0200, 0.0564
(67, 60): 0.5524, 0.0200, 0.0558
(67, 61): 0.5430, 0.0200, 0.0577
(67, 62): 0.5539, 0.0200, 0.0561
(67, 63): 0.5364, 0.0200, 0.0567
(67, 64): 0.5493, 0.0200, 0.0557
(67, 65): 0.5538, 0.0200, 0.0555
(67, 66): 0.5545, 0.0200, 0.0553
(67, 67): 0.4375, 0.0200, 0.0608
(67, 68): 0.3959, 0.0200, 0.0658
(67, 69): 0.5446, 0.0200, 0.0569
(67, 70): 0.5206, 0.0200, 0.0584
(67, 71): 0.5293, 0.0200, 0.0580
(67, 72): 0.5285, 0.0200, 0.0575
(67, 73): 0.5125, 0.0200, 0.0588
(67, 74): 0.5121, 0.0200, 0.0587
(67, 75): 0.7441, 0.0200, 0.0480
(67, 76): 0.5478, 0.0200, 0.0568
(67, 77): 0.5508, 0.0200, 0.0550
(67, 78): 0.5279, 0.0200, 0.0566
(67, 79): 0.5253, 0.0200, 0.0566
(67, 80): 0.5237, 0.0200, 0.0571
(67, 81): 0.5407, 0.0200, 0.0556
(67, 82): 0.5001, 0.0200, 0.0558
(67, 83): 0.5556, 0.0200, 0.0539
(67, 84): 0.5540, 0.0200, 0.0537
(67, 85): 0.5604, 0.0200, 0.0532
(67, 86): 0.5418, 0.0200, 0.0545
(67, 87): 0.5523, 0.0200, 0.0537
(67, 88): 0.5580, 0.0200, 0.0532
(67, 89): 0.5412, 0.0200, 0.0537
(67, 90): 0.4980, 0.0198, 0.0581
(67, 91): 0.4074, 0.0200, 0.0573
(67, 92): 0.5425, 0.0200, 0.0542
(67, 93): 0.5451, 0.0200, 0.0545
(67, 94): 0.5393, 0.0200, 0.0551
(67, 95): 0.5301, 0.0200, 0.0562
(67, 96): 0.5291, 0.0200, 0.0568
(67, 97): 0.5364, 0.0200, 0.0571
(67, 98): 0.5040, 0.0200, 0.0598
(67, 99): 0.4990, 0.0200, 0.0607
(67, 100): 0.4414, 0.0200, 0.0603
(67, 101): 0.5029, 0.0200, 0.0602
(67, 102): 0.5178, 0.0200, 0.0596
(67, 103): 0.5296, 0.0200, 0.0588
(68, 34): 0.5523, 0.0200, 0.0567
(68, 35): 0.5294, 0.0200, 0.0580
(68, 36): 0.5564, 0.0200, 0.0564
(68, 37): 0.5980, 0.0200, 0.0615
(68, 38): 0.5379, 0.0200, 0.0590
(68, 39): 0.5536, 0.0200, 0.0572
(68, 40): 0.4933, 0.0200, 0.0623
(68, 41): 0.5667, 0.0200, 0.0566
(68, 42): 0.5876, 0.0200, 0.0550
(68, 43): 0.5638, 0.0200, 0.0564
(68, 44): 0.5592, 0.0200, 0.0566
(68, 45): 0.5710, 0.0200, 0.0553
(68, 46): 0.5562, 0.0200, 0.0568
(68, 47): 0.5860, 0.0200, 0.0531
(68, 48): 0.7013, 0.0200, 0.0434
(68, 49): 0.5397, 0.0200, 0.0580
(68, 50): 0.5434, 0.0200, 0.0580
(68, 51): 0.5521, 0.0200, 0.0573
(68, 52): 0.5426, 0.0200, 0.0581
(68, 53): 0.5337, 0.0200, 0.0588
(68, 54): 0.5278, 0.0200, 0.0595
(68, 55): 0.5351, 0.0200, 0.0597
(68, 56): 0.5314, 0.0200, 0.0584
(68, 57): 0.5386, 0.0200, 0.0590
(68, 58): 0.5370, 0.0200, 0.0584
(68, 59): 0.5400, 0.0200, 0.0578
(68, 60): 0.5320, 0.0200, 0.0576
(68, 62): 0.5497, 0.0200, 0.0562
(68, 63): 0.5277, 0.0200, 0.0572
(68, 64): 0.5363, 0.0200, 0.0563
(68, 65): 0.5538, 0.0200, 0.0549
(68, 66): 0.5499, 0.0200, 0.0559
(68, 67): 0.5613, 0.0200, 0.0553
(68, 68): 0.5279, 0.0200, 0.0575
(68, 69): 0.5228, 0.0200, 0.0578
(68, 70): 0.5232, 0.0200, 0.0581
(68, 71): 0.5238, 0.0200, 0.0579
(68, 72): 0.3984, 0.0200, 0.0683
(68, 73): 0.5580, 0.0200, 0.0553
(68, 74): 0.5272, 0.0200, 0.0584
(68, 75): 0.5109, 0.0200, 0.0595
(68, 76): 0.5367, 0.0200, 0.0578
(68, 77): 0.5181, 0.0200, 0.0586
(68, 78): 0.5413, 0.0200, 0.0565
(68, 79): 0.4886, 0.0200, 0.0555
(68, 80): 0.5251, 0.0200, 0.0565
(68, 81): 0.5174, 0.0200, 0.0570
(68, 82): 0.5303, 0.0200, 0.0557
(68, 83): 0.5299, 0.0200, 0.0552
(68, 84): 0.5139, 0.0200, 0.0553
(68, 85): 0.5559, 0.0200, 0.0535
(68, 86): 0.5343, 0.0200, 0.0548
(68, 87): 0.5569, 0.0200, 0.0533
(68, 88): 0.5615, 0.0200, 0.0531
(68, 89): 0.4832, 0.0200, 0.0577
(68, 90): 0.5553, 0.0200, 0.0536
(68, 91): 0.5271, 0.0200, 0.0556
(68, 92): 0.5699, 0.0200, 0.0563
(68, 93): 0.5361, 0.0200, 0.0552
(68, 94): 0.5521, 0.0200, 0.0550
(68, 95): 0.5380, 0.0200, 0.0565
(68, 96): 0.5283, 0.0200, 0.0577
(68, 97): 0.5212, 0.0200, 0.0593
(68, 98): 0.5125, 0.0200, 0.0588
(68, 99): 0.5241, 0.0199, 0.0586
(68, 100): 0.5095, 0.0200, 0.0601
(68, 101): 0.5036, 0.0200, 0.0603
(68, 102): 0.5178, 0.0200, 0.0594
(69, 34): 0.5470, 0.0200, 0.0575
(69, 35): 0.5501, 0.0200, 0.0571
(69, 36): 0.6165, 0.0200, 0.0537
(69, 37): 0.5318, 0.0200, 0.0595
(69, 38): 0.5505, 0.0200, 0.0582
(69, 39): 0.5239, 0.0200, 0.0594
(69, 40): 0.4944, 0.0200, 0.0619
(69, 41): 0.5666, 0.0200, 0.0562
(69, 42): 0.5607, 0.0200, 0.0567
(69, 43): 0.5491, 0.0200, 0.0576
(69, 44): 0.2719, 0.0200, 0.0692
(69, 45): 0.5429, 0.0200, 0.0570
(69, 46): 0.5640, 0.0200, 0.0551
(69, 47): 0.5755, 0.0200, 0.0541
(69, 48): 0.8540, 0.0200, 0.0475
(69, 49): 0.4993, 0.0200, 0.0590
(69, 50): 0.5502, 0.0200, 0.0578
(69, 51): 0.4636, 0.0200, 0.0599
(69, 52): 0.4784, 0.0200, 0.0603
(69, 53): 0.5536, 0.0200, 0.0579
(69, 54): 0.5371, 0.0200, 0.0592
(69, 55): 0.5375, 0.0200, 0.0598
(69, 56): 0.5323, 0.0200, 0.0596
(69, 57): 0.5194, 0.0200, 0.0599
(69, 58): 0.5397, 0.0200, 0.0588
(69, 59): 0.5383, 0.0200, 0.0586
(69, 60): 0.5323, 0.0200, 0.0582
(69, 61): 0.5446, 0.0200, 0.0571
(69, 62): 0.5471, 0.0200, 0.0564
(69, 63): 0.5454, 0.0200, 0.0563
(69, 64): 0.5275, 0.0200, 0.0576
(69, 65): 0.3816, 0.0200, 0.0545
(69, 66): 0.5774, 0.0200, 0.0542
(69, 67): 0.5525, 0.0200, 0.0558
(69, 68): 0.5465, 0.0200, 0.0559
(69, 69): 0.5279, 0.0200, 0.0575
(69, 70): 0.5146, 0.0200, 0.0584
(69, 71): 0.5178, 0.0200, 0.0580
(69, 72): 0.5475, 0.0200, 0.0555
(69, 73): 0.5573, 0.0200, 0.0553
(69, 74): 0.8424, 0.0200, 0.0482
(69, 75): 0.8482, 0.0200, 0.0442
(69, 76): 0.5033, 0.0200, 0.0600
(69, 77): 0.8188, 0.0200, 0.0491
(69, 78): 0.5159, 0.0200, 0.0583
(69, 79): 0.5297, 0.0200, 0.0568
(69, 80): 0.5412, 0.0200, 0.0553
(69, 81): 0.5105, 0.0200, 0.0572
(69, 82): 0.5381, 0.0200, 0.0550
(69, 83): 0.5424, 0.0200, 0.0545
(69, 84): 0.5451, 0.0200, 0.0541
(69, 85): 0.5360, 0.0200, 0.0547
(69, 86): 0.5125, 0.0200, 0.0563
(69, 87): 0.5394, 0.0200, 0.0546
(69, 88): 0.5330, 0.0200, 0.0549
(69, 89): 0.5481, 0.0200, 0.0544
(69, 90): 0.5452, 0.0200, 0.0549
(69, 91): 0.5200, 0.0200, 0.0565
(69, 92): 0.6018, 0.0200, 0.0537
(69, 93): 0.5313, 0.0200, 0.0562
(69, 94): 0.5340, 0.0200, 0.0564
(69, 95): 0.5296, 0.0200, 0.0576
(69, 96): 0.5188, 0.0200, 0.0585
(69, 97): 0.5249, 0.0200, 0.0585
(69, 98): 0.5339, 0.0200, 0.0577
(69, 99): 0.5272, 0.0200, 0.0584
(69, 100): 0.5299, 0.0200, 0.0581
(69, 101): 0.5164, 0.0200, 0.0588
(69, 102): 0.5061, 0.0200, 0.0592
(70, 33): 0.5226, 0.0200, 0.0594
(70, 34): 0.5375, 0.0200, 0.0580
(70, 35): 0.5208, 0.0200, 0.0597
(70, 36): 0.5294, 0.0200, 0.0600
(70, 37): 0.5483, 0.0200, 0.0587
(70, 38): 0.5318, 0.0200, 0.0598
(70, 39): 0.5246, 0.0200, 0.0592
(70, 40): 0.6029, 0.0200, 0.0594
(70, 41): 0.5484, 0.0200, 0.0581
(70, 42): 0.5539, 0.0200, 0.0575
(70, 43): 0.5634, 0.0200, 0.0572
(70, 44): 0.5585, 0.0200, 0.0568
(70, 45): 0.5472, 0.0200, 0.0570
(70, 46): 0.5524, 0.0200, 0.0578
(70, 47): 0.6306, 0.0200, 0.0544
(70, 48): 0.5694, 0.0200, 0.0546
(70, 49): 0.5376, 0.0200, 0.0583
(70, 50): 0.5487, 0.0200, 0.0577
(70, 51): 0.5560, 0.0200, 0.0573
(70, 52): 0.6494, 0.0200, 0.0633
(70, 53): 0.4729, 0.0200, 0.0665
(70, 54): 0.4902, 0.0200, 0.0671
(70, 55): 0.4684, 0.0200, 0.0676
(70, 56): 0.4752, 0.0200, 0.0664
(70, 57): 0.5440, 0.0200, 0.0595
(70, 58): 0.5433, 0.0200, 0.0591
(70, 59): 0.5337, 0.0200, 0.0589
(70, 60): 0.5532, 0.0200, 0.0569
(70, 61): 0.5413, 0.0200, 0.0577
(70, 62): 0.5338, 0.0200, 0.0574
(70, 63): 0.5385, 0.0200, 0.0572
(70, 64): 0.5324, 0.0200, 0.0573
(70, 65): 0.5422, 0.0200, 0.0560
(70, 66): 0.5374, 0.0200, 0.0561
(70, 67): 0.5332, 0.0200, 0.0561
(70, 68): 0.4152, 0.0200, 0.0776
(70, 69): 0.5163, 0.0200, 0.0580
(70, 70): 0.5203, 0.0200, 0.0579
(70, 71): 0.5262, 0.0200, 0.0578
(70, 72): 0.5278, 0.0200, 0.0576
(70, 73): 0.5234, 0.0200, 0.0579
(70, 74): 0.5258, 0.0200, 0.0584
(70, 75): 0.5056, 0.0200, 0.0600
(70, 76): 0.4927, 0.0200, 0.0599
(70, 77): 0.4985, 0.0200, 0.0597
(70, 78): 0.5095, 0.0200, 0.0584
(70, 79): 0.5272, 0.0200, 0.0567
(70, 80): 0.5295, 0.0200, 0.0564
(70, 81): 0.5270, 0.0200, 0.0563
(70, 82): 0.5310, 0.0200, 0.0559
(70, 83): 0.5347, 0.0200, 0.0550
(70, 84): 0.5423, 0.0200, 0.0548
(70, 85): 0.5328, 0.0200, 0.0549
(70, 86): 0.4069, 0.0200, 0.0655
(70, 87): 0.5383, 0.0200, 0.0546
(70, 88): 0.5310, 0.0200, 0.0549
(70, 89): 0.5216, 0.0200, 0.0574
(70, 90): 0.5409, 0.0200, 0.0556
(70, 91): 0.5445, 0.0200, 0.0555
(70, 92): 0.5247, 0.0200, 0.0573
(70, 93): 0.5085, 0.0200, 0.0584
(70, 94): 0.5287, 0.0200, 0.0572
(70, 95): 0.5189, 0.0200, 0.0585
(70, 96): 0.5200, 0.0200, 0.0584
(70, 97): 0.5283, 0.0200, 0.0582
(70, 98): 0.5494, 0.0200, 0.0558
(70, 99): 0.4813, 0.0200, 0.0616
(70, 100): 0.3992, 0.0200, 0.0623
(70, 101): 0.4586, 0.0200, 0.0629
