(20, 13): 1.7777, 0.0200, 0.7717, 0.0092
(20, 14): 1.8414, 0.0200, 0.7334, 0.0088
(20, 15): 1.8276, 0.0200, 0.9174, 0.0056
(20, 16): 1.8724, 0.0200, 0.8252, 0.0060
(20, 17): 1.9001, 0.0200, 0.7957, 0.0058
(20, 18): 1.8667, 0.0200, 0.8772, 0.0064
(20, 19): 1.7691, 0.0200, 1.0152, 0.0063
(20, 20): 1.7390, 0.0200, 1.0101, 0.0049
(20, 21): 1.6035, 0.0200, 1.1413, 0.0036
(20, 22): 1.7275, 0.0200, 0.9155, 0.0046
(20, 23): 1.7019, 0.0200, 0.9225, 0.0038
(20, 24): 1.7685, 0.0200, 0.8749, 0.0055
(20, 25): 1.6847, 0.0200, 1.0116, 0.0040
(20, 26): 1.1158, 0.0200, 0.4573, 0.0051
(20, 27): nan, nan, nan, 0.0000
(26, 16): 1.8761, 0.0200, 0.8628, 0.0059
(26, 17): 1.7517, 0.0200, 0.9893, 0.0053
(26, 18): 1.7956, 0.0200, 0.9607, 0.0051
(26, 19): 1.7474, 0.0200, 1.0038, 0.0051
(26, 20): 1.7998, 0.0200, 0.9819, 0.0044
(26, 21): 1.7459, 0.0200, 1.0845, 0.0041
(26, 22): 1.6573, 0.0200, 0.9437, 0.0039
(26, 23): nan, nan, nan, 0.0000
(26, 24): nan, nan, nan, 0.0000
(26, 25): nan, nan, nan, 0.0000
(26, 26): nan, nan, nan, 0.0000
(26, 27): nan, nan, nan, 0.0000
(27, 1): nan, nan, nan, 0.0000
(27, 2): 1.8527, 0.0200, 0.3172, 0.0107
(27, 3): 2.2122, 0.0200, 0.4797, 0.0083
(24, 25): nan, nan, nan, 0.0000
(24, 26): nan, nan, nan, 0.0000
(24, 27): nan, nan, nan, 0.0000
(25, 1): nan, nan, nan, 0.0000
(25, 2): nan, nan, nan, 0.0000
(25, 3): nan, nan, nan, 0.0000
(25, 4): 1.8556, 0.0200, 0.4331, 0.0069
(25, 5): 1.7979, 0.0200, 0.6102, 0.0073
(25, 6): 1.9228, 0.0200, 0.6958, 0.0079
(25, 7): 1.7815, 0.0200, 0.4594, 0.0105
(25, 8): 1.9173, 0.0200, 0.5811, 0.0087
(25, 9): 1.9543, 0.0200, 0.6032, 0.0072
(25, 10): 2.1454, 0.0200, 0.3912, 0.0114
(25, 11): 2.1059, 0.0200, 0.5030, 0.0092
(25, 12): 1.9270, 0.0200, 0.6672, 0.0075
(7, 4): nan, nan, nan, 0.0000
(7, 5): nan, nan, nan, 0.0000
(7, 6): nan, nan, nan, 0.0000
(7, 7): nan, nan, nan, 0.0000
(7, 8): nan, nan, nan, 0.0000
(7, 9): nan, nan, nan, 0.0000
(7, 10): 1.0848, 0.0200, 0.2140, 0.0081
(7, 11): 1.4937, 0.0200, 0.4627, 0.0059
(7, 12): nan, nan, nan, 0.0000
(7, 13): nan, nan, nan, 0.0000
(7, 14): nan, nan, nan, 0.0000
(7, 15): 2.2847, 0.0200, 0.2674, 0.0146
(7, 16): 2.7219, 0.0200, 0.1640, 0.0166
(7, 17): 2.1526, 0.0200, 0.5007, 0.0095
(7, 18): 1.9113, 0.0200, 0.7383, 0.0061
(37, 4): nan, nan, nan, 0.0000
(37, 5): nan, nan, nan, 0.0000
(37, 6): nan, nan, nan, 0.0000
(37, 7): nan, nan, nan, 0.0000
(37, 8): nan, nan, nan, 0.0000
(37, 9): nan, nan, nan, 0.0000
(37, 10): nan, nan, nan, 0.0000
(37, 11): nan, nan, nan, 0.0000
(37, 12): nan, nan, nan, 0.0000
(37, 13): nan, nan, nan, 0.0000
(37, 14): nan, nan, nan, 0.0000
(37, 15): nan, nan, nan, 0.0000
(37, 16): nan, nan, nan, 0.0000
(37, 17): nan, nan, nan, 0.0000
(37, 18): nan, nan, nan, 0.0000
(37, 19): nan, nan, nan, 0.0000
(37, 20): nan, nan, nan, 0.0000
(37, 21): nan, nan, nan, 0.0000
(37, 22): nan, nan, nan, 0.0000
(37, 23): nan, nan, nan, 0.0000
(37, 24): nan, nan, nan, 0.0000
(37, 25): nan, nan, nan, 0.0000
(37, 26): nan, nan, nan, 0.0000
(37, 27): nan, nan, nan, 0.0000
(2, 19): nan, nan, nan, 0.0000
(2, 20): 1.2116, 0.0200, 0.3107, 0.0069
(2, 21): 1.2531, 0.0200, 0.3175, 0.0080
(2, 22): nan, nan, nan, 0.0000
(2, 23): nan, nan, nan, 0.0000
(2, 24): nan, nan, nan, 0.0000
(2, 25): nan, nan, nan, 0.0000
(2, 26): nan, nan, nan, 0.0000
(2, 27): nan, nan, nan, 0.0000
(3, 1): nan, nan, nan, 0.0000
(3, 2): nan, nan, nan, 0.0000
(3, 3): nan, nan, nan, 0.0000
(3, 4): nan, nan, nan, 0.0000
(3, 5): nan, nan, nan, 0.0000
(3, 6): nan, nan, nan, 0.0000
(32, 19): 1.3024, 0.0200, 0.4764, 0.0048
(32, 20): 1.8796, 0.0200, 0.9061, 0.0045
(32, 21): 1.5856, 0.0200, 0.9908, 0.0050
(32, 22): 1.1150, 0.0200, 0.4518, 0.0046
(32, 23): nan, nan, nan, 0.0000
(32, 24): nan, nan, nan, 0.0000
(32, 25): nan, nan, nan, 0.0000
(32, 26): nan, nan, nan, 0.0000
(32, 27): nan, nan, nan, 0.0000
(33, 1): nan, nan, nan, 0.0000
(33, 2): nan, nan, nan, 0.0000
(33, 3): nan, nan, nan, 0.0000
(33, 4): nan, nan, nan, 0.0000
(33, 5): nan, nan, nan, 0.0000
(33, 6): nan, nan, nan, 0.0000
(4, 10): nan, nan, nan, 0.0000
(4, 11): nan, nan, nan, 0.0000
(4, 12): nan, nan, nan, 0.0000
(4, 13): 1.4296, 0.0200, 0.3338, 0.0082
(4, 14): 1.8989, 0.0200, 0.3412, 0.0101
(4, 15): 1.5198, 0.0200, 0.2909, 0.0111
(4, 16): 1.4904, 0.0200, 0.3377, 0.0102
(4, 17): 1.4758, 0.0200, 0.3162, 0.0097
(4, 18): 1.7444, 0.0200, 0.6314, 0.0084
(4, 19): 1.7040, 0.0200, 0.7751, 0.0079
(4, 20): 1.6861, 0.0200, 0.9824, 0.0060
(4, 21): 1.7050, 0.0200, 1.0266, 0.0056
(4, 22): 1.7001, 0.0200, 1.0056, 0.0052
(4, 23): 1.8576, 0.0200, 0.8598, 0.0053
(4, 24): 1.7576, 0.0200, 0.9570, 0.0058
(32, 4): nan, nan, nan, 0.0000
(32, 5): nan, nan, nan, 0.0000
(32, 6): nan, nan, nan, 0.0000
(32, 7): nan, nan, nan, 0.0000
(32, 8): nan, nan, nan, 0.0000
(32, 9): nan, nan, nan, 0.0000
(32, 10): nan, nan, nan, 0.0000
(32, 11): nan, nan, nan, 0.0000
(32, 12): nan, nan, nan, 0.0000
(32, 13): nan, nan, nan, 0.0000
(32, 14): nan, nan, nan, 0.0000
(32, 15): nan, nan, nan, 0.0000
(32, 16): nan, nan, nan, 0.0000
(32, 17): nan, nan, nan, 0.0000
(32, 18): nan, nan, nan, 0.0000
(36, 16): nan, nan, nan, 0.0000
(36, 17): nan, nan, nan, 0.0000
(36, 18): nan, nan, nan, 0.0000
(36, 19): nan, nan, nan, 0.0000
(36, 20): nan, nan, nan, 0.0000
(36, 21): nan, nan, nan, 0.0000
(36, 22): nan, nan, nan, 0.0000
(36, 23): nan, nan, nan, 0.0000
(36, 24): nan, nan, nan, 0.0000
(36, 25): nan, nan, nan, 0.0000
(36, 26): nan, nan, nan, 0.0000
(36, 27): nan, nan, nan, 0.0000
(37, 1): nan, nan, nan, 0.0000
(37, 2): nan, nan, nan, 0.0000
(37, 3): nan, nan, nan, 0.0000
(13, 22): 1.6763, 0.0200, 1.0068, 0.0049
(13, 23): 1.7930, 0.0200, 0.8716, 0.0049
(13, 24): 1.7330, 0.0200, 0.8558, 0.0053
(13, 25): 1.0671, 0.0200, 0.2107, 0.0100
(13, 26): nan, nan, nan, 0.0000
(13, 27): nan, nan, nan, 0.0000
(14, 1): nan, nan, nan, 0.0000
(14, 2): nan, nan, nan, 0.0000
(14, 3): nan, nan, nan, 0.0000
(14, 4): nan, nan, nan, 0.0000
(14, 5): nan, nan, nan, 0.0000
(14, 6): nan, nan, nan, 0.0000
(14, 7): nan, nan, nan, 0.0000
(14, 8): nan, nan, nan, 0.0000
(14, 9): nan, nan, nan, 0.0000
(11, 1): nan, nan, nan, 0.0000
(11, 2): nan, nan, nan, 0.0000
(11, 3): nan, nan, nan, 0.0000
(11, 4): nan, nan, nan, 0.0000
(11, 5): nan, nan, nan, 0.0000
(11, 6): nan, nan, nan, 0.0000
(11, 7): nan, nan, nan, 0.0000
(11, 8): nan, nan, nan, 0.0000
(11, 9): nan, nan, nan, 0.0000
(11, 10): 1.7018, 0.0200, 0.7473, 0.0049
(11, 11): 1.7768, 0.0200, 0.7692, 0.0067
(11, 12): 1.9755, 0.0200, 0.5625, 0.0072
(11, 13): 1.3522, 0.0200, 0.3922, 0.0097
(11, 14): nan, nan, nan, 0.0000
(11, 15): nan, nan, nan, 0.0000
(1, 16): nan, nan, nan, 0.0000
(1, 17): nan, nan, nan, 0.0000
(1, 18): nan, nan, nan, 0.0000
(1, 19): nan, nan, nan, 0.0000
(1, 20): nan, nan, nan, 0.0000
(1, 21): nan, nan, nan, 0.0000
(1, 22): nan, nan, nan, 0.0000
(1, 23): nan, nan, nan, 0.0000
(1, 24): nan, nan, nan, 0.0000
(1, 25): nan, nan, nan, 0.0000
(1, 26): nan, nan, nan, 0.0000
(1, 27): nan, nan, nan, 0.0000
(2, 1): nan, nan, nan, 0.0000
(2, 2): nan, nan, nan, 0.0000
(2, 3): nan, nan, nan, 0.0000
(17, 19): 1.8163, 0.0200, 0.9171, 0.0050
(17, 20): 1.8479, 0.0200, 0.8348, 0.0052
(17, 21): 1.7891, 0.0200, 0.8716, 0.0060
(17, 22): 1.6620, 0.0200, 1.0437, 0.0044
(17, 23): 1.6785, 0.0200, 1.0440, 0.0046
(17, 24): 1.6395, 0.0200, 1.1389, 0.0045
(17, 25): 1.7794, 0.0200, 0.9778, 0.0053
(17, 26): 1.6926, 0.0200, 0.8479, 0.0049
(17, 27): nan, nan, nan, 0.0000
(18, 1): nan, nan, nan, 0.0000
(18, 2): nan, nan, nan, 0.0000
(18, 3): nan, nan, nan, 0.0000
(18, 4): nan, nan, nan, 0.0000
(18, 5): nan, nan, nan, 0.0000
(18, 6): nan, nan, nan, 0.0000
(11, 16): 0.9973, 0.0200, 0.2693, 0.0175
(11, 17): 2.1678, 0.0200, 0.4176, 0.0095
(11, 18): 1.9656, 0.0200, 0.7663, 0.0066
(11, 19): 1.8602, 0.0200, 0.8565, 0.0055
(11, 20): 1.7460, 0.0200, 0.9610, 0.0064
(11, 21): 1.7678, 0.0200, 0.9596, 0.0060
(11, 22): 1.8028, 0.0200, 0.9081, 0.0054
(11, 23): 1.7894, 0.0200, 0.9235, 0.0068
(11, 24): 1.7785, 0.0199, 0.9713, 0.0046
(11, 25): 1.8043, 0.0200, 0.9261, 0.0065
(11, 26): 1.8247, 0.0200, 0.8730, 0.0051
(11, 27): nan, nan, nan, 0.0000
(12, 1): nan, nan, nan, 0.0000
(12, 2): nan, nan, nan, 0.0000
(12, 3): nan, nan, nan, 0.0000
(9, 25): 1.7513, 0.0200, 0.9627, 0.0049
(9, 26): 1.7608, 0.0200, 0.9540, 0.0060
(9, 27): 1.3618, 0.0200, 0.3502, 0.0074
(10, 1): nan, nan, nan, 0.0000
(10, 2): nan, nan, nan, 0.0000
(10, 3): nan, nan, nan, 0.0000
(10, 4): nan, nan, nan, 0.0000
(10, 5): nan, nan, nan, 0.0000
(10, 6): nan, nan, nan, 0.0000
(10, 7): nan, nan, nan, 0.0000
(10, 8): nan, nan, nan, 0.0000
(10, 9): nan, nan, nan, 0.0000
(10, 10): 1.6328, 0.0200, 0.6504, 0.0063
(10, 11): 1.3758, 0.0200, 0.3548, 0.0087
(10, 12): 1.6465, 0.0200, 0.5643, 0.0077
(12, 19): 1.9294, 0.0200, 0.7543, 0.0065
(12, 20): 1.7480, 0.0200, 0.9897, 0.0070
(12, 21): 1.7971, 0.0200, 0.9268, 0.0061
(12, 22): 1.7622, 0.0200, 0.9738, 0.0057
(12, 23): 1.7347, 0.0200, 0.9821, 0.0052
(12, 24): 1.7483, 0.0200, 0.8289, 0.0060
(12, 25): 1.4070, 0.0200, 0.4703, 0.0073
(12, 26): 1.3496, 0.0200, 0.4910, 0.0056
(12, 27): nan, nan, nan, 0.0000
(13, 1): nan, nan, nan, 0.0000
(13, 2): nan, nan, nan, 0.0000
(13, 3): nan, nan, nan, 0.0000
(13, 4): nan, nan, nan, 0.0000
(13, 5): nan, nan, nan, 0.0000
(13, 6): nan, nan, nan, 0.0000
(36, 1): nan, nan, nan, 0.0000
(36, 2): nan, nan, nan, 0.0000
(36, 3): nan, nan, nan, 0.0000
(36, 4): nan, nan, nan, 0.0000
(36, 5): nan, nan, nan, 0.0000
(36, 6): nan, nan, nan, 0.0000
(36, 7): nan, nan, nan, 0.0000
(36, 8): nan, nan, nan, 0.0000
(36, 9): nan, nan, nan, 0.0000
(36, 10): nan, nan, nan, 0.0000
(36, 11): nan, nan, nan, 0.0000
(36, 12): nan, nan, nan, 0.0000
(36, 13): nan, nan, nan, 0.0000
(36, 14): nan, nan, nan, 0.0000
(36, 15): nan, nan, nan, 0.0000
(13, 7): nan, nan, nan, 0.0000
(13, 8): nan, nan, nan, 0.0000
(13, 9): nan, nan, nan, 0.0000
(13, 10): 1.7819, 0.0200, 0.8538, 0.0059
(13, 11): 1.9233, 0.0200, 0.7409, 0.0074
(13, 12): 1.9329, 0.0200, 0.6436, 0.0073
(13, 13): 1.7954, 0.0200, 0.6187, 0.0067
(13, 14): 1.3686, 0.0200, 0.2410, 0.0077
(13, 15): nan, nan, nan, 0.0000
(13, 16): 1.6570, 0.0200, 0.1152, 0.0283
(13, 17): 2.4574, 0.0200, 0.1554, 0.0251
(13, 18): 1.9004, 0.0200, 0.6784, 0.0076
(13, 19): 1.9124, 0.0200, 0.7608, 0.0072
(13, 20): 1.8332, 0.0200, 0.8719, 0.0062
(13, 21): 2.0851, 0.0200, 0.5231, 0.0092
(21, 1): nan, nan, nan, 0.0000
(21, 2): nan, nan, nan, 0.0000
(21, 3): nan, nan, nan, 0.0000
(21, 4): nan, nan, nan, 0.0000
(21, 5): nan, nan, nan, 0.0000
(21, 6): 1.3680, 0.0200, 0.2741, 0.0105
(21, 7): 2.3074, 0.0200, 0.3143, 0.0126
(21, 8): 2.1458, 0.0200, 0.4636, 0.0093
(21, 9): 1.8661, 0.0200, 0.7746, 0.0067
(21, 10): 1.7239, 0.0200, 0.8602, 0.0071
(21, 11): 1.8140, 0.0200, 0.7977, 0.0057
(21, 12): 1.8726, 0.0200, 0.6841, 0.0074
(21, 13): 1.8607, 0.0200, 0.7017, 0.0065
(21, 14): 1.9401, 0.0200, 0.6874, 0.0062
(21, 15): 1.7926, 0.0200, 0.9135, 0.0050
(12, 4): nan, nan, nan, 0.0000
(12, 5): nan, nan, nan, 0.0000
(12, 6): nan, nan, nan, 0.0000
(12, 7): nan, nan, nan, 0.0000
(12, 8): nan, nan, nan, 0.0000
(12, 9): nan, nan, nan, 0.0000
(12, 10): 1.9270, 0.0200, 0.5889, 0.0065
(12, 11): 2.0189, 0.0200, 0.5605, 0.0066
(12, 12): 1.9645, 0.0200, 0.5730, 0.0089
(12, 13): 1.8724, 0.0200, 0.5533, 0.0075
(12, 14): 1.6687, 0.0200, 0.4814, 0.0073
(12, 15): nan, nan, nan, 0.0000
(12, 16): 1.7976, 0.0200, 0.1658, 0.0241
(12, 17): 2.2081, 0.0200, 0.4295, 0.0102
(12, 18): 2.0309, 0.0200, 0.6501, 0.0077
(29, 25): nan, nan, nan, 0.0000
(29, 26): nan, nan, nan, 0.0000
(29, 27): nan, nan, nan, 0.0000
(30, 1): nan, nan, nan, 0.0000
(30, 2): 1.5731, 0.0200, 0.7499, 0.0053
(30, 3): 1.4037, 0.0200, 0.4612, 0.0054
(30, 4): 1.3894, 0.0200, 0.3674, 0.0064
(30, 5): 1.9392, 0.0200, 0.6155, 0.0058
(30, 6): 1.8268, 0.0200, 0.6919, 0.0060
(30, 7): 1.2062, 0.0200, 0.4963, 0.0042
(30, 8): nan, nan, nan, 0.0000
(30, 9): nan, nan, nan, 0.0000
(30, 10): nan, nan, nan, 0.0000
(30, 11): nan, nan, nan, 0.0000
(30, 12): nan, nan, nan, 0.0000
(5, 13): 1.4814, 0.0200, 0.3894, 0.0072
(5, 14): nan, nan, nan, 0.0000
(5, 15): nan, nan, nan, 0.0000
(5, 16): 2.0241, 0.0200, 0.3385, 0.0099
(5, 17): 2.0892, 0.0200, 0.5331, 0.0084
(5, 18): 1.9153, 0.0200, 0.6869, 0.0089
(5, 19): 1.7599, 0.0200, 0.9519, 0.0073
(5, 20): 1.7900, 0.0200, 0.8770, 0.0072
(5, 21): 1.7290, 0.0200, 0.9758, 0.0056
(5, 22): 1.8138, 0.0200, 0.7912, 0.0064
(5, 23): 1.7745, 0.0200, 0.8978, 0.0069
(5, 24): 1.6718, 0.0200, 1.1431, 0.0064
(5, 25): 1.9543, 0.0200, 0.6469, 0.0070
(5, 26): 1.6728, 0.0200, 0.9365, 0.0056
(5, 27): 1.4154, 0.0200, 0.3899, 0.0082
(35, 13): nan, nan, nan, 0.0000
(35, 14): nan, nan, nan, 0.0000
(35, 15): nan, nan, nan, 0.0000
(35, 16): nan, nan, nan, 0.0000
(35, 17): nan, nan, nan, 0.0000
(35, 18): nan, nan, nan, 0.0000
(35, 19): nan, nan, nan, 0.0000
(35, 20): nan, nan, nan, 0.0000
(35, 21): nan, nan, nan, 0.0000
(35, 22): nan, nan, nan, 0.0000
(35, 23): nan, nan, nan, 0.0000
(35, 24): nan, nan, nan, 0.0000
(35, 25): nan, nan, nan, 0.0000
(35, 26): nan, nan, nan, 0.0000
(35, 27): nan, nan, nan, 0.0000
(24, 10): 1.8499, 0.0200, 0.6972, 0.0062
(24, 11): 1.9434, 0.0200, 0.6982, 0.0057
(24, 12): 1.8581, 0.0200, 0.7186, 0.0080
(24, 13): 1.7014, 0.0200, 0.7844, 0.0053
(24, 14): 1.8660, 0.0200, 0.7353, 0.0054
(24, 15): 1.9417, 0.0200, 0.6513, 0.0070
(24, 16): 2.0001, 0.0200, 0.6680, 0.0061
(24, 17): 1.8507, 0.0200, 0.8944, 0.0052
(24, 18): 1.8294, 0.0200, 0.9112, 0.0047
(24, 19): 1.8220, 0.0200, 0.9472, 0.0043
(24, 20): 1.7175, 0.0200, 1.0895, 0.0039
(24, 21): 1.5282, 0.0200, 0.8794, 0.0037
(24, 22): nan, nan, nan, 0.0000
(24, 23): nan, nan, nan, 0.0000
(24, 24): nan, nan, nan, 0.0000
(28, 7): 1.5427, 0.0200, 0.6121, 0.0047
(28, 8): 1.7306, 0.0200, 0.6299, 0.0066
(28, 9): 1.5111, 0.0200, 0.7338, 0.0053
(28, 10): nan, nan, nan, 0.0000
(28, 11): nan, nan, nan, 0.0000
(28, 12): nan, nan, nan, 0.0000
(28, 13): nan, nan, nan, 0.0000
(28, 14): 1.3703, 0.0200, 0.4108, 0.0052
(28, 15): 1.8466, 0.0200, 0.8318, 0.0060
(28, 16): 1.6315, 0.0200, 1.1763, 0.0047
(28, 17): 1.7012, 0.0200, 1.1082, 0.0035
(28, 18): 1.6460, 0.0200, 1.2652, 0.0036
(28, 19): 1.6625, 0.0200, 1.1825, 0.0036
(28, 20): 1.9124, 0.0200, 0.8366, 0.0055
(28, 21): 1.6768, 0.0200, 1.1057, 0.0050
(25, 13): 1.9723, 0.0200, 0.6455, 0.0094
(25, 14): 2.0092, 0.0200, 0.5812, 0.0087
(25, 15): 1.8356, 0.0200, 0.8196, 0.0058
(25, 16): 1.8134, 0.0200, 0.9296, 0.0046
(25, 17): 2.0456, 0.0200, 0.6214, 0.0067
(25, 18): 1.7931, 0.0200, 0.9731, 0.0045
(25, 19): 1.6983, 0.0200, 1.1295, 0.0039
(25, 20): 1.7583, 0.0200, 1.0183, 0.0044
(25, 21): 1.8114, 0.0200, 0.9518, 0.0048
(25, 22): 1.5080, 0.0200, 0.6075, 0.0055
(25, 23): nan, nan, nan, 0.0000
(25, 24): nan, nan, nan, 0.0000
(25, 25): nan, nan, nan, 0.0000
(25, 26): nan, nan, nan, 0.0000
(25, 27): nan, nan, nan, 0.0000
(4, 25): 1.7509, 0.0200, 0.5116, 0.0073
(4, 26): 1.2671, 0.0200, 0.2643, 0.0082
(4, 27): nan, nan, nan, 0.0000
(5, 1): nan, nan, nan, 0.0000
(5, 2): nan, nan, nan, 0.0000
(5, 3): nan, nan, nan, 0.0000
(5, 4): nan, nan, nan, 0.0000
(5, 5): nan, nan, nan, 0.0000
(5, 6): nan, nan, nan, 0.0000
(5, 7): nan, nan, nan, 0.0000
(5, 8): nan, nan, nan, 0.0000
(5, 9): nan, nan, nan, 0.0000
(5, 10): nan, nan, nan, 0.0000
(5, 11): nan, nan, nan, 0.0000
(5, 12): nan, nan, nan, 0.0000
(16, 16): 1.9397, 0.0200, 0.3455, 0.0143
(16, 17): 2.2175, 0.0200, 0.3667, 0.0081
(16, 18): 1.8368, 0.0200, 0.8714, 0.0067
(16, 19): 1.8097, 0.0200, 0.9098, 0.0055
(16, 20): 1.7090, 0.0200, 1.0131, 0.0039
(16, 21): 1.7298, 0.0200, 0.9554, 0.0051
(16, 22): 1.8239, 0.0200, 0.8635, 0.0050
(16, 23): 1.7539, 0.0200, 0.9055, 0.0049
(16, 24): 1.7066, 0.0200, 0.9689, 0.0048
(16, 25): 1.7331, 0.0200, 0.9386, 0.0051
(16, 26): 1.7686, 0.0200, 0.8999, 0.0047
(16, 27): 1.4684, 0.0200, 0.8434, 0.0043
(17, 1): nan, nan, nan, 0.0000
(17, 2): nan, nan, nan, 0.0000
(17, 3): nan, nan, nan, 0.0000
(8, 7): nan, nan, nan, 0.0000
(8, 8): nan, nan, nan, 0.0000
(8, 9): nan, nan, nan, 0.0000
(8, 10): 1.5327, 0.0200, 0.6908, 0.0058
(8, 11): 1.4927, 0.0200, 0.6463, 0.0054
(8, 12): nan, nan, nan, 0.0000
(8, 13): nan, nan, nan, 0.0000
(8, 14): 1.5528, 0.0200, 0.3306, 0.0090
(8, 15): 2.1585, 0.0200, 0.4488, 0.0132
(8, 16): 3.3791, 0.0200, 0.1397, 0.0172
(8, 17): 2.2345, 0.0200, 0.4403, 0.0109
(8, 18): 2.0678, 0.0200, 0.5861, 0.0090
(8, 19): 1.8510, 0.0200, 0.8592, 0.0060
(8, 20): 1.8421, 0.0200, 0.8689, 0.0057
(8, 21): 1.7669, 0.0200, 0.9572, 0.0051
(14, 10): 1.9268, 0.0200, 0.7169, 0.0069
(14, 11): 2.0145, 0.0200, 0.6307, 0.0062
(14, 12): 1.8541, 0.0200, 0.7730, 0.0052
(14, 13): 1.0506, 0.0200, 0.2246, 0.0092
(14, 14): nan, nan, nan, 0.0000
(14, 15): 1.3733, 0.0200, 0.1316, 0.0208
(14, 16): 1.9157, 0.0200, 0.2241, 0.0297
(14, 17): 2.3735, 0.0200, 0.2667, 0.0149
(14, 18): 2.3140, 0.0200, 0.3707, 0.0141
(14, 19): 1.7982, 0.0200, 0.9269, 0.0072
(14, 20): 1.9279, 0.0200, 0.7063, 0.0068
(14, 21): 1.7813, 0.0200, 0.9080, 0.0068
(14, 22): 1.7876, 0.0200, 0.8652, 0.0058
(14, 23): 1.7041, 0.0200, 0.9642, 0.0047
(14, 24): 1.5959, 0.0200, 1.0481, 0.0040
(27, 19): 1.7160, 0.0200, 1.1077, 0.0031
(27, 20): 1.7177, 0.0200, 1.0927, 0.0039
(27, 21): 1.7130, 0.0200, 1.0653, 0.0038
(27, 22): 1.7964, 0.0200, 0.7174, 0.0057
(27, 23): nan, nan, nan, 0.0000
(27, 24): nan, nan, nan, 0.0000
(27, 25): nan, nan, nan, 0.0000
(27, 26): nan, nan, nan, 0.0000
(27, 27): nan, nan, nan, 0.0000
(28, 1): nan, nan, nan, 0.0000
(28, 2): 1.1633, 0.0200, 0.1971, 0.0089
(28, 3): 1.8058, 0.0200, 0.4129, 0.0082
(28, 4): 1.7804, 0.0200, 0.3912, 0.0093
(28, 5): 1.8193, 0.0200, 0.7024, 0.0053
(28, 6): 1.5473, 0.0200, 0.5696, 0.0055
(18, 22): 1.6334, 0.0200, 1.1321, 0.0045
(18, 23): 1.7957, 0.0200, 0.9451, 0.0049
(18, 24): 1.7018, 0.0200, 1.1238, 0.0037
(18, 25): 1.6431, 0.0200, 1.0697, 0.0035
(18, 26): 1.2543, 0.0200, 0.4590, 0.0049
(18, 27): nan, nan, nan, 0.0000
(19, 1): nan, nan, nan, 0.0000
(19, 2): nan, nan, nan, 0.0000
(19, 3): nan, nan, nan, 0.0000
(19, 4): nan, nan, nan, 0.0000
(19, 5): nan, nan, nan, 0.0000
(19, 6): nan, nan, nan, 0.0000
(19, 7): nan, nan, nan, 0.0000
(19, 8): 1.7855, 0.0200, 0.4668, 0.0086
(19, 9): 1.9380, 0.0200, 0.6428, 0.0087
(1, 1): nan, nan, nan, 0.0000
(1, 2): nan, nan, nan, 0.0000
(1, 3): nan, nan, nan, 0.0000
(1, 4): nan, nan, nan, 0.0000
(1, 5): nan, nan, nan, 0.0000
(1, 6): nan, nan, nan, 0.0000
(1, 7): nan, nan, nan, 0.0000
(1, 8): nan, nan, nan, 0.0000
(1, 9): nan, nan, nan, 0.0000
(1, 10): nan, nan, nan, 0.0000
(1, 11): nan, nan, nan, 0.0000
(1, 12): nan, nan, nan, 0.0000
(1, 13): nan, nan, nan, 0.0000
(1, 14): nan, nan, nan, 0.0000
(1, 15): nan, nan, nan, 0.0000
(23, 22): nan, nan, nan, 0.0000
(23, 23): nan, nan, nan, 0.0000
(23, 24): nan, nan, nan, 0.0000
(23, 25): nan, nan, nan, 0.0000
(23, 26): nan, nan, nan, 0.0000
(23, 27): nan, nan, nan, 0.0000
(24, 1): nan, nan, nan, 0.0000
(24, 2): nan, nan, nan, 0.0000
(24, 3): nan, nan, nan, 0.0000
(24, 4): 1.5250, 0.0200, 0.2715, 0.0091
(24, 5): 1.6316, 0.0200, 0.4397, 0.0091
(24, 6): 1.6252, 0.0200, 0.4508, 0.0082
(24, 7): 1.9644, 0.0200, 0.6400, 0.0073
(24, 8): 1.7130, 0.0200, 0.6942, 0.0055
(24, 9): 1.8415, 0.0200, 0.7452, 0.0061
(31, 16): nan, nan, nan, 0.0000
(31, 17): nan, nan, nan, 0.0000
(31, 18): nan, nan, nan, 0.0000
(31, 19): 1.1642, 0.0200, 0.3937, 0.0050
(31, 20): 1.6805, 0.0200, 1.0908, 0.0032
(31, 21): 1.1518, 0.0200, 0.5380, 0.0051
(31, 22): nan, nan, nan, 0.0000
(31, 23): nan, nan, nan, 0.0000
(31, 24): nan, nan, nan, 0.0000
(31, 25): nan, nan, nan, 0.0000
(31, 26): nan, nan, nan, 0.0000
(31, 27): nan, nan, nan, 0.0000
(32, 1): nan, nan, nan, 0.0000
(32, 2): nan, nan, nan, 0.0000
(32, 3): nan, nan, nan, 0.0000
(15, 13): 1.5853, 0.0200, 0.4223, 0.0077
(15, 14): 1.1225, 0.0200, 0.2175, 0.0103
(15, 15): 1.9854, 0.0200, 0.5119, 0.0091
(15, 16): 2.3219, 0.0200, 0.3488, 0.0149
(15, 17): 2.3916, 0.0200, 0.2090, 0.0198
(15, 18): 2.0512, 0.0200, 0.4659, 0.0105
(15, 19): 1.8182, 0.0200, 0.8779, 0.0067
(15, 20): 1.8183, 0.0200, 0.8533, 0.0071
(15, 21): 1.7057, 0.0200, 1.0031, 0.0047
(15, 22): 1.7450, 0.0200, 0.9060, 0.0051
(15, 23): 1.6895, 0.0200, 0.9493, 0.0049
(15, 24): 1.6769, 0.0200, 0.9653, 0.0054
(15, 25): 1.7169, 0.0200, 0.9531, 0.0039
(15, 26): 1.6944, 0.0200, 1.0108, 0.0050
(15, 27): 1.5448, 0.0200, 0.8503, 0.0044
(18, 7): nan, nan, nan, 0.0000
(18, 8): 1.1909, 0.0200, 0.1781, 0.0121
(18, 9): 1.9412, 0.0200, 0.5957, 0.0087
(18, 10): 1.9904, 0.0200, 0.6532, 0.0073
(18, 11): 2.1550, 0.0200, 0.4978, 0.0076
(18, 12): 1.7849, 0.0200, 0.8927, 0.0061
(18, 13): 1.8510, 0.0200, 0.7723, 0.0055
(18, 14): 2.0508, 0.0200, 0.5876, 0.0081
(18, 15): 1.8677, 0.0200, 0.7749, 0.0065
(18, 16): 1.9355, 0.0200, 0.7373, 0.0072
(18, 17): 1.8213, 0.0200, 0.8741, 0.0055
(18, 18): 1.7406, 0.0200, 1.0267, 0.0055
(18, 19): 1.8206, 0.0200, 0.8930, 0.0052
(18, 20): 1.6080, 0.0200, 1.1605, 0.0046
(18, 21): 1.7160, 0.0200, 0.9570, 0.0051
(10, 13): nan, nan, nan, 0.0000
(10, 14): 1.1755, 0.0200, 0.1760, 0.0117
(10, 15): 1.9072, 0.0200, 0.6332, 0.0062
(10, 16): 2.1487, 0.0200, 0.5015, 0.0104
(10, 17): 2.1593, 0.0200, 0.4993, 0.0095
(10, 18): 1.8518, 0.0200, 0.8245, 0.0077
(10, 19): 1.9810, 0.0200, 0.7089, 0.0067
(10, 20): 1.7896, 0.0200, 0.9296, 0.0059
(10, 21): 1.7759, 0.0200, 0.9796, 0.0049
(10, 22): 1.8512, 0.0200, 0.8643, 0.0057
(10, 23): 1.8006, 0.0200, 0.9069, 0.0053
(10, 24): 1.7593, 0.0200, 0.9794, 0.0046
(10, 25): 1.8983, 0.0200, 0.8303, 0.0073
(10, 26): 1.6855, 0.0200, 1.0823, 0.0050
(10, 27): nan, nan, nan, 0.0000
(30, 13): nan, nan, nan, 0.0000
(30, 14): nan, nan, nan, 0.0000
(30, 15): nan, nan, nan, 0.0000
(30, 16): nan, nan, nan, 0.0000
(30, 17): nan, nan, nan, 0.0000
(30, 18): nan, nan, nan, 0.0000
(30, 19): 1.2441, 0.0200, 0.4581, 0.0053
(30, 20): 1.6792, 0.0200, 0.9548, 0.0045
(30, 21): 1.6451, 0.0200, 1.1673, 0.0037
(30, 22): 1.2341, 0.0200, 0.6162, 0.0045
(30, 23): nan, nan, nan, 0.0000
(30, 24): nan, nan, nan, 0.0000
(30, 25): nan, nan, nan, 0.0000
(30, 26): nan, nan, nan, 0.0000
(30, 27): nan, nan, nan, 0.0000
(29, 10): nan, nan, nan, 0.0000
(29, 11): nan, nan, nan, 0.0000
(29, 12): nan, nan, nan, 0.0000
(29, 13): nan, nan, nan, 0.0000
(29, 14): nan, nan, nan, 0.0000
(29, 15): 1.2291, 0.0200, 0.3367, 0.0059
(29, 16): 1.4013, 0.0200, 0.6888, 0.0044
(29, 17): 1.1152, 0.0200, 0.2146, 0.0071
(29, 18): 1.7258, 0.0200, 0.8358, 0.0049
(29, 19): 1.8119, 0.0200, 0.9432, 0.0043
(29, 20): 1.6951, 0.0200, 1.1255, 0.0034
(29, 21): 1.7050, 0.0200, 1.1146, 0.0035
(29, 22): 1.2150, 0.0200, 0.4742, 0.0066
(29, 23): nan, nan, nan, 0.0000
(29, 24): nan, nan, nan, 0.0000
(22, 19): 2.6422, 0.0200, 0.1767, 0.0148
(22, 20): 1.7841, 0.0200, 0.7225, 0.0061
(22, 21): 1.2676, 0.0200, 0.3061, 0.0056
(22, 22): nan, nan, nan, 0.0000
(22, 23): nan, nan, nan, 0.0000
(22, 24): nan, nan, nan, 0.0000
(22, 25): nan, nan, nan, 0.0000
(22, 26): nan, nan, nan, 0.0000
(22, 27): nan, nan, nan, 0.0000
(23, 1): nan, nan, nan, 0.0000
(23, 2): nan, nan, nan, 0.0000
(23, 3): nan, nan, nan, 0.0000
(23, 4): nan, nan, nan, 0.0000
(23, 5): 1.5259, 0.0200, 0.3944, 0.0078
(23, 6): 1.8878, 0.0200, 0.4498, 0.0069
(23, 7): 1.7408, 0.0200, 0.7367, 0.0063
(23, 8): 2.2370, 0.0200, 0.3978, 0.0115
(23, 9): 2.0194, 0.0200, 0.7087, 0.0060
(23, 10): 1.8762, 0.0200, 0.7689, 0.0063
(23, 11): 1.8399, 0.0200, 0.7740, 0.0068
(23, 12): 1.8545, 0.0200, 0.6980, 0.0067
(23, 13): 1.7964, 0.0200, 0.7583, 0.0063
(23, 14): 1.8088, 0.0200, 0.8210, 0.0044
(23, 15): 1.8237, 0.0200, 0.7526, 0.0052
(23, 16): 1.7825, 0.0200, 0.8007, 0.0049
(23, 17): 1.8707, 0.0200, 0.8197, 0.0052
(23, 18): 1.8405, 0.0200, 0.8953, 0.0057
(23, 19): 1.8259, 0.0200, 0.9350, 0.0053
(23, 20): 1.7068, 0.0200, 0.8980, 0.0044
(23, 21): nan, nan, nan, 0.0000
(8, 22): 1.6960, 0.0200, 1.0519, 0.0052
(8, 23): 1.7346, 0.0200, 1.0170, 0.0047
(8, 24): 1.7077, 0.0200, 1.0396, 0.0049
(8, 25): 1.8156, 0.0200, 0.8649, 0.0069
(8, 26): 1.6962, 0.0200, 0.9777, 0.0064
(8, 27): 1.7302, 0.0200, 0.5111, 0.0075
(9, 1): nan, nan, nan, 0.0000
(9, 2): nan, nan, nan, 0.0000
(9, 3): nan, nan, nan, 0.0000
(9, 4): nan, nan, nan, 0.0000
(9, 5): nan, nan, nan, 0.0000
(9, 6): nan, nan, nan, 0.0000
(9, 7): nan, nan, nan, 0.0000
(9, 8): nan, nan, nan, 0.0000
(9, 9): nan, nan, nan, 0.0000
(7, 19): 1.8551, 0.0200, 0.8093, 0.0072
(7, 20): 1.8111, 0.0200, 0.9044, 0.0042
(7, 21): 1.7991, 0.0200, 0.8848, 0.0050
(7, 22): 1.7168, 0.0200, 0.9786, 0.0051
(7, 23): 1.6885, 0.0200, 1.0851, 0.0046
(7, 24): 1.6392, 0.0200, 1.0916, 0.0060
(7, 25): 1.7950, 0.0200, 0.8753, 0.0063
(7, 26): 1.7072, 0.0200, 0.9809, 0.0050
(7, 27): 1.8137, 0.0200, 0.5026, 0.0078
(8, 1): nan, nan, nan, 0.0000
(8, 2): nan, nan, nan, 0.0000
(8, 3): nan, nan, nan, 0.0000
(8, 4): nan, nan, nan, 0.0000
(8, 5): nan, nan, nan, 0.0000
(8, 6): nan, nan, nan, 0.0000
(16, 1): nan, nan, nan, 0.0000
(16, 2): nan, nan, nan, 0.0000
(16, 3): nan, nan, nan, 0.0000
(16, 4): nan, nan, nan, 0.0000
(16, 5): nan, nan, nan, 0.0000
(16, 6): nan, nan, nan, 0.0000
(16, 7): nan, nan, nan, 0.0000
(16, 8): nan, nan, nan, 0.0000
(16, 9): 1.6588, 0.0200, 0.3772, 0.0089
(16, 10): 3.0766, 0.0200, 0.0785, 0.0358
(16, 11): 1.8695, 0.0200, 0.2396, 0.0174
(16, 12): 1.9591, 0.0200, 0.5064, 0.0093
(16, 13): 1.7238, 0.0200, 0.3078, 0.0098
(16, 14): 2.1732, 0.0200, 0.4068, 0.0097
(16, 15): 2.0536, 0.0200, 0.3851, 0.0132
(31, 1): nan, nan, nan, 0.0000
(31, 2): nan, nan, nan, 0.0000
(31, 3): nan, nan, nan, 0.0000
(31, 4): nan, nan, nan, 0.0000
(31, 5): nan, nan, nan, 0.0000
(31, 6): nan, nan, nan, 0.0000
(31, 7): nan, nan, nan, 0.0000
(31, 8): nan, nan, nan, 0.0000
(31, 9): nan, nan, nan, 0.0000
(31, 10): nan, nan, nan, 0.0000
(31, 11): nan, nan, nan, 0.0000
(31, 12): nan, nan, nan, 0.0000
(31, 13): nan, nan, nan, 0.0000
(31, 14): nan, nan, nan, 0.0000
(31, 15): nan, nan, nan, 0.0000
(2, 4): nan, nan, nan, 0.0000
(2, 5): nan, nan, nan, 0.0000
(2, 6): nan, nan, nan, 0.0000
(2, 7): nan, nan, nan, 0.0000
(2, 8): nan, nan, nan, 0.0000
(2, 9): nan, nan, nan, 0.0000
(2, 10): nan, nan, nan, 0.0000
(2, 11): nan, nan, nan, 0.0000
(2, 12): nan, nan, nan, 0.0000
(2, 13): nan, nan, nan, 0.0000
(2, 14): nan, nan, nan, 0.0000
(2, 15): nan, nan, nan, 0.0000
(2, 16): nan, nan, nan, 0.0000
(2, 17): nan, nan, nan, 0.0000
(2, 18): nan, nan, nan, 0.0000
(22, 4): nan, nan, nan, 0.0000
(22, 5): nan, nan, nan, 0.0000
(22, 6): 1.5439, 0.0200, 0.5598, 0.0102
(22, 7): 2.1474, 0.0200, 0.3238, 0.0139
(22, 8): 2.2863, 0.0200, 0.3357, 0.0123
(22, 9): 1.8434, 0.0200, 0.7050, 0.0103
(22, 10): 1.7974, 0.0200, 0.7957, 0.0078
(22, 11): 1.7201, 0.0200, 0.8806, 0.0056
(22, 12): 1.8093, 0.0200, 0.7919, 0.0065
(22, 13): 1.7925, 0.0200, 0.8233, 0.0053
(22, 14): 1.7942, 0.0200, 0.8565, 0.0054
(22, 15): 1.8554, 0.0200, 0.7869, 0.0055
(22, 16): 1.8176, 0.0200, 0.8311, 0.0058
(22, 17): 1.8588, 0.0200, 0.8783, 0.0048
(22, 18): 1.8600, 0.0200, 0.8469, 0.0056
(9, 10): 1.5376, 0.0200, 0.6933, 0.0052
(9, 11): 1.1254, 0.0200, 0.1967, 0.0101
(9, 12): nan, nan, nan, 0.0000
(9, 13): nan, nan, nan, 0.0000
(9, 14): nan, nan, nan, 0.0000
(9, 15): 1.8293, 0.0200, 0.6866, 0.0083
(9, 16): 2.4755, 0.0200, 0.3120, 0.0136
(9, 17): 2.0583, 0.0200, 0.6019, 0.0087
(9, 18): 1.9964, 0.0200, 0.6488, 0.0087
(9, 19): 1.9000, 0.0200, 0.7803, 0.0061
(9, 20): 1.8228, 0.0200, 0.8737, 0.0047
(9, 21): 1.8315, 0.0200, 0.8778, 0.0052
(9, 22): 2.0466, 0.0200, 0.6151, 0.0079
(9, 23): 1.7884, 0.0200, 0.9586, 0.0051
(9, 24): 1.7106, 0.0200, 1.0757, 0.0049
(34, 10): nan, nan, nan, 0.0000
(34, 11): nan, nan, nan, 0.0000
(34, 12): nan, nan, nan, 0.0000
(34, 13): nan, nan, nan, 0.0000
(34, 14): nan, nan, nan, 0.0000
(34, 15): nan, nan, nan, 0.0000
(34, 16): nan, nan, nan, 0.0000
(34, 17): nan, nan, nan, 0.0000
(34, 18): nan, nan, nan, 0.0000
(34, 19): 1.5797, 0.0200, 0.8064, 0.0055
(34, 20): 1.7471, 0.0200, 1.2474, 0.0040
(34, 21): 1.7759, 0.0200, 1.2119, 0.0041
(34, 22): 1.1655, 0.0200, 0.4382, 0.0052
(34, 23): nan, nan, nan, 0.0000
(34, 24): nan, nan, nan, 0.0000
(21, 16): 1.8046, 0.0200, 0.8950, 0.0053
(21, 17): 1.9591, 0.0200, 0.7139, 0.0072
(21, 18): 1.8901, 0.0200, 0.7933, 0.0062
(21, 19): 1.8117, 0.0200, 0.9110, 0.0061
(21, 20): 1.7409, 0.0200, 0.9911, 0.0050
(21, 21): 1.6167, 0.0200, 0.9174, 0.0041
(21, 22): 1.8873, 0.0200, 0.6483, 0.0063
(21, 23): 1.7712, 0.0200, 0.8291, 0.0052
(21, 24): 1.4593, 0.0200, 0.6999, 0.0050
(21, 25): nan, nan, nan, 0.0000
(21, 26): nan, nan, nan, 0.0000
(21, 27): nan, nan, nan, 0.0000
(22, 1): nan, nan, nan, 0.0000
(22, 2): nan, nan, nan, 0.0000
(22, 3): nan, nan, nan, 0.0000
(33, 7): nan, nan, nan, 0.0000
(33, 8): nan, nan, nan, 0.0000
(33, 9): nan, nan, nan, 0.0000
(33, 10): nan, nan, nan, 0.0000
(33, 11): nan, nan, nan, 0.0000
(33, 12): nan, nan, nan, 0.0000
(33, 13): nan, nan, nan, 0.0000
(33, 14): nan, nan, nan, 0.0000
(33, 15): nan, nan, nan, 0.0000
(33, 16): nan, nan, nan, 0.0000
(33, 17): nan, nan, nan, 0.0000
(33, 18): nan, nan, nan, 0.0000
(33, 19): 1.5555, 0.0200, 0.9489, 0.0040
(33, 20): 1.8021, 0.0200, 1.1273, 0.0041
(33, 21): 1.8179, 0.0200, 1.1029, 0.0058
(14, 25): 1.4914, 0.0200, 0.7114, 0.0040
(14, 26): 1.5420, 0.0200, 0.7671, 0.0060
(14, 27): 1.0497, 0.0200, 0.2170, 0.0093
(15, 1): nan, nan, nan, 0.0000
(15, 2): nan, nan, nan, 0.0000
(15, 3): nan, nan, nan, 0.0000
(15, 4): nan, nan, nan, 0.0000
(15, 5): nan, nan, nan, 0.0000
(15, 6): nan, nan, nan, 0.0000
(15, 7): nan, nan, nan, 0.0000
(15, 8): nan, nan, nan, 0.0000
(15, 9): 1.9032, 0.0200, 0.1281, 0.0183
(15, 10): 2.6898, 0.0200, 0.1384, 0.0212
(15, 11): 2.1897, 0.0200, 0.5013, 0.0126
(15, 12): 1.8480, 0.0200, 0.7946, 0.0076
(19, 25): 1.5098, 0.0200, 0.8217, 0.0039
(19, 26): 1.0197, 0.0200, 0.2066, 0.0072
(19, 27): nan, nan, nan, 0.0000
(20, 1): nan, nan, nan, 0.0000
(20, 2): nan, nan, nan, 0.0000
(20, 3): nan, nan, nan, 0.0000
(20, 4): nan, nan, nan, 0.0000
(20, 5): nan, nan, nan, 0.0000
(20, 6): nan, nan, nan, 0.0000
(20, 7): 1.6786, 0.0200, 0.1997, 0.0112
(20, 8): 2.4123, 0.0200, 0.1968, 0.0168
(20, 9): 1.9034, 0.0200, 0.7408, 0.0069
(20, 10): 1.8565, 0.0200, 0.7515, 0.0067
(20, 11): 1.8886, 0.0200, 0.6988, 0.0068
(20, 12): 1.6924, 0.0200, 0.8570, 0.0073
(33, 22): 1.4111, 0.0200, 0.8057, 0.0048
(33, 23): nan, nan, nan, 0.0000
(33, 24): nan, nan, nan, 0.0000
(33, 25): nan, nan, nan, 0.0000
(33, 26): nan, nan, nan, 0.0000
(33, 27): nan, nan, nan, 0.0000
(34, 1): nan, nan, nan, 0.0000
(34, 2): nan, nan, nan, 0.0000
(34, 3): nan, nan, nan, 0.0000
(34, 4): nan, nan, nan, 0.0000
(34, 5): nan, nan, nan, 0.0000
(34, 6): nan, nan, nan, 0.0000
(34, 7): nan, nan, nan, 0.0000
(34, 8): nan, nan, nan, 0.0000
(34, 9): nan, nan, nan, 0.0000
(28, 22): 1.4200, 0.0200, 0.6424, 0.0044
(28, 23): nan, nan, nan, 0.0000
(28, 24): nan, nan, nan, 0.0000
(28, 25): nan, nan, nan, 0.0000
(28, 26): nan, nan, nan, 0.0000
(28, 27): nan, nan, nan, 0.0000
(29, 1): nan, nan, nan, 0.0000
(29, 2): 1.9744, 0.0200, 0.6247, 0.0059
(29, 3): 1.8731, 0.0200, 0.8581, 0.0044
(29, 4): 1.9218, 0.0200, 0.5993, 0.0064
(29, 5): 1.9514, 0.0200, 0.4847, 0.0075
(29, 6): 1.8435, 0.0200, 0.8417, 0.0043
(29, 7): 1.6556, 0.0200, 0.9153, 0.0041
(29, 8): 1.0185, 0.0200, 0.2309, 0.0073
(29, 9): nan, nan, nan, 0.0000
(6, 16): 2.2091, 0.0200, 0.3962, 0.0113
(6, 17): 2.2107, 0.0200, 0.4087, 0.0146
(6, 18): 1.9318, 0.0200, 0.7275, 0.0065
(6, 19): 1.8559, 0.0200, 0.8117, 0.0067
(6, 20): 1.7445, 0.0200, 0.9362, 0.0058
(6, 21): 1.7810, 0.0200, 0.9134, 0.0059
(6, 22): 1.8663, 0.0200, 0.7469, 0.0088
(6, 23): 1.9399, 0.0200, 0.7116, 0.0078
(6, 24): 1.7135, 0.0200, 1.0316, 0.0055
(6, 25): 1.7419, 0.0200, 0.8904, 0.0065
(6, 26): 1.7053, 0.0200, 0.9917, 0.0053
(6, 27): 1.4296, 0.0200, 0.4384, 0.0082
(7, 1): nan, nan, nan, 0.0000
(7, 2): nan, nan, nan, 0.0000
(7, 3): nan, nan, nan, 0.0000
(17, 4): nan, nan, nan, 0.0000
(17, 5): nan, nan, nan, 0.0000
(17, 6): nan, nan, nan, 0.0000
(17, 7): nan, nan, nan, 0.0000
(17, 8): nan, nan, nan, 0.0000
(17, 9): 1.7686, 0.0200, 0.6875, 0.0062
(17, 10): 1.9664, 0.0200, 0.6624, 0.0079
(17, 11): 1.9080, 0.0200, 0.6191, 0.0082
(17, 12): 1.9294, 0.0200, 0.5135, 0.0106
(17, 13): 1.8750, 0.0200, 0.5749, 0.0091
(17, 14): 1.9593, 0.0200, 0.5186, 0.0095
(17, 15): 1.9931, 0.0200, 0.3345, 0.0120
(17, 16): 2.1772, 0.0200, 0.2946, 0.0117
(17, 17): 1.8705, 0.0200, 0.8120, 0.0073
(17, 18): 1.7863, 0.0200, 0.9728, 0.0048
(27, 4): 2.1705, 0.0200, 0.4917, 0.0075
(27, 5): 2.0047, 0.0200, 0.6796, 0.0063
(27, 6): 1.7776, 0.0200, 0.6815, 0.0057
(27, 7): 1.5413, 0.0200, 0.4173, 0.0071
(27, 8): 1.7960, 0.0200, 0.7123, 0.0060
(27, 9): 1.6842, 0.0200, 0.7907, 0.0049
(27, 10): 1.6155, 0.0200, 0.8607, 0.0058
(27, 11): 1.8839, 0.0200, 0.5796, 0.0068
(27, 12): 1.4720, 0.0200, 0.6958, 0.0050
(27, 13): 1.7125, 0.0200, 0.8240, 0.0060
(27, 14): 1.7402, 0.0200, 0.6814, 0.0047
(27, 15): 1.8553, 0.0200, 0.8982, 0.0044
(27, 16): 1.9063, 0.0200, 0.8226, 0.0044
(27, 17): 1.9288, 0.0200, 0.7299, 0.0066
(27, 18): 1.7472, 0.0200, 1.0247, 0.0049
(19, 10): 1.8214, 0.0200, 0.7896, 0.0074
(19, 11): 2.0611, 0.0200, 0.5532, 0.0079
(19, 12): 1.8066, 0.0200, 0.7988, 0.0061
(19, 13): 1.7816, 0.0200, 0.7441, 0.0075
(19, 14): 1.9372, 0.0200, 0.6539, 0.0093
(19, 15): 1.9660, 0.0200, 0.6637, 0.0075
(19, 16): 1.8782, 0.0200, 0.8086, 0.0060
(19, 17): 1.8244, 0.0200, 0.9052, 0.0053
(19, 18): 1.7527, 0.0200, 1.0184, 0.0049
(19, 19): 1.8817, 0.0200, 0.8613, 0.0061
(19, 20): 1.9439, 0.0200, 0.7932, 0.0059
(19, 21): 1.7108, 0.0200, 1.0474, 0.0042
(19, 22): 1.7158, 0.0200, 1.0430, 0.0047
(19, 23): 1.6478, 0.0200, 1.0950, 0.0045
(19, 24): 1.5888, 0.0200, 1.1811, 0.0038
(6, 1): nan, nan, nan, 0.0000
(6, 2): nan, nan, nan, 0.0000
(6, 3): nan, nan, nan, 0.0000
(6, 4): nan, nan, nan, 0.0000
(6, 5): nan, nan, nan, 0.0000
(6, 6): nan, nan, nan, 0.0000
(6, 7): nan, nan, nan, 0.0000
(6, 8): nan, nan, nan, 0.0000
(6, 9): nan, nan, nan, 0.0000
(6, 10): nan, nan, nan, 0.0000
(6, 11): 1.4293, 0.0200, 0.5076, 0.0056
(6, 12): 1.2314, 0.0200, 0.3224, 0.0065
(6, 13): nan, nan, nan, 0.0000
(6, 14): nan, nan, nan, 0.0000
(6, 15): 2.0674, 0.0200, 0.2012, 0.0172
(34, 25): nan, nan, nan, 0.0000
(34, 26): nan, nan, nan, 0.0000
(34, 27): nan, nan, nan, 0.0000
(35, 1): nan, nan, nan, 0.0000
(35, 2): nan, nan, nan, 0.0000
(35, 3): nan, nan, nan, 0.0000
(35, 4): nan, nan, nan, 0.0000
(35, 5): nan, nan, nan, 0.0000
(35, 6): nan, nan, nan, 0.0000
(35, 7): nan, nan, nan, 0.0000
(35, 8): nan, nan, nan, 0.0000
(35, 9): nan, nan, nan, 0.0000
(35, 10): nan, nan, nan, 0.0000
(35, 11): nan, nan, nan, 0.0000
(35, 12): nan, nan, nan, 0.0000
(3, 22): 1.5527, 0.0200, 0.7816, 0.0067
(3, 23): 1.9653, 0.0200, 0.6242, 0.0079
(3, 24): 1.8088, 0.0200, 0.5412, 0.0091
(3, 25): nan, nan, nan, 0.0000
(3, 26): nan, nan, nan, 0.0000
(3, 27): nan, nan, nan, 0.0000
(4, 1): nan, nan, nan, 0.0000
(4, 2): nan, nan, nan, 0.0000
(4, 3): nan, nan, nan, 0.0000
(4, 4): nan, nan, nan, 0.0000
(4, 5): nan, nan, nan, 0.0000
(4, 6): nan, nan, nan, 0.0000
(4, 7): nan, nan, nan, 0.0000
(4, 8): nan, nan, nan, 0.0000
(4, 9): nan, nan, nan, 0.0000
(26, 1): nan, nan, nan, 0.0000
(26, 2): 1.2394, 0.0200, 0.1575, 0.0135
(26, 3): 1.6852, 0.0200, 0.4134, 0.0081
(26, 4): 1.9520, 0.0200, 0.3734, 0.0097
(26, 5): 1.6829, 0.0200, 0.5794, 0.0064
(26, 6): 1.5971, 0.0200, 0.5397, 0.0061
(26, 7): 2.0085, 0.0200, 0.5289, 0.0074
(26, 8): 1.7977, 0.0200, 0.8726, 0.0051
(26, 9): 1.8955, 0.0200, 0.7467, 0.0061
(26, 10): 1.8795, 0.0200, 0.7647, 0.0069
(26, 11): 1.9096, 0.0200, 0.7531, 0.0060
(26, 12): 1.8885, 0.0200, 0.7764, 0.0072
(26, 13): 1.9339, 0.0200, 0.6264, 0.0069
(26, 14): 2.1070, 0.0200, 0.5195, 0.0093
(26, 15): 2.2042, 0.0200, 0.4828, 0.0079
(3, 7): nan, nan, nan, 0.0000
(3, 8): nan, nan, nan, 0.0000
(3, 9): nan, nan, nan, 0.0000
(3, 10): nan, nan, nan, 0.0000
(3, 11): nan, nan, nan, 0.0000
(3, 12): nan, nan, nan, 0.0000
(3, 13): nan, nan, nan, 0.0000
(3, 14): nan, nan, nan, 0.0000
(3, 15): nan, nan, nan, 0.0000
(3, 16): 1.6137, 0.0200, 0.3523, 0.0104
(3, 17): 1.5117, 0.0200, 0.4025, 0.0097
(3, 18): 1.2558, 0.0200, 0.3022, 0.0089
(3, 19): 1.3409, 0.0200, 0.4540, 0.0057
(3, 20): 1.1527, 0.0200, 0.3363, 0.0066
(3, 21): 1.1570, 0.0200, 0.4797, 0.0072
