(1, 1): 0.1500, 3.0300, 2.1712
(1, 2): 0.1500, 3.0300, 2.1712
(1, 3): 0.1500, 3.0300, 2.1712
(1, 4): 0.1500, 3.0300, 2.1712
(1, 5): 0.2683, 3.0300, 5.9893
(1, 6): 0.2683, 3.0300, 5.9893
(1, 7): 0.2683, 3.0300, 5.9893
(1, 8): 0.2683, 3.0300, 5.9893
(1, 9): 0.2498, 3.0100, 3.8757
(1, 10): 0.2498, 3.0100, 3.8757
(1, 11): 0.2498, 3.0100, 3.8757
(1, 12): 0.2498, 3.0100, 3.8757
(1, 13): 0.2498, 3.0100, 3.8757
(1, 14): 0.2146, 3.0100, 5.1588
(1, 15): 0.2146, 3.0100, 5.1588
(1, 16): 0.2146, 3.0100, 5.1588
(1, 17): 0.2070, 3.0100, 5.2436
(1, 18): 0.2756, 3.0100, 2.6651
(1, 19): 0.3155, 3.0100, 2.5834
(1, 20): 0.3155, 3.0100, 2.5834
(1, 21): 0.2572, 3.0100, 2.9922
(1, 22): 0.2572, 3.0100, 2.9922
(1, 23): 0.4064, 3.0100, 10.6691
(1, 24): 0.4953, 3.0100, 8.3243
(1, 25): 0.4953, 3.0100, 8.3243
(1, 26): 0.4953, 3.0100, 8.3243
(1, 27): 0.2311, 3.0200, 3.0434
(2, 1): 0.1500, 3.0300, 2.1712
(2, 2): 0.1500, 3.0300, 2.1712
(2, 3): 0.1500, 3.0300, 2.1712
(2, 4): 0.1500, 3.0300, 2.1712
(2, 5): 0.1500, 3.0300, 2.1712
(2, 6): 0.2683, 3.0300, 5.9893
(2, 7): 0.2683, 3.0300, 5.9893
(2, 8): 0.2683, 3.0300, 5.9893
(2, 9): 0.2683, 3.0300, 5.9893
(2, 10): 0.2498, 3.0100, 3.8757
(2, 11): 0.2498, 3.0100, 3.8757
(2, 12): 0.2498, 3.0100, 3.8757
(2, 13): 0.2498, 3.0100, 3.8757
(2, 14): 0.2821, 3.0100, 7.6213
(2, 15): 0.2146, 3.0100, 5.1588
(2, 16): 0.2146, 3.0100, 5.1588
(2, 17): 0.2070, 3.0100, 5.2436
(2, 18): 0.2756, 3.0100, 2.6651
(2, 19): 0.3155, 3.0100, 2.5834
(2, 20): 0.3155, 3.0100, 2.5834
(2, 21): 0.2572, 3.0100, 2.9922
(2, 22): 0.3684, 3.0100, 7.8903
(2, 23): 0.4064, 3.0100, 10.6691
(2, 24): 0.4953, 3.0100, 8.3243
(2, 25): 0.4953, 3.0100, 8.3243
(2, 26): 0.2311, 3.0200, 3.0434
(2, 27): 0.2311, 3.0200, 3.0434
(3, 1): 0.1500, 3.0300, 2.1712
(3, 2): 0.1500, 3.0300, 2.1712
(3, 3): 0.1500, 3.0300, 2.1712
(3, 4): 0.1500, 3.0300, 2.1712
(3, 5): 0.1500, 3.0300, 2.1712
(3, 6): 0.1500, 3.0300, 2.1712
(3, 7): 0.2683, 3.0300, 5.9893
(3, 8): 0.2683, 3.0300, 5.9893
(3, 9): 0.2683, 3.0300, 5.9893
(3, 10): 0.2683, 3.0300, 5.9893
(3, 11): 0.2498, 3.0100, 3.8757
(3, 12): 0.2498, 3.0100, 3.8757
(3, 13): 0.2498, 3.0100, 3.8757
(3, 14): 0.2821, 3.0100, 7.6213
(3, 15): 0.2163, 3.0100, 4.3227
(3, 16): 0.2146, 3.0100, 5.1588
(3, 17): 0.2070, 3.0100, 5.2436
(3, 18): 0.2756, 3.0100, 2.6651
(3, 19): 0.2136, 3.0100, 4.5036
(3, 20): 0.2057, 3.0100, 2.8759
(3, 21): 0.1855, 3.0100, 4.0434
(3, 22): 0.3684, 3.0100, 7.8903
(3, 23): 0.4064, 3.0100, 10.6691
(3, 24): 0.4953, 3.0100, 8.3243
(3, 25): 0.4517, 3.0100, 7.3809
(3, 26): 0.2311, 3.0200, 3.0434
(3, 27): 0.2311, 3.0200, 3.0434
(4, 1): 0.1500, 3.0300, 2.1712
(4, 2): 0.1500, 3.0300, 2.1712
(4, 3): 0.1500, 3.0300, 2.1712
(4, 4): 0.1500, 3.0300, 2.1712
(4, 5): 0.1500, 3.0300, 2.1712
(4, 6): 0.1500, 3.0300, 2.1712
(4, 7): 0.1500, 3.0300, 2.1712
(4, 8): 0.2683, 3.0300, 5.9893
(4, 9): 0.2683, 3.0300, 5.9893
(4, 10): 0.2683, 3.0300, 5.9893
(4, 11): 0.2683, 3.0300, 5.9893
(4, 12): 0.2498, 3.0100, 3.8757
(4, 13): 0.2498, 3.0100, 3.8757
(4, 14): 0.2821, 3.0100, 7.6213
(4, 15): 0.2163, 3.0100, 4.3227
(4, 16): 0.2259, 3.0100, 4.1812
(4, 17): 0.1965, 3.0100, 4.1782
(4, 18): 0.2783, 3.0100, 9.2055
(4, 19): 0.2949, 3.0100, 10.3531
(4, 20): 0.4093, 3.0100, 10.5549
(4, 21): 0.4257, 3.0100, 10.9308
(4, 22): 0.4406, 3.0100, 10.4062
(4, 23): 0.4423, 3.0200, 10.4161
(4, 24): 0.5003, 3.0100, 10.1985
(4, 25): 0.4517, 3.0100, 7.3809
(4, 26): 0.2311, 3.0200, 3.0434
(4, 27): 0.2899, 3.0100, 4.5525
(5, 1): 0.1500, 3.0300, 2.1712
(5, 2): 0.1500, 3.0300, 2.1712
(5, 3): 0.1500, 3.0300, 2.1712
(5, 4): 0.1500, 3.0300, 2.1712
(5, 5): 0.1500, 3.0300, 2.1712
(5, 6): 0.1500, 3.0300, 2.1712
(5, 7): 0.1500, 3.0300, 2.1712
(5, 8): 0.1500, 3.0300, 2.1712
(5, 9): 0.2683, 3.0300, 5.9893
(5, 10): 0.2683, 3.0300, 5.9893
(5, 11): 0.2683, 3.0300, 5.9893
(5, 12): 0.2941, 3.0100, 4.7373
(5, 13): 0.2941, 3.0100, 4.7373
(5, 14): 0.2941, 3.0100, 4.7373
(5, 15): 0.2163, 3.0100, 4.3227
(5, 16): 0.3174, 3.0100, 8.4111
(5, 17): 0.4221, 3.0100, 11.9856
(5, 18): 0.3793, 3.0100, 11.6223
(5, 19): 0.4070, 3.0100, 10.9171
(5, 20): 0.4492, 3.0100, 10.7874
(5, 21): 0.4209, 3.0100, 10.9318
(5, 22): 0.4289, 3.0100, 10.1705
(5, 23): 0.4603, 3.0100, 10.2098
(5, 24): 0.4869, 3.0100, 10.5949
(5, 25): 0.5111, 3.0100, 10.0087
(5, 26): 0.4960, 3.0100, 9.3125
(5, 27): 0.2899, 3.0100, 4.5525
(6, 1): 0.1500, 3.0300, 2.1712
(6, 2): 0.1500, 3.0300, 2.1712
(6, 3): 0.1500, 3.0300, 2.1712
(6, 4): 0.1500, 3.0300, 2.1712
(6, 5): 0.1500, 3.0300, 2.1712
(6, 6): 0.1500, 3.0300, 2.1712
(6, 7): 0.1500, 3.0300, 2.1712
(6, 8): 0.1500, 3.0300, 2.1712
(6, 9): 0.1500, 3.0300, 2.1712
(6, 10): 0.2683, 3.0300, 5.9893
(6, 11): 0.2683, 3.0300, 5.9893
(6, 12): 0.1927, 3.0100, 3.3791
(6, 13): 0.2941, 3.0100, 4.7373
(6, 14): 0.3791, 3.0100, 8.3756
(6, 15): 0.3791, 3.0100, 8.3756
(6, 16): 0.4310, 3.0100, 11.7704
(6, 17): 0.4485, 3.0100, 11.8012
(6, 18): 0.4594, 3.0100, 11.2569
(6, 19): 0.4879, 3.0100, 10.4389
(6, 20): 0.4510, 3.0100, 10.9041
(6, 21): 0.4068, 3.0100, 10.8678
(6, 22): 0.4390, 3.0200, 10.1038
(6, 23): 0.4474, 3.0100, 10.9717
(6, 24): 0.4691, 3.0100, 10.6438
(6, 25): 0.4830, 3.0100, 10.4397
(6, 26): 0.4990, 3.0100, 10.2580
(6, 27): 0.3650, 3.0100, 4.8952
(7, 1): 0.1500, 3.0300, 2.1712
(7, 2): 0.1500, 3.0300, 2.1712
(7, 3): 0.1500, 3.0300, 2.1712
(7, 4): 0.1500, 3.0300, 2.1712
(7, 5): 0.1500, 3.0300, 2.1712
(7, 6): 0.1500, 3.0300, 2.1712
(7, 7): 0.1500, 3.0300, 2.1712
(7, 8): 0.1500, 3.0300, 2.1712
(7, 9): 0.1500, 3.0300, 2.1712
(7, 10): 0.1500, 3.0300, 2.1712
(7, 11): 0.2957, 3.0300, 5.7004
(7, 12): 0.2957, 3.0300, 5.7004
(7, 13): 0.1927, 3.0100, 3.3791
(7, 14): 0.4169, 3.0100, 11.7630
(7, 15): 0.4169, 3.0100, 11.7630
(7, 16): 0.4256, 3.0200, 12.0392
(7, 17): 0.4526, 3.0100, 11.6104
(7, 18): 0.4478, 3.0100, 11.3633
(7, 19): 0.4880, 3.0100, 10.6711
(7, 20): 0.4304, 3.0100, 11.4524
(7, 21): 0.4142, 3.0100, 10.9770
(7, 22): 0.4294, 3.0100, 11.1275
(7, 23): 0.4832, 3.0100, 10.7373
(7, 24): 0.5046, 3.0100, 10.4533
(7, 25): 0.4853, 3.0100, 10.7710
(7, 26): 0.4917, 3.0100, 10.1486
(7, 27): 0.4100, 3.0100, 7.4869
(8, 1): 0.3410, 3.0100, 7.5394
(8, 2): 0.3410, 3.0100, 7.5394
(8, 3): 0.3410, 3.0100, 7.5394
(8, 4): 0.3410, 3.0100, 7.5394
(8, 5): 0.3410, 3.0100, 7.5394
(8, 6): 0.3410, 3.0100, 7.5394
(8, 7): 0.3410, 3.0100, 7.5394
(8, 8): 0.3410, 3.0100, 7.5394
(8, 9): 0.3410, 3.0100, 7.5394
(8, 10): 0.3410, 3.0100, 7.5394
(8, 11): 0.3520, 3.0100, 6.9297
(8, 12): 0.3520, 3.0100, 6.9297
(8, 13): 0.2074, 3.0100, 5.2499
(8, 14): 0.2074, 3.0100, 5.2499
(8, 15): 0.4069, 3.0100, 11.7459
(8, 16): 0.4056, 3.0100, 12.0942
(8, 17): 0.4408, 3.0100, 11.4659
(8, 18): 0.3913, 3.0100, 12.5468
(8, 19): 0.4536, 3.0100, 11.1638
(8, 20): 0.3888, 3.0100, 11.9399
(8, 21): 0.4559, 3.0100, 10.9240
(8, 22): 0.4845, 3.0100, 10.4744
(8, 23): 0.4708, 3.0000, 10.9631
(8, 24): 0.4838, 3.0100, 10.7473
(8, 25): 0.4825, 3.0100, 10.7300
(8, 26): 0.4505, 3.0100, 10.5362
(8, 27): 0.4064, 3.0100, 7.2568
(9, 1): 0.2969, 3.0100, 8.3653
(9, 2): 0.2969, 3.0100, 8.3653
(9, 3): 0.2969, 3.0100, 8.3653
(9, 4): 0.2969, 3.0100, 8.3653
(9, 5): 0.2969, 3.0100, 8.3653
(9, 6): 0.2969, 3.0100, 8.3653
(9, 7): 0.2969, 3.0100, 8.3653
(9, 8): 0.2969, 3.0100, 8.3653
(9, 9): 0.2969, 3.0100, 8.3653
(9, 10): 0.2969, 3.0100, 8.3653
(9, 11): 0.1072, 3.0100, 2.0901
(9, 12): 0.4446, 3.0100, 7.2031
(9, 13): 0.4446, 3.0100, 7.2031
(9, 14): 0.2074, 3.0100, 5.2499
(9, 15): 0.4397, 3.0100, 10.2178
(9, 16): 0.4287, 3.0100, 11.7183
(9, 17): 0.4363, 3.0100, 11.6247
(9, 18): 0.4224, 3.0100, 11.8204
(9, 19): 0.4011, 3.0100, 11.9571
(9, 20): 0.4206, 3.0100, 11.4090
(9, 21): 0.4139, 3.0100, 11.9665
(9, 22): 0.4753, 3.0100, 10.9640
(9, 23): 0.4558, 3.0100, 11.0055
(9, 24): 0.4249, 3.0100, 11.6438
(9, 25): 0.4506, 3.0100, 10.9457
(9, 26): 0.4772, 3.0100, 10.4631
(9, 27): 0.2515, 3.0100, 4.3309
(10, 1): 0.4148, 3.0200, 7.8584
(10, 2): 0.4148, 3.0200, 7.8584
(10, 3): 0.4148, 3.0200, 7.8584
(10, 4): 0.4148, 3.0200, 7.8584
(10, 5): 0.4148, 3.0200, 7.8584
(10, 6): 0.4148, 3.0200, 7.8584
(10, 7): 0.4148, 3.0200, 7.8584
(10, 8): 0.4148, 3.0200, 7.8584
(10, 9): 0.4148, 3.0200, 7.8584
(10, 10): 0.4148, 3.0200, 7.8584
(10, 11): 0.2561, 3.0100, 4.1306
(10, 12): 0.4446, 3.0100, 7.2031
(10, 13): 0.2958, 3.0100, 4.2557
(10, 14): 0.1121, 3.0100, 2.2596
(10, 15): 0.4469, 3.0100, 10.3605
(10, 16): 0.4103, 3.0100, 11.4723
(10, 17): 0.3977, 3.0100, 11.4675
(10, 18): 0.3956, 3.0100, 11.3552
(10, 19): 0.4268, 3.0100, 11.6619
(10, 20): 0.4408, 3.0100, 10.7007
(10, 21): 0.4558, 3.0100, 10.8528
(10, 22): 0.4747, 3.0100, 10.6412
(10, 23): 0.5041, 3.0100, 10.4778
(10, 24): 0.4361, 3.0100, 11.2439
(10, 25): 0.4446, 3.0100, 11.2204
(10, 26): 0.4915, 3.0100, 10.7284
(10, 27): 0.4915, 3.0100, 10.7284
(11, 1): 0.2680, 3.0100, 4.1518
(11, 2): 0.4686, 3.0200, 8.7909
(11, 3): 0.4686, 3.0200, 8.7909
(11, 4): 0.4686, 3.0200, 8.7909
(11, 5): 0.4686, 3.0200, 8.7909
(11, 6): 0.4686, 3.0200, 8.7909
(11, 7): 0.4686, 3.0200, 8.7909
(11, 8): 0.4686, 3.0200, 8.7909
(11, 9): 0.4686, 3.0200, 8.7909
(11, 10): 0.4686, 3.0200, 8.7909
(11, 11): 0.4814, 3.0100, 10.2768
(11, 12): 0.4971, 3.0100, 9.6361
(11, 13): 0.2958, 3.0100, 4.2557
(11, 14): 0.2958, 3.0100, 4.2557
(11, 15): 0.4469, 3.0100, 10.3605
(11, 16): 0.1772, 3.0100, 2.9461
(11, 17): 0.4041, 3.0100, 11.1005
(11, 18): 0.4635, 3.0100, 10.9654
(11, 19): 0.4814, 3.0100, 10.7138
(11, 20): 0.4420, 3.0200, 10.8292
(11, 21): 0.4409, 3.0100, 10.8299
(11, 22): 0.4813, 3.0000, 10.4687
(11, 23): 0.4463, 3.0100, 11.1416
(11, 24): 0.4821, 3.0100, 10.5771
(11, 25): 0.4528, 3.0100, 10.9931
(11, 26): 0.4445, 3.0100, 11.3585
(11, 27): 0.4445, 3.0100, 11.3585
(12, 1): 0.2680, 3.0100, 4.1518
(12, 2): 0.2680, 3.0100, 4.1518
(12, 3): 0.2680, 3.0100, 4.1518
(12, 4): 0.2680, 3.0100, 4.1518
(12, 5): 0.4423, 3.0100, 10.6185
(12, 6): 0.4423, 3.0100, 10.6185
(12, 7): 0.4423, 3.0100, 10.6185
(12, 8): 0.4423, 3.0100, 10.6185
(12, 9): 0.4423, 3.0100, 10.6185
(12, 10): 0.4423, 3.0100, 10.6185
(12, 11): 0.4155, 3.0100, 11.2849
(12, 12): 0.4487, 3.0100, 10.5107
(12, 13): 0.3500, 3.0100, 10.0875
(12, 14): 0.3807, 3.0100, 6.5514
(12, 15): 0.3807, 3.0100, 6.5514
(12, 16): 0.2714, 3.0200, 4.2139
(12, 17): 0.3764, 3.0100, 11.8176
(12, 18): 0.4220, 3.0100, 11.6600
(12, 19): 0.3992, 3.0100, 11.4787
(12, 20): 0.4268, 3.0100, 11.1039
(12, 21): 0.4453, 3.0100, 11.1423
(12, 22): 0.4501, 3.0100, 10.9879
(12, 23): 0.4979, 3.0100, 9.9711
(12, 24): 0.5211, 3.0100, 9.0259
(12, 25): 0.3619, 3.0100, 4.2987
(12, 26): 0.3158, 3.0100, 4.6682
(12, 27): 0.3158, 3.0100, 4.6682
(13, 1): 0.2680, 3.0100, 4.1518
(13, 2): 0.2680, 3.0100, 4.1518
(13, 3): 0.2680, 3.0100, 4.1518
(13, 4): 0.2680, 3.0100, 4.1518
(13, 5): 0.2680, 3.0100, 4.1518
(13, 6): 0.2680, 3.0100, 4.1518
(13, 7): 0.2680, 3.0100, 4.1518
(13, 8): 0.5074, 3.0100, 10.0673
(13, 9): 0.5074, 3.0100, 10.0673
(13, 10): 0.5074, 3.0100, 10.0673
(13, 11): 0.4717, 3.0100, 10.7601
(13, 12): 0.3996, 3.0100, 11.2554
(13, 13): 0.4042, 3.0100, 9.1529
(13, 14): 0.3314, 3.0100, 3.0754
(13, 15): 0.3314, 3.0100, 3.0754
(13, 16): 0.2326, 3.0100, 2.6064
(13, 17): 0.3364, 3.0100, 9.9935
(13, 18): 0.3494, 3.0100, 11.0261
(13, 19): 0.3736, 3.0100, 11.6940
(13, 20): 0.4297, 3.0100, 10.9834
(13, 21): 0.4356, 3.0100, 11.2422
(13, 22): 0.4357, 3.0100, 10.7834
(13, 23): 0.4891, 3.0000, 10.2458
(13, 24): 0.4593, 3.0100, 9.8381
(13, 25): 0.3516, 3.0200, 1.6472
(13, 26): 0.3158, 3.0100, 4.6682
(13, 27): 0.3521, 3.0200, 2.1096
(14, 1): 0.2680, 3.0100, 4.1518
(14, 2): 0.2680, 3.0100, 4.1518
(14, 3): 0.2680, 3.0100, 4.1518
(14, 4): 0.2680, 3.0100, 4.1518
(14, 5): 0.2680, 3.0100, 4.1518
(14, 6): 0.2680, 3.0100, 4.1518
(14, 7): 0.2680, 3.0100, 4.1518
(14, 8): 0.2680, 3.0100, 4.1518
(14, 9): 0.4764, 3.0100, 10.7610
(14, 10): 0.4764, 3.0100, 10.7610
(14, 11): 0.4405, 3.0100, 11.3653
(14, 12): 0.4566, 3.0100, 10.3398
(14, 13): 0.2389, 3.0100, 1.8586
(14, 14): 0.3314, 3.0100, 3.0754
(14, 15): 0.3282, 3.0100, 1.7467
(14, 16): 0.4747, 3.0100, 8.3114
(14, 17): 0.3946, 3.0100, 11.8808
(14, 18): 0.3758, 3.0100, 11.1314
(14, 19): 0.3939, 3.0100, 11.4035
(14, 20): 0.4844, 3.0100, 10.5024
(14, 21): 0.4588, 3.0100, 10.6720
(14, 22): 0.4674, 3.0100, 10.3121
(14, 23): 0.4158, 3.0100, 11.1209
(14, 24): 0.4299, 3.0100, 9.9390
(14, 25): 0.3547, 3.0200, 7.1085
(14, 26): 0.4530, 3.0100, 7.2229
(14, 27): 0.3521, 3.0200, 2.1096
(15, 1): 0.3236, 3.0100, 1.8107
(15, 2): 0.3236, 3.0100, 1.8107
(15, 3): 0.3236, 3.0100, 1.8107
(15, 4): 0.2680, 3.0100, 4.1518
(15, 5): 0.2680, 3.0100, 4.1518
(15, 6): 0.2680, 3.0100, 4.1518
(15, 7): 0.2680, 3.0100, 4.1518
(15, 8): 0.2680, 3.0100, 4.1518
(15, 9): 0.2680, 3.0100, 4.1518
(15, 10): 0.5014, 3.0100, 10.6147
(15, 11): 0.4928, 3.0100, 10.9383
(15, 12): 0.5085, 3.0100, 10.8094
(15, 13): 0.2970, 3.0100, 5.7611
(15, 14): 0.2614, 3.0100, 1.9051
(15, 15): 0.3676, 3.0100, 10.3482
(15, 16): 0.4033, 3.0100, 11.3364
(15, 17): 0.4788, 3.0100, 10.0888
(15, 18): 0.3959, 3.0100, 10.0423
(15, 19): 0.4620, 3.0100, 10.8120
(15, 20): 0.4707, 3.0100, 10.2485
(15, 21): 0.3999, 3.0100, 11.0547
(15, 22): 0.4012, 3.0100, 11.0405
(15, 23): 0.4218, 3.0100, 10.3857
(15, 24): 0.4470, 3.0100, 10.2817
(15, 25): 0.4695, 3.0100, 10.5176
(15, 26): 0.4763, 3.0100, 10.7617
(15, 27): 0.4866, 3.0200, 7.3322
(16, 1): 0.3150, 3.0100, 4.0875
(16, 2): 0.3236, 3.0100, 1.8107
(16, 3): 0.3236, 3.0100, 1.8107
(16, 4): 0.3236, 3.0100, 1.8107
(16, 5): 0.3236, 3.0100, 1.8107
(16, 6): 0.3236, 3.0100, 1.8107
(16, 7): 0.3572, 3.0100, 5.1717
(16, 8): 0.3572, 3.0100, 5.1717
(16, 9): 0.3572, 3.0100, 5.1717
(16, 10): 0.4407, 3.0100, 11.3171
(16, 11): 0.5541, 3.0100, 9.6676
(16, 12): 0.5193, 3.0200, 9.7105
(16, 13): 0.3168, 3.0100, 5.2466
(16, 14): 0.4285, 3.0100, 10.6151
(16, 15): 0.4527, 3.0100, 10.6645
(16, 16): 0.4012, 3.0100, 10.3254
(16, 17): 0.4105, 3.0100, 9.0362
(16, 18): 0.4358, 3.0100, 11.0392
(16, 19): 0.4526, 3.0100, 10.8243
(16, 20): 0.4631, 3.0100, 10.7259
(16, 21): 0.4500, 3.0200, 10.4271
(16, 22): 0.4539, 3.0100, 10.1787
(16, 23): 0.4400, 3.0100, 10.4451
(16, 24): 0.4466, 3.0100, 10.6887
(16, 25): 0.4906, 3.0100, 10.3113
(16, 26): 0.4889, 3.0100, 10.4833
(16, 27): 0.4067, 3.0100, 7.6489
(17, 1): 0.3150, 3.0100, 4.0875
(17, 2): 0.3150, 3.0100, 4.0875
(17, 3): 0.2928, 3.0100, 4.4144
(17, 4): 0.3236, 3.0100, 1.8107
(17, 5): 0.3236, 3.0100, 1.8107
(17, 6): 0.3236, 3.0100, 1.8107
(17, 7): 0.3236, 3.0100, 1.8107
(17, 8): 0.4311, 3.0100, 8.6451
(17, 9): 0.4311, 3.0100, 8.6451
(17, 10): 0.4231, 3.0200, 11.3976
(17, 11): 0.4852, 3.0100, 11.1864
(17, 12): 0.5178, 3.0100, 9.8812
(17, 13): 0.4380, 3.0100, 9.5764
(17, 14): 0.4305, 3.0100, 8.8657
(17, 15): 0.4295, 3.0100, 9.7320
(17, 16): 0.4290, 3.0100, 10.1541
(17, 17): 0.3686, 3.0100, 11.7387
(17, 18): 0.4530, 3.0100, 10.9375
(17, 19): 0.4628, 3.0100, 10.7953
(17, 20): 0.4458, 3.0100, 11.0561
(17, 21): 0.4022, 3.0100, 10.7516
(17, 22): 0.3581, 3.0100, 11.3525
(17, 23): 0.4133, 3.0100, 11.0334
(17, 24): 0.4857, 3.0100, 10.3073
(17, 25): 0.5246, 3.0100, 10.2381
(17, 26): 0.4702, 3.0200, 9.7100
(17, 27): 0.4702, 3.0200, 9.7100
(18, 1): 0.3150, 3.0100, 4.0875
(18, 2): 0.3150, 3.0100, 4.0875
(18, 3): 0.3150, 3.0100, 4.0875
(18, 4): 0.2928, 3.0100, 4.4144
(18, 5): 0.2928, 3.0100, 4.4144
(18, 6): 0.3236, 3.0100, 1.8107
(18, 7): 0.3236, 3.0100, 1.8107
(18, 8): 0.3236, 3.0100, 1.8107
(18, 9): 0.4531, 3.0200, 11.0742
(18, 10): 0.4497, 3.0100, 11.1458
(18, 11): 0.4614, 3.0100, 10.8345
(18, 12): 0.4557, 3.0100, 10.6420
(18, 13): 0.4742, 3.0100, 10.3548
(18, 14): 0.4302, 3.0200, 11.0344
(18, 15): 0.4413, 3.0200, 10.8672
(18, 16): 0.4242, 3.0100, 10.9360
(18, 17): 0.4311, 3.0100, 10.9747
(18, 18): 0.4307, 3.0100, 10.8998
(18, 19): 0.4597, 3.0100, 10.9393
(18, 20): 0.4390, 3.0100, 10.8730
(18, 21): 0.4354, 3.0100, 10.8454
(18, 22): 0.4451, 3.0100, 10.6661
(18, 23): 0.4681, 3.0100, 10.9005
(18, 24): 0.5021, 3.0100, 10.9233
(18, 25): 0.5167, 3.0200, 9.7610
(18, 26): 0.3239, 3.0100, 4.1474
(18, 27): 0.3239, 3.0100, 4.1474
(19, 1): 0.3150, 3.0100, 4.0875
(19, 2): 0.3150, 3.0100, 4.0875
(19, 3): 0.3150, 3.0100, 4.0875
(19, 4): 0.3150, 3.0100, 4.0875
(19, 5): 0.2928, 3.0100, 4.4144
(19, 6): 0.2928, 3.0100, 4.4144
(19, 7): 0.4217, 3.0100, 7.1892
(19, 8): 0.4217, 3.0100, 7.1892
(19, 9): 0.4895, 3.0100, 10.7786
(19, 10): 0.4342, 3.0100, 11.6085
(19, 11): 0.4635, 3.0100, 10.6019
(19, 12): 0.4641, 3.0100, 10.1660
(19, 13): 0.4786, 3.0100, 9.8850
(19, 14): 0.4684, 3.0100, 10.4012
(19, 15): 0.4006, 3.0100, 11.7771
(19, 16): 0.4155, 3.0100, 11.2933
(19, 17): 0.4358, 3.0200, 11.1987
(19, 18): 0.4434, 3.0100, 11.3851
(19, 19): 0.4638, 3.0100, 11.6254
(19, 20): 0.4699, 3.0100, 10.9373
(19, 21): 0.4472, 3.0100, 10.8209
(19, 22): 0.4377, 3.0100, 11.1868
(19, 23): 0.5062, 3.0100, 10.0347
(19, 24): 0.5524, 3.0100, 9.7797
(19, 25): 0.4304, 3.0100, 7.6150
(19, 26): 0.2441, 3.0100, 1.9835
(19, 27): 0.2441, 3.0100, 1.9835
(20, 1): 0.2536, 3.0100, 5.3877
(20, 2): 0.3150, 3.0100, 4.0875
(20, 3): 0.3150, 3.0100, 4.0875
(20, 4): 0.3150, 3.0100, 4.0875
(20, 5): 0.3150, 3.0100, 4.0875
(20, 6): 0.2928, 3.0100, 4.4144
(20, 7): 0.2928, 3.0100, 4.4144
(20, 8): 0.4987, 3.0100, 11.2396
(20, 9): 0.4656, 3.0100, 11.1775
(20, 10): 0.4602, 3.0100, 10.7415
(20, 11): 0.4435, 3.0200, 10.8376
(20, 12): 0.4562, 3.0100, 9.9973
(20, 13): 0.5153, 3.0100, 8.9950
(20, 14): 0.5174, 3.0100, 9.6123
(20, 15): 0.3899, 3.0100, 12.3410
(20, 16): 0.4253, 3.0100, 12.1357
(20, 17): 0.4087, 3.0100, 11.6861
(20, 18): 0.4502, 3.0100, 11.4878
(20, 19): 0.4674, 3.0200, 11.6318
(20, 20): 0.4036, 3.0100, 11.7143
(20, 21): 0.4123, 3.0100, 10.3595
(20, 22): 0.4631, 3.0100, 9.6744
(20, 23): 0.4704, 3.0100, 9.5246
(20, 24): 0.4843, 3.0100, 9.9863
(20, 25): 0.4660, 3.0100, 10.4128
(20, 26): 0.3040, 3.0100, 3.7292
(20, 27): 0.3040, 3.0100, 3.7292
(21, 1): 0.2512, 3.0100, 4.3958
(21, 2): 0.2536, 3.0100, 5.3877
(21, 3): 0.2536, 3.0100, 5.3877
(21, 4): 0.3150, 3.0100, 4.0875
(21, 5): 0.3150, 3.0100, 4.0875
(21, 6): 0.3150, 3.0100, 4.0875
(21, 7): 0.4941, 3.0100, 10.1807
(21, 8): 0.4831, 3.0100, 10.9688
(21, 9): 0.4480, 3.0100, 10.8533
(21, 10): 0.4408, 3.0000, 10.7785
(21, 11): 0.4935, 3.0100, 9.9068
(21, 12): 0.4408, 3.0100, 10.6412
(21, 13): 0.4394, 3.0100, 10.5407
(21, 14): 0.4419, 3.0100, 11.1888
(21, 15): 0.4516, 3.0100, 11.5718
(21, 16): 0.4363, 3.0100, 11.2553
(21, 17): 0.4281, 3.0100, 11.7540
(21, 18): 0.4149, 3.0000, 11.6752
(21, 19): 0.4304, 3.0100, 11.1255
(21, 20): 0.4187, 3.0100, 10.9267
(21, 21): 0.3523, 3.0100, 9.7521
(21, 22): 0.4618, 3.0100, 9.5615
(21, 23): 0.4334, 3.0100, 10.2971
(21, 24): 0.3347, 3.0100, 6.7923
(21, 25): 0.3347, 3.0100, 6.7923
(21, 26): 0.3040, 3.0100, 3.7292
(21, 27): 0.3040, 3.0100, 3.7292
(22, 1): 0.2512, 3.0100, 4.3958
(22, 2): 0.2512, 3.0100, 4.3958
(22, 3): 0.2536, 3.0100, 5.3877
(22, 4): 0.2536, 3.0100, 5.3877
(22, 5): 0.4518, 3.0100, 7.2425
(22, 6): 0.4518, 3.0100, 7.2425
(22, 7): 0.4641, 3.0100, 10.4634
(22, 8): 0.4523, 3.0100, 10.2132
(22, 9): 0.4681, 3.0100, 9.8948
(22, 10): 0.4712, 3.0100, 10.5601
(22, 11): 0.4966, 3.0200, 10.5029
(22, 12): 0.4634, 3.0100, 10.3350
(22, 13): 0.4341, 3.0100, 11.0047
(22, 14): 0.4200, 3.0100, 11.4348
(22, 15): 0.5121, 3.0100, 10.3279
(22, 16): 0.4885, 3.0100, 10.4703
(22, 17): 0.4729, 3.0100, 11.0348
(22, 18): 0.4508, 3.0100, 11.5885
(22, 19): 0.4872, 3.0100, 10.6359
(22, 20): 0.4202, 3.0100, 9.2448
(22, 21): 0.3283, 3.0200, 3.0960
(22, 22): 0.4618, 3.0100, 9.5615
(22, 23): 0.4334, 3.0100, 10.2971
(22, 24): 0.3347, 3.0100, 6.7923
(22, 25): 0.3347, 3.0100, 6.7923
(22, 26): 0.3040, 3.0100, 3.7292
(22, 27): 0.3040, 3.0100, 3.7292
(23, 1): 0.2512, 3.0100, 4.3958
(23, 2): 0.2512, 3.0100, 4.3958
(23, 3): 0.2512, 3.0100, 4.3958
(23, 4): 0.2536, 3.0100, 5.3877
(23, 5): 0.2536, 3.0100, 5.3877
(23, 6): 0.3620, 3.0100, 8.0883
(23, 7): 0.3484, 3.0100, 9.5987
(23, 8): 0.3291, 3.0100, 12.2368
(23, 9): 0.3694, 3.0200, 11.7713
(23, 10): 0.4010, 3.0100, 11.6493
(23, 11): 0.5496, 3.0100, 9.8846
(23, 12): 0.5218, 3.0100, 10.3070
(23, 13): 0.4984, 3.0100, 10.2772
(23, 14): 0.4492, 3.0100, 11.3106
(23, 15): 0.4938, 3.0100, 10.8035
(23, 16): 0.4501, 3.0100, 11.6418
(23, 17): 0.4566, 3.0100, 11.4842
(23, 18): 0.4072, 3.0100, 12.5542
(23, 19): 0.4611, 3.0100, 11.6326
(23, 20): 0.4235, 3.0100, 10.1168
(23, 21): 0.3283, 3.0200, 3.0960
(23, 22): 0.3283, 3.0200, 3.0960
(23, 23): 0.4334, 3.0100, 10.2971
(23, 24): 0.3347, 3.0100, 6.7923
(23, 25): 0.3347, 3.0100, 6.7923
(23, 26): 0.3347, 3.0100, 6.7923
(23, 27): 0.3040, 3.0100, 3.7292
(24, 1): 0.3203, 3.0100, 1.9034
(24, 2): 0.2512, 3.0100, 4.3958
(24, 3): 0.2512, 3.0100, 4.3958
(24, 4): 0.2512, 3.0100, 4.3958
(24, 5): 0.3556, 3.0100, 6.1604
(24, 6): 0.3234, 3.0100, 6.1569
(24, 7): 0.4098, 3.0000, 10.8433
(24, 8): 0.3842, 3.0100, 8.1856
(24, 9): 0.4207, 3.0100, 10.0885
(24, 10): 0.4037, 3.0100, 10.1730
(24, 11): 0.4559, 3.0100, 11.6665
(24, 12): 0.4742, 3.0100, 10.9276
(24, 13): 0.4633, 3.0100, 11.0942
(24, 14): 0.4540, 3.0100, 11.1533
(24, 15): 0.5356, 3.0100, 9.9631
(24, 16): 0.5124, 3.0100, 10.8449
(24, 17): 0.4528, 3.0100, 11.4553
(24, 18): 0.5079, 3.0200, 11.0479
(24, 19): 0.4641, 3.0200, 11.8246
(24, 20): 0.4750, 3.0100, 11.0629
(24, 21): 0.4090, 3.0100, 7.9187
(24, 22): 0.3863, 3.0100, 6.0723
(24, 23): 0.3863, 3.0100, 6.0723
(24, 24): 0.3863, 3.0100, 6.0723
(24, 25): 0.3863, 3.0100, 6.0723
(24, 26): 0.3347, 3.0100, 6.7923
(24, 27): 0.3040, 3.0100, 3.7292
(25, 1): 0.3203, 3.0100, 1.9034
(25, 2): 0.3203, 3.0100, 1.9034
(25, 3): 0.3722, 3.0100, 6.1776
(25, 4): 0.3880, 3.0100, 8.0598
(25, 5): 0.4501, 3.0100, 8.4084
(25, 6): 0.4001, 3.0100, 10.7629
(25, 7): 0.3410, 3.0100, 6.6313
(25, 8): 0.4642, 3.0300, 9.1672
(25, 9): 0.4511, 3.0200, 10.8293
(25, 10): 0.4719, 3.0100, 10.4340
(25, 11): 0.4392, 3.0100, 11.4147
(25, 12): 0.4943, 3.0100, 11.0083
(25, 13): 0.4740, 3.0100, 11.3893
(25, 14): 0.4882, 3.0100, 10.8614
(25, 15): 0.5023, 3.0100, 11.6373
(25, 16): 0.5290, 3.0100, 11.2760
(25, 17): 0.5132, 3.0100, 10.9333
(25, 18): 0.4657, 3.0100, 11.6079
(25, 19): 0.4799, 3.0100, 11.0605
(25, 20): 0.4828, 3.0100, 10.9226
(25, 21): 0.4429, 3.0100, 12.0901
(25, 22): 0.3863, 3.0100, 6.0723
(25, 23): 0.3863, 3.0100, 6.0723
(25, 24): 0.3863, 3.0100, 6.0723
(25, 25): 0.3863, 3.0100, 6.0723
(25, 26): 0.3863, 3.0100, 6.0723
(25, 27): 0.3863, 3.0100, 6.0723
(26, 1): 0.3203, 3.0100, 1.9034
(26, 2): 0.3203, 3.0100, 1.9034
(26, 3): 0.3722, 3.0100, 6.1776
(26, 4): 0.3987, 3.0100, 7.6763
(26, 5): 0.3168, 3.0100, 8.2324
(26, 6): 0.3033, 3.0100, 6.8118
(26, 7): 0.4086, 3.0300, 9.9469
(26, 8): 0.4645, 3.0000, 10.7591
(26, 9): 0.4354, 3.0100, 11.1734
(26, 10): 0.4283, 3.0100, 10.8466
(26, 11): 0.4224, 3.0100, 11.7067
(26, 12): 0.4853, 3.0100, 11.2572
(26, 13): 0.4459, 3.0100, 11.7625
(26, 14): 0.5291, 3.0100, 10.3333
(26, 15): 0.5351, 3.0100, 11.3057
(26, 16): 0.5205, 3.0100, 11.2651
(26, 17): 0.4775, 3.0100, 11.7694
(26, 18): 0.5059, 3.0100, 11.0898
(26, 19): 0.5018, 3.0100, 11.2416
(26, 20): 0.4898, 3.0100, 11.3712
(26, 21): 0.5108, 3.0100, 10.9416
(26, 22): 0.4176, 3.0100, 9.6802
(26, 23): 0.4176, 3.0100, 9.6802
(26, 24): 0.4176, 3.0100, 9.6802
(26, 25): 0.4176, 3.0100, 9.6802
(26, 26): 0.4176, 3.0100, 9.6802
(26, 27): 0.4176, 3.0100, 9.6802
(27, 1): 0.3707, 3.0100, 6.2410
(27, 2): 0.3707, 3.0100, 6.2410
(27, 3): 0.4920, 3.0100, 10.7204
(27, 4): 0.5053, 3.0100, 11.0940
(27, 5): 0.4300, 3.0200, 11.9921
(27, 6): 0.3420, 3.0100, 10.3998
(27, 7): 0.2650, 3.0100, 5.5830
(27, 8): 0.3655, 3.0200, 10.4065
(27, 9): 0.3754, 3.0100, 9.4128
(27, 10): 0.3960, 3.0100, 9.0235
(27, 11): 0.3637, 3.0100, 10.0162
(27, 12): 0.3463, 3.0200, 6.7410
(27, 13): 0.4643, 3.0100, 9.4302
(27, 14): 0.4108, 3.0200, 9.0973
(27, 15): 0.4841, 3.0200, 12.0156
(27, 16): 0.4855, 3.0100, 11.7934
(27, 17): 0.5280, 3.0100, 11.1659
(27, 18): 0.4865, 3.0300, 11.2428
(27, 19): 0.4742, 3.0100, 11.3988
(27, 20): 0.4774, 3.0100, 11.1199
(27, 21): 0.4626, 3.0100, 11.0948
(27, 22): 0.3619, 3.0100, 9.6122
(27, 23): 0.3619, 3.0100, 9.6122
(27, 24): 0.3619, 3.0100, 9.6122
(27, 25): 0.3619, 3.0100, 9.6122
(27, 26): 0.3619, 3.0100, 9.6122
(27, 27): 0.3619, 3.0100, 9.6122
(28, 1): 0.3048, 3.0100, 1.8089
(28, 2): 0.3048, 3.0100, 1.8089
(28, 3): 0.3330, 3.0100, 7.0002
(28, 4): 0.3324, 3.0100, 6.9277
(28, 5): 0.3523, 3.0100, 10.6723
(28, 6): 0.3088, 3.0100, 6.7610
(28, 7): 0.3070, 3.0200, 6.8403
(28, 8): 0.4124, 3.0100, 8.4469
(28, 9): 0.3954, 3.0100, 6.9945
(28, 10): 0.3960, 3.0100, 9.0235
(28, 11): 0.3637, 3.0100, 10.0162
(28, 12): 0.3463, 3.0200, 6.7410
(28, 13): 0.2598, 3.0100, 4.8478
(28, 14): 0.2598, 3.0100, 4.8478
(28, 15): 0.4643, 3.0100, 11.5094
(28, 16): 0.4773, 3.0100, 11.2985
(28, 17): 0.4537, 3.0100, 11.4204
(28, 18): 0.4797, 3.0100, 11.2570
(28, 19): 0.4977, 3.0100, 10.7637
(28, 20): 0.4453, 3.0100, 11.4369
(28, 21): 0.4395, 3.0100, 10.9957
(28, 22): 0.3774, 3.0100, 5.3848
(28, 23): 0.3774, 3.0100, 5.3848
(28, 24): 0.3774, 3.0100, 5.3848
(28, 25): 0.3774, 3.0100, 5.3848
(28, 26): 0.3774, 3.0100, 5.3848
(28, 27): 0.3774, 3.0100, 5.3848
(29, 1): 0.4292, 3.0200, 10.9686
(29, 2): 0.4292, 3.0200, 10.9686
(29, 3): 0.4205, 3.0100, 11.7215
(29, 4): 0.3823, 3.0200, 10.6525
(29, 5): 0.3527, 3.0100, 9.0149
(29, 6): 0.4384, 3.0100, 11.1960
(29, 7): 0.4165, 3.0100, 9.6510
(29, 8): 0.2916, 3.0300, 1.8666
(29, 9): 0.3954, 3.0100, 6.9945
(29, 10): 0.3954, 3.0100, 6.9945
(29, 11): 0.3637, 3.0100, 10.0162
(29, 12): 0.3463, 3.0200, 6.7410
(29, 13): 0.2598, 3.0100, 4.8478
(29, 14): 0.2598, 3.0100, 4.8478
(29, 15): 0.2285, 3.0300, 3.3984
(29, 16): 0.3110, 3.0100, 6.6754
(29, 17): 0.3478, 3.0100, 1.9755
(29, 18): 0.4079, 3.0100, 10.1653
(29, 19): 0.4663, 3.0100, 11.1571
(29, 20): 0.4570, 3.0100, 11.0128
(29, 21): 0.4562, 3.0100, 11.1610
(29, 22): 0.2729, 3.0100, 3.8317
(29, 23): 0.2729, 3.0100, 3.8317
(29, 24): 0.2729, 3.0100, 3.8317
(29, 25): 0.2729, 3.0100, 3.8317
(29, 26): 0.2729, 3.0100, 3.8317
(29, 27): 0.2729, 3.0100, 3.8317
(30, 1): 0.3763, 3.0200, 7.9110
(30, 2): 0.3763, 3.0200, 7.9110
(30, 3): 0.2274, 3.0100, 4.9079
(30, 4): 0.1567, 3.0100, 4.3061
(30, 5): 0.4056, 3.0300, 10.1052
(30, 6): 0.3801, 3.0000, 9.7647
(30, 7): 0.2897, 3.0300, 3.9797
(30, 8): 0.2916, 3.0300, 1.8666
(30, 9): 0.2916, 3.0300, 1.8666
(30, 10): 0.3954, 3.0100, 6.9945
(30, 11): 0.3954, 3.0100, 6.9945
(30, 12): 0.2598, 3.0100, 4.8478
(30, 13): 0.2598, 3.0100, 4.8478
(30, 14): 0.2285, 3.0300, 3.3984
(30, 15): 0.2285, 3.0300, 3.3984
(30, 16): 0.3110, 3.0100, 6.6754
(30, 17): 0.3478, 3.0100, 1.9755
(30, 18): 0.2624, 3.0100, 3.9830
(30, 19): 0.2624, 3.0100, 3.9830
(30, 20): 0.4391, 3.0100, 9.8708
(30, 21): 0.4270, 3.0100, 10.9626
(30, 22): 0.3549, 3.0100, 4.2121
(30, 23): 0.3549, 3.0100, 4.2121
(30, 24): 0.3549, 3.0100, 4.2121
(30, 25): 0.3549, 3.0100, 4.2121
(30, 26): 0.3549, 3.0100, 4.2121
(30, 27): 0.3549, 3.0100, 4.2121
(31, 1): 0.3763, 3.0200, 7.9110
(31, 2): 0.3763, 3.0200, 7.9110
(31, 3): 0.2274, 3.0100, 4.9079
(31, 4): 0.1567, 3.0100, 4.3061
(31, 5): 0.4056, 3.0300, 10.1052
(31, 6): 0.3801, 3.0000, 9.7647
(31, 7): 0.2897, 3.0300, 3.9797
(31, 8): 0.2897, 3.0300, 3.9797
(31, 9): 0.2916, 3.0300, 1.8666
(31, 10): 0.2916, 3.0300, 1.8666
(31, 11): 0.3954, 3.0100, 6.9945
(31, 12): 0.2598, 3.0100, 4.8478
(31, 13): 0.2285, 3.0300, 3.3984
(31, 14): 0.2285, 3.0300, 3.3984
(31, 15): 0.2285, 3.0300, 3.3984
(31, 16): 0.3110, 3.0100, 6.6754
(31, 17): 0.3478, 3.0100, 1.9755
(31, 18): 0.3704, 3.0100, 2.8223
(31, 19): 0.3704, 3.0100, 2.8223
(31, 20): 0.4472, 3.0100, 10.6916
(31, 21): 0.2924, 3.0100, 3.8315
(31, 22): 0.2924, 3.0100, 3.8315
(31, 23): 0.2834, 3.0100, 3.1062
(31, 24): 0.2834, 3.0100, 3.1062
(31, 25): 0.2834, 3.0100, 3.1062
(31, 26): 0.2834, 3.0100, 3.1062
(31, 27): 0.2834, 3.0100, 3.1062
(32, 1): 0.3763, 3.0200, 7.9110
(32, 2): 0.3763, 3.0200, 7.9110
(32, 3): 0.2274, 3.0100, 4.9079
(32, 4): 0.1567, 3.0100, 4.3061
(32, 5): 0.4056, 3.0300, 10.1052
(32, 6): 0.3801, 3.0000, 9.7647
(32, 7): 0.2897, 3.0300, 3.9797
(32, 8): 0.2897, 3.0300, 3.9797
(32, 9): 0.2897, 3.0300, 3.9797
(32, 10): 0.2916, 3.0300, 1.8666
(32, 11): 0.2916, 3.0300, 1.8666
(32, 12): 0.2285, 3.0300, 3.3984
(32, 13): 0.2285, 3.0300, 3.3984
(32, 14): 0.2285, 3.0300, 3.3984
(32, 15): 0.2285, 3.0300, 3.3984
(32, 16): 0.3110, 3.0100, 6.6754
(32, 17): 0.2889, 3.0100, 4.1355
(32, 18): 0.2889, 3.0100, 4.1355
(32, 19): 0.2889, 3.0100, 4.1355
(32, 20): 0.4601, 3.0100, 12.1632
(32, 21): 0.3906, 3.0200, 9.2536
(32, 22): 0.2834, 3.0100, 3.1062
(32, 23): 0.2834, 3.0100, 3.1062
(32, 24): 0.2834, 3.0100, 3.1062
(32, 25): 0.2834, 3.0100, 3.1062
(32, 26): 0.2834, 3.0100, 3.1062
(32, 27): 0.2834, 3.0100, 3.1062
(33, 1): 0.3763, 3.0200, 7.9110
(33, 2): 0.3763, 3.0200, 7.9110
(33, 3): 0.2274, 3.0100, 4.9079
(33, 4): 0.1567, 3.0100, 4.3061
(33, 5): 0.4056, 3.0300, 10.1052
(33, 6): 0.3801, 3.0000, 9.7647
(33, 7): 0.2897, 3.0300, 3.9797
(33, 8): 0.2897, 3.0300, 3.9797
(33, 9): 0.2897, 3.0300, 3.9797
(33, 10): 0.2897, 3.0300, 3.9797
(33, 11): 0.2916, 3.0300, 1.8666
(33, 12): 0.2285, 3.0300, 3.3984
(33, 13): 0.2285, 3.0300, 3.3984
(33, 14): 0.2285, 3.0300, 3.3984
(33, 15): 0.2285, 3.0300, 3.3984
(33, 16): 0.3828, 3.0200, 9.4337
(33, 17): 0.3828, 3.0200, 9.4337
(33, 18): 0.3828, 3.0200, 9.4337
(33, 19): 0.3828, 3.0200, 9.4337
(33, 20): 0.5026, 3.0100, 12.0233
(33, 21): 0.5011, 3.0100, 11.6333
(33, 22): 0.3707, 3.0200, 6.1633
(33, 23): 0.3707, 3.0200, 6.1633
(33, 24): 0.3707, 3.0200, 6.1633
(33, 25): 0.3707, 3.0200, 6.1633
(33, 26): 0.3707, 3.0200, 6.1633
(33, 27): 0.3707, 3.0200, 6.1633
(34, 1): 0.3763, 3.0200, 7.9110
(34, 2): 0.3763, 3.0200, 7.9110
(34, 3): 0.2274, 3.0100, 4.9079
(34, 4): 0.1567, 3.0100, 4.3061
(34, 5): 0.4056, 3.0300, 10.1052
(34, 6): 0.3801, 3.0000, 9.7647
(34, 7): 0.2897, 3.0300, 3.9797
(34, 8): 0.2897, 3.0300, 3.9797
(34, 9): 0.2897, 3.0300, 3.9797
(34, 10): 0.2897, 3.0300, 3.9797
(34, 11): 0.2897, 3.0300, 3.9797
(34, 12): 0.2285, 3.0300, 3.3984
(34, 13): 0.2285, 3.0300, 3.3984
(34, 14): 0.3705, 3.0100, 8.5761
(34, 15): 0.3705, 3.0100, 8.5761
(34, 16): 0.3705, 3.0100, 8.5761
(34, 17): 0.3705, 3.0100, 8.5761
(34, 18): 0.3705, 3.0100, 8.5761
(34, 19): 0.3705, 3.0100, 8.5761
(34, 20): 0.4142, 3.0100, 13.3510
(34, 21): 0.4378, 3.0100, 13.0514
(34, 22): 0.1703, 3.0100, 3.5426
(34, 23): 0.1703, 3.0100, 3.5426
(34, 24): 0.1703, 3.0100, 3.5426
(34, 25): 0.1703, 3.0100, 3.5426
(34, 26): 0.1703, 3.0100, 3.5426
(34, 27): 0.1703, 3.0100, 3.5426
