(1, 1): -1.3127, 11.0015, 3.4561
(1, 2): -1.3127, 11.0015, 3.4561
(1, 3): -1.3127, 11.0015, 3.4561
(1, 4): -1.3127, 11.0015, 3.4561
(1, 5): -1.3127, 11.0015, 3.4561
(1, 6): -1.3127, 11.0015, 3.4561
(1, 7): -1.3127, 11.0015, 3.4561
(1, 8): -1.3127, 11.0015, 3.4561
(1, 9): -1.3127, 11.0015, 3.4561
(1, 10): 0.9184, 11.0181, 0.6397
(1, 11): 1.3976, 11.4488, 1.1701
(1, 12): 1.3976, 11.4488, 1.1701
(1, 13): -2.0029, 11.0022, 11.7186
(1, 14): -2.0029, 11.0022, 11.7186
(1, 15): -2.2955, 10.9730, 10.6816
(1, 16): -2.2955, 10.9730, 10.6816
(1, 17): -2.2955, 10.9730, 10.6816
(1, 18): -2.2955, 10.9730, 10.6816
(1, 19): -2.6757, 10.9252, 26.3716
(1, 20): -2.3555, 10.9933, 12.0493
(1, 21): -1.2520, 10.9966, 4.1085
(1, 22): -1.2520, 10.9966, 4.1085
(1, 23): -1.2520, 10.9966, 4.1085
(1, 24): -1.5506, 10.9833, 10.2539
(1, 25): -1.5506, 10.9833, 10.2539
(1, 26): -1.5506, 10.9833, 10.2539
(2, 1): -1.3127, 11.0015, 3.4561
(2, 2): -1.3127, 11.0015, 3.4561
(2, 3): -1.3127, 11.0015, 3.4561
(2, 4): -1.3127, 11.0015, 3.4561
(2, 5): -1.3127, 11.0015, 3.4561
(2, 6): -1.3127, 11.0015, 3.4561
(2, 7): -1.3127, 11.0015, 3.4561
(2, 8): -1.3127, 11.0015, 3.4561
(2, 9): -1.3127, 11.0015, 3.4561
(2, 10): -1.3127, 11.0015, 3.4561
(2, 11): 0.9184, 11.0181, 0.6397
(2, 12): 1.3976, 11.4488, 1.1701
(2, 13): 1.3976, 11.4488, 1.1701
(2, 14): -2.0029, 11.0022, 11.7186
(2, 15): -2.0029, 11.0022, 11.7186
(2, 16): -2.2955, 10.9730, 10.6816
(2, 17): -2.2955, 10.9730, 10.6816
(2, 18): -2.2955, 10.9730, 10.6816
(2, 19): -2.6757, 10.9252, 26.3716
(2, 20): -2.3555, 10.9933, 12.0493
(2, 21): -1.4216, 10.9745, 10.6059
(2, 22): -1.2520, 10.9966, 4.1085
(2, 23): -1.2520, 10.9966, 4.1085
(2, 24): -1.5506, 10.9833, 10.2539
(2, 25): -1.5506, 10.9833, 10.2539
(2, 26): -2.5432, 11.0024, 2.4418
(3, 1): -1.3127, 11.0015, 3.4561
(3, 2): -1.3127, 11.0015, 3.4561
(3, 3): -1.3127, 11.0015, 3.4561
(3, 4): -1.3127, 11.0015, 3.4561
(3, 5): -1.3127, 11.0015, 3.4561
(3, 6): -1.3127, 11.0015, 3.4561
(3, 7): -1.3127, 11.0015, 3.4561
(3, 8): -1.3127, 11.0015, 3.4561
(3, 9): -1.3127, 11.0015, 3.4561
(3, 10): -1.3127, 11.0015, 3.4561
(3, 11): 0.9184, 11.0181, 0.6397
(3, 12): 0.9184, 11.0181, 0.6397
(3, 13): 1.3976, 11.4488, 1.1701
(3, 14): 1.3976, 11.4488, 1.1701
(3, 15): -2.0029, 11.0022, 11.7186
(3, 16): -2.0029, 11.0022, 11.7186
(3, 17): -2.2955, 10.9730, 10.6816
(3, 18): -2.2955, 10.9730, 10.6816
(3, 19): -2.6757, 10.9252, 26.3716
(3, 20): -2.3555, 10.9933, 12.0493
(3, 21): -1.4216, 10.9745, 10.6059
(3, 22): -1.1224, 10.9899, 5.4327
(3, 23): -1.2520, 10.9966, 4.1085
(3, 24): -1.5506, 10.9833, 10.2539
(3, 25): -2.5432, 11.0024, 2.4418
(3, 26): -2.5432, 11.0024, 2.4418
(4, 1): -1.3127, 11.0015, 3.4561
(4, 2): -1.3127, 11.0015, 3.4561
(4, 3): -1.3127, 11.0015, 3.4561
(4, 4): -1.3127, 11.0015, 3.4561
(4, 5): -1.3127, 11.0015, 3.4561
(4, 6): -1.3127, 11.0015, 3.4561
(4, 7): -1.3127, 11.0015, 3.4561
(4, 8): -1.3127, 11.0015, 3.4561
(4, 9): -1.3127, 11.0015, 3.4561
(4, 10): -1.3127, 11.0015, 3.4561
(4, 11): 0.9184, 11.0181, 0.6397
(4, 12): 0.9184, 11.0181, 0.6397
(4, 13): 0.9184, 11.0181, 0.6397
(4, 14): 1.3976, 11.4488, 1.1701
(4, 15): 1.3976, 11.4488, 1.1701
(4, 16): -2.0029, 11.0022, 11.7186
(4, 17): -2.0029, 11.0022, 11.7186
(4, 18): -2.2955, 10.9730, 10.6816
(4, 19): -2.6757, 10.9252, 26.3716
(4, 20): -2.3555, 10.9933, 12.0493
(4, 21): -1.4216, 10.9745, 10.6059
(4, 22): -1.1224, 10.9899, 5.4327
(4, 23): -0.3679, 11.2800, 2.7051
(4, 24): 0.8788, 11.2006, 0.9788
(4, 25): -2.5432, 11.0024, 2.4418
(4, 26): -2.5432, 11.0024, 2.4418
(5, 1): -1.3127, 11.0015, 3.4561
(5, 2): -1.3127, 11.0015, 3.4561
(5, 3): -1.3127, 11.0015, 3.4561
(5, 4): -1.3127, 11.0015, 3.4561
(5, 5): -1.3127, 11.0015, 3.4561
(5, 6): -1.3127, 11.0015, 3.4561
(5, 7): -1.3127, 11.0015, 3.4561
(5, 8): -1.3127, 11.0015, 3.4561
(5, 9): -1.3127, 11.0015, 3.4561
(5, 10): -1.3127, 11.0015, 3.4561
(5, 11): -1.3127, 11.0015, 3.4561
(5, 12): 0.9184, 11.0181, 0.6397
(5, 13): 0.9184, 11.0181, 0.6397
(5, 14): 0.9184, 11.0181, 0.6397
(5, 15): 1.3976, 11.4488, 1.1701
(5, 16): 1.3976, 11.4488, 1.1701
(5, 17): -2.0029, 11.0022, 11.7186
(5, 18): -1.5043, 10.9457, 20.6272
(5, 19): -0.1443, 11.7494, 4.1588
(5, 20): -1.5804, 10.9597, 15.0944
(5, 21): 0.0333, 11.3675, 2.5112
(5, 22): -0.0497, 11.0019, 2.5801
(5, 23): -0.1670, 11.4325, 1.5074
(5, 24): -0.2217, 11.7556, 1.7715
(5, 25): -1.1875, 11.0002, 7.9805
(5, 26): -1.0669, 10.9754, 9.6846
(6, 1): -1.3127, 11.0015, 3.4561
(6, 2): -1.3127, 11.0015, 3.4561
(6, 3): -1.3127, 11.0015, 3.4561
(6, 4): -1.3127, 11.0015, 3.4561
(6, 5): -1.3127, 11.0015, 3.4561
(6, 6): -1.3127, 11.0015, 3.4561
(6, 7): -1.3127, 11.0015, 3.4561
(6, 8): -1.3127, 11.0015, 3.4561
(6, 9): -1.3127, 11.0015, 3.4561
(6, 10): -1.3127, 11.0015, 3.4561
(6, 11): -1.3127, 11.0015, 3.4561
(6, 12): 0.9184, 11.0181, 0.6397
(6, 13): 0.9184, 11.0181, 0.6397
(6, 14): 0.9184, 11.0181, 0.6397
(6, 15): 0.9184, 11.0181, 0.6397
(6, 16): 1.3976, 11.4488, 1.1701
(6, 17): -1.4212, 10.9242, 28.9199
(6, 18): -1.4588, 10.9693, 13.0484
(6, 19): 5.6430, 11.2431, 0.0147
(6, 20): -1.9020, 11.0041, 10.7339
(6, 21): -0.2531, 11.5975, 3.3439
(6, 22): 0.1467, 11.6637, 2.1433
(6, 23): -1.3953, 10.9762, 10.3960
(6, 24): 0.2037, 11.1313, 1.6464
(6, 25): -0.0096, 11.2650, 3.9403
(6, 26): -1.3173, 10.9929, 7.2522
(7, 1): -1.3127, 11.0015, 3.4561
(7, 2): -1.3127, 11.0015, 3.4561
(7, 3): -1.3127, 11.0015, 3.4561
(7, 4): -1.3127, 11.0015, 3.4561
(7, 5): -1.3127, 11.0015, 3.4561
(7, 6): -1.3127, 11.0015, 3.4561
(7, 7): -1.3127, 11.0015, 3.4561
(7, 8): -1.3127, 11.0015, 3.4561
(7, 9): -1.3127, 11.0015, 3.4561
(7, 10): -1.3127, 11.0015, 3.4561
(7, 11): -1.3127, 11.0015, 3.4561
(7, 12): -1.3127, 11.0015, 3.4561
(7, 13): 0.9184, 11.0181, 0.6397
(7, 14): 0.9184, 11.0181, 0.6397
(7, 15): 0.9184, 11.0181, 0.6397
(7, 16): -1.5147, 10.9785, 6.0922
(7, 17): -1.3309, 10.9610, 15.8215
(7, 18): 2.1330, 11.3712, 1.0375
(7, 19): 6.4288, 11.7125, 0.0000
(7, 20): 0.3939, 11.9581, 1.5319
(7, 21): -1.2994, 11.0327, 8.1185
(7, 22): -1.1327, 10.9798, 7.2581
(7, 23): 0.0576, 11.1169, 3.3613
(7, 24): 0.0157, 11.1988, 2.4119
(7, 25): 0.3125, 11.2519, 1.8357
(7, 26): -1.2687, 10.9813, 6.4679
(8, 1): -1.3127, 11.0015, 3.4561
(8, 2): -1.3127, 11.0015, 3.4561
(8, 3): -1.3127, 11.0015, 3.4561
(8, 4): -1.3127, 11.0015, 3.4561
(8, 5): -1.3127, 11.0015, 3.4561
(8, 6): -1.3127, 11.0015, 3.4561
(8, 7): -1.3127, 11.0015, 3.4561
(8, 8): -1.3127, 11.0015, 3.4561
(8, 9): -1.3127, 11.0015, 3.4561
(8, 10): -1.3127, 11.0015, 3.4561
(8, 11): -1.3127, 11.0015, 3.4561
(8, 12): -2.7512, 10.9854, 14.2794
(8, 13): 0.2000, 11.0812, 2.0550
(8, 14): 0.2000, 11.0812, 2.0550
(8, 15): 0.2000, 11.0812, 2.0550
(8, 16): 0.7497, 11.5206, 1.2764
(8, 17): -0.0759, 11.1406, 3.2102
(8, 18): 0.9546, 11.2775, 0.9640
(8, 19): -1.8298, 11.0155, 24.1465
(8, 20): -2.0478, 10.9546, 18.6638
(8, 21): -0.0909, 11.8588, 3.3345
(8, 22): -1.5171, 10.9787, 14.6641
(8, 23): 0.1757, 11.3506, 3.0336
(8, 24): 0.2512, 11.0337, 2.9865
(8, 25): 0.1418, 11.0694, 2.5678
(8, 26): -1.4122, 10.9975, 8.5374
(9, 1): -1.3127, 11.0015, 3.4561
(9, 2): -1.3127, 11.0015, 3.4561
(9, 3): -1.3127, 11.0015, 3.4561
(9, 4): -1.3127, 11.0015, 3.4561
(9, 5): -1.3127, 11.0015, 3.4561
(9, 6): -1.3127, 11.0015, 3.4561
(9, 7): -1.3127, 11.0015, 3.4561
(9, 8): -1.3127, 11.0015, 3.4561
(9, 9): -1.3127, 11.0015, 3.4561
(9, 10): -1.3127, 11.0015, 3.4561
(9, 11): -1.3127, 11.0015, 3.4561
(9, 12): -2.7512, 10.9854, 14.2794
(9, 13): -2.7512, 10.9854, 14.2794
(9, 14): -1.6213, 10.9680, 8.0610
(9, 15): -1.6213, 10.9680, 8.0610
(9, 16): -0.2837, 11.1731, 4.6428
(9, 17): 1.8891, 11.1306, 0.4734
(9, 18): 0.2952, 11.4175, 2.5139
(9, 19): -1.2676, 10.9422, 16.4438
(9, 20): -1.2281, 10.9808, 12.4847
(9, 21): 0.6451, 11.6637, 2.2605
(9, 22): -0.3361, 11.0100, 3.5034
(9, 23): 0.3466, 11.1512, 2.0215
(9, 24): -0.1553, 11.0275, 3.9016
(9, 25): -1.3071, 10.9887, 9.1596
(9, 26): 0.4494, 11.2056, 1.9353
(10, 1): -1.5327, 11.0004, 2.7410
(10, 2): -1.5327, 11.0004, 2.7410
(10, 3): -1.5327, 11.0004, 2.7410
(10, 4): -1.5327, 11.0004, 2.7410
(10, 5): -1.5327, 11.0004, 2.7410
(10, 6): -1.5327, 11.0004, 2.7410
(10, 7): -1.5327, 11.0004, 2.7410
(10, 8): -1.5327, 11.0004, 2.7410
(10, 9): -1.5327, 11.0004, 2.7410
(10, 10): -1.5327, 11.0004, 2.7410
(10, 11): -1.4883, 10.9784, 14.9364
(10, 12): -2.7512, 10.9854, 14.2794
(10, 13): -2.7512, 10.9854, 14.2794
(10, 14): -0.5465, 11.1650, 5.2256
(10, 15): -0.5465, 11.1650, 5.2256
(10, 16): -0.3784, 11.3062, 4.6660
(10, 17): 1.2414, 11.3831, 0.9308
(10, 18): 0.2769, 11.1025, 1.9568
(10, 19): -0.4080, 11.4512, 6.5004
(10, 20): -1.4729, 10.9803, 10.7394
(10, 21): -0.4093, 11.2688, 3.0205
(10, 22): -0.6196, 11.0150, 5.1717
(10, 23): 0.2183, 11.3113, 2.4971
(10, 24): 0.0732, 11.4525, 3.3222
(10, 25): -0.2264, 11.0356, 3.1868
(10, 26): 0.4270, 11.0375, 3.3717
(11, 1): -1.5327, 11.0004, 2.7410
(11, 2): -1.5327, 11.0004, 2.7410
(11, 3): -1.5327, 11.0004, 2.7410
(11, 4): -1.5327, 11.0004, 2.7410
(11, 5): -1.5327, 11.0004, 2.7410
(11, 6): -1.5327, 11.0004, 2.7410
(11, 7): -1.5327, 11.0004, 2.7410
(11, 8): -1.5327, 11.0004, 2.7410
(11, 9): -1.5327, 11.0004, 2.7410
(11, 10): -1.5327, 11.0004, 2.7410
(11, 11): -1.4883, 10.9784, 14.9364
(11, 12): 0.0337, 11.0356, 3.3576
(11, 13): 0.0337, 11.0356, 3.3576
(11, 14): -0.5465, 11.1650, 5.2256
(11, 15): -0.5465, 11.1650, 5.2256
(11, 16): -0.3784, 11.3062, 4.6660
(11, 17): -1.4478, 10.9557, 21.8515
(11, 18): 0.3770, 11.0075, 2.9537
(11, 19): -0.2915, 11.1612, 4.4470
(11, 20): -0.1526, 11.3994, 4.3162
(11, 21): -1.3473, 10.9849, 9.1230
(11, 22): -1.3927, 10.9655, 14.3025
(11, 23): -1.0540, 10.9637, 12.4632
(11, 24): 0.0817, 11.1231, 2.5289
(11, 25): 0.1920, 11.6106, 0.8817
(11, 26): -1.3018, 10.9826, 6.8376
(12, 1): -0.3372, 11.1475, 5.6330
(12, 2): -0.3372, 11.1475, 5.6330
(12, 3): -0.3372, 11.1475, 5.6330
(12, 4): -0.3372, 11.1475, 5.6330
(12, 5): -0.3372, 11.1475, 5.6330
(12, 6): -0.3372, 11.1475, 5.6330
(12, 7): -0.3372, 11.1475, 5.6330
(12, 8): -0.3372, 11.1475, 5.6330
(12, 9): -0.3372, 11.1475, 5.6330
(12, 10): -0.3372, 11.1475, 5.6330
(12, 11): -0.6992, 11.0606, 4.8958
(12, 12): -0.3797, 11.0644, 4.2488
(12, 13): -1.9878, 11.0096, 1.0233
(12, 14): -1.9878, 11.0096, 1.0233
(12, 15): 0.1854, 11.0331, 2.8950
(12, 16): 0.1854, 11.0331, 2.8950
(12, 17): 0.1854, 11.0331, 2.8950
(12, 18): 0.9722, 11.0725, 1.7623
(12, 19): 0.6240, 12.1344, 2.4118
(12, 20): -1.7362, 11.0068, 15.4588
(12, 21): -0.4770, 11.6388, 3.9425
(12, 22): 0.1822, 11.1763, 3.4868
(12, 23): 1.0904, 11.5719, 0.8725
(12, 24): -1.4488, 10.9870, 4.6288
(12, 25): -1.4488, 10.9870, 4.6288
(12, 26): -1.3018, 10.9826, 6.8376
(13, 1): -1.1062, 11.6689, 8.9130
(13, 2): 0.0151, 11.2306, 2.7895
(13, 3): 0.0151, 11.2306, 2.7895
(13, 4): 0.0151, 11.2306, 2.7895
(13, 5): 0.0151, 11.2306, 2.7895
(13, 6): 0.0151, 11.2306, 2.7895
(13, 7): 0.0151, 11.2306, 2.7895
(13, 8): 0.0151, 11.2306, 2.7895
(13, 9): 0.0151, 11.2306, 2.7895
(13, 10): 0.0151, 11.2306, 2.7895
(13, 11): -0.6468, 11.1856, 6.7390
(13, 12): -0.1577, 11.0394, 1.6509
(13, 13): -2.3495, 11.0110, 1.4647
(13, 14): -2.3495, 11.0110, 1.4647
(13, 15): -1.2832, 10.9905, 6.0451
(13, 16): -1.7665, 10.9902, 5.2913
(13, 17): -1.7665, 10.9902, 5.2913
(13, 18): 0.8592, 11.4375, 1.8950
(13, 19): 0.2719, 11.1706, 1.7752
(13, 20): 0.5959, 11.1075, 1.8143
(13, 21): 0.2760, 11.0325, 1.8867
(13, 22): 0.5107, 11.1906, 1.6506
(13, 23): 0.1768, 11.0019, 2.6808
(13, 24): -1.6452, 10.9760, 13.2153
(13, 25): -1.6452, 10.9760, 13.2153
(13, 26): -1.6452, 10.9760, 13.2153
(14, 1): -1.1062, 11.6689, 8.9130
(14, 2): -1.1062, 11.6689, 8.9130
(14, 3): -1.1062, 11.6689, 8.9130
(14, 4): -1.1062, 11.6689, 8.9130
(14, 5): 0.3277, 11.5850, 2.3305
(14, 6): 0.3277, 11.5850, 2.3305
(14, 7): 0.3277, 11.5850, 2.3305
(14, 8): 0.3277, 11.5850, 2.3305
(14, 9): 0.3277, 11.5850, 2.3305
(14, 10): 0.3277, 11.5850, 2.3305
(14, 11): -0.2273, 11.4237, 3.2894
(14, 12): -1.1054, 11.2614, 6.9633
(14, 13): -2.3495, 11.0110, 1.4647
(14, 14): -2.3495, 11.0110, 1.4647
(14, 15): -1.2832, 10.9905, 6.0451
(14, 16): -1.2832, 10.9905, 6.0451
(14, 17): -1.1474, 10.9932, 6.6554
(14, 18): -1.4394, 10.9882, 10.1345
(14, 19): -1.0210, 11.0174, 6.2724
(14, 20): 0.3127, 11.1794, 1.3464
(14, 21): -0.1567, 11.0056, 3.0113
(14, 22): -1.3880, 11.0169, 11.5690
(14, 23): 0.1919, 11.0550, 2.9042
(14, 24): -1.0988, 10.9749, 10.3561
(14, 25): -1.0988, 10.9749, 10.3561
(14, 26): -2.1451, 10.9687, 13.8751
(15, 1): -1.1062, 11.6689, 8.9130
(15, 2): -1.1062, 11.6689, 8.9130
(15, 3): -1.1062, 11.6689, 8.9130
(15, 4): -1.1062, 11.6689, 8.9130
(15, 5): -1.1062, 11.6689, 8.9130
(15, 6): -1.1062, 11.6689, 8.9130
(15, 7): -1.1062, 11.6689, 8.9130
(15, 8): 0.3865, 11.2375, 1.4522
(15, 9): 0.3865, 11.2375, 1.4522
(15, 10): 0.3865, 11.2375, 1.4522
(15, 11): 0.4417, 11.0156, 1.7488
(15, 12): 0.0535, 11.0269, 2.6836
(15, 13): 0.0535, 11.0269, 2.6836
(15, 14): -1.5275, 10.9901, 10.6305
(15, 15): -1.2567, 10.9861, 4.4292
(15, 16): -0.4459, 11.1225, 2.9645
(15, 17): -0.0900, 11.1056, 2.0965
(15, 18): 1.2852, 11.3206, 1.0222
(15, 19): -0.3379, 11.0444, 3.6339
(15, 20): -1.2787, 10.9896, 9.6210
(15, 21): 0.3755, 11.0750, 1.6385
(15, 22): -0.1397, 11.4462, 2.2729
(15, 23): 0.0431, 11.0800, 2.2092
(15, 24): -0.0152, 11.0681, 2.6242
(15, 25): -1.7071, 10.9552, 17.9415
(15, 26): -2.1451, 10.9687, 13.8751
(16, 1): -2.0740, 10.9938, 7.6516
(16, 2): -1.1062, 11.6689, 8.9130
(16, 3): -1.1062, 11.6689, 8.9130
(16, 4): -1.1062, 11.6689, 8.9130
(16, 5): -1.1062, 11.6689, 8.9130
(16, 6): -1.1062, 11.6689, 8.9130
(16, 7): -1.1062, 11.6689, 8.9130
(16, 8): -1.1062, 11.6689, 8.9130
(16, 9): 0.1718, 11.1013, 3.0481
(16, 10): 0.1718, 11.1013, 3.0481
(16, 11): -0.0068, 11.2244, 3.8943
(16, 12): 0.7101, 11.1175, 1.2973
(16, 13): -1.5275, 10.9901, 10.6305
(16, 14): -1.5275, 10.9901, 10.6305
(16, 15): -1.2481, 10.9843, 8.4952
(16, 16): -1.8463, 10.9918, 4.7186
(16, 17): -3.4866, 10.9859, 15.9306
(16, 18): 0.2132, 11.0056, 3.7101
(16, 19): -0.1665, 11.2256, 4.4452
(16, 20): -0.3410, 11.4144, 4.8468
(16, 21): 0.1408, 11.2331, 1.8839
(16, 22): 0.3112, 11.0244, 2.3311
(16, 23): 0.0373, 11.5200, 2.5351
(16, 24): -0.1012, 11.0644, 3.5899
(16, 25): -0.5519, 11.3337, 7.4851
(16, 26): -1.9173, 10.9503, 19.6887
(17, 1): -1.9981, 11.0023, 2.7753
(17, 2): -2.0740, 10.9938, 7.6516
(17, 3): -2.0740, 10.9938, 7.6516
(17, 4): -1.1062, 11.6689, 8.9130
(17, 5): -1.1062, 11.6689, 8.9130
(17, 6): -1.1062, 11.6689, 8.9130
(17, 7): -1.1062, 11.6689, 8.9130
(17, 8): -1.1062, 11.6689, 8.9130
(17, 9): -1.1062, 11.6689, 8.9130
(17, 10): 0.4890, 11.1725, 2.0203
(17, 11): 0.1308, 11.2825, 3.0458
(17, 12): -0.0070, 12.0612, 4.2134
(17, 13): -1.2618, 10.9661, 17.5395
(17, 14): -2.2299, 11.0045, 2.6588
(17, 15): 1.0338, 11.0069, 0.1533
(17, 16): -2.0351, 11.0011, 3.4866
(17, 17): -0.0904, 11.5206, 4.6228
(17, 18): -1.4175, 10.9979, 7.1287
(17, 19): -0.0064, 12.3256, 7.4305
(17, 20): -1.1904, 10.9764, 8.5411
(17, 21): -0.5705, 11.2000, 4.8165
(17, 22): 0.7469, 11.0806, 1.2889
(17, 23): 0.1516, 11.2219, 2.8209
(17, 24): -0.2127, 11.5981, 3.7018
(17, 25): 0.8734, 11.1081, 1.0041
(17, 26): -1.7385, 10.9713, 17.7797
(18, 1): -1.9981, 11.0023, 2.7753
(18, 2): -1.9981, 11.0023, 2.7753
(18, 3): -2.0740, 10.9938, 7.6516
(18, 4): -2.0740, 10.9938, 7.6516
(18, 5): -0.2814, 11.3337, 3.1774
(18, 6): -0.2814, 11.3337, 3.1774
(18, 7): 0.6069, 11.6056, 1.7788
(18, 8): 0.6069, 11.6056, 1.7788
(18, 9): 0.6069, 11.6056, 1.7788
(18, 10): 0.5274, 11.0444, 2.2220
(18, 11): -0.4547, 11.5044, 5.7387
(18, 12): -0.1407, 11.3837, 3.3852
(18, 13): -1.2264, 10.9865, 13.6569
(18, 14): -1.3372, 10.9665, 13.9285
(18, 15): -1.3380, 10.9855, 7.6250
(18, 16): 0.0429, 11.3556, 1.8689
(18, 17): 0.8988, 11.0369, 1.2836
(18, 18): -1.3197, 10.9791, 5.4714
(18, 19): -0.0396, 11.0756, 2.7220
(18, 20): -1.3146, 10.9619, 8.0781
(18, 21): 0.5841, 11.2362, 1.6363
(18, 22): 0.1150, 11.0612, 2.4966
(18, 23): -0.1313, 11.0350, 4.8356
(18, 24): -2.1734, 10.9454, 19.9753
(18, 25): -0.4203, 11.1056, 5.8152
(18, 26): -0.4203, 11.1056, 5.8152
(19, 1): -1.9981, 11.0023, 2.7753
(19, 2): -1.9981, 11.0023, 2.7753
(19, 3): -1.9981, 11.0023, 2.7753
(19, 4): -2.0740, 10.9938, 7.6516
(19, 5): -2.0740, 10.9938, 7.6516
(19, 6): -0.2814, 11.3337, 3.1774
(19, 7): -0.2814, 11.3337, 3.1774
(19, 8): -0.2814, 11.3337, 3.1774
(19, 9): -0.0932, 11.1094, 6.4697
(19, 10): -0.0083, 11.1094, 5.8628
(19, 11): 0.3499, 11.1106, 4.6210
(19, 12): 0.2257, 11.0169, 3.0305
(19, 13): 0.0178, 11.4594, 2.5322
(19, 14): 0.5722, 11.0606, 0.8184
(19, 15): -1.4898, 11.0102, 9.0643
(19, 16): -1.2617, 10.9839, 4.9716
(19, 17): -0.2600, 11.2969, 4.6606
(19, 18): -1.1090, 10.9914, 9.0545
(19, 19): -1.5386, 10.9694, 12.6067
(19, 20): -1.2643, 10.9818, 8.8461
(19, 21): 0.1319, 11.1262, 1.7984
(19, 22): -1.2194, 11.0031, 8.9552
(19, 23): -0.5891, 11.0850, 8.8453
(19, 24): -0.1186, 11.2394, 6.7513
(19, 25): 1.6014, 11.0831, 0.4353
(19, 26): 1.6014, 11.0831, 0.4353
(20, 1): -1.9981, 11.0023, 2.7753
(20, 2): -1.9981, 11.0023, 2.7753
(20, 3): -1.9981, 11.0023, 2.7753
(20, 4): -1.9981, 11.0023, 2.7753
(20, 5): -2.0740, 10.9938, 7.6516
(20, 6): -2.0740, 10.9938, 7.6516
(20, 7): -0.2814, 11.3337, 3.1774
(20, 8): -0.2814, 11.3337, 3.1774
(20, 9): -1.0475, 10.9606, 13.1491
(20, 10): 0.2049, 11.7463, 1.8584
(20, 11): -1.3514, 11.0102, 7.9688
(20, 12): -1.1849, 10.9709, 12.7356
(20, 13): -0.4586, 11.1906, 7.2633
(20, 14): -1.1614, 10.9883, 6.4173
(20, 15): -0.1986, 11.3137, 3.9234
(20, 16): 0.1781, 12.0519, 5.1012
(20, 17): 1.4235, 11.1788, 0.6055
(20, 18): -1.2801, 10.9897, 8.6950
(20, 19): -1.5907, 10.9865, 12.2849
(20, 20): -1.1289, 10.9767, 8.8335
(20, 21): -0.5153, 11.0056, 5.7710
(20, 22): -0.1309, 11.0169, 2.9081
(20, 23): 0.7607, 11.5119, 1.4883
(20, 24): 0.2657, 11.0594, 3.2461
(20, 25): -0.3650, 11.0796, 6.0687
(20, 26): -0.3650, 11.0796, 6.0687
(21, 1): -1.9981, 11.0023, 2.7753
(21, 2): -1.9981, 11.0023, 2.7753
(21, 3): -1.9981, 11.0023, 2.7753
(21, 4): -1.9981, 11.0023, 2.7753
(21, 5): -1.9981, 11.0023, 2.7753
(21, 6): -2.0740, 10.9938, 7.6516
(21, 7): -2.0740, 10.9938, 7.6516
(21, 8): 0.0382, 11.0463, 2.6184
(21, 9): 0.5362, 11.2487, 0.9261
(21, 10): 0.0764, 11.5006, 2.6210
(21, 11): -1.1042, 10.9826, 9.1982
(21, 12): -0.3385, 11.0363, 5.8256
(21, 13): -1.1181, 10.9580, 16.3620
(21, 14): -1.5994, 10.9771, 7.9527
(21, 15): -0.3416, 12.2450, 5.4631
(21, 16): -1.0624, 10.9598, 15.7200
(21, 17): -0.1111, 11.3988, 1.2820
(21, 18): -0.4056, 11.1575, 4.2239
(21, 19): 1.0884, 11.4506, 1.0005
(21, 20): -1.3114, 10.9779, 12.6491
(21, 21): -2.1282, 10.7442, 11.3609
(21, 22): -2.1825, 10.9805, 16.7376
(21, 23): -2.1232, 11.0135, 0.5035
(21, 24): -2.1232, 11.0135, 0.5035
(21, 25): -0.3650, 11.0796, 6.0687
(21, 26): -0.3650, 11.0796, 6.0687
(22, 1): -1.9981, 11.0023, 2.7753
(22, 2): -1.9981, 11.0023, 2.7753
(22, 3): -1.9981, 11.0023, 2.7753
(22, 4): -1.9981, 11.0023, 2.7753
(22, 5): -1.9981, 11.0023, 2.7753
(22, 6): -1.9981, 11.0023, 2.7753
(22, 7): -1.1308, 10.9973, 7.4150
(22, 8): -0.0298, 11.0175, 1.5042
(22, 9): -1.3698, 11.0066, 10.1106
(22, 10): 0.3991, 11.0912, 2.3181
(22, 11): -0.0358, 11.1319, 3.5046
(22, 12): -1.2237, 10.9858, 11.2904
(22, 13): 0.6587, 11.1213, 2.5701
(22, 14): -1.3067, 10.9799, 5.5144
(22, 15): -2.1990, 10.9778, 7.7386
(22, 16): 9.7074, 11.0037, 0.0000
(22, 17): -1.6013, 10.9760, 7.5595
(22, 18): -1.2466, 11.0013, 5.8441
(22, 19): 0.1176, 11.1088, 1.8029
(22, 20): -1.8632, 10.9990, 7.0508
(22, 21): -1.8632, 10.9990, 7.0508
(22, 22): -2.1825, 10.9805, 16.7376
(22, 23): -2.1232, 11.0135, 0.5035
(22, 24): -2.1232, 11.0135, 0.5035
(22, 25): -0.3650, 11.0796, 6.0687
(22, 26): -0.3650, 11.0796, 6.0687
(23, 1): -2.9576, 10.9576, 7.0500
(23, 2): -2.9576, 10.9576, 7.0500
(23, 3): -4.5540, 10.9753, 9.6471
(23, 4): -3.5747, 11.0381, 0.2996
(23, 5): -3.5747, 11.0381, 0.2996
(23, 6): -3.5747, 11.0381, 0.2996
(23, 7): -1.1308, 10.9973, 7.4150
(23, 8): -1.3001, 10.9776, 6.1769
(23, 9): -1.2395, 10.9452, 10.3638
(23, 10): 1.5534, 11.3194, 0.4058
(23, 11): -1.2114, 10.9883, 8.8563
(23, 12): 1.5160, 11.3787, 0.4184
(23, 13): 0.0262, 11.1650, 4.1618
(23, 14): -1.3595, 11.0092, 17.8519
(23, 15): 2.1490, 12.3062, 0.0922
(23, 16): -0.3154, 11.1244, 5.9826
(23, 17): -2.0591, 10.9760, 13.8864
(23, 18): 0.3637, 11.0725, 0.8019
(23, 19): -0.4147, 11.2262, 6.9014
(23, 20): 0.7847, 11.8025, 1.0687
(23, 21): 0.7847, 11.8025, 1.0687
(23, 22): 1.9692, 12.0862, 0.0265
(23, 23): -2.1232, 11.0135, 0.5035
(23, 24): -2.1232, 11.0135, 0.5035
(23, 25): -2.1232, 11.0135, 0.5035
(23, 26): -0.3650, 11.0796, 6.0687
(24, 1): -2.9576, 10.9576, 7.0500
(24, 2): -2.9576, 10.9576, 7.0500
(24, 3): -2.9576, 10.9576, 7.0500
(24, 4): -4.5540, 10.9753, 9.6471
(24, 5): -4.5540, 10.9753, 9.6471
(24, 6): -1.3871, 10.9801, 6.5598
(24, 7): -1.5699, 10.9847, 8.3269
(24, 8): -2.6867, 11.0146, 1.4199
(24, 9): -2.3496, 10.9926, 6.5742
(24, 10): -1.8086, 10.9492, 17.2136
(24, 11): -2.0516, 10.9665, 14.0889
(24, 12): 0.6867, 11.2306, 1.6640
(24, 13): 1.6862, 11.3837, 0.5421
(24, 14): -1.7133, 10.9554, 17.0512
(24, 15): -1.5301, 11.0413, 19.3822
(24, 16): -1.7175, 10.9943, 10.7053
(24, 17): 1.6961, 11.2344, 0.2041
(24, 18): -0.0715, 11.1088, 3.2753
(24, 19): -1.7397, 10.9529, 18.4368
(24, 20): 0.7051, 12.0106, 1.8717
(24, 21): 1.9692, 12.0862, 0.0265
(24, 22): 1.9692, 12.0862, 0.0265
(24, 23): -1.6691, 11.0035, 2.4060
(24, 24): -1.6691, 11.0035, 2.4060
(24, 25): -1.6691, 11.0035, 2.4060
(24, 26): -1.6691, 11.0035, 2.4060
(25, 1): -1.5386, 11.0118, 19.9219
(25, 2): -2.9576, 10.9576, 7.0500
(25, 3): -2.9576, 10.9576, 7.0500
(25, 4): -2.9576, 10.9576, 7.0500
(25, 5): -4.5540, 10.9753, 9.6471
(25, 6): -1.3871, 10.9801, 6.5598
(25, 7): -1.3871, 10.9801, 6.5598
(25, 8): -1.8076, 10.9997, 10.1424
(25, 9): -1.2880, 10.9994, 3.7376
(25, 10): -0.3105, 11.0650, 3.3234
(25, 11): -0.2031, 11.8675, 5.3741
(25, 12): 0.8323, 11.3062, 1.4162
(25, 13): -0.3308, 11.8644, 5.3535
(25, 14): -0.1426, 11.1900, 9.3672
(25, 15): -1.4188, 10.9668, 17.3901
(25, 16): 4.0151, 11.0731, 0.0000
(25, 17): 2.3834, 11.0994, 0.1212
(25, 18): -1.1648, 10.9877, 6.0434
(25, 19): -1.5914, 11.0035, 7.4083
(25, 20): -1.4632, 10.9779, 6.5455
(25, 21): -0.4494, 11.1312, 8.2420
(25, 22): -1.6691, 11.0035, 2.4060
(25, 23): -1.6691, 11.0035, 2.4060
(25, 24): -1.6691, 11.0035, 2.4060
(25, 25): -1.6691, 11.0035, 2.4060
(25, 26): -1.6691, 11.0035, 2.4060
(26, 1): -1.5386, 11.0118, 19.9219
(26, 2): -1.5386, 11.0118, 19.9219
(26, 3): -2.9576, 10.9576, 7.0500
(26, 4): -2.9576, 10.9576, 7.0500
(26, 5): -0.2024, 11.2012, 4.0618
(26, 6): -1.3871, 10.9801, 6.5598
(26, 7): -2.7828, 10.9402, 23.4325
(26, 8): -1.3497, 10.9958, 7.7681
(26, 9): -0.0376, 11.1044, 3.6854
(26, 10): -1.9807, 10.9946, 4.4549
(26, 11): -0.1754, 11.0431, 4.5468
(26, 12): -0.4360, 11.1419, 9.1009
(26, 13): -1.0897, 10.9750, 10.7109
(26, 14): -2.0373, 10.9907, 5.7755
(26, 15): -1.4119, 11.0035, 1.4272
(26, 16): -1.4229, 11.0047, 2.7474
(26, 17): -2.2994, 10.9972, 9.5607
(26, 18): 0.6241, 11.1956, 0.9807
(26, 19): 0.0151, 11.0969, 1.9443
(26, 20): -2.1197, 10.9832, 6.8835
(26, 21): 0.1335, 11.3844, 3.1178
(26, 22): -0.5039, 11.0837, 5.0212
(26, 23): -0.5039, 11.0837, 5.0212
(26, 24): -0.5039, 11.0837, 5.0212
(26, 25): -0.5039, 11.0837, 5.0212
(26, 26): -0.5039, 11.0837, 5.0212
(27, 1): -1.5386, 11.0118, 19.9219
(27, 2): -1.5386, 11.0118, 19.9219
(27, 3): -1.5386, 11.0118, 19.9219
(27, 4): 2.1208, 11.3006, 0.1575
(27, 5): -0.2024, 11.2012, 4.0618
(27, 6): -3.2708, 10.9471, 45.5417
(27, 7): -2.7828, 10.9402, 23.4325
(27, 8): -1.7443, 11.0021, 5.1431
(27, 9): -2.6146, 11.0242, 0.6982
(27, 10): -1.5294, 10.9992, 5.3829
(27, 11): -1.5025, 10.9933, 4.9278
(27, 12): -2.0925, 11.0083, 1.6174
(27, 13): -2.4664, 10.9262, 26.8839
(27, 14): -2.0373, 10.9907, 5.7755
(27, 15): -1.5302, 10.9767, 15.9075
(27, 16): 0.7871, 11.4369, 0.4641
(27, 17): -1.3993, 10.9801, 6.4340
(27, 18): 0.4606, 11.5144, 1.5372
(27, 19): 0.5498, 11.2544, 1.3944
(27, 20): -1.9179, 10.9904, 12.0558
(27, 21): -1.1846, 10.9811, 11.9111
(27, 22): -1.3986, 10.9714, 15.4373
(27, 23): -1.3986, 10.9714, 15.4373
(27, 24): -1.3986, 10.9714, 15.4373
(27, 25): -1.3986, 10.9714, 15.4373
(27, 26): -1.3986, 10.9714, 15.4373
(28, 1): -1.2523, 10.9925, 8.4803
(28, 2): -1.2523, 10.9925, 8.4803
(28, 3): -1.6466, 11.0127, 0.2971
(28, 4): -1.6466, 11.0127, 0.2971
(28, 5): -2.5120, 10.9983, 7.5750
(28, 6): -2.5120, 10.9983, 7.5750
(28, 7): -1.8010, 11.0012, 10.9153
(28, 8): -2.4513, 11.0069, 1.0096
(28, 9): -2.6146, 11.0242, 0.6982
(28, 10): -1.5294, 10.9992, 5.3829
(28, 11): -1.5025, 10.9933, 4.9278
(28, 12): -2.0925, 11.0083, 1.6174
(28, 13): -2.4664, 10.9262, 26.8839
(28, 14): 0.4223, 11.3587, 1.6443
(28, 15): 0.4223, 11.3587, 1.6443
(28, 16): -1.6428, 10.9788, 7.4908
(28, 17): -0.2291, 11.2475, 1.9709
(28, 18): 0.0010, 11.1044, 1.7349
(28, 19): 0.2058, 11.3387, 2.0272
(28, 20): 0.0572, 11.9062, 3.1358
(28, 21): 0.4472, 11.1737, 3.1182
(28, 22): -3.0426, 10.9498, 20.8632
(28, 23): -3.0426, 10.9498, 20.8632
(28, 24): -3.0426, 10.9498, 20.8632
(28, 25): -3.0426, 10.9498, 20.8632
(28, 26): -3.0426, 10.9498, 20.8632
(29, 1): -1.2523, 10.9925, 8.4803
(29, 2): -1.2523, 10.9925, 8.4803
(29, 3): -0.3572, 11.2437, 7.0780
(29, 4): -1.2256, 10.9840, 12.5648
(29, 5): -4.2936, 11.0087, 1.6638
(29, 6): -0.1718, 11.4762, 3.5583
(29, 7): -1.8010, 11.0012, 10.9153
(29, 8): -2.4513, 11.0069, 1.0096
(29, 9): -2.4513, 11.0069, 1.0096
(29, 10): -1.5294, 10.9992, 5.3829
(29, 11): -1.5025, 10.9933, 4.9278
(29, 12): -2.0925, 11.0083, 1.6174
(29, 13): -2.4664, 10.9262, 26.8839
(29, 14): 0.4223, 11.3587, 1.6443
(29, 15): 0.4223, 11.3587, 1.6443
(29, 16): -1.6428, 10.9788, 7.4908
(29, 17): -2.7235, 11.0054, 1.9700
(29, 18): -2.7235, 11.0054, 1.9700
(29, 19): -1.8059, 10.9841, 6.8179
(29, 20): 0.3191, 11.0925, 3.4222
(29, 21): 0.2157, 11.3113, 3.8696
(29, 22): -3.0426, 10.9498, 20.8632
(29, 23): -3.0426, 10.9498, 20.8632
(29, 24): -3.0426, 10.9498, 20.8632
(29, 25): -3.0426, 10.9498, 20.8632
(29, 26): -3.0426, 10.9498, 20.8632
(30, 1): 2.5246, 11.0656, 0.0000
(30, 2): 2.5246, 11.0656, 0.0000
(30, 3): 2.5246, 11.0656, 0.0000
(30, 4): 0.2075, 11.1163, 1.4278
(30, 5): 0.2075, 11.1163, 1.4278
(30, 6): -1.7338, 11.0198, 0.5920
(30, 7): -1.7338, 11.0198, 0.5920
(30, 8): -1.8010, 11.0012, 10.9153
(30, 9): -2.4513, 11.0069, 1.0096
(30, 10): -2.4513, 11.0069, 1.0096
(30, 11): -1.5025, 10.9933, 4.9278
(30, 12): -2.0925, 11.0083, 1.6174
(30, 13): 0.4223, 11.3587, 1.6443
(30, 14): 0.4223, 11.3587, 1.6443
(30, 15): 0.4223, 11.3587, 1.6443
(30, 16): -1.6428, 10.9788, 7.4908
(30, 17): -2.7235, 11.0054, 1.9700
(30, 18): -2.7235, 11.0054, 1.9700
(30, 19): -1.8059, 10.9841, 6.8179
(30, 20): 0.8520, 11.1669, 0.9718
(30, 21): 0.3389, 11.1669, 2.9621
(30, 22): 0.3389, 11.1669, 2.9621
(30, 23): 0.3389, 11.1669, 2.9621
(30, 24): -3.0426, 10.9498, 20.8632
(30, 25): -3.0426, 10.9498, 20.8632
(30, 26): -3.0426, 10.9498, 20.8632
(31, 1): 2.5246, 11.0656, 0.0000
(31, 2): 2.5246, 11.0656, 0.0000
(31, 3): 2.5246, 11.0656, 0.0000
(31, 4): 0.2075, 11.1163, 1.4278
(31, 5): 0.2075, 11.1163, 1.4278
(31, 6): -1.7338, 11.0198, 0.5920
(31, 7): -1.7338, 11.0198, 0.5920
(31, 8): -1.7338, 11.0198, 0.5920
(31, 9): -1.8010, 11.0012, 10.9153
(31, 10): -2.4513, 11.0069, 1.0096
(31, 11): -1.5025, 10.9933, 4.9278
(31, 12): -2.0925, 11.0083, 1.6174
(31, 13): 0.4223, 11.3587, 1.6443
(31, 14): 0.4223, 11.3587, 1.6443
(31, 15): 0.4223, 11.3587, 1.6443
(31, 16): -2.7235, 11.0054, 1.9700
(31, 17): -2.7235, 11.0054, 1.9700
(31, 18): -2.7235, 11.0054, 1.9700
(31, 19): -1.5436, 10.9937, 6.4948
(31, 20): -1.5436, 10.9937, 6.4948
(31, 21): -1.5436, 10.9937, 6.4948
(31, 22): 0.3389, 11.1669, 2.9621
(31, 23): -1.9155, 11.0083, 1.5620
(31, 24): -1.9155, 11.0083, 1.5620
(31, 25): -1.9155, 11.0083, 1.5620
(31, 26): -1.9155, 11.0083, 1.5620
(32, 1): 2.5246, 11.0656, 0.0000
(32, 2): 2.5246, 11.0656, 0.0000
(32, 3): 2.5246, 11.0656, 0.0000
(32, 4): 0.2075, 11.1163, 1.4278
(32, 5): 0.2075, 11.1163, 1.4278
(32, 6): -1.7338, 11.0198, 0.5920
(32, 7): -1.7338, 11.0198, 0.5920
(32, 8): -1.7338, 11.0198, 0.5920
(32, 9): -1.7338, 11.0198, 0.5920
(32, 10): -1.8010, 11.0012, 10.9153
(32, 11): -1.5025, 10.9933, 4.9278
(32, 12): -2.0925, 11.0083, 1.6174
(32, 13): 0.4223, 11.3587, 1.6443
(32, 14): 0.4223, 11.3587, 1.6443
(32, 15): 0.4223, 11.3587, 1.6443
(32, 16): -2.4126, 11.0105, 1.6092
(32, 17): -2.4126, 11.0105, 1.6092
(32, 18): -2.4126, 11.0105, 1.6092
(32, 19): -2.4126, 11.0105, 1.6092
(32, 20): -1.7996, 10.9204, 9.5484
(32, 21): -1.7996, 10.9204, 9.5484
(32, 22): -1.9155, 11.0083, 1.5620
(32, 23): -1.9155, 11.0083, 1.5620
(32, 24): -1.9155, 11.0083, 1.5620
(32, 25): -1.9155, 11.0083, 1.5620
(32, 26): -1.9155, 11.0083, 1.5620
(33, 1): 2.5246, 11.0656, 0.0000
(33, 2): 2.5246, 11.0656, 0.0000
(33, 3): 2.5246, 11.0656, 0.0000
(33, 4): 0.2075, 11.1163, 1.4278
(33, 5): 0.2075, 11.1163, 1.4278
(33, 6): -1.7338, 11.0198, 0.5920
(33, 7): -1.7338, 11.0198, 0.5920
(33, 8): -1.7338, 11.0198, 0.5920
(33, 9): -1.7338, 11.0198, 0.5920
(33, 10): -1.7338, 11.0198, 0.5920
(33, 11): -1.8010, 11.0012, 10.9153
(33, 12): 0.4223, 11.3587, 1.6443
(33, 13): 0.4223, 11.3587, 1.6443
(33, 14): -2.4126, 11.0105, 1.6092
(33, 15): -2.4126, 11.0105, 1.6092
(33, 16): -2.4126, 11.0105, 1.6092
(33, 17): -2.4126, 11.0105, 1.6092
(33, 18): -2.4126, 11.0105, 1.6092
(33, 19): -2.4126, 11.0105, 1.6092
(33, 20): 0.1420, 11.2525, 1.4005
(33, 21): 0.4898, 11.0606, 2.0377
(33, 22): -1.9155, 11.0083, 1.5620
(33, 23): -1.9155, 11.0083, 1.5620
(33, 24): -1.9155, 11.0083, 1.5620
(33, 25): -1.9155, 11.0083, 1.5620
(33, 26): -1.9155, 11.0083, 1.5620
(34, 1): 2.5246, 11.0656, 0.0000
(34, 2): 2.5246, 11.0656, 0.0000
(34, 3): 2.5246, 11.0656, 0.0000
(34, 4): 0.2075, 11.1163, 1.4278
(34, 5): 0.2075, 11.1163, 1.4278
(34, 6): -1.7338, 11.0198, 0.5920
(34, 7): -1.7338, 11.0198, 0.5920
(34, 8): -1.7338, 11.0198, 0.5920
(34, 9): -1.7338, 11.0198, 0.5920
(34, 10): -1.7338, 11.0198, 0.5920
(34, 11): -1.7338, 11.0198, 0.5920
(34, 12): 0.4223, 11.3587, 1.6443
(34, 13): -2.4126, 11.0105, 1.6092
(34, 14): -2.4126, 11.0105, 1.6092
(34, 15): -2.4126, 11.0105, 1.6092
(34, 16): -2.4126, 11.0105, 1.6092
(34, 17): -2.4126, 11.0105, 1.6092
(34, 18): -2.4126, 11.0105, 1.6092
(34, 19): -2.4126, 11.0105, 1.6092
(34, 20): -1.1895, 10.9960, 11.5648
(34, 21): 0.4862, 11.4031, 1.9126
(34, 22): 0.4862, 11.4031, 1.9126
(34, 23): -1.9155, 11.0083, 1.5620
(34, 24): -1.9155, 11.0083, 1.5620
(34, 25): -1.9155, 11.0083, 1.5620
(34, 26): -1.9155, 11.0083, 1.5620
