(5, 17): 1.8889, 0.0200, 0.6195, 0.0104
(5, 18): 1.7139, 0.0200, 0.8464, 0.0087
(5, 19): 1.7503, 0.0200, 0.8648, 0.0073
(5, 20): 1.7359, 0.0200, 0.8700, 0.0076
(5, 21): 1.6892, 0.0200, 0.9277, 0.0076
(5, 22): 1.7240, 0.0200, 0.9071, 0.0070
(5, 23): 1.6618, 0.0200, 0.9818, 0.0078
(5, 24): 1.7142, 0.0200, 0.8454, 0.0081
(5, 25): 1.7312, 0.0200, 0.7850, 0.0079
(5, 26): 1.7073, 0.0200, 0.7721, 0.0075
(5, 27): 1.3580, 0.0200, 0.3718, 0.0110
(6, 1): nan, nan, nan, 0.0000
(6, 2): nan, nan, nan, 0.0000
(6, 3): nan, nan, nan, 0.0000
(6, 4): nan, nan, nan, 0.0000
(6, 5): nan, nan, nan, 0.0000
(6, 6): nan, nan, nan, 0.0000
(6, 7): nan, nan, nan, 0.0000
(6, 8): nan, nan, nan, 0.0000
(6, 9): nan, nan, nan, 0.0000
(6, 10): nan, nan, nan, 0.0000
(6, 11): 1.4242, 0.0200, 0.4654, 0.0066
(6, 12): 1.2964, 0.0200, 0.2458, 0.0067
(6, 13): nan, nan, nan, 0.0000
(6, 14): nan, nan, nan, 0.0000
(6, 15): 2.2270, 0.0200, 0.2179, 0.0190
(6, 16): 2.3342, 0.0200, 0.3094, 0.0173
(6, 17): 2.0746, 0.0200, 0.4768, 0.0134
(6, 18): 1.7403, 0.0200, 0.8168, 0.0085
(6, 19): 1.7037, 0.0200, 0.8834, 0.0075
(6, 20): 1.6603, 0.0200, 0.9793, 0.0067
(33, 5): nan, nan, nan, 0.0000
(33, 6): nan, nan, nan, 0.0000
(33, 7): nan, nan, nan, 0.0000
(33, 8): nan, nan, nan, 0.0000
(33, 9): nan, nan, nan, 0.0000
(33, 10): nan, nan, nan, 0.0000
(33, 11): nan, nan, nan, 0.0000
(33, 12): nan, nan, nan, 0.0000
(33, 13): nan, nan, nan, 0.0000
(33, 14): nan, nan, nan, 0.0000
(33, 15): nan, nan, nan, 0.0000
(33, 16): nan, nan, nan, 0.0000
(33, 17): nan, nan, nan, 0.0000
(33, 18): nan, nan, nan, 0.0000
(33, 19): 1.5522, 0.0200, 0.6832, 0.0053
(33, 20): 1.7497, 0.0200, 0.9227, 0.0055
(33, 21): 1.7605, 0.0200, 0.8585, 0.0069
(33, 22): 1.4620, 0.0200, 0.5448, 0.0065
(33, 23): nan, nan, nan, 0.0000
(33, 24): nan, nan, nan, 0.0000
(33, 25): nan, nan, nan, 0.0000
(33, 26): nan, nan, nan, 0.0000
(33, 27): nan, nan, nan, 0.0000
(34, 1): nan, nan, nan, 0.0000
(34, 2): nan, nan, nan, 0.0000
(34, 3): nan, nan, nan, 0.0000
(34, 4): nan, nan, nan, 0.0000
(34, 5): nan, nan, nan, 0.0000
(34, 6): nan, nan, nan, 0.0000
(34, 7): nan, nan, nan, 0.0000
(34, 8): nan, nan, nan, 0.0000
(29, 20): 1.7360, 0.0200, 0.8295, 0.0058
(29, 21): 1.7226, 0.0200, 0.8436, 0.0063
(29, 22): 1.3442, 0.0200, 0.3450, 0.0083
(29, 23): nan, nan, nan, 0.0000
(29, 24): nan, nan, nan, 0.0000
(29, 25): nan, nan, nan, 0.0000
(29, 26): nan, nan, nan, 0.0000
(29, 27): nan, nan, nan, 0.0000
(30, 1): nan, nan, nan, 0.0000
(30, 2): 1.4669, 0.0200, 0.8251, 0.0051
(30, 3): 1.1779, 0.0200, 0.5493, 0.0056
(30, 4): 1.3413, 0.0200, 0.3876, 0.0065
(30, 5): 1.6682, 0.0200, 0.8905, 0.0063
(30, 6): 1.5928, 0.0200, 0.8844, 0.0064
(30, 7): 1.2367, 0.0200, 0.4426, 0.0050
(30, 8): nan, nan, nan, 0.0000
(30, 9): nan, nan, nan, 0.0000
(30, 10): nan, nan, nan, 0.0000
(30, 11): nan, nan, nan, 0.0000
(30, 12): nan, nan, nan, 0.0000
(30, 13): nan, nan, nan, 0.0000
(30, 14): nan, nan, nan, 0.0000
(30, 15): nan, nan, nan, 0.0000
(30, 16): nan, nan, nan, 0.0000
(30, 17): nan, nan, nan, 0.0000
(30, 18): nan, nan, nan, 0.0000
(30, 19): 1.3368, 0.0200, 0.3250, 0.0068
(30, 20): 1.7350, 0.0200, 0.6513, 0.0057
(30, 21): 1.7686, 0.0200, 0.6761, 0.0049
(30, 22): 1.3667, 0.0200, 0.4239, 0.0079
(30, 23): nan, nan, nan, 0.0000
(9, 2): nan, nan, nan, 0.0000
(9, 3): nan, nan, nan, 0.0000
(9, 4): nan, nan, nan, 0.0000
(9, 5): nan, nan, nan, 0.0000
(9, 6): nan, nan, nan, 0.0000
(9, 7): nan, nan, nan, 0.0000
(9, 8): nan, nan, nan, 0.0000
(9, 9): nan, nan, nan, 0.0000
(9, 10): 1.4826, 0.0200, 0.6570, 0.0056
(9, 11): 1.0879, 0.0200, 0.1860, 0.0108
(9, 12): nan, nan, nan, 0.0000
(9, 13): nan, nan, nan, 0.0000
(9, 14): nan, nan, nan, 0.0000
(9, 15): 2.7309, 0.0200, 0.0593, 0.0342
(9, 16): 2.7464, 0.0200, 0.1768, 0.0219
(9, 17): 2.0137, 0.0200, 0.5161, 0.0109
(9, 18): 1.8870, 0.0200, 0.6744, 0.0099
(9, 19): 1.6532, 0.0200, 0.9662, 0.0063
(9, 20): 1.7243, 0.0200, 0.9097, 0.0073
(9, 21): 1.6747, 0.0200, 0.9463, 0.0067
(9, 22): 1.7886, 0.0200, 0.6920, 0.0096
(9, 23): 1.6929, 0.0200, 0.9185, 0.0065
(9, 24): 1.7115, 0.0200, 0.9385, 0.0060
(9, 25): 1.6430, 0.0200, 1.0675, 0.0058
(9, 26): 1.6687, 0.0200, 0.9464, 0.0064
(9, 27): 1.2806, 0.0200, 0.3600, 0.0076
(10, 1): nan, nan, nan, 0.0000
(10, 2): nan, nan, nan, 0.0000
(10, 3): nan, nan, nan, 0.0000
(10, 4): nan, nan, nan, 0.0000
(10, 5): nan, nan, nan, 0.0000
(7, 25): 1.7167, 0.0200, 0.8743, 0.0074
(7, 26): 1.6447, 0.0200, 0.9855, 0.0059
(7, 27): 1.5621, 0.0200, 0.6434, 0.0090
(8, 1): nan, nan, nan, 0.0000
(8, 2): nan, nan, nan, 0.0000
(8, 3): nan, nan, nan, 0.0000
(8, 4): nan, nan, nan, 0.0000
(8, 5): nan, nan, nan, 0.0000
(8, 6): nan, nan, nan, 0.0000
(8, 7): nan, nan, nan, 0.0000
(8, 8): nan, nan, nan, 0.0000
(8, 9): nan, nan, nan, 0.0000
(8, 10): 1.5134, 0.0200, 0.5900, 0.0067
(8, 11): 1.4252, 0.0200, 0.6320, 0.0062
(8, 12): nan, nan, nan, 0.0000
(8, 13): nan, nan, nan, 0.0000
(8, 14): 1.5132, 0.0200, 0.3271, 0.0104
(8, 15): 2.2281, 0.0200, 0.0915, 0.0304
(8, 16): 2.5943, 0.0200, 0.1821, 0.0191
(8, 17): 2.0265, 0.0200, 0.5391, 0.0139
(8, 18): 1.8616, 0.0200, 0.6964, 0.0092
(8, 19): 1.6565, 0.0200, 0.9587, 0.0065
(8, 20): 1.6871, 0.0200, 0.9891, 0.0067
(8, 21): 1.6936, 0.0200, 0.9686, 0.0067
(8, 22): 1.6622, 0.0200, 0.9822, 0.0061
(8, 23): 1.7049, 0.0200, 0.9310, 0.0070
(8, 24): 1.7029, 0.0200, 0.9334, 0.0064
(8, 25): 1.6778, 0.0200, 0.9677, 0.0071
(8, 26): 1.7319, 0.0200, 0.8973, 0.0071
(8, 27): 1.6338, 0.0200, 0.5638, 0.0093
(9, 1): nan, nan, nan, 0.0000
(12, 14): 1.5630, 0.0200, 0.5154, 0.0072
(12, 15): nan, nan, nan, 0.0000
(12, 16): 1.7435, 0.0200, 0.1907, 0.0183
(12, 17): 2.0641, 0.0200, 0.5414, 0.0114
(12, 18): 1.9250, 0.0200, 0.7155, 0.0104
(12, 19): 1.7999, 0.0200, 0.8067, 0.0080
(12, 20): 1.7091, 0.0200, 0.9034, 0.0068
(12, 21): 1.7011, 0.0200, 0.9060, 0.0067
(12, 22): 1.6602, 0.0200, 0.9965, 0.0057
(12, 23): 1.6436, 0.0200, 1.0139, 0.0059
(12, 24): 1.5564, 0.0200, 0.9757, 0.0069
(12, 25): 1.0884, 0.0200, 0.5216, 0.0085
(12, 26): 1.0297, 0.0200, 0.5220, 0.0072
(12, 27): nan, nan, nan, 0.0000
(13, 1): nan, nan, nan, 0.0000
(13, 2): nan, nan, nan, 0.0000
(13, 3): nan, nan, nan, 0.0000
(13, 4): nan, nan, nan, 0.0000
(13, 5): nan, nan, nan, 0.0000
(13, 6): nan, nan, nan, 0.0000
(13, 7): nan, nan, nan, 0.0000
(13, 8): nan, nan, nan, 0.0000
(13, 9): nan, nan, nan, 0.0000
(13, 10): 1.7185, 0.0200, 0.8922, 0.0057
(13, 11): 1.8491, 0.0200, 0.7751, 0.0067
(13, 12): 1.7343, 0.0200, 0.8964, 0.0058
(13, 13): 1.6539, 0.0200, 0.7833, 0.0069
(13, 14): 1.2323, 0.0200, 0.3038, 0.0071
(13, 15): nan, nan, nan, 0.0000
(13, 16): 1.4679, 0.0200, 0.1726, 0.0200
(13, 17): 2.1622, 0.0200, 0.3319, 0.0156
(6, 21): 1.6298, 0.0200, 1.0516, 0.0068
(6, 22): 1.7339, 0.0200, 0.8551, 0.0093
(6, 23): 1.7268, 0.0200, 0.8205, 0.0061
(6, 24): 1.6902, 0.0200, 0.8307, 0.0071
(6, 25): 1.7481, 0.0200, 0.7966, 0.0092
(6, 26): 1.7061, 0.0200, 0.8714, 0.0079
(6, 27): 1.4521, 0.0200, 0.3982, 0.0115
(7, 1): nan, nan, nan, 0.0000
(7, 2): nan, nan, nan, 0.0000
(7, 3): nan, nan, nan, 0.0000
(7, 4): nan, nan, nan, 0.0000
(7, 5): nan, nan, nan, 0.0000
(7, 6): nan, nan, nan, 0.0000
(7, 7): nan, nan, nan, 0.0000
(7, 8): nan, nan, nan, 0.0000
(7, 9): nan, nan, nan, 0.0000
(7, 10): 1.0932, 0.0200, 0.1837, 0.0097
(7, 11): 1.4451, 0.0200, 0.4278, 0.0069
(7, 12): nan, nan, nan, 0.0000
(7, 13): nan, nan, nan, 0.0000
(7, 14): nan, nan, nan, 0.0000
(7, 15): 2.6411, 0.0200, 0.1578, 0.0278
(7, 16): 2.4322, 0.0200, 0.2129, 0.0198
(7, 17): 1.9081, 0.0200, 0.6318, 0.0082
(7, 18): 1.7687, 0.0200, 0.7768, 0.0098
(7, 19): 1.8412, 0.0200, 0.7112, 0.0103
(7, 20): 1.7124, 0.0200, 0.8913, 0.0084
(7, 21): 1.6878, 0.0200, 0.9326, 0.0071
(7, 22): 1.6743, 0.0200, 0.9450, 0.0077
(7, 23): 1.6900, 0.0200, 0.9154, 0.0073
(7, 24): 1.6635, 0.0200, 0.9638, 0.0065
(19, 11): 1.7301, 0.0200, 0.9732, 0.0065
(19, 12): 1.5681, 0.0200, 1.2233, 0.0049
(19, 13): 1.6493, 0.0200, 1.0820, 0.0061
(19, 14): 1.6604, 0.0200, 1.0122, 0.0062
(19, 15): 1.6649, 0.0200, 1.0548, 0.0066
(19, 16): 1.6378, 0.0200, 1.0580, 0.0059
(19, 17): 1.6112, 0.0200, 1.0627, 0.0067
(19, 18): 1.6808, 0.0200, 1.0079, 0.0070
(19, 19): 2.1978, 0.0200, 0.4077, 0.0143
(19, 20): 1.7103, 0.0200, 0.8950, 0.0090
(19, 21): 1.6527, 0.0200, 1.0148, 0.0051
(19, 22): 1.6743, 0.0200, 0.9877, 0.0047
(19, 23): 1.7178, 0.0200, 0.9490, 0.0059
(19, 24): 1.6690, 0.0200, 0.9968, 0.0043
(19, 25): 1.5750, 0.0200, 0.7540, 0.0058
(19, 26): 1.0790, 0.0200, 0.1983, 0.0098
(19, 27): nan, nan, nan, 0.0000
(20, 1): nan, nan, nan, 0.0000
(20, 2): nan, nan, nan, 0.0000
(20, 3): nan, nan, nan, 0.0000
(20, 4): nan, nan, nan, 0.0000
(20, 5): nan, nan, nan, 0.0000
(20, 6): nan, nan, nan, 0.0000
(20, 7): 1.2837, 0.0200, 0.4048, 0.0069
(20, 8): 2.5491, 0.0200, 0.2773, 0.0208
(20, 9): 2.2384, 0.0200, 0.4372, 0.0124
(20, 10): 1.7021, 0.0200, 0.9860, 0.0063
(20, 11): 1.7053, 0.0200, 1.0115, 0.0055
(20, 12): 1.6532, 0.0200, 1.0741, 0.0053
(20, 13): 1.8157, 0.0200, 0.8087, 0.0069
(20, 14): 1.8564, 0.0200, 0.7492, 0.0069
(22, 23): nan, nan, nan, 0.0000
(22, 24): nan, nan, nan, 0.0000
(22, 25): nan, nan, nan, 0.0000
(22, 26): nan, nan, nan, 0.0000
(22, 27): nan, nan, nan, 0.0000
(23, 1): nan, nan, nan, 0.0000
(23, 2): nan, nan, nan, 0.0000
(23, 3): nan, nan, nan, 0.0000
(23, 4): nan, nan, nan, 0.0000
(23, 5): 1.3785, 0.0200, 0.4193, 0.0081
(23, 6): 1.6572, 0.0200, 0.5791, 0.0083
(23, 7): 1.6950, 0.0200, 0.7125, 0.0084
(23, 8): 1.8796, 0.0200, 0.7093, 0.0105
(23, 9): 1.8073, 0.0200, 0.8023, 0.0085
(23, 10): 2.2559, 0.0200, 0.2799, 0.0155
(23, 11): 2.3116, 0.0200, 0.1733, 0.0173
(23, 12): 1.7756, 0.0200, 0.9430, 0.0076
(23, 13): 1.6850, 0.0200, 0.9870, 0.0057
(23, 14): 1.6596, 0.0200, 0.9504, 0.0051
(23, 15): 1.6248, 0.0200, 0.9933, 0.0056
(23, 16): 1.7859, 0.0200, 0.8122, 0.0077
(23, 17): 2.0159, 0.0200, 0.5316, 0.0080
(23, 18): 1.9587, 0.0200, 0.5746, 0.0085
(23, 19): 1.7940, 0.0200, 0.7543, 0.0077
(23, 20): 1.7350, 0.0200, 0.6723, 0.0083
(23, 21): nan, nan, nan, 0.0000
(23, 22): nan, nan, nan, 0.0000
(23, 23): nan, nan, nan, 0.0000
(23, 24): nan, nan, nan, 0.0000
(23, 25): nan, nan, nan, 0.0000
(23, 26): nan, nan, nan, 0.0000
(32, 1): nan, nan, nan, 0.0000
(32, 2): nan, nan, nan, 0.0000
(32, 3): nan, nan, nan, 0.0000
(32, 4): nan, nan, nan, 0.0000
(32, 5): nan, nan, nan, 0.0000
(32, 6): nan, nan, nan, 0.0000
(32, 7): nan, nan, nan, 0.0000
(32, 8): nan, nan, nan, 0.0000
(32, 9): nan, nan, nan, 0.0000
(32, 10): nan, nan, nan, 0.0000
(32, 11): nan, nan, nan, 0.0000
(32, 12): nan, nan, nan, 0.0000
(32, 13): nan, nan, nan, 0.0000
(32, 14): nan, nan, nan, 0.0000
(32, 15): nan, nan, nan, 0.0000
(32, 16): nan, nan, nan, 0.0000
(32, 17): nan, nan, nan, 0.0000
(32, 18): nan, nan, nan, 0.0000
(32, 19): 1.3256, 0.0200, 0.3650, 0.0066
(32, 20): 1.7275, 0.0200, 0.8817, 0.0076
(32, 21): 1.4585, 0.0200, 0.7456, 0.0062
(32, 22): 1.2228, 0.0200, 0.2940, 0.0065
(32, 23): nan, nan, nan, 0.0000
(32, 24): nan, nan, nan, 0.0000
(32, 25): nan, nan, nan, 0.0000
(32, 26): nan, nan, nan, 0.0000
(32, 27): nan, nan, nan, 0.0000
(33, 1): nan, nan, nan, 0.0000
(33, 2): nan, nan, nan, 0.0000
(33, 3): nan, nan, nan, 0.0000
(33, 4): nan, nan, nan, 0.0000
(27, 12): 1.4328, 0.0200, 0.6166, 0.0052
(27, 13): 1.6514, 0.0200, 0.8260, 0.0059
(27, 14): 1.5174, 0.0200, 0.7071, 0.0048
(27, 15): 1.7630, 0.0200, 0.8204, 0.0061
(27, 16): 1.7877, 0.0200, 0.7914, 0.0057
(27, 17): 1.8518, 0.0200, 0.7157, 0.0075
(27, 18): 1.7276, 0.0200, 0.8422, 0.0065
(27, 19): 1.7555, 0.0200, 0.8278, 0.0051
(27, 20): 1.6918, 0.0200, 0.8841, 0.0053
(27, 21): 1.7495, 0.0200, 0.8301, 0.0055
(27, 22): 1.7874, 0.0200, 0.6335, 0.0083
(27, 23): nan, nan, nan, 0.0000
(27, 24): nan, nan, nan, 0.0000
(27, 25): nan, nan, nan, 0.0000
(27, 26): nan, nan, nan, 0.0000
(27, 27): nan, nan, nan, 0.0000
(28, 1): nan, nan, nan, 0.0000
(28, 2): 1.0202, 0.0200, 0.2271, 0.0085
(28, 3): 1.4758, 0.0200, 0.6173, 0.0072
(28, 4): 1.5029, 0.0200, 0.6252, 0.0068
(28, 5): 1.5770, 0.0200, 0.9338, 0.0049
(28, 6): 1.5261, 0.0200, 0.5592, 0.0063
(28, 7): 1.4958, 0.0200, 0.6124, 0.0058
(28, 8): 1.6314, 0.0200, 0.7742, 0.0057
(28, 9): 1.5460, 0.0200, 0.6918, 0.0063
(28, 10): nan, nan, nan, 0.0000
(28, 11): nan, nan, nan, 0.0000
(28, 12): nan, nan, nan, 0.0000
(28, 13): nan, nan, nan, 0.0000
(28, 14): 1.2619, 0.0200, 0.3788, 0.0055
(28, 15): 1.7799, 0.0200, 0.7477, 0.0063
(13, 18): 1.9278, 0.0200, 0.6084, 0.0075
(13, 19): 1.7929, 0.0200, 0.8245, 0.0081
(13, 20): 1.7368, 0.0200, 0.9166, 0.0071
(13, 21): 1.7728, 0.0200, 0.8804, 0.0073
(13, 22): 1.7662, 0.0200, 0.9711, 0.0061
(13, 23): 1.7302, 0.0200, 0.9378, 0.0059
(13, 24): 1.6342, 0.0200, 0.9115, 0.0058
(13, 25): 1.1043, 0.0200, 0.1769, 0.0127
(13, 26): nan, nan, nan, 0.0000
(13, 27): nan, nan, nan, 0.0000
(14, 1): nan, nan, nan, 0.0000
(14, 2): nan, nan, nan, 0.0000
(14, 3): nan, nan, nan, 0.0000
(14, 4): nan, nan, nan, 0.0000
(14, 5): nan, nan, nan, 0.0000
(14, 6): nan, nan, nan, 0.0000
(14, 7): nan, nan, nan, 0.0000
(14, 8): nan, nan, nan, 0.0000
(14, 9): nan, nan, nan, 0.0000
(14, 10): 1.7723, 0.0200, 0.8272, 0.0061
(14, 11): 1.9729, 0.0200, 0.6650, 0.0089
(14, 12): 1.9300, 0.0200, 0.6880, 0.0096
(14, 13): 1.1949, 0.0200, 0.1820, 0.0133
(14, 14): nan, nan, nan, 0.0000
(14, 15): 1.1634, 0.0200, 0.1767, 0.0164
(14, 16): 2.1143, 0.0200, 0.2645, 0.0222
(14, 17): 2.2424, 0.0200, 0.3684, 0.0139
(14, 18): 1.9554, 0.0200, 0.6914, 0.0090
(14, 19): 1.7318, 0.0200, 0.9575, 0.0075
(14, 20): 1.7722, 0.0200, 0.8616, 0.0079
(14, 21): 1.6969, 0.0200, 0.9773, 0.0071
(21, 19): 1.6651, 0.0200, 0.9622, 0.0065
(21, 20): 1.6539, 0.0200, 0.9904, 0.0059
(21, 21): 1.6514, 0.0200, 0.8305, 0.0051
(21, 22): 1.6546, 0.0200, 0.8215, 0.0057
(21, 23): 1.5632, 0.0200, 0.9102, 0.0056
(21, 24): 1.3653, 0.0200, 0.6173, 0.0058
(21, 25): nan, nan, nan, 0.0000
(21, 26): nan, nan, nan, 0.0000
(21, 27): nan, nan, nan, 0.0000
(22, 1): nan, nan, nan, 0.0000
(22, 2): nan, nan, nan, 0.0000
(22, 3): nan, nan, nan, 0.0000
(22, 4): nan, nan, nan, 0.0000
(22, 5): nan, nan, nan, 0.0000
(22, 6): 1.7869, 0.0200, 0.5698, 0.0079
(22, 7): 1.8443, 0.0200, 0.7376, 0.0082
(22, 8): 1.8286, 0.0200, 0.8021, 0.0071
(22, 9): 2.2989, 0.0200, 0.3850, 0.0225
(22, 10): 2.6535, 0.0200, 0.0827, 0.0337
(22, 11): 1.6089, 0.0200, 1.0674, 0.0059
(22, 12): 1.5998, 0.0200, 1.1081, 0.0046
(22, 13): 1.6350, 0.0200, 1.0302, 0.0049
(22, 14): 1.6229, 0.0200, 1.0580, 0.0050
(22, 15): 1.6802, 0.0200, 0.9711, 0.0053
(22, 16): 1.6897, 0.0200, 0.9227, 0.0058
(22, 17): 1.7563, 0.0200, 0.8371, 0.0061
(22, 18): 1.8863, 0.0200, 0.6609, 0.0081
(22, 19): 2.0943, 0.0200, 0.4887, 0.0140
(22, 20): 1.6678, 0.0200, 0.6930, 0.0093
(22, 21): 1.1797, 0.0200, 0.2983, 0.0075
(22, 22): nan, nan, nan, 0.0000
(14, 22): 1.6792, 0.0200, 1.0314, 0.0064
(14, 23): 1.6883, 0.0200, 1.0085, 0.0053
(14, 24): 1.6082, 0.0200, 1.0009, 0.0044
(14, 25): 1.4072, 0.0200, 0.7502, 0.0048
(14, 26): 1.4060, 0.0200, 0.7870, 0.0065
(14, 27): 0.9736, 0.0200, 0.2052, 0.0136
(15, 1): nan, nan, nan, 0.0000
(15, 2): nan, nan, nan, 0.0000
(15, 3): nan, nan, nan, 0.0000
(15, 4): nan, nan, nan, 0.0000
(15, 5): nan, nan, nan, 0.0000
(15, 6): nan, nan, nan, 0.0000
(15, 7): nan, nan, nan, 0.0000
(15, 8): nan, nan, nan, 0.0000
(15, 9): 1.3981, 0.0200, 0.2814, 0.0122
(15, 10): 2.5059, 0.0200, 0.1869, 0.0240
(15, 11): 2.7554, 0.0200, 0.2053, 0.0221
(15, 12): 2.4175, 0.0200, 0.1745, 0.0185
(15, 13): 2.0364, 0.0200, 0.2071, 0.0147
(15, 14): 1.1151, 0.0200, 0.2017, 0.0119
(15, 15): 1.9391, 0.0200, 0.5336, 0.0106
(15, 16): 2.2508, 0.0200, 0.3583, 0.0163
(15, 17): 2.6057, 0.0200, 0.2330, 0.0209
(15, 18): 2.0805, 0.0200, 0.4554, 0.0126
(15, 19): 1.7188, 0.0200, 0.9982, 0.0069
(15, 20): 1.7945, 0.0200, 0.8688, 0.0061
(15, 21): 1.7012, 0.0200, 0.9611, 0.0070
(15, 22): 1.6743, 0.0200, 1.0213, 0.0057
(15, 23): 1.6762, 0.0200, 1.0423, 0.0061
(15, 24): 1.5879, 0.0200, 1.1176, 0.0058
(15, 25): 1.6470, 0.0200, 1.0541, 0.0052
(18, 7): nan, nan, nan, 0.0000
(18, 8): 0.9625, 0.0200, 0.2271, 0.0104
(18, 9): 2.1955, 0.0200, 0.4066, 0.0111
(18, 10): 2.2371, 0.0200, 0.4473, 0.0136
(18, 11): 1.9121, 0.0200, 0.7428, 0.0075
(18, 12): 1.8420, 0.0200, 0.7931, 0.0061
(18, 13): 1.7083, 0.0200, 1.0035, 0.0075
(18, 14): 1.6110, 0.0200, 1.1100, 0.0064
(18, 15): 1.6989, 0.0200, 1.0225, 0.0058
(18, 16): 1.7114, 0.0200, 0.9737, 0.0063
(18, 17): 1.6499, 0.0200, 1.0287, 0.0057
(18, 18): 1.8417, 0.0200, 0.7815, 0.0082
(18, 19): 2.1745, 0.0200, 0.4421, 0.0142
(18, 20): 1.6821, 0.0200, 1.0002, 0.0068
(18, 21): 1.6477, 0.0200, 0.9918, 0.0060
(18, 22): 1.6119, 0.0200, 1.0494, 0.0056
(18, 23): 1.6982, 0.0200, 0.9351, 0.0053
(18, 24): 1.6413, 0.0200, 1.0525, 0.0056
(18, 25): 1.6600, 0.0200, 0.9535, 0.0051
(18, 26): 1.3088, 0.0200, 0.3726, 0.0072
(18, 27): nan, nan, nan, 0.0000
(19, 1): nan, nan, nan, 0.0000
(19, 2): nan, nan, nan, 0.0000
(19, 3): nan, nan, nan, 0.0000
(19, 4): nan, nan, nan, 0.0000
(19, 5): nan, nan, nan, 0.0000
(19, 6): nan, nan, nan, 0.0000
(19, 7): nan, nan, nan, 0.0000
(19, 8): 1.5418, 0.0200, 0.6761, 0.0069
(19, 9): 2.7238, 0.0200, 0.0927, 0.0295
(19, 10): 1.7508, 0.0200, 0.9195, 0.0078
(36, 17): nan, nan, nan, 0.0000
(36, 18): nan, nan, nan, 0.0000
(36, 19): nan, nan, nan, 0.0000
(36, 20): nan, nan, nan, 0.0000
(36, 21): nan, nan, nan, 0.0000
(36, 22): nan, nan, nan, 0.0000
(36, 23): nan, nan, nan, 0.0000
(36, 24): nan, nan, nan, 0.0000
(36, 25): nan, nan, nan, 0.0000
(36, 26): nan, nan, nan, 0.0000
(36, 27): nan, nan, nan, 0.0000
(37, 1): nan, nan, nan, 0.0000
(37, 2): nan, nan, nan, 0.0000
(37, 3): nan, nan, nan, 0.0000
(37, 4): nan, nan, nan, 0.0000
(37, 5): nan, nan, nan, 0.0000
(37, 6): nan, nan, nan, 0.0000
(37, 7): nan, nan, nan, 0.0000
(37, 8): nan, nan, nan, 0.0000
(37, 9): nan, nan, nan, 0.0000
(37, 10): nan, nan, nan, 0.0000
(37, 11): nan, nan, nan, 0.0000
(37, 12): nan, nan, nan, 0.0000
(37, 13): nan, nan, nan, 0.0000
(37, 14): nan, nan, nan, 0.0000
(37, 15): nan, nan, nan, 0.0000
(37, 16): nan, nan, nan, 0.0000
(37, 17): nan, nan, nan, 0.0000
(37, 18): nan, nan, nan, 0.0000
(37, 19): nan, nan, nan, 0.0000
(37, 20): nan, nan, nan, 0.0000
(37, 21): nan, nan, nan, 0.0000
(37, 22): nan, nan, nan, 0.0000
(37, 23): nan, nan, nan, 0.0000
(37, 24): nan, nan, nan, 0.0000
(37, 25): nan, nan, nan, 0.0000
(37, 26): nan, nan, nan, 0.0000
(37, 27): nan, nan, nan, 0.0000
(35, 13): nan, nan, nan, 0.0000
(35, 14): nan, nan, nan, 0.0000
(35, 15): nan, nan, nan, 0.0000
(35, 16): nan, nan, nan, 0.0000
(35, 17): nan, nan, nan, 0.0000
(35, 18): nan, nan, nan, 0.0000
(35, 19): nan, nan, nan, 0.0000
(35, 20): nan, nan, nan, 0.0000
(35, 21): nan, nan, nan, 0.0000
(35, 22): nan, nan, nan, 0.0000
(35, 23): nan, nan, nan, 0.0000
(35, 24): nan, nan, nan, 0.0000
(35, 25): nan, nan, nan, 0.0000
(35, 26): nan, nan, nan, 0.0000
(35, 27): nan, nan, nan, 0.0000
(36, 1): nan, nan, nan, 0.0000
(36, 2): nan, nan, nan, 0.0000
(36, 3): nan, nan, nan, 0.0000
(36, 4): nan, nan, nan, 0.0000
(36, 5): nan, nan, nan, 0.0000
(36, 6): nan, nan, nan, 0.0000
(36, 7): nan, nan, nan, 0.0000
(36, 8): nan, nan, nan, 0.0000
(36, 9): nan, nan, nan, 0.0000
(36, 10): nan, nan, nan, 0.0000
(36, 11): nan, nan, nan, 0.0000
(36, 12): nan, nan, nan, 0.0000
(36, 13): nan, nan, nan, 0.0000
(36, 14): nan, nan, nan, 0.0000
(36, 15): nan, nan, nan, 0.0000
(36, 16): nan, nan, nan, 0.0000
(3, 9): nan, nan, nan, 0.0000
(3, 10): nan, nan, nan, 0.0000
(3, 11): nan, nan, nan, 0.0000
(3, 12): nan, nan, nan, 0.0000
(3, 13): nan, nan, nan, 0.0000
(3, 14): nan, nan, nan, 0.0000
(3, 15): nan, nan, nan, 0.0000
(3, 16): 1.3781, 0.0200, 0.2953, 0.0114
(3, 17): 1.4907, 0.0200, 0.3507, 0.0111
(3, 18): 1.3256, 0.0200, 0.2398, 0.0121
(3, 19): 1.3099, 0.0200, 0.4213, 0.0078
(3, 20): 1.3031, 0.0200, 0.2339, 0.0094
(3, 21): 1.2169, 0.0200, 0.3613, 0.0104
(3, 22): 1.5325, 0.0200, 0.6501, 0.0081
(3, 23): 1.7588, 0.0200, 0.7517, 0.0090
(3, 24): 1.6156, 0.0200, 0.7807, 0.0075
(3, 25): nan, nan, nan, 0.0000
(3, 26): nan, nan, nan, 0.0000
(3, 27): nan, nan, nan, 0.0000
(4, 1): nan, nan, nan, 0.0000
(4, 2): nan, nan, nan, 0.0000
(4, 3): nan, nan, nan, 0.0000
(4, 4): nan, nan, nan, 0.0000
(4, 5): nan, nan, nan, 0.0000
(4, 6): nan, nan, nan, 0.0000
(4, 7): nan, nan, nan, 0.0000
(4, 8): nan, nan, nan, 0.0000
(4, 9): nan, nan, nan, 0.0000
(4, 10): nan, nan, nan, 0.0000
(4, 11): nan, nan, nan, 0.0000
(4, 12): nan, nan, nan, 0.0000
(1, 1): nan, nan, nan, 0.0000
(1, 2): nan, nan, nan, 0.0000
(1, 3): nan, nan, nan, 0.0000
(1, 4): nan, nan, nan, 0.0000
(1, 5): nan, nan, nan, 0.0000
(1, 6): nan, nan, nan, 0.0000
(1, 7): nan, nan, nan, 0.0000
(1, 8): nan, nan, nan, 0.0000
(1, 9): nan, nan, nan, 0.0000
(1, 10): nan, nan, nan, 0.0000
(1, 11): nan, nan, nan, 0.0000
(1, 12): nan, nan, nan, 0.0000
(1, 13): nan, nan, nan, 0.0000
(1, 14): nan, nan, nan, 0.0000
(1, 15): nan, nan, nan, 0.0000
(1, 16): nan, nan, nan, 0.0000
(1, 17): nan, nan, nan, 0.0000
(1, 18): nan, nan, nan, 0.0000
(1, 19): nan, nan, nan, 0.0000
(1, 20): nan, nan, nan, 0.0000
(1, 21): nan, nan, nan, 0.0000
(1, 22): nan, nan, nan, 0.0000
(1, 23): nan, nan, nan, 0.0000
(1, 24): nan, nan, nan, 0.0000
(1, 25): nan, nan, nan, 0.0000
(1, 26): nan, nan, nan, 0.0000
(1, 27): nan, nan, nan, 0.0000
(2, 1): nan, nan, nan, 0.0000
(2, 2): nan, nan, nan, 0.0000
(2, 3): nan, nan, nan, 0.0000
(2, 4): nan, nan, nan, 0.0000
(28, 16): 1.7331, 0.0200, 0.8622, 0.0057
(28, 17): 1.7129, 0.0200, 0.8969, 0.0050
(28, 18): 1.7037, 0.0200, 0.8945, 0.0048
(28, 19): 1.6739, 0.0200, 0.9208, 0.0056
(28, 20): 1.7332, 0.0200, 0.8341, 0.0072
(28, 21): 1.7036, 0.0200, 0.8929, 0.0056
(28, 22): 1.5458, 0.0200, 0.4835, 0.0062
(28, 23): nan, nan, nan, 0.0000
(28, 24): nan, nan, nan, 0.0000
(28, 25): nan, nan, nan, 0.0000
(28, 26): nan, nan, nan, 0.0000
(28, 27): nan, nan, nan, 0.0000
(29, 1): nan, nan, nan, 0.0000
(29, 2): 1.6792, 0.0200, 0.9432, 0.0057
(29, 3): 1.6363, 0.0200, 1.1273, 0.0046
(29, 4): 1.6478, 0.0200, 0.9202, 0.0063
(29, 5): 1.6063, 0.0200, 0.8034, 0.0063
(29, 6): 1.6888, 0.0200, 1.0020, 0.0046
(29, 7): 1.6039, 0.0200, 0.9069, 0.0047
(29, 8): 0.9988, 0.0200, 0.2178, 0.0093
(29, 9): nan, nan, nan, 0.0000
(29, 10): nan, nan, nan, 0.0000
(29, 11): nan, nan, nan, 0.0000
(29, 12): nan, nan, nan, 0.0000
(29, 13): nan, nan, nan, 0.0000
(29, 14): nan, nan, nan, 0.0000
(29, 15): 1.2358, 0.0200, 0.2915, 0.0067
(29, 16): 1.4132, 0.0200, 0.6054, 0.0053
(29, 17): 1.0141, 0.0200, 0.2062, 0.0101
(29, 18): 1.6875, 0.0200, 0.7197, 0.0060
(29, 19): 1.7584, 0.0200, 0.8425, 0.0055
(4, 13): 1.3403, 0.0200, 0.3201, 0.0092
(4, 14): 1.8230, 0.0200, 0.3406, 0.0103
(4, 15): 1.5437, 0.0200, 0.2210, 0.0144
(4, 16): 1.4338, 0.0200, 0.2846, 0.0109
(4, 17): 1.3483, 0.0200, 0.3249, 0.0099
(4, 18): 1.5795, 0.0200, 0.6660, 0.0078
(4, 19): 1.6635, 0.0200, 0.7567, 0.0081
(4, 20): 1.6034, 0.0200, 0.9885, 0.0072
(4, 21): 1.7528, 0.0200, 0.7994, 0.0074
(4, 22): 1.7148, 0.0200, 0.9153, 0.0080
(4, 23): 1.6934, 0.0200, 0.9722, 0.0061
(4, 24): 1.6747, 0.0200, 0.9526, 0.0063
(4, 25): 1.5301, 0.0200, 0.6816, 0.0072
(4, 26): 1.1689, 0.0200, 0.2761, 0.0081
(4, 27): nan, nan, nan, 0.0000
(5, 1): nan, nan, nan, 0.0000
(5, 2): nan, nan, nan, 0.0000
(5, 3): nan, nan, nan, 0.0000
(5, 4): nan, nan, nan, 0.0000
(5, 5): nan, nan, nan, 0.0000
(5, 6): nan, nan, nan, 0.0000
(5, 7): nan, nan, nan, 0.0000
(5, 8): nan, nan, nan, 0.0000
(5, 9): nan, nan, nan, 0.0000
(5, 10): nan, nan, nan, 0.0000
(5, 11): nan, nan, nan, 0.0000
(5, 12): nan, nan, nan, 0.0000
(5, 13): 1.3905, 0.0200, 0.3774, 0.0085
(5, 14): nan, nan, nan, 0.0000
(5, 15): nan, nan, nan, 0.0000
(5, 16): 1.8241, 0.0200, 0.3701, 0.0121
(17, 3): nan, nan, nan, 0.0000
(17, 4): nan, nan, nan, 0.0000
(17, 5): nan, nan, nan, 0.0000
(17, 6): nan, nan, nan, 0.0000
(17, 7): nan, nan, nan, 0.0000
(17, 8): nan, nan, nan, 0.0000
(17, 9): 2.0331, 0.0200, 0.4027, 0.0099
(17, 10): 2.4277, 0.0200, 0.2669, 0.0156
(17, 11): 2.2774, 0.0200, 0.4280, 0.0140
(17, 12): 2.3893, 0.0200, 0.2178, 0.0217
(17, 13): 1.7731, 0.0200, 0.7628, 0.0078
(17, 14): 1.6744, 0.0200, 0.7631, 0.0071
(17, 15): 1.8086, 0.0200, 0.6721, 0.0081
(17, 16): 1.7763, 0.0200, 0.6896, 0.0086
(17, 17): 1.7332, 0.0200, 0.9158, 0.0068
(17, 18): 1.9251, 0.0200, 0.7127, 0.0093
(17, 19): 2.0251, 0.0200, 0.6153, 0.0109
(17, 20): 1.6493, 0.0200, 1.0343, 0.0068
(17, 21): 1.6728, 0.0200, 0.9890, 0.0062
(17, 22): 1.6867, 0.0200, 1.0049, 0.0049
(17, 23): 1.7446, 0.0200, 0.9120, 0.0061
(17, 24): 1.7003, 0.0200, 0.9758, 0.0051
(17, 25): 1.7434, 0.0200, 0.9185, 0.0067
(17, 26): 1.6744, 0.0200, 0.8401, 0.0074
(17, 27): nan, nan, nan, 0.0000
(18, 1): nan, nan, nan, 0.0000
(18, 2): nan, nan, nan, 0.0000
(18, 3): nan, nan, nan, 0.0000
(18, 4): nan, nan, nan, 0.0000
(18, 5): nan, nan, nan, 0.0000
(18, 6): nan, nan, nan, 0.0000
(23, 27): nan, nan, nan, 0.0000
(24, 1): nan, nan, nan, 0.0000
(24, 2): nan, nan, nan, 0.0000
(24, 3): nan, nan, nan, 0.0000
(24, 4): 1.3120, 0.0200, 0.3520, 0.0080
(24, 5): 1.5029, 0.0200, 0.5615, 0.0092
(24, 6): 1.5251, 0.0200, 0.4563, 0.0086
(24, 7): 1.8287, 0.0200, 0.6513, 0.0088
(24, 8): 1.5534, 0.0200, 0.7475, 0.0066
(24, 9): 1.5554, 0.0200, 0.9513, 0.0067
(24, 10): 1.6453, 0.0200, 0.8254, 0.0079
(24, 11): 2.0971, 0.0200, 0.3977, 0.0130
(24, 12): 2.1939, 0.0200, 0.4054, 0.0113
(24, 13): 1.6802, 0.0200, 0.9264, 0.0067
(24, 14): 1.7701, 0.0200, 0.7948, 0.0075
(24, 15): 2.1224, 0.0200, 0.4534, 0.0100
(24, 16): 2.1789, 0.0200, 0.3612, 0.0095
(24, 17): 2.0473, 0.0200, 0.4834, 0.0102
(24, 18): 1.8636, 0.0200, 0.7206, 0.0080
(24, 19): 1.7436, 0.0200, 0.8464, 0.0063
(24, 20): 1.7590, 0.0200, 0.7997, 0.0064
(24, 21): 1.5441, 0.0200, 0.6900, 0.0056
(24, 22): nan, nan, nan, 0.0000
(24, 23): nan, nan, nan, 0.0000
(24, 24): nan, nan, nan, 0.0000
(24, 25): nan, nan, nan, 0.0000
(24, 26): nan, nan, nan, 0.0000
(24, 27): nan, nan, nan, 0.0000
(25, 1): nan, nan, nan, 0.0000
(25, 2): nan, nan, nan, 0.0000
(25, 3): nan, nan, nan, 0.0000
(20, 15): 1.6330, 0.0200, 1.0871, 0.0064
(20, 16): 1.6213, 0.0200, 1.0619, 0.0054
(20, 17): 1.6467, 0.0200, 1.0426, 0.0065
(20, 18): 1.7202, 0.0200, 0.9153, 0.0061
(20, 19): 1.8539, 0.0200, 0.7313, 0.0095
(20, 20): 1.7556, 0.0200, 0.7944, 0.0073
(20, 21): 1.6885, 0.0200, 0.9909, 0.0049
(20, 22): 1.6932, 0.0200, 0.9605, 0.0053
(20, 23): 1.6565, 0.0200, 1.0078, 0.0056
(20, 24): 1.6822, 0.0200, 1.0120, 0.0053
(20, 25): 1.6409, 0.0200, 1.0002, 0.0053
(20, 26): 1.2931, 0.0200, 0.3935, 0.0059
(20, 27): nan, nan, nan, 0.0000
(21, 1): nan, nan, nan, 0.0000
(21, 2): nan, nan, nan, 0.0000
(21, 3): nan, nan, nan, 0.0000
(21, 4): nan, nan, nan, 0.0000
(21, 5): nan, nan, nan, 0.0000
(21, 6): 1.3197, 0.0200, 0.3916, 0.0066
(21, 7): 1.7840, 0.0200, 0.7866, 0.0077
(21, 8): 1.8986, 0.0200, 0.7866, 0.0093
(21, 9): 2.0632, 0.0200, 0.5747, 0.0107
(21, 10): 1.7554, 0.0200, 0.9299, 0.0092
(21, 11): 1.6346, 0.0200, 1.0698, 0.0056
(21, 12): 1.5700, 0.0200, 1.1797, 0.0051
(21, 13): 1.6093, 0.0200, 1.0666, 0.0056
(21, 14): 1.5954, 0.0200, 1.0998, 0.0053
(21, 15): 1.6365, 0.0200, 1.0527, 0.0045
(21, 16): 1.7201, 0.0200, 0.9135, 0.0056
(21, 17): 1.7796, 0.0200, 0.8511, 0.0064
(21, 18): 1.7035, 0.0200, 0.9090, 0.0063
(11, 10): 1.6318, 0.0200, 0.7335, 0.0069
(11, 11): 1.7416, 0.0200, 0.8145, 0.0071
(11, 12): 1.7775, 0.0200, 0.7508, 0.0072
(11, 13): 1.4304, 0.0200, 0.3747, 0.0073
(11, 14): nan, nan, nan, 0.0000
(11, 15): nan, nan, nan, 0.0000
(11, 16): 1.2937, 0.0200, 0.2508, 0.0105
(11, 17): 1.8912, 0.0200, 0.7069, 0.0093
(11, 18): 1.8227, 0.0200, 0.7717, 0.0088
(11, 19): 1.7015, 0.0200, 0.9136, 0.0070
(11, 20): 1.6454, 0.0200, 0.9621, 0.0071
(11, 21): 1.5986, 0.0200, 1.0531, 0.0071
(11, 22): 1.6831, 0.0200, 0.9342, 0.0062
(11, 23): 1.6650, 0.0200, 0.9087, 0.0065
(11, 24): 1.6300, 0.0200, 1.0384, 0.0061
(11, 25): 1.6548, 0.0200, 1.0035, 0.0065
(11, 26): 1.5981, 0.0200, 1.0387, 0.0065
(11, 27): nan, nan, nan, 0.0000
(12, 1): nan, nan, nan, 0.0000
(12, 2): nan, nan, nan, 0.0000
(12, 3): nan, nan, nan, 0.0000
(12, 4): nan, nan, nan, 0.0000
(12, 5): nan, nan, nan, 0.0000
(12, 6): nan, nan, nan, 0.0000
(12, 7): nan, nan, nan, 0.0000
(12, 8): nan, nan, nan, 0.0000
(12, 9): nan, nan, nan, 0.0000
(12, 10): 1.6999, 0.0200, 0.8186, 0.0068
(12, 11): 1.7455, 0.0200, 0.7749, 0.0075
(12, 12): 1.8562, 0.0200, 0.6502, 0.0073
(12, 13): 1.7395, 0.0200, 0.6423, 0.0071
(30, 24): nan, nan, nan, 0.0000
(30, 25): nan, nan, nan, 0.0000
(30, 26): nan, nan, nan, 0.0000
(30, 27): nan, nan, nan, 0.0000
(31, 1): nan, nan, nan, 0.0000
(31, 2): nan, nan, nan, 0.0000
(31, 3): nan, nan, nan, 0.0000
(31, 4): nan, nan, nan, 0.0000
(31, 5): nan, nan, nan, 0.0000
(31, 6): nan, nan, nan, 0.0000
(31, 7): nan, nan, nan, 0.0000
(31, 8): nan, nan, nan, 0.0000
(31, 9): nan, nan, nan, 0.0000
(31, 10): nan, nan, nan, 0.0000
(31, 11): nan, nan, nan, 0.0000
(31, 12): nan, nan, nan, 0.0000
(31, 13): nan, nan, nan, 0.0000
(31, 14): nan, nan, nan, 0.0000
(31, 15): nan, nan, nan, 0.0000
(31, 16): nan, nan, nan, 0.0000
(31, 17): nan, nan, nan, 0.0000
(31, 18): nan, nan, nan, 0.0000
(31, 19): 1.2041, 0.0200, 0.2940, 0.0065
(31, 20): 1.6584, 0.0200, 0.8323, 0.0052
(31, 21): 1.3308, 0.0200, 0.3502, 0.0066
(31, 22): nan, nan, nan, 0.0000
(31, 23): nan, nan, nan, 0.0000
(31, 24): nan, nan, nan, 0.0000
(31, 25): nan, nan, nan, 0.0000
(31, 26): nan, nan, nan, 0.0000
(31, 27): nan, nan, nan, 0.0000
(26, 8): 1.6630, 0.0200, 0.9109, 0.0064
(26, 9): 1.7902, 0.0200, 0.8520, 0.0058
(26, 10): 1.7350, 0.0200, 0.9084, 0.0070
(26, 11): 1.7572, 0.0200, 0.8723, 0.0057
(26, 12): 1.6989, 0.0200, 0.8687, 0.0071
(26, 13): 1.8051, 0.0200, 0.7889, 0.0055
(26, 14): 1.9214, 0.0200, 0.6733, 0.0077
(26, 15): 1.8274, 0.0200, 0.7394, 0.0055
(26, 16): 1.7285, 0.0200, 0.8604, 0.0052
(26, 17): 1.7110, 0.0200, 0.8948, 0.0060
(26, 18): 1.7248, 0.0200, 0.8521, 0.0068
(26, 19): 1.7324, 0.0200, 0.8314, 0.0083
(26, 20): 1.7045, 0.0200, 0.8553, 0.0067
(26, 21): 1.6967, 0.0200, 0.8569, 0.0057
(26, 22): 1.6060, 0.0200, 0.7444, 0.0061
(26, 23): nan, nan, nan, 0.0000
(26, 24): nan, nan, nan, 0.0000
(26, 25): nan, nan, nan, 0.0000
(26, 26): nan, nan, nan, 0.0000
(26, 27): nan, nan, nan, 0.0000
(27, 1): nan, nan, nan, 0.0000
(27, 2): 1.5148, 0.0200, 0.4507, 0.0072
(27, 3): 1.9549, 0.0200, 0.5894, 0.0071
(27, 4): 1.7850, 0.0200, 0.8312, 0.0059
(27, 5): 1.6638, 0.0200, 1.0426, 0.0050
(27, 6): 1.6405, 0.0200, 0.8060, 0.0063
(27, 7): 1.4130, 0.0200, 0.4581, 0.0085
(27, 8): 1.6712, 0.0200, 0.7907, 0.0052
(27, 9): 1.6394, 0.0200, 0.7915, 0.0061
(27, 10): 1.5840, 0.0200, 0.8725, 0.0053
(27, 11): 1.5319, 0.0200, 0.9343, 0.0045
(25, 4): 1.6047, 0.0200, 0.5995, 0.0082
(25, 5): 1.6069, 0.0200, 0.7293, 0.0069
(25, 6): 1.7786, 0.0200, 0.6869, 0.0078
(25, 7): 1.5424, 0.0200, 0.5407, 0.0064
(25, 8): 1.6344, 0.0200, 0.8399, 0.0068
(25, 9): 1.8532, 0.0200, 0.7490, 0.0075
(25, 10): 1.7107, 0.0200, 0.9140, 0.0072
(25, 11): 1.8137, 0.0200, 0.8236, 0.0060
(25, 12): 1.8633, 0.0200, 0.7433, 0.0083
(25, 13): 1.8192, 0.0200, 0.7495, 0.0084
(25, 14): 1.9735, 0.0200, 0.5928, 0.0084
(25, 15): 2.0489, 0.0200, 0.5355, 0.0080
(25, 16): 1.8385, 0.0200, 0.7038, 0.0073
(25, 17): 1.9277, 0.0200, 0.6641, 0.0088
(25, 18): 1.7231, 0.0200, 0.9050, 0.0063
(25, 19): 1.6562, 0.0200, 0.8219, 0.0065
(25, 20): 1.7079, 0.0200, 0.8742, 0.0064
(25, 21): 1.5600, 0.0200, 0.9545, 0.0072
(25, 22): 1.4254, 0.0200, 0.5189, 0.0076
(25, 23): nan, nan, nan, 0.0000
(25, 24): nan, nan, nan, 0.0000
(25, 25): nan, nan, nan, 0.0000
(25, 26): nan, nan, nan, 0.0000
(25, 27): nan, nan, nan, 0.0000
(26, 1): nan, nan, nan, 0.0000
(26, 2): 1.0362, 0.0200, 0.1810, 0.0102
(26, 3): 1.4076, 0.0200, 0.5428, 0.0054
(26, 4): 1.7295, 0.0200, 0.5010, 0.0093
(26, 5): 1.5814, 0.0200, 0.5943, 0.0064
(26, 6): 1.4530, 0.0200, 0.6211, 0.0076
(26, 7): 1.7077, 0.0200, 0.7672, 0.0071
(15, 26): 1.6792, 0.0200, 0.9691, 0.0049
(15, 27): 1.5627, 0.0200, 0.6924, 0.0053
(16, 1): nan, nan, nan, 0.0000
(16, 2): nan, nan, nan, 0.0000
(16, 3): nan, nan, nan, 0.0000
(16, 4): nan, nan, nan, 0.0000
(16, 5): nan, nan, nan, 0.0000
(16, 6): nan, nan, nan, 0.0000
(16, 7): nan, nan, nan, 0.0000
(16, 8): nan, nan, nan, 0.0000
(16, 9): 1.5677, 0.0200, 0.4041, 0.0102
(16, 10): 2.6532, 0.0200, 0.1184, 0.0291
(16, 11): 2.6271, 0.0200, 0.1104, 0.0350
(16, 12): 2.0837, 0.0200, 0.5547, 0.0102
(16, 13): 1.4522, 0.0200, 0.5029, 0.0083
(16, 14): 2.0449, 0.0200, 0.5434, 0.0082
(16, 15): 2.0441, 0.0200, 0.5022, 0.0119
(16, 16): 2.0180, 0.0200, 0.4172, 0.0155
(16, 17): 2.0238, 0.0200, 0.4693, 0.0129
(16, 18): 1.7703, 0.0200, 0.8074, 0.0087
(16, 19): 1.6486, 0.0200, 1.0784, 0.0067
(16, 20): 1.7600, 0.0200, 0.9154, 0.0051
(16, 21): 1.6611, 0.0200, 1.0082, 0.0052
(16, 22): 1.7408, 0.0200, 0.9356, 0.0047
(16, 23): 1.7186, 0.0200, 0.9813, 0.0052
(16, 24): 1.7507, 0.0200, 0.9322, 0.0051
(16, 25): 1.7176, 0.0200, 0.9246, 0.0054
(16, 26): 1.6883, 0.0200, 0.9534, 0.0056
(16, 27): 1.4419, 0.0200, 0.7626, 0.0065
(17, 1): nan, nan, nan, 0.0000
(17, 2): nan, nan, nan, 0.0000
(34, 9): nan, nan, nan, 0.0000
(34, 10): nan, nan, nan, 0.0000
(34, 11): nan, nan, nan, 0.0000
(34, 12): nan, nan, nan, 0.0000
(34, 13): nan, nan, nan, 0.0000
(34, 14): nan, nan, nan, 0.0000
(34, 15): nan, nan, nan, 0.0000
(34, 16): nan, nan, nan, 0.0000
(34, 17): nan, nan, nan, 0.0000
(34, 18): nan, nan, nan, 0.0000
(34, 19): 1.5104, 0.0200, 0.6639, 0.0053
(34, 20): 1.6953, 0.0200, 0.9799, 0.0059
(34, 21): 1.6654, 0.0200, 0.9708, 0.0057
(34, 22): 1.2455, 0.0200, 0.2741, 0.0090
(34, 23): nan, nan, nan, 0.0000
(34, 24): nan, nan, nan, 0.0000
(34, 25): nan, nan, nan, 0.0000
(34, 26): nan, nan, nan, 0.0000
(34, 27): nan, nan, nan, 0.0000
(35, 1): nan, nan, nan, 0.0000
(35, 2): nan, nan, nan, 0.0000
(35, 3): nan, nan, nan, 0.0000
(35, 4): nan, nan, nan, 0.0000
(35, 5): nan, nan, nan, 0.0000
(35, 6): nan, nan, nan, 0.0000
(35, 7): nan, nan, nan, 0.0000
(35, 8): nan, nan, nan, 0.0000
(35, 9): nan, nan, nan, 0.0000
(35, 10): nan, nan, nan, 0.0000
(35, 11): nan, nan, nan, 0.0000
(35, 12): nan, nan, nan, 0.0000
(10, 6): nan, nan, nan, 0.0000
(10, 7): nan, nan, nan, 0.0000
(10, 8): nan, nan, nan, 0.0000
(10, 9): nan, nan, nan, 0.0000
(10, 10): 1.5524, 0.0200, 0.6302, 0.0081
(10, 11): 1.3677, 0.0200, 0.3181, 0.0075
(10, 12): 1.5391, 0.0200, 0.6417, 0.0063
(10, 13): nan, nan, nan, 0.0000
(10, 14): 1.0051, 0.0200, 0.1936, 0.0116
(10, 15): 2.2087, 0.0200, 0.2928, 0.0187
(10, 16): 2.3512, 0.0200, 0.2976, 0.0157
(10, 17): 2.0003, 0.0200, 0.5734, 0.0107
(10, 18): 1.8167, 0.0200, 0.8373, 0.0075
(10, 19): 1.7541, 0.0200, 0.8307, 0.0080
(10, 20): 1.6791, 0.0200, 0.9074, 0.0062
(10, 21): 1.6361, 0.0200, 0.9966, 0.0068
(10, 22): 1.6420, 0.0200, 0.9840, 0.0061
(10, 23): 1.7559, 0.0200, 0.8591, 0.0071
(10, 24): 1.6408, 0.0200, 1.0415, 0.0056
(10, 25): 1.6101, 0.0200, 1.0824, 0.0065
(10, 26): 1.5755, 0.0200, 1.0674, 0.0059
(10, 27): nan, nan, nan, 0.0000
(11, 1): nan, nan, nan, 0.0000
(11, 2): nan, nan, nan, 0.0000
(11, 3): nan, nan, nan, 0.0000
(11, 4): nan, nan, nan, 0.0000
(11, 5): nan, nan, nan, 0.0000
(11, 6): nan, nan, nan, 0.0000
(11, 7): nan, nan, nan, 0.0000
(11, 8): nan, nan, nan, 0.0000
(11, 9): nan, nan, nan, 0.0000
(2, 5): nan, nan, nan, 0.0000
(2, 6): nan, nan, nan, 0.0000
(2, 7): nan, nan, nan, 0.0000
(2, 8): nan, nan, nan, 0.0000
(2, 9): nan, nan, nan, 0.0000
(2, 10): nan, nan, nan, 0.0000
(2, 11): nan, nan, nan, 0.0000
(2, 12): nan, nan, nan, 0.0000
(2, 13): nan, nan, nan, 0.0000
(2, 14): nan, nan, nan, 0.0000
(2, 15): nan, nan, nan, 0.0000
(2, 16): nan, nan, nan, 0.0000
(2, 17): nan, nan, nan, 0.0000
(2, 18): nan, nan, nan, 0.0000
(2, 19): nan, nan, nan, 0.0000
(2, 20): 1.3217, 0.0200, 0.2357, 0.0063
(2, 21): 1.2717, 0.0200, 0.2464, 0.0107
(2, 22): nan, nan, nan, 0.0000
(2, 23): nan, nan, nan, 0.0000
(2, 24): nan, nan, nan, 0.0000
(2, 25): nan, nan, nan, 0.0000
(2, 26): nan, nan, nan, 0.0000
(2, 27): nan, nan, nan, 0.0000
(3, 1): nan, nan, nan, 0.0000
(3, 2): nan, nan, nan, 0.0000
(3, 3): nan, nan, nan, 0.0000
(3, 4): nan, nan, nan, 0.0000
(3, 5): nan, nan, nan, 0.0000
(3, 6): nan, nan, nan, 0.0000
(3, 7): nan, nan, nan, 0.0000
(3, 8): nan, nan, nan, 0.0000
