(10, 10): 0.1951, 0.7506, 0.8467
(10, 11): 0.2228, 0.7569, 0.3887
(10, 12): 0.3403, 0.7513, 0.7552
(10, 14): 0.1502, 0.7506, 0.2662
(10, 15): 0.3443, 0.7531, 0.9117
(10, 16): 0.3296, 0.7506, 0.9947
(10, 17): 0.2816, 0.7525, 1.0621
(10, 18): 0.2509, 0.7519, 1.1142
(10, 19): 0.2387, 0.7506, 1.1640
(10, 20): 0.2370, 0.7506, 1.1542
(10, 21): 0.3224, 0.7506, 1.0846
(10, 22): 0.3322, 0.7506, 0.9881
(10, 23): 0.3163, 0.7506, 1.0272
(10, 24): 0.3189, 0.7506, 1.0557
(10, 25): 0.2803, 0.7525, 1.0567
(10, 26): 0.3197, 0.7506, 0.9723
(11, 10): 0.2748, 0.7506, 0.8998
(11, 11): 0.3360, 0.7506, 1.0364
(11, 12): 0.3663, 0.7506, 1.0264
(11, 13): 0.3211, 0.7519, 0.4996
(11, 16): 0.1273, 0.7525, 0.3452
(11, 17): 0.3076, 0.7506, 1.0474
(11, 18): 0.2847, 0.7506, 1.0643
(11, 19): 0.2548, 0.7531, 1.1357
(11, 20): 0.2835, 0.7506, 1.0833
(11, 21): 0.3519, 0.7506, 1.0316
(11, 22): 0.3466, 0.7513, 1.0065
(11, 23): 0.3178, 0.7506, 1.0244
(11, 24): 0.3441, 0.7544, 0.9999
(11, 25): 0.2553, 0.7506, 1.0231
(11, 26): 0.2574, 0.7506, 1.0154
(12, 10): 0.3154, 0.7512, 1.0389
(12, 11): 0.2988, 0.7506, 1.0891
(12, 12): 0.3397, 0.7525, 1.0410
(12, 13): 0.2364, 0.7519, 0.9563
(12, 14): 0.1883, 0.7519, 0.6888
(12, 16): 0.2607, 0.7506, 0.3974
(12, 17): 0.2907, 0.7506, 1.0402
(12, 18): 0.2680, 0.7506, 1.1411
(12, 19): 0.3311, 0.7506, 1.0424
(12, 20): 0.2607, 0.7506, 1.1329
(12, 21): 0.2815, 0.7512, 1.0799
(12, 22): 0.3246, 0.7506, 1.0613
(12, 23): 0.2424, 0.7506, 1.0691
(12, 24): 0.3260, 0.7512, 0.8439
(12, 25): 0.2095, 0.7525, 0.4526
(12, 26): 0.0809, 0.7506, 0.5129
(13, 10): 0.3096, 0.7525, 1.0537
(13, 11): 0.3468, 0.7525, 1.0057
(13, 12): 0.2775, 0.7506, 1.1259
(13, 13): 0.2550, 0.7512, 0.9575
(13, 14): -0.0786, 0.7544, 0.3843
(13, 16): 0.0643, 0.7519, 0.3062
(13, 17): 0.2605, 0.7506, 0.8982
(13, 18): 0.2866, 0.7506, 1.0534
(13, 19): 0.3433, 0.7506, 1.0006
(13, 20): 0.3582, 0.7506, 0.9760
(13, 21): 0.2919, 0.7506, 1.0744
(13, 22): 0.3363, 0.7506, 1.0160
(13, 23): 0.3342, 0.7512, 0.9963
(13, 24): 0.3185, 0.7506, 0.9052
(13, 25): 0.8996, 0.7819, 0.0618
(14, 10): 0.3049, 0.7512, 1.0692
(14, 11): 0.2898, 0.7538, 1.0585
(14, 12): 0.2769, 0.7519, 1.0986
(14, 13): 0.3885, 0.7537, 0.1495
(14, 15): -0.6169, 0.7556, 0.4111
(14, 16): 0.2192, 0.7506, 1.0409
(14, 17): 0.2569, 0.7506, 1.1539
(14, 18): 0.2906, 0.7506, 1.1078
(14, 19): 0.3176, 0.7537, 1.0690
(14, 20): 0.2932, 0.7513, 1.0810
(14, 21): 0.3176, 0.7506, 1.0602
(14, 22): 0.3418, 0.7512, 1.0478
(14, 23): 0.3364, 0.7519, 1.0701
(14, 24): 0.2633, 0.7506, 1.0545
(14, 25): 0.3603, 0.7525, 0.5883
(14, 26): 0.1518, 0.7531, 0.7769
(14, 27): -1.4399, 0.7626, 0.2509
(15, 9): 0.2082, 0.7550, 0.3960
(15, 10): 0.2892, 0.7512, 1.1258
(15, 11): 0.3231, 0.7550, 1.0774
(15, 12): 0.2670, 0.7506, 1.2060
(15, 13): 0.1558, 0.7506, 0.5472
(15, 14): -1.2439, 0.7627, 0.1972
(15, 15): 0.2322, 0.7519, 1.0179
(15, 16): 0.3184, 0.7506, 1.0865
(15, 17): 0.2785, 0.7506, 1.0677
(15, 18): 0.2817, 0.7525, 0.9979
(15, 19): 0.2594, 0.7512, 1.1217
(15, 20): 0.3188, 0.7519, 1.0068
(15, 21): 0.3403, 0.7569, 1.0600
(15, 22): 0.3464, 0.7506, 1.0460
(15, 23): 0.2934, 0.7537, 1.0932
(15, 24): 0.2960, 0.7506, 1.0399
(15, 25): 0.3078, 0.7525, 1.0746
(15, 26): 0.2423, 0.7513, 1.1014
(15, 27): 0.1515, 0.7550, 0.9122
(16, 9): 0.2133, 0.7525, 0.5793
(16, 10): 0.3477, 0.7506, 1.0969
(16, 11): 0.2964, 0.7506, 1.1671
(16, 12): 0.2693, 0.7569, 1.0657
(16, 13): 0.1686, 0.7512, 0.4991
(16, 14): 0.2260, 0.7519, 1.2255
(16, 15): 0.2312, 0.7519, 1.2945
(16, 16): 0.2979, 0.7513, 1.0087
(16, 17): 0.1960, 0.7519, 1.0058
(16, 18): 0.2591, 0.7506, 1.0669
(16, 19): 0.2593, 0.7506, 1.1178
(16, 20): 0.3094, 0.7512, 1.0251
(16, 21): 0.3010, 0.7525, 1.0100
(16, 22): 0.3100, 0.7519, 1.0986
(16, 23): 0.3474, 0.7512, 1.0478
(16, 24): 0.3269, 0.7506, 1.0934
(16, 25): 0.2845, 0.7513, 1.1150
(16, 26): 0.2607, 0.7512, 1.0988
(16, 27): 0.1281, 0.7506, 0.8555
(17, 9): 0.3110, 0.7512, 0.9056
(17, 10): 0.3260, 0.7506, 1.0882
(17, 11): 0.2944, 0.7519, 1.1957
(17, 12): 0.2933, 0.7525, 1.1411
(17, 13): 0.3505, 0.7513, 0.9181
(17, 14): 0.2014, 0.7500, 0.9697
(17, 15): 0.2036, 0.7512, 1.0781
(17, 16): 0.2330, 0.7506, 1.0077
(17, 17): 0.3299, 0.7506, 1.0277
(17, 18): 0.2906, 0.7506, 1.0451
(17, 19): 0.2883, 0.7513, 1.0539
(17, 20): 0.2661, 0.7512, 1.0743
(17, 21): 0.3383, 0.7506, 1.0200
(17, 22): 0.3670, 0.7512, 1.0350
(17, 23): 0.3072, 0.7506, 1.1184
(17, 24): 0.3374, 0.7506, 1.0488
(17, 25): 0.2991, 0.7513, 1.0780
(17, 26): 0.2601, 0.7519, 1.0053
(18, 8): 0.8421, 0.7806, 0.0529
(18, 9): 0.3429, 0.7525, 1.0227
(18, 10): 0.3710, 0.7506, 1.0636
(18, 11): 0.4009, 0.7506, 1.0432
(18, 12): 0.3389, 0.7506, 1.1125
(18, 13): 0.2965, 0.7525, 1.1677
(18, 14): 0.3032, 0.7506, 1.0880
(18, 15): 0.2825, 0.7519, 1.1085
(18, 16): 0.3103, 0.7506, 1.0468
(18, 17): 0.3208, 0.7512, 1.0206
(18, 18): 0.2363, 0.7500, 1.0846
(18, 19): 0.2525, 0.7506, 1.1094
(18, 20): 0.2771, 0.7512, 1.0886
(18, 21): 0.3589, 0.7506, 0.9485
(18, 22): 0.3299, 0.7525, 1.0591
(18, 23): 0.3150, 0.7537, 1.0628
(18, 24): 0.3495, 0.7512, 1.0026
(18, 25): 0.3384, 0.7506, 0.9405
(18, 26): 0.1858, 0.7531, 0.4045
(19, 8): 0.2581, 0.7512, 0.7787
(19, 9): 0.3901, 0.7512, 1.0420
(19, 10): 0.3712, 0.7519, 1.1430
(19, 11): 0.3562, 0.7519, 1.1112
(19, 12): 0.3702, 0.7525, 1.0920
(2, 20): 0.0620, 0.7587, 0.3114
(2, 21): 0.3791, 0.7519, 0.2444
(3, 16): 0.0052, 0.7544, 0.5797
(3, 17): 0.1488, 0.7512, 0.4765
(3, 18): 0.2247, 0.7556, 0.2398
(3, 19): 0.1325, 0.7513, 0.4425
(3, 20): 0.1999, 0.7544, 0.2078
(3, 21): 0.0765, 0.7512, 0.4058
(3, 22): 0.2121, 0.7519, 0.7464
(3, 23): 0.2389, 0.7506, 1.0851
(3, 24): 0.2680, 0.7525, 0.9212
(4, 13): 1.2489, 0.7506, 0.3335
(4, 14): 0.1453, 0.7506, 0.8236
(4, 15): 0.0552, 0.7513, 0.4529
(4, 16): 0.0470, 0.7506, 0.4315
(4, 17): 0.0901, 0.7506, 0.3539
(4, 18): 0.2324, 0.7512, 0.8059
(4, 19): 0.2650, 0.7512, 0.9427
(4, 20): 0.1970, 0.7506, 1.1350
(4, 21): 0.2298, 0.7525, 1.1406
(4, 22): 0.2595, 0.7512, 1.0890
(4, 23): 0.2570, 0.7506, 1.0725
(4, 24): 0.2855, 0.7506, 1.0860
(4, 25): 0.2251, 0.7513, 0.8104
(4, 26): 0.2257, 0.7537, 0.3835
(5, 13): 0.2887, 0.7581, 0.5111
(5, 16): 0.1183, 0.7512, 0.7910
(5, 17): 0.2316, 0.7525, 1.1011
(5, 18): 0.2346, 0.7537, 1.0995
(5, 19): 0.2485, 0.7581, 1.1515
(5, 20): 0.2055, 0.7506, 1.1818
(5, 21): 0.2577, 0.7531, 1.1002
(5, 22): 0.2644, 0.7506, 1.0410
(5, 23): 0.2995, 0.7512, 0.9865
(5, 24): 0.3045, 0.7506, 1.0177
(5, 25): 0.2101, 0.7525, 1.1229
(5, 26): 0.3428, 0.7506, 0.9749
(5, 27): 0.1482, 0.7519, 0.5873
(6, 11): 0.2896, 0.7575, 0.5969
(6, 12): 0.2578, 0.7563, 0.3599
(6, 15): 0.2336, 0.7506, 0.7950
(6, 16): 0.2670, 0.7512, 1.1019
(6, 17): 0.2825, 0.7506, 1.0542
(6, 18): 0.2472, 0.7513, 1.0624
(6, 19): 0.2422, 0.7506, 1.1077
(6, 20): 0.2882, 0.7506, 1.0413
(6, 21): 0.2393, 0.7525, 1.1182
(6, 22): 0.2743, 0.7512, 1.0750
(6, 23): 0.2924, 0.7506, 1.0438
(6, 24): 0.2691, 0.7519, 1.0526
(6, 25): 0.2958, 0.7506, 1.0981
(6, 26): 0.3707, 0.7556, 1.0141
(6, 27): 0.0955, 0.7513, 0.5898
(7, 10): -1.0413, 0.7612, 0.3756
(7, 11): 0.2437, 0.7556, 0.5255
(7, 15): 0.2767, 0.7513, 1.0533
(7, 16): 0.2145, 0.7519, 1.1567
(7, 17): 0.2362, 0.7506, 1.0932
(7, 18): 0.2544, 0.7519, 1.0919
(7, 19): 0.2646, 0.7519, 1.1102
(7, 20): 0.2525, 0.7506, 1.1090
(7, 21): 0.3100, 0.7525, 1.0443
(7, 22): 0.2565, 0.7506, 1.1078
(7, 23): 0.2537, 0.7519, 1.1356
(7, 24): 0.3080, 0.7512, 1.0632
(7, 25): 0.2883, 0.7506, 1.1108
(7, 26): 0.3025, 0.7506, 1.0597
(7, 27): 0.2511, 0.7506, 0.7968
(8, 10): 0.2551, 0.7506, 0.7215
(8, 11): 0.2672, 0.7513, 0.7106
(8, 14): 0.1723, 0.7512, 0.4594
(8, 15): 0.2768, 0.7506, 1.0798
(8, 16): 0.2570, 0.7506, 1.1201
(8, 17): 0.2563, 0.7506, 1.0825
(8, 18): 0.3009, 0.7506, 1.0520
(8, 19): 0.2401, 0.7512, 1.1258
(8, 20): 0.2925, 0.7512, 1.0736
(8, 21): 0.2872, 0.7506, 1.1232
(8, 22): 0.2668, 0.7525, 1.1086
(8, 23): 0.2881, 0.7506, 1.1265
(8, 24): 0.3195, 0.7506, 1.0606
(8, 25): 0.2388, 0.7519, 1.1834
(8, 26): 0.3194, 0.7506, 1.0672
(8, 27): 0.2419, 0.7531, 0.7452
(9, 10): 0.2069, 0.7519, 0.7945
(9, 11): -1.1630, 0.7561, 0.4014
(9, 15): 0.3319, 0.7512, 0.9215
(9, 16): 0.3522, 0.7506, 1.0155
(9, 17): 0.3242, 0.7506, 1.0080
(9, 18): 0.2677, 0.7512, 1.1192
(9, 19): 0.2399, 0.7506, 1.1669
(9, 20): 0.2980, 0.7506, 1.1129
(9, 21): 0.3266, 0.7512, 1.0991
(9, 22): 0.2592, 0.7519, 1.0910
(9, 23): 0.2636, 0.7519, 1.1140
(9, 24): 0.3331, 0.7506, 1.0495
(9, 25): 0.3047, 0.7512, 1.0614
(9, 26): 0.2964, 0.7506, 1.0330
(9, 27): 0.0336, 0.7544, 0.3735
(19, 13): 0.2793, 0.7506, 1.1661
(19, 14): 0.3094, 0.7512, 1.0309
(19, 15): 0.2649, 0.7512, 1.0777
(19, 16): 0.2649, 0.7512, 1.0706
(19, 17): 0.2812, 0.7506, 1.0547
(19, 18): 0.3375, 0.7506, 0.9903
(19, 19): 0.2712, 0.7513, 1.0604
(19, 20): 0.2969, 0.7506, 1.0139
(19, 21): 0.3395, 0.7506, 1.0102
(19, 22): 0.3076, 0.7512, 1.0588
(19, 23): 0.3036, 0.7506, 1.1305
(19, 24): 0.3401, 0.7525, 1.1114
(19, 25): 0.3626, 0.7506, 0.7601
(19, 26): 0.0156, 0.7875, 0.2419
(20, 7): 0.0841, 0.7594, 0.4323
(20, 8): 0.3284, 0.7512, 1.1471
(20, 9): 0.3465, 0.7512, 1.0988
(20, 10): 0.3049, 0.7512, 1.2037
(20, 11): 0.3154, 0.7506, 1.1732
(20, 12): 0.3219, 0.7506, 1.0757
(20, 13): 0.3234, 0.7506, 1.0464
(20, 14): 0.2706, 0.7506, 1.0774
(20, 15): 0.2726, 0.7506, 1.0792
(20, 16): 0.2991, 0.7506, 1.1164
(20, 17): 0.2539, 0.7519, 1.0699
(20, 18): 0.2755, 0.7510, 1.0716
(20, 19): 0.3112, 0.7506, 1.0191
(20, 20): 0.3256, 0.7506, 0.9833
(20, 21): 0.3118, 0.7506, 1.1078
(20, 22): 0.3100, 0.7506, 1.0556
(20, 23): 0.2840, 0.7519, 1.1370
(20, 24): 0.3396, 0.7506, 1.0699
(20, 25): 0.2898, 0.7512, 1.0375
(20, 26): 0.3072, 0.7556, 0.3467
(21, 6): 0.0331, 0.7581, 0.5187
(21, 7): 0.3049, 0.7525, 1.0452
(21, 8): 0.3082, 0.7519, 1.1522
(21, 9): 0.2783, 0.7519, 1.1812
(21, 10): 0.2859, 0.7519, 1.1391
(21, 11): 0.2998, 0.7506, 1.0867
(21, 12): 0.2882, 0.7512, 1.0977
(21, 13): 0.3113, 0.7544, 1.0979
(21, 14): 0.2719, 0.7506, 1.0800
(21, 15): 0.2884, 0.7506, 1.0814
(21, 16): 0.2930, 0.7513, 1.0598
(21, 17): 0.2654, 0.7506, 1.0932
(21, 18): 0.2476, 0.7512, 1.1781
(21, 19): 0.2903, 0.7531, 1.0489
(21, 20): 0.2877, 0.7519, 1.0686
(21, 21): 0.2781, 0.7512, 0.9091
(21, 22): 0.1951, 0.7544, 1.0150
(21, 23): 0.1632, 0.7506, 1.0305
(21, 24): 0.2266, 0.7512, 0.5621
(22, 6): 0.2011, 0.7512, 0.9655
(22, 7): 0.4116, 0.7519, 1.0069
(22, 8): 0.3231, 0.7506, 1.0712
(22, 9): 0.3483, 0.7506, 0.9917
(22, 10): 0.3404, 0.7506, 1.0046
(22, 11): 0.2251, 0.7519, 1.2039
(22, 12): 0.3069, 0.7506, 1.0568
(22, 13): 0.3011, 0.7506, 1.1106
(22, 14): 0.2822, 0.7525, 1.0455
(22, 15): 0.2223, 0.7512, 1.0793
(22, 16): 0.2569, 0.7519, 1.0482
(22, 17): 0.2273, 0.7506, 1.1028
(22, 18): 0.3016, 0.7512, 1.0250
(22, 19): 0.2869, 0.7531, 1.0099
(22, 20): 0.2668, 0.7506, 0.8661
(22, 21): 0.1396, 0.7531, 0.3594
(23, 5): 0.1769, 0.7519, 0.4554
(23, 6): 0.2396, 0.7513, 0.7646
(23, 7): 0.3058, 0.7525, 0.8345
(23, 8): 0.2328, 0.7519, 1.1403
(23, 9): 0.2794, 0.7506, 1.1414
(23, 10): 0.2824, 0.7519, 1.1314
(23, 11): 0.2309, 0.7506, 1.1595
(23, 12): 0.2314, 0.7506, 1.1188
(23, 13): 0.3174, 0.7513, 1.0630
(23, 14): 0.3154, 0.7506, 0.9914
(23, 15): 0.2448, 0.7512, 1.0460
(23, 16): 0.2786, 0.7531, 1.0462
(23, 17): 0.2049, 0.7506, 1.1535
(23, 18): 0.2669, 0.7506, 1.1333
(23, 19): 0.3312, 0.7506, 1.0409
(23, 20): 0.3502, 0.7519, 0.8295
(24, 4): 0.0506, 0.7537, 0.4557
(24, 5): 0.1652, 0.7506, 0.6308
(24, 6): 0.2293, 0.7513, 0.5208
(24, 7): 0.2366, 0.7506, 0.9306
(24, 8): 0.2029, 0.7519, 0.8528
(24, 9): 0.2570, 0.7512, 1.0117
(24, 10): 0.1961, 0.7512, 1.0385
(24, 11): 0.1988, 0.7512, 1.1883
(24, 12): 0.3082, 0.7525, 1.0805
(24, 13): 0.2571, 0.7506, 1.0646
(24, 14): 0.3215, 0.7531, 0.9714
(24, 15): 0.2895, 0.7506, 0.9993
(24, 16): 0.2352, 0.7506, 1.1103
(24, 17): 0.3780, 0.7513, 0.9276
(24, 18): 0.2757, 0.7506, 1.0932
(24, 19): 0.2811, 0.7506, 1.1310
(24, 20): 0.3656, 0.7525, 0.9576
(24, 21): 0.3719, 0.7506, 0.6634
(25, 4): 0.2594, 0.7506, 0.7470
(25, 5): 0.2199, 0.7506, 0.8864
(25, 6): 0.2271, 0.7537, 1.0132
(25, 7): 0.1575, 0.7513, 0.6265
(25, 8): 0.1848, 0.7506, 1.0366
(25, 9): 0.2052, 0.7506, 1.1906
(25, 10): 0.3142, 0.7538, 1.0645
(25, 11): 0.3548, 0.7506, 1.0607
(25, 12): 0.3187, 0.7506, 1.0143
(25, 13): 0.3704, 0.7556, 0.9047
(25, 14): 0.3281, 0.7506, 0.9748
(25, 15): 0.3793, 0.7513, 0.9276
(25, 16): 0.2708, 0.7506, 1.0451
(25, 17): 0.2995, 0.7506, 1.0145
(25, 18): 0.2946, 0.7519, 1.0541
(25, 19): 0.2973, 0.7512, 1.0812
(25, 20): 0.2723, 0.7531, 1.0826
(25, 21): 0.3312, 0.7519, 0.9974
(25, 22): 0.3633, 0.7519, 0.5902
(26, 2): 1.4251, 0.7788, 0.0484
(26, 3): 0.2084, 0.7525, 0.6151
(26, 4): 0.2415, 0.7519, 0.7741
(26, 5): 0.2174, 0.7525, 0.7202
(26, 6): 0.2084, 0.7537, 0.6181
(26, 7): 0.2381, 0.7525, 0.9290
(26, 8): 0.2456, 0.7506, 1.0987
(26, 9): 0.1984, 0.7519, 1.2046
(26, 10): 0.2355, 0.7500, 1.1851
(26, 11): 0.2828, 0.7512, 1.1637
(26, 12): 0.2674, 0.7512, 1.0603
(26, 13): 0.3488, 0.7506, 0.9410
(26, 14): 0.2834, 0.7512, 1.0439
(26, 15): 0.1950, 0.7506, 1.1635
(26, 16): 0.2606, 0.7506, 1.0335
(26, 17): 0.2296, 0.7525, 1.1280
(26, 18): 0.3110, 0.7506, 1.0405
(26, 19): 0.3211, 0.7506, 0.9690
(26, 20): 0.2656, 0.7531, 1.0415
(26, 21): 0.3244, 0.7512, 1.0864
(26, 22): 0.3213, 0.7550, 0.9169
(27, 2): 0.1477, 0.7525, 0.6958
(27, 3): 0.3152, 0.7506, 1.0235
(27, 4): 0.2818, 0.7519, 1.0802
(27, 5): 0.2654, 0.7525, 1.1481
(27, 6): 0.2239, 0.7513, 0.9736
(27, 7): 0.1438, 0.7506, 0.4983
(27, 8): 0.1622, 0.7506, 1.0335
(27, 9): 0.1295, 0.7512, 1.0852
(27, 10): 0.3005, 0.7525, 0.8814
(27, 11): 0.3131, 0.7519, 0.8999
(27, 12): 0.2569, 0.7519, 0.6437
(27, 13): 0.3026, 0.7531, 0.8896
(27, 14): 0.2405, 0.7519, 0.7744
(27, 15): 0.2686, 0.7531, 1.0752
(27, 16): 0.2682, 0.7506, 1.0990
(27, 17): 0.2374, 0.7519, 1.1214
(27, 18): 0.3036, 0.7506, 1.0445
(27, 19): 0.2759, 0.7544, 1.0806
(27, 20): 0.2909, 0.7506, 1.0904
(27, 21): 0.3304, 0.7550, 1.1317
(27, 22): 0.3154, 0.7519, 0.9349
(28, 2): -1.4840, 0.7481, 1.4238
(28, 3): 0.2253, 0.7512, 0.6764
(28, 4): 0.1802, 0.7506, 0.7268
(28, 5): 0.2508, 0.7506, 1.0100
(28, 6): 0.1991, 0.7519, 0.6430
(28, 7): 0.2091, 0.7512, 0.6206
(28, 8): 0.1753, 0.7506, 0.9415
(28, 9): 0.1847, 0.7519, 0.8532
(28, 14): 0.2059, 0.7550, 0.4783
(28, 15): 0.2835, 0.7506, 1.0594
(28, 16): 0.2820, 0.7512, 1.0676
(28, 17): 0.3196, 0.7506, 1.0537
(28, 18): 0.3370, 0.7506, 1.0382
(28, 19): 0.3228, 0.7537, 1.0435
(28, 20): 0.3248, 0.7512, 1.0711
(28, 21): 0.3690, 0.7519, 1.0493
(28, 22): 0.3890, 0.7537, 0.5743
(29, 2): 0.3053, 0.7506, 1.1013
(29, 3): 0.3552, 0.7506, 1.1034
(29, 4): 0.3060, 0.7519, 1.0552
(29, 5): 0.2539, 0.7512, 1.0246
(29, 6): 0.3204, 0.7525, 1.1238
(29, 7): 0.2599, 0.7519, 0.9964
(29, 8): 0.8894, 0.8300, 0.1186
(29, 15): -0.1249, 0.7625, 0.5697
(29, 16): 0.1463, 0.7512, 0.7201
(29, 17): -0.1932, 0.7675, 0.1917
(29, 18): 0.2828, 0.7519, 0.9486
(29, 19): 0.2762, 0.7512, 1.1089
(29, 20): 0.3469, 0.7531, 1.0767
(29, 21): 0.3550, 0.7512, 1.0714
(29, 22): -0.0624, 0.7544, 0.6082
(30, 2): 0.3249, 0.7537, 0.7763
(30, 3): 0.2181, 0.7519, 0.5142
(30, 4): 0.1664, 0.7531, 0.4556
(30, 5): 0.2892, 0.7525, 1.1036
(30, 6): 0.2344, 0.7506, 1.0554
(30, 7): 0.0322, 0.7587, 0.5321
(30, 19): 0.1265, 0.7525, 0.5165
(30, 20): 0.3424, 0.7506, 0.9485
(30, 21): 0.3481, 0.7506, 1.0472
(30, 22): 0.1683, 0.7531, 0.5351
(31, 19): 0.0840, 0.7512, 0.3155
(31, 20): 0.3374, 0.7525, 0.9850
(31, 21): 0.3278, 0.7544, 0.4375
(32, 19): 0.0531, 0.7587, 0.4036
(32, 20): 0.2566, 0.7531, 1.1347
(32, 21): 0.2104, 0.7519, 0.9019
(32, 22): 0.1604, 0.7506, 0.3187
(33, 19): 0.2258, 0.7512, 0.8764
(33, 20): 0.3362, 0.7506, 1.1079
(33, 21): 0.2524, 0.7513, 1.2661
(33, 22): 0.2473, 0.7556, 0.6207
(34, 19): 0.2178, 0.7506, 0.7920
(34, 20): 0.2959, 0.7512, 1.1519
(34, 21): 0.2699, 0.7512, 1.1813
(34, 22): 0.4418, 0.7512, 0.2788
