(10, 10): 0.3952, 3.0100, 7.1988
(10, 11): 0.3170, 3.0100, 3.6048
(10, 12): 0.4462, 3.0100, 6.9395
(10, 14): 0.3426, 3.0100, 1.8214
(10, 15): 0.5056, 3.0100, 7.9377
(10, 16): 0.4958, 3.0100, 8.6448
(10, 17): 0.4406, 3.0100, 10.2718
(10, 18): 0.4499, 3.0100, 10.2337
(10, 19): 0.4882, 3.0100, 9.5835
(10, 20): 0.4851, 3.0100, 9.6067
(10, 21): 0.4915, 3.0100, 9.4689
(10, 22): 0.4772, 3.0100, 9.4342
(10, 23): 0.4736, 3.0100, 9.8073
(10, 24): 0.4713, 3.0100, 9.9751
(10, 25): 0.4370, 3.0100, 10.1309
(10, 26): 0.4319, 3.0100, 9.8649
(11, 10): 0.4351, 3.0100, 8.1908
(11, 11): 0.4890, 3.0100, 9.6820
(11, 12): 0.4954, 3.0100, 9.7621
(11, 13): 0.3910, 3.0100, 4.0298
(11, 16): 0.2338, 3.0100, 3.0728
(11, 17): 0.4567, 3.0099, 9.9926
(11, 18): 0.4529, 3.0100, 9.9031
(11, 19): 0.4662, 3.0100, 9.9489
(11, 20): 0.4897, 3.0100, 9.2395
(11, 21): 0.4910, 3.0000, 9.5857
(11, 22): 0.4679, 3.0100, 9.9028
(11, 23): 0.4560, 3.0200, 10.1573
(11, 24): 0.4606, 3.0100, 9.9836
(11, 25): 0.4169, 3.0100, 9.8845
(11, 26): 0.4320, 3.0100, 9.6745
(12, 10): 0.4893, 3.0200, 9.1042
(12, 11): 0.4752, 3.0200, 9.8879
(12, 12): 0.4932, 3.0100, 9.6277
(12, 13): 0.4428, 3.0100, 8.3590
(12, 14): 0.3715, 3.0100, 6.1245
(12, 16): 0.2683, 3.0100, 4.4021
(12, 17): 0.4183, 3.0100, 10.6837
(12, 18): 0.4516, 3.0100, 10.7309
(12, 19): 0.4532, 3.0100, 10.4033
(12, 20): 0.4872, 3.0100, 9.6278
(12, 21): 0.4630, 3.0100, 9.8661
(12, 22): 0.4985, 3.0100, 9.4778
(12, 23): 0.4204, 3.0100, 10.1919
(12, 24): 0.4363, 3.0100, 8.6380
(12, 25): 0.2929, 3.0100, 4.0711
(12, 26): 0.2695, 3.0100, 4.0591
(13, 10): 0.4869, 3.0100, 9.3407
(13, 11): 0.4610, 3.0100, 10.1891
(13, 12): 0.4682, 3.0100, 10.0050
(13, 13): 0.4348, 3.0100, 8.6505
(13, 14): 0.2077, 3.0100, 3.0732
(13, 16): 0.2366, 3.0100, 2.7970
(13, 17): 0.3909, 3.0100, 8.8989
(13, 18): 0.4649, 3.0100, 9.4362
(13, 19): 0.4604, 3.0100, 9.8756
(13, 20): 0.4768, 3.0100, 9.7113
(13, 21): 0.4347, 3.0100, 10.6966
(13, 22): 0.4316, 3.0100, 10.7456
(13, 23): 0.4234, 3.0100, 10.6149
(13, 24): 0.4424, 3.0100, 8.9062
(13, 25): 0.3273, 3.0200, 1.7981
(14, 10): 0.4640, 3.0100, 9.7360
(14, 11): 0.4182, 3.0100, 10.7269
(14, 12): 0.4179, 3.0100, 10.8622
(14, 13): 0.2989, 3.0100, 1.8785
(14, 15): 0.1969, 3.0100, 1.9244
(14, 16): 0.4326, 3.0100, 8.8295
(14, 17): 0.4635, 3.0100, 10.3300
(14, 18): 0.4543, 3.0100, 10.5395
(14, 19): 0.4492, 3.0100, 10.4698
(14, 20): 0.4523, 3.0100, 10.0936
(14, 21): 0.4526, 3.0100, 10.5144
(14, 22): 0.4594, 3.0100, 10.3958
(14, 23): 0.4674, 3.0100, 10.2317
(14, 24): 0.4381, 3.0100, 9.5282
(14, 25): 0.3531, 3.0100, 6.5752
(14, 26): 0.3638, 3.0100, 6.7222
(14, 27): 0.1435, 3.0200, 1.6431
(15, 9): 0.3582, 3.0100, 3.3844
(15, 10): 0.4795, 3.0100, 9.8099
(15, 11): 0.4553, 3.0100, 10.7481
(15, 12): 0.4607, 3.0100, 11.0916
(15, 13): 0.2847, 3.0100, 5.3716
(15, 14): 0.1137, 3.0100, 1.8619
(15, 15): 0.4323, 3.0100, 9.2659
(15, 16): 0.4524, 3.0100, 10.8764
(15, 17): 0.4459, 3.0100, 10.2643
(15, 18): 0.4236, 3.0100, 9.8932
(15, 19): 0.4500, 3.0100, 10.3770
(15, 20): 0.4474, 3.0100, 10.0307
(15, 21): 0.4843, 3.0100, 9.9616
(15, 22): 0.4865, 3.0100, 9.7805
(15, 23): 0.4427, 3.0100, 10.4121
(15, 24): 0.4319, 3.0100, 10.3865
(15, 25): 0.4494, 3.0100, 10.4533
(15, 26): 0.4340, 3.0100, 10.1361
(15, 27): 0.3944, 3.0100, 7.4853
(16, 9): 0.3424, 3.0200, 5.5051
(16, 10): 0.5011, 3.0100, 10.3958
(16, 11): 0.4871, 3.0100, 10.6080
(16, 12): 0.4026, 3.0100, 11.0371
(16, 13): 0.2175, 3.0100, 5.9030
(16, 14): 0.4801, 3.0100, 10.1452
(16, 15): 0.5291, 3.0100, 9.7732
(16, 16): 0.4828, 3.0100, 8.9765
(16, 17): 0.4000, 3.0100, 9.2574
(16, 18): 0.4035, 3.0100, 10.7949
(16, 19): 0.4364, 3.0100, 10.4163
(16, 20): 0.4506, 3.0100, 9.8635
(16, 21): 0.4399, 3.0100, 9.8576
(16, 22): 0.4500, 3.0100, 10.8480
(16, 23): 0.4584, 3.0100, 10.7493
(16, 24): 0.4510, 3.0100, 11.1311
(16, 25): 0.4592, 3.0100, 10.1983
(16, 26): 0.4315, 3.0100, 10.3039
(16, 27): 0.3701, 3.0100, 7.0685
(17, 9): 0.4556, 3.0100, 8.2183
(17, 10): 0.4636, 3.0100, 10.8625
(17, 11): 0.4873, 3.0100, 10.6146
(17, 12): 0.4664, 3.0100, 10.6525
(17, 13): 0.4662, 3.0100, 9.0336
(17, 14): 0.4299, 3.0200, 8.3048
(17, 15): 0.4143, 3.0100, 9.5816
(17, 16): 0.3917, 3.0100, 9.7262
(17, 17): 0.4539, 3.0100, 10.1644
(17, 18): 0.4174, 3.0100, 10.6374
(17, 19): 0.4507, 3.0100, 9.9945
(17, 20): 0.4343, 3.0100, 10.2713
(17, 21): 0.4818, 3.0100, 9.7300
(17, 22): 0.4930, 3.0100, 10.0634
(17, 23): 0.4756, 3.0100, 10.3377
(17, 24): 0.4572, 3.0100, 10.7134
(17, 25): 0.4455, 3.0100, 10.5802
(17, 26): 0.4318, 3.0100, 9.2869
(18, 8): 0.1969, 3.0100, 2.0475
(18, 9): 0.4695, 3.0100, 9.8560
(18, 10): 0.4940, 3.0100, 10.4790
(18, 11): 0.5149, 3.0100, 10.2569
(18, 12): 0.4999, 3.0100, 10.1115
(18, 13): 0.5246, 3.0200, 9.6380
(18, 14): 0.4873, 3.0100, 9.6651
(18, 15): 0.4548, 3.0100, 10.4944
(18, 16): 0.4356, 3.0100, 10.7591
(18, 17): 0.4376, 3.0100, 10.3508
(18, 18): 0.4255, 3.0100, 10.2088
(18, 19): 0.4408, 3.0100, 10.2141
(18, 20): 0.4292, 3.0100, 10.5648
(18, 21): 0.4752, 3.0100, 9.7528
(18, 22): 0.5131, 3.0100, 9.0980
(18, 23): 0.4654, 3.0200, 10.0137
(18, 24): 0.4751, 3.0100, 9.9540
(18, 25): 0.4639, 3.0100, 9.4132
(18, 26): 0.2566, 3.0100, 4.0377
(19, 8): 0.4193, 3.0100, 6.5868
(19, 9): 0.5030, 3.0300, 10.3567
(19, 10): 0.5234, 3.0200, 10.2575
(19, 11): 0.5314, 3.0100, 9.9130
(19, 12): 0.5600, 3.0100, 9.3205
(2, 20): 0.1886, 3.0100, 2.9342
(2, 21): 0.2589, 3.0200, 2.6785
(3, 16): 0.2800, 3.0100, 4.9007
(3, 17): 0.2593, 3.0100, 4.8518
(3, 18): 0.1947, 3.0100, 2.8745
(3, 19): 0.2053, 3.0100, 4.8517
(3, 20): 0.1716, 3.0100, 2.8895
(3, 21): 0.2231, 3.0100, 3.6147
(3, 22): 0.4193, 3.0100, 6.5457
(3, 23): 0.4713, 3.0100, 9.2032
(3, 24): 0.4512, 3.0100, 8.1559
(4, 13): 0.3064, 3.0100, 4.1285
(4, 14): 0.4126, 3.0100, 6.4691
(4, 15): 0.2116, 3.0100, 4.3807
(4, 16): 0.2050, 3.0100, 4.4205
(4, 17): 0.1710, 3.0200, 4.0175
(4, 18): 0.3630, 3.0100, 7.7930
(4, 19): 0.4487, 3.0100, 8.5678
(4, 20): 0.4650, 3.0100, 9.4118
(4, 21): 0.5017, 3.0100, 8.9778
(4, 22): 0.4452, 3.0100, 10.1113
(4, 23): 0.4147, 3.0100, 10.3190
(4, 24): 0.4806, 3.0100, 9.3848
(4, 25): 0.4055, 3.0100, 7.2943
(4, 26): 0.2468, 3.0100, 3.0197
(5, 13): 0.3756, 3.0100, 4.6088
(5, 16): 0.3466, 3.0100, 6.8850
(5, 17): 0.4845, 3.0100, 9.2443
(5, 18): 0.4707, 3.0100, 9.2948
(5, 19): 0.4886, 3.0100, 9.5638
(5, 20): 0.4499, 3.0100, 10.1766
(5, 21): 0.4467, 3.0100, 10.1120
(5, 22): 0.4136, 3.0100, 10.3371
(5, 23): 0.4407, 3.0100, 9.5228
(5, 24): 0.4902, 3.0100, 8.8052
(5, 25): 0.4599, 3.0100, 9.4423
(5, 26): 0.5169, 3.0100, 8.5951
(5, 27): 0.3974, 3.0100, 3.9978
(6, 11): 0.4019, 3.0100, 5.2873
(6, 12): 0.3494, 3.0300, 3.0479
(6, 15): 0.3841, 3.0100, 7.5281
(6, 16): 0.4753, 3.0100, 9.7203
(6, 17): 0.4851, 3.0100, 9.2415
(6, 18): 0.4505, 3.0100, 9.4343
(6, 19): 0.4624, 3.0100, 9.6308
(6, 20): 0.4828, 3.0100, 9.2753
(6, 21): 0.4348, 3.0100, 10.2793
(6, 22): 0.4680, 3.0100, 9.6135
(6, 23): 0.5003, 3.0100, 8.8506
(6, 24): 0.4819, 3.0100, 8.6204
(6, 25): 0.5292, 3.0100, 8.9934
(6, 26): 0.5242, 3.0100, 9.1164
(6, 27): 0.3165, 3.0100, 4.8259
(7, 10): 0.1565, 3.0100, 2.1388
(7, 11): 0.3444, 3.0100, 5.2746
(7, 15): 0.4669, 3.0100, 9.6212
(7, 16): 0.4687, 3.0100, 9.5042
(7, 17): 0.4470, 3.0100, 9.7496
(7, 18): 0.4984, 3.0100, 8.9831
(7, 19): 0.4876, 3.0100, 9.4441
(7, 20): 0.4904, 3.0100, 9.3818
(7, 21): 0.4820, 3.0100, 9.4481
(7, 22): 0.4639, 3.0100, 9.6393
(7, 23): 0.5089, 3.0100, 9.1430
(7, 24): 0.4939, 3.0100, 9.4445
(7, 25): 0.5163, 3.0100, 9.1200
(7, 26): 0.4729, 3.0100, 9.8994
(7, 27): 0.3978, 3.0100, 7.1966
(8, 10): 0.3934, 3.0100, 6.7269
(8, 11): 0.4106, 3.0100, 6.2912
(8, 14): 0.3039, 3.0100, 4.1359
(8, 15): 0.4954, 3.0100, 9.0971
(8, 16): 0.4419, 3.0100, 10.1695
(8, 17): 0.4691, 3.0100, 9.3067
(8, 18): 0.4607, 3.0100, 9.9261
(8, 19): 0.4844, 3.0100, 9.4244
(8, 20): 0.4667, 3.0100, 10.1008
(8, 21): 0.5052, 3.0100, 9.4438
(8, 22): 0.4724, 3.0100, 9.8313
(8, 23): 0.4974, 3.0100, 9.7028
(8, 24): 0.4688, 3.0100, 10.0852
(8, 25): 0.4702, 3.0200, 9.9761
(8, 26): 0.4951, 3.0100, 9.6528
(8, 27): 0.4009, 3.0100, 6.6543
(9, 10): 0.3945, 3.0100, 6.7088
(9, 11): 0.1536, 3.0200, 2.0536
(9, 15): 0.4776, 3.0100, 8.4533
(9, 16): 0.4615, 3.0100, 9.6800
(9, 17): 0.4543, 3.0100, 9.8958
(9, 18): 0.4718, 3.0100, 9.8506
(9, 19): 0.5066, 3.0000, 9.2406
(9, 20): 0.4934, 3.0100, 9.7434
(9, 21): 0.5290, 3.0100, 9.3366
(9, 22): 0.4599, 3.0100, 9.7577
(9, 23): 0.4578, 3.0100, 10.1798
(9, 24): 0.4749, 3.0100, 10.1537
(9, 25): 0.4597, 3.0100, 10.1757
(9, 26): 0.4663, 3.0100, 9.6456
(9, 27): 0.1655, 3.0100, 4.0122
(19, 13): 0.4843, 3.0200, 10.2727
(19, 14): 0.4650, 3.0100, 9.8800
(19, 15): 0.4550, 3.0100, 9.9847
(19, 16): 0.3646, 3.0100, 11.3744
(19, 17): 0.4315, 3.0100, 10.3039
(19, 18): 0.4418, 3.0100, 10.0894
(19, 19): 0.4160, 3.0100, 10.5297
(19, 20): 0.4331, 3.0200, 10.0295
(19, 21): 0.4698, 3.0100, 9.8217
(19, 22): 0.4599, 3.0300, 10.2627
(19, 23): 0.4854, 3.0100, 10.0731
(19, 24): 0.5196, 3.0100, 9.7115
(19, 25): 0.4401, 3.0100, 7.6637
(19, 26): 0.2764, 3.0100, 1.8426
(20, 7): 0.2723, 3.0100, 3.9210
(20, 8): 0.5091, 3.0100, 10.3628
(20, 9): 0.4714, 3.0100, 10.8296
(20, 10): 0.5200, 3.0100, 10.1581
(20, 11): 0.5159, 3.0100, 10.2286
(20, 12): 0.4633, 3.0100, 10.6059
(20, 13): 0.4725, 3.0200, 10.0365
(20, 14): 0.4285, 3.0100, 10.2896
(20, 15): 0.4531, 3.0100, 10.0815
(20, 16): 0.4675, 3.0100, 10.1360
(20, 17): 0.4260, 3.0100, 10.2868
(20, 18): 0.4689, 3.0100, 9.8699
(20, 19): 0.4362, 3.0100, 10.1793
(20, 20): 0.4533, 3.0100, 9.8821
(20, 21): 0.5138, 3.0100, 9.5011
(20, 22): 0.4498, 3.0100, 10.3188
(20, 23): 0.5046, 3.0100, 9.7766
(20, 24): 0.4885, 3.0100, 10.1529
(20, 25): 0.4464, 3.0100, 9.7453
(20, 26): 0.2459, 3.0100, 3.9201
(21, 6): 0.3241, 3.0100, 3.8472
(21, 7): 0.4708, 3.0100, 9.5406
(21, 8): 0.4933, 3.0100, 10.4411
(21, 9): 0.4722, 3.0100, 10.5192
(21, 10): 0.4920, 3.0100, 10.1092
(21, 11): 0.4890, 3.0100, 9.9454
(21, 12): 0.4670, 3.0100, 10.1456
(21, 13): 0.5061, 3.0100, 9.7060
(21, 14): 0.4536, 3.0100, 10.2081
(21, 15): 0.4442, 3.0100, 10.2825
(21, 16): 0.4606, 3.0100, 10.1856
(21, 17): 0.4535, 3.0100, 10.2647
(21, 18): 0.4868, 3.0100, 9.9610
(21, 19): 0.4374, 3.0100, 10.1419
(21, 20): 0.4657, 3.0100, 9.6107
(21, 21): 0.4197, 3.0100, 8.7661
(21, 22): 0.4117, 3.0100, 9.1434
(21, 23): 0.3903, 3.0100, 9.2449
(21, 24): 0.2920, 3.0100, 6.1148
(22, 6): 0.4399, 3.0100, 7.7697
(22, 7): 0.5165, 3.0100, 9.7088
(22, 8): 0.4968, 3.0000, 9.7563
(22, 9): 0.4682, 3.0200, 9.9227
(22, 10): 0.4597, 3.0000, 10.0944
(22, 11): 0.4534, 3.0100, 10.2370
(22, 12): 0.4625, 3.0100, 9.9915
(22, 13): 0.5012, 3.0100, 9.6325
(22, 14): 0.4438, 3.0100, 10.1734
(22, 15): 0.3727, 3.0100, 11.1194
(22, 16): 0.4155, 3.0000, 10.3069
(22, 17): 0.4456, 3.0100, 9.8432
(22, 18): 0.4731, 3.0100, 9.5208
(22, 19): 0.4353, 3.0100, 9.7978
(22, 20): 0.4126, 3.0100, 7.9634
(22, 21): 0.2955, 3.0100, 2.7715
(23, 5): 0.3098, 3.0100, 4.2770
(23, 6): 0.3882, 3.0100, 6.7450
(23, 7): 0.4644, 3.0100, 7.8164
(23, 8): 0.4618, 3.0100, 9.8827
(23, 9): 0.4901, 3.0100, 9.8676
(23, 10): 0.4883, 3.0100, 9.9612
(23, 11): 0.4823, 3.0100, 9.6006
(23, 12): 0.4642, 3.0000, 9.6939
(23, 13): 0.4875, 3.0100, 9.7314
(23, 14): 0.4428, 3.0100, 9.8177
(23, 15): 0.4102, 3.0100, 10.3509
(23, 16): 0.4661, 3.0100, 9.6866
(23, 17): 0.4398, 3.0100, 9.7792
(23, 18): 0.5117, 3.0100, 9.2727
(23, 19): 0.4654, 3.0100, 10.1441
(23, 20): 0.4108, 3.0200, 9.1679
(24, 4): 0.3241, 3.0300, 3.4847
(24, 5): 0.3202, 3.0100, 5.6377
(24, 6): 0.3002, 3.0100, 5.4069
(24, 7): 0.3835, 3.0100, 9.4487
(24, 8): 0.4223, 3.0100, 7.3987
(24, 9): 0.4640, 3.0100, 8.7885
(24, 10): 0.4147, 3.0100, 9.2179
(24, 11): 0.4432, 3.0100, 10.2995
(24, 12): 0.4665, 3.0100, 10.0740
(24, 13): 0.4683, 3.0100, 9.2660
(24, 14): 0.4595, 3.0100, 9.3046
(24, 15): 0.4491, 3.0100, 9.5478
(24, 16): 0.4721, 3.0100, 9.4681
(24, 17): 0.4681, 3.0100, 9.6312
(24, 18): 0.4803, 3.0100, 9.5093
(24, 19): 0.5007, 3.0100, 9.6852
(24, 20): 0.4898, 3.0100, 9.4490
(24, 21): 0.3855, 3.0100, 7.4604
(25, 4): 0.4112, 3.0100, 6.6224
(25, 5): 0.4192, 3.0200, 7.6812
(25, 6): 0.4047, 3.0100, 9.4897
(25, 7): 0.2814, 3.0100, 6.3773
(25, 8): 0.4241, 3.0100, 8.8836
(25, 9): 0.4902, 3.0100, 9.3907
(25, 10): 0.4915, 3.0100, 10.0618
(25, 11): 0.4886, 3.0100, 10.3392
(25, 12): 0.4561, 3.0100, 10.0193
(25, 13): 0.4534, 3.0100, 9.3833
(25, 14): 0.4700, 3.0100, 9.2913
(25, 15): 0.4743, 3.0100, 9.6884
(25, 16): 0.4163, 3.0100, 10.3931
(25, 17): 0.4125, 3.0100, 10.6683
(25, 18): 0.4410, 3.0100, 10.3186
(25, 19): 0.4851, 3.0100, 9.5658
(25, 20): 0.4573, 3.0100, 9.7481
(25, 21): 0.4858, 3.0100, 9.3590
(25, 22): 0.4247, 3.0100, 5.2675
(26, 2): 0.0796, 3.0200, 2.3268
(26, 3): 0.3964, 3.0100, 5.0818
(26, 4): 0.3908, 3.0100, 6.8456
(26, 5): 0.3593, 3.0100, 6.9052
(26, 6): 0.2849, 3.0100, 6.3694
(26, 7): 0.4070, 3.0100, 9.0521
(26, 8): 0.4433, 3.0100, 10.0721
(26, 9): 0.4356, 3.0100, 10.6778
(26, 10): 0.4729, 3.0100, 10.2489
(26, 11): 0.4883, 3.0100, 10.1624
(26, 12): 0.4168, 3.0100, 10.4555
(26, 13): 0.4321, 3.0100, 10.0156
(26, 14): 0.4366, 3.0100, 10.1551
(26, 15): 0.4236, 3.0100, 10.5795
(26, 16): 0.4276, 3.0100, 10.1199
(26, 17): 0.4250, 3.0100, 10.5150
(26, 18): 0.4776, 3.0100, 9.7585
(26, 19): 0.4326, 3.0100, 9.9499
(26, 20): 0.4637, 3.0100, 9.5420
(26, 21): 0.5258, 3.0100, 9.1345
(26, 22): 0.5038, 3.0100, 7.6297
(27, 2): 0.3852, 3.0100, 5.2163
(27, 3): 0.4626, 3.0100, 9.5529
(27, 4): 0.4668, 3.0100, 9.7790
(27, 5): 0.4682, 3.0100, 10.2092
(27, 6): 0.4102, 3.0200, 8.9473
(27, 7): 0.2405, 3.0100, 5.3472
(27, 8): 0.3919, 3.0100, 9.3579
(27, 9): 0.3908, 3.0100, 9.0717
(27, 10): 0.4418, 3.0100, 8.6047
(27, 11): 0.4579, 3.0100, 8.3907
(27, 12): 0.3779, 3.0100, 5.8879
(27, 13): 0.4185, 3.0100, 8.6399
(27, 14): 0.3642, 3.0100, 7.6831
(27, 15): 0.4531, 3.0100, 9.7276
(27, 16): 0.4356, 3.0100, 10.4918
(27, 17): 0.4197, 3.0100, 10.3161
(27, 18): 0.4687, 3.0100, 9.7109
(27, 19): 0.4666, 3.0100, 9.8204
(27, 20): 0.5251, 3.0100, 8.9096
(27, 21): 0.5345, 3.0100, 9.4218
(27, 22): 0.4916, 3.0100, 8.2439
(28, 2): 0.1604, 3.0100, 2.2773
(28, 3): 0.3795, 3.0200, 5.9493
(28, 4): 0.3669, 3.0100, 6.4109
(28, 5): 0.4754, 3.0100, 8.5527
(28, 6): 0.3054, 3.0100, 6.4806
(28, 7): 0.2951, 3.0100, 6.8181
(28, 8): 0.3897, 3.0100, 8.3768
(28, 9): 0.4410, 3.0100, 6.7130
(28, 14): 0.3650, 3.0100, 3.1700
(28, 15): 0.4813, 3.0100, 9.1635
(28, 16): 0.4479, 3.0000, 9.9984
(28, 17): 0.4991, 3.0100, 9.6271
(28, 18): 0.4811, 3.0100, 9.7619
(28, 19): 0.4920, 3.0100, 9.3472
(28, 20): 0.5408, 3.0100, 8.8328
(28, 21): 0.5115, 3.0200, 9.7449
(28, 22): 0.3441, 3.0400, 6.2996
(29, 2): 0.4954, 3.0100, 9.6204
(29, 3): 0.5171, 3.0100, 10.2089
(29, 4): 0.5228, 3.0100, 8.7330
(29, 5): 0.5250, 3.0100, 7.4884
(29, 6): 0.4979, 3.0100, 10.0661
(29, 7): 0.4747, 3.0100, 8.4994
(29, 8): 0.2275, 3.0300, 1.9978
(29, 15): 0.3076, 3.0100, 3.1784
(29, 16): 0.4059, 3.0100, 5.2507
(29, 17): 0.2472, 3.0100, 1.9655
(29, 18): 0.4471, 3.0100, 8.4199
(29, 19): 0.4803, 3.0100, 9.7071
(29, 20): 0.5440, 3.0100, 9.1667
(29, 21): 0.5490, 3.0100, 9.1122
(29, 22): 0.3804, 3.0100, 3.5767
(30, 2): 0.5045, 3.0200, 6.3911
(30, 3): 0.3722, 3.0100, 4.2913
(30, 4): 0.3097, 3.0100, 4.3489
(30, 5): 0.5278, 3.0100, 8.9151
(30, 6): 0.4856, 3.0200, 8.2353
(30, 7): 0.3093, 3.0100, 3.9459
(30, 19): 0.3153, 3.0100, 3.9733
(30, 20): 0.5002, 3.0100, 8.4361
(30, 21): 0.5072, 3.0100, 9.3533
(30, 22): 0.3225, 3.0100, 4.7252
(31, 19): 0.2312, 3.0100, 3.0856
(31, 20): 0.4925, 3.0100, 8.9647
(31, 21): 0.3389, 3.0100, 3.8696
(32, 19): 0.2238, 3.0100, 4.0651
(32, 20): 0.4474, 3.0100, 10.3878
(32, 21): 0.4018, 3.0100, 8.0904
(32, 22): 0.3289, 3.0100, 2.9255
(33, 19): 0.4412, 3.0100, 7.2757
(33, 20): 0.5128, 3.0200, 10.1333
(33, 21): 0.5751, 3.0100, 9.0509
(33, 22): 0.3292, 3.0100, 6.3091
(34, 19): 0.4225, 3.0100, 6.5942
(34, 20): 0.4888, 3.0100, 10.4818
(34, 21): 0.5078, 3.0100, 9.6721
(34, 22): 0.3037, 3.0200, 3.0527
