(1, 1): 0.7343, 0.0200, 0.1842, 0.0101
(1, 2): 0.7343, 0.0200, 0.1842, 0.0101
(1, 3): 0.7343, 0.0200, 0.1842, 0.0101
(1, 4): 0.7343, 0.0200, 0.1842, 0.0101
(1, 5): 0.7343, 0.0200, 0.1842, 0.0101
(1, 6): 1.0892, 0.0200, 0.4743, 0.0067
(1, 7): 1.0892, 0.0200, 0.4743, 0.0067
(1, 8): 1.0142, 0.0200, 0.3348, 0.0066
(1, 9): 1.0142, 0.0200, 0.3348, 0.0066
(1, 10): 1.0142, 0.0200, 0.3348, 0.0066
(1, 11): 1.0142, 0.0200, 0.3348, 0.0066
(1, 12): 1.0142, 0.0200, 0.3348, 0.0066
(1, 13): 1.0142, 0.0200, 0.3348, 0.0066
(1, 14): 1.0978, 0.0200, 0.3742, 0.0087
(1, 15): 1.0978, 0.0200, 0.3742, 0.0087
(1, 16): 1.0978, 0.0200, 0.3742, 0.0087
(1, 17): 1.0647, 0.0200, 0.3918, 0.0083
(1, 18): 0.9396, 0.0200, 0.2454, 0.0106
(1, 19): 0.9146, 0.0200, 0.2429, 0.0049
(1, 20): 0.9146, 0.0200, 0.2429, 0.0049
(1, 21): 0.7379, 0.0200, 0.2737, 0.0068
(1, 22): 0.7379, 0.0200, 0.2737, 0.0068
(1, 23): 1.4147, 0.0200, 0.8513, 0.0057
(1, 24): 1.3290, 0.0200, 0.7956, 0.0049
(1, 25): 1.3290, 0.0200, 0.7956, 0.0049
(1, 26): 1.3290, 0.0200, 0.7956, 0.0049
(1, 27): 0.8352, 0.0200, 0.3037, 0.0053
(2, 1): 0.7343, 0.0200, 0.1842, 0.0101
(2, 2): 0.7343, 0.0200, 0.1842, 0.0101
(2, 3): 0.7343, 0.0200, 0.1842, 0.0101
(2, 4): 0.7343, 0.0200, 0.1842, 0.0101
(2, 5): 0.7343, 0.0200, 0.1842, 0.0101
(2, 6): 0.7343, 0.0200, 0.1842, 0.0101
(2, 7): 1.0892, 0.0200, 0.4743, 0.0067
(2, 8): 1.0892, 0.0200, 0.4743, 0.0067
(2, 9): 1.0142, 0.0200, 0.3348, 0.0066
(2, 10): 1.0142, 0.0200, 0.3348, 0.0066
(2, 11): 1.0142, 0.0200, 0.3348, 0.0066
(2, 12): 1.0142, 0.0200, 0.3348, 0.0066
(2, 13): 1.0142, 0.0200, 0.3348, 0.0066
(2, 14): 1.2837, 0.0200, 0.4782, 0.0083
(2, 15): 1.0978, 0.0200, 0.3742, 0.0087
(2, 16): 1.0978, 0.0200, 0.3742, 0.0087
(2, 17): 1.0647, 0.0200, 0.3918, 0.0083
(2, 18): 0.9396, 0.0200, 0.2454, 0.0106
(2, 19): 1.0132, 0.0200, 0.4049, 0.0049
(2, 20): 0.9146, 0.0200, 0.2429, 0.0049
(2, 21): 0.7379, 0.0200, 0.2737, 0.0068
(2, 22): 1.1304, 0.0200, 0.7812, 0.0045
(2, 23): 1.4147, 0.0200, 0.8513, 0.0057
(2, 24): 1.3290, 0.0200, 0.7956, 0.0049
(2, 25): 1.3290, 0.0200, 0.7956, 0.0049
(2, 26): 0.8352, 0.0200, 0.3037, 0.0053
(2, 27): 0.8352, 0.0200, 0.3037, 0.0053
(3, 1): 0.7343, 0.0200, 0.1842, 0.0101
(3, 2): 0.7343, 0.0200, 0.1842, 0.0101
(3, 3): 0.7343, 0.0200, 0.1842, 0.0101
(3, 4): 0.7343, 0.0200, 0.1842, 0.0101
(3, 5): 0.7343, 0.0200, 0.1842, 0.0101
(3, 6): 0.7343, 0.0200, 0.1842, 0.0101
(3, 7): 0.7343, 0.0200, 0.1842, 0.0101
(3, 8): 1.0892, 0.0200, 0.4743, 0.0067
(3, 9): 1.0892, 0.0200, 0.4743, 0.0067
(3, 10): 1.0142, 0.0200, 0.3348, 0.0066
(3, 11): 1.0142, 0.0200, 0.3348, 0.0066
(3, 12): 1.0142, 0.0200, 0.3348, 0.0066
(3, 13): 1.0142, 0.0200, 0.3348, 0.0066
(3, 14): 1.2837, 0.0200, 0.4782, 0.0083
(3, 15): 1.0317, 0.0200, 0.2945, 0.0106
(3, 16): 1.0978, 0.0200, 0.3742, 0.0087
(3, 17): 1.0647, 0.0200, 0.3918, 0.0083
(3, 18): 0.9396, 0.0200, 0.2454, 0.0106
(3, 19): 1.0132, 0.0200, 0.4049, 0.0049
(3, 20): 0.9740, 0.0200, 0.2263, 0.0081
(3, 21): 0.9401, 0.0200, 0.3620, 0.0067
(3, 22): 1.1304, 0.0200, 0.7812, 0.0045
(3, 23): 1.4147, 0.0200, 0.8513, 0.0057
(3, 24): 1.3290, 0.0200, 0.7956, 0.0049
(3, 25): 1.1931, 0.0200, 0.7882, 0.0043
(3, 26): 0.8352, 0.0200, 0.3037, 0.0053
(3, 27): 0.8352, 0.0200, 0.3037, 0.0053
(4, 1): 0.7343, 0.0200, 0.1842, 0.0101
(4, 2): 0.7343, 0.0200, 0.1842, 0.0101
(4, 3): 0.7343, 0.0200, 0.1842, 0.0101
(4, 4): 0.7343, 0.0200, 0.1842, 0.0101
(4, 5): 0.7343, 0.0200, 0.1842, 0.0101
(4, 6): 0.7343, 0.0200, 0.1842, 0.0101
(4, 7): 0.7343, 0.0200, 0.1842, 0.0101
(4, 8): 0.7343, 0.0200, 0.1842, 0.0101
(4, 9): 1.0892, 0.0200, 0.4743, 0.0067
(4, 10): 1.0892, 0.0200, 0.4743, 0.0067
(4, 11): 1.0142, 0.0200, 0.3348, 0.0066
(4, 12): 1.0142, 0.0200, 0.3348, 0.0066
(4, 13): 1.0142, 0.0200, 0.3348, 0.0066
(4, 14): 1.2837, 0.0200, 0.4782, 0.0083
(4, 15): 1.0317, 0.0200, 0.2945, 0.0106
(4, 16): 1.0277, 0.0200, 0.3316, 0.0084
(4, 17): 1.0246, 0.0200, 0.3468, 0.0072
(4, 18): 1.2769, 0.0200, 0.7264, 0.0057
(4, 19): 1.2805, 0.0200, 0.9109, 0.0073
(4, 20): 1.2938, 0.0200, 1.0884, 0.0056
(4, 21): 1.3214, 0.0200, 1.0448, 0.0052
(4, 22): 1.3179, 0.0200, 1.0369, 0.0040
(4, 23): 1.2956, 0.0200, 1.1329, 0.0040
(4, 24): 1.2759, 0.0200, 1.0532, 0.0048
(4, 25): 1.1931, 0.0200, 0.7882, 0.0043
(4, 26): 0.8352, 0.0200, 0.3037, 0.0053
(4, 27): 1.0121, 0.0200, 0.4245, 0.0065
(5, 1): 0.7343, 0.0200, 0.1842, 0.0101
(5, 2): 0.7343, 0.0200, 0.1842, 0.0101
(5, 3): 0.7343, 0.0200, 0.1842, 0.0101
(5, 4): 0.7343, 0.0200, 0.1842, 0.0101
(5, 5): 0.7343, 0.0200, 0.1842, 0.0101
(5, 6): 0.7343, 0.0200, 0.1842, 0.0101
(5, 7): 0.7343, 0.0200, 0.1842, 0.0101
(5, 8): 0.7343, 0.0200, 0.1842, 0.0101
(5, 9): 0.7343, 0.0200, 0.1842, 0.0101
(5, 10): 1.0892, 0.0200, 0.4743, 0.0067
(5, 11): 1.0892, 0.0200, 0.4743, 0.0067
(5, 12): 1.0700, 0.0200, 0.4091, 0.0064
(5, 13): 1.0700, 0.0200, 0.4091, 0.0064
(5, 14): 1.0700, 0.0200, 0.4091, 0.0064
(5, 15): 1.6761, 0.0200, 0.3382, 0.0166
(5, 16): 1.2350, 0.0200, 0.5738, 0.0088
(5, 17): 1.4828, 0.0200, 0.7636, 0.0080
(5, 18): 1.3911, 0.0200, 0.9498, 0.0063
(5, 19): 1.3656, 0.0200, 1.0454, 0.0060
(5, 20): 1.3135, 0.0200, 1.0974, 0.0060
(5, 21): 1.2659, 0.0200, 1.1538, 0.0056
(5, 22): 1.2296, 0.0200, 1.2060, 0.0040
(5, 23): 1.2800, 0.0200, 1.1271, 0.0052
(5, 24): 1.3676, 0.0200, 0.9438, 0.0048
(5, 25): 1.4174, 0.0200, 0.9077, 0.0053
(5, 26): 1.3379, 0.0200, 0.9617, 0.0045
(5, 27): 1.0121, 0.0200, 0.4245, 0.0065
(6, 1): 0.7343, 0.0200, 0.1842, 0.0101
(6, 2): 0.7343, 0.0200, 0.1842, 0.0101
(6, 3): 0.7343, 0.0200, 0.1842, 0.0101
(6, 4): 0.7343, 0.0200, 0.1842, 0.0101
(6, 5): 0.7343, 0.0200, 0.1842, 0.0101
(6, 6): 0.7343, 0.0200, 0.1842, 0.0101
(6, 7): 0.7343, 0.0200, 0.1842, 0.0101
(6, 8): 0.7343, 0.0200, 0.1842, 0.0101
(6, 9): 0.7343, 0.0200, 0.1842, 0.0101
(6, 10): 0.7343, 0.0200, 0.1842, 0.0101
(6, 11): 1.0892, 0.0200, 0.4743, 0.0067
(6, 12): 0.9218, 0.0200, 0.2628, 0.0076
(6, 13): 1.0700, 0.0200, 0.4091, 0.0064
(6, 14): 1.6761, 0.0200, 0.3382, 0.0166
(6, 15): 1.6761, 0.0200, 0.3382, 0.0166
(6, 16): 1.7612, 0.0200, 0.4918, 0.0128
(6, 17): 1.4951, 0.0200, 0.7900, 0.0088
(6, 18): 1.3653, 0.0200, 0.9855, 0.0060
(6, 19): 1.3223, 0.0200, 1.0910, 0.0051
(6, 20): 1.2473, 0.0200, 1.2136, 0.0047
(6, 21): 1.2242, 0.0200, 1.2762, 0.0051
(6, 22): 1.3938, 0.0200, 1.1294, 0.0063
(6, 23): 1.3449, 0.0200, 1.0278, 0.0041
(6, 24): 1.2739, 0.0200, 1.0946, 0.0053
(6, 25): 1.2861, 0.0200, 1.1916, 0.0056
(6, 26): 1.2781, 0.0200, 1.1901, 0.0052
(6, 27): 1.0615, 0.0200, 0.4894, 0.0068
(7, 1): 0.7343, 0.0200, 0.1842, 0.0101
(7, 2): 0.7343, 0.0200, 0.1842, 0.0101
(7, 3): 0.7343, 0.0200, 0.1842, 0.0101
(7, 4): 0.7343, 0.0200, 0.1842, 0.0101
(7, 5): 0.7343, 0.0200, 0.1842, 0.0101
(7, 6): 0.7343, 0.0200, 0.1842, 0.0101
(7, 7): 0.7343, 0.0200, 0.1842, 0.0101
(7, 8): 0.7343, 0.0200, 0.1842, 0.0101
(7, 9): 0.7343, 0.0200, 0.1842, 0.0101
(7, 10): 0.7343, 0.0200, 0.1842, 0.0101
(7, 11): 1.1368, 0.0200, 0.4447, 0.0062
(7, 12): 1.1368, 0.0200, 0.4447, 0.0062
(7, 13): 0.9218, 0.0200, 0.2628, 0.0076
(7, 14): 2.2416, 0.0200, 0.1250, 0.0297
(7, 15): 2.2416, 0.0200, 0.1250, 0.0297
(7, 16): 1.9686, 0.0200, 0.2887, 0.0176
(7, 17): 1.3648, 0.0200, 0.9440, 0.0065
(7, 18): 1.3092, 0.0200, 1.0761, 0.0056
(7, 19): 1.3207, 0.0200, 1.0848, 0.0065
(7, 20): 1.3029, 0.0200, 1.1391, 0.0057
(7, 21): 1.4057, 0.0200, 1.1131, 0.0052
(7, 22): 1.3025, 0.0200, 1.2140, 0.0049
(7, 23): 1.2338, 0.0200, 1.2691, 0.0042
(7, 24): 1.3018, 0.0200, 1.1756, 0.0041
(7, 25): 1.2330, 0.0200, 1.2847, 0.0051
(7, 26): 1.1752, 0.0200, 1.3435, 0.0038
(7, 27): 1.1797, 0.0200, 0.8252, 0.0048
(8, 1): 1.1034, 0.0200, 0.7294, 0.0057
(8, 2): 1.1034, 0.0200, 0.7294, 0.0057
(8, 3): 1.1034, 0.0200, 0.7294, 0.0057
(8, 4): 1.1034, 0.0200, 0.7294, 0.0057
(8, 5): 1.1034, 0.0200, 0.7294, 0.0057
(8, 6): 1.1034, 0.0200, 0.7294, 0.0057
(8, 7): 1.1034, 0.0200, 0.7294, 0.0057
(8, 8): 1.1034, 0.0200, 0.7294, 0.0057
(8, 9): 1.1034, 0.0200, 0.7294, 0.0057
(8, 10): 1.1034, 0.0200, 0.7294, 0.0057
(8, 11): 1.1441, 0.0200, 0.6435, 0.0048
(8, 12): 1.1441, 0.0200, 0.6435, 0.0048
(8, 13): 1.0888, 0.0200, 0.3695, 0.0077
(8, 14): 1.0888, 0.0200, 0.3695, 0.0077
(8, 15): 1.9158, 0.0200, 0.0929, 0.0293
(8, 16): 2.1810, 0.0200, 0.2725, 0.0162
(8, 17): 1.4300, 0.0200, 0.8734, 0.0077
(8, 18): 1.3581, 0.0200, 1.0347, 0.0053
(8, 19): 1.2931, 0.0200, 1.1459, 0.0048
(8, 20): 1.2976, 0.0200, 1.1942, 0.0049
(8, 21): 1.2561, 0.0200, 1.2833, 0.0047
(8, 22): 1.2941, 0.0200, 1.2514, 0.0051
(8, 23): 1.2564, 0.0200, 1.2974, 0.0048
(8, 24): 1.2708, 0.0200, 1.2805, 0.0045
(8, 25): 1.2645, 0.0200, 1.3353, 0.0037
(8, 26): 1.2243, 0.0200, 1.3024, 0.0045
(8, 27): 1.1916, 0.0200, 0.7942, 0.0049
(9, 1): 1.1243, 0.0200, 0.7253, 0.0044
(9, 2): 1.1243, 0.0200, 0.7253, 0.0044
(9, 3): 1.1243, 0.0200, 0.7253, 0.0044
(9, 4): 1.1243, 0.0200, 0.7253, 0.0044
(9, 5): 1.1243, 0.0200, 0.7253, 0.0044
(9, 6): 1.1243, 0.0200, 0.7253, 0.0044
(9, 7): 1.1243, 0.0200, 0.7253, 0.0044
(9, 8): 1.1243, 0.0200, 0.7253, 0.0044
(9, 9): 1.1243, 0.0200, 0.7253, 0.0044
(9, 10): 1.1243, 0.0200, 0.7253, 0.0044
(9, 11): 0.7599, 0.0200, 0.1826, 0.0097
(9, 12): 1.1708, 0.0200, 0.7403, 0.0055
(9, 13): 1.0888, 0.0200, 0.3695, 0.0077
(9, 14): 1.0888, 0.0200, 0.3695, 0.0077
(9, 15): 2.2851, 0.0200, 0.0689, 0.0282
(9, 16): 2.3118, 0.0200, 0.2546, 0.0149
(9, 17): 1.4529, 0.0200, 0.8500, 0.0075
(9, 18): 1.3768, 0.0200, 1.0076, 0.0074
(9, 19): 1.2513, 0.0200, 1.2481, 0.0052
(9, 20): 1.2169, 0.0200, 1.3588, 0.0059
(9, 21): 1.2917, 0.0200, 1.2624, 0.0047
(9, 22): 1.4092, 0.0200, 1.0386, 0.0061
(9, 23): 1.2527, 0.0200, 1.3622, 0.0052
(9, 24): 1.2353, 0.0200, 1.3812, 0.0047
(9, 25): 1.2044, 0.0200, 1.4318, 0.0040
(9, 26): 1.2282, 0.0200, 1.2723, 0.0035
(9, 27): 0.8773, 0.0200, 0.4299, 0.0046
(10, 1): 1.1634, 0.0200, 0.7216, 0.0066
(10, 2): 1.1634, 0.0200, 0.7216, 0.0066
(10, 3): 1.1634, 0.0200, 0.7216, 0.0066
(10, 4): 1.1634, 0.0200, 0.7216, 0.0066
(10, 5): 1.1634, 0.0200, 0.7216, 0.0066
(10, 6): 1.1634, 0.0200, 0.7216, 0.0066
(10, 7): 1.1634, 0.0200, 0.7216, 0.0066
(10, 8): 1.1634, 0.0200, 0.7216, 0.0066
(10, 9): 1.1634, 0.0200, 0.7216, 0.0066
(10, 10): 1.1634, 0.0200, 0.7216, 0.0066
(10, 11): 0.9681, 0.0200, 0.3589, 0.0074
(10, 12): 1.1708, 0.0200, 0.7403, 0.0055
(10, 13): 0.9818, 0.0200, 0.4778, 0.0069
(10, 14): 0.7871, 0.0200, 0.1693, 0.0116
(10, 15): 1.9609, 0.0200, 0.2645, 0.0151
(10, 16): 2.0139, 0.0200, 0.3255, 0.0143
(10, 17): 1.4218, 0.0200, 0.8927, 0.0077
(10, 18): 1.2325, 0.0200, 1.2634, 0.0052
(10, 19): 1.2257, 0.0200, 1.2853, 0.0049
(10, 20): 1.1888, 0.0200, 1.3660, 0.0054
(10, 21): 1.2669, 0.0200, 1.2994, 0.0054
(10, 22): 1.2448, 0.0200, 1.3765, 0.0055
(10, 23): 1.3120, 0.0200, 1.2797, 0.0053
(10, 24): 1.2653, 0.0200, 1.3459, 0.0040
(10, 25): 1.2328, 0.0200, 1.3801, 0.0046
(10, 26): 1.1897, 0.0200, 1.3459, 0.0039
(10, 27): 1.1897, 0.0200, 1.3459, 0.0039
(11, 1): 1.0933, 0.0200, 0.3416, 0.0103
(11, 2): 1.2807, 0.0200, 0.8554, 0.0063
(11, 3): 1.2807, 0.0200, 0.8554, 0.0063
(11, 4): 1.2807, 0.0200, 0.8554, 0.0063
(11, 5): 1.2807, 0.0200, 0.8554, 0.0063
(11, 6): 1.2807, 0.0200, 0.8554, 0.0063
(11, 7): 1.2807, 0.0200, 0.8554, 0.0063
(11, 8): 1.2807, 0.0200, 0.8554, 0.0063
(11, 9): 1.2807, 0.0200, 0.8554, 0.0063
(11, 10): 1.2807, 0.0200, 0.8554, 0.0063
(11, 11): 1.3177, 0.0200, 1.0550, 0.0048
(11, 12): 1.3211, 0.0200, 1.0470, 0.0058
(11, 13): 0.9818, 0.0200, 0.4778, 0.0069
(11, 14): 0.9818, 0.0200, 0.4778, 0.0069
(11, 15): 1.9609, 0.0200, 0.2645, 0.0151
(11, 16): 0.8732, 0.0200, 0.2985, 0.0086
(11, 17): 1.3143, 0.0200, 1.0886, 0.0057
(11, 18): 1.2455, 0.0200, 1.2117, 0.0056
(11, 19): 1.2507, 0.0200, 1.2231, 0.0051
(11, 20): 1.2195, 0.0200, 1.2798, 0.0052
(11, 21): 1.2677, 0.0200, 1.2996, 0.0051
(11, 22): 1.2960, 0.0200, 1.2580, 0.0049
(11, 23): 1.2479, 0.0200, 1.3466, 0.0057
(11, 24): 1.2988, 0.0200, 1.3546, 0.0040
(11, 25): 1.1845, 0.0200, 1.4527, 0.0047
(11, 26): 1.2295, 0.0200, 1.2763, 0.0049
(11, 27): 1.2295, 0.0200, 1.2763, 0.0049
(12, 1): 1.0933, 0.0200, 0.3416, 0.0103
(12, 2): 1.0933, 0.0200, 0.3416, 0.0103
(12, 3): 1.0933, 0.0200, 0.3416, 0.0103
(12, 4): 1.0933, 0.0200, 0.3416, 0.0103
(12, 5): 1.3347, 0.0200, 1.0075, 0.0048
(12, 6): 1.3347, 0.0200, 1.0075, 0.0048
(12, 7): 1.3347, 0.0200, 1.0075, 0.0048
(12, 8): 1.3347, 0.0200, 1.0075, 0.0048
(12, 9): 1.3347, 0.0200, 1.0075, 0.0048
(12, 10): 1.3347, 0.0200, 1.0075, 0.0048
(12, 11): 1.3902, 0.0200, 0.9881, 0.0052
(12, 12): 1.5166, 0.0200, 0.8014, 0.0064
(12, 13): 1.3248, 0.0200, 0.8646, 0.0058
(12, 14): 1.1317, 0.0200, 0.6826, 0.0060
(12, 15): 1.1317, 0.0200, 0.6826, 0.0060
(12, 16): 1.2135, 0.0200, 0.3221, 0.0120
(12, 17): 1.5396, 0.0200, 0.9239, 0.0086
(12, 18): 1.2731, 0.0200, 1.2230, 0.0053
(12, 19): 1.3271, 0.0200, 1.1321, 0.0057
(12, 20): 1.3492, 0.0200, 1.1257, 0.0053
(12, 21): 1.3156, 0.0200, 1.2069, 0.0053
(12, 22): 1.2402, 0.0200, 1.4155, 0.0047
(12, 23): 1.1837, 0.0200, 1.4529, 0.0052
(12, 24): 1.1616, 0.0200, 1.2881, 0.0045
(12, 25): 0.9105, 0.0200, 0.5688, 0.0057
(12, 26): 0.8617, 0.0200, 0.5684, 0.0047
(12, 27): 0.8617, 0.0200, 0.5684, 0.0047
(13, 1): 1.0933, 0.0200, 0.3416, 0.0103
(13, 2): 1.0933, 0.0200, 0.3416, 0.0103
(13, 3): 1.0933, 0.0200, 0.3416, 0.0103
(13, 4): 1.0933, 0.0200, 0.3416, 0.0103
(13, 5): 1.0933, 0.0200, 0.3416, 0.0103
(13, 6): 1.0933, 0.0200, 0.3416, 0.0103
(13, 7): 1.0933, 0.0200, 0.3416, 0.0103
(13, 8): 1.3278, 0.0200, 1.1151, 0.0049
(13, 9): 1.3278, 0.0200, 1.1151, 0.0049
(13, 10): 1.3278, 0.0200, 1.1151, 0.0049
(13, 11): 1.3545, 0.0200, 1.1244, 0.0064
(13, 12): 1.3090, 0.0200, 1.1357, 0.0043
(13, 13): 1.2527, 0.0200, 0.9801, 0.0053
(13, 14): 0.8815, 0.0200, 0.3212, 0.0056
(13, 15): 0.8815, 0.0200, 0.3212, 0.0056
(13, 16): 1.0451, 0.0200, 0.2236, 0.0136
(13, 17): 1.5509, 0.0200, 0.5905, 0.0112
(13, 18): 1.1528, 0.0200, 1.2622, 0.0054
(13, 19): 1.3340, 0.0200, 1.1683, 0.0062
(13, 20): 1.2895, 0.0200, 1.2748, 0.0055
(13, 21): 1.2757, 0.0200, 1.3163, 0.0050
(13, 22): 1.2656, 0.0200, 1.3152, 0.0042
(13, 23): 1.2284, 0.0200, 1.3445, 0.0041
(13, 24): 1.1100, 0.0200, 1.3383, 0.0040
(13, 25): 0.6784, 0.0200, 0.2045, 0.0109
(13, 26): 0.6784, 0.0200, 0.2045, 0.0109
(13, 27): 0.6972, 0.0200, 0.2087, 0.0102
(14, 1): 1.0933, 0.0200, 0.3416, 0.0103
(14, 2): 1.0933, 0.0200, 0.3416, 0.0103
(14, 3): 1.0933, 0.0200, 0.3416, 0.0103
(14, 4): 1.0933, 0.0200, 0.3416, 0.0103
(14, 5): 1.0933, 0.0200, 0.3416, 0.0103
(14, 6): 1.0933, 0.0200, 0.3416, 0.0103
(14, 7): 1.0933, 0.0200, 0.3416, 0.0103
(14, 8): 1.0933, 0.0200, 0.3416, 0.0103
(14, 9): 1.3767, 0.0200, 1.1011, 0.0044
(14, 10): 1.3767, 0.0200, 1.1011, 0.0044
(14, 11): 1.4691, 0.0200, 1.0008, 0.0075
(14, 12): 1.5312, 0.0200, 0.8457, 0.0066
(14, 13): 0.8493, 0.0200, 0.1819, 0.0128
(14, 14): 0.8815, 0.0200, 0.3212, 0.0056
(14, 15): 0.7355, 0.0200, 0.2102, 0.0132
(14, 16): 1.9076, 0.0200, 0.3277, 0.0166
(14, 17): 1.8124, 0.0200, 0.5690, 0.0126
(14, 18): 1.4302, 0.0200, 1.0617, 0.0069
(14, 19): 1.3404, 0.0200, 1.2150, 0.0055
(14, 20): 1.4175, 0.0200, 1.1286, 0.0056
(14, 21): 1.2632, 0.0200, 1.3171, 0.0046
(14, 22): 1.2651, 0.0200, 1.2982, 0.0048
(14, 23): 1.1742, 0.0200, 1.4713, 0.0040
(14, 24): 1.1808, 0.0200, 1.3417, 0.0042
(14, 25): 0.9981, 0.0200, 0.9975, 0.0044
(14, 26): 1.0590, 0.0200, 0.9775, 0.0037
(14, 27): 0.6972, 0.0200, 0.2087, 0.0102
(15, 1): 0.7131, 0.0200, 0.2334, 0.0111
(15, 2): 0.7131, 0.0200, 0.2334, 0.0111
(15, 3): 0.7131, 0.0200, 0.2334, 0.0111
(15, 4): 1.0933, 0.0200, 0.3416, 0.0103
(15, 5): 1.0933, 0.0200, 0.3416, 0.0103
(15, 6): 1.0933, 0.0200, 0.3416, 0.0103
(15, 7): 1.0933, 0.0200, 0.3416, 0.0103
(15, 8): 1.0933, 0.0200, 0.3416, 0.0103
(15, 9): 1.0933, 0.0200, 0.3416, 0.0103
(15, 10): 2.1970, 0.0200, 0.2858, 0.0170
(15, 11): 2.1175, 0.0200, 0.3983, 0.0166
(15, 12): 2.2224, 0.0200, 0.2389, 0.0140
(15, 13): 1.4667, 0.0200, 0.3190, 0.0113
(15, 14): 0.7991, 0.0200, 0.1966, 0.0115
(15, 15): 1.4231, 0.0200, 0.8416, 0.0069
(15, 16): 1.7034, 0.0200, 0.6754, 0.0111
(15, 17): 1.9855, 0.0200, 0.3947, 0.0146
(15, 18): 1.6426, 0.0200, 0.6933, 0.0099
(15, 19): 1.3641, 0.0200, 1.1699, 0.0057
(15, 20): 1.3441, 0.0200, 1.2453, 0.0055
(15, 21): 1.2624, 0.0200, 1.3228, 0.0050
(15, 22): 1.2413, 0.0200, 1.3370, 0.0044
(15, 23): 1.2846, 0.0200, 1.2977, 0.0037
(15, 24): 1.2810, 0.0200, 1.3142, 0.0036
(15, 25): 1.2058, 0.0200, 1.5054, 0.0038
(15, 26): 1.2239, 0.0200, 1.4294, 0.0037
(15, 27): 1.1143, 0.0200, 1.0184, 0.0038
(16, 1): 0.9449, 0.0200, 0.4474, 0.0054
(16, 2): 0.7131, 0.0200, 0.2334, 0.0111
(16, 3): 0.7131, 0.0200, 0.2334, 0.0111
(16, 4): 0.7131, 0.0200, 0.2334, 0.0111
(16, 5): 0.7131, 0.0200, 0.2334, 0.0111
(16, 6): 0.7131, 0.0200, 0.2334, 0.0111
(16, 7): 1.0874, 0.0200, 0.5580, 0.0082
(16, 8): 1.0874, 0.0200, 0.5580, 0.0082
(16, 9): 1.0874, 0.0200, 0.5580, 0.0082
(16, 10): 2.5701, 0.0200, 0.1601, 0.0211
(16, 11): 2.5659, 0.0200, 0.1298, 0.0262
(16, 12): 1.4080, 0.0200, 1.0726, 0.0055
(16, 13): 1.0796, 0.0200, 0.5581, 0.0065
(16, 14): 1.4795, 0.0200, 0.9059, 0.0056
(16, 15): 1.5969, 0.0200, 0.7647, 0.0081
(16, 16): 1.5831, 0.0200, 0.6713, 0.0105
(16, 17): 1.4214, 0.0200, 0.8731, 0.0081
(16, 18): 1.3624, 0.0200, 1.1933, 0.0053
(16, 19): 1.2782, 0.0200, 1.3349, 0.0056
(16, 20): 1.3026, 0.0200, 1.2761, 0.0050
(16, 21): 1.2536, 0.0200, 1.3162, 0.0048
(16, 22): 1.2364, 0.0200, 1.4073, 0.0043
(16, 23): 1.2445, 0.0200, 1.4106, 0.0043
(16, 24): 1.2114, 0.0200, 1.5131, 0.0040
(16, 25): 1.2526, 0.0200, 1.4109, 0.0035
(16, 26): 1.2622, 0.0200, 1.3864, 0.0040
(16, 27): 1.0864, 0.0200, 0.9820, 0.0042
(17, 1): 0.9449, 0.0200, 0.4474, 0.0054
(17, 2): 0.9449, 0.0200, 0.4474, 0.0054
(17, 3): 0.9530, 0.0200, 0.4596, 0.0057
(17, 4): 0.7131, 0.0200, 0.2334, 0.0111
(17, 5): 0.7131, 0.0200, 0.2334, 0.0111
(17, 6): 0.7131, 0.0200, 0.2334, 0.0111
(17, 7): 0.7131, 0.0200, 0.2334, 0.0111
(17, 8): 1.4353, 0.0200, 0.7278, 0.0075
(17, 9): 1.4353, 0.0200, 0.7278, 0.0075
(17, 10): 1.9350, 0.0200, 0.4864, 0.0094
(17, 11): 1.4619, 0.0200, 1.0315, 0.0071
(17, 12): 1.8385, 0.0200, 0.5343, 0.0109
(17, 13): 1.2589, 0.0200, 1.1532, 0.0059
(17, 14): 1.2541, 0.0200, 1.0659, 0.0059
(17, 15): 1.4176, 0.0200, 0.9434, 0.0059
(17, 16): 1.2813, 0.0200, 1.1473, 0.0047
(17, 17): 1.2237, 0.0200, 1.4579, 0.0052
(17, 18): 1.3424, 0.0200, 1.2558, 0.0073
(17, 19): 1.4100, 0.0200, 1.1200, 0.0072
(17, 20): 1.3118, 0.0200, 1.3155, 0.0053
(17, 21): 1.2967, 0.0200, 1.3054, 0.0053
(17, 22): 1.3378, 0.0200, 1.3042, 0.0042
(17, 23): 1.3482, 0.0200, 1.2253, 0.0046
(17, 24): 1.2021, 0.0200, 1.5054, 0.0043
(17, 25): 1.2684, 0.0200, 1.3903, 0.0036
(17, 26): 1.2653, 0.0200, 1.1663, 0.0043
(17, 27): 1.2653, 0.0200, 1.1663, 0.0043
(18, 1): 0.9449, 0.0200, 0.4474, 0.0054
(18, 2): 0.9449, 0.0200, 0.4474, 0.0054
(18, 3): 0.9449, 0.0200, 0.4474, 0.0054
(18, 4): 0.9530, 0.0200, 0.4596, 0.0057
(18, 5): 0.9530, 0.0200, 0.4596, 0.0057
(18, 6): 0.7131, 0.0200, 0.2334, 0.0111
(18, 7): 0.7131, 0.0200, 0.2334, 0.0111
(18, 8): 0.7131, 0.0200, 0.2334, 0.0111
(18, 9): 1.7139, 0.0200, 0.6957, 0.0087
(18, 10): 1.6010, 0.0200, 0.8003, 0.0087
(18, 11): 1.4969, 0.0200, 0.9802, 0.0070
(18, 12): 1.3332, 0.0200, 1.2235, 0.0046
(18, 13): 1.3037, 0.0200, 1.3234, 0.0056
(18, 14): 1.3637, 0.0200, 1.3864, 0.0054
(18, 15): 1.2716, 0.0200, 1.4045, 0.0053
(18, 16): 1.2461, 0.0200, 1.4190, 0.0041
(18, 17): 1.2108, 0.0200, 1.4541, 0.0044
(18, 18): 1.3725, 0.0200, 1.2078, 0.0055
(18, 19): 1.6241, 0.0200, 0.8780, 0.0097
(18, 20): 1.3027, 0.0200, 1.3743, 0.0046
(18, 21): 1.3323, 0.0200, 1.2170, 0.0061
(18, 22): 1.3462, 0.0200, 1.2109, 0.0051
(18, 23): 1.3401, 0.0200, 1.2763, 0.0042
(18, 24): 1.2267, 0.0200, 1.4759, 0.0047
(18, 25): 1.1810, 0.0200, 1.3920, 0.0037
(18, 26): 0.9596, 0.0200, 0.4519, 0.0051
(18, 27): 0.9596, 0.0200, 0.4519, 0.0051
(19, 1): 0.9449, 0.0200, 0.4474, 0.0054
(19, 2): 0.9449, 0.0200, 0.4474, 0.0054
(19, 3): 0.9449, 0.0200, 0.4474, 0.0054
(19, 4): 0.9449, 0.0200, 0.4474, 0.0054
(19, 5): 0.9530, 0.0200, 0.4596, 0.0057
(19, 6): 0.9530, 0.0200, 0.4596, 0.0057
(19, 7): 1.1664, 0.0200, 0.8486, 0.0043
(19, 8): 1.1664, 0.0200, 0.8486, 0.0043
(19, 9): 2.9196, 0.0200, 0.1062, 0.0226
(19, 10): 1.4180, 0.0200, 1.1146, 0.0051
(19, 11): 1.4782, 0.0200, 0.9962, 0.0070
(19, 12): 1.3257, 0.0200, 1.2494, 0.0049
(19, 13): 1.3010, 0.0200, 1.3027, 0.0052
(19, 14): 1.2880, 0.0200, 1.3476, 0.0053
(19, 15): 1.2967, 0.0200, 1.3763, 0.0057
(19, 16): 1.2464, 0.0200, 1.4576, 0.0048
(19, 17): 1.2199, 0.0200, 1.4799, 0.0042
(19, 18): 1.2508, 0.0200, 1.4745, 0.0051
(19, 19): 1.6791, 0.0200, 0.8167, 0.0091
(19, 20): 1.3131, 0.0200, 1.2865, 0.0056
(19, 21): 1.3132, 0.0200, 1.2695, 0.0047
(19, 22): 1.3288, 0.0200, 1.2414, 0.0051
(19, 23): 1.3064, 0.0200, 1.3489, 0.0039
(19, 24): 1.3075, 0.0200, 1.3205, 0.0043
(19, 25): 1.1879, 0.0200, 0.9991, 0.0051
(19, 26): 0.7742, 0.0200, 0.2146, 0.0100
(19, 27): 0.7742, 0.0200, 0.2146, 0.0100
(20, 1): 1.0577, 0.0200, 0.4525, 0.0070
(20, 2): 0.9449, 0.0200, 0.4474, 0.0054
(20, 3): 0.9449, 0.0200, 0.4474, 0.0054
(20, 4): 0.9449, 0.0200, 0.4474, 0.0054
(20, 5): 0.9449, 0.0200, 0.4474, 0.0054
(20, 6): 0.9530, 0.0200, 0.4596, 0.0057
(20, 7): 0.9530, 0.0200, 0.4596, 0.0057
(20, 8): 1.6059, 0.0200, 0.8926, 0.0088
(20, 9): 1.6511, 0.0200, 0.8185, 0.0091
(20, 10): 1.2982, 0.0200, 1.3309, 0.0051
(20, 11): 1.2758, 0.0200, 1.3475, 0.0049
(20, 12): 1.3128, 0.0200, 1.2396, 0.0045
(20, 13): 1.4927, 0.0200, 0.9584, 0.0057
(20, 14): 1.3788, 0.0200, 1.1136, 0.0059
(20, 15): 1.2363, 0.0200, 1.4834, 0.0044
(20, 16): 1.2430, 0.0200, 1.4680, 0.0045
(20, 17): 1.2541, 0.0200, 1.4061, 0.0044
(20, 18): 1.2835, 0.0200, 1.3732, 0.0041
(20, 19): 1.4519, 0.0200, 1.1101, 0.0076
(20, 20): 1.3645, 0.0200, 1.2378, 0.0069
(20, 21): 1.3029, 0.0200, 1.2997, 0.0051
(20, 22): 1.3712, 0.0200, 1.1935, 0.0045
(20, 23): 1.3208, 0.0200, 1.2635, 0.0042
(20, 24): 1.3421, 0.0200, 1.3010, 0.0046
(20, 25): 1.3036, 0.0200, 1.3407, 0.0035
(20, 26): 0.9290, 0.0200, 0.4764, 0.0051
(20, 27): 0.9290, 0.0200, 0.4764, 0.0051
(21, 1): 0.9352, 0.0200, 0.4153, 0.0056
(21, 2): 1.0577, 0.0200, 0.4525, 0.0070
(21, 3): 1.0577, 0.0200, 0.4525, 0.0070
(21, 4): 0.9449, 0.0200, 0.4474, 0.0054
(21, 5): 0.9449, 0.0200, 0.4474, 0.0054
(21, 6): 0.9449, 0.0200, 0.4474, 0.0054
(21, 7): 1.3253, 0.0200, 1.1001, 0.0053
(21, 8): 1.4404, 0.0200, 1.1190, 0.0063
(21, 9): 1.5600, 0.0200, 0.9608, 0.0071
(21, 10): 1.3535, 0.0200, 1.2364, 0.0060
(21, 11): 1.3359, 0.0200, 1.2583, 0.0048
(21, 12): 1.2553, 0.0200, 1.3730, 0.0046
(21, 13): 1.2678, 0.0200, 1.3443, 0.0059
(21, 14): 1.2819, 0.0200, 1.3458, 0.0051
(21, 15): 1.2662, 0.0200, 1.3588, 0.0045
(21, 16): 1.2730, 0.0200, 1.2998, 0.0044
(21, 17): 1.3267, 0.0200, 1.2068, 0.0041
(21, 18): 1.3258, 0.0200, 1.2248, 0.0049
(21, 19): 1.3860, 0.0200, 1.1041, 0.0045
(21, 20): 1.2783, 0.0200, 1.3056, 0.0052
(21, 21): 1.2953, 0.0200, 1.0290, 0.0052
(21, 22): 1.3014, 0.0200, 1.0551, 0.0059
(21, 23): 1.3146, 0.0200, 0.9962, 0.0042
(21, 24): 1.0735, 0.0200, 0.7350, 0.0051
(21, 25): 1.0735, 0.0200, 0.7350, 0.0051
(21, 26): 0.9290, 0.0200, 0.4764, 0.0051
(21, 27): 0.9290, 0.0200, 0.4764, 0.0051
(22, 1): 0.9352, 0.0200, 0.4153, 0.0056
(22, 2): 0.9352, 0.0200, 0.4153, 0.0056
(22, 3): 1.0577, 0.0200, 0.4525, 0.0070
(22, 4): 1.0577, 0.0200, 0.4525, 0.0070
(22, 5): 1.2854, 0.0200, 0.8153, 0.0063
(22, 6): 1.2854, 0.0200, 0.8153, 0.0063
(22, 7): 1.4327, 0.0200, 1.0358, 0.0057
(22, 8): 1.3902, 0.0200, 1.1495, 0.0061
(22, 9): 1.6489, 0.0200, 0.7994, 0.0185
(22, 10): 2.7057, 0.0200, 0.0988, 0.0268
(22, 11): 1.3615, 0.0200, 1.1868, 0.0044
(22, 12): 1.2903, 0.0200, 1.2741, 0.0041
(22, 13): 1.2221, 0.0200, 1.4680, 0.0045
(22, 14): 1.2672, 0.0200, 1.3886, 0.0039
(22, 15): 1.3489, 0.0200, 1.1965, 0.0039
(22, 16): 1.3442, 0.0200, 1.1535, 0.0047
(22, 17): 1.3756, 0.0200, 1.0881, 0.0048
(22, 18): 1.3533, 0.0200, 1.0094, 0.0050
(22, 19): 1.4169, 0.0200, 1.0208, 0.0065
(22, 20): 1.2215, 0.0200, 1.0429, 0.0061
(22, 21): 0.9295, 0.0200, 0.3063, 0.0077
(22, 22): 1.3014, 0.0200, 1.0551, 0.0059
(22, 23): 1.3146, 0.0200, 0.9962, 0.0042
(22, 24): 1.0735, 0.0200, 0.7350, 0.0051
(22, 25): 1.0735, 0.0200, 0.7350, 0.0051
(22, 26): 0.9290, 0.0200, 0.4764, 0.0051
(22, 27): 0.9290, 0.0200, 0.4764, 0.0051
(23, 1): 0.7075, 0.0200, 0.1990, 0.0085
(23, 2): 0.9352, 0.0200, 0.4153, 0.0056
(23, 3): 0.9352, 0.0200, 0.4153, 0.0056
(23, 4): 1.0577, 0.0200, 0.4525, 0.0070
(23, 5): 1.0577, 0.0200, 0.4525, 0.0070
(23, 6): 1.2230, 0.0200, 0.7523, 0.0062
(23, 7): 1.3226, 0.0200, 0.8930, 0.0063
(23, 8): 1.3838, 0.0200, 1.0823, 0.0072
(23, 9): 1.4037, 0.0200, 1.1045, 0.0053
(23, 10): 1.9201, 0.0200, 0.3940, 0.0090
(23, 11): 2.2256, 0.0200, 0.2082, 0.0121
(23, 12): 1.2720, 0.0200, 1.2800, 0.0052
(23, 13): 1.3144, 0.0200, 1.2496, 0.0039
(23, 14): 1.3211, 0.0200, 1.2555, 0.0046
(23, 15): 1.3456, 0.0200, 1.2161, 0.0040
(23, 16): 1.3677, 0.0200, 1.0929, 0.0057
(23, 17): 1.5148, 0.0200, 0.8524, 0.0072
(23, 18): 1.4785, 0.0200, 0.9158, 0.0062
(23, 19): 1.3287, 0.0200, 1.1785, 0.0051
(23, 20): 1.3119, 0.0200, 1.0043, 0.0051
(23, 21): 0.9295, 0.0200, 0.3063, 0.0077
(23, 22): 0.9295, 0.0200, 0.3063, 0.0077
(23, 23): 1.3146, 0.0200, 0.9962, 0.0042
(23, 24): 1.0735, 0.0200, 0.7350, 0.0051
(23, 25): 1.0735, 0.0200, 0.7350, 0.0051
(23, 26): 1.0735, 0.0200, 0.7350, 0.0051
(23, 27): 0.9290, 0.0200, 0.4764, 0.0051
(24, 1): 0.7075, 0.0200, 0.1990, 0.0085
(24, 2): 0.7075, 0.0200, 0.1990, 0.0085
(24, 3): 0.9352, 0.0200, 0.4153, 0.0056
(24, 4): 0.9352, 0.0200, 0.4153, 0.0056
(24, 5): 1.1723, 0.0200, 0.5239, 0.0072
(24, 6): 1.1564, 0.0200, 0.5500, 0.0071
(24, 7): 1.3551, 0.0200, 0.9355, 0.0058
(24, 8): 1.3506, 0.0200, 0.7676, 0.0055
(24, 9): 1.3240, 0.0200, 1.0123, 0.0053
(24, 10): 1.2845, 0.0200, 1.0188, 0.0060
(24, 11): 1.7665, 0.0200, 0.5909, 0.0078
(24, 12): 1.5831, 0.0200, 0.8418, 0.0087
(24, 13): 1.3421, 0.0200, 1.1963, 0.0060
(24, 14): 1.4007, 0.0200, 1.0839, 0.0057
(24, 15): 1.6190, 0.0200, 0.7595, 0.0067
(24, 16): 1.6313, 0.0200, 0.7119, 0.0071
(24, 17): 1.4417, 0.0200, 0.9668, 0.0065
(24, 18): 1.3452, 0.0200, 1.1649, 0.0051
(24, 19): 1.3448, 0.0200, 1.1675, 0.0053
(24, 20): 1.3845, 0.0200, 1.0755, 0.0048
(24, 21): 1.1817, 0.0200, 0.8752, 0.0054
(24, 22): 1.0423, 0.0200, 0.7351, 0.0064
(24, 23): 1.0423, 0.0200, 0.7351, 0.0064
(24, 24): 1.0423, 0.0200, 0.7351, 0.0064
(24, 25): 1.0423, 0.0200, 0.7351, 0.0064
(24, 26): 1.0735, 0.0200, 0.7350, 0.0051
(24, 27): 0.9290, 0.0200, 0.4764, 0.0051
(25, 1): 0.7075, 0.0200, 0.1990, 0.0085
(25, 2): 0.7075, 0.0200, 0.1990, 0.0085
(25, 3): 0.9825, 0.0200, 0.7250, 0.0041
(25, 4): 1.1832, 0.0200, 0.7730, 0.0063
(25, 5): 1.2196, 0.0200, 0.8831, 0.0053
(25, 6): 1.2990, 0.0200, 0.9953, 0.0070
(25, 7): 1.1693, 0.0200, 0.6468, 0.0058
(25, 8): 1.3232, 0.0200, 0.9345, 0.0059
(25, 9): 1.4058, 0.0200, 0.9805, 0.0053
(25, 10): 1.3819, 0.0200, 1.0741, 0.0053
(25, 11): 1.4145, 0.0200, 1.0631, 0.0046
(25, 12): 1.3295, 0.0200, 1.1745, 0.0055
(25, 13): 1.3713, 0.0200, 1.1020, 0.0063
(25, 14): 1.4580, 0.0200, 0.9895, 0.0063
(25, 15): 1.5307, 0.0200, 0.8679, 0.0064
(25, 16): 1.4523, 0.0200, 0.9417, 0.0054
(25, 17): 1.3812, 0.0200, 1.0905, 0.0065
(25, 18): 1.3755, 0.0200, 1.1146, 0.0057
(25, 19): 1.3485, 0.0200, 1.1317, 0.0049
(25, 20): 1.3740, 0.0200, 1.1680, 0.0051
(25, 21): 1.4379, 0.0200, 0.9952, 0.0048
(25, 22): 1.0423, 0.0200, 0.7351, 0.0064
(25, 23): 1.0423, 0.0200, 0.7351, 0.0064
(25, 24): 1.0423, 0.0200, 0.7351, 0.0064
(25, 25): 1.0423, 0.0200, 0.7351, 0.0064
(25, 26): 1.0423, 0.0200, 0.7351, 0.0064
(25, 27): 1.0423, 0.0200, 0.7351, 0.0064
(26, 1): 0.7075, 0.0200, 0.1990, 0.0085
(26, 2): 0.7075, 0.0200, 0.1990, 0.0085
(26, 3): 0.9825, 0.0200, 0.7250, 0.0041
(26, 4): 1.2335, 0.0200, 0.7439, 0.0065
(26, 5): 1.0719, 0.0200, 0.8950, 0.0045
(26, 6): 1.1283, 0.0200, 0.7141, 0.0063
(26, 7): 1.3441, 0.0200, 0.9487, 0.0054
(26, 8): 1.3837, 0.0200, 1.0390, 0.0050
(26, 9): 1.3888, 0.0200, 1.0755, 0.0044
(26, 10): 1.3318, 0.0200, 1.1824, 0.0059
(26, 11): 1.4362, 0.0200, 1.0328, 0.0047
(26, 12): 1.3109, 0.0200, 1.2091, 0.0049
(26, 13): 1.2689, 0.0200, 1.2548, 0.0044
(26, 14): 1.3772, 0.0200, 1.1053, 0.0059
(26, 15): 1.3227, 0.0200, 1.1873, 0.0044
(26, 16): 1.3407, 0.0200, 1.1456, 0.0043
(26, 17): 1.3512, 0.0200, 1.1320, 0.0053
(26, 18): 1.3345, 0.0200, 1.1310, 0.0048
(26, 19): 1.3183, 0.0200, 1.1057, 0.0063
(26, 20): 1.3634, 0.0200, 1.0784, 0.0060
(26, 21): 1.3485, 0.0200, 1.1247, 0.0044
(26, 22): 1.2172, 0.0200, 1.0477, 0.0048
(26, 23): 1.2172, 0.0200, 1.0477, 0.0048
(26, 24): 1.2172, 0.0200, 1.0477, 0.0048
(26, 25): 1.2172, 0.0200, 1.0477, 0.0048
(26, 26): 1.2172, 0.0200, 1.0477, 0.0048
(26, 27): 1.2172, 0.0200, 1.0477, 0.0048
(27, 1): 1.0567, 0.0200, 0.6396, 0.0044
(27, 2): 1.0567, 0.0200, 0.6396, 0.0044
(27, 3): 1.3435, 0.0200, 1.0642, 0.0056
(27, 4): 1.3262, 0.0200, 1.2338, 0.0039
(27, 5): 1.2390, 0.0200, 1.4417, 0.0032
(27, 6): 1.2487, 0.0200, 1.0640, 0.0038
(27, 7): 1.1211, 0.0200, 0.4992, 0.0069
(27, 8): 1.2385, 0.0200, 1.0399, 0.0050
(27, 9): 1.2618, 0.0200, 0.9533, 0.0051
(27, 10): 1.3213, 0.0200, 0.9066, 0.0050
(27, 11): 1.2193, 0.0200, 1.0425, 0.0041
(27, 12): 1.0452, 0.0200, 0.7666, 0.0041
(27, 13): 1.1736, 0.0200, 1.1487, 0.0053
(27, 14): 1.2735, 0.0200, 0.8122, 0.0042
(27, 15): 1.3804, 0.0200, 1.0532, 0.0051
(27, 16): 1.3716, 0.0200, 1.0754, 0.0058
(27, 17): 1.4081, 0.0200, 0.9933, 0.0063
(27, 18): 1.3773, 0.0200, 1.0778, 0.0049
(27, 19): 1.3659, 0.0200, 1.0904, 0.0045
(27, 20): 1.3705, 0.0200, 1.0722, 0.0045
(27, 21): 1.3551, 0.0200, 1.1146, 0.0047
(27, 22): 1.2709, 0.0200, 1.0015, 0.0073
(27, 23): 1.2709, 0.0200, 1.0015, 0.0073
(27, 24): 1.2709, 0.0200, 1.0015, 0.0073
(27, 25): 1.2709, 0.0200, 1.0015, 0.0073
(27, 26): 1.2709, 0.0200, 1.0015, 0.0073
(27, 27): 1.2709, 0.0200, 1.0015, 0.0073
(28, 1): 0.6040, 0.0200, 0.2510, 0.0071
(28, 2): 0.6040, 0.0200, 0.2510, 0.0071
(28, 3): 1.0041, 0.0200, 0.8318, 0.0054
(28, 4): 1.0975, 0.0200, 0.7967, 0.0045
(28, 5): 1.2100, 0.0200, 1.1560, 0.0042
(28, 6): 1.1240, 0.0200, 0.7022, 0.0049
(28, 7): 1.0957, 0.0200, 0.7466, 0.0048
(28, 8): 1.1954, 0.0200, 0.9669, 0.0048
(28, 9): 1.1977, 0.0200, 0.7474, 0.0054
(28, 10): 1.3213, 0.0200, 0.9066, 0.0050
(28, 11): 1.2193, 0.0200, 1.0425, 0.0041
(28, 12): 1.0452, 0.0200, 0.7666, 0.0041
(28, 13): 0.9948, 0.0200, 0.4002, 0.0048
(28, 14): 0.9948, 0.0200, 0.4002, 0.0048
(28, 15): 1.3774, 0.0200, 0.9645, 0.0049
(28, 16): 1.4024, 0.0200, 0.9908, 0.0048
(28, 17): 1.3645, 0.0200, 1.0702, 0.0049
(28, 18): 1.2638, 0.0200, 1.2525, 0.0051
(28, 19): 1.3033, 0.0200, 1.2185, 0.0045
(28, 20): 1.3554, 0.0200, 1.1134, 0.0051
(28, 21): 1.3193, 0.0200, 1.1454, 0.0060
(28, 22): 1.1079, 0.0200, 0.6350, 0.0061
(28, 23): 1.1079, 0.0200, 0.6350, 0.0061
(28, 24): 1.1079, 0.0200, 0.6350, 0.0061
(28, 25): 1.1079, 0.0200, 0.6350, 0.0061
(28, 26): 1.1079, 0.0200, 0.6350, 0.0061
(28, 27): 1.1079, 0.0200, 0.6350, 0.0061
(29, 1): 1.1981, 0.0200, 1.3019, 0.0037
(29, 2): 1.1981, 0.0200, 1.3019, 0.0037
(29, 3): 1.1627, 0.0200, 1.5752, 0.0038
(29, 4): 1.1332, 0.0200, 1.3040, 0.0039
(29, 5): 1.1786, 0.0200, 1.0419, 0.0054
(29, 6): 1.2438, 0.0200, 1.3161, 0.0033
(29, 7): 1.1611, 0.0200, 1.1664, 0.0040
(29, 8): 0.7138, 0.0200, 0.2107, 0.0103
(29, 9): 1.1977, 0.0200, 0.7474, 0.0054
(29, 10): 1.1977, 0.0200, 0.7474, 0.0054
(29, 11): 1.2193, 0.0200, 1.0425, 0.0041
(29, 12): 1.0452, 0.0200, 0.7666, 0.0041
(29, 13): 0.9948, 0.0200, 0.4002, 0.0048
(29, 14): 0.9948, 0.0200, 0.4002, 0.0048
(29, 15): 0.9621, 0.0200, 0.3061, 0.0064
(29, 16): 1.0986, 0.0200, 0.6606, 0.0048
(29, 17): 0.7727, 0.0200, 0.1968, 0.0101
(29, 18): 1.3031, 0.0200, 0.9214, 0.0065
(29, 19): 1.3403, 0.0200, 1.1199, 0.0049
(29, 20): 1.3740, 0.0200, 1.0298, 0.0054
(29, 21): 1.3327, 0.0200, 1.0692, 0.0059
(29, 22): 0.9585, 0.0200, 0.3796, 0.0081
(29, 23): 0.9585, 0.0200, 0.3796, 0.0081
(29, 24): 0.9585, 0.0200, 0.3796, 0.0081
(29, 25): 0.9585, 0.0200, 0.3796, 0.0081
(29, 26): 0.9585, 0.0200, 0.3796, 0.0081
(29, 27): 0.9585, 0.0200, 0.3796, 0.0081
(30, 1): 1.0515, 0.0200, 0.9952, 0.0040
(30, 2): 1.0515, 0.0200, 0.9952, 0.0040
(30, 3): 0.8587, 0.0200, 0.5945, 0.0045
(30, 4): 0.9170, 0.0200, 0.4534, 0.0041
(30, 5): 1.2875, 0.0200, 1.0397, 0.0052
(30, 6): 1.2437, 0.0200, 0.9976, 0.0047
(30, 7): 0.8155, 0.0200, 0.5126, 0.0052
(30, 8): 0.7138, 0.0200, 0.2107, 0.0103
(30, 9): 0.7138, 0.0200, 0.2107, 0.0103
(30, 10): 1.1977, 0.0200, 0.7474, 0.0054
(30, 11): 1.1977, 0.0200, 0.7474, 0.0054
(30, 12): 0.9948, 0.0200, 0.4002, 0.0048
(30, 13): 0.9948, 0.0200, 0.4002, 0.0048
(30, 14): 0.9621, 0.0200, 0.3061, 0.0064
(30, 15): 0.9621, 0.0200, 0.3061, 0.0064
(30, 16): 1.0986, 0.0200, 0.6606, 0.0048
(30, 17): 0.7727, 0.0200, 0.1968, 0.0101
(30, 18): 1.3031, 0.0200, 0.9214, 0.0065
(30, 19): 0.9746, 0.0200, 0.3694, 0.0080
(30, 20): 1.2803, 0.0200, 0.9010, 0.0061
(30, 21): 1.2712, 0.0200, 1.0481, 0.0053
(30, 22): 0.9494, 0.0200, 0.4897, 0.0078
(30, 23): 0.9494, 0.0200, 0.4897, 0.0078
(30, 24): 0.9494, 0.0200, 0.4897, 0.0078
(30, 25): 0.9494, 0.0200, 0.4897, 0.0078
(30, 26): 0.9494, 0.0200, 0.4897, 0.0078
(30, 27): 0.9494, 0.0200, 0.4897, 0.0078
(31, 1): 1.0515, 0.0200, 0.9952, 0.0040
(31, 2): 1.0515, 0.0200, 0.9952, 0.0040
(31, 3): 0.8587, 0.0200, 0.5945, 0.0045
(31, 4): 0.9170, 0.0200, 0.4534, 0.0041
(31, 5): 1.2875, 0.0200, 1.0397, 0.0052
(31, 6): 1.2437, 0.0200, 0.9976, 0.0047
(31, 7): 0.8155, 0.0200, 0.5126, 0.0052
(31, 8): 0.8155, 0.0200, 0.5126, 0.0052
(31, 9): 0.7138, 0.0200, 0.2107, 0.0103
(31, 10): 0.7138, 0.0200, 0.2107, 0.0103
(31, 11): 1.1977, 0.0200, 0.7474, 0.0054
(31, 12): 0.9948, 0.0200, 0.4002, 0.0048
(31, 13): 0.9621, 0.0200, 0.3061, 0.0064
(31, 14): 0.9621, 0.0200, 0.3061, 0.0064
(31, 15): 0.9621, 0.0200, 0.3061, 0.0064
(31, 16): 1.0986, 0.0200, 0.6606, 0.0048
(31, 17): 0.7727, 0.0200, 0.1968, 0.0101
(31, 18): 0.8984, 0.0200, 0.3014, 0.0071
(31, 19): 0.8984, 0.0200, 0.3014, 0.0071
(31, 20): 1.2118, 0.0200, 1.1221, 0.0059
(31, 21): 0.8739, 0.0200, 0.4355, 0.0061
(31, 22): 0.8739, 0.0200, 0.4355, 0.0061
(31, 23): 0.8443, 0.0200, 0.3469, 0.0071
(31, 24): 0.8443, 0.0200, 0.3469, 0.0071
(31, 25): 0.8443, 0.0200, 0.3469, 0.0071
(31, 26): 0.8443, 0.0200, 0.3469, 0.0071
(31, 27): 0.8443, 0.0200, 0.3469, 0.0071
(32, 1): 1.0515, 0.0200, 0.9952, 0.0040
(32, 2): 1.0515, 0.0200, 0.9952, 0.0040
(32, 3): 0.8587, 0.0200, 0.5945, 0.0045
(32, 4): 0.9170, 0.0200, 0.4534, 0.0041
(32, 5): 1.2875, 0.0200, 1.0397, 0.0052
(32, 6): 1.2437, 0.0200, 0.9976, 0.0047
(32, 7): 0.8155, 0.0200, 0.5126, 0.0052
(32, 8): 0.8155, 0.0200, 0.5126, 0.0052
(32, 9): 0.8155, 0.0200, 0.5126, 0.0052
(32, 10): 0.7138, 0.0200, 0.2107, 0.0103
(32, 11): 0.7138, 0.0200, 0.2107, 0.0103
(32, 12): 0.9621, 0.0200, 0.3061, 0.0064
(32, 13): 0.9621, 0.0200, 0.3061, 0.0064
(32, 14): 0.9621, 0.0200, 0.3061, 0.0064
(32, 15): 0.9621, 0.0200, 0.3061, 0.0064
(32, 16): 1.0986, 0.0200, 0.6606, 0.0048
(32, 17): 0.9035, 0.0200, 0.4609, 0.0057
(32, 18): 0.9035, 0.0200, 0.4609, 0.0057
(32, 19): 0.9035, 0.0200, 0.4609, 0.0057
(32, 20): 1.3204, 0.0200, 1.1719, 0.0055
(32, 21): 1.1571, 0.0200, 0.9728, 0.0056
(32, 22): 0.8443, 0.0200, 0.3469, 0.0071
(32, 23): 0.8443, 0.0200, 0.3469, 0.0071
(32, 24): 0.8443, 0.0200, 0.3469, 0.0071
(32, 25): 0.8443, 0.0200, 0.3469, 0.0071
(32, 26): 0.8443, 0.0200, 0.3469, 0.0071
(32, 27): 0.8443, 0.0200, 0.3469, 0.0071
(33, 1): 1.0515, 0.0200, 0.9952, 0.0040
(33, 2): 1.0515, 0.0200, 0.9952, 0.0040
(33, 3): 0.8587, 0.0200, 0.5945, 0.0045
(33, 4): 0.9170, 0.0200, 0.4534, 0.0041
(33, 5): 1.2875, 0.0200, 1.0397, 0.0052
(33, 6): 1.2437, 0.0200, 0.9976, 0.0047
(33, 7): 0.8155, 0.0200, 0.5126, 0.0052
(33, 8): 0.8155, 0.0200, 0.5126, 0.0052
(33, 9): 0.8155, 0.0200, 0.5126, 0.0052
(33, 10): 0.8155, 0.0200, 0.5126, 0.0052
(33, 11): 0.7138, 0.0200, 0.2107, 0.0103
(33, 12): 0.9621, 0.0200, 0.3061, 0.0064
(33, 13): 0.9621, 0.0200, 0.3061, 0.0064
(33, 14): 0.9621, 0.0200, 0.3061, 0.0064
(33, 15): 0.9621, 0.0200, 0.3061, 0.0064
(33, 16): 1.0885, 0.0200, 0.9933, 0.0042
(33, 17): 1.0885, 0.0200, 0.9933, 0.0042
(33, 18): 1.0885, 0.0200, 0.9933, 0.0042
(33, 19): 1.0885, 0.0200, 0.9933, 0.0042
(33, 20): 1.2403, 0.0200, 1.3783, 0.0048
(33, 21): 1.3519, 0.0200, 1.1731, 0.0052
(33, 22): 1.0626, 0.0200, 0.7138, 0.0048
(33, 23): 1.0626, 0.0200, 0.7138, 0.0048
(33, 24): 1.0626, 0.0200, 0.7138, 0.0048
(33, 25): 1.0626, 0.0200, 0.7138, 0.0048
(33, 26): 1.0626, 0.0200, 0.7138, 0.0048
(33, 27): 1.0626, 0.0200, 0.7138, 0.0048
(34, 1): 1.0515, 0.0200, 0.9952, 0.0040
(34, 2): 1.0515, 0.0200, 0.9952, 0.0040
(34, 3): 0.8587, 0.0200, 0.5945, 0.0045
(34, 4): 0.9170, 0.0200, 0.4534, 0.0041
(34, 5): 1.2875, 0.0200, 1.0397, 0.0052
(34, 6): 1.2437, 0.0200, 0.9976, 0.0047
(34, 7): 0.8155, 0.0200, 0.5126, 0.0052
(34, 8): 0.8155, 0.0200, 0.5126, 0.0052
(34, 9): 0.8155, 0.0200, 0.5126, 0.0052
(34, 10): 0.8155, 0.0200, 0.5126, 0.0052
(34, 11): 0.8155, 0.0200, 0.5126, 0.0052
(34, 12): 0.9621, 0.0200, 0.3061, 0.0064
(34, 13): 0.9621, 0.0200, 0.3061, 0.0064
(34, 14): 1.0638, 0.0200, 0.9022, 0.0044
(34, 15): 1.0638, 0.0200, 0.9022, 0.0044
(34, 16): 1.0638, 0.0200, 0.9022, 0.0044
(34, 17): 1.0638, 0.0200, 0.9022, 0.0044
(34, 18): 1.0638, 0.0200, 0.9022, 0.0044
(34, 19): 1.0638, 0.0200, 0.9022, 0.0044
(34, 20): 1.2234, 0.0200, 1.4138, 0.0047
(34, 21): 1.2882, 0.0200, 1.3124, 0.0050
(34, 22): 0.8112, 0.0200, 0.3796, 0.0075
(34, 23): 0.8112, 0.0200, 0.3796, 0.0075
(34, 24): 0.8112, 0.0200, 0.3796, 0.0075
(34, 25): 0.8112, 0.0200, 0.3796, 0.0075
(34, 26): 0.8112, 0.0200, 0.3796, 0.0075
(34, 27): 0.8112, 0.0200, 0.3796, 0.0075
(35, 1): 1.0515, 0.0200, 0.9952, 0.0040
(35, 2): 1.0515, 0.0200, 0.9952, 0.0040
(35, 3): 0.8587, 0.0200, 0.5945, 0.0045
(35, 4): 0.9170, 0.0200, 0.4534, 0.0041
(35, 5): 1.2875, 0.0200, 1.0397, 0.0052
(35, 6): 1.2437, 0.0200, 0.9976, 0.0047
(35, 7): 0.8155, 0.0200, 0.5126, 0.0052
(35, 8): 0.8155, 0.0200, 0.5126, 0.0052
(35, 9): 0.8155, 0.0200, 0.5126, 0.0052
(35, 10): 0.8155, 0.0200, 0.5126, 0.0052
(35, 11): 0.8155, 0.0200, 0.5126, 0.0052
(35, 12): 0.9621, 0.0200, 0.3061, 0.0064
(35, 13): 1.0638, 0.0200, 0.9022, 0.0044
(35, 14): 1.0638, 0.0200, 0.9022, 0.0044
(35, 15): 1.0638, 0.0200, 0.9022, 0.0044
(35, 16): 1.0638, 0.0200, 0.9022, 0.0044
(35, 17): 1.0638, 0.0200, 0.9022, 0.0044
(35, 18): 1.0638, 0.0200, 0.9022, 0.0044
(35, 19): 1.0638, 0.0200, 0.9022, 0.0044
(35, 20): 1.2234, 0.0200, 1.4138, 0.0047
(35, 21): 1.2882, 0.0200, 1.3124, 0.0050
(35, 22): 0.8112, 0.0200, 0.3796, 0.0075
(35, 23): 0.8112, 0.0200, 0.3796, 0.0075
(35, 24): 0.8112, 0.0200, 0.3796, 0.0075
(35, 25): 0.8112, 0.0200, 0.3796, 0.0075
(35, 26): 0.8112, 0.0200, 0.3796, 0.0075
(35, 27): 0.8112, 0.0200, 0.3796, 0.0075
(36, 1): 1.0515, 0.0200, 0.9952, 0.0040
(36, 2): 1.0515, 0.0200, 0.9952, 0.0040
(36, 3): 0.8587, 0.0200, 0.5945, 0.0045
(36, 4): 0.9170, 0.0200, 0.4534, 0.0041
(36, 5): 1.2875, 0.0200, 1.0397, 0.0052
(36, 6): 1.2437, 0.0200, 0.9976, 0.0047
(36, 7): 0.8155, 0.0200, 0.5126, 0.0052
(36, 8): 0.8155, 0.0200, 0.5126, 0.0052
(36, 9): 0.8155, 0.0200, 0.5126, 0.0052
(36, 10): 0.8155, 0.0200, 0.5126, 0.0052
(36, 11): 0.8155, 0.0200, 0.5126, 0.0052
(36, 12): 1.0638, 0.0200, 0.9022, 0.0044
(36, 13): 1.0638, 0.0200, 0.9022, 0.0044
(36, 14): 1.0638, 0.0200, 0.9022, 0.0044
(36, 15): 1.0638, 0.0200, 0.9022, 0.0044
(36, 16): 1.0638, 0.0200, 0.9022, 0.0044
(36, 17): 1.0638, 0.0200, 0.9022, 0.0044
(36, 18): 1.0638, 0.0200, 0.9022, 0.0044
(36, 19): 1.0638, 0.0200, 0.9022, 0.0044
(36, 20): 1.2234, 0.0200, 1.4138, 0.0047
(36, 21): 1.2882, 0.0200, 1.3124, 0.0050
(36, 22): 0.8112, 0.0200, 0.3796, 0.0075
(36, 23): 0.8112, 0.0200, 0.3796, 0.0075
(36, 24): 0.8112, 0.0200, 0.3796, 0.0075
(36, 25): 0.8112, 0.0200, 0.3796, 0.0075
(36, 26): 0.8112, 0.0200, 0.3796, 0.0075
(36, 27): 0.8112, 0.0200, 0.3796, 0.0075
(37, 1): 1.0515, 0.0200, 0.9952, 0.0040
(37, 2): 1.0515, 0.0200, 0.9952, 0.0040
(37, 3): 0.8587, 0.0200, 0.5945, 0.0045
(37, 4): 0.9170, 0.0200, 0.4534, 0.0041
(37, 5): 1.2875, 0.0200, 1.0397, 0.0052
(37, 6): 1.2437, 0.0200, 0.9976, 0.0047
(37, 7): 0.8155, 0.0200, 0.5126, 0.0052
(37, 8): 0.8155, 0.0200, 0.5126, 0.0052
(37, 9): 0.8155, 0.0200, 0.5126, 0.0052
(37, 10): 0.8155, 0.0200, 0.5126, 0.0052
(37, 11): 0.8155, 0.0200, 0.5126, 0.0052
(37, 12): 1.0638, 0.0200, 0.9022, 0.0044
(37, 13): 1.0638, 0.0200, 0.9022, 0.0044
(37, 14): 1.0638, 0.0200, 0.9022, 0.0044
(37, 15): 1.0638, 0.0200, 0.9022, 0.0044
(37, 16): 1.0638, 0.0200, 0.9022, 0.0044
(37, 17): 1.0638, 0.0200, 0.9022, 0.0044
(37, 18): 1.0638, 0.0200, 0.9022, 0.0044
(37, 19): 1.0638, 0.0200, 0.9022, 0.0044
(37, 20): 1.2234, 0.0200, 1.4138, 0.0047
(37, 21): 1.2882, 0.0200, 1.3124, 0.0050
(37, 22): 0.8112, 0.0200, 0.3796, 0.0075
(37, 23): 0.8112, 0.0200, 0.3796, 0.0075
(37, 24): 0.8112, 0.0200, 0.3796, 0.0075
(37, 25): 0.8112, 0.0200, 0.3796, 0.0075
(37, 26): 0.8112, 0.0200, 0.3796, 0.0075
(37, 27): 0.8112, 0.0200, 0.3796, 0.0075
