(10, 15): 3.8100, 11.0606, 0.0000
(10, 16): -1.6430, 11.0021, 2.5411
(10, 17): -2.7312, 10.9825, 24.3347
(10, 18): -2.2538, 10.9874, 18.3408
(10, 19): -1.5675, 10.9973, 3.4615
(10, 23): -2.6368, 11.0044, 2.9316
(10, 24): -2.0405, 11.0210, 0.2314
(11, 17): -1.9260, 10.8830, 49.3029
(11, 18): -3.0516, 10.7791, 38.2188
(11, 19): -1.5514, 10.9853, 8.2657
(12, 13): -2.8556, 10.9414, 21.3433
(12, 17): -2.1620, 10.9859, 5.7651
(12, 18): -3.2135, 10.9653, 16.2878
(12, 21): -2.2881, 11.0124, 0.4165
(13, 12): -2.1613, 11.0021, 2.9267
(13, 13): -1.2887, 10.9999, 2.5888
(13, 19): -2.0244, 11.0306, 0.2252
(13, 20): -1.9303, 11.0022, 2.7295
(14, 11): -4.2791, 10.9943, 16.7637
(14, 12): -2.6222, 10.9910, 9.4325
(14, 18): -2.7163, 11.0036, 2.3143
(14, 20): -1.4420, 11.0015, 2.4267
(14, 22): -2.9130, 11.0050, 3.0277
(14, 23): -2.5280, 11.0110, 1.7640
(15, 10): -1.8789, 10.9950, 3.9081
(15, 11): -1.5035, 11.0017, 2.4829
(15, 15): -1.7336, 10.9839, 8.8391
(15, 16): -1.8498, 11.0081, 1.5967
(15, 20): -1.4047, 11.0129, 0.1118
(15, 21): -1.4256, 11.0015, 2.3866
(16, 10): -1.9945, 10.9727, 12.6000
(16, 11): -1.2783, 11.0066, 1.4624
(16, 14): -1.6205, 10.9905, 9.9418
(16, 15): -3.0253, 11.0015, 8.4948
(16, 16): -1.9403, 11.0078, 1.6026
(16, 18): -2.2731, 11.0062, 1.2986
(16, 19): -1.4586, 11.0131, 0.1167
(16, 20): -3.8818, 10.9827, 13.5416
(16, 21): -3.2714, 11.0073, 0.9576
(16, 26): -2.0498, 11.0021, 2.8333
(17, 9): -1.1595, 11.0076, 0.8413
(17, 10): -2.7318, 10.9928, 11.0645
(17, 11): -1.1024, 11.0057, 1.3938
(17, 12): -2.2856, 11.0028, 2.8149
(17, 13): -1.5835, 11.0017, 2.5526
(17, 16): -3.6169, 10.9849, 8.1317
(17, 20): -1.4919, 11.0056, 1.3585
(17, 22): -1.4480, 11.0014, 2.4687
(18, 9): -1.4238, 10.9861, 7.8800
(18, 10): -1.0504, 11.0026, 3.9441
(18, 11): -1.4470, 11.0015, 2.4867
(18, 12): -3.1700, 11.0278, 0.8113
(18, 13): -2.4620, 11.0040, 2.9246
(18, 15): -1.4636, 11.0017, 2.4298
(18, 16): -1.6030, 11.0016, 2.5433
(18, 22): -4.1240, 11.0023, 11.1307
(18, 23): -2.6983, 10.9914, 5.7084
(19, 9): -2.3734, 10.9923, 10.6273
(19, 10): -3.9149, 10.9570, 19.0507
(19, 12): -2.1279, 10.9701, 13.4614
(5, 22): -5.5307, 10.9750, 24.2868
(5, 23): -3.5400, 10.9868, 15.1936
(5, 25): -1.7408, 11.0020, 5.1242
(5, 26): -1.2323, 11.0027, 3.0536
(6, 21): -5.2325, 10.9741, 24.6659
(6, 22): -1.8495, 11.0021, 5.0048
(6, 23): -3.3394, 10.9285, 25.2699
(6, 24): -1.8007, 11.0264, 0.6953
(6, 25): -1.3068, 10.9988, 2.7345
(6, 26): -1.7038, 11.0020, 2.4777
(7, 20): -2.8801, 11.0050, 2.9971
(7, 21): -4.3381, 11.0085, 1.7420
(7, 22): -2.2302, 10.9734, 5.3184
(7, 23): -1.4050, 11.0014, 2.4436
(7, 24): -1.3264, 10.9914, 3.5652
(7, 25): -2.0427, 11.0110, 1.3372
(8, 20): -3.2290, 11.0190, 1.0182
(8, 22): -2.1841, 10.9918, 4.5622
(8, 23): -3.6388, 10.9905, 16.0294
(8, 24): -2.3805, 10.9909, 11.0406
(8, 25): -2.0654, 10.9981, 9.0414
(9, 18): -2.4703, 11.0045, 2.8004
(9, 19): -3.7033, 11.0180, 0.7989
(9, 22): -1.5880, 11.0074, 1.4948
(9, 23): 3.1748, 11.1500, 0.0000
(9, 24): -1.5601, 10.9981, 3.0208
(9, 25): -2.7773, 10.9974, 11.3578
(19, 14): -1.4181, 11.0067, 1.4395
(19, 15): -1.7698, 11.0120, 3.4264
(19, 16): -1.7420, 11.0019, 2.5313
(19, 23): -3.5236, 10.9707, 8.9431
(20, 8): -2.6086, 10.9895, 11.9945
(20, 9): -2.4725, 10.9986, 9.7218
(20, 10): -2.4655, 11.0046, 2.7840
(20, 12): -2.5042, 10.9865, 13.6131
(20, 13): -1.9633, 10.9996, 7.8283
(20, 14): -2.5819, 11.0025, 12.9545
(20, 15): -1.9567, 11.0071, 0.8996
(20, 16): -2.1984, 11.0045, 2.6294
(20, 18): -2.2845, 11.0015, 6.1904
(20, 19): -1.8640, 11.0020, 5.2888
(21, 8): -2.0266, 11.0119, 1.0803
(21, 9): -1.9676, 10.9888, 5.1366
(21, 10): -2.1266, 10.9575, 17.2002
(21, 11): -1.6572, 10.9518, 19.0590
(21, 12): -1.6396, 10.9809, 19.8045
(21, 13): -1.2579, 11.0014, 2.4268
(21, 15): -2.3155, 11.0024, 3.0161
(21, 18): -1.6213, 11.0014, 2.5594
(21, 21): -4.3381, 11.0085, 1.7420
(22, 7): -2.0261, 10.9946, 4.5722
(22, 10): -2.2552, 11.0173, 0.0653
(22, 11): -1.0808, 11.0027, 3.9717
(22, 12): -2.2218, 10.8922, 26.2888
(22, 13): -1.5389, 10.9930, 7.8399
(23, 11): -1.4722, 11.0008, 2.6736
(23, 12): 2.8394, 11.1731, 0.0000
(23, 13): -1.5924, 10.9852, 8.3625
(23, 14): -4.3651, 10.9821, 18.8317
(23, 16): -3.1700, 11.0278, 0.8113
(23, 19): -1.3109, 11.0104, 2.3558
(24, 7): -2.5499, 11.0023, 0.4293
(24, 12): -1.2445, 11.0015, 2.3775
(24, 15): -2.1755, 11.0194, 11.5031
(24, 16): -2.4938, 10.9925, 10.7061
(24, 17): -2.8610, 11.0241, 0.7680
(24, 18): -1.9166, 11.0021, 2.7318
(24, 19): -2.4730, 11.0022, 3.1800
(25, 12): -2.0904, 11.0076, 0.9196
(25, 14): -2.6385, 10.9647, 6.3085
(25, 15): -1.2178, 11.0026, 4.2203
(25, 16): -1.3538, 11.0082, 0.9154
(25, 17): -1.4844, 11.0007, 2.6838
(25, 18): -1.1969, 11.0027, 2.2545
(25, 19): -3.4675, 10.9626, 16.9667
(26, 9): -1.3008, 11.0072, 1.3305
(26, 10): -1.4917, 11.0016, 2.6128
(26, 11): -2.4664, 11.0185, 0.0315
(26, 14): -2.1010, 11.0114, 1.0843
(26, 15): -2.2553, 10.9935, 7.4444
(26, 16): -2.2620, 10.9822, 5.8607
(26, 18): -1.6502, 10.8899, 19.6528
(26, 20): -2.3750, 10.9946, 9.6373
(27, 14): -1.7691, 11.0016, 4.7097
(27, 15): -2.0306, 11.0088, 1.6016
(27, 17): -3.8207, 10.9917, 15.9950
(27, 19): -1.4043, 11.0016, 2.3877
(28, 15): -2.7386, 10.6601, 73.4016
(28, 16): -2.1864, 11.0014, 27.8399
(28, 18): -1.0497, 11.0075, 0.8096
(28, 20): -1.7671, 11.0078, 1.5611
(28, 21): -1.3254, 11.0000, 2.6126
(29, 2): -2.3780, 10.9495, 18.1292
(29, 3): -3.0008, 11.0137, 1.5530
(29, 6): -1.1743, 11.0086, 0.5697
(29, 7): -1.8099, 11.0015, 2.6669
(29, 16): -1.1783, 11.0025, 4.2686
(29, 19): -3.2891, 10.9900, 13.4299
(30, 5): -4.2243, 11.0183, 2.3199
(30, 6): -2.1726, 11.0002, 3.2694
(32, 20): -4.3688, 11.0090, 1.6810
(33, 20): -2.8215, 11.0205, 0.2226
(34, 20): -1.6254, 11.0022, 5.0198
(34, 21): -2.5027, 11.0025, 3.1612
