(10, 10): 0.1549, 3.0100, 5.1638
(10, 11): 0.0812, 3.0200, 2.1411
(10, 12): 0.1536, 3.0100, 5.1825
(10, 14): 0.5496, 3.0100, 0.7049
(10, 15): 0.2687, 3.0100, 6.8324
(10, 16): 0.2618, 3.0100, 7.4537
(10, 17): 0.2955, 3.0000, 7.7693
(10, 18): 0.2908, 3.0100, 7.9809
(10, 19): 0.3038, 3.0100, 7.7315
(10, 20): 0.3022, 3.0100, 7.6384
(10, 21): 0.3645, 3.0100, 7.3862
(10, 22): 0.2860, 3.0100, 8.3498
(10, 23): 0.2880, 3.0100, 8.1937
(10, 24): 0.2766, 3.0100, 8.3753
(10, 25): 0.2923, 3.0100, 8.0172
(10, 26): 0.2821, 3.0100, 7.5222
(11, 10): 0.1475, 3.0100, 7.0402
(11, 11): 0.2238, 3.0100, 8.0636
(11, 12): 0.2185, 3.0100, 8.3176
(11, 13): 0.1315, 3.0100, 2.8907
(11, 16): 0.2309, 3.0100, 1.7068
(11, 17): 0.2886, 3.0100, 7.8180
(11, 18): 0.2819, 3.0100, 7.8795
(11, 19): 0.3283, 3.0100, 7.5229
(11, 20): 0.3161, 3.0100, 7.7217
(11, 21): 0.3038, 3.0100, 8.3911
(11, 22): 0.2878, 3.0100, 8.4188
(11, 23): 0.2597, 3.0100, 8.2236
(11, 24): 0.2468, 3.0100, 8.3903
(11, 25): 0.2867, 3.0100, 7.8571
(11, 26): 0.2507, 3.0100, 7.5590
(12, 10): 0.2290, 3.0100, 7.8194
(12, 11): 0.2310, 3.0000, 8.3372
(12, 12): 0.2695, 3.0100, 8.3196
(12, 13): 0.2358, 3.0100, 6.8377
(12, 14): 0.2070, 3.0100, 4.6326
(12, 16): 0.1639, 3.0100, 2.8745
(12, 17): 0.2703, 3.0100, 7.7996
(12, 18): 0.2864, 3.0100, 7.9344
(12, 19): 0.2904, 3.0100, 8.1057
(12, 20): 0.2853, 3.0100, 8.3416
(12, 21): 0.2952, 3.0100, 8.4589
(12, 22): 0.3137, 3.0100, 8.1771
(12, 23): 0.2808, 3.0200, 8.0598
(12, 24): 0.2754, 3.0100, 7.0802
(12, 25): 0.1879, 3.0100, 3.0450
(12, 26): 0.1859, 3.0100, 2.7817
(13, 10): 0.2270, 3.0100, 8.5665
(13, 11): 0.2532, 3.0100, 8.4598
(13, 12): 0.2555, 3.0100, 8.1722
(13, 13): 0.2274, 3.0100, 6.9798
(13, 14): 0.3265, 3.0100, 1.6145
(13, 16): 0.2474, 3.0100, 1.4457
(13, 17): 0.1781, 3.0100, 7.1326
(13, 18): 0.2517, 3.0100, 7.6401
(13, 19): 0.2994, 3.0000, 8.0415
(13, 20): 0.2696, 3.0100, 8.6457
(13, 21): 0.2877, 3.0100, 8.3203
(13, 22): 0.3104, 3.0100, 8.1410
(13, 23): 0.3082, 3.0100, 7.6915
(13, 24): 0.2463, 3.0100, 7.1021
(13, 25): 0.2554, 3.0400, 1.0478
(14, 10): 0.2503, 3.0100, 8.7301
(14, 11): 0.2649, 3.0100, 8.9100
(14, 12): 0.2408, 3.0100, 8.5277
(14, 13): 0.2826, 3.0100, 1.0352
(14, 15): 0.2301, 3.0300, 1.2512
(14, 16): 0.2167, 3.0000, 7.4400
(14, 17): 0.2614, 3.0100, 8.5908
(14, 18): 0.2886, 3.0000, 8.5233
(14, 19): 0.2842, 3.0100, 8.6179
(14, 20): 0.2732, 3.0100, 8.7987
(14, 21): 0.2803, 3.0100, 8.5089
(14, 22): 0.2795, 3.0100, 8.3702
(14, 23): 0.2668, 3.0100, 8.3152
(14, 24): 0.2054, 3.0100, 8.1206
(14, 25): 0.0839, 3.0100, 5.5683
(14, 26): 0.1233, 3.0100, 5.8085
(14, 27): -0.2015, 3.0100, 1.6996
(15, 9): 0.1104, 3.0100, 2.4892
(15, 10): 0.2414, 3.0100, 8.7316
(15, 11): 0.2455, 3.0100, 9.0575
(15, 12): 0.2546, 3.0100, 8.9879
(15, 13): 0.1792, 3.0100, 3.5464
(15, 14): 0.3047, 3.0100, 1.0309
(15, 15): 0.2098, 3.0100, 7.6550
(15, 16): 0.2519, 3.0100, 8.8074
(15, 17): 0.2380, 3.0100, 8.6118
(15, 18): 0.2367, 3.0100, 8.1398
(15, 19): 0.2636, 3.0100, 8.8499
(15, 20): 0.2846, 3.0200, 8.5013
(15, 21): 0.2972, 3.0100, 8.1267
(15, 22): 0.2731, 3.0100, 8.2637
(15, 23): 0.1987, 3.0100, 8.6471
(15, 24): 0.2091, 3.0100, 8.7463
(15, 25): 0.1931, 3.0100, 9.2252
(15, 26): 0.2109, 3.0100, 8.9562
(15, 27): 0.1981, 3.0100, 6.2435
(16, 9): 0.1082, 3.0100, 3.7238
(16, 10): 0.2102, 3.0100, 9.2184
(16, 11): 0.2359, 3.0100, 9.1164
(16, 12): 0.2211, 3.0100, 8.7800
(16, 13): 0.2034, 3.0100, 3.4156
(16, 14): 0.2822, 3.0100, 8.3157
(16, 15): 0.2891, 3.0100, 8.6273
(16, 16): 0.2542, 3.0100, 8.0806
(16, 17): 0.2635, 3.0100, 7.4107
(16, 18): 0.2920, 3.0100, 8.3297
(16, 19): 0.3030, 3.0100, 8.3154
(16, 20): 0.2988, 3.0100, 8.0613
(16, 21): 0.2694, 3.0100, 8.2033
(16, 22): 0.2420, 3.0100, 8.6213
(16, 23): 0.1950, 3.0100, 9.1189
(16, 24): 0.2414, 3.0100, 8.7253
(16, 25): 0.2526, 3.0100, 8.7759
(16, 26): 0.2599, 3.0100, 8.7104
(16, 27): 0.2190, 3.0100, 5.4173
(17, 9): 0.2079, 3.0100, 6.5598
(17, 10): 0.2040, 3.0200, 9.1773
(17, 11): 0.2357, 3.0100, 9.1646
(17, 12): 0.2642, 3.0100, 8.8786
(17, 13): 0.2717, 3.0100, 7.5228
(17, 14): 0.2416, 3.0100, 7.2155
(17, 15): 0.2561, 3.0100, 8.0571
(17, 16): 0.2684, 3.0100, 7.7244
(17, 17): 0.2796, 3.0100, 8.6816
(17, 18): 0.2563, 3.0100, 8.6528
(17, 19): 0.2425, 3.0100, 8.9659
(17, 20): 0.2759, 3.0100, 8.6885
(17, 21): 0.2581, 3.0100, 8.6986
(17, 22): 0.2280, 3.0100, 9.1385
(17, 23): 0.2181, 3.0100, 8.6874
(17, 24): 0.2503, 3.0100, 8.5245
(17, 25): 0.2686, 3.0100, 8.8889
(17, 26): 0.2443, 3.0100, 7.8091
(18, 8): 0.2149, 3.0400, 1.1001
(18, 9): 0.2002, 3.0100, 8.8609
(18, 10): 0.2225, 3.0100, 9.0365
(18, 11): 0.2172, 3.0100, 9.1857
(18, 12): 0.2634, 3.0100, 8.7871
(18, 13): 0.2396, 3.0100, 9.0520
(18, 14): 0.2750, 3.0100, 8.7257
(18, 15): 0.2611, 3.0100, 9.0227
(18, 16): 0.2647, 3.0100, 8.7651
(18, 17): 0.2565, 3.0100, 8.6366
(18, 18): 0.2650, 3.0100, 8.3344
(18, 19): 0.2337, 3.0100, 9.1592
(18, 20): 0.2119, 3.0100, 9.3071
(18, 21): 0.2611, 3.0100, 8.5093
(18, 22): 0.2649, 3.0100, 8.5748
(18, 23): 0.2635, 3.0100, 9.0305
(18, 24): 0.2626, 3.0000, 8.7305
(18, 25): 0.2690, 3.0100, 8.0428
(18, 26): 0.1807, 3.0100, 2.4776
(19, 8): 0.1551, 3.0100, 5.6743
(19, 9): 0.2166, 3.0100, 9.6997
(19, 10): 0.2540, 3.0100, 9.1917
(19, 11): 0.2475, 3.0100, 8.9041
(19, 12): 0.2736, 3.0100, 8.7702
(2, 20): 0.1250, 3.0200, 1.8313
(2, 21): 0.1398, 3.0100, 1.7968
(3, 16): 0.0967, 3.0100, 3.1967
(3, 17): 0.1894, 3.0100, 3.1212
(3, 18): 0.1611, 3.0100, 2.0204
(3, 19): 0.1791, 3.0100, 2.9925
(3, 20): 0.1579, 3.0100, 1.7236
(3, 21): 0.1092, 3.0100, 2.2719
(3, 22): 0.2170, 3.0100, 5.1569
(3, 23): 0.3001, 3.0200, 7.2774
(3, 24): 0.2491, 3.0100, 6.7769
(4, 13): 0.0287, 3.0200, 2.7871
(4, 14): 0.1849, 3.0100, 4.5289
(4, 15): 0.0633, 3.0200, 2.5593
(4, 16): 0.1337, 3.0100, 2.4546
(4, 17): 0.1311, 3.0200, 2.5711
(4, 18): 0.2966, 3.0100, 5.3431
(4, 19): 0.2983, 3.0100, 6.5213
(4, 20): 0.2831, 3.0100, 7.6556
(4, 21): 0.2937, 3.0100, 7.6106
(4, 22): 0.3015, 3.0100, 7.4145
(4, 23): 0.3087, 3.0200, 7.2427
(4, 24): 0.2602, 3.0100, 7.8014
(4, 25): 0.2486, 3.0100, 5.4772
(4, 26): 0.2730, 3.0100, 1.4580
(5, 13): 0.1180, 3.0100, 3.1494
(5, 16): 0.2143, 3.0100, 4.8860
(5, 17): 0.3183, 3.0000, 7.3352
(5, 18): 0.3116, 3.0100, 7.5297
(5, 19): 0.3169, 3.0100, 7.7743
(5, 20): 0.2973, 3.0100, 7.8033
(5, 21): 0.3250, 3.0100, 7.3177
(5, 22): 0.3035, 3.0100, 7.3350
(5, 23): 0.2663, 3.0100, 7.8668
(5, 24): 0.3064, 3.0100, 7.5153
(5, 25): 0.3123, 3.0100, 7.6503
(5, 26): 0.2985, 3.0100, 7.0832
(5, 27): 0.1632, 3.0200, 3.0882
(6, 11): 0.1759, 3.0100, 3.2731
(6, 12): 0.0429, 3.0100, 1.7979
(6, 15): 0.2611, 3.0100, 5.0341
(6, 16): 0.3170, 3.0100, 7.2612
(6, 17): 0.3129, 3.0100, 7.3941
(6, 18): 0.3029, 3.0100, 7.4569
(6, 19): 0.2485, 3.0100, 8.0009
(6, 20): 0.3193, 3.0100, 7.2941
(6, 21): 0.3869, 3.0100, 7.3838
(6, 22): 0.3073, 3.0100, 7.7230
(6, 23): 0.2886, 3.0100, 7.7262
(6, 24): 0.3171, 3.0100, 7.3509
(6, 25): 0.3104, 3.0100, 7.7417
(6, 26): 0.2715, 3.0100, 7.9231
(6, 27): 0.2059, 3.0100, 3.3868
(7, 10): 0.2454, 3.0100, 0.8370
(7, 11): 0.1405, 3.0100, 3.4426
(7, 15): 0.2569, 3.0100, 7.5520
(7, 16): 0.2898, 3.0100, 7.4623
(7, 17): 0.3164, 3.0100, 7.3412
(7, 18): 0.3138, 3.0100, 7.3474
(7, 19): 0.3203, 3.0100, 7.3268
(7, 20): 0.3210, 3.0100, 7.5062
(7, 21): 0.3368, 3.0100, 7.6893
(7, 22): 0.3204, 3.0000, 7.7108
(7, 23): 0.3082, 3.0100, 7.9140
(7, 24): 0.3606, 3.0100, 7.3251
(7, 25): 0.2882, 3.0100, 7.7965
(7, 26): 0.3038, 3.0100, 7.3167
(7, 27): 0.2601, 3.0100, 5.3634
(8, 10): 0.1524, 3.0100, 4.8707
(8, 11): 0.1662, 3.0100, 4.4353
(8, 14): 0.0769, 3.0100, 3.0223
(8, 15): 0.2419, 3.0100, 7.8496
(8, 16): 0.2327, 3.0100, 8.2739
(8, 17): 0.3070, 3.0100, 7.5060
(8, 18): 0.3269, 3.0100, 7.5021
(8, 19): 0.3046, 3.0100, 7.6234
(8, 20): 0.2943, 3.0000, 7.8868
(8, 21): 0.2682, 3.0100, 8.4339
(8, 22): 0.2734, 3.0200, 8.4460
(8, 23): 0.2987, 3.0100, 8.2380
(8, 24): 0.3067, 3.0100, 8.0274
(8, 25): 0.3185, 3.0100, 7.5992
(8, 26): 0.2910, 3.0100, 7.8240
(8, 27): 0.2131, 3.0100, 5.2618
(9, 10): 0.1491, 3.0200, 4.8531
(9, 11): 0.1896, 3.0100, 1.0462
(9, 15): 0.2350, 3.0100, 7.2825
(9, 16): 0.2938, 3.0100, 7.5979
(9, 17): 0.2937, 3.0100, 7.7284
(9, 18): 0.3329, 3.0100, 7.6662
(9, 19): 0.3255, 3.0100, 7.5611
(9, 20): 0.2993, 3.0100, 7.8750
(9, 21): 0.2979, 3.0100, 8.1413
(9, 22): 0.3125, 3.0100, 7.8300
(9, 23): 0.2909, 3.0100, 8.3381
(9, 24): 0.2575, 3.0000, 8.6278
(9, 25): 0.3429, 3.0100, 7.7148
(9, 26): 0.2922, 3.0100, 7.8313
(9, 27): 0.0623, 3.0200, 2.5706
(19, 13): 0.2542, 3.0100, 9.0641
(19, 14): 0.2404, 3.0100, 9.0322
(19, 15): 0.2573, 3.0100, 8.8917
(19, 16): 0.2713, 3.0100, 8.6058
(19, 17): 0.2912, 3.0100, 8.0047
(19, 18): 0.2321, 3.0100, 9.1351
(19, 19): 0.2369, 3.0100, 9.1427
(19, 20): 0.2338, 3.0100, 9.1716
(19, 21): 0.2326, 3.0100, 9.0393
(19, 22): 0.3013, 3.0100, 8.4831
(19, 23): 0.3088, 3.0100, 8.5483
(19, 24): 0.3075, 3.0100, 8.3956
(19, 25): 0.2607, 3.0100, 6.3318
(19, 26): -0.0920, 3.0500, 1.7922
(20, 7): 0.1741, 3.0100, 2.4008
(20, 8): 0.2432, 3.0100, 9.1542
(20, 9): 0.2405, 3.0100, 9.2496
(20, 10): 0.2535, 3.0100, 9.1333
(20, 11): 0.2847, 3.0100, 8.5886
(20, 12): 0.3153, 3.0100, 8.2590
(20, 13): 0.2576, 3.0100, 8.8487
(20, 14): 0.2635, 3.0100, 8.7366
(20, 15): 0.2657, 3.0100, 8.9028
(20, 16): 0.2660, 3.0100, 8.6469
(20, 17): 0.2408, 3.0100, 8.6781
(20, 18): 0.2495, 3.0100, 8.8155
(20, 19): 0.2529, 3.0100, 8.8910
(20, 20): 0.2763, 3.0100, 8.6720
(20, 21): 0.2572, 3.0100, 8.9077
(20, 22): 0.2934, 3.0100, 8.6191
(20, 23): 0.3107, 3.0100, 8.4521
(20, 24): 0.2961, 3.0100, 8.8663
(20, 25): 0.2934, 3.0100, 8.3103
(20, 26): 0.1628, 3.0100, 2.6123
(21, 6): 0.1265, 3.0100, 2.6059
(21, 7): 0.2569, 3.0100, 7.9389
(21, 8): 0.2434, 3.0100, 9.1601
(21, 9): 0.2716, 3.0100, 8.8825
(21, 10): 0.3025, 3.0000, 8.6252
(21, 11): 0.3086, 3.0100, 8.4171
(21, 12): 0.2926, 3.0100, 8.4137
(21, 13): 0.2784, 3.0100, 8.4825
(21, 14): 0.2568, 3.0100, 8.8848
(21, 15): 0.2726, 3.0100, 8.7875
(21, 16): 0.2239, 3.0100, 9.0249
(21, 17): 0.2441, 3.0100, 8.5499
(21, 18): 0.3194, 3.0000, 8.0696
(21, 19): 0.2549, 3.0100, 8.7238
(21, 20): 0.2886, 3.0100, 8.2991
(21, 21): 0.2612, 3.0100, 7.2145
(21, 22): 0.2457, 3.0100, 7.8425
(21, 23): 0.2545, 3.0100, 7.4775
(21, 24): 0.1791, 3.0100, 4.5329
(22, 6): 0.2287, 3.0100, 6.1529
(22, 7): 0.2854, 3.0100, 8.2986
(22, 8): 0.2569, 3.0100, 8.6786
(22, 9): 0.2693, 3.0100, 8.9173
(22, 10): 0.2601, 3.0100, 8.6609
(22, 11): 0.2701, 3.0200, 8.5955
(22, 12): 0.2995, 3.0100, 8.2108
(22, 13): 0.3136, 3.0100, 8.1035
(22, 14): 0.2830, 3.0100, 8.4339
(22, 15): 0.3083, 3.0100, 8.2756
(22, 16): 0.2417, 3.0100, 8.9466
(22, 17): 0.2314, 3.0100, 8.9048
(22, 18): 0.2751, 3.0100, 8.3137
(22, 19): 0.2426, 3.0100, 8.6353
(22, 20): 0.2426, 3.0100, 6.8327
(22, 21): 0.2830, 3.0100, 1.7714
(23, 5): 0.1912, 3.0100, 2.8758
(23, 6): 0.2325, 3.0100, 5.3219
(23, 7): 0.2427, 3.0100, 6.6220
(23, 8): 0.2453, 3.0100, 8.1463
(23, 9): 0.2387, 3.0100, 8.7085
(23, 10): 0.2534, 3.0100, 8.6116
(23, 11): 0.2894, 3.0100, 8.3045
(23, 12): 0.3071, 3.0100, 7.9931
(23, 13): 0.3093, 3.0100, 8.0668
(23, 14): 0.2806, 3.0100, 8.4355
(23, 15): 0.3181, 3.0100, 7.9626
(23, 16): 0.2749, 3.0100, 8.4019
(23, 17): 0.2490, 3.0100, 8.7070
(23, 18): 0.2785, 3.0100, 8.3912
(23, 19): 0.2917, 3.0100, 8.4078
(23, 20): 0.2569, 3.0100, 7.2118
(24, 4): 0.1709, 3.0100, 2.3362
(24, 5): 0.1942, 3.0100, 3.9104
(24, 6): 0.1957, 3.0100, 3.9801
(24, 7): 0.2893, 3.0100, 6.9654
(24, 8): 0.1947, 3.0100, 5.9581
(24, 9): 0.1782, 3.0100, 7.8776
(24, 10): 0.1976, 3.0100, 7.4200
(24, 11): 0.2573, 3.0100, 8.4122
(24, 12): 0.3087, 3.0100, 8.3785
(24, 13): 0.3039, 3.0100, 8.0872
(24, 14): 0.3455, 3.0200, 7.6263
(24, 15): 0.3183, 3.0100, 7.9603
(24, 16): 0.3017, 3.0100, 8.1116
(24, 17): 0.2883, 3.0100, 8.4239
(24, 18): 0.2853, 3.0100, 8.4127
(24, 19): 0.2825, 3.0100, 8.6668
(24, 20): 0.2654, 3.0100, 8.6216
(24, 21): 0.2297, 3.0100, 5.7361
(25, 4): 0.2173, 3.0100, 5.1701
(25, 5): 0.2354, 3.0100, 6.1136
(25, 6): 0.2832, 3.0200, 7.3770
(25, 7): 0.1772, 3.0100, 4.7932
(25, 8): 0.1963, 3.0000, 7.6094
(25, 9): 0.2241, 3.0100, 8.2596
(25, 10): 0.2264, 3.0200, 8.7305
(25, 11): 0.2613, 3.0100, 8.3600
(25, 12): 0.2538, 3.0200, 8.4679
(25, 13): 0.2761, 3.0100, 8.3619
(25, 14): 0.3274, 3.0100, 8.0560
(25, 15): 0.3050, 3.0100, 8.4088
(25, 16): 0.3217, 3.0100, 8.2274
(25, 17): 0.3351, 3.0100, 8.0276
(25, 18): 0.3096, 3.0100, 8.1412
(25, 19): 0.2934, 3.0100, 8.5617
(25, 20): 0.2747, 3.0100, 8.7163
(25, 21): 0.2835, 3.0100, 8.4160
(25, 22): 0.1841, 3.0100, 4.4527
(26, 2): 0.1681, 3.0100, 0.8817
(26, 3): 0.1531, 3.0100, 3.9216
(26, 4): 0.2433, 3.0100, 4.8858
(26, 5): 0.1963, 3.0100, 5.1678
(26, 6): 0.2050, 3.0100, 4.7517
(26, 7): 0.2436, 3.0100, 7.6452
(26, 8): 0.2484, 3.0100, 8.2852
(26, 9): 0.2193, 3.0000, 8.8108
(26, 10): 0.2188, 3.0100, 8.7294
(26, 11): 0.2516, 3.0100, 8.5740
(26, 12): 0.2910, 3.0100, 8.1895
(26, 13): 0.3439, 3.0100, 7.8280
(26, 14): 0.3582, 3.0200, 7.8322
(26, 15): 0.3279, 3.0100, 8.0281
(26, 16): 0.3268, 3.0100, 8.0764
(26, 17): 0.3239, 3.0100, 7.8973
(26, 18): 0.2709, 3.0100, 8.4150
(26, 19): 0.2807, 3.0200, 8.3930
(26, 20): 0.3023, 3.0100, 8.2794
(26, 21): 0.2799, 3.0100, 8.5767
(26, 22): 0.2482, 3.0100, 6.9598
(27, 2): 0.1520, 3.0100, 3.7916
(27, 3): 0.2102, 3.0100, 8.2357
(27, 4): 0.2793, 3.0100, 8.1030
(27, 5): 0.3023, 3.0100, 8.5369
(27, 6): 0.2433, 3.0100, 7.4904
(27, 7): 0.1395, 3.0100, 3.7520
(27, 8): 0.2294, 3.0100, 7.2333
(27, 9): 0.1911, 3.0100, 7.0687
(27, 10): 0.2131, 3.0100, 6.9988
(27, 11): 0.2830, 3.0100, 6.5823
(27, 12): 0.2957, 3.0100, 4.0980
(27, 13): 0.3118, 3.0100, 6.7864
(27, 14): 0.2998, 3.0100, 5.9782
(27, 15): 0.3149, 3.0100, 8.2689
(27, 16): 0.3509, 3.0100, 7.6709
(27, 17): 0.3177, 3.0100, 7.9953
(27, 18): 0.2942, 3.0100, 8.2680
(27, 19): 0.3114, 3.0100, 8.2256
(27, 20): 0.2929, 3.0100, 8.4556
(27, 21): 0.3142, 3.0100, 8.0834
(27, 22): 0.2327, 3.0100, 7.0439
(28, 2): 0.2421, 3.0100, 1.2948
(28, 3): 0.1722, 3.0100, 4.4619
(28, 4): 0.2133, 3.0000, 4.6502
(28, 5): 0.2449, 3.0100, 7.2535
(28, 6): 0.2197, 3.0100, 4.4781
(28, 7): 0.2188, 3.0100, 4.5720
(28, 8): 0.2465, 3.0100, 6.3407
(28, 9): 0.2042, 3.0100, 5.4783
(28, 14): 0.2938, 3.0100, 2.3435
(28, 15): 0.3293, 3.0100, 7.8307
(28, 16): 0.3413, 3.0100, 7.9359
(28, 17): 0.3012, 3.0100, 8.0046
(28, 18): 0.2813, 3.0100, 8.1333
(28, 19): 0.2850, 3.0100, 8.1952
(28, 20): 0.2880, 3.0100, 8.1693
(28, 21): 0.3300, 3.0200, 7.6666
(28, 22): 0.2159, 3.0100, 4.2087
(29, 2): 0.2656, 3.0100, 7.6977
(29, 3): 0.2449, 3.0100, 8.5964
(29, 4): 0.2280, 3.0100, 7.2588
(29, 5): 0.2210, 3.0100, 6.5376
(29, 6): 0.3065, 3.0100, 7.9426
(29, 7): 0.3050, 3.0100, 6.5906
(29, 8): 0.1804, 3.0100, 1.3684
(29, 15): 0.3255, 3.0100, 2.0203
(29, 16): 0.2695, 3.0100, 4.4247
(29, 17): 0.3332, 3.0200, 1.0170
(29, 18): 0.2464, 3.0000, 6.7683
(29, 19): 0.2845, 3.0100, 8.1503
(29, 20): 0.3057, 3.0100, 7.8494
(29, 21): 0.2889, 3.0100, 7.8264
(29, 22): 0.1945, 3.0100, 2.3846
(30, 2): 0.2401, 3.0100, 5.2336
(30, 3): 0.1414, 3.0100, 2.9289
(30, 4): 0.1644, 3.0100, 2.4658
(30, 5): 0.3059, 3.0100, 7.0501
(30, 6): 0.3180, 3.0100, 6.3177
(30, 7): 0.2889, 3.0100, 2.3153
(30, 19): 0.2306, 3.0100, 2.3707
(30, 20): 0.3103, 3.0100, 6.1643
(30, 21): 0.2919, 3.0100, 7.2068
(30, 22): 0.2053, 3.0100, 2.9149
(31, 19): 0.1515, 3.0100, 1.8959
(31, 20): 0.3196, 3.0000, 6.7238
(31, 21): 0.1375, 3.0100, 2.4704
(32, 19): 0.1321, 3.0100, 2.7244
(32, 20): 0.3001, 3.0100, 7.9756
(32, 21): 0.2498, 3.0100, 5.8383
(32, 22): 0.0831, 3.0200, 2.0824
(33, 19): 0.2602, 3.0100, 5.4665
(33, 20): 0.3168, 3.0100, 8.0112
(33, 21): 0.2878, 3.0100, 8.4077
(33, 22): 0.1859, 3.0100, 4.3244
(34, 19): 0.2391, 3.0100, 4.9470
(34, 20): 0.3283, 3.0200, 7.6332
(34, 21): 0.2704, 3.0100, 8.5386
(34, 22): 0.2682, 3.0100, 1.8008
