(10, 10): 0.1154, 0.7506, 0.3825
(10, 11): 0.2108, 0.7706, 0.1329
(10, 12): 0.1053, 0.7506, 0.4264
(10, 14): -4.1194, 0.7640, 0.8100
(10, 15): 0.1898, 0.7506, 0.6043
(10, 16): 0.1237, 0.7506, 0.7173
(10, 17): 0.1684, 0.7525, 0.7395
(10, 18): 0.1604, 0.7506, 0.7660
(10, 19): 0.1377, 0.7506, 0.7973
(10, 20): 0.1473, 0.7506, 0.7704
(10, 21): 0.1443, 0.7519, 0.8471
(10, 22): 0.1275, 0.7506, 0.8085
(10, 23): 0.1249, 0.7506, 0.8002
(10, 24): 0.2177, 0.7531, 0.7105
(10, 25): 0.1796, 0.7506, 0.7477
(10, 26): 0.1914, 0.7513, 0.6739
(11, 10): 1.2463, 0.7506, 0.3374
(11, 11): 0.0581, 0.7506, 0.7521
(11, 12): 0.1097, 0.7506, 0.7186
(11, 13): 0.0218, 0.7563, 0.2984
(11, 16): 1.8261, 0.7731, 0.0890
(11, 17): 0.1912, 0.7506, 0.7095
(11, 18): 0.1773, 0.7506, 0.7218
(11, 19): 0.1709, 0.7513, 0.7812
(11, 20): 0.2117, 0.7506, 0.7117
(11, 21): 0.1563, 0.7506, 0.8042
(11, 22): 0.1166, 0.7531, 0.8237
(11, 23): 0.1231, 0.7506, 0.7518
(11, 24): 0.0976, 0.7512, 0.7840
(11, 25): 0.1601, 0.7506, 0.7489
(11, 26): 0.1203, 0.7525, 0.6999
(12, 10): 0.0247, 0.7519, 0.7592
(12, 11): 0.0360, 0.7506, 0.8244
(12, 12): 0.1537, 0.7506, 0.7421
(12, 13): 0.2093, 0.7513, 0.5455
(12, 14): 0.3771, 0.7525, 0.3131
(12, 16): 0.5035, 0.7556, 0.1935
(12, 17): 0.1591, 0.7538, 0.7111
(12, 18): 0.1535, 0.7512, 0.7809
(12, 19): 0.1595, 0.7506, 0.7763
(12, 20): 0.1243, 0.7506, 0.8342
(12, 21): 0.1786, 0.7506, 0.7745
(12, 22): 0.1353, 0.7519, 0.7981
(12, 23): 0.0981, 0.7512, 0.8168
(12, 24): 0.1594, 0.7525, 0.6642
(12, 25): 0.0611, 0.7588, 0.3244
(12, 26): 0.3416, 0.7519, 0.2292
(13, 10): 0.0303, 0.7506, 0.8199
(13, 11): 0.0785, 0.7506, 0.8260
(13, 12): 0.1145, 0.7512, 0.7531
(13, 13): 0.2354, 0.7531, 0.5454
(13, 14): 0.4905, 0.7738, 0.2693
(13, 16): 1.0352, 0.7581, 0.0848
(13, 17): 0.1564, 0.7512, 0.5401
(13, 18): 0.1451, 0.7512, 0.7033
(13, 19): 0.1624, 0.7512, 0.7881
(13, 20): 0.1460, 0.7506, 0.7957
(13, 21): 0.1641, 0.7506, 0.7901
(13, 22): 0.1704, 0.7506, 0.7816
(13, 23): 0.1898, 0.7513, 0.7382
(13, 24): 0.2069, 0.7500, 0.5951
(14, 10): 0.0887, 0.7531, 0.8201
(14, 11): 0.1316, 0.7506, 0.8172
(14, 12): 0.1824, 0.7512, 0.6890
(14, 15): -2.0622, 0.7588, 1.6135
(14, 16): 0.2046, 0.7512, 0.5711
(14, 17): 0.1690, 0.7512, 0.7338
(14, 18): 0.1821, 0.7506, 0.7909
(14, 19): 0.1598, 0.7538, 0.8095
(14, 20): 0.1774, 0.7500, 0.7796
(14, 21): 0.1758, 0.7512, 0.7717
(14, 22): 0.1828, 0.7512, 0.7401
(14, 23): 0.1536, 0.7506, 0.7547
(14, 24): 0.1087, 0.7506, 0.6897
(14, 25): 0.0910, 0.7519, 0.3855
(14, 26): 0.0880, 0.7500, 0.4539
(15, 9): 0.3879, 0.7650, 0.1893
(15, 10): 0.1135, 0.7519, 0.7842
(15, 11): 0.1538, 0.7512, 0.7765
(15, 12): 0.1894, 0.7519, 0.7355
(15, 13): 0.1378, 0.7537, 0.2989
(15, 14): -1.7834, 0.7641, 0.4808
(15, 15): 0.1795, 0.7506, 0.6172
(15, 16): 0.1313, 0.7519, 0.7873
(15, 17): 0.1617, 0.7531, 0.7162
(15, 18): 0.1386, 0.7525, 0.7243
(15, 19): 0.1670, 0.7506, 0.7780
(15, 20): 0.1847, 0.7569, 0.7756
(15, 21): 0.1785, 0.7537, 0.7546
(15, 22): 0.1495, 0.7506, 0.7573
(15, 23): 0.0800, 0.7506, 0.7798
(15, 24): 0.0677, 0.7506, 0.7811
(15, 25): 0.0374, 0.7525, 0.8188
(15, 26): 0.0805, 0.7506, 0.7798
(15, 27): 0.1976, 0.7519, 0.4881
(16, 9): 0.2369, 0.7562, 0.2409
(16, 10): 0.1006, 0.7513, 0.7937
(16, 11): 0.1570, 0.7506, 0.7632
(16, 12): 0.1753, 0.7506, 0.6910
(16, 13): 0.1728, 0.7562, 0.3309
(16, 14): 0.2294, 0.7513, 0.7011
(16, 15): 0.1546, 0.7506, 0.8103
(16, 16): 0.2349, 0.7506, 0.6380
(16, 17): 0.1753, 0.7513, 0.6621
(16, 18): 0.1533, 0.7506, 0.8035
(16, 19): 0.1939, 0.7512, 0.7767
(16, 20): 0.2715, 0.7506, 0.6709
(16, 21): 0.1794, 0.7506, 0.7285
(16, 22): 0.1220, 0.7506, 0.7737
(16, 23): 0.0967, 0.7506, 0.7527
(16, 24): 0.0767, 0.7506, 0.8173
(16, 25): 0.0807, 0.7506, 0.8310
(16, 26): 0.1684, 0.7506, 0.7497
(16, 27): 0.2104, 0.7512, 0.4556
(17, 9): 0.1889, 0.7506, 0.5097
(17, 10): 0.1503, 0.7506, 0.7225
(17, 11): 0.1983, 0.7519, 0.7226
(17, 12): 0.1747, 0.7506, 0.7585
(17, 13): 0.2462, 0.7506, 0.6227
(17, 14): 0.2084, 0.7512, 0.5813
(17, 15): 0.1157, 0.7519, 0.7477
(17, 16): 0.1758, 0.7513, 0.6820
(17, 17): 0.2029, 0.7506, 0.7502
(17, 18): 0.1323, 0.7506, 0.7792
(17, 19): 0.1784, 0.7513, 0.7403
(17, 20): 0.2148, 0.7506, 0.7394
(17, 21): 0.1335, 0.7506, 0.7947
(17, 22): 0.1551, 0.7506, 0.7659
(17, 23): 0.1346, 0.7513, 0.7272
(17, 24): 0.1087, 0.7506, 0.7829
(17, 25): 0.1069, 0.7506, 0.8515
(17, 26): 0.1704, 0.7531, 0.6738
(18, 8): -2.1079, 0.7611, 1.1110
(18, 9): 0.1491, 0.7512, 0.6882
(18, 10): 0.1459, 0.7544, 0.7503
(18, 11): 0.1089, 0.7506, 0.7955
(18, 12): 0.1616, 0.7506, 0.7821
(18, 13): 0.1582, 0.7513, 0.7636
(18, 14): 0.1614, 0.7519, 0.7930
(18, 15): 0.1770, 0.7506, 0.7686
(18, 16): 0.1997, 0.7525, 0.7397
(18, 17): 0.1773, 0.7506, 0.7348
(18, 18): 0.1374, 0.7506, 0.7673
(18, 19): 0.1664, 0.7519, 0.7515
(18, 20): 0.1838, 0.7506, 0.7356
(18, 21): 0.2053, 0.7506, 0.7063
(18, 22): 0.1625, 0.7506, 0.7724
(18, 23): 0.1897, 0.7506, 0.7494
(18, 24): 0.1164, 0.7512, 0.8166
(18, 25): 0.1347, 0.7506, 0.7483
(18, 26): 0.0389, 0.7531, 0.2842
(19, 8): 0.1287, 0.7506, 0.4534
(19, 9): 0.1246, 0.7506, 0.8138
(19, 10): 0.1585, 0.7513, 0.7861
(19, 11): 0.1574, 0.7513, 0.7652
(19, 12): 0.1619, 0.7506, 0.7920
(2, 20): 1.0766, 0.7531, 0.0498
(2, 21): -1.4341, 0.7613, 0.4561
(3, 16): -0.0516, 0.7533, 0.2527
(3, 17): -0.0593, 0.7512, 0.3330
(3, 18): -1.1371, 0.7620, 0.3993
(3, 19): 0.2413, 0.7537, 0.2136
(3, 20): 1.1822, 0.7825, 0.0296
(3, 21): -0.4807, 0.7944, 0.2522
(3, 22): 0.0853, 0.7506, 0.4730
(3, 23): 0.1033, 0.7525, 0.7412
(3, 24): 0.0720, 0.7519, 0.6771
(4, 13): 1.2611, 0.7519, 0.0761
(4, 14): 0.0939, 0.7544, 0.3729
(4, 15): 0.2813, 0.7825, 0.1359
(4, 16): -1.0918, 0.7503, 0.5640
(4, 17): -0.3029, 0.7515, 0.3103
(4, 18): 0.1195, 0.7525, 0.5775
(4, 19): 0.0548, 0.7537, 0.7366
(4, 20): 0.0527, 0.7506, 0.8027
(4, 21): 0.0951, 0.7506, 0.7805
(4, 22): 0.1086, 0.7513, 0.7719
(4, 23): 0.1216, 0.7519, 0.7556
(4, 24): 0.1798, 0.7506, 0.6822
(4, 25): 0.2170, 0.7519, 0.4867
(4, 26): 0.1814, 0.8031, 0.2711
(5, 13): -0.1946, 0.7650, 0.3439
(5, 16): 0.1170, 0.7531, 0.4502
(5, 17): 0.0795, 0.7506, 0.8375
(5, 18): 0.1284, 0.7519, 0.8039
(5, 19): 0.0999, 0.7525, 0.8240
(5, 20): 0.0813, 0.7506, 0.8354
(5, 21): 0.1002, 0.7506, 0.8253
(5, 22): 0.1200, 0.7519, 0.7766
(5, 23): 0.1525, 0.7519, 0.7197
(5, 24): 0.1731, 0.7506, 0.7248
(5, 25): 0.2663, 0.7506, 0.6533
(5, 26): 0.2029, 0.7512, 0.6693
(5, 27): 0.3817, 0.7506, 0.2099
(6, 11): 0.0163, 0.7525, 0.3490
(6, 12): -1.5799, 0.7675, 0.1244
(6, 15): 0.1095, 0.7513, 0.4945
(6, 16): 0.1134, 0.7525, 0.7774
(6, 17): 0.1208, 0.7519, 0.7544
(6, 18): 0.1256, 0.7519, 0.7490
(6, 19): 0.1382, 0.7506, 0.7165
(6, 20): 0.1020, 0.7512, 0.7943
(6, 21): 0.0905, 0.7506, 0.8826
(6, 22): 0.1248, 0.7512, 0.8156
(6, 23): 0.1846, 0.7506, 0.7142
(6, 24): 0.1793, 0.7512, 0.7326
(6, 25): 0.2067, 0.7506, 0.7374
(6, 26): 0.2154, 0.7506, 0.6953
(6, 27): 0.1699, 0.7506, 0.3206
(7, 11): 0.2711, 0.7537, 0.2410
(7, 15): 0.0864, 0.7506, 0.7487
(7, 16): 0.1004, 0.7506, 0.7682
(7, 17): 0.1050, 0.7512, 0.7827
(7, 18): 0.1256, 0.7512, 0.7754
(7, 19): 0.1285, 0.7513, 0.7823
(7, 20): 0.1513, 0.7506, 0.7788
(7, 21): 0.1443, 0.7506, 0.8282
(7, 22): 0.1761, 0.7513, 0.7556
(7, 23): 0.1708, 0.7506, 0.7809
(7, 24): 0.2111, 0.7506, 0.7814
(7, 25): 0.1927, 0.7512, 0.7006
(7, 26): 0.1581, 0.7519, 0.7525
(7, 27): 0.2006, 0.7519, 0.4885
(8, 10): 0.1390, 0.7519, 0.3602
(8, 11): 0.1406, 0.7512, 0.3841
(8, 14): -0.0114, 0.7519, 0.2081
(8, 15): 0.0989, 0.7513, 0.7314
(8, 16): 0.1153, 0.7512, 0.7256
(8, 17): 0.1021, 0.7519, 0.7817
(8, 18): 0.1510, 0.7506, 0.7722
(8, 19): 0.1264, 0.7512, 0.7947
(8, 20): 0.0881, 0.7512, 0.8347
(8, 21): 0.1058, 0.7512, 0.8148
(8, 22): 0.1284, 0.7512, 0.7921
(8, 23): 0.1828, 0.7506, 0.7664
(8, 24): 0.2091, 0.7512, 0.7238
(8, 25): 0.2562, 0.7519, 0.6744
(8, 26): 0.1467, 0.7506, 0.7657
(8, 27): 0.1381, 0.7506, 0.4563
(9, 10): 0.1624, 0.7506, 0.3544
(9, 15): 0.1541, 0.7506, 0.6300
(9, 16): 0.1517, 0.7506, 0.7325
(9, 17): 0.1326, 0.7506, 0.7645
(9, 18): 0.1714, 0.7506, 0.7849
(9, 19): 0.1373, 0.7544, 0.7930
(9, 20): 0.1057, 0.7525, 0.8258
(9, 21): 0.1169, 0.7506, 0.8408
(9, 22): 0.1468, 0.7506, 0.7948
(9, 23): 0.2120, 0.7506, 0.7242
(9, 24): 0.1738, 0.7506, 0.7507
(9, 25): 0.1837, 0.7506, 0.8042
(9, 26): 0.1042, 0.7525, 0.8087
(9, 27): 0.1601, 0.7944, 0.1746
(19, 13): 0.1369, 0.7506, 0.8008
(19, 14): 0.1400, 0.7512, 0.7853
(19, 15): 0.1656, 0.7512, 0.7763
(19, 16): 0.1653, 0.7519, 0.7700
(19, 17): 0.1822, 0.7512, 0.7191
(19, 18): 0.1565, 0.7519, 0.7574
(19, 19): 0.1898, 0.7512, 0.7392
(19, 20): 0.1798, 0.7506, 0.7503
(19, 21): 0.2125, 0.7506, 0.6923
(19, 22): 0.1605, 0.7506, 0.8243
(19, 23): 0.1902, 0.7512, 0.7988
(19, 24): 0.1456, 0.7537, 0.8406
(19, 25): 0.1658, 0.7512, 0.5633
(20, 7): 0.2906, 0.7612, 0.2268
(20, 8): 0.1356, 0.7513, 0.8007
(20, 9): 0.1274, 0.7506, 0.8179
(20, 10): 0.1520, 0.7506, 0.7911
(20, 11): 0.1593, 0.7525, 0.8040
(20, 12): 0.1918, 0.7506, 0.7824
(20, 13): 0.1730, 0.7512, 0.7660
(20, 14): 0.1826, 0.7512, 0.7403
(20, 15): 0.1694, 0.7544, 0.7802
(20, 16): 0.1324, 0.7506, 0.7949
(20, 17): 0.1367, 0.7513, 0.7614
(20, 18): 0.1908, 0.7513, 0.7233
(20, 19): 0.1543, 0.7506, 0.7781
(20, 20): 0.1410, 0.7519, 0.8120
(20, 21): 0.1414, 0.7525, 0.7990
(20, 22): 0.1809, 0.7512, 0.8002
(20, 23): 0.1812, 0.7519, 0.7988
(20, 24): 0.1240, 0.7512, 0.8766
(20, 25): 0.1366, 0.7506, 0.8021
(20, 26): -0.1294, 0.7531, 0.3990
(21, 6): 0.3960, 0.7550, 0.1969
(21, 7): 0.1894, 0.7506, 0.6740
(21, 8): 0.1629, 0.7506, 0.7818
(21, 9): 0.1823, 0.7506, 0.7904
(21, 10): 0.2147, 0.7519, 0.7759
(21, 11): 0.2255, 0.7531, 0.7555
(21, 12): 0.2281, 0.7506, 0.7291
(21, 13): 0.1812, 0.7525, 0.7644
(21, 14): 0.1572, 0.7513, 0.7772
(21, 15): 0.1965, 0.7525, 0.7536
(21, 16): 0.1251, 0.7506, 0.7789
(21, 17): 0.1214, 0.7512, 0.7718
(21, 18): 0.1686, 0.7506, 0.7638
(21, 19): 0.1852, 0.7506, 0.7312
(21, 20): 0.2069, 0.7506, 0.7326
(21, 21): 0.1520, 0.7506, 0.6828
(21, 22): 0.1362, 0.7519, 0.7173
(21, 23): 0.1223, 0.7506, 0.7095
(21, 24): 0.1315, 0.7506, 0.3702
(22, 6): 1.2455, 0.7506, 0.3387
(22, 7): 0.2226, 0.7506, 0.7191
(22, 8): 0.1890, 0.7506, 0.7384
(22, 9): 0.1791, 0.7506, 0.7709
(22, 10): 0.1997, 0.7519, 0.7267
(22, 11): 0.1919, 0.7506, 0.7546
(22, 12): 0.1914, 0.7506, 0.7694
(22, 13): 0.1674, 0.7506, 0.8057
(22, 14): 0.1481, 0.7513, 0.7969
(22, 15): 0.1289, 0.7506, 0.8223
(22, 16): 0.1437, 0.7519, 0.7618
(22, 17): 0.1093, 0.7506, 0.7955
(22, 18): 0.1384, 0.7512, 0.7728
(22, 19): 0.1310, 0.7506, 0.7714
(22, 20): 0.1636, 0.7513, 0.5960
(22, 21): -0.2183, 0.7600, 0.8104
(23, 5): -0.0129, 0.7650, 0.3793
(23, 6): 0.2241, 0.7506, 0.4559
(23, 7): 0.1525, 0.7513, 0.6155
(23, 8): 0.1199, 0.7513, 0.7279
(23, 9): 0.1251, 0.7506, 0.7787
(23, 10): 0.1239, 0.7519, 0.7860
(23, 11): 0.1473, 0.7506, 0.7999
(23, 12): 0.1394, 0.7506, 0.8127
(23, 13): 0.1400, 0.7506, 0.8161
(23, 14): 0.1233, 0.7506, 0.8349
(23, 15): 0.1430, 0.7512, 0.8251
(23, 16): 0.1450, 0.7506, 0.7861
(23, 17): 0.1649, 0.7506, 0.7394
(23, 18): 0.1619, 0.7512, 0.7685
(23, 19): 0.2065, 0.7506, 0.7365
(23, 20): 0.1224, 0.7506, 0.6699
(24, 4): 0.0327, 0.7513, 0.2229
(24, 5): 0.2017, 0.7506, 0.3331
(24, 6): 0.2366, 0.7506, 0.3547
(24, 7): 0.2298, 0.7513, 0.6268
(24, 8): 0.0637, 0.7525, 0.5651
(24, 9): 0.0975, 0.7519, 0.6473
(24, 10): 0.0476, 0.7506, 0.6705
(24, 11): 0.0799, 0.7506, 0.8191
(24, 12): 0.1926, 0.7512, 0.7951
(24, 13): 0.1153, 0.7506, 0.8382
(24, 14): 0.1037, 0.7506, 0.8815
(24, 15): 0.2049, 0.7506, 0.7713
(24, 16): 0.1928, 0.7506, 0.7554
(24, 17): 0.1552, 0.7506, 0.8025
(24, 18): 0.1918, 0.7519, 0.7608
(24, 19): 0.1507, 0.7506, 0.8116
(24, 20): 0.1078, 0.7512, 0.8374
(24, 21): 0.1546, 0.7512, 0.4902
(25, 4): 0.2004, 0.7512, 0.4336
(25, 5): 0.1945, 0.7500, 0.5314
(25, 6): 0.2487, 0.7512, 0.6466
(25, 7): 0.2126, 0.7506, 0.3664
(25, 8): 0.0948, 0.7512, 0.6441
(25, 9): 0.1281, 0.7506, 0.7149
(25, 10): 0.1370, 0.7537, 0.7524
(25, 11): 0.1688, 0.7512, 0.7444
(25, 12): 0.2157, 0.7513, 0.6945
(25, 13): 0.1810, 0.7506, 0.7604
(25, 14): 0.1708, 0.7506, 0.8376
(25, 15): 0.2069, 0.7506, 0.7888
(25, 16): 0.2353, 0.7506, 0.7587
(25, 17): 0.2153, 0.7513, 0.7687
(25, 18): 0.2298, 0.7506, 0.7251
(25, 19): 0.1777, 0.7519, 0.7921
(25, 20): 0.1383, 0.7506, 0.8044
(25, 21): 0.1114, 0.7537, 0.8296
(25, 22): 0.2278, 0.7512, 0.3416
(26, 3): 0.1521, 0.7519, 0.3376
(26, 4): 0.1531, 0.7512, 0.4607
(26, 5): 0.1748, 0.7513, 0.4296
(26, 6): 0.2218, 0.7506, 0.3969
(26, 7): 0.1212, 0.7506, 0.6842
(26, 8): 0.0902, 0.7506, 0.7774
(26, 9): 0.1861, 0.7512, 0.6885
(26, 10): 0.1797, 0.7519, 0.6828
(26, 11): 0.2376, 0.7544, 0.6579
(26, 12): 0.2129, 0.7525, 0.7283
(26, 13): 0.1926, 0.7506, 0.7891
(26, 14): 0.1906, 0.7506, 0.8232
(26, 15): 0.2590, 0.7519, 0.7130
(26, 16): 0.2185, 0.7506, 0.7813
(26, 17): 0.1842, 0.7506, 0.7823
(26, 18): 0.2062, 0.7537, 0.7139
(26, 19): 0.1504, 0.7506, 0.7766
(26, 20): 0.1591, 0.7544, 0.7787
(26, 21): 0.1138, 0.7525, 0.8329
(26, 22): 0.1234, 0.7512, 0.6395
(27, 2): 0.1171, 0.7525, 0.3344
(27, 3): 0.1664, 0.7519, 0.6587
(27, 4): 0.1874, 0.7506, 0.7384
(27, 5): 0.1587, 0.7506, 0.8034
(27, 6): 0.1657, 0.7506, 0.6474
(27, 7): 0.1392, 0.7581, 0.3018
(27, 8): 0.1790, 0.7519, 0.6029
(27, 9): 0.1692, 0.7550, 0.5576
(27, 10): 0.1564, 0.7506, 0.5798
(27, 11): 0.2482, 0.7519, 0.5758
(27, 12): 0.2479, 0.7537, 0.4122
(27, 13): 0.2062, 0.7519, 0.6689
(27, 14): 0.2573, 0.7544, 0.5445
(27, 15): 0.1882, 0.7512, 0.8048
(27, 16): 0.1751, 0.7513, 0.8203
(27, 17): 0.1944, 0.7519, 0.7811
(27, 18): 0.1556, 0.7512, 0.8020
(27, 19): 0.2012, 0.7525, 0.7778
(27, 20): 0.1778, 0.7512, 0.7779
(27, 21): 0.1278, 0.7506, 0.8135
(27, 22): 0.1924, 0.7506, 0.5994
(28, 2): -1.6690, 0.7628, 0.2990
(28, 3): 0.2107, 0.7512, 0.3438
(28, 4): 0.2493, 0.7525, 0.3875
(28, 5): 0.2085, 0.7506, 0.5949
(28, 6): 0.0678, 0.7550, 0.4764
(28, 7): 1.1838, 0.7519, 0.2721
(28, 8): 0.2339, 0.7537, 0.5300
(28, 9): 0.1790, 0.7537, 0.4760
(28, 14): 0.2528, 0.7638, 0.3802
(28, 15): 0.2727, 0.7506, 0.6975
(28, 16): 0.2734, 0.7506, 0.7102
(28, 17): 0.1658, 0.7519, 0.7647
(28, 18): 0.1845, 0.7512, 0.7334
(28, 19): 0.1741, 0.7506, 0.7499
(28, 20): 0.1466, 0.7506, 0.8088
(28, 21): 0.1839, 0.7519, 0.7779
(28, 22): 0.1832, 0.7512, 0.3871
(29, 2): 0.1952, 0.7506, 0.6784
(29, 3): 0.1057, 0.7506, 0.8091
(29, 4): 0.1335, 0.7525, 0.6396
(29, 5): 0.1994, 0.7513, 0.5236
(29, 6): 0.2131, 0.7506, 0.7364
(29, 7): 0.2135, 0.7512, 0.6304
(29, 8): -1.4534, 0.7574, 0.2309
(29, 15): 0.8148, 0.7513, 0.1522
(29, 16): 0.4862, 0.7525, 0.3171
(29, 17): -1.1750, 0.7575, 0.8401
(29, 18): 0.1585, 0.7506, 0.5777
(29, 19): 0.2042, 0.7506, 0.7266
(29, 20): 0.2081, 0.7506, 0.7421
(29, 21): 0.1290, 0.7506, 0.7918
(29, 22): -0.1067, 0.7812, 0.5197
(30, 2): 0.2691, 0.7519, 0.4201
(30, 3): -0.1971, 0.7575, 0.3894
(30, 4): -0.1593, 0.7537, 0.4076
(30, 5): 0.2259, 0.7506, 0.6517
(30, 6): 0.2618, 0.7519, 0.5895
(30, 7): 0.1833, 0.7681, 0.3155
(30, 19): 0.0621, 0.7506, 0.3521
(30, 20): 0.2101, 0.7506, 0.6100
(30, 21): 0.1419, 0.7506, 0.7161
(30, 22): 0.2294, 0.7531, 0.3460
(31, 19): 1.0007, 0.7862, 0.0346
(31, 20): 0.1527, 0.7519, 0.7080
(31, 21): 0.0074, 0.7669, 0.3213
(32, 19): 0.1429, 0.7594, 0.2707
(32, 20): 0.1366, 0.7531, 0.8104
(32, 21): 0.1185, 0.7513, 0.5564
(32, 22): 0.7769, 0.7556, 0.0723
(33, 19): 0.1790, 0.7513, 0.5269
(33, 20): 0.1975, 0.7506, 0.7797
(33, 21): 0.1410, 0.7506, 0.8139
(33, 22): 0.1747, 0.7513, 0.3594
(34, 19): 0.2289, 0.7506, 0.4327
(34, 20): 0.1446, 0.7506, 0.8001
(34, 21): 0.1816, 0.7506, 0.7432
(34, 22): 0.2759, 0.7575, 0.2107
