(1, 1): 0.4018, 0.1001, 2.3615, 0.3564
(1, 2): 0.4018, 0.1001, 2.3615, 0.3564
(1, 3): 0.3595, 0.1002, 2.4537, 0.3502
(1, 4): 0.3595, 0.1002, 2.4537, 0.3502
(1, 5): 0.3932, 0.1007, 2.3410, 0.3568
(1, 6): 0.4028, 0.1012, 2.3092, 0.3377
(1, 7): 0.4338, 0.1003, 2.1808, 0.3527
(1, 8): 0.4338, 0.1003, 2.1808, 0.3527
(1, 9): 0.3204, 0.1014, 2.6729, 0.3432
(1, 10): 0.2658, 0.1006, 3.0751, 0.3264
(1, 11): 0.2658, 0.1006, 3.0751, 0.3264
(1, 12): 0.3316, 0.1008, 2.7033, 0.3410
(1, 13): 0.2889, 0.1015, 2.8511, 0.3538
(1, 14): 0.3192, 0.1004, 2.6455, 0.3403
(1, 15): 0.3192, 0.1004, 2.6455, 0.3403
(1, 16): 0.4486, 0.1002, 2.0442, 0.3546
(1, 17): 0.4223, 0.1000, 2.0093, 0.3813
(1, 18): 0.4223, 0.1000, 2.0093, 0.3813
(1, 19): 0.3292, 0.1006, 2.2978, 0.3396
(1, 20): 0.3521, 0.1000, 2.4984, 0.3458
(1, 21): 0.3562, 0.1012, 2.6228, 0.3755
(1, 22): 0.3562, 0.1012, 2.6228, 0.3755
(1, 23): 0.3086, 0.1007, 3.2023, 0.4289
(1, 24): 0.4927, 0.1001, 2.3730, 0.3454
(1, 25): 0.5324, 0.1000, 2.3490, 0.3473
(1, 26): 0.5324, 0.1000, 2.3490, 0.3473
(1, 27): 0.5728, 0.1006, 2.2790, 0.3282
(1, 28): 0.6363, 0.1004, 2.1411, 0.3634
(1, 29): 0.6363, 0.1004, 2.1411, 0.3634
(1, 30): 0.5976, 0.1006, 1.8231, 0.3788
(1, 31): 0.6009, 0.1006, 1.4675, 0.4216
(1, 32): 0.7550, 0.1005, 1.1367, 0.3813
(1, 33): 0.7550, 0.1005, 1.1367, 0.3813
(1, 34): 0.6723, 0.1007, 1.5404, 0.3476
(1, 35): 0.6818, 0.1001, 1.6719, 0.3832
(1, 36): 0.6818, 0.1001, 1.6719, 0.3832
(1, 37): 0.5032, 0.1002, 2.3363, 0.3963
(2, 1): 0.4122, 0.1000, 2.6214, 0.3454
(2, 2): 0.4122, 0.1000, 2.6214, 0.3454
(2, 3): 0.3840, 0.1014, 2.7019, 0.3385
(2, 4): 0.3840, 0.1014, 2.7019, 0.3385
(2, 5): 0.4265, 0.1002, 2.3819, 0.3469
(2, 6): 0.4108, 0.1017, 2.4649, 0.3443
(2, 7): 0.2884, 0.1017, 2.9494, 0.3883
(2, 8): 0.2884, 0.1017, 2.9494, 0.3883
(2, 9): 0.3290, 0.1002, 2.7199, 0.3381
(2, 10): 0.3760, 0.1004, 2.5753, 0.3432
(2, 11): 0.3760, 0.1004, 2.5753, 0.3432
(2, 12): 0.4830, 0.1001, 2.1582, 0.3597
(2, 13): 0.2889, 0.1015, 2.8511, 0.3538
(2, 14): 0.3192, 0.1004, 2.6455, 0.3403
(2, 15): 0.3192, 0.1004, 2.6455, 0.3403
(2, 16): 0.4486, 0.1002, 2.0442, 0.3546
(2, 17): 0.4223, 0.1000, 2.0093, 0.3813
(2, 18): 0.4223, 0.1000, 2.0093, 0.3813
(2, 19): 0.3292, 0.1006, 2.2978, 0.3396
(2, 20): 0.3521, 0.1000, 2.4984, 0.3458
(2, 21): 0.3562, 0.1012, 2.6228, 0.3755
(2, 22): 0.3562, 0.1012, 2.6228, 0.3755
(2, 23): 0.3086, 0.1007, 3.2023, 0.4289
(2, 24): 0.4927, 0.1001, 2.3730, 0.3454
(2, 25): 0.5324, 0.1000, 2.3490, 0.3473
(2, 26): 0.5324, 0.1000, 2.3490, 0.3473
(2, 27): 0.5728, 0.1006, 2.2790, 0.3282
(2, 28): 0.6363, 0.1004, 2.1411, 0.3634
(2, 29): 0.6363, 0.1004, 2.1411, 0.3634
(2, 30): 0.5708, 0.1024, 1.5369, 0.3762
(2, 31): 0.6648, 0.1003, 1.2479, 0.4267
(2, 32): 0.5836, 0.1006, 1.5678, 0.3711
(2, 33): 0.5836, 0.1006, 1.5678, 0.3711
(2, 34): 0.5013, 0.1002, 2.0095, 0.3429
(2, 35): 0.6356, 0.1010, 1.7696, 0.3927
(2, 36): 0.6356, 0.1010, 1.7696, 0.3927
(2, 37): 0.4871, 0.1002, 2.4043, 0.3520
(3, 1): 0.4130, 0.1000, 2.8635, 0.3513
(3, 2): 0.4130, 0.1000, 2.8635, 0.3513
(3, 3): 0.3573, 0.1004, 2.9806, 0.3568
(3, 4): 0.3573, 0.1004, 2.9806, 0.3568
(3, 5): 0.4036, 0.1001, 2.5784, 0.3388
(3, 6): 0.2999, 0.1003, 2.9329, 0.3685
(3, 7): 0.2884, 0.1017, 2.9494, 0.3883
(3, 8): 0.2884, 0.1017, 2.9494, 0.3883
(3, 9): 0.3290, 0.1002, 2.7199, 0.3381
(3, 10): 0.3760, 0.1004, 2.5753, 0.3432
(3, 11): 0.3760, 0.1004, 2.5753, 0.3432
(3, 12): 0.4830, 0.1001, 2.1582, 0.3597
(3, 13): 0.3477, 0.1006, 2.7375, 0.4231
(3, 14): 0.4755, 0.1003, 2.0978, 0.3894
(3, 15): 0.4755, 0.1003, 2.0978, 0.3894
(3, 16): 0.4974, 0.1000, 1.8589, 0.3623
(3, 17): 0.5227, 0.1011, 1.7695, 0.4011
(3, 18): 0.5227, 0.1011, 1.7695, 0.4011
(3, 19): 0.5344, 0.1001, 1.6700, 0.3619
(3, 20): 0.4603, 0.1000, 2.0348, 0.3949
(3, 21): 0.5320, 0.1001, 1.9721, 0.3857
(3, 22): 0.5320, 0.1001, 1.9721, 0.3857
(3, 23): 0.5190, 0.1003, 2.0724, 0.3901
(3, 24): 0.5457, 0.1007, 2.1252, 0.3864
(3, 25): 0.5457, 0.1007, 2.1252, 0.3864
(3, 26): 0.5632, 0.1000, 2.1257, 0.3601
(3, 27): 0.5304, 0.1002, 2.1317, 0.3355
(3, 28): 0.5678, 0.1002, 1.9953, 0.3722
(3, 29): 0.5678, 0.1002, 1.9953, 0.3722
(3, 30): 0.5708, 0.1024, 1.5369, 0.3762
(3, 31): 0.6648, 0.1003, 1.2479, 0.4267
(3, 32): 0.5836, 0.1006, 1.5678, 0.3711
(3, 33): 0.5836, 0.1006, 1.5678, 0.3711
(3, 34): 0.5013, 0.1002, 2.0095, 0.3429
(3, 35): 0.6356, 0.1010, 1.7696, 0.3927
(3, 36): 0.6356, 0.1010, 1.7696, 0.3927
(3, 37): 0.5143, 0.1011, 2.6986, 0.3744
(4, 1): 0.3863, 0.1014, 2.9080, 0.3385
(4, 2): 0.3863, 0.1014, 2.9080, 0.3385
(4, 3): 0.3573, 0.1004, 2.9806, 0.3568
(4, 4): 0.3573, 0.1004, 2.9806, 0.3568
(4, 5): 0.4036, 0.1001, 2.5784, 0.3388
(4, 6): 0.2999, 0.1003, 2.9329, 0.3685
(4, 7): 0.2724, 0.1004, 3.0389, 0.3029
(4, 8): 0.2724, 0.1004, 3.0389, 0.3029
(4, 9): 0.3633, 0.1001, 2.5660, 0.3278
(4, 10): 0.3998, 0.1006, 2.5069, 0.3535
(4, 11): 0.3998, 0.1006, 2.5069, 0.3535
(4, 12): 0.3225, 0.1001, 2.9106, 0.4154
(4, 13): 0.4756, 0.1017, 2.2021, 0.3560
(4, 14): 0.4460, 0.1005, 2.1879, 0.3546
(4, 15): 0.4460, 0.1005, 2.1879, 0.3546
(4, 16): 0.4190, 0.1000, 2.1402, 0.3223
(4, 17): 0.5274, 0.1009, 1.7217, 0.3601
(4, 18): 0.5274, 0.1009, 1.7217, 0.3601
(4, 19): 0.4371, 0.1014, 2.0160, 0.3696
(4, 20): 0.5272, 0.1003, 1.8579, 0.3707
(4, 21): 0.5777, 0.1004, 1.9750, 0.3780
(4, 22): 0.5777, 0.1004, 1.9750, 0.3780
(4, 23): 0.4887, 0.1001, 2.1074, 0.2886
(4, 24): 0.5675, 0.1003, 2.0295, 0.3612
(4, 25): 0.5675, 0.1003, 2.0295, 0.3612
(4, 26): 0.4998, 0.1002, 2.1383, 0.3586
(4, 27): 0.4208, 0.1004, 2.3954, 0.3729
(4, 28): 0.5648, 0.1003, 1.7192, 0.4040
(4, 29): 0.5648, 0.1003, 1.7192, 0.4040
(4, 30): 0.6410, 0.1003, 1.4036, 0.3685
(4, 31): 0.6273, 0.1001, 1.4651, 0.3744
(4, 32): 0.4827, 0.1001, 1.8579, 0.4293
(4, 33): 0.4827, 0.1001, 1.8579, 0.4293
(4, 34): 0.4797, 0.1003, 2.0483, 0.3564
(4, 35): 0.4687, 0.1002, 2.3862, 0.3850
(4, 36): 0.4687, 0.1002, 2.3862, 0.3850
(4, 37): 0.5143, 0.1011, 2.6986, 0.3744
(5, 1): 0.3863, 0.1014, 2.9080, 0.3385
(5, 2): 0.3863, 0.1014, 2.9080, 0.3385
(5, 3): 0.4172, 0.1020, 2.7900, 0.3799
(5, 4): 0.4172, 0.1020, 2.7900, 0.3799
(5, 5): 0.4029, 0.1014, 2.6317, 0.3209
(5, 6): 0.3683, 0.1007, 2.7696, 0.3707
(5, 7): 0.4288, 0.1014, 2.3869, 0.3293
(5, 8): 0.4288, 0.1014, 2.3869, 0.3293
(5, 9): 0.3008, 0.1021, 2.8680, 0.3242
(5, 10): 0.4234, 0.1014, 2.3663, 0.3531
(5, 11): 0.4234, 0.1014, 2.3663, 0.3531
(5, 12): 0.4423, 0.1000, 2.2856, 0.3377
(5, 13): 0.4978, 0.1001, 2.0680, 0.3780
(5, 14): 0.4069, 0.1000, 2.3838, 0.3993
(5, 15): 0.4069, 0.1000, 2.3838, 0.3993
(5, 16): 0.5300, 0.1004, 1.8489, 0.3326
(5, 17): 0.5332, 0.1006, 1.7698, 0.3396
(5, 18): 0.5332, 0.1006, 1.7698, 0.3396
(5, 19): 0.3058, 0.1001, 2.5113, 0.4103
(5, 20): 0.4912, 0.1007, 2.2594, 0.3663
(5, 21): 0.6126, 0.1006, 1.8447, 0.3176
(5, 22): 0.6126, 0.1006, 1.8447, 0.3176
(5, 23): 0.5458, 0.1003, 2.0093, 0.3747
(5, 24): 0.4988, 0.1005, 2.1111, 0.3919
(5, 25): 0.4988, 0.1005, 2.1111, 0.3919
(5, 26): 0.4450, 0.1001, 2.2602, 0.4201
(5, 27): 0.5477, 0.1001, 1.8423, 0.3846
(5, 28): 0.6286, 0.1004, 1.6154, 0.3744
(5, 29): 0.6286, 0.1004, 1.6154, 0.3744
(5, 30): 0.6752, 0.1000, 1.5095, 0.4040
(5, 31): 0.6194, 0.1002, 1.7024, 0.3857
(5, 32): 0.6194, 0.1002, 1.7024, 0.3857
(5, 33): 0.6531, 0.1003, 1.6432, 0.3590
(5, 34): 0.5228, 0.1005, 2.1397, 0.3740
(5, 35): 0.4757, 0.1016, 2.9588, 0.3777
(5, 36): 0.4757, 0.1016, 2.9588, 0.3777
(5, 37): 0.4990, 0.1007, 3.0743, 0.3476
(6, 1): 0.3391, 0.1001, 2.9245, 0.3952
(6, 2): 0.3391, 0.1001, 2.9245, 0.3952
(6, 3): 0.3288, 0.1005, 3.0039, 0.3355
(6, 4): 0.3288, 0.1005, 3.0039, 0.3355
(6, 5): 0.4160, 0.1004, 2.5953, 0.3652
(6, 6): 0.3908, 0.1012, 2.7508, 0.3319
(6, 7): 0.5307, 0.1008, 2.0807, 0.3333
(6, 8): 0.5307, 0.1008, 2.0807, 0.3333
(6, 9): 0.4243, 0.1023, 2.3548, 0.3363
(6, 10): 0.4852, 0.1000, 2.2439, 0.3502
(6, 11): 0.4852, 0.1000, 2.2439, 0.3502
(6, 12): 0.4924, 0.1001, 2.2063, 0.3678
(6, 13): 0.5353, 0.1003, 2.0718, 0.3612
(6, 14): 0.4712, 0.1013, 2.2296, 0.3835
(6, 15): 0.4712, 0.1013, 2.2296, 0.3835
(6, 16): 0.4122, 0.1006, 2.3446, 0.3359
(6, 17): 0.4477, 0.1015, 2.1292, 0.3784
(6, 18): 0.4477, 0.1015, 2.1292, 0.3784
(6, 19): 0.3713, 0.1004, 2.3523, 0.3703
(6, 20): 0.5672, 0.1014, 2.0390, 0.3861
(6, 21): 0.4496, 0.1019, 2.3873, 0.3692
(6, 22): 0.4496, 0.1019, 2.3873, 0.3692
(6, 23): 0.4406, 0.1012, 2.2955, 0.3689
(6, 24): 0.4367, 0.1005, 2.2364, 0.3886
(6, 25): 0.4367, 0.1005, 2.2364, 0.3886
(6, 26): 0.5825, 0.1002, 1.7534, 0.3908
(6, 27): 0.6143, 0.1007, 1.6986, 0.3868
(6, 28): 0.5116, 0.1018, 2.1577, 0.3817
(6, 29): 0.5116, 0.1018, 2.1577, 0.3817
(6, 30): 0.6999, 0.1007, 1.4544, 0.3700
(6, 31): 0.6517, 0.1015, 1.5577, 0.3681
(6, 32): 0.6517, 0.1015, 1.5577, 0.3681
(6, 33): 0.6862, 0.1002, 1.6077, 0.3535
(6, 34): 0.6080, 0.1002, 2.1713, 0.3524
(6, 35): 0.5757, 0.1000, 2.8855, 0.3429
(6, 36): 0.5757, 0.1000, 2.8855, 0.3429
(6, 37): 0.4666, 0.1002, 3.3845, 0.3601
(7, 1): 0.4166, 0.1008, 2.4234, 0.3601
(7, 2): 0.4166, 0.1008, 2.4234, 0.3601
(7, 3): 0.3379, 0.1003, 2.8524, 0.3689
(7, 4): 0.3412, 0.1020, 2.8706, 0.3440
(7, 5): 0.3412, 0.1020, 2.8706, 0.3440
(7, 6): 0.3911, 0.1002, 2.8740, 0.3821
(7, 7): 0.5417, 0.1006, 2.0097, 0.3212
(7, 8): 0.5417, 0.1006, 2.0097, 0.3212
(7, 9): 0.4961, 0.1004, 2.2273, 0.3253
(7, 10): 0.4856, 0.1006, 2.3261, 0.3641
(7, 11): 0.4661, 0.1019, 2.3198, 0.3659
(7, 12): 0.4661, 0.1019, 2.3198, 0.3659
(7, 13): 0.4792, 0.1004, 2.3861, 0.3590
(7, 14): 0.4484, 0.1002, 2.3522, 0.3553
(7, 15): 0.4484, 0.1002, 2.3522, 0.3553
(7, 16): 0.3548, 0.1013, 2.6177, 0.3168
(7, 17): 0.4503, 0.1002, 2.2088, 0.3440
(7, 18): 0.4503, 0.1002, 2.2088, 0.3440
(7, 19): 0.4426, 0.1019, 2.1788, 0.3568
(7, 20): 0.4765, 0.1008, 2.4518, 0.3462
(7, 21): 0.5114, 0.1001, 2.1551, 0.4037
(7, 22): 0.5114, 0.1001, 2.1551, 0.4037
(7, 23): 0.3713, 0.1008, 2.6287, 0.3582
(7, 24): 0.4637, 0.1001, 2.1515, 0.3850
(7, 25): 0.4637, 0.1001, 2.1515, 0.3850
(7, 26): 0.4534, 0.1007, 2.1602, 0.4059
(7, 27): 0.4729, 0.1006, 2.1519, 0.4022
(7, 28): 0.4715, 0.1011, 2.3621, 0.3835
(7, 29): 0.4715, 0.1011, 2.3621, 0.3835
(7, 30): 0.6049, 0.1004, 1.7095, 0.3773
(7, 31): 0.5775, 0.1002, 1.8615, 0.3513
(7, 32): 0.5775, 0.1002, 1.8615, 0.3513
(7, 33): 0.5823, 0.1001, 2.0455, 0.3037
(7, 34): 0.5579, 0.1002, 2.7546, 0.3458
(7, 35): 0.5845, 0.1008, 3.0365, 0.3392
(7, 36): 0.5845, 0.1008, 3.0365, 0.3392
(7, 37): 0.5410, 0.1007, 3.2536, 0.3293
(8, 1): 0.2367, 0.1019, 3.3027, 0.2542
(8, 2): 0.2367, 0.1019, 3.3027, 0.2542
(8, 3): 0.2913, 0.1014, 3.0059, 0.3788
(8, 4): 0.3095, 0.1014, 3.1421, 0.3491
(8, 5): 0.3095, 0.1014, 3.1421, 0.3491
(8, 6): 0.3455, 0.1015, 3.0808, 0.3278
(8, 7): 0.5797, 0.1004, 2.0168, 0.3264
(8, 8): 0.5797, 0.1004, 2.0168, 0.3264
(8, 9): 0.5038, 0.1010, 2.5149, 0.3601
(8, 10): 0.3818, 0.1001, 3.0383, 0.3143
(8, 11): 0.4611, 0.1018, 2.3905, 0.3458
(8, 12): 0.4611, 0.1018, 2.3905, 0.3458
(8, 13): 0.4685, 0.1006, 2.4058, 0.3341
(8, 14): 0.4047, 0.1006, 2.5724, 0.3593
(8, 15): 0.4047, 0.1006, 2.5724, 0.3593
(8, 16): 0.4068, 0.1022, 2.5012, 0.3553
(8, 17): 0.4094, 0.1008, 2.4425, 0.3568
(8, 18): 0.4094, 0.1008, 2.4425, 0.3568
(8, 19): 0.4945, 0.1027, 2.1818, 0.3879
(8, 20): 0.5324, 0.1002, 2.2696, 0.3645
(8, 21): 0.5157, 0.1001, 2.1027, 0.3762
(8, 22): 0.5157, 0.1001, 2.1027, 0.3762
(8, 23): 0.6212, 0.1007, 1.7968, 0.3773
(8, 24): 0.5326, 0.1002, 1.9466, 0.3985
(8, 25): 0.5326, 0.1002, 1.9466, 0.3985
(8, 26): 0.4592, 0.1003, 2.2551, 0.3740
(8, 27): 0.5836, 0.1023, 1.9592, 0.3700
(8, 28): 0.5133, 0.1003, 2.0751, 0.3813
(8, 29): 0.5133, 0.1003, 2.0751, 0.3813
(8, 30): 0.6069, 0.1018, 1.8092, 0.3799
(8, 31): 0.5059, 0.1014, 2.1763, 0.3641
(8, 32): 0.5059, 0.1014, 2.1763, 0.3641
(8, 33): 0.5866, 0.1002, 2.0857, 0.3810
(8, 34): 0.5310, 0.1001, 2.8609, 0.3447
(8, 35): 0.5317, 0.1009, 2.8853, 0.3304
(8, 36): 0.5317, 0.1009, 2.8853, 0.3304
(8, 37): 0.5772, 0.1024, 2.5611, 0.3363
(9, 1): 0.2331, 0.1002, 3.2765, 0.2802
(9, 2): 0.2331, 0.1002, 3.2765, 0.2802
(9, 3): 0.3738, 0.1000, 2.9208, 0.3381
(9, 4): 0.4419, 0.1007, 2.7767, 0.3527
(9, 5): 0.4419, 0.1007, 2.7767, 0.3527
(9, 6): 0.2894, 0.1003, 3.4395, 0.3418
(9, 7): 0.3896, 0.1001, 2.9700, 0.3560
(9, 8): 0.3896, 0.1001, 2.9700, 0.3560
(9, 9): 0.4551, 0.1012, 2.7327, 0.3802
(9, 10): 0.5150, 0.1022, 2.5124, 0.3564
(9, 11): 0.4486, 0.1009, 2.6216, 0.3681
(9, 12): 0.4486, 0.1009, 2.6216, 0.3681
(9, 13): 0.3828, 0.1007, 2.8562, 0.3890
(9, 14): 0.4785, 0.1004, 2.4331, 0.3443
(9, 15): 0.4785, 0.1004, 2.4331, 0.3443
(9, 16): 0.5266, 0.1002, 2.1522, 0.3374
(9, 17): 0.6521, 0.1017, 1.8159, 0.3271
(9, 18): 0.6521, 0.1017, 1.8159, 0.3271
(9, 19): 0.6519, 0.1007, 1.7764, 0.3289
(9, 20): 0.5543, 0.1007, 2.0920, 0.3806
(9, 21): 0.4597, 0.1004, 2.3667, 0.3436
(9, 22): 0.4597, 0.1004, 2.3667, 0.3436
(9, 23): 0.6692, 0.1017, 1.5870, 0.3597
(9, 24): 0.5434, 0.1003, 2.0076, 0.4220
(9, 25): 0.5434, 0.1003, 2.0076, 0.4220
(9, 26): 0.6330, 0.1006, 1.7575, 0.3788
(9, 27): 0.6647, 0.1004, 1.6678, 0.3652
(9, 28): 0.4799, 0.1001, 2.2768, 0.3480
(9, 29): 0.4799, 0.1001, 2.2768, 0.3480
(9, 30): 0.5885, 0.1000, 1.9315, 0.3875
(9, 31): 0.5490, 0.1004, 2.0687, 0.3586
(9, 32): 0.5490, 0.1004, 2.0687, 0.3586
(9, 33): 0.5929, 0.1006, 2.0615, 0.3846
(9, 34): 0.5374, 0.1001, 2.5504, 0.3201
(9, 35): 0.6398, 0.1008, 1.9723, 0.3751
(9, 36): 0.6398, 0.1008, 1.9723, 0.3751
(9, 37): 0.6537, 0.1005, 1.9075, 0.3795
(10, 1): 0.2806, 0.1003, 3.1022, 0.3707
(10, 2): 0.2806, 0.1003, 3.1022, 0.3707
(10, 3): 0.4150, 0.1005, 2.8633, 0.3092
(10, 4): 0.4203, 0.1000, 2.8174, 0.3136
(10, 5): 0.4203, 0.1000, 2.8174, 0.3136
(10, 6): 0.3874, 0.1004, 2.9139, 0.2945
(10, 7): 0.3712, 0.1000, 3.0708, 0.3238
(10, 8): 0.3712, 0.1000, 3.0708, 0.3238
(10, 9): 0.4770, 0.1004, 2.5993, 0.3348
(10, 10): 0.3313, 0.1009, 3.2734, 0.3696
(10, 11): 0.5401, 0.1006, 2.3487, 0.3579
(10, 12): 0.5401, 0.1006, 2.3487, 0.3579
(10, 13): 0.4663, 0.1006, 2.5836, 0.3337
(10, 14): 0.4238, 0.1018, 2.7255, 0.3795
(10, 15): 0.4238, 0.1018, 2.7255, 0.3795
(10, 16): 0.4444, 0.1017, 2.6472, 0.4018
(10, 17): 0.6269, 0.1001, 2.0122, 0.3557
(10, 18): 0.7172, 0.1009, 1.6562, 0.3275
(10, 19): 0.7172, 0.1009, 1.6562, 0.3275
(10, 20): 0.5443, 0.1005, 2.0876, 0.3498
(10, 21): 0.5686, 0.1003, 1.9520, 0.3919
(10, 22): 0.5686, 0.1003, 1.9520, 0.3919
(10, 23): 0.6053, 0.1018, 1.8799, 0.3868
(10, 24): 0.5741, 0.1008, 1.9522, 0.3553
(10, 25): 0.5741, 0.1008, 1.9522, 0.3553
(10, 26): 0.6782, 0.1005, 1.6044, 0.3593
(10, 27): 0.5505, 0.1003, 1.9735, 0.3806
(10, 28): 0.4511, 0.1004, 2.3845, 0.3370
(10, 29): 0.4511, 0.1004, 2.3845, 0.3370
(10, 30): 0.4081, 0.1004, 2.5710, 0.3857
(10, 31): 0.6111, 0.1001, 1.9453, 0.4059
(10, 32): 0.6111, 0.1001, 1.9453, 0.4059
(10, 33): 0.5911, 0.1007, 2.0161, 0.3527
(10, 34): 0.7495, 0.1010, 1.5983, 0.3322
(10, 35): 0.6512, 0.1005, 1.9204, 0.3359
(10, 36): 0.6512, 0.1005, 1.9204, 0.3359
(10, 37): 0.6747, 0.1008, 1.7670, 0.3777
(11, 1): 0.3563, 0.1002, 2.9458, 0.3249
(11, 2): 0.3563, 0.1002, 2.9458, 0.3249
(11, 3): 0.4010, 0.1021, 2.8490, 0.3256
(11, 4): 0.3974, 0.1002, 2.8914, 0.3059
(11, 5): 0.3974, 0.1002, 2.8914, 0.3059
(11, 6): 0.3998, 0.1004, 2.8848, 0.2839
(11, 7): 0.3739, 0.1009, 3.0243, 0.3319
(11, 8): 0.3739, 0.1009, 3.0243, 0.3319
(11, 9): 0.5212, 0.1003, 2.3590, 0.3136
(11, 10): 0.4890, 0.1003, 2.5044, 0.3249
(11, 11): 0.5030, 0.1021, 2.4900, 0.3388
(11, 12): 0.5030, 0.1021, 2.4900, 0.3388
(11, 13): 0.6786, 0.1020, 1.7982, 0.2938
(11, 14): 0.4719, 0.1024, 2.4663, 0.3582
(11, 15): 0.4719, 0.1024, 2.4663, 0.3582
(11, 16): 0.5231, 0.1006, 2.3346, 0.3403
(11, 17): 0.5394, 0.1001, 2.2172, 0.3593
(11, 18): 0.4671, 0.1020, 2.6669, 0.4194
(11, 19): 0.4671, 0.1020, 2.6669, 0.4194
(11, 20): 0.4780, 0.1002, 2.3849, 0.3996
(11, 21): 0.5140, 0.1003, 2.3218, 0.3901
(11, 22): 0.5140, 0.1003, 2.3218, 0.3901
(11, 23): 0.4877, 0.1000, 2.2472, 0.3502
(11, 24): 0.4868, 0.1011, 2.3828, 0.4033
(11, 25): 0.4868, 0.1011, 2.3828, 0.4033
(11, 26): 0.5645, 0.1008, 2.0554, 0.4026
(11, 27): 0.5218, 0.1007, 2.0859, 0.3491
(11, 28): 0.6435, 0.1002, 1.8564, 0.3864
(11, 29): 0.6435, 0.1002, 1.8564, 0.3864
(11, 30): 0.5204, 0.1004, 2.2104, 0.3641
(11, 31): 0.5257, 0.1005, 2.2840, 0.3945
(11, 32): 0.5257, 0.1005, 2.2840, 0.3945
(11, 33): 0.4913, 0.1007, 2.5029, 0.3531
(11, 34): 0.5472, 0.1012, 2.3994, 0.4311
(11, 35): 0.7486, 0.1007, 1.6179, 0.3484
(11, 36): 0.7486, 0.1007, 1.6179, 0.3484
(11, 37): 0.5642, 0.1014, 2.1324, 0.3513
(12, 1): 0.4130, 0.1004, 2.7517, 0.2711
(12, 2): 0.4130, 0.1004, 2.7517, 0.2711
(12, 3): 0.4155, 0.1000, 2.7188, 0.2758
(12, 4): 0.4061, 0.1004, 2.8031, 0.2985
(12, 5): 0.4061, 0.1004, 2.8031, 0.2985
(12, 6): 0.4057, 0.1000, 2.8406, 0.2828
(12, 7): 0.4838, 0.1011, 2.5452, 0.3176
(12, 8): 0.4838, 0.1011, 2.5452, 0.3176
(12, 9): 0.5188, 0.1007, 2.3591, 0.3183
(12, 10): 0.4244, 0.1013, 2.8306, 0.3725
(12, 11): 0.4521, 0.1001, 2.7714, 0.3348
(12, 12): 0.4521, 0.1001, 2.7714, 0.3348
(12, 13): 0.5025, 0.1001, 2.4288, 0.3381
(12, 14): 0.3869, 0.1001, 2.8459, 0.3440
(12, 15): 0.3869, 0.1001, 2.8459, 0.3440
(12, 16): 0.4917, 0.1007, 2.3996, 0.3154
(12, 17): 0.6046, 0.1015, 1.9726, 0.3553
(12, 18): 0.5055, 0.1002, 2.3025, 0.3304
(12, 19): 0.5055, 0.1002, 2.3025, 0.3304
(12, 20): 0.5630, 0.1005, 2.1562, 0.3469
(12, 21): 0.5626, 0.1009, 2.1552, 0.3476
(12, 22): 0.5626, 0.1009, 2.1552, 0.3476
(12, 23): 0.3822, 0.1001, 2.7981, 0.3824
(12, 24): 0.4228, 0.1001, 2.6917, 0.3253
(12, 25): 0.4228, 0.1001, 2.6917, 0.3253
(12, 26): 0.5860, 0.1004, 2.0429, 0.3718
(12, 27): 0.4842, 0.1019, 2.3410, 0.3465
(12, 28): 0.5523, 0.1007, 2.1257, 0.3623
(12, 29): 0.5523, 0.1007, 2.1257, 0.3623
(12, 30): 0.5141, 0.1001, 2.2448, 0.3696
(12, 31): 0.4423, 0.1000, 2.5200, 0.3714
(12, 32): 0.4423, 0.1000, 2.5200, 0.3714
(12, 33): 0.5384, 0.1004, 2.2722, 0.3960
(12, 34): 0.6065, 0.1037, 2.1346, 0.3425
(12, 35): 0.6065, 0.1037, 2.1346, 0.3425
(12, 36): 0.6845, 0.1003, 1.7867, 0.3799
(12, 37): 0.5906, 0.1001, 2.0810, 0.3700
(13, 1): 0.4357, 0.1005, 2.6333, 0.2883
(13, 2): 0.4357, 0.1005, 2.6333, 0.2883
(13, 3): 0.4219, 0.1000, 2.7059, 0.2780
(13, 4): 0.4276, 0.1000, 2.7085, 0.3256
(13, 5): 0.4276, 0.1000, 2.7085, 0.3256
(13, 6): 0.4353, 0.1002, 2.6717, 0.2659
(13, 7): 0.2940, 0.1008, 3.5535, 0.2960
(13, 8): 0.2940, 0.1008, 3.5535, 0.2960
(13, 9): 0.3293, 0.1000, 3.4007, 0.3883
(13, 10): 0.3131, 0.1002, 3.5024, 0.3231
(13, 11): 0.5650, 0.1000, 2.3936, 0.3168
(13, 12): 0.5650, 0.1000, 2.3936, 0.3168
(13, 13): 0.5025, 0.1001, 2.4288, 0.3381
(13, 14): 0.3869, 0.1001, 2.8459, 0.3440
(13, 15): 0.3869, 0.1001, 2.8459, 0.3440
(13, 16): 0.4917, 0.1007, 2.3996, 0.3154
(13, 17): 0.6046, 0.1015, 1.9726, 0.3553
(13, 18): 0.5055, 0.1002, 2.3025, 0.3304
(13, 19): 0.5055, 0.1002, 2.3025, 0.3304
(13, 20): 0.5630, 0.1005, 2.1562, 0.3469
(13, 21): 0.5626, 0.1009, 2.1552, 0.3476
(13, 22): 0.5626, 0.1009, 2.1552, 0.3476
(13, 23): 0.3822, 0.1001, 2.7981, 0.3824
(13, 24): 0.4228, 0.1001, 2.6917, 0.3253
(13, 25): 0.4228, 0.1001, 2.6917, 0.3253
(13, 26): 0.5860, 0.1004, 2.0429, 0.3718
(13, 27): 0.4842, 0.1019, 2.3410, 0.3465
(13, 28): 0.5523, 0.1007, 2.1257, 0.3623
(13, 29): 0.5523, 0.1007, 2.1257, 0.3623
(13, 30): 0.5141, 0.1001, 2.2448, 0.3696
(13, 31): 0.5630, 0.1011, 2.1928, 0.3725
(13, 32): 0.5630, 0.1011, 2.1928, 0.3725
(13, 33): 0.5042, 0.1009, 2.5479, 0.3359
(13, 34): 0.4674, 0.1005, 2.6783, 0.4117
(13, 35): 0.4674, 0.1005, 2.6783, 0.4117
(13, 36): 0.4660, 0.1002, 2.5427, 0.3311
(13, 37): 0.5663, 0.1009, 1.9996, 0.3568
(14, 1): 0.4134, 0.1006, 2.7119, 0.2652
(14, 2): 0.4134, 0.1006, 2.7119, 0.2652
(14, 3): 0.4205, 0.1020, 2.7101, 0.3286
(14, 4): 0.4462, 0.1005, 2.6358, 0.2784
(14, 5): 0.4462, 0.1005, 2.6358, 0.2784
(14, 6): 0.3020, 0.1025, 3.4621, 0.2623
(14, 7): 0.2940, 0.1008, 3.5535, 0.2960
(14, 8): 0.3293, 0.1000, 3.4007, 0.3883
(14, 9): 0.3293, 0.1000, 3.4007, 0.3883
(14, 10): 0.3131, 0.1002, 3.5024, 0.3231
(14, 11): 0.5650, 0.1000, 2.3936, 0.3168
(14, 12): 0.5650, 0.1000, 2.3936, 0.3168
(14, 13): 0.5354, 0.1000, 2.5403, 0.3194
(14, 14): 0.4575, 0.1007, 2.9345, 0.3172
(14, 15): 0.4575, 0.1007, 2.9345, 0.3172
(14, 16): 0.4852, 0.1010, 2.6341, 0.3234
(14, 17): 0.4987, 0.1001, 2.4454, 0.3223
(14, 18): 0.5307, 0.1006, 2.3406, 0.3546
(14, 19): 0.5307, 0.1006, 2.3406, 0.3546
(14, 20): 0.5405, 0.1001, 2.2192, 0.3674
(14, 21): 0.4834, 0.1000, 2.4554, 0.3549
(14, 22): 0.4834, 0.1000, 2.4554, 0.3549
(14, 23): 0.4329, 0.1001, 2.6295, 0.3872
(14, 24): 0.5370, 0.1031, 2.4046, 0.3505
(14, 25): 0.5370, 0.1031, 2.4046, 0.3505
(14, 26): 0.5155, 0.1005, 2.2809, 0.3513
(14, 27): 0.5514, 0.1001, 2.1343, 0.3810
(14, 28): 0.5633, 0.1010, 2.1253, 0.3659
(14, 29): 0.5633, 0.1010, 2.1253, 0.3659
(14, 30): 0.5655, 0.1005, 2.0814, 0.3718
(14, 31): 0.5630, 0.1011, 2.1928, 0.3725
(14, 32): 0.5630, 0.1011, 2.1928, 0.3725
(14, 33): 0.5042, 0.1009, 2.5479, 0.3359
(14, 34): 0.4674, 0.1005, 2.6783, 0.4117
(14, 35): 0.4674, 0.1005, 2.6783, 0.4117
(14, 36): 0.4660, 0.1002, 2.5427, 0.3311
(14, 37): 0.4978, 0.1011, 2.2038, 0.3777
(15, 1): 0.4163, 0.1001, 2.7261, 0.2861
(15, 2): 0.4163, 0.1001, 2.7261, 0.2861
(15, 3): 0.4205, 0.1020, 2.7101, 0.3286
(15, 4): 0.4462, 0.1005, 2.6358, 0.2784
(15, 5): 0.4462, 0.1005, 2.6358, 0.2784
(15, 6): 0.3020, 0.1025, 3.4621, 0.2623
(15, 7): 0.3178, 0.1021, 3.4017, 0.3875
(15, 8): 0.3355, 0.1004, 3.3640, 0.3447
(15, 9): 0.3355, 0.1004, 3.3640, 0.3447
(15, 10): 0.2947, 0.1000, 3.7242, 0.3190
(15, 11): 0.3478, 0.1002, 3.3272, 0.3066
(15, 12): 0.3478, 0.1002, 3.3272, 0.3066
(15, 13): 0.5054, 0.1008, 2.6137, 0.3187
(15, 14): 0.4730, 0.1005, 2.7774, 0.3150
(15, 15): 0.4730, 0.1005, 2.7774, 0.3150
(15, 16): 0.5763, 0.1001, 2.1817, 0.3396
(15, 17): 0.4784, 0.1006, 2.5095, 0.3553
(15, 18): 0.4325, 0.1005, 2.6369, 0.3810
(15, 19): 0.4325, 0.1005, 2.6369, 0.3810
(15, 20): 0.5711, 0.1013, 2.1756, 0.3711
(15, 21): 0.5505, 0.1005, 2.2674, 0.3396
(15, 22): 0.5505, 0.1005, 2.2674, 0.3396
(15, 23): 0.4829, 0.1001, 2.5982, 0.3751
(15, 24): 0.4715, 0.1004, 2.6838, 0.4037
(15, 25): 0.4715, 0.1004, 2.6838, 0.4037
(15, 26): 0.4834, 0.1009, 2.5833, 0.3392
(15, 27): 0.6640, 0.1008, 1.8570, 0.3458
(15, 28): 0.4432, 0.1001, 2.6672, 0.4179
(15, 29): 0.4432, 0.1001, 2.6672, 0.4179
(15, 30): 0.6482, 0.1004, 1.9638, 0.3791
(15, 31): 0.5930, 0.1007, 2.1088, 0.3656
(15, 32): 0.5930, 0.1007, 2.1088, 0.3656
(15, 33): 0.5728, 0.1006, 2.1323, 0.3308
(15, 34): 0.5374, 0.1001, 2.3473, 0.3465
(15, 35): 0.5374, 0.1001, 2.3473, 0.3465
(15, 36): 0.6084, 0.1010, 1.9495, 0.3700
(15, 37): 0.4978, 0.1011, 2.2038, 0.3777
(16, 1): 0.4163, 0.1001, 2.7261, 0.2861
(16, 2): 0.4163, 0.1001, 2.7261, 0.2861
(16, 3): 0.3964, 0.1006, 2.8234, 0.3414
(16, 4): 0.2972, 0.1004, 3.4495, 0.2597
(16, 5): 0.2972, 0.1004, 3.4495, 0.2597
(16, 6): 0.3175, 0.1000, 3.3821, 0.3601
(16, 7): 0.3226, 0.1009, 3.4215, 0.3348
(16, 8): 0.2791, 0.1000, 3.7865, 0.3465
(16, 9): 0.2791, 0.1000, 3.7865, 0.3465
(16, 10): 0.2841, 0.1002, 3.7752, 0.3491
(16, 11): 0.3568, 0.1006, 3.3535, 0.3187
(16, 12): 0.3568, 0.1006, 3.3535, 0.3187
(16, 13): 0.2181, 0.1006, 4.0685, 0.2799
(16, 14): 0.4690, 0.1004, 2.8790, 0.3374
(16, 15): 0.4690, 0.1004, 2.8790, 0.3374
(16, 16): 0.5914, 0.1000, 2.1822, 0.3147
(16, 17): 0.5453, 0.1001, 2.3203, 0.3363
(16, 18): 0.3810, 0.1003, 3.0425, 0.3176
(16, 19): 0.3810, 0.1003, 3.0425, 0.3176
(16, 20): 0.6377, 0.1006, 2.0879, 0.3103
(16, 21): 0.6222, 0.1005, 2.1009, 0.3234
(16, 22): 0.6222, 0.1005, 2.1009, 0.3234
(16, 23): 0.4177, 0.1003, 2.9833, 0.3088
(16, 24): 0.5967, 0.1000, 2.3031, 0.3407
(16, 25): 0.5967, 0.1000, 2.3031, 0.3407
(16, 26): 0.4597, 0.1004, 3.0263, 0.3418
(16, 27): 0.6120, 0.1000, 1.9665, 0.3553
(16, 28): 0.3831, 0.1003, 2.9452, 0.3604
(16, 29): 0.3831, 0.1003, 2.9452, 0.3604
(16, 30): 0.5464, 0.1010, 2.2511, 0.3201
(16, 31): 0.5998, 0.1015, 1.9156, 0.3451
(16, 32): 0.5998, 0.1015, 1.9156, 0.3451
(16, 33): 0.6016, 0.1013, 2.0276, 0.3348
(16, 34): 0.6996, 0.1002, 1.8046, 0.3421
(16, 35): 0.6996, 0.1002, 1.8046, 0.3421
(16, 36): 0.6921, 0.1000, 1.6868, 0.3484
(16, 37): 0.6858, 0.1018, 1.6715, 0.3648
(17, 1): 0.4094, 0.1009, 2.7868, 0.3271
(17, 2): 0.4094, 0.1009, 2.7868, 0.3271
(17, 3): 0.2974, 0.1004, 3.4224, 0.3714
(17, 4): 0.3004, 0.1004, 3.4579, 0.3623
(17, 5): 0.3004, 0.1004, 3.4579, 0.3623
(17, 6): 0.2888, 0.1004, 3.7065, 0.3311
(17, 7): 0.3133, 0.1006, 3.5787, 0.3293
(17, 8): 0.3464, 0.1024, 3.4136, 0.2971
(17, 9): 0.3464, 0.1024, 3.4136, 0.2971
(17, 10): 0.3581, 0.1014, 3.2914, 0.3132
(17, 11): 0.3375, 0.1009, 3.2455, 0.3158
(17, 12): 0.3375, 0.1009, 3.2455, 0.3158
(17, 13): 0.3508, 0.1015, 3.3203, 0.3055
(17, 14): 0.3548, 0.1004, 3.4922, 0.2857
(17, 15): 0.3548, 0.1004, 3.4922, 0.2857
(17, 16): 0.5311, 0.1005, 2.5819, 0.3117
(17, 17): 0.4526, 0.1002, 2.8330, 0.2971
(17, 18): 0.4696, 0.1018, 2.7514, 0.3267
(17, 19): 0.4696, 0.1018, 2.7514, 0.3267
(17, 20): 0.5289, 0.1006, 2.5701, 0.3451
(17, 21): 0.5975, 0.1008, 2.1077, 0.3502
(17, 22): 0.5975, 0.1008, 2.1077, 0.3502
(17, 23): 0.5961, 0.1000, 2.0970, 0.3568
(17, 24): 0.5797, 0.1018, 2.3955, 0.3480
(17, 25): 0.5797, 0.1018, 2.3955, 0.3480
(17, 26): 0.6578, 0.1010, 2.0569, 0.3502
(17, 27): 0.5052, 0.1003, 2.4809, 0.3187
(17, 28): 0.5085, 0.1004, 2.4690, 0.3711
(17, 29): 0.5085, 0.1004, 2.4690, 0.3711
(17, 30): 0.6423, 0.1004, 1.8934, 0.3484
(17, 31): 0.5608, 0.1001, 2.1621, 0.3322
(17, 32): 0.5608, 0.1001, 2.1621, 0.3322
(17, 33): 0.6428, 0.1010, 1.9650, 0.3399
(17, 34): 0.7128, 0.1005, 1.6937, 0.3418
(17, 35): 0.7128, 0.1005, 1.6937, 0.3418
(17, 36): 0.5577, 0.1002, 2.1405, 0.3198
(17, 37): 0.6726, 0.1006, 1.7375, 0.3194
(18, 1): 0.2690, 0.1011, 3.3534, 0.2740
(18, 2): 0.2690, 0.1011, 3.3534, 0.2740
(18, 3): 0.2832, 0.1003, 3.5716, 0.3377
(18, 4): 0.2646, 0.1015, 3.7902, 0.3286
(18, 5): 0.3187, 0.1004, 3.4866, 0.3114
(18, 6): 0.3187, 0.1004, 3.4866, 0.3114
(18, 7): 0.3428, 0.1002, 3.3075, 0.2989
(18, 8): 0.3830, 0.1006, 3.1415, 0.3011
(18, 9): 0.3830, 0.1006, 3.1415, 0.3011
(18, 10): 0.3340, 0.1002, 3.2998, 0.3473
(18, 11): 0.3329, 0.1009, 3.3528, 0.3095
(18, 12): 0.3329, 0.1009, 3.3528, 0.3095
(18, 13): 0.3905, 0.1007, 3.2626, 0.3473
(18, 14): 0.5286, 0.1018, 2.5900, 0.3220
(18, 15): 0.5286, 0.1018, 2.5900, 0.3220
(18, 16): 0.5610, 0.1004, 2.5231, 0.2967
(18, 17): 0.4994, 0.1000, 2.7637, 0.3319
(18, 18): 0.5498, 0.1012, 2.3545, 0.3344
(18, 19): 0.5498, 0.1012, 2.3545, 0.3344
(18, 20): 0.5651, 0.1002, 2.3546, 0.3505
(18, 21): 0.5170, 0.1010, 2.4073, 0.3484
(18, 22): 0.5170, 0.1010, 2.4073, 0.3484
(18, 23): 0.6651, 0.1006, 1.9447, 0.3392
(18, 24): 0.6179, 0.1004, 2.2310, 0.3114
(18, 25): 0.6179, 0.1004, 2.2310, 0.3114
(18, 26): 0.7380, 0.1002, 1.7158, 0.3264
(18, 27): 0.6142, 0.1005, 1.9776, 0.3487
(18, 28): 0.6142, 0.1005, 1.9776, 0.3487
(18, 29): 0.5743, 0.1002, 2.1200, 0.3813
(18, 30): 0.6899, 0.1008, 1.7179, 0.3410
(18, 31): 0.6637, 0.1005, 1.8618, 0.3524
(18, 32): 0.6637, 0.1005, 1.8618, 0.3524
(18, 33): 0.5956, 0.1008, 2.0926, 0.3615
(18, 34): 0.7657, 0.1003, 1.5185, 0.3436
(18, 35): 0.7657, 0.1003, 1.5185, 0.3436
(18, 36): 0.5715, 0.1008, 2.1594, 0.3370
(18, 37): 0.5517, 0.1001, 2.1162, 0.3700
(19, 1): 0.2683, 0.1005, 2.1567, 0.3484
(19, 2): 0.2683, 0.1005, 2.1567, 0.3484
(19, 3): 0.3426, 0.1004, 3.4426, 0.3147
(19, 4): 0.3646, 0.1003, 3.3052, 0.2974
(19, 5): 0.3387, 0.1010, 3.2798, 0.2960
(19, 6): 0.3387, 0.1010, 3.2798, 0.2960
(19, 7): 0.3357, 0.1004, 3.1497, 0.3099
(19, 8): 0.3558, 0.1002, 3.2488, 0.3055
(19, 9): 0.3558, 0.1002, 3.2488, 0.3055
(19, 10): 0.3740, 0.1023, 3.3706, 0.2938
(19, 11): 0.5364, 0.1009, 2.5155, 0.3062
(19, 12): 0.5364, 0.1009, 2.5155, 0.3062
(19, 13): 0.5085, 0.1008, 2.5571, 0.2989
(19, 14): 0.5179, 0.1003, 2.5599, 0.2890
(19, 15): 0.5179, 0.1003, 2.5599, 0.2890
(19, 16): 0.3770, 0.1003, 3.4209, 0.2989
(19, 17): 0.5444, 0.1001, 2.6119, 0.2747
(19, 18): 0.3502, 0.1004, 3.5182, 0.3641
(19, 19): 0.3502, 0.1004, 3.5182, 0.3641
(19, 20): 0.4254, 0.1022, 2.6354, 0.3201
(19, 21): 0.5403, 0.1013, 2.2892, 0.3256
(19, 22): 0.5403, 0.1013, 2.2892, 0.3256
(19, 23): 0.5294, 0.1002, 2.3261, 0.3066
(19, 24): 0.6100, 0.1001, 1.9963, 0.3330
(19, 25): 0.6100, 0.1001, 1.9963, 0.3330
(19, 26): 0.5312, 0.1007, 2.3380, 0.3744
(19, 27): 0.5740, 0.1002, 2.0250, 0.3623
(19, 28): 0.5740, 0.1002, 2.0250, 0.3623
(19, 29): 0.6489, 0.1008, 1.8243, 0.3253
(19, 30): 0.5506, 0.1008, 2.1031, 0.3158
(19, 31): 0.6749, 0.1006, 1.7344, 0.3509
(19, 32): 0.6749, 0.1006, 1.7344, 0.3509
(19, 33): 0.6685, 0.1010, 1.8241, 0.3557
(19, 34): 0.6665, 0.1011, 1.7961, 0.3275
(19, 35): 0.6665, 0.1011, 1.7961, 0.3275
(19, 36): 0.7296, 0.1002, 1.6877, 0.3700
(19, 37): 0.6408, 0.1001, 1.8427, 0.3623
(20, 1): 0.3484, 0.1024, 1.9664, 0.2773
(20, 2): 0.3484, 0.1024, 1.9664, 0.2773
(20, 3): 0.3781, 0.1013, 3.0008, 0.2908
(20, 4): 0.3787, 0.1001, 3.1307, 0.3227
(20, 5): 0.3254, 0.1020, 3.2499, 0.2762
(20, 6): 0.3254, 0.1020, 3.2499, 0.2762
(20, 7): 0.3444, 0.1002, 3.3353, 0.2916
(20, 8): 0.5168, 0.1005, 2.5749, 0.3103
(20, 9): 0.5168, 0.1005, 2.5749, 0.3103
(20, 10): 0.5197, 0.1009, 2.5218, 0.3007
(20, 11): 0.4861, 0.1009, 2.9206, 0.3289
(20, 12): 0.4861, 0.1009, 2.9206, 0.3289
(20, 13): 0.4650, 0.1005, 2.9842, 0.3297
(20, 14): 0.3962, 0.1007, 3.3524, 0.3227
(20, 15): 0.3962, 0.1007, 3.3524, 0.3227
(20, 16): 0.3390, 0.1022, 3.6713, 0.2773
(20, 17): 0.4356, 0.1004, 3.0956, 0.3326
(20, 18): 0.3926, 0.1003, 3.0952, 0.3278
(20, 19): 0.3926, 0.1003, 3.0952, 0.3278
(20, 20): 0.3329, 0.1002, 3.0569, 0.3154
(20, 21): 0.4292, 0.1008, 2.6427, 0.3656
(20, 22): 0.4292, 0.1008, 2.6427, 0.3656
(20, 23): 0.4926, 0.1010, 2.4724, 0.3114
(20, 24): 0.5514, 0.1004, 2.1130, 0.3553
(20, 25): 0.5514, 0.1004, 2.1130, 0.3553
(20, 26): 0.4228, 0.1005, 2.6594, 0.2813
(20, 27): 0.5482, 0.1004, 2.1561, 0.3267
(20, 28): 0.5482, 0.1004, 2.1561, 0.3267
(20, 29): 0.6170, 0.1010, 1.9803, 0.3476
(20, 30): 0.5108, 0.1010, 2.3092, 0.3656
(20, 31): 0.5433, 0.1006, 2.1445, 0.3271
(20, 32): 0.5433, 0.1006, 2.1445, 0.3271
(20, 33): 0.5907, 0.1005, 2.1264, 0.3802
(20, 34): 0.6368, 0.1006, 1.8680, 0.3469
(20, 35): 0.6368, 0.1006, 1.8680, 0.3469
(20, 36): 0.6801, 0.1002, 1.7856, 0.3938
(20, 37): 0.5666, 0.1017, 2.1099, 0.3403
(21, 1): 0.3341, 0.1021, 2.0998, 0.3011
(21, 2): 0.3626, 0.1001, 2.6804, 0.3099
(21, 3): 0.3626, 0.1001, 2.6804, 0.3099
(21, 4): 0.3448, 0.1001, 3.3909, 0.2663
(21, 5): 0.5298, 0.1006, 2.5500, 0.2835
(21, 6): 0.5298, 0.1006, 2.5500, 0.2835
(21, 7): 0.5034, 0.1002, 2.7158, 0.2777
(21, 8): 0.5232, 0.1010, 2.5455, 0.2784
(21, 9): 0.5232, 0.1010, 2.5455, 0.2784
(21, 10): 0.5204, 0.1011, 2.5554, 0.2773
(21, 11): 0.4596, 0.1005, 2.9240, 0.2634
(21, 12): 0.4596, 0.1005, 2.9240, 0.2634
(21, 13): 0.5075, 0.1017, 2.7253, 0.2623
(21, 14): 0.4506, 0.1001, 2.9546, 0.2645
(21, 15): 0.4506, 0.1001, 2.9546, 0.2645
(21, 16): 0.3152, 0.1027, 3.7564, 0.3322
(21, 17): 0.4000, 0.1015, 3.0610, 0.2916
(21, 18): 0.4124, 0.1002, 2.9850, 0.3399
(21, 19): 0.4124, 0.1002, 2.9850, 0.3399
(21, 20): 0.3505, 0.1006, 3.1243, 0.3359
(21, 21): 0.3896, 0.1004, 2.7849, 0.3579
(21, 22): 0.3896, 0.1004, 2.7849, 0.3579
(21, 23): 0.5873, 0.1005, 1.9060, 0.3037
(21, 24): 0.5826, 0.1001, 2.0093, 0.2978
(21, 25): 0.5826, 0.1001, 2.0093, 0.2978
(21, 26): 0.6203, 0.1005, 1.8220, 0.3341
(21, 27): 0.5474, 0.1026, 2.2423, 0.3260
(21, 28): 0.5474, 0.1026, 2.2423, 0.3260
(21, 29): 0.4933, 0.1013, 2.3998, 0.3736
(21, 30): 0.4658, 0.1003, 2.5812, 0.3579
(21, 31): 0.4918, 0.1000, 2.3727, 0.3337
(21, 32): 0.4918, 0.1000, 2.3727, 0.3337
(21, 33): 0.5517, 0.1003, 2.1101, 0.3330
(21, 34): 0.6697, 0.1000, 1.7775, 0.3993
(21, 35): 0.6697, 0.1000, 1.7775, 0.3993
(21, 36): 0.5962, 0.1004, 1.9596, 0.3531
(21, 37): 0.5622, 0.1001, 2.1416, 0.3308
(22, 1): 0.3131, 0.1002, 2.1326, 0.2758
(22, 2): 0.3037, 0.1008, 2.2839, 0.2703
(22, 3): 0.3037, 0.1008, 2.2839, 0.2703
(22, 4): 0.5222, 0.1001, 2.6788, 0.2648
(22, 5): 0.5009, 0.1019, 2.6581, 0.2432
(22, 6): 0.5009, 0.1019, 2.6581, 0.2432
(22, 7): 0.4712, 0.1001, 2.7605, 0.2571
(22, 8): 0.4600, 0.1008, 2.8319, 0.2520
(22, 9): 0.4600, 0.1008, 2.8319, 0.2520
(22, 10): 0.4843, 0.1003, 2.7598, 0.2473
(22, 11): 0.5264, 0.1002, 2.6032, 0.2692
(22, 12): 0.5264, 0.1002, 2.6032, 0.2692
(22, 13): 0.4858, 0.1003, 2.7803, 0.2502
(22, 14): 0.4739, 0.1020, 2.8215, 0.2835
(22, 15): 0.4859, 0.1006, 2.5450, 0.2799
(22, 16): 0.4859, 0.1006, 2.5450, 0.2799
(22, 17): 0.4530, 0.1004, 2.8168, 0.2747
(22, 18): 0.4232, 0.1011, 2.7468, 0.3004
(22, 19): 0.4232, 0.1011, 2.7468, 0.3004
(22, 20): 0.4018, 0.1009, 2.7076, 0.3011
(22, 21): 0.3921, 0.1007, 2.7185, 0.3447
(22, 22): 0.3921, 0.1007, 2.7185, 0.3447
(22, 23): 0.4809, 0.1003, 2.2993, 0.3161
(22, 24): 0.5178, 0.1013, 2.3071, 0.3136
(22, 25): 0.5178, 0.1013, 2.3071, 0.3136
(22, 26): 0.6365, 0.1005, 1.9046, 0.3575
(22, 27): 0.4730, 0.1004, 2.4168, 0.3106
(22, 28): 0.4730, 0.1004, 2.4168, 0.3106
(22, 29): 0.5879, 0.1014, 1.9721, 0.3165
(22, 30): 0.5430, 0.1012, 2.1729, 0.3216
(22, 31): 0.6086, 0.1001, 1.8854, 0.3048
(22, 32): 0.6086, 0.1001, 1.8854, 0.3048
(22, 33): 0.5363, 0.1002, 2.3043, 0.3348
(22, 34): 0.5336, 0.1013, 2.1593, 0.3454
(22, 35): 0.5336, 0.1013, 2.1593, 0.3454
(22, 36): 0.7058, 0.1006, 1.5593, 0.3344
(22, 37): 0.6993, 0.1000, 1.6849, 0.3634
(23, 1): 0.3103, 0.1004, 2.1335, 0.2637
(23, 2): 0.2908, 0.1001, 2.0988, 0.2670
(23, 3): 0.2908, 0.1001, 2.0988, 0.2670
(23, 4): 0.4817, 0.1012, 2.7844, 0.2352
(23, 5): 0.4960, 0.1003, 2.6646, 0.2516
(23, 6): 0.4960, 0.1003, 2.6646, 0.2516
(23, 7): 0.4691, 0.1000, 2.7372, 0.2392
(23, 8): 0.4492, 0.1004, 2.8573, 0.2458
(23, 9): 0.4492, 0.1004, 2.8573, 0.2458
(23, 10): 0.4808, 0.1005, 2.7736, 0.2480
(23, 11): 0.2704, 0.1011, 3.6204, 0.2736
(23, 12): 0.2704, 0.1011, 3.6204, 0.2736
(23, 13): 0.2964, 0.1001, 3.4786, 0.3238
(23, 14): 0.2980, 0.1001, 3.5093, 0.3560
(23, 15): 0.2946, 0.1003, 3.4728, 0.2868
(23, 16): 0.2946, 0.1003, 3.4728, 0.2868
(23, 17): 0.3193, 0.1008, 3.2527, 0.3359
(23, 18): 0.2344, 0.1003, 3.4793, 0.3289
(23, 19): 0.2344, 0.1003, 3.4793, 0.3289
(23, 20): 0.3783, 0.1006, 2.7102, 0.3026
(23, 21): 0.3760, 0.1004, 2.7926, 0.3194
(23, 22): 0.3760, 0.1004, 2.7926, 0.3194
(23, 23): 0.3624, 0.1000, 2.7904, 0.3234
(23, 24): 0.3775, 0.1007, 2.7693, 0.3275
(23, 25): 0.3775, 0.1007, 2.7693, 0.3275
(23, 26): 0.4538, 0.1004, 2.5283, 0.3139
(23, 27): 0.4254, 0.1005, 2.6326, 0.3143
(23, 28): 0.4254, 0.1005, 2.6326, 0.3143
(23, 29): 0.4686, 0.1001, 2.5164, 0.3582
(23, 30): 0.4777, 0.1010, 2.4534, 0.3322
(23, 31): 0.3866, 0.1009, 2.9366, 0.3930
(23, 32): 0.3866, 0.1009, 2.9366, 0.3930
(23, 33): 0.5901, 0.1003, 1.9876, 0.3381
(23, 34): 0.5719, 0.1028, 2.0421, 0.3593
(23, 35): 0.5719, 0.1028, 2.0421, 0.3593
(23, 36): 0.6185, 0.1003, 1.8325, 0.3824
(23, 37): 0.6196, 0.1002, 1.8760, 0.3846
(24, 1): 0.3102, 0.1009, 2.1446, 0.2648
(24, 2): 0.2758, 0.1002, 2.1870, 0.2630
(24, 3): 0.2758, 0.1002, 2.1870, 0.2630
(24, 4): 0.4316, 0.1007, 2.9921, 0.2381
(24, 5): 0.2282, 0.1004, 3.4873, 0.2546
(24, 6): 0.2282, 0.1004, 3.4873, 0.2546
(24, 7): 0.2381, 0.1009, 3.3829, 0.2725
(24, 8): 0.2359, 0.1001, 3.4448, 0.2769
(24, 9): 0.2359, 0.1001, 3.4448, 0.2769
(24, 10): 0.2545, 0.1023, 3.3727, 0.2853
(24, 11): 0.2471, 0.1013, 3.4108, 0.3158
(24, 12): 0.2471, 0.1013, 3.4108, 0.3158
(24, 13): 0.2964, 0.1001, 3.4786, 0.3238
(24, 14): 0.2980, 0.1001, 3.5093, 0.3560
(24, 15): 0.2946, 0.1003, 3.4728, 0.2868
(24, 16): 0.2946, 0.1003, 3.4728, 0.2868
(24, 17): 0.3193, 0.1008, 3.2527, 0.3359
(24, 18): 0.2344, 0.1003, 3.4793, 0.3289
(24, 19): 0.2344, 0.1003, 3.4793, 0.3289
(24, 20): 0.3783, 0.1006, 2.7102, 0.3026
(24, 21): 0.3760, 0.1004, 2.7926, 0.3194
(24, 22): 0.3760, 0.1004, 2.7926, 0.3194
(24, 23): 0.3624, 0.1000, 2.7904, 0.3234
(24, 24): 0.3775, 0.1007, 2.7693, 0.3275
(24, 25): 0.3775, 0.1007, 2.7693, 0.3275
(24, 26): 0.4538, 0.1004, 2.5283, 0.3139
(24, 27): 0.4254, 0.1005, 2.6326, 0.3143
(24, 28): 0.4254, 0.1005, 2.6326, 0.3143
(24, 29): 0.4686, 0.1001, 2.5164, 0.3582
(24, 30): 0.4777, 0.1010, 2.4534, 0.3322
(24, 31): 0.4060, 0.1014, 2.8267, 0.3502
(24, 32): 0.4194, 0.1002, 2.7177, 0.3593
(24, 33): 0.4751, 0.1009, 2.4417, 0.3637
(24, 34): 0.5413, 0.1004, 2.1049, 0.3062
(24, 35): 0.5413, 0.1004, 2.1049, 0.3062
(24, 36): 0.6606, 0.1007, 1.7006, 0.3480
(24, 37): 0.4676, 0.1004, 2.3404, 0.3549
(25, 1): 0.3306, 0.1000, 2.0960, 0.2586
(25, 2): 0.3160, 0.1001, 2.0913, 0.2604
(25, 3): 0.3160, 0.1001, 2.0913, 0.2604
(25, 4): 0.2769, 0.1023, 3.2688, 0.2656
(25, 5): 0.2706, 0.1005, 3.2127, 0.2714
(25, 6): 0.2706, 0.1005, 3.2127, 0.2714
(25, 7): 0.2381, 0.1009, 3.3829, 0.2725
(25, 8): 0.2359, 0.1001, 3.4448, 0.2769
(25, 9): 0.2359, 0.1001, 3.4448, 0.2769
(25, 10): 0.2545, 0.1023, 3.3727, 0.2853
(25, 11): 0.2471, 0.1013, 3.4108, 0.3158
(25, 12): 0.2471, 0.1013, 3.4108, 0.3158
(25, 13): 0.2577, 0.1002, 3.3821, 0.3154
(25, 14): 0.2755, 0.1000, 3.3056, 0.3051
(25, 15): 0.2483, 0.1002, 3.3761, 0.3267
(25, 16): 0.2483, 0.1002, 3.3761, 0.3267
(25, 17): 0.2716, 0.1004, 3.4065, 0.3158
(25, 18): 0.2431, 0.1001, 3.4409, 0.3117
(25, 19): 0.2431, 0.1001, 3.4409, 0.3117
(25, 20): 0.3460, 0.1001, 2.6248, 0.2894
(25, 21): 0.3690, 0.1005, 2.6253, 0.3158
(25, 22): 0.3690, 0.1005, 2.6253, 0.3158
(25, 23): 0.4515, 0.1005, 2.4507, 0.2938
(25, 24): 0.4838, 0.1001, 2.3504, 0.3055
(25, 25): 0.4838, 0.1001, 2.3504, 0.3055
(25, 26): 0.4670, 0.1001, 2.4112, 0.3341
(25, 27): 0.3584, 0.1000, 2.8287, 0.3249
(25, 28): 0.3584, 0.1000, 2.8287, 0.3249
(25, 29): 0.4419, 0.1001, 2.5869, 0.3044
(25, 30): 0.4060, 0.1014, 2.8267, 0.3502
(25, 31): 0.4060, 0.1014, 2.8267, 0.3502
(25, 32): 0.4194, 0.1002, 2.7177, 0.3593
(25, 33): 0.4751, 0.1009, 2.4417, 0.3637
(25, 34): 0.5413, 0.1004, 2.1049, 0.3062
(25, 35): 0.5413, 0.1004, 2.1049, 0.3062
(25, 36): 0.6606, 0.1007, 1.7006, 0.3480
(25, 37): 0.5821, 0.1006, 1.9508, 0.3348
(26, 1): 0.3224, 0.1004, 2.1187, 0.2637
(26, 2): 0.3160, 0.1001, 2.0913, 0.2604
(26, 3): 0.3160, 0.1001, 2.0913, 0.2604
(26, 4): 0.2769, 0.1023, 3.2688, 0.2656
(26, 5): 0.2706, 0.1005, 3.2127, 0.2714
(26, 6): 0.2706, 0.1005, 3.2127, 0.2714
(26, 7): 0.2816, 0.1000, 3.1596, 0.2667
(26, 8): 0.2904, 0.1001, 3.1349, 0.2689
(26, 9): 0.2904, 0.1001, 3.1349, 0.2689
(26, 10): 0.3086, 0.1007, 3.0808, 0.2678
(26, 11): 0.3148, 0.1005, 3.0414, 0.2674
(26, 12): 0.3148, 0.1005, 3.0414, 0.2674
(26, 13): 0.3132, 0.1005, 3.0783, 0.2744
(26, 14): 0.3070, 0.1004, 3.1180, 0.2718
(26, 15): 0.2967, 0.1005, 3.2010, 0.2817
(26, 16): 0.2967, 0.1005, 3.2010, 0.2817
(26, 17): 0.3752, 0.1005, 2.7189, 0.2484
(26, 18): 0.3729, 0.1005, 2.7341, 0.2333
(26, 19): 0.3729, 0.1005, 2.7341, 0.2333
(26, 20): 0.4199, 0.1014, 2.3689, 0.2341
(26, 21): 0.4340, 0.1001, 2.3628, 0.2744
(26, 22): 0.4340, 0.1001, 2.3628, 0.2744
(26, 23): 0.4094, 0.1004, 2.6348, 0.3201
(26, 24): 0.4374, 0.1008, 2.4349, 0.2780
(26, 25): 0.4374, 0.1008, 2.4349, 0.2780
(26, 26): 0.5091, 0.1022, 2.2604, 0.2930
(26, 27): 0.3855, 0.1005, 2.7100, 0.3359
(26, 28): 0.3855, 0.1005, 2.7100, 0.3359
(26, 29): 0.3883, 0.1006, 2.8775, 0.3462
(26, 30): 0.4456, 0.1015, 2.5670, 0.2916
(26, 31): 0.4456, 0.1015, 2.5670, 0.2916
(26, 32): 0.5185, 0.1005, 2.3243, 0.3212
(26, 33): 0.5261, 0.1002, 2.1517, 0.3220
(26, 34): 0.6095, 0.1000, 1.8324, 0.3557
(26, 35): 0.6095, 0.1000, 1.8324, 0.3557
(26, 36): 0.5190, 0.1002, 2.1163, 0.3385
(26, 37): 0.5821, 0.1006, 1.9508, 0.3348
(27, 1): 0.3224, 0.1004, 2.1187, 0.2637
(27, 2): 0.3076, 0.1044, 2.4270, 0.3073
(27, 3): 0.3076, 0.1044, 2.4270, 0.3073
(27, 4): 0.3034, 0.1014, 3.0880, 0.2788
(27, 5): 0.2792, 0.1002, 3.1766, 0.2667
(27, 6): 0.2792, 0.1002, 3.1766, 0.2667
(27, 7): 0.2690, 0.1001, 3.2281, 0.2725
(27, 8): 0.2841, 0.1015, 3.1706, 0.2740
(27, 9): 0.2841, 0.1015, 3.1706, 0.2740
(27, 10): 0.3111, 0.1008, 3.0794, 0.2674
(27, 11): 0.3159, 0.1002, 3.0605, 0.2681
(27, 12): 0.3267, 0.1004, 3.0027, 0.2678
(27, 13): 0.3267, 0.1004, 3.0027, 0.2678
(27, 14): 0.3399, 0.1002, 3.0208, 0.2747
(27, 15): 0.4096, 0.1000, 2.7996, 0.2817
(27, 16): 0.4096, 0.1000, 2.7996, 0.2817
(27, 17): 0.3841, 0.1002, 2.9300, 0.2696
(27, 18): 0.3864, 0.1001, 2.9318, 0.2630
(27, 19): 0.3864, 0.1001, 2.9318, 0.2630
(27, 20): 0.4962, 0.1009, 2.2169, 0.2267
(27, 21): 0.5016, 0.1005, 2.2474, 0.2608
(27, 22): 0.5016, 0.1005, 2.2474, 0.2608
(27, 23): 0.4297, 0.1029, 2.5262, 0.2736
(27, 24): 0.3668, 0.1007, 2.7679, 0.3154
(27, 25): 0.3668, 0.1007, 2.7679, 0.3154
(27, 26): 0.4429, 0.1007, 2.4893, 0.2788
(27, 27): 0.3609, 0.1002, 2.8857, 0.3073
(27, 28): 0.3609, 0.1002, 2.8857, 0.3073
(27, 29): 0.4755, 0.1007, 2.3887, 0.3026
(27, 30): 0.5358, 0.1004, 2.2062, 0.3403
(27, 31): 0.5358, 0.1004, 2.2062, 0.3403
(27, 32): 0.4520, 0.1014, 2.5833, 0.3374
(27, 33): 0.4308, 0.1002, 2.5718, 0.3868
(27, 34): 0.4308, 0.1002, 2.5718, 0.3868
(27, 35): 0.3353, 0.1008, 2.9364, 0.2755
(27, 36): 0.6334, 0.1002, 1.7120, 0.3055
(27, 37): 0.6119, 0.1010, 1.8080, 0.3220
(28, 1): 0.3293, 0.1006, 2.1179, 0.3176
(28, 2): 0.3055, 0.1004, 2.3456, 0.3070
(28, 3): 0.3055, 0.1004, 2.3456, 0.3070
(28, 4): 0.2766, 0.1019, 3.2040, 0.2670
(28, 5): 0.2646, 0.1022, 3.2389, 0.2670
(28, 6): 0.2646, 0.1022, 3.2389, 0.2670
(28, 7): 0.2699, 0.1014, 3.2111, 0.2637
(28, 8): 0.2677, 0.1002, 3.2445, 0.2692
(28, 9): 0.2677, 0.1002, 3.2445, 0.2692
(28, 10): 0.2806, 0.1004, 3.1807, 0.2648
(28, 11): 0.3061, 0.1001, 3.1144, 0.2678
(28, 12): 0.3468, 0.1003, 2.9799, 0.2663
(28, 13): 0.3468, 0.1003, 2.9799, 0.2663
(28, 14): 0.4287, 0.1001, 2.8237, 0.2667
(28, 15): 0.4259, 0.1003, 2.7602, 0.2630
(28, 16): 0.4259, 0.1003, 2.7602, 0.2630
(28, 17): 0.4027, 0.1009, 2.8517, 0.2780
(28, 18): 0.4081, 0.1004, 2.7833, 0.2670
(28, 19): 0.4081, 0.1004, 2.7833, 0.2670
(28, 20): 0.4810, 0.1001, 2.2908, 0.2722
(28, 21): 0.3787, 0.1009, 2.7905, 0.2623
(28, 22): 0.3787, 0.1009, 2.7905, 0.2623
(28, 23): 0.2042, 0.1005, 3.6611, 0.2201
(28, 24): 0.3178, 0.1001, 3.0044, 0.2663
(28, 25): 0.3178, 0.1001, 3.0044, 0.2663
(28, 26): 0.2992, 0.1002, 3.1029, 0.3147
(28, 27): 0.4449, 0.1007, 2.4881, 0.2861
(28, 28): 0.4449, 0.1007, 2.4881, 0.2861
(28, 29): 0.4160, 0.1006, 2.5516, 0.2886
(28, 30): 0.5601, 0.1001, 2.0594, 0.2733
(28, 31): 0.5601, 0.1001, 2.0594, 0.2733
(28, 32): 0.3973, 0.1001, 2.6071, 0.3399
(28, 33): 0.5347, 0.1005, 2.0921, 0.3132
(28, 34): 0.5347, 0.1005, 2.0921, 0.3132
(28, 35): 0.4345, 0.1006, 2.4709, 0.3264
(28, 36): 0.4412, 0.1004, 2.3954, 0.3011
(28, 37): 0.4786, 0.1006, 2.3202, 0.2590
(29, 1): 0.2796, 0.1000, 2.2686, 0.2773
(29, 2): 0.2904, 0.1008, 2.5497, 0.2993
(29, 3): 0.2904, 0.1008, 2.5497, 0.2993
(29, 4): 0.2848, 0.1004, 3.1582, 0.2560
(29, 5): 0.2625, 0.1011, 3.2286, 0.2645
(29, 6): 0.2625, 0.1011, 3.2286, 0.2645
(29, 7): 0.2705, 0.1004, 3.1974, 0.2612
(29, 8): 0.2861, 0.1018, 3.1697, 0.2593
(29, 9): 0.3040, 0.1000, 3.1386, 0.2648
(29, 10): 0.3040, 0.1000, 3.1386, 0.2648
(29, 11): 0.3874, 0.1005, 2.8867, 0.2612
(29, 12): 0.3952, 0.1024, 2.8585, 0.2641
(29, 13): 0.3952, 0.1024, 2.8585, 0.2641
(29, 14): 0.4490, 0.1010, 2.6637, 0.2542
(29, 15): 0.4330, 0.1001, 2.7552, 0.2564
(29, 16): 0.4330, 0.1001, 2.7552, 0.2564
(29, 17): 0.4184, 0.1000, 2.8013, 0.2634
(29, 18): 0.3916, 0.1003, 2.7984, 0.2802
(29, 19): 0.3916, 0.1003, 2.7984, 0.2802
(29, 20): 0.3910, 0.1007, 2.7026, 0.2399
(29, 21): 0.4086, 0.1003, 2.6306, 0.2868
(29, 22): 0.4086, 0.1003, 2.6306, 0.2868
(29, 23): 0.2726, 0.1000, 3.2557, 0.2685
(29, 24): 0.3019, 0.1005, 3.1292, 0.2359
(29, 25): 0.3019, 0.1005, 3.1292, 0.2359
(29, 26): 0.4104, 0.1014, 2.5868, 0.3029
(29, 27): 0.3962, 0.1002, 2.6954, 0.2824
(29, 28): 0.3962, 0.1002, 2.6954, 0.2824
(29, 29): 0.3649, 0.1005, 2.7452, 0.2766
(29, 30): 0.5054, 0.1004, 2.1679, 0.2810
(29, 31): 0.5054, 0.1004, 2.1679, 0.2810
(29, 32): 0.5248, 0.1004, 2.0680, 0.3216
(29, 33): 0.3863, 0.1001, 2.6775, 0.3256
(29, 34): 0.3863, 0.1001, 2.6775, 0.3256
(29, 35): 0.3771, 0.1006, 2.7638, 0.3062
(29, 36): 0.3645, 0.1003, 2.8514, 0.2747
(29, 37): 0.3645, 0.1003, 2.8514, 0.2747
(30, 1): 0.2789, 0.1012, 2.2434, 0.2707
(30, 2): 0.2759, 0.1012, 3.3787, 0.2542
(30, 3): 0.2759, 0.1012, 3.3787, 0.2542
(30, 4): 0.2466, 0.1014, 3.3283, 0.2762
(30, 5): 0.2535, 0.1003, 3.3100, 0.2579
(30, 6): 0.3237, 0.1006, 3.0696, 0.2586
(30, 7): 0.3237, 0.1006, 3.0696, 0.2586
(30, 8): 0.3466, 0.1012, 3.0085, 0.2648
(30, 9): 0.3826, 0.1002, 2.9104, 0.2608
(30, 10): 0.3826, 0.1002, 2.9104, 0.2608
(30, 11): 0.3759, 0.1002, 2.9054, 0.2623
(30, 12): 0.4063, 0.1015, 2.7949, 0.2575
(30, 13): 0.4063, 0.1015, 2.7949, 0.2575
(30, 14): 0.4095, 0.1008, 2.8020, 0.2579
(30, 15): 0.4352, 0.1002, 2.7297, 0.2615
(30, 16): 0.4352, 0.1002, 2.7297, 0.2615
(30, 17): 0.4201, 0.1009, 2.8189, 0.2579
(30, 18): 0.4150, 0.1005, 2.7299, 0.2608
(30, 19): 0.4150, 0.1005, 2.7299, 0.2608
(30, 20): 0.4142, 0.1009, 2.6212, 0.2440
(30, 21): 0.4231, 0.1001, 2.5622, 0.2392
(30, 22): 0.4231, 0.1001, 2.5622, 0.2392
(30, 23): 0.3179, 0.1008, 3.0125, 0.2370
(30, 24): 0.3079, 0.1010, 3.0914, 0.2366
(30, 25): 0.3079, 0.1010, 3.0914, 0.2366
(30, 26): 0.4133, 0.1006, 2.5436, 0.3051
(30, 27): 0.4001, 0.1008, 2.6374, 0.2828
(30, 28): 0.4001, 0.1008, 2.6374, 0.2828
(30, 29): 0.3798, 0.1003, 2.6276, 0.3396
(30, 30): 0.4828, 0.1027, 2.1864, 0.2571
(30, 31): 0.4828, 0.1027, 2.1864, 0.2571
(30, 32): 0.4513, 0.1003, 2.4480, 0.2832
(30, 33): 0.3019, 0.1001, 3.1390, 0.3051
(30, 34): 0.3019, 0.1001, 3.1390, 0.3051
(30, 35): 0.3500, 0.1002, 2.9117, 0.3143
(30, 36): 0.4556, 0.1013, 2.4486, 0.3256
(30, 37): 0.4556, 0.1013, 2.4486, 0.3256
(31, 1): 0.2789, 0.1012, 2.2434, 0.2707
(31, 2): 0.2759, 0.1012, 3.3787, 0.2542
(31, 3): 0.2466, 0.1014, 3.3283, 0.2762
(31, 4): 0.2466, 0.1014, 3.3283, 0.2762
(31, 5): 0.2535, 0.1003, 3.3100, 0.2579
(31, 6): 0.3237, 0.1006, 3.0696, 0.2586
(31, 7): 0.3237, 0.1006, 3.0696, 0.2586
(31, 8): 0.3466, 0.1012, 3.0085, 0.2648
(31, 9): 0.3826, 0.1002, 2.9104, 0.2608
(31, 10): 0.3826, 0.1002, 2.9104, 0.2608
(31, 11): 0.3759, 0.1002, 2.9054, 0.2623
(31, 12): 0.4063, 0.1015, 2.7949, 0.2575
(31, 13): 0.4063, 0.1015, 2.7949, 0.2575
(31, 14): 0.4095, 0.1008, 2.8020, 0.2579
(31, 15): 0.4352, 0.1002, 2.7297, 0.2615
(31, 16): 0.4352, 0.1002, 2.7297, 0.2615
(31, 17): 0.4201, 0.1009, 2.8189, 0.2579
(31, 18): 0.4150, 0.1005, 2.7299, 0.2608
(31, 19): 0.4150, 0.1005, 2.7299, 0.2608
(31, 20): 0.4142, 0.1009, 2.6212, 0.2440
(31, 21): 0.4231, 0.1001, 2.5622, 0.2392
(31, 22): 0.4231, 0.1001, 2.5622, 0.2392
(31, 23): 0.3179, 0.1008, 3.0125, 0.2370
(31, 24): 0.3079, 0.1010, 3.0914, 0.2366
(31, 25): 0.3079, 0.1010, 3.0914, 0.2366
(31, 26): 0.4133, 0.1006, 2.5436, 0.3051
(31, 27): 0.4001, 0.1008, 2.6374, 0.2828
(31, 28): 0.4001, 0.1008, 2.6374, 0.2828
(31, 29): 0.3798, 0.1003, 2.6276, 0.3396
(31, 30): 0.4828, 0.1027, 2.1864, 0.2571
(31, 31): 0.4828, 0.1027, 2.1864, 0.2571
(31, 32): 0.4513, 0.1003, 2.4480, 0.2832
(31, 33): 0.3019, 0.1001, 3.1390, 0.3051
(31, 34): 0.3019, 0.1001, 3.1390, 0.3051
(31, 35): 0.3500, 0.1002, 2.9117, 0.3143
(31, 36): 0.4556, 0.1013, 2.4486, 0.3256
(31, 37): 0.4556, 0.1013, 2.4486, 0.3256
(32, 1): 0.2789, 0.1012, 2.2434, 0.2707
(32, 2): 0.2759, 0.1012, 3.3787, 0.2542
(32, 3): 0.2466, 0.1014, 3.3283, 0.2762
(32, 4): 0.2466, 0.1014, 3.3283, 0.2762
(32, 5): 0.2535, 0.1003, 3.3100, 0.2579
(32, 6): 0.3237, 0.1006, 3.0696, 0.2586
(32, 7): 0.3237, 0.1006, 3.0696, 0.2586
(32, 8): 0.3466, 0.1012, 3.0085, 0.2648
(32, 9): 0.3826, 0.1002, 2.9104, 0.2608
(32, 10): 0.3826, 0.1002, 2.9104, 0.2608
(32, 11): 0.3759, 0.1002, 2.9054, 0.2623
(32, 12): 0.4063, 0.1015, 2.7949, 0.2575
(32, 13): 0.4063, 0.1015, 2.7949, 0.2575
(32, 14): 0.4095, 0.1008, 2.8020, 0.2579
(32, 15): 0.4352, 0.1002, 2.7297, 0.2615
(32, 16): 0.4352, 0.1002, 2.7297, 0.2615
(32, 17): 0.4201, 0.1009, 2.8189, 0.2579
(32, 18): 0.4150, 0.1005, 2.7299, 0.2608
(32, 19): 0.4150, 0.1005, 2.7299, 0.2608
(32, 20): 0.4142, 0.1009, 2.6212, 0.2440
(32, 21): 0.4231, 0.1001, 2.5622, 0.2392
(32, 22): 0.4231, 0.1001, 2.5622, 0.2392
(32, 23): 0.3179, 0.1008, 3.0125, 0.2370
(32, 24): 0.3079, 0.1010, 3.0914, 0.2366
(32, 25): 0.3079, 0.1010, 3.0914, 0.2366
(32, 26): 0.4133, 0.1006, 2.5436, 0.3051
(32, 27): 0.4001, 0.1008, 2.6374, 0.2828
(32, 28): 0.4001, 0.1008, 2.6374, 0.2828
(32, 29): 0.3798, 0.1003, 2.6276, 0.3396
(32, 30): 0.4828, 0.1027, 2.1864, 0.2571
(32, 31): 0.4828, 0.1027, 2.1864, 0.2571
(32, 32): 0.4513, 0.1003, 2.4480, 0.2832
(32, 33): 0.3019, 0.1001, 3.1390, 0.3051
(32, 34): 0.3019, 0.1001, 3.1390, 0.3051
(32, 35): 0.3500, 0.1002, 2.9117, 0.3143
(32, 36): 0.4556, 0.1013, 2.4486, 0.3256
(32, 37): 0.4556, 0.1013, 2.4486, 0.3256
