(9, 1): 0.1593, 11.0089, 4.3298
(9, 2): 0.1593, 11.0089, 4.3298
(9, 3): 0.1263, 11.0021, 5.2248
(9, 4): 0.0712, 11.0167, 5.9741
(9, 5): 0.0712, 11.0167, 5.9741
(9, 6): -0.0306, 11.0060, 6.0557
(9, 7): 0.0627, 11.0465, 5.7191
(9, 8): 0.0627, 11.0465, 5.7191
(9, 9): 0.1652, 11.0134, 5.2675
(9, 10): 0.1551, 11.0049, 5.7702
(9, 11): 0.1848, 11.0080, 5.3178
(9, 12): 0.1848, 11.0080, 5.3178
(9, 13): 0.1872, 11.0264, 5.4840
(9, 14): 0.1305, 11.0376, 5.2942
(9, 15): 0.1305, 11.0376, 5.2942
(9, 16): 0.1225, 11.0402, 5.1464
(9, 17): 0.0248, 11.0516, 6.1027
(9, 18): 0.0248, 11.0516, 6.1027
(9, 19): -0.1045, 11.0513, 6.9094
(9, 20): -0.0940, 11.0742, 6.7419
(9, 21): -0.0509, 11.0547, 6.0776
(9, 22): -0.0509, 11.0547, 6.0776
(9, 23): -0.1610, 11.2280, 8.0048
(9, 24): -0.0789, 11.0709, 7.4053
(9, 25): -0.0789, 11.0709, 7.4053
(9, 26): 0.0579, 11.0694, 5.8811
(9, 27): -0.0319, 11.0066, 7.5370
(9, 28): 0.0807, 11.1148, 5.7430
(9, 29): 0.0807, 11.1148, 5.7430
(9, 30): 0.0819, 11.0267, 6.2952
(9, 31): 0.1132, 11.0337, 5.6681
(9, 32): 0.1132, 11.0337, 5.6681
(9, 33): 0.0917, 11.0203, 6.3071
(9, 34): 0.1805, 11.0773, 6.8355
(9, 35): 0.2356, 11.0016, 6.0777
(9, 36): 0.2356, 11.0016, 6.0777
(9, 37): 0.2162, 11.0072, 5.7946
(10, 1): 0.0696, 11.0692, 5.1669
(10, 2): 0.0696, 11.0692, 5.1669
(10, 3): 0.1141, 11.0752, 5.7306
(10, 4): 0.0739, 11.0299, 5.5976
(10, 5): 0.0739, 11.0299, 5.5976
(10, 6): 0.0996, 11.0897, 5.2075
(10, 7): 0.1498, 11.0338, 4.9338
(10, 8): 0.1498, 11.0338, 4.9338
(10, 9): 0.1801, 11.0384, 4.5033
(10, 10): 0.2418, 11.0163, 4.3339
(10, 11): 0.2200, 11.0102, 4.8115
(10, 12): 0.2200, 11.0102, 4.8115
(10, 13): 0.0213, 11.0227, 6.0612
(10, 14): 0.1082, 11.0111, 5.1534
(10, 15): 0.1082, 11.0111, 5.1534
(10, 16): 0.0504, 11.0267, 6.1793
(10, 17): 0.1058, 11.0325, 6.0825
(10, 18): -0.0428, 11.0045, 6.5637
(10, 19): -0.0428, 11.0045, 6.5637
(10, 20): -0.1064, 11.0251, 6.9023
(10, 21): -0.0953, 11.0025, 6.5579
(10, 22): -0.0953, 11.0025, 6.5579
(10, 23): -0.0999, 11.0671, 6.9936
(10, 24): 0.0046, 11.0480, 6.6864
(10, 25): 0.0046, 11.0480, 6.6864
(10, 26): 0.0212, 11.0006, 6.6099
(10, 27): 0.0153, 11.0127, 6.0631
(10, 28): -0.0294, 11.0116, 6.0314
(10, 29): -0.0294, 11.0116, 6.0314
(10, 30): -0.0391, 11.0018, 6.4016
(10, 31): 0.0422, 11.0778, 5.9533
(10, 32): 0.0422, 11.0778, 5.9533
(10, 33): 0.0518, 11.3066, 6.2393
(10, 34): 0.1807, 11.0065, 7.1377
(10, 35): 0.2216, 11.0808, 6.9188
(10, 36): 0.2216, 11.0808, 6.9188
(10, 37): 0.1799, 11.1207, 6.9409
(11, 1): 0.0399, 11.0087, 5.2361
(11, 2): 0.0399, 11.0087, 5.2361
(11, 3): 0.0429, 11.0066, 5.6500
(11, 4): 0.1680, 11.0245, 4.5354
(11, 5): 0.1680, 11.0245, 4.5354
(11, 6): 0.1244, 11.0380, 5.0908
(11, 7): 0.1389, 11.0726, 4.8364
(11, 8): 0.1389, 11.0726, 4.8364
(11, 9): 0.1792, 11.0255, 4.7770
(11, 10): 0.1718, 11.0702, 4.8623
(11, 11): 0.0489, 11.0209, 5.9949
(11, 12): 0.0489, 11.0209, 5.9949
(11, 13): 0.1132, 11.0025, 5.1028
(11, 14): 0.0966, 11.0703, 5.5144
(11, 15): 0.0966, 11.0703, 5.5144
(11, 16): 0.0896, 11.0136, 5.9424
(11, 17): 0.1146, 11.0169, 5.6173
(11, 18): 0.0891, 11.0174, 6.0396
(11, 19): 0.0891, 11.0174, 6.0396
(11, 20): -0.0051, 11.0026, 6.6363
(11, 21): -0.0744, 11.0399, 7.1456
(11, 22): -0.0744, 11.0399, 7.1456
(11, 23): -0.0275, 11.0126, 6.2196
(11, 24): 0.0549, 11.0396, 5.9981
(11, 25): 0.0549, 11.0396, 5.9981
(11, 26): 0.0026, 11.0246, 6.3208
(11, 27): 0.0880, 11.0289, 5.3526
(11, 28): 0.1748, 11.0434, 5.7711
(11, 29): 0.1748, 11.0434, 5.7711
(11, 30): 0.0017, 11.0544, 6.4285
(11, 31): -0.0047, 11.0166, 6.0244
(11, 32): -0.0047, 11.0166, 6.0244
(11, 33): 0.0764, 11.0258, 6.1560
(11, 34): 0.2086, 11.1350, 6.2918
(11, 35): 0.2299, 11.0133, 5.9255
(11, 36): 0.2299, 11.0133, 5.9255
(11, 37): 0.1869, 11.0135, 6.5622
(12, 1): 0.0558, 11.1282, 5.2378
(12, 2): 0.0558, 11.1282, 5.2378
(12, 3): 0.0467, 11.0256, 5.4743
(12, 4): 0.0494, 11.0399, 5.6705
(12, 5): 0.0494, 11.0399, 5.6705
(12, 6): 0.0832, 11.0304, 5.3095
(12, 7): 0.1675, 11.0028, 4.9996
(12, 8): 0.1675, 11.0028, 4.9996
(12, 9): 0.1196, 11.0255, 5.5893
(12, 10): 0.0879, 11.0165, 5.6483
(12, 11): 0.0014, 11.0270, 6.5469
(12, 12): 0.0014, 11.0270, 6.5469
(12, 13): 0.0753, 11.0074, 5.8605
(12, 14): 0.1199, 11.0301, 5.7713
(12, 15): 0.1199, 11.0301, 5.7713
(12, 16): 0.1300, 11.0473, 5.3386
(12, 17): 0.0892, 11.0284, 5.7051
(12, 18): 0.1246, 11.0008, 5.6803
(12, 19): 0.1246, 11.0008, 5.6803
(12, 20): 0.0733, 11.0038, 6.8339
(12, 21): 0.0383, 11.0497, 7.0629
(12, 22): 0.0383, 11.0497, 7.0629
(12, 23): 0.0330, 11.4043, 5.7804
(12, 24): -0.0375, 11.0303, 6.2053
(12, 25): -0.0375, 11.0303, 6.2053
(12, 26): -0.0787, 11.0269, 7.0494
(12, 27): 0.1016, 11.0002, 5.4775
(12, 28): 0.0627, 11.0630, 6.7662
(12, 29): 0.0627, 11.0630, 6.7662
(12, 30): -0.0370, 11.0168, 6.9326
(12, 31): -0.0304, 11.1059, 6.0751
(12, 32): -0.0304, 11.1059, 6.0751
(12, 33): 0.1084, 11.0085, 5.3848
(12, 34): 0.1044, 11.0395, 6.2567
(12, 35): 0.1044, 11.0395, 6.2567
(12, 36): 0.1440, 11.0112, 6.4413
(12, 37): 0.2470, 11.0212, 6.5334
(13, 1): 0.1541, 11.0130, 4.6917
(13, 2): 0.1541, 11.0130, 4.6917
(13, 3): 0.0891, 11.0399, 5.2423
(13, 4): 0.0596, 11.0004, 5.4936
(13, 5): 0.0596, 11.0004, 5.4936
(13, 6): 0.0556, 11.0299, 5.3247
(13, 7): 0.1660, 11.0030, 5.4806
(13, 8): 0.1660, 11.0030, 5.4806
(13, 9): 0.1381, 11.0131, 5.6406
(13, 10): 0.1228, 11.0246, 5.8895
(13, 11): 0.1282, 11.0624, 6.5723
(13, 12): 0.1282, 11.0624, 6.5723
(13, 13): 0.0753, 11.0074, 5.8605
(13, 14): 0.1199, 11.0301, 5.7713
(13, 15): 0.1199, 11.0301, 5.7713
(13, 16): 0.1300, 11.0473, 5.3386
(13, 17): 0.0892, 11.0284, 5.7051
(13, 18): 0.1246, 11.0008, 5.6803
(13, 19): 0.1246, 11.0008, 5.6803
(13, 20): 0.0733, 11.0038, 6.8339
(13, 21): 0.0383, 11.0497, 7.0629
(13, 22): 0.0383, 11.0497, 7.0629
(13, 23): 0.0330, 11.4043, 5.7804
(13, 24): -0.0375, 11.0303, 6.2053
(13, 25): -0.0375, 11.0303, 6.2053
(13, 26): -0.0787, 11.0269, 7.0494
(13, 27): 0.1016, 11.0002, 5.4775
(13, 28): 0.0627, 11.0630, 6.7662
(13, 29): 0.0627, 11.0630, 6.7662
(13, 30): -0.0370, 11.0168, 6.9326
(13, 31): 0.0804, 11.0334, 6.1780
(13, 32): 0.0804, 11.0334, 6.1780
(13, 33): 0.0726, 11.0183, 6.4202
(13, 34): 0.0802, 11.0001, 5.8977
(13, 35): 0.0802, 11.0001, 5.8977
(13, 36): 0.0900, 11.0309, 5.3230
(13, 37): 0.1233, 11.0058, 5.6634
(14, 1): 0.1531, 11.0548, 5.0122
(14, 2): 0.1531, 11.0548, 5.0122
(14, 3): 0.1350, 11.0292, 4.8090
(14, 4): 0.1008, 11.0722, 4.9002
(14, 5): 0.1008, 11.0722, 4.9002
(14, 6): 0.1509, 11.0214, 5.4822
(14, 7): 0.1660, 11.0030, 5.4806
(14, 8): 0.1381, 11.0131, 5.6406
(14, 9): 0.1381, 11.0131, 5.6406
(14, 10): 0.1228, 11.0246, 5.8895
(14, 11): 0.1282, 11.0624, 6.5723
(14, 12): 0.1282, 11.0624, 6.5723
(14, 13): 0.0968, 11.0074, 7.1226
(14, 14): 0.1135, 11.0041, 6.6693
(14, 15): 0.1135, 11.0041, 6.6693
(14, 16): 0.1635, 11.0155, 5.8826
(14, 17): 0.0925, 11.0027, 6.1862
(14, 18): 0.0254, 11.0050, 6.8033
(14, 19): 0.0254, 11.0050, 6.8033
(14, 20): 0.1492, 11.0197, 5.5378
(14, 21): 0.0708, 11.0373, 6.3357
(14, 22): 0.0708, 11.0373, 6.3357
(14, 23): 0.0356, 11.0065, 6.1594
(14, 24): 0.0795, 11.0009, 6.0757
(14, 25): 0.0795, 11.0009, 6.0757
(14, 26): 0.0346, 11.0224, 6.1878
(14, 27): -0.0078, 11.0023, 6.1855
(14, 28): 0.0259, 11.0136, 6.0966
(14, 29): 0.0259, 11.0136, 6.0966
(14, 30): 0.0060, 11.0112, 6.6912
(14, 31): 0.0804, 11.0334, 6.1780
(14, 32): 0.0804, 11.0334, 6.1780
(14, 33): 0.0726, 11.0183, 6.4202
(14, 34): 0.0802, 11.0001, 5.8977
(14, 35): 0.0802, 11.0001, 5.8977
(14, 36): 0.0900, 11.0309, 5.3230
(14, 37): 0.0688, 11.0010, 5.0105
(15, 1): 0.2300, 11.0931, 4.5009
(15, 2): 0.2300, 11.0931, 4.5009
(15, 3): 0.1350, 11.0292, 4.8090
(15, 4): 0.1008, 11.0722, 4.9002
(15, 5): 0.1008, 11.0722, 4.9002
(15, 6): 0.1509, 11.0214, 5.4822
(15, 7): 0.0471, 11.0182, 6.4276
(15, 8): 0.1202, 11.0313, 6.0693
(15, 9): 0.1202, 11.0313, 6.0693
(15, 10): 0.2920, 11.0195, 5.0668
(15, 11): 0.0902, 11.0410, 6.0116
(15, 12): 0.0902, 11.0410, 6.0116
(15, 13): 0.0671, 11.0004, 5.8697
(15, 14): 0.0341, 11.0276, 6.6865
(15, 15): 0.0341, 11.0276, 6.6865
(15, 16): 0.0127, 11.0458, 6.1085
(15, 17): 0.0700, 11.0107, 6.0350
(15, 18): 0.0328, 11.0066, 6.1179
(15, 19): 0.0328, 11.0066, 6.1179
(15, 20): 0.0957, 11.0081, 5.8792
(15, 21): 0.1798, 11.0039, 5.4399
(15, 22): 0.1798, 11.0039, 5.4399
(15, 23): 0.0901, 11.0568, 6.3522
(15, 24): 0.1077, 11.0959, 5.5310
(15, 25): 0.1077, 11.0959, 5.5310
(15, 26): 0.1243, 11.0074, 5.6232
(15, 27): 0.1270, 11.0285, 5.5064
(15, 28): -0.0238, 11.0353, 6.4528
(15, 29): -0.0238, 11.0353, 6.4528
(15, 30): -0.0032, 11.0246, 7.2754
(15, 31): 0.1457, 11.0258, 6.0967
(15, 32): 0.1457, 11.0258, 6.0967
(15, 33): 0.2069, 11.0348, 5.3665
(15, 34): 0.1959, 11.0401, 5.6973
(15, 35): 0.1959, 11.0401, 5.6973
(15, 36): 0.1826, 11.0088, 5.1294
(15, 37): 0.0688, 11.0010, 5.0105
(16, 1): 0.2300, 11.0931, 4.5009
(16, 2): 0.2300, 11.0931, 4.5009
(16, 3): 0.0817, 11.0100, 5.3524
(16, 4): 0.1285, 11.0837, 5.8505
(16, 5): 0.1285, 11.0837, 5.8505
(16, 6): 0.1687, 11.1174, 5.4587
(16, 7): 0.1886, 11.0309, 5.4032
(16, 8): 0.2416, 11.0173, 5.4672
(16, 9): 0.2416, 11.0173, 5.4672
(16, 10): 0.2036, 11.0426, 5.7184
(16, 11): 0.1181, 11.0084, 6.0502
(16, 12): 0.1181, 11.0084, 6.0502
(16, 13): -0.0275, 11.0166, 6.1415
(16, 14): 0.0473, 11.0065, 6.4860
(16, 15): 0.0473, 11.0065, 6.4860
(16, 16): 0.0729, 11.0168, 5.6647
(16, 17): 0.1151, 11.0063, 5.5570
(16, 18): 0.0494, 11.0500, 5.3897
(16, 19): 0.0494, 11.0500, 5.3897
(16, 20): 0.1502, 11.0336, 5.3470
(16, 21): 0.0978, 11.0151, 6.2102
(16, 22): 0.0978, 11.0151, 6.2102
(16, 23): 0.0670, 11.0820, 6.7655
(16, 24): -0.0060, 11.0602, 7.1286
(16, 25): -0.0060, 11.0602, 7.1286
(16, 26): 0.0715, 11.0122, 6.6386
(16, 27): 0.0672, 11.0188, 5.8834
(16, 28): 0.0880, 11.0560, 6.2157
(16, 29): 0.0880, 11.0560, 6.2157
(16, 30): 0.1050, 11.0971, 5.9183
(16, 31): 0.1436, 11.0796, 5.3494
(16, 32): 0.1436, 11.0796, 5.3494
(16, 33): 0.1978, 11.0237, 5.3229
(16, 34): 0.2153, 11.0252, 5.4373
(16, 35): 0.2153, 11.0252, 5.4373
(16, 36): 0.1634, 11.0574, 5.1802
(16, 37): 0.1429, 11.1088, 4.9155
(1, 1): 0.0781, 11.1645, 5.5940
(1, 2): 0.0781, 11.1645, 5.5940
(1, 3): -0.0560, 11.0659, 5.6992
(1, 4): -0.0560, 11.0659, 5.6992
(1, 5): -0.0733, 11.1395, 5.6777
(1, 6): 0.0087, 11.0588, 5.1976
(1, 7): 0.0260, 11.0120, 5.2480
(1, 8): 0.0260, 11.0120, 5.2480
(1, 9): -0.0015, 11.0152, 5.6090
(1, 10): 0.0170, 11.0700, 5.8511
(1, 11): 0.0170, 11.0700, 5.8511
(1, 12): 0.1387, 11.0053, 5.0496
(1, 13): 0.2664, 11.0106, 4.3366
(1, 14): 0.2437, 11.0500, 4.8628
(1, 15): 0.2437, 11.0500, 4.8628
(1, 16): 0.3244, 11.0323, 4.4057
(1, 17): 0.3904, 11.0438, 3.8599
(1, 18): 0.3904, 11.0438, 3.8599
(1, 19): 0.4582, 11.0207, 3.0559
(1, 20): 0.3913, 11.0227, 3.8945
(1, 21): 0.2157, 11.0855, 4.9384
(1, 22): 0.2157, 11.0855, 4.9384
(1, 23): 0.1848, 11.1177, 6.1344
(1, 24): 0.1689, 11.0731, 5.9152
(1, 25): 0.1514, 11.0861, 7.0297
(1, 26): 0.1514, 11.0861, 7.0297
(1, 27): 0.2574, 11.0295, 6.6075
(1, 28): 0.2558, 11.0138, 7.3706
(1, 29): 0.2558, 11.0138, 7.3706
(1, 30): 0.3281, 11.1324, 6.7793
(1, 31): 0.4033, 11.2017, 6.1710
(1, 32): 0.3629, 11.0415, 6.7623
(1, 33): 0.3629, 11.0415, 6.7623
(1, 34): 0.3579, 11.0625, 6.5912
(1, 35): 0.3121, 11.1299, 6.6733
(1, 36): 0.3121, 11.1299, 6.6733
(1, 37): 0.3515, 11.0127, 5.1549
(2, 1): 0.0265, 11.0093, 5.8138
(2, 2): 0.0265, 11.0093, 5.8138
(2, 3): -0.0892, 11.0726, 6.8871
(2, 4): -0.0892, 11.0726, 6.8871
(2, 5): -0.1073, 11.0036, 5.9875
(2, 6): -0.0466, 11.0788, 5.5341
(2, 7): 0.0097, 11.0980, 5.8972
(2, 8): 0.0097, 11.0980, 5.8972
(2, 9): 0.0011, 11.0061, 5.5810
(2, 10): 0.0215, 11.0101, 6.2011
(2, 11): 0.0215, 11.0101, 6.2011
(2, 12): 0.1277, 11.1127, 5.0708
(2, 13): 0.2664, 11.0106, 4.3366
(2, 14): 0.2437, 11.0500, 4.8628
(2, 15): 0.2437, 11.0500, 4.8628
(2, 16): 0.3244, 11.0323, 4.4057
(2, 17): 0.3904, 11.0438, 3.8599
(2, 18): 0.3904, 11.0438, 3.8599
(2, 19): 0.4582, 11.0207, 3.0559
(2, 20): 0.3913, 11.0227, 3.8945
(2, 21): 0.2157, 11.0855, 4.9384
(2, 22): 0.2157, 11.0855, 4.9384
(2, 23): 0.1848, 11.1177, 6.1344
(2, 24): 0.1689, 11.0731, 5.9152
(2, 25): 0.1514, 11.0861, 7.0297
(2, 26): 0.1514, 11.0861, 7.0297
(2, 27): 0.2574, 11.0295, 6.6075
(2, 28): 0.2558, 11.0138, 7.3706
(2, 29): 0.2558, 11.0138, 7.3706
(2, 30): 0.2154, 11.0136, 6.0285
(2, 31): 0.3210, 11.1174, 6.0391
(2, 32): 0.2162, 11.0881, 6.4155
(2, 33): 0.2162, 11.0881, 6.4155
(2, 34): 0.1785, 11.1863, 7.2162
(2, 35): 0.1834, 11.1034, 6.8385
(2, 36): 0.1834, 11.1034, 6.8385
(2, 37): 0.1924, 11.0032, 6.2713
(3, 1): -0.0134, 11.0356, 6.3107
(3, 2): -0.0134, 11.0356, 6.3107
(3, 3): -0.0756, 11.0105, 6.8152
(3, 4): -0.0756, 11.0105, 6.8152
(3, 5): -0.0241, 11.0195, 6.0951
(3, 6): -0.0502, 11.1627, 5.6179
(3, 7): 0.0097, 11.0980, 5.8972
(3, 8): 0.0097, 11.0980, 5.8972
(3, 9): 0.0011, 11.0061, 5.5810
(3, 10): 0.0215, 11.0101, 6.2011
(3, 11): 0.0215, 11.0101, 6.2011
(3, 12): 0.1277, 11.1127, 5.0708
(3, 13): 0.1558, 11.0022, 5.4596
(3, 14): 0.2206, 11.1491, 5.8479
(3, 15): 0.2206, 11.1491, 5.8479
(3, 16): 0.1773, 11.0712, 5.7375
(3, 17): 0.2037, 11.0107, 5.3818
(3, 18): 0.2037, 11.0107, 5.3818
(3, 19): 0.1707, 11.1044, 5.0486
(3, 20): 0.1508, 11.0331, 4.8429
(3, 21): 0.1278, 11.0003, 5.2861
(3, 22): 0.1278, 11.0003, 5.2861
(3, 23): 0.0698, 11.0500, 6.0618
(3, 24): 0.0833, 11.0412, 6.8955
(3, 25): 0.0833, 11.0412, 6.8955
(3, 26): 0.0678, 11.0098, 7.3623
(3, 27): 0.2163, 11.0185, 6.8485
(3, 28): 0.2995, 11.3776, 5.7640
(3, 29): 0.2995, 11.3776, 5.7640
(3, 30): 0.2154, 11.0136, 6.0285
(3, 31): 0.3210, 11.1174, 6.0391
(3, 32): 0.2162, 11.0881, 6.4155
(3, 33): 0.2162, 11.0881, 6.4155
(3, 34): 0.1785, 11.1863, 7.2162
(3, 35): 0.1834, 11.1034, 6.8385
(3, 36): 0.1834, 11.1034, 6.8385
(3, 37): 0.1129, 11.0224, 6.6364
(4, 1): 0.1432, 11.0106, 5.1871
(4, 2): 0.1432, 11.0106, 5.1871
(4, 3): -0.0756, 11.0105, 6.8152
(4, 4): -0.0756, 11.0105, 6.8152
(4, 5): -0.0241, 11.0195, 6.0951
(4, 6): -0.0502, 11.1627, 5.6179
(4, 7): 0.0245, 11.0544, 5.2158
(4, 8): 0.0245, 11.0544, 5.2158
(4, 9): -0.0102, 11.1437, 6.0222
(4, 10): 0.0958, 11.1006, 5.5570
(4, 11): 0.0958, 11.1006, 5.5570
(4, 12): 0.1961, 11.0189, 4.3021
(4, 13): 0.1861, 11.0318, 5.3208
(4, 14): 0.1872, 11.0273, 5.4342
(4, 15): 0.1872, 11.0273, 5.4342
(4, 16): 0.1278, 11.0169, 5.7525
(4, 17): 0.0913, 11.1954, 5.6625
(4, 18): 0.0913, 11.1954, 5.6625
(4, 19): 0.0165, 11.0060, 5.4383
(4, 20): -0.0275, 11.0930, 5.7153
(4, 21): 0.0212, 11.0039, 6.8867
(4, 22): 0.0212, 11.0039, 6.8867
(4, 23): 0.0075, 11.0257, 6.2268
(4, 24): -0.0828, 11.0978, 7.5568
(4, 25): -0.0828, 11.0978, 7.5568
(4, 26): 0.0200, 11.0294, 6.3174
(4, 27): 0.0959, 11.0225, 5.5845
(4, 28): -0.0033, 11.0247, 6.3676
(4, 29): -0.0033, 11.0247, 6.3676
(4, 30): 0.0507, 11.0519, 5.7175
(4, 31): 0.1249, 11.0171, 5.8933
(4, 32): 0.0799, 11.0371, 5.0267
(4, 33): 0.0799, 11.0371, 5.0267
(4, 34): 0.0846, 11.0545, 5.6203
(4, 35): 0.1231, 11.0146, 5.6817
(4, 36): 0.1231, 11.0146, 5.6817
(4, 37): 0.1129, 11.0224, 6.6364
(5, 1): 0.1432, 11.0106, 5.1871
(5, 2): 0.1432, 11.0106, 5.1871
(5, 3): -0.0413, 11.0081, 6.4786
(5, 4): -0.0413, 11.0081, 6.4786
(5, 5): -0.0937, 11.0037, 5.9688
(5, 6): 0.0014, 11.0386, 6.0195
(5, 7): 0.1009, 11.0350, 4.8621
(5, 8): 0.1009, 11.0350, 4.8621
(5, 9): 0.1109, 11.0764, 4.6716
(5, 10): 0.1468, 11.0716, 4.6370
(5, 11): 0.1468, 11.0716, 4.6370
(5, 12): 0.2110, 11.0096, 4.2316
(5, 13): 0.1580, 11.0457, 5.6935
(5, 14): 0.1289, 11.0065, 5.4174
(5, 15): 0.1289, 11.0065, 5.4174
(5, 16): 0.1526, 11.0646, 5.1028
(5, 17): 0.1114, 11.1122, 4.7792
(5, 18): 0.1114, 11.1122, 4.7792
(5, 19): 0.0737, 11.0502, 5.0097
(5, 20): 0.0446, 11.0405, 4.9072
(5, 21): 0.0502, 11.0253, 5.6953
(5, 22): 0.0502, 11.0253, 5.6953
(5, 23): 0.0427, 11.0845, 6.0014
(5, 24): -0.0583, 11.0163, 6.1601
(5, 25): -0.0583, 11.0163, 6.1601
(5, 26): -0.0244, 11.0157, 6.4728
(5, 27): -0.0066, 11.0065, 6.2527
(5, 28): 0.0396, 11.0059, 5.2169
(5, 29): 0.0396, 11.0059, 5.2169
(5, 30): -0.0915, 11.0054, 7.7177
(5, 31): -0.1162, 11.0154, 7.1919
(5, 32): -0.1162, 11.0154, 7.1919
(5, 33): 0.1091, 11.0083, 4.8423
(5, 34): 0.2176, 11.0131, 4.1868
(5, 35): 0.0261, 11.0169, 8.0359
(5, 36): 0.0261, 11.0169, 8.0359
(5, 37): 0.0767, 11.0649, 7.9548
(6, 1): 0.1116, 11.0026, 4.7348
(6, 2): 0.1116, 11.0026, 4.7348
(6, 3): 0.0267, 11.0453, 5.0340
(6, 4): 0.0267, 11.0453, 5.0340
(6, 5): -0.0242, 11.0181, 5.1083
(6, 6): 0.0279, 11.0793, 5.6927
(6, 7): 0.1071, 11.0098, 5.3236
(6, 8): 0.1071, 11.0098, 5.3236
(6, 9): 0.1461, 11.1083, 4.6233
(6, 10): 0.1689, 11.0329, 5.0666
(6, 11): 0.1689, 11.0329, 5.0666
(6, 12): 0.1960, 11.0197, 4.6514
(6, 13): 0.2020, 11.0432, 4.7902
(6, 14): 0.1444, 11.0182, 5.0602
(6, 15): 0.1444, 11.0182, 5.0602
(6, 16): 0.0557, 11.0069, 5.6180
(6, 17): 0.0891, 11.1637, 4.6515
(6, 18): 0.0891, 11.1637, 4.6515
(6, 19): 0.0552, 11.0438, 4.8148
(6, 20): 0.0258, 11.1276, 5.4943
(6, 21): 0.0920, 11.0081, 4.9343
(6, 22): 0.0920, 11.0081, 4.9343
(6, 23): 0.0289, 11.0170, 5.0478
(6, 24): -0.0174, 11.0654, 5.6386
(6, 25): -0.0174, 11.0654, 5.6386
(6, 26): -0.0432, 11.0399, 5.8847
(6, 27): 0.0169, 11.0122, 7.1136
(6, 28): 0.1118, 11.0323, 5.8384
(6, 29): 0.1118, 11.0323, 5.8384
(6, 30): 0.0445, 11.0574, 6.4033
(6, 31): 0.0491, 11.1873, 5.9856
(6, 32): 0.0491, 11.1873, 5.9856
(6, 33): 0.1715, 11.0216, 5.0409
(6, 34): 0.1240, 11.0155, 6.9480
(6, 35): 0.0844, 11.0138, 8.4009
(6, 36): 0.0844, 11.0138, 8.4009
(6, 37): 0.1241, 11.0024, 7.3921
(7, 1): 0.0126, 11.0090, 5.0681
(7, 2): 0.0126, 11.0090, 5.0681
(7, 3): 0.0355, 11.0602, 5.0110
(7, 4): 0.0636, 11.0095, 4.7663
(7, 5): 0.0636, 11.0095, 4.7663
(7, 6): 0.1149, 11.0132, 5.1946
(7, 7): 0.0209, 11.0143, 5.9095
(7, 8): 0.0209, 11.0143, 5.9095
(7, 9): 0.1333, 11.0342, 4.8301
(7, 10): 0.1999, 11.0031, 4.5394
(7, 11): 0.1893, 11.0056, 4.6753
(7, 12): 0.1893, 11.0056, 4.6753
(7, 13): 0.1507, 11.0150, 4.7805
(7, 14): 0.0856, 11.0362, 5.0583
(7, 15): 0.0856, 11.0362, 5.0583
(7, 16): 0.0018, 11.0098, 5.3540
(7, 17): -0.0187, 11.0413, 5.4136
(7, 18): -0.0187, 11.0413, 5.4136
(7, 19): 0.0231, 11.0303, 5.2200
(7, 20): -0.0706, 11.1570, 7.3539
(7, 21): 0.0318, 11.0787, 5.5959
(7, 22): 0.0318, 11.0787, 5.5959
(7, 23): -0.0231, 11.0045, 5.3485
(7, 24): -0.0637, 11.0052, 5.9808
(7, 25): -0.0637, 11.0052, 5.9808
(7, 26): 0.0567, 11.0009, 5.0311
(7, 27): 0.0466, 11.0761, 6.0493
(7, 28): 0.1122, 11.1119, 7.0095
(7, 29): 0.1122, 11.1119, 7.0095
(7, 30): 0.1528, 11.0012, 6.5228
(7, 31): 0.1136, 11.1044, 6.8495
(7, 32): 0.1136, 11.1044, 6.8495
(7, 33): 0.1018, 11.0882, 6.7967
(7, 34): 0.1584, 11.0069, 8.0305
(7, 35): 0.1526, 11.0263, 8.7037
(7, 36): 0.1526, 11.0263, 8.7037
(7, 37): 0.1766, 11.0151, 7.8699
(8, 1): 0.0562, 11.0645, 4.9801
(8, 2): 0.0562, 11.0645, 4.9801
(8, 3): 0.0868, 11.0360, 4.6330
(8, 4): 0.0392, 11.0017, 5.3218
(8, 5): 0.0392, 11.0017, 5.3218
(8, 6): 0.1061, 11.0183, 4.7971
(8, 7): 0.1162, 11.0888, 4.6992
(8, 8): 0.1162, 11.0888, 4.6992
(8, 9): 0.1867, 11.0674, 4.9381
(8, 10): 0.2500, 11.0429, 4.9700
(8, 11): 0.1959, 11.0035, 5.1241
(8, 12): 0.1959, 11.0035, 5.1241
(8, 13): 0.1944, 11.0403, 5.0011
(8, 14): 0.2235, 11.0209, 4.2834
(8, 15): 0.2235, 11.0209, 4.2834
(8, 16): 0.1230, 11.0380, 4.7564
(8, 17): 0.0662, 11.0785, 5.2803
(8, 18): 0.0662, 11.0785, 5.2803
(8, 19): -0.0212, 11.0401, 5.9411
(8, 20): -0.0635, 11.0572, 7.3701
(8, 21): -0.0882, 11.0290, 6.7338
(8, 22): -0.0882, 11.0290, 6.7338
(8, 23): -0.1280, 11.1167, 7.4391
(8, 24): -0.0753, 11.0167, 6.3423
(8, 25): -0.0753, 11.0167, 6.3423
(8, 26): 0.0018, 11.1761, 5.8677
(8, 27): 0.1178, 11.0139, 6.6640
(8, 28): 0.1109, 11.0497, 6.0955
(8, 29): 0.1109, 11.0497, 6.0955
(8, 30): 0.1951, 11.0277, 6.2563
(8, 31): 0.0903, 11.0698, 6.4755
(8, 32): 0.0903, 11.0698, 6.4755
(8, 33): 0.1159, 11.1499, 6.6911
(8, 34): 0.1113, 11.0140, 8.2540
(8, 35): 0.1328, 11.0594, 8.1204
(8, 36): 0.1328, 11.0594, 8.1204
(8, 37): 0.1304, 11.0073, 7.0094
(17, 1): 0.1287, 11.0828, 5.5672
(17, 2): 0.1287, 11.0828, 5.5672
(17, 3): 0.1722, 11.0407, 5.7057
(17, 4): 0.1190, 11.0075, 6.1586
(17, 5): 0.1190, 11.0075, 6.1586
(17, 6): 0.3182, 11.0176, 4.9667
(17, 7): 0.2940, 11.0549, 5.1766
(17, 8): 0.1965, 11.0038, 5.9103
(17, 9): 0.1965, 11.0038, 5.9103
(17, 10): 0.1306, 11.0197, 5.8878
(17, 11): 0.0028, 11.0030, 5.9144
(17, 12): 0.0028, 11.0030, 5.9144
(17, 13): 0.0351, 11.0782, 5.5737
(17, 14): 0.0531, 11.0068, 6.2332
(17, 15): 0.0531, 11.0068, 6.2332
(17, 16): 0.0639, 11.0032, 6.3906
(17, 17): 0.1141, 11.0134, 6.0736
(17, 18): 0.0426, 11.0360, 5.7621
(17, 19): 0.0426, 11.0360, 5.7621
(17, 20): 0.0711, 11.0093, 6.0555
(17, 21): 0.0370, 11.0111, 6.4470
(17, 22): 0.0370, 11.0111, 6.4470
(17, 23): 0.0438, 11.0475, 6.5336
(17, 24): 0.0245, 11.0694, 7.0696
(17, 25): 0.0245, 11.0694, 7.0696
(17, 26): -0.0408, 11.0787, 7.7014
(17, 27): 0.1545, 11.1013, 5.8650
(17, 28): 0.1598, 11.0106, 6.2025
(17, 29): 0.1598, 11.0106, 6.2025
(17, 30): 0.1025, 11.0120, 6.1840
(17, 31): 0.0753, 11.0336, 6.7342
(17, 32): 0.0753, 11.0336, 6.7342
(17, 33): 0.1619, 11.0584, 5.8994
(17, 34): 0.1526, 11.0073, 5.6869
(17, 35): 0.1526, 11.0073, 5.6869
(17, 36): 0.1632, 11.0336, 4.7414
(17, 37): 0.2130, 11.0207, 4.2084
(18, 1): 0.1867, 11.0766, 5.5157
(18, 2): 0.1867, 11.0766, 5.5157
(18, 3): 0.1721, 11.0498, 5.9516
(18, 4): 0.2403, 11.0025, 5.3981
(18, 5): 0.2329, 11.0017, 5.2759
(18, 6): 0.2329, 11.0017, 5.2759
(18, 7): 0.1601, 11.0557, 5.7236
(18, 8): 0.1496, 11.0408, 6.0549
(18, 9): 0.1496, 11.0408, 6.0549
(18, 10): 0.0609, 11.0529, 5.7442
(18, 11): 0.0079, 11.0064, 6.0260
(18, 12): 0.0079, 11.0064, 6.0260
(18, 13): 0.1380, 11.0046, 5.5269
(18, 14): 0.0380, 11.0410, 6.1775
(18, 15): 0.0380, 11.0410, 6.1775
(18, 16): 0.0180, 11.0082, 6.8292
(18, 17): 0.0296, 11.0350, 6.4287
(18, 18): 0.0705, 11.0951, 5.9771
(18, 19): 0.0705, 11.0951, 5.9771
(18, 20): 0.0731, 11.0009, 6.0213
(18, 21): 0.0693, 11.0255, 6.7412
(18, 22): 0.0693, 11.0255, 6.7412
(18, 23): 0.0235, 11.0555, 6.7778
(18, 24): -0.0174, 11.0143, 7.4617
(18, 25): -0.0174, 11.0143, 7.4617
(18, 26): 0.0141, 11.0036, 6.7038
(18, 27): 0.1481, 11.0145, 5.4794
(18, 28): 0.1481, 11.0145, 5.4794
(18, 29): 0.0737, 11.0659, 6.4140
(18, 30): 0.1635, 11.0331, 5.8790
(18, 31): 0.1492, 11.0049, 7.0415
(18, 32): 0.1492, 11.0049, 7.0415
(18, 33): 0.1730, 11.0007, 6.3530
(18, 34): 0.1330, 11.0577, 6.0461
(18, 35): 0.1330, 11.0577, 6.0461
(18, 36): 0.2755, 11.0619, 5.5868
(18, 37): 0.3120, 11.0675, 4.9742
(19, 1): 0.0865, 11.1168, 4.5317
(19, 2): 0.0865, 11.1168, 4.5317
(19, 3): 0.1938, 11.0211, 5.9734
(19, 4): 0.1201, 11.0043, 6.4879
(19, 5): 0.1049, 11.0007, 5.6442
(19, 6): 0.1049, 11.0007, 5.6442
(19, 7): 0.1028, 11.0141, 4.8097
(19, 8): 0.1378, 11.0501, 5.2476
(19, 9): 0.1378, 11.0501, 5.2476
(19, 10): 0.1633, 11.0106, 5.9331
(19, 11): 0.1619, 11.0022, 5.3932
(19, 12): 0.1619, 11.0022, 5.3932
(19, 13): 0.0885, 11.0417, 5.4559
(19, 14): 0.0233, 11.0120, 5.9889
(19, 15): 0.0233, 11.0120, 5.9889
(19, 16): 0.0142, 11.0821, 6.4565
(19, 17): 0.1188, 11.0211, 5.6784
(19, 18): 0.0535, 11.0641, 6.5530
(19, 19): 0.0535, 11.0641, 6.5530
(19, 20): -0.0002, 11.0632, 6.4067
(19, 21): 0.0211, 11.0157, 7.0034
(19, 22): 0.0211, 11.0157, 7.0034
(19, 23): -0.0154, 11.0313, 6.7148
(19, 24): 0.0419, 11.0495, 5.9761
(19, 25): 0.0419, 11.0495, 5.9761
(19, 26): 0.0526, 11.0137, 6.4483
(19, 27): 0.0136, 11.0201, 5.7276
(19, 28): 0.0136, 11.0201, 5.7276
(19, 29): -0.0577, 11.0818, 6.8705
(19, 30): -0.0289, 11.0402, 6.5169
(19, 31): 0.0917, 11.0076, 6.5174
(19, 32): 0.0917, 11.0076, 6.5174
(19, 33): 0.2469, 11.1327, 6.5402
(19, 34): 0.2175, 11.0933, 6.0727
(19, 35): 0.2175, 11.0933, 6.0727
(19, 36): 0.2597, 11.0085, 5.9886
(19, 37): 0.2913, 11.0056, 4.7851
(20, 1): 0.0935, 11.0184, 4.5144
(20, 2): 0.0935, 11.0184, 4.5144
(20, 3): 0.0338, 11.0044, 6.6178
(20, 4): 0.0039, 11.0139, 6.6690
(20, 5): -0.0037, 11.0334, 5.6457
(20, 6): -0.0037, 11.0334, 5.6457
(20, 7): 0.1090, 11.0026, 5.8445
(20, 8): 0.1520, 11.0047, 5.7880
(20, 9): 0.1520, 11.0047, 5.7880
(20, 10): 0.1016, 11.0009, 5.8417
(20, 11): 0.0676, 11.0022, 6.0985
(20, 12): 0.0676, 11.0022, 6.0985
(20, 13): 0.0552, 11.0231, 6.0638
(20, 14): 0.0128, 11.0482, 6.1494
(20, 15): 0.0128, 11.0482, 6.1494
(20, 16): 0.0557, 11.0077, 6.0720
(20, 17): 0.0179, 11.0131, 6.5851
(20, 18): -0.0061, 11.1150, 6.6389
(20, 19): -0.0061, 11.1150, 6.6389
(20, 20): -0.0693, 11.1084, 6.4444
(20, 21): -0.0912, 11.0438, 6.8387
(20, 22): -0.0912, 11.0438, 6.8387
(20, 23): -0.0282, 11.0095, 7.0716
(20, 24): -0.0099, 11.0246, 6.4725
(20, 25): -0.0099, 11.0246, 6.4725
(20, 26): -0.0382, 11.0146, 7.2567
(20, 27): -0.0563, 11.0187, 7.6670
(20, 28): -0.0563, 11.0187, 7.6670
(20, 29): -0.0079, 11.0077, 6.6777
(20, 30): -0.0081, 11.0501, 7.3118
(20, 31): 0.0378, 11.0985, 6.7544
(20, 32): 0.0378, 11.0985, 6.7544
(20, 33): 0.2040, 11.0095, 6.6580
(20, 34): 0.2193, 11.0197, 5.6586
(20, 35): 0.2193, 11.0197, 5.6586
(20, 36): 0.3037, 11.0515, 5.6515
(20, 37): 0.3931, 11.0380, 4.3187
(21, 1): 0.1480, 11.0301, 4.3525
(21, 2): -0.0337, 11.0358, 5.9251
(21, 3): -0.0337, 11.0358, 5.9251
(21, 4): 0.0683, 11.0004, 6.3947
(21, 5): 0.0143, 11.0343, 6.5325
(21, 6): 0.0143, 11.0343, 6.5325
(21, 7): 0.0715, 11.0249, 6.3300
(21, 8): 0.0228, 11.0086, 6.6063
(21, 9): 0.0228, 11.0086, 6.6063
(21, 10): -0.0176, 11.0114, 6.9039
(21, 11): -0.0106, 11.0182, 6.6254
(21, 12): -0.0106, 11.0182, 6.6254
(21, 13): 0.0522, 11.0016, 6.1803
(21, 14): -0.0004, 11.0237, 6.4667
(21, 15): -0.0004, 11.0237, 6.4667
(21, 16): 0.0587, 11.0367, 6.1451
(21, 17): -0.1136, 11.0967, 6.7220
(21, 18): -0.0507, 11.0261, 6.9088
(21, 19): -0.0507, 11.0261, 6.9088
(21, 20): -0.1180, 11.0155, 6.7893
(21, 21): -0.0043, 11.0216, 5.8356
(21, 22): -0.0043, 11.0216, 5.8356
(21, 23): -0.0270, 11.0195, 5.9438
(21, 24): -0.0639, 11.0801, 6.9702
(21, 25): -0.0639, 11.0801, 6.9702
(21, 26): -0.0268, 11.0210, 6.4190
(21, 27): 0.0275, 11.0137, 7.0243
(21, 28): 0.0275, 11.0137, 7.0243
(21, 29): 0.0635, 11.0127, 6.3722
(21, 30): 0.2046, 11.0106, 5.5569
(21, 31): 0.1594, 11.0014, 5.3327
(21, 32): 0.1594, 11.0014, 5.3327
(21, 33): 0.1455, 11.1216, 6.4533
(21, 34): 0.1533, 11.0789, 6.6798
(21, 35): 0.1533, 11.0789, 6.6798
(21, 36): 0.2561, 11.0090, 5.9809
(21, 37): 0.3301, 11.0604, 5.3324
(22, 1): 0.2661, 11.0044, 3.7758
(22, 2): 0.2824, 11.0033, 3.3153
(22, 3): 0.2824, 11.0033, 3.3153
(22, 4): 0.1020, 11.0233, 6.8193
(22, 5): 0.0768, 11.0028, 6.4468
(22, 6): 0.0768, 11.0028, 6.4468
(22, 7): 0.0645, 11.0209, 6.0724
(22, 8): 0.0155, 11.0091, 6.5354
(22, 9): 0.0155, 11.0091, 6.5354
(22, 10): -0.0078, 11.0189, 6.8441
(22, 11): -0.0091, 11.0210, 6.8577
(22, 12): -0.0091, 11.0210, 6.8577
(22, 13): -0.0080, 11.0005, 6.8702
(22, 14): -0.0059, 11.0474, 6.7533
(22, 15): -0.0611, 11.0525, 5.6391
(22, 16): -0.0611, 11.0525, 5.6391
(22, 17): -0.0559, 11.0052, 7.2234
(22, 18): -0.0025, 11.0384, 5.6402
(22, 19): -0.0025, 11.0384, 5.6402
(22, 20): -0.0622, 11.0316, 5.5918
(22, 21): -0.0915, 11.1602, 6.1411
(22, 22): -0.0915, 11.1602, 6.1411
(22, 23): -0.0044, 11.0477, 5.5650
(22, 24): -0.0358, 11.0497, 6.2925
(22, 25): -0.0358, 11.0497, 6.2925
(22, 26): 0.0383, 11.1022, 6.9210
(22, 27): 0.0009, 11.0009, 6.9369
(22, 28): 0.0009, 11.0009, 6.9369
(22, 29): 0.0483, 11.0252, 6.4015
(22, 30): 0.1660, 11.2052, 5.6702
(22, 31): 0.1302, 11.0032, 6.0976
(22, 32): 0.1302, 11.0032, 6.0976
(22, 33): 0.2094, 11.0243, 6.8607
(22, 34): 0.1699, 11.0510, 6.3953
(22, 35): 0.1699, 11.0510, 6.3953
(22, 36): 0.2555, 11.0435, 6.1157
(22, 37): 0.2566, 11.0450, 5.9368
(23, 1): 0.2558, 11.2071, 3.9344
(23, 2): 0.2481, 11.0298, 3.7831
(23, 3): 0.2481, 11.0298, 3.7831
(23, 4): 0.1277, 11.0268, 6.5516
(23, 5): 0.0851, 11.0329, 6.6455
(23, 6): 0.0851, 11.0329, 6.6455
(23, 7): 0.0376, 11.0542, 6.5093
(23, 8): 0.0279, 11.0266, 6.2308
(23, 9): 0.0279, 11.0266, 6.2308
(23, 10): -0.0049, 11.0242, 6.8406
(23, 11): 0.0259, 11.0121, 5.7008
(23, 12): 0.0259, 11.0121, 5.7008
(23, 13): -0.0379, 11.0064, 6.0939
(23, 14): -0.0268, 11.0388, 6.1822
(23, 15): -0.0025, 11.0707, 6.0140
(23, 16): -0.0025, 11.0707, 6.0140
(23, 17): -0.0414, 11.0323, 6.0327
(23, 18): -0.0270, 11.0190, 5.6867
(23, 19): -0.0270, 11.0190, 5.6867
(23, 20): -0.0165, 11.0150, 5.8755
(23, 21): -0.0904, 11.0902, 6.5036
(23, 22): -0.0904, 11.0902, 6.5036
(23, 23): -0.0367, 11.0058, 5.0848
(23, 24): -0.0576, 11.0178, 5.5821
(23, 25): -0.0576, 11.0178, 5.5821
(23, 26): -0.0050, 11.0247, 6.7244
(23, 27): 0.0686, 11.0136, 5.4657
(23, 28): 0.0686, 11.0136, 5.4657
(23, 29): 0.1073, 11.0011, 5.4232
(23, 30): 0.2661, 11.0147, 4.7244
(23, 31): 0.3621, 11.0068, 4.6254
(23, 32): 0.3621, 11.0068, 4.6254
(23, 33): 0.2865, 11.0045, 4.7122
(23, 34): 0.2927, 11.0794, 4.8809
(23, 35): 0.2927, 11.0794, 4.8809
(23, 36): 0.3585, 11.0084, 5.1550
(23, 37): 0.1824, 11.0163, 5.3986
(24, 1): 0.1921, 11.0260, 4.5385
(24, 2): 0.2762, 11.0288, 3.9995
(24, 3): 0.2762, 11.0288, 3.9995
(24, 4): 0.1397, 11.0264, 6.2761
(24, 5): 0.0814, 11.0526, 5.9100
(24, 6): 0.0814, 11.0526, 5.9100
(24, 7): 0.0262, 11.0798, 6.0114
(24, 8): 0.1039, 11.0280, 5.3225
(24, 9): 0.1039, 11.0280, 5.3225
(24, 10): 0.1053, 11.0431, 5.2728
(24, 11): 0.0053, 11.0425, 5.7625
(24, 12): 0.0053, 11.0425, 5.7625
(24, 13): -0.0379, 11.0064, 6.0939
(24, 14): -0.0268, 11.0388, 6.1822
(24, 15): -0.0025, 11.0707, 6.0140
(24, 16): -0.0025, 11.0707, 6.0140
(24, 17): -0.0414, 11.0323, 6.0327
(24, 18): -0.0270, 11.0190, 5.6867
(24, 19): -0.0270, 11.0190, 5.6867
(24, 20): -0.0165, 11.0150, 5.8755
(24, 21): -0.0904, 11.0902, 6.5036
(24, 22): -0.0904, 11.0902, 6.5036
(24, 23): -0.0367, 11.0058, 5.0848
(24, 24): -0.0576, 11.0178, 5.5821
(24, 25): -0.0576, 11.0178, 5.5821
(24, 26): -0.0050, 11.0247, 6.7244
(24, 27): 0.0686, 11.0136, 5.4657
(24, 28): 0.0686, 11.0136, 5.4657
(24, 29): 0.1073, 11.0011, 5.4232
(24, 30): 0.2661, 11.0147, 4.7244
(24, 31): 0.2699, 11.0164, 4.7628
(24, 32): 0.2837, 11.0370, 4.6259
(24, 33): 0.3613, 11.0055, 4.5212
(24, 34): 0.3204, 11.0540, 4.9428
(24, 35): 0.3204, 11.0540, 4.9428
(24, 36): 0.2152, 11.0569, 6.2232
(24, 37): 0.1362, 11.0406, 5.5926
(25, 1): 0.3503, 11.0413, 3.6432
(25, 2): 0.3107, 11.0433, 4.0379
(25, 3): 0.3107, 11.0433, 4.0379
(25, 4): 0.0655, 11.0048, 5.4550
(25, 5): 0.0240, 11.0064, 5.4635
(25, 6): 0.0240, 11.0064, 5.4635
(25, 7): 0.0262, 11.0798, 6.0114
(25, 8): 0.1039, 11.0280, 5.3225
(25, 9): 0.1039, 11.0280, 5.3225
(25, 10): 0.1053, 11.0431, 5.2728
(25, 11): 0.0053, 11.0425, 5.7625
(25, 12): 0.0053, 11.0425, 5.7625
(25, 13): 0.0041, 11.0076, 6.2387
(25, 14): -0.0106, 11.0319, 6.4638
(25, 15): 0.0578, 11.1321, 5.6464
(25, 16): 0.0578, 11.1321, 5.6464
(25, 17): -0.0116, 11.0071, 6.0527
(25, 18): 0.0195, 11.0309, 5.4043
(25, 19): 0.0195, 11.0309, 5.4043
(25, 20): 0.0678, 11.0018, 5.3351
(25, 21): -0.0436, 11.0179, 5.8722
(25, 22): -0.0436, 11.0179, 5.8722
(25, 23): -0.1543, 11.0928, 6.4494
(25, 24): 0.0448, 11.0226, 5.2915
(25, 25): 0.0448, 11.0226, 5.2915
(25, 26): 0.1036, 11.0418, 4.8693
(25, 27): 0.1807, 11.0535, 4.0210
(25, 28): 0.1807, 11.0535, 4.0210
(25, 29): 0.2077, 11.0170, 4.4926
(25, 30): 0.2699, 11.0164, 4.7628
(25, 31): 0.2699, 11.0164, 4.7628
(25, 32): 0.2837, 11.0370, 4.6259
(25, 33): 0.3613, 11.0055, 4.5212
(25, 34): 0.3204, 11.0540, 4.9428
(25, 35): 0.3204, 11.0540, 4.9428
(25, 36): 0.2152, 11.0569, 6.2232
(25, 37): 0.0701, 11.0048, 7.1348
(26, 1): 0.4521, 11.1323, 3.2425
(26, 2): 0.3107, 11.0433, 4.0379
(26, 3): 0.3107, 11.0433, 4.0379
(26, 4): 0.0655, 11.0048, 5.4550
(26, 5): 0.0240, 11.0064, 5.4635
(26, 6): 0.0240, 11.0064, 5.4635
(26, 7): -0.0319, 11.0196, 5.7615
(26, 8): -0.0452, 11.0082, 5.8275
(26, 9): -0.0452, 11.0082, 5.8275
(26, 10): -0.0011, 11.0179, 5.3268
(26, 11): -0.0296, 11.0392, 5.3865
(26, 12): -0.0296, 11.0392, 5.3865
(26, 13): -0.0632, 11.0004, 5.9560
(26, 14): -0.0361, 11.0096, 5.8307
(26, 15): 0.0221, 11.0121, 5.4999
(26, 16): 0.0221, 11.0121, 5.4999
(26, 17): 0.0116, 11.0060, 5.8226
(26, 18): 0.0066, 11.0689, 5.7789
(26, 19): 0.0066, 11.0689, 5.7789
(26, 20): 0.0130, 11.0955, 5.4957
(26, 21): 0.0069, 11.0137, 5.3359
(26, 22): 0.0069, 11.0137, 5.3359
(26, 23): -0.0538, 11.0145, 5.2739
(26, 24): -0.0206, 11.0232, 5.2957
(26, 25): -0.0206, 11.0232, 5.2957
(26, 26): 0.0308, 11.0032, 5.4528
(26, 27): 0.1555, 11.0073, 4.6267
(26, 28): 0.1555, 11.0073, 4.6267
(26, 29): 0.1335, 11.0315, 5.3023
(26, 30): 0.1528, 11.0058, 5.3013
(26, 31): 0.1528, 11.0058, 5.3013
(26, 32): 0.2458, 11.0140, 5.7646
(26, 33): 0.4111, 11.0109, 4.1798
(26, 34): 0.2095, 11.0017, 5.1225
(26, 35): 0.2095, 11.0017, 5.1225
(26, 36): 0.1280, 11.0505, 5.7704
(26, 37): 0.0701, 11.0048, 7.1348
(27, 1): 0.4521, 11.1323, 3.2425
(27, 2): 0.4170, 11.0171, 2.8090
(27, 3): 0.4170, 11.0171, 2.8090
(27, 4): 0.0255, 11.0413, 5.5238
(27, 5): 0.0088, 11.0084, 5.2622
(27, 6): 0.0088, 11.0084, 5.2622
(27, 7): -0.0557, 11.0301, 5.6701
(27, 8): -0.0416, 11.0179, 5.7597
(27, 9): -0.0416, 11.0179, 5.7597
(27, 10): 0.0038, 11.0005, 5.2500
(27, 11): -0.0690, 11.0374, 5.5905
(27, 12): -0.0585, 11.0109, 5.7429
(27, 13): -0.0585, 11.0109, 5.7429
(27, 14): -0.0192, 11.0125, 5.8368
(27, 15): 0.0564, 11.0519, 6.0902
(27, 16): 0.0564, 11.0519, 6.0902
(27, 17): 0.0673, 11.0470, 6.2268
(27, 18): 0.0280, 11.0308, 6.5167
(27, 19): 0.0280, 11.0308, 6.5167
(27, 20): 0.0570, 11.1995, 5.0962
(27, 21): -0.0004, 11.0763, 5.5074
(27, 22): -0.0004, 11.0763, 5.5074
(27, 23): 0.0208, 11.0650, 4.9077
(27, 24): 0.0407, 11.0343, 5.2684
(27, 25): 0.0407, 11.0343, 5.2684
(27, 26): 0.0790, 11.0110, 5.4250
(27, 27): 0.1655, 11.0442, 4.7620
(27, 28): 0.1655, 11.0442, 4.7620
(27, 29): 0.1506, 11.0782, 4.9300
(27, 30): 0.1539, 11.0064, 5.1762
(27, 31): 0.1539, 11.0064, 5.1762
(27, 32): 0.1601, 11.0122, 5.2757
(27, 33): 0.1564, 11.0462, 5.1566
(27, 34): 0.1564, 11.0462, 5.1566
(27, 35): 0.1489, 11.0015, 4.8009
(27, 36): 0.0290, 11.0129, 6.8383
(27, 37): -0.0065, 11.1672, 7.0209
(28, 1): 0.2878, 11.1566, 4.2840
(28, 2): 0.2829, 11.0085, 3.6671
(28, 3): 0.2829, 11.0085, 3.6671
(28, 4): -0.0008, 11.0052, 5.8438
(28, 5): -0.0195, 11.1077, 5.6293
(28, 6): -0.0195, 11.1077, 5.6293
(28, 7): -0.0479, 11.0031, 5.5835
(28, 8): 0.0075, 11.1477, 5.1377
(28, 9): 0.0075, 11.1477, 5.1377
(28, 10): -0.0214, 11.0470, 5.4182
(28, 11): -0.0448, 11.0057, 5.5924
(28, 12): -0.0325, 11.0184, 5.8451
(28, 13): -0.0325, 11.0184, 5.8451
(28, 14): 0.0264, 11.0115, 6.0476
(28, 15): 0.0373, 11.0016, 6.3309
(28, 16): 0.0373, 11.0016, 6.3309
(28, 17): 0.0480, 11.0403, 6.2760
(28, 18): 0.0227, 11.0199, 6.0166
(28, 19): 0.0227, 11.0199, 6.0166
(28, 20): 0.0081, 11.0042, 5.4456
(28, 21): -0.0302, 11.0170, 5.9922
(28, 22): -0.0302, 11.0170, 5.9922
(28, 23): -0.0784, 11.0020, 5.5798
(28, 24): 0.1099, 11.0345, 4.7620
(28, 25): 0.1099, 11.0345, 4.7620
(28, 26): 0.1507, 11.0084, 4.7309
(28, 27): 0.1914, 11.0134, 4.4561
(28, 28): 0.1914, 11.0134, 4.4561
(28, 29): 0.1261, 11.0064, 5.3171
(28, 30): 0.2094, 11.0111, 4.6980
(28, 31): 0.2094, 11.0111, 4.6980
(28, 32): 0.1170, 11.0069, 5.0937
(28, 33): 0.1431, 11.0165, 5.1464
(28, 34): 0.1431, 11.0165, 5.1464
(28, 35): 0.1646, 11.0339, 5.2597
(28, 36): 0.0353, 11.0137, 6.0364
(28, 37): 0.0857, 11.0579, 7.0856
(29, 1): 0.2478, 11.0061, 4.3813
(29, 2): 0.2080, 11.0407, 3.9740
(29, 3): 0.2080, 11.0407, 3.9740
(29, 4): 0.0309, 11.0546, 5.5816
(29, 5): 0.0074, 11.0109, 5.3230
(29, 6): 0.0074, 11.0109, 5.3230
(29, 7): 0.0187, 11.0457, 4.9420
(29, 8): 0.0142, 11.0051, 4.9889
(29, 9): 0.0141, 11.0364, 5.4555
(29, 10): 0.0141, 11.0364, 5.4555
(29, 11): -0.0266, 11.0064, 6.2413
(29, 12): 0.0122, 11.0156, 5.7671
(29, 13): 0.0122, 11.0156, 5.7671
(29, 14): 0.0463, 11.0094, 5.9941
(29, 15): 0.0762, 11.0341, 6.2468
(29, 16): 0.0762, 11.0341, 6.2468
(29, 17): 0.0344, 11.0297, 6.7402
(29, 18): -0.0054, 11.0237, 6.1557
(29, 19): -0.0054, 11.0237, 6.1557
(29, 20): -0.0080, 11.0139, 5.3742
(29, 21): -0.0458, 11.0084, 6.0950
(29, 22): -0.0458, 11.0084, 6.0950
(29, 23): -0.1100, 11.0151, 6.5851
(29, 24): 0.1179, 11.0491, 5.3646
(29, 25): 0.1179, 11.0491, 5.3646
(29, 26): 0.0646, 11.0334, 5.1944
(29, 27): 0.1884, 11.0244, 5.0643
(29, 28): 0.1884, 11.0244, 5.0643
(29, 29): 0.0898, 11.0078, 5.6566
(29, 30): 0.1594, 11.0087, 4.8954
(29, 31): 0.1594, 11.0087, 4.8954
(29, 32): 0.1137, 11.0457, 5.6028
(29, 33): 0.2237, 11.0156, 5.3846
(29, 34): 0.2237, 11.0156, 5.3846
(29, 35): 0.1997, 11.0450, 5.8000
(29, 36): 0.1185, 11.0153, 5.5793
(29, 37): 0.1185, 11.0153, 5.5793
(30, 1): 0.5842, 11.0457, 2.4388
(30, 2): 0.0550, 11.0142, 5.6870
(30, 3): 0.0550, 11.0142, 5.6870
(30, 4): 0.0522, 11.0201, 5.2112
(30, 5): 0.0251, 11.0103, 5.3441
(30, 6): 0.0319, 11.0291, 5.6579
(30, 7): 0.0319, 11.0291, 5.6579
(30, 8): -0.0131, 11.0033, 6.1578
(30, 9): 0.0533, 11.0854, 5.9162
(30, 10): 0.0533, 11.0854, 5.9162
(30, 11): -0.0217, 11.0270, 6.0983
(30, 12): -0.0324, 11.0510, 6.2631
(30, 13): -0.0324, 11.0510, 6.2631
(30, 14): 0.0309, 11.2372, 6.0341
(30, 15): 0.0457, 11.1021, 6.2702
(30, 16): 0.0457, 11.1021, 6.2702
(30, 17): 0.0492, 11.0671, 6.5535
(30, 18): 0.0411, 11.0015, 6.1642
(30, 19): 0.0411, 11.0015, 6.1642
(30, 20): 0.0583, 11.0145, 5.0570
(30, 21): -0.0059, 11.0092, 5.6028
(30, 22): -0.0059, 11.0092, 5.6028
(30, 23): 0.0095, 11.0069, 6.0026
(30, 24): 0.0791, 11.0167, 5.6223
(30, 25): 0.0791, 11.0167, 5.6223
(30, 26): 0.0434, 11.0555, 5.6279
(30, 27): 0.2023, 11.0043, 5.2724
(30, 28): 0.2023, 11.0043, 5.2724
(30, 29): 0.1710, 11.2239, 5.0613
(30, 30): 0.1193, 11.0053, 4.5965
(30, 31): 0.1193, 11.0053, 4.5965
(30, 32): 0.0933, 11.0204, 5.7962
(30, 33): 0.1319, 11.0045, 5.8240
(30, 34): 0.1319, 11.0045, 5.8240
(30, 35): 0.0729, 11.0309, 6.0474
(30, 36): 0.0419, 11.1148, 6.3858
(30, 37): 0.0419, 11.1148, 6.3858
(31, 1): 0.5842, 11.0457, 2.4388
(31, 2): 0.0550, 11.0142, 5.6870
(31, 3): 0.0522, 11.0201, 5.2112
(31, 4): 0.0522, 11.0201, 5.2112
(31, 5): 0.0251, 11.0103, 5.3441
(31, 6): 0.0319, 11.0291, 5.6579
(31, 7): 0.0319, 11.0291, 5.6579
(31, 8): -0.0131, 11.0033, 6.1578
(31, 9): 0.0533, 11.0854, 5.9162
(31, 10): 0.0533, 11.0854, 5.9162
(31, 11): -0.0217, 11.0270, 6.0983
(31, 12): -0.0324, 11.0510, 6.2631
(31, 13): -0.0324, 11.0510, 6.2631
(31, 14): 0.0309, 11.2372, 6.0341
(31, 15): 0.0457, 11.1021, 6.2702
(31, 16): 0.0457, 11.1021, 6.2702
(31, 17): 0.0492, 11.0671, 6.5535
(31, 18): 0.0411, 11.0015, 6.1642
(31, 19): 0.0411, 11.0015, 6.1642
(31, 20): 0.0583, 11.0145, 5.0570
(31, 21): -0.0059, 11.0092, 5.6028
(31, 22): -0.0059, 11.0092, 5.6028
(31, 23): 0.0095, 11.0069, 6.0026
(31, 24): 0.0791, 11.0167, 5.6223
(31, 25): 0.0791, 11.0167, 5.6223
(31, 26): 0.0434, 11.0555, 5.6279
(31, 27): 0.2023, 11.0043, 5.2724
(31, 28): 0.2023, 11.0043, 5.2724
(31, 29): 0.1710, 11.2239, 5.0613
(31, 30): 0.1193, 11.0053, 4.5965
(31, 31): 0.1193, 11.0053, 4.5965
(31, 32): 0.0933, 11.0204, 5.7962
(31, 33): 0.1319, 11.0045, 5.8240
(31, 34): 0.1319, 11.0045, 5.8240
(31, 35): 0.0729, 11.0309, 6.0474
(31, 36): 0.0419, 11.1148, 6.3858
(31, 37): 0.0419, 11.1148, 6.3858
(32, 1): 0.5842, 11.0457, 2.4388
(32, 2): 0.0550, 11.0142, 5.6870
(32, 3): 0.0522, 11.0201, 5.2112
(32, 4): 0.0522, 11.0201, 5.2112
(32, 5): 0.0251, 11.0103, 5.3441
(32, 6): 0.0319, 11.0291, 5.6579
(32, 7): 0.0319, 11.0291, 5.6579
(32, 8): -0.0131, 11.0033, 6.1578
(32, 9): 0.0533, 11.0854, 5.9162
(32, 10): 0.0533, 11.0854, 5.9162
(32, 11): -0.0217, 11.0270, 6.0983
(32, 12): -0.0324, 11.0510, 6.2631
(32, 13): -0.0324, 11.0510, 6.2631
(32, 14): 0.0309, 11.2372, 6.0341
(32, 15): 0.0457, 11.1021, 6.2702
(32, 16): 0.0457, 11.1021, 6.2702
(32, 17): 0.0492, 11.0671, 6.5535
(32, 18): 0.0411, 11.0015, 6.1642
(32, 19): 0.0411, 11.0015, 6.1642
(32, 20): 0.0583, 11.0145, 5.0570
(32, 21): -0.0059, 11.0092, 5.6028
(32, 22): -0.0059, 11.0092, 5.6028
(32, 23): 0.0095, 11.0069, 6.0026
(32, 24): 0.0791, 11.0167, 5.6223
(32, 25): 0.0791, 11.0167, 5.6223
(32, 26): 0.0434, 11.0555, 5.6279
(32, 27): 0.2023, 11.0043, 5.2724
(32, 28): 0.2023, 11.0043, 5.2724
(32, 29): 0.1710, 11.2239, 5.0613
(32, 30): 0.1193, 11.0053, 4.5965
(32, 31): 0.1193, 11.0053, 4.5965
(32, 32): 0.0933, 11.0204, 5.7962
(32, 33): 0.1319, 11.0045, 5.8240
(32, 34): 0.1319, 11.0045, 5.8240
(32, 35): 0.0729, 11.0309, 6.0474
(32, 36): 0.0419, 11.1148, 6.3858
(32, 37): 0.0419, 11.1148, 6.3858
