(1, 1): 0.4788, 0.1010, 1.9159, 0.3083
(1, 2): 0.4788, 0.1010, 1.9159, 0.3083
(1, 3): 0.3734, 0.1006, 2.1682, 0.3199
(1, 4): 0.3734, 0.1006, 2.1682, 0.3199
(1, 5): 0.2630, 0.1003, 2.5541, 0.3236
(1, 6): 0.3041, 0.1002, 2.3775, 0.3355
(1, 7): 0.2396, 0.1009, 2.6383, 0.2993
(1, 8): 0.2396, 0.1009, 2.6383, 0.2993
(1, 9): 0.2170, 0.1012, 2.6456, 0.3761
(1, 10): 0.2571, 0.1004, 2.5620, 0.2830
(1, 11): 0.2571, 0.1004, 2.5620, 0.2830
(1, 12): 0.3507, 0.1006, 2.1263, 0.2746
(1, 13): 0.2908, 0.1005, 2.3735, 0.3000
(1, 14): 0.3415, 0.1025, 2.1163, 0.2380
(1, 15): 0.3415, 0.1025, 2.1163, 0.2380
(1, 16): 0.2119, 0.1008, 2.6084, 0.3105
(1, 17): 0.2830, 0.1003, 2.2064, 0.2841
(1, 18): 0.2830, 0.1003, 2.2064, 0.2841
(1, 19): 0.3530, 0.1004, 1.9980, 0.3395
(1, 20): 0.3124, 0.1010, 2.3153, 0.2775
(1, 21): 0.4559, 0.1002, 1.8146, 0.3134
(1, 22): 0.4559, 0.1002, 1.8146, 0.3134
(1, 23): 0.4512, 0.1006, 2.1454, 0.2953
(1, 24): 0.3809, 0.1002, 2.3867, 0.2696
(1, 25): 0.4963, 0.1011, 2.1378, 0.3069
(1, 26): 0.4963, 0.1011, 2.1378, 0.3069
(1, 27): 0.5218, 0.1008, 2.1482, 0.2819
(1, 28): 0.5931, 0.1000, 1.9480, 0.2754
(1, 29): 0.5931, 0.1000, 1.9480, 0.2754
(1, 30): 0.6427, 0.1016, 1.4659, 0.3471
(1, 31): 0.5289, 0.1005, 1.4716, 0.2917
(1, 32): 0.4377, 0.1011, 1.6325, 0.3272
(1, 33): 0.4377, 0.1011, 1.6325, 0.3272
(1, 34): 0.3630, 0.1014, 1.9470, 0.3409
(1, 35): 0.3975, 0.1002, 2.0940, 0.3388
(1, 36): 0.3975, 0.1002, 2.0940, 0.3388
(1, 37): 0.4192, 0.1001, 2.1986, 0.3290
(2, 1): 0.4609, 0.1016, 2.0451, 0.2920
(2, 2): 0.4609, 0.1016, 2.0451, 0.2920
(2, 3): 0.4301, 0.1001, 2.1298, 0.3438
(2, 4): 0.4301, 0.1001, 2.1298, 0.3438
(2, 5): 0.3407, 0.1014, 2.3757, 0.2478
(2, 6): 0.3488, 0.1000, 2.1898, 0.2902
(2, 7): 0.4657, 0.1002, 1.7090, 0.2928
(2, 8): 0.4657, 0.1002, 1.7090, 0.2928
(2, 9): 0.3021, 0.1003, 2.3107, 0.3047
(2, 10): 0.4002, 0.1005, 1.9435, 0.3272
(2, 11): 0.4002, 0.1005, 1.9435, 0.3272
(2, 12): 0.3702, 0.1004, 2.0874, 0.3547
(2, 13): 0.2908, 0.1005, 2.3735, 0.3000
(2, 14): 0.3415, 0.1025, 2.1163, 0.2380
(2, 15): 0.3415, 0.1025, 2.1163, 0.2380
(2, 16): 0.2119, 0.1008, 2.6084, 0.3105
(2, 17): 0.2830, 0.1003, 2.2064, 0.2841
(2, 18): 0.2830, 0.1003, 2.2064, 0.2841
(2, 19): 0.3530, 0.1004, 1.9980, 0.3395
(2, 20): 0.3124, 0.1010, 2.3153, 0.2775
(2, 21): 0.4559, 0.1002, 1.8146, 0.3134
(2, 22): 0.4559, 0.1002, 1.8146, 0.3134
(2, 23): 0.4512, 0.1006, 2.1454, 0.2953
(2, 24): 0.3809, 0.1002, 2.3867, 0.2696
(2, 25): 0.4963, 0.1011, 2.1378, 0.3069
(2, 26): 0.4963, 0.1011, 2.1378, 0.3069
(2, 27): 0.5218, 0.1008, 2.1482, 0.2819
(2, 28): 0.5931, 0.1000, 1.9480, 0.2754
(2, 29): 0.5931, 0.1000, 1.9480, 0.2754
(2, 30): 0.3497, 0.1011, 1.9570, 0.3040
(2, 31): 0.5430, 0.1004, 1.4287, 0.3496
(2, 32): 0.5994, 0.1002, 1.3484, 0.3848
(2, 33): 0.5994, 0.1002, 1.3484, 0.3848
(2, 34): 0.3449, 0.1005, 2.0223, 0.3627
(2, 35): 0.5815, 0.1003, 1.6351, 0.3304
(2, 36): 0.5815, 0.1003, 1.6351, 0.3304
(2, 37): 0.4777, 0.1008, 2.2243, 0.3188
(3, 1): 0.4704, 0.1009, 2.0215, 0.3431
(3, 2): 0.4704, 0.1009, 2.0215, 0.3431
(3, 3): 0.3984, 0.1004, 2.2913, 0.2826
(3, 4): 0.3984, 0.1004, 2.2913, 0.2826
(3, 5): 0.3460, 0.1001, 2.3156, 0.2895
(3, 6): 0.3643, 0.1007, 2.0799, 0.3065
(3, 7): 0.4657, 0.1002, 1.7090, 0.2928
(3, 8): 0.4657, 0.1002, 1.7090, 0.2928
(3, 9): 0.3021, 0.1003, 2.3107, 0.3047
(3, 10): 0.4002, 0.1005, 1.9435, 0.3272
(3, 11): 0.4002, 0.1005, 1.9435, 0.3272
(3, 12): 0.3702, 0.1004, 2.0874, 0.3547
(3, 13): 0.4072, 0.1008, 1.9466, 0.2855
(3, 14): 0.4135, 0.1002, 1.8031, 0.3134
(3, 15): 0.4135, 0.1002, 1.8031, 0.3134
(3, 16): 0.2573, 0.1000, 2.1984, 0.3058
(3, 17): 0.3896, 0.1000, 1.8537, 0.3790
(3, 18): 0.3896, 0.1000, 1.8537, 0.3790
(3, 19): 0.3703, 0.1009, 1.8379, 0.3214
(3, 20): 0.5104, 0.1001, 1.5692, 0.3181
(3, 21): 0.3413, 0.1002, 2.2192, 0.3406
(3, 22): 0.3413, 0.1002, 2.2192, 0.3406
(3, 23): 0.4293, 0.1007, 1.8180, 0.3319
(3, 24): 0.3196, 0.1001, 2.5106, 0.3746
(3, 25): 0.3196, 0.1001, 2.5106, 0.3746
(3, 26): 0.3241, 0.1003, 2.6254, 0.2623
(3, 27): 0.2731, 0.1001, 2.6861, 0.2786
(3, 28): 0.3623, 0.1002, 2.4013, 0.3413
(3, 29): 0.3623, 0.1002, 2.4013, 0.3413
(3, 30): 0.3497, 0.1011, 1.9570, 0.3040
(3, 31): 0.5430, 0.1004, 1.4287, 0.3496
(3, 32): 0.5994, 0.1002, 1.3484, 0.3848
(3, 33): 0.5994, 0.1002, 1.3484, 0.3848
(3, 34): 0.3449, 0.1005, 2.0223, 0.3627
(3, 35): 0.5815, 0.1003, 1.6351, 0.3304
(3, 36): 0.5815, 0.1003, 1.6351, 0.3304
(3, 37): 0.6325, 0.1002, 1.9751, 0.3170
(4, 1): 0.4897, 0.1001, 1.8940, 0.3058
(4, 2): 0.4897, 0.1001, 1.8940, 0.3058
(4, 3): 0.3984, 0.1004, 2.2913, 0.2826
(4, 4): 0.3984, 0.1004, 2.2913, 0.2826
(4, 5): 0.3460, 0.1001, 2.3156, 0.2895
(4, 6): 0.3643, 0.1007, 2.0799, 0.3065
(4, 7): 0.2889, 0.1017, 2.3084, 0.2598
(4, 8): 0.2889, 0.1017, 2.3084, 0.2598
(4, 9): 0.2348, 0.1011, 2.5224, 0.3138
(4, 10): 0.3406, 0.1008, 2.1104, 0.3330
(4, 11): 0.3406, 0.1008, 2.1104, 0.3330
(4, 12): 0.4332, 0.1015, 1.7920, 0.3250
(4, 13): 0.4119, 0.1005, 1.9055, 0.3609
(4, 14): 0.4259, 0.1008, 1.7654, 0.3214
(4, 15): 0.4259, 0.1008, 1.7654, 0.3214
(4, 16): 0.2790, 0.1001, 2.0846, 0.3543
(4, 17): 0.2954, 0.1007, 2.0106, 0.3428
(4, 18): 0.2954, 0.1007, 2.0106, 0.3428
(4, 19): 0.3650, 0.1001, 1.8477, 0.3500
(4, 20): 0.3412, 0.1007, 2.0840, 0.3348
(4, 21): 0.5859, 0.1009, 1.5742, 0.3373
(4, 22): 0.5859, 0.1009, 1.5742, 0.3373
(4, 23): 0.5252, 0.1002, 1.6616, 0.3217
(4, 24): 0.3856, 0.1003, 2.3130, 0.3721
(4, 25): 0.3856, 0.1003, 2.3130, 0.3721
(4, 26): 0.4700, 0.1002, 1.8580, 0.3333
(4, 27): 0.3249, 0.1002, 2.3779, 0.3678
(4, 28): 0.4449, 0.1002, 1.9350, 0.3739
(4, 29): 0.4449, 0.1002, 1.9350, 0.3739
(4, 30): 0.3957, 0.1002, 1.9495, 0.3246
(4, 31): 0.6173, 0.1001, 1.3724, 0.3681
(4, 32): 0.4828, 0.1000, 1.6212, 0.3449
(4, 33): 0.4828, 0.1000, 1.6212, 0.3449
(4, 34): 0.1954, 0.1005, 2.7275, 0.3616
(4, 35): 0.6095, 0.1007, 1.7058, 0.3188
(4, 36): 0.6095, 0.1007, 1.7058, 0.3188
(4, 37): 0.6325, 0.1002, 1.9751, 0.3170
(5, 1): 0.4897, 0.1001, 1.8940, 0.3058
(5, 2): 0.4897, 0.1001, 1.8940, 0.3058
(5, 3): 0.4002, 0.1000, 2.2328, 0.2826
(5, 4): 0.4002, 0.1000, 2.2328, 0.2826
(5, 5): 0.3248, 0.1007, 2.3612, 0.3710
(5, 6): 0.4018, 0.1003, 1.8803, 0.2525
(5, 7): 0.2684, 0.1003, 2.2756, 0.3616
(5, 8): 0.2684, 0.1003, 2.2756, 0.3616
(5, 9): 0.2930, 0.1009, 2.2006, 0.3471
(5, 10): 0.3026, 0.1024, 2.1820, 0.3362
(5, 11): 0.3026, 0.1024, 2.1820, 0.3362
(5, 12): 0.4046, 0.1004, 1.7965, 0.3134
(5, 13): 0.4028, 0.1006, 1.7937, 0.3388
(5, 14): 0.3921, 0.1007, 1.7741, 0.3370
(5, 15): 0.3921, 0.1007, 1.7741, 0.3370
(5, 16): 0.2845, 0.1005, 2.0933, 0.3504
(5, 17): 0.3132, 0.1012, 2.0149, 0.3467
(5, 18): 0.3132, 0.1012, 2.0149, 0.3467
(5, 19): 0.3550, 0.1008, 1.8366, 0.3431
(5, 20): 0.3719, 0.1020, 2.1386, 0.3804
(5, 21): 0.4159, 0.1005, 2.0156, 0.3768
(5, 22): 0.4159, 0.1005, 2.0156, 0.3768
(5, 23): 0.4995, 0.1001, 1.7749, 0.3558
(5, 24): 0.4291, 0.1012, 1.9905, 0.3928
(5, 25): 0.4291, 0.1012, 1.9905, 0.3928
(5, 26): 0.4331, 0.1003, 1.9481, 0.3464
(5, 27): 0.4680, 0.1005, 1.7016, 0.3464
(5, 28): 0.4486, 0.1002, 1.9925, 0.3612
(5, 29): 0.4486, 0.1002, 1.9925, 0.3612
(5, 30): 0.5204, 0.1005, 1.6922, 0.3612
(5, 31): 0.5096, 0.1003, 1.7107, 0.3714
(5, 32): 0.5096, 0.1003, 1.7107, 0.3714
(5, 33): 0.3725, 0.1003, 2.1986, 0.3591
(5, 34): 0.3664, 0.1001, 2.4706, 0.3685
(5, 35): 0.5024, 0.1002, 2.4302, 0.3217
(5, 36): 0.5024, 0.1002, 2.4302, 0.3217
(5, 37): 0.3532, 0.1001, 3.2627, 0.2957
(6, 1): 0.4260, 0.1006, 1.9319, 0.3072
(6, 2): 0.4260, 0.1006, 1.9319, 0.3072
(6, 3): 0.3330, 0.1013, 2.3406, 0.2938
(6, 4): 0.3330, 0.1013, 2.3406, 0.2938
(6, 5): 0.3331, 0.1002, 2.2404, 0.3174
(6, 6): 0.3414, 0.1007, 2.0382, 0.2971
(6, 7): 0.3693, 0.1011, 1.9468, 0.3022
(6, 8): 0.3693, 0.1011, 1.9468, 0.3022
(6, 9): 0.3345, 0.1000, 1.9620, 0.3337
(6, 10): 0.3028, 0.1001, 2.1424, 0.3587
(6, 11): 0.3028, 0.1001, 2.1424, 0.3587
(6, 12): 0.4325, 0.1011, 1.7271, 0.3083
(6, 13): 0.4416, 0.1009, 1.7822, 0.3402
(6, 14): 0.4334, 0.1001, 1.7242, 0.3399
(6, 15): 0.4334, 0.1001, 1.7242, 0.3399
(6, 16): 0.3854, 0.1002, 1.8257, 0.3424
(6, 17): 0.3875, 0.1005, 1.7988, 0.3460
(6, 18): 0.3875, 0.1005, 1.7988, 0.3460
(6, 19): 0.4154, 0.1008, 1.6760, 0.3246
(6, 20): 0.4914, 0.1008, 1.7529, 0.3384
(6, 21): 0.3002, 0.1011, 2.3792, 0.3518
(6, 22): 0.3002, 0.1011, 2.3792, 0.3518
(6, 23): 0.4158, 0.1008, 1.9164, 0.3649
(6, 24): 0.4560, 0.1004, 1.7226, 0.3514
(6, 25): 0.4560, 0.1004, 1.7226, 0.3514
(6, 26): 0.4520, 0.1003, 1.7524, 0.3475
(6, 27): 0.5522, 0.1011, 1.5346, 0.3424
(6, 28): 0.5049, 0.1002, 1.8606, 0.3569
(6, 29): 0.5049, 0.1002, 1.8606, 0.3569
(6, 30): 0.5403, 0.1008, 1.5776, 0.3645
(6, 31): 0.3815, 0.1004, 1.9550, 0.3634
(6, 32): 0.3815, 0.1004, 1.9550, 0.3634
(6, 33): 0.3923, 0.1001, 2.0103, 0.3460
(6, 34): 0.4302, 0.1004, 2.3454, 0.3138
(6, 35): 0.5233, 0.1009, 2.5477, 0.3261
(6, 36): 0.5233, 0.1009, 2.5477, 0.3261
(6, 37): 0.5926, 0.1003, 2.4792, 0.2960
(7, 1): 0.5319, 0.1002, 1.6439, 0.2942
(7, 2): 0.5319, 0.1002, 1.6439, 0.2942
(7, 3): 0.4167, 0.1003, 1.9685, 0.3504
(7, 4): 0.3929, 0.1013, 1.9323, 0.2565
(7, 5): 0.3929, 0.1013, 1.9323, 0.2565
(7, 6): 0.3818, 0.1006, 1.9892, 0.2475
(7, 7): 0.2911, 0.1014, 2.2455, 0.2583
(7, 8): 0.2911, 0.1014, 2.2455, 0.2583
(7, 9): 0.4121, 0.1017, 1.8499, 0.3435
(7, 10): 0.4301, 0.1000, 1.8098, 0.3464
(7, 11): 0.4044, 0.1015, 1.8411, 0.3326
(7, 12): 0.4044, 0.1015, 1.8411, 0.3326
(7, 13): 0.4365, 0.1000, 1.9007, 0.3478
(7, 14): 0.3911, 0.1006, 1.8379, 0.3283
(7, 15): 0.3911, 0.1006, 1.8379, 0.3283
(7, 16): 0.3784, 0.1005, 1.8782, 0.3116
(7, 17): 0.4504, 0.1007, 1.6616, 0.3141
(7, 18): 0.4504, 0.1007, 1.6616, 0.3141
(7, 19): 0.4233, 0.1004, 1.7021, 0.3232
(7, 20): 0.3196, 0.1005, 2.4008, 0.3341
(7, 21): 0.2976, 0.1000, 2.2275, 0.3243
(7, 22): 0.2976, 0.1000, 2.2275, 0.3243
(7, 23): 0.2888, 0.1005, 2.2134, 0.3420
(7, 24): 0.3417, 0.1001, 2.0059, 0.3272
(7, 25): 0.3417, 0.1001, 2.0059, 0.3272
(7, 26): 0.5310, 0.1002, 1.5462, 0.3500
(7, 27): 0.5807, 0.1005, 1.5273, 0.3384
(7, 28): 0.5352, 0.1009, 1.7376, 0.3598
(7, 29): 0.5352, 0.1009, 1.7376, 0.3598
(7, 30): 0.5344, 0.1002, 1.6312, 0.3725
(7, 31): 0.3916, 0.1007, 2.0800, 0.3181
(7, 32): 0.3916, 0.1007, 2.0800, 0.3181
(7, 33): 0.3545, 0.1013, 2.3284, 0.3257
(7, 34): 0.4170, 0.1007, 2.6174, 0.3337
(7, 35): 0.5199, 0.1000, 2.6759, 0.2743
(7, 36): 0.5199, 0.1000, 2.6759, 0.2743
(7, 37): 0.4312, 0.1013, 3.2709, 0.3101
(8, 1): 0.4409, 0.1000, 1.8262, 0.2489
(8, 2): 0.4409, 0.1000, 1.8262, 0.2489
(8, 3): 0.4785, 0.1003, 1.6808, 0.2862
(8, 4): 0.5154, 0.1003, 1.7251, 0.2638
(8, 5): 0.5154, 0.1003, 1.7251, 0.2638
(8, 6): 0.4229, 0.1005, 2.0641, 0.2743
(8, 7): 0.3951, 0.1001, 1.9806, 0.2895
(8, 8): 0.3951, 0.1001, 1.9806, 0.2895
(8, 9): 0.4556, 0.1002, 1.9623, 0.3688
(8, 10): 0.4444, 0.1004, 1.9683, 0.3402
(8, 11): 0.3494, 0.1004, 2.0055, 0.2888
(8, 12): 0.3494, 0.1004, 2.0055, 0.2888
(8, 13): 0.3682, 0.1001, 2.0032, 0.3464
(8, 14): 0.3513, 0.1003, 1.9813, 0.3254
(8, 15): 0.3513, 0.1003, 1.9813, 0.3254
(8, 16): 0.3351, 0.1003, 2.0666, 0.3406
(8, 17): 0.4429, 0.1002, 1.7239, 0.2884
(8, 18): 0.4429, 0.1002, 1.7239, 0.2884
(8, 19): 0.4311, 0.1004, 1.9263, 0.3884
(8, 20): 0.4108, 0.1000, 2.0205, 0.3464
(8, 21): 0.3545, 0.1009, 2.0190, 0.3431
(8, 22): 0.3545, 0.1009, 2.0190, 0.3431
(8, 23): 0.3962, 0.1001, 1.8774, 0.3112
(8, 24): 0.3703, 0.1003, 1.9638, 0.3348
(8, 25): 0.3703, 0.1003, 1.9638, 0.3348
(8, 26): 0.4551, 0.1001, 1.7980, 0.3246
(8, 27): 0.4712, 0.1008, 1.8390, 0.3322
(8, 28): 0.4350, 0.1017, 1.9167, 0.3525
(8, 29): 0.4350, 0.1017, 1.9167, 0.3525
(8, 30): 0.4892, 0.1009, 1.7967, 0.3377
(8, 31): 0.3817, 0.1003, 2.1791, 0.3493
(8, 32): 0.3817, 0.1003, 2.1791, 0.3493
(8, 33): 0.4431, 0.1000, 2.1559, 0.3587
(8, 34): 0.3917, 0.1005, 2.8334, 0.2779
(8, 35): 0.4373, 0.1010, 2.7100, 0.2764
(8, 36): 0.4373, 0.1010, 2.7100, 0.2764
(8, 37): 0.4537, 0.1007, 2.6092, 0.3207
(9, 1): 0.5167, 0.1010, 1.5752, 0.2380
(9, 2): 0.5167, 0.1010, 1.5752, 0.2380
(9, 3): 0.5250, 0.1008, 1.7327, 0.3562
(9, 4): 0.3084, 0.1001, 2.6751, 0.2685
(9, 5): 0.3084, 0.1001, 2.6751, 0.2685
(9, 6): 0.5042, 0.1022, 1.8698, 0.2888
(9, 7): 0.4691, 0.1004, 1.9956, 0.3348
(9, 8): 0.4691, 0.1004, 1.9956, 0.3348
(9, 9): 0.5051, 0.1006, 1.9188, 0.3572
(9, 10): 0.3347, 0.1024, 2.5458, 0.2812
(9, 11): 0.4148, 0.1008, 2.0280, 0.3605
(9, 12): 0.4148, 0.1008, 2.0280, 0.3605
(9, 13): 0.3969, 0.1000, 1.9787, 0.3337
(9, 14): 0.3510, 0.1001, 2.1627, 0.3529
(9, 15): 0.3510, 0.1001, 2.1627, 0.3529
(9, 16): 0.2663, 0.1011, 2.5367, 0.3888
(9, 17): 0.3431, 0.1001, 2.2811, 0.3855
(9, 18): 0.3431, 0.1001, 2.2811, 0.3855
(9, 19): 0.4223, 0.1005, 2.0830, 0.3888
(9, 20): 0.4395, 0.1004, 1.9903, 0.3971
(9, 21): 0.4458, 0.1017, 1.8615, 0.3159
(9, 22): 0.4458, 0.1017, 1.8615, 0.3159
(9, 23): 0.4188, 0.1005, 1.9459, 0.3098
(9, 24): 0.4385, 0.1020, 1.8837, 0.3236
(9, 25): 0.4385, 0.1020, 1.8837, 0.3236
(9, 26): 0.4279, 0.1001, 1.9222, 0.3062
(9, 27): 0.2820, 0.1004, 2.4131, 0.2996
(9, 28): 0.3925, 0.1004, 2.0390, 0.3380
(9, 29): 0.3925, 0.1004, 2.0390, 0.3380
(9, 30): 0.4822, 0.1010, 1.8491, 0.3522
(9, 31): 0.3691, 0.1002, 2.2400, 0.3261
(9, 32): 0.3691, 0.1002, 2.2400, 0.3261
(9, 33): 0.4232, 0.1020, 2.1808, 0.3116
(9, 34): 0.5338, 0.1008, 1.9734, 0.3308
(9, 35): 0.4837, 0.1006, 1.9920, 0.2920
(9, 36): 0.4837, 0.1006, 1.9920, 0.2920
(9, 37): 0.4726, 0.1008, 2.0195, 0.3181
(10, 1): 0.5014, 0.1002, 1.6648, 0.3203
(10, 2): 0.5014, 0.1002, 1.6648, 0.3203
(10, 3): 0.2916, 0.1011, 2.6506, 0.2130
(10, 4): 0.3486, 0.1003, 2.3640, 0.3920
(10, 5): 0.3486, 0.1003, 2.3640, 0.3920
(10, 6): 0.3705, 0.1017, 2.2369, 0.3018
(10, 7): 0.3416, 0.1003, 2.4144, 0.2536
(10, 8): 0.3416, 0.1003, 2.4144, 0.2536
(10, 9): 0.3138, 0.1003, 2.5747, 0.3203
(10, 10): 0.2709, 0.1030, 2.6503, 0.3065
(10, 11): 0.4691, 0.1021, 1.8717, 0.3779
(10, 12): 0.4691, 0.1021, 1.8717, 0.3779
(10, 13): 0.3927, 0.1002, 2.1364, 0.3522
(10, 14): 0.3813, 0.1000, 2.1816, 0.2851
(10, 15): 0.3813, 0.1000, 2.1816, 0.2851
(10, 16): 0.3728, 0.1001, 2.3017, 0.3562
(10, 17): 0.3325, 0.1003, 2.6970, 0.3594
(10, 18): 0.4349, 0.1003, 2.2160, 0.3449
(10, 19): 0.4349, 0.1003, 2.2160, 0.3449
(10, 20): 0.4701, 0.1008, 1.9590, 0.3170
(10, 21): 0.3912, 0.1004, 2.1968, 0.3210
(10, 22): 0.3912, 0.1004, 2.1968, 0.3210
(10, 23): 0.4658, 0.1014, 1.8986, 0.3362
(10, 24): 0.5164, 0.1011, 1.6651, 0.3243
(10, 25): 0.5164, 0.1011, 1.6651, 0.3243
(10, 26): 0.4884, 0.1001, 1.7693, 0.3268
(10, 27): 0.4095, 0.1005, 1.9530, 0.3011
(10, 28): 0.3960, 0.1012, 2.0945, 0.2833
(10, 29): 0.3960, 0.1012, 2.0945, 0.2833
(10, 30): 0.4220, 0.1001, 2.0764, 0.3449
(10, 31): 0.4649, 0.1005, 1.9758, 0.3116
(10, 32): 0.4649, 0.1005, 1.9758, 0.3116
(10, 33): 0.3885, 0.1007, 2.2043, 0.3203
(10, 34): 0.4918, 0.1009, 1.9775, 0.3899
(10, 35): 0.5086, 0.1000, 1.7809, 0.3525
(10, 36): 0.5086, 0.1000, 1.7809, 0.3525
(10, 37): 0.4326, 0.1002, 2.0329, 0.3714
(11, 1): 0.3831, 0.1035, 2.1962, 0.3156
(11, 2): 0.3831, 0.1035, 2.1962, 0.3156
(11, 3): 0.3561, 0.1006, 2.3443, 0.3293
(11, 4): 0.3254, 0.1001, 2.3775, 0.2641
(11, 5): 0.3254, 0.1001, 2.3775, 0.2641
(11, 6): 0.3101, 0.1009, 2.4145, 0.2225
(11, 7): 0.3896, 0.1012, 2.2487, 0.3134
(11, 8): 0.3896, 0.1012, 2.2487, 0.3134
(11, 9): 0.4287, 0.1002, 2.0047, 0.2623
(11, 10): 0.3789, 0.1014, 2.1541, 0.3083
(11, 11): 0.4297, 0.1001, 2.0441, 0.3341
(11, 12): 0.4297, 0.1001, 2.0441, 0.3341
(11, 13): 0.3751, 0.1000, 2.2932, 0.2551
(11, 14): 0.4479, 0.1013, 1.9964, 0.3239
(11, 15): 0.4479, 0.1013, 1.9964, 0.3239
(11, 16): 0.3895, 0.1001, 2.3079, 0.2982
(11, 17): 0.4606, 0.1020, 2.0456, 0.3518
(11, 18): 0.4255, 0.1001, 2.2815, 0.3543
(11, 19): 0.4255, 0.1001, 2.2815, 0.3543
(11, 20): 0.5325, 0.1016, 1.7639, 0.3301
(11, 21): 0.5169, 0.1007, 1.9344, 0.3098
(11, 22): 0.5169, 0.1007, 1.9344, 0.3098
(11, 23): 0.4713, 0.1007, 1.9357, 0.2649
(11, 24): 0.4406, 0.1006, 2.1657, 0.2808
(11, 25): 0.4406, 0.1006, 2.1657, 0.2808
(11, 26): 0.5397, 0.1000, 1.7247, 0.3326
(11, 27): 0.4379, 0.1003, 1.9351, 0.3076
(11, 28): 0.2995, 0.1016, 2.5078, 0.3431
(11, 29): 0.2995, 0.1016, 2.5078, 0.3431
(11, 30): 0.3505, 0.1003, 2.2953, 0.3413
(11, 31): 0.3700, 0.1006, 2.1874, 0.3442
(11, 32): 0.3700, 0.1006, 2.1874, 0.3442
(11, 33): 0.4142, 0.1000, 2.1127, 0.3319
(11, 34): 0.4419, 0.1009, 2.0830, 0.3199
(11, 35): 0.4433, 0.1001, 2.0153, 0.3141
(11, 36): 0.4433, 0.1001, 2.0153, 0.3141
(11, 37): 0.4379, 0.1007, 2.0618, 0.3699
(12, 1): 0.3569, 0.1001, 2.3439, 0.2138
(12, 2): 0.3569, 0.1001, 2.3439, 0.2138
(12, 3): 0.3657, 0.1005, 2.2942, 0.2185
(12, 4): 0.3586, 0.1018, 2.2980, 0.2377
(12, 5): 0.3586, 0.1018, 2.2980, 0.2377
(12, 6): 0.3213, 0.1003, 2.4148, 0.2964
(12, 7): 0.3920, 0.1007, 2.2648, 0.2641
(12, 8): 0.3920, 0.1007, 2.2648, 0.2641
(12, 9): 0.4432, 0.1011, 1.9607, 0.2536
(12, 10): 0.4147, 0.1010, 1.9990, 0.3080
(12, 11): 0.4224, 0.1000, 2.1663, 0.3065
(12, 12): 0.4224, 0.1000, 2.1663, 0.3065
(12, 13): 0.4137, 0.1007, 2.0293, 0.2775
(12, 14): 0.4853, 0.1007, 1.8876, 0.2967
(12, 15): 0.4853, 0.1007, 1.8876, 0.2967
(12, 16): 0.3285, 0.1005, 2.4836, 0.2605
(12, 17): 0.4152, 0.1002, 2.1749, 0.3011
(12, 18): 0.4023, 0.1006, 2.1692, 0.3670
(12, 19): 0.4023, 0.1006, 2.1692, 0.3670
(12, 20): 0.3919, 0.1005, 2.2572, 0.3322
(12, 21): 0.5096, 0.1003, 1.8389, 0.3438
(12, 22): 0.5096, 0.1003, 1.8389, 0.3438
(12, 23): 0.5028, 0.1008, 1.8751, 0.3634
(12, 24): 0.4824, 0.1004, 2.0295, 0.3522
(12, 25): 0.4824, 0.1004, 2.0295, 0.3522
(12, 26): 0.4914, 0.1005, 1.9707, 0.3681
(12, 27): 0.4156, 0.1003, 2.1325, 0.3931
(12, 28): 0.4124, 0.1001, 2.0912, 0.3239
(12, 29): 0.4124, 0.1001, 2.0912, 0.3239
(12, 30): 0.4196, 0.1001, 2.0559, 0.3844
(12, 31): 0.4276, 0.1004, 2.0160, 0.3051
(12, 32): 0.4276, 0.1004, 2.0160, 0.3051
(12, 33): 0.3654, 0.1013, 2.3488, 0.3275
(12, 34): 0.4025, 0.1019, 2.2833, 0.3844
(12, 35): 0.4025, 0.1019, 2.2833, 0.3844
(12, 36): 0.5731, 0.1012, 1.7380, 0.3326
(12, 37): 0.5437, 0.1003, 1.7355, 0.3572
(13, 1): 0.3883, 0.1023, 2.2925, 0.3551
(13, 2): 0.3883, 0.1023, 2.2925, 0.3551
(13, 3): 0.4067, 0.1004, 2.1892, 0.2087
(13, 4): 0.3746, 0.1001, 2.2940, 0.2775
(13, 5): 0.3746, 0.1001, 2.2940, 0.2775
(13, 6): 0.3679, 0.1003, 2.2858, 0.2388
(13, 7): 0.5911, 0.1000, 1.7340, 0.3000
(13, 8): 0.5911, 0.1000, 1.7340, 0.3000
(13, 9): 0.5679, 0.1013, 1.7616, 0.3315
(13, 10): 0.5626, 0.1006, 1.7484, 0.2069
(13, 11): 0.3868, 0.1015, 2.2876, 0.2812
(13, 12): 0.3868, 0.1015, 2.2876, 0.2812
(13, 13): 0.4137, 0.1007, 2.0293, 0.2775
(13, 14): 0.4853, 0.1007, 1.8876, 0.2967
(13, 15): 0.4853, 0.1007, 1.8876, 0.2967
(13, 16): 0.3285, 0.1005, 2.4836, 0.2605
(13, 17): 0.4152, 0.1002, 2.1749, 0.3011
(13, 18): 0.4023, 0.1006, 2.1692, 0.3670
(13, 19): 0.4023, 0.1006, 2.1692, 0.3670
(13, 20): 0.3919, 0.1005, 2.2572, 0.3322
(13, 21): 0.5096, 0.1003, 1.8389, 0.3438
(13, 22): 0.5096, 0.1003, 1.8389, 0.3438
(13, 23): 0.5028, 0.1008, 1.8751, 0.3634
(13, 24): 0.4824, 0.1004, 2.0295, 0.3522
(13, 25): 0.4824, 0.1004, 2.0295, 0.3522
(13, 26): 0.4914, 0.1005, 1.9707, 0.3681
(13, 27): 0.4156, 0.1003, 2.1325, 0.3931
(13, 28): 0.4124, 0.1001, 2.0912, 0.3239
(13, 29): 0.4124, 0.1001, 2.0912, 0.3239
(13, 30): 0.4196, 0.1001, 2.0559, 0.3844
(13, 31): 0.4616, 0.1001, 2.0551, 0.3087
(13, 32): 0.4616, 0.1001, 2.0551, 0.3087
(13, 33): 0.5497, 0.1009, 1.7724, 0.3344
(13, 34): 0.4129, 0.1000, 2.1961, 0.3134
(13, 35): 0.4129, 0.1000, 2.1961, 0.3134
(13, 36): 0.6356, 0.1001, 1.4528, 0.3072
(13, 37): 0.3752, 0.1004, 2.2250, 0.3975
(14, 1): 0.3983, 0.1006, 2.2814, 0.2112
(14, 2): 0.3983, 0.1006, 2.2814, 0.2112
(14, 3): 0.3968, 0.1013, 2.2274, 0.2960
(14, 4): 0.3880, 0.1000, 2.2556, 0.2098
(14, 5): 0.3880, 0.1000, 2.2556, 0.2098
(14, 6): 0.6249, 0.1017, 1.6390, 0.2065
(14, 7): 0.5911, 0.1000, 1.7340, 0.3000
(14, 8): 0.5679, 0.1013, 1.7616, 0.3315
(14, 9): 0.5679, 0.1013, 1.7616, 0.3315
(14, 10): 0.5626, 0.1006, 1.7484, 0.2069
(14, 11): 0.3868, 0.1015, 2.2876, 0.2812
(14, 12): 0.3868, 0.1015, 2.2876, 0.2812
(14, 13): 0.3623, 0.1007, 2.4409, 0.2616
(14, 14): 0.5008, 0.1002, 2.0036, 0.2757
(14, 15): 0.5008, 0.1002, 2.0036, 0.2757
(14, 16): 0.5663, 0.1014, 1.7387, 0.3069
(14, 17): 0.4092, 0.1008, 2.2218, 0.2196
(14, 18): 0.3986, 0.1000, 2.2152, 0.3174
(14, 19): 0.3986, 0.1000, 2.2152, 0.3174
(14, 20): 0.5446, 0.1003, 1.6620, 0.2989
(14, 21): 0.5033, 0.1008, 1.8897, 0.3174
(14, 22): 0.5033, 0.1008, 1.8897, 0.3174
(14, 23): 0.5169, 0.1019, 1.8541, 0.3228
(14, 24): 0.4258, 0.1006, 2.2559, 0.3699
(14, 25): 0.4258, 0.1006, 2.2559, 0.3699
(14, 26): 0.4388, 0.1002, 2.1069, 0.2917
(14, 27): 0.4237, 0.1002, 2.1729, 0.3388
(14, 28): 0.3343, 0.1004, 2.4668, 0.3094
(14, 29): 0.3343, 0.1004, 2.4668, 0.3094
(14, 30): 0.3939, 0.1002, 2.2490, 0.3098
(14, 31): 0.4616, 0.1001, 2.0551, 0.3087
(14, 32): 0.4616, 0.1001, 2.0551, 0.3087
(14, 33): 0.5497, 0.1009, 1.7724, 0.3344
(14, 34): 0.4129, 0.1000, 2.1961, 0.3134
(14, 35): 0.4129, 0.1000, 2.1961, 0.3134
(14, 36): 0.6356, 0.1001, 1.4528, 0.3072
(14, 37): 0.3858, 0.1001, 2.1664, 0.3732
(15, 1): 0.4681, 0.1009, 2.0538, 0.2601
(15, 2): 0.4681, 0.1009, 2.0538, 0.2601
(15, 3): 0.3968, 0.1013, 2.2274, 0.2960
(15, 4): 0.3880, 0.1000, 2.2556, 0.2098
(15, 5): 0.3880, 0.1000, 2.2556, 0.2098
(15, 6): 0.6249, 0.1017, 1.6390, 0.2065
(15, 7): 0.6263, 0.1010, 1.6439, 0.3091
(15, 8): 0.5183, 0.1013, 1.8965, 0.2743
(15, 9): 0.5183, 0.1013, 1.8965, 0.2743
(15, 10): 0.2421, 0.1002, 3.2305, 0.3486
(15, 11): 0.3282, 0.1008, 2.6856, 0.2768
(15, 12): 0.3282, 0.1008, 2.6856, 0.2768
(15, 13): 0.5169, 0.1011, 2.0069, 0.2841
(15, 14): 0.4768, 0.1017, 2.1343, 0.3029
(15, 15): 0.4768, 0.1017, 2.1343, 0.3029
(15, 16): 0.4299, 0.1014, 2.1258, 0.2891
(15, 17): 0.5594, 0.1023, 1.7312, 0.3145
(15, 18): 0.2828, 0.1003, 2.6094, 0.3058
(15, 19): 0.2828, 0.1003, 2.6094, 0.3058
(15, 20): 0.4643, 0.1013, 2.0195, 0.2848
(15, 21): 0.5234, 0.1000, 1.9265, 0.3101
(15, 22): 0.5234, 0.1000, 1.9265, 0.3101
(15, 23): 0.5331, 0.1009, 1.9569, 0.3341
(15, 24): 0.5789, 0.1002, 1.8549, 0.3388
(15, 25): 0.5789, 0.1002, 1.8549, 0.3388
(15, 26): 0.4287, 0.1002, 2.3169, 0.3457
(15, 27): 0.4834, 0.1001, 1.9254, 0.3152
(15, 28): 0.3936, 0.1018, 2.3175, 0.3822
(15, 29): 0.3936, 0.1018, 2.3175, 0.3822
(15, 30): 0.3830, 0.1001, 2.3735, 0.3623
(15, 31): 0.4619, 0.1005, 2.1147, 0.3471
(15, 32): 0.4619, 0.1005, 2.1147, 0.3471
(15, 33): 0.4230, 0.1000, 2.1480, 0.3768
(15, 34): 0.3950, 0.1010, 2.2083, 0.3522
(15, 35): 0.3950, 0.1010, 2.2083, 0.3522
(15, 36): 0.3032, 0.1006, 2.6452, 0.3105
(15, 37): 0.3858, 0.1001, 2.1664, 0.3732
(16, 1): 0.4681, 0.1009, 2.0538, 0.2601
(16, 2): 0.4681, 0.1009, 2.0538, 0.2601
(16, 3): 0.4397, 0.1017, 2.1349, 0.2996
(16, 4): 0.7002, 0.1000, 1.4767, 0.2293
(16, 5): 0.7002, 0.1000, 1.4767, 0.2293
(16, 6): 0.6552, 0.1013, 1.5945, 0.2562
(16, 7): 0.5313, 0.1011, 1.9707, 0.2583
(16, 8): 0.2395, 0.1015, 3.3135, 0.2341
(16, 9): 0.2395, 0.1015, 3.3135, 0.2341
(16, 10): 0.2334, 0.1010, 3.2592, 0.2304
(16, 11): 0.3471, 0.1008, 2.7090, 0.3058
(16, 12): 0.3471, 0.1008, 2.7090, 0.3058
(16, 13): 0.5158, 0.1009, 2.0322, 0.2957
(16, 14): 0.4237, 0.1020, 2.3630, 0.2482
(16, 15): 0.4237, 0.1020, 2.3630, 0.2482
(16, 16): 0.4409, 0.1004, 2.1357, 0.2996
(16, 17): 0.5059, 0.1003, 1.8009, 0.3036
(16, 18): 0.3597, 0.1004, 2.4193, 0.2696
(16, 19): 0.3597, 0.1004, 2.4193, 0.2696
(16, 20): 0.5510, 0.1003, 1.9048, 0.3507
(16, 21): 0.5912, 0.1001, 1.7017, 0.3380
(16, 22): 0.5912, 0.1001, 1.7017, 0.3380
(16, 23): 0.4849, 0.1003, 2.1951, 0.3355
(16, 24): 0.5276, 0.1001, 1.9487, 0.3199
(16, 25): 0.5276, 0.1001, 1.9487, 0.3199
(16, 26): 0.4470, 0.1011, 2.2627, 0.2728
(16, 27): 0.4516, 0.1025, 2.0451, 0.3188
(16, 28): 0.4007, 0.1011, 2.2765, 0.3326
(16, 29): 0.4007, 0.1011, 2.2765, 0.3326
(16, 30): 0.3350, 0.1001, 2.4307, 0.3449
(16, 31): 0.3218, 0.1001, 2.4549, 0.3522
(16, 32): 0.3218, 0.1001, 2.4549, 0.3522
(16, 33): 0.4677, 0.1005, 1.9529, 0.3580
(16, 34): 0.4966, 0.1001, 1.9230, 0.3620
(16, 35): 0.4966, 0.1001, 1.9230, 0.3620
(16, 36): 0.3710, 0.1007, 2.3063, 0.3417
(16, 37): 0.4683, 0.1004, 1.9705, 0.3594
(17, 1): 0.4789, 0.1018, 2.0363, 0.3011
(17, 2): 0.4789, 0.1018, 2.0363, 0.3011
(17, 3): 0.6712, 0.1004, 1.5637, 0.3051
(17, 4): 0.6311, 0.1003, 1.6727, 0.2283
(17, 5): 0.6311, 0.1003, 1.6727, 0.2283
(17, 6): 0.2515, 0.1001, 3.3999, 0.2583
(17, 7): 0.2728, 0.1000, 3.1956, 0.2123
(17, 8): 0.3274, 0.1006, 2.8548, 0.2167
(17, 9): 0.3274, 0.1006, 2.8548, 0.2167
(17, 10): 0.4057, 0.1002, 2.4259, 0.3359
(17, 11): 0.4211, 0.1015, 2.1811, 0.3203
(17, 12): 0.4211, 0.1015, 2.1811, 0.3203
(17, 13): 0.4761, 0.1001, 2.0633, 0.3145
(17, 14): 0.4410, 0.1011, 2.2421, 0.2859
(17, 15): 0.4410, 0.1011, 2.2421, 0.2859
(17, 16): 0.4887, 0.1005, 2.0044, 0.3040
(17, 17): 0.4163, 0.1026, 2.2397, 0.2844
(17, 18): 0.4801, 0.1022, 2.0866, 0.3399
(17, 19): 0.4801, 0.1022, 2.0866, 0.3399
(17, 20): 0.5552, 0.1010, 1.8823, 0.3025
(17, 21): 0.5530, 0.1011, 1.7709, 0.3022
(17, 22): 0.5530, 0.1011, 1.7709, 0.3022
(17, 23): 0.5023, 0.1002, 1.9031, 0.3105
(17, 24): 0.5007, 0.1001, 1.9864, 0.2652
(17, 25): 0.5007, 0.1001, 1.9864, 0.2652
(17, 26): 0.4563, 0.1006, 2.2188, 0.3076
(17, 27): 0.5251, 0.1017, 1.8464, 0.2986
(17, 28): 0.4120, 0.1003, 2.2848, 0.3011
(17, 29): 0.4120, 0.1003, 2.2848, 0.3011
(17, 30): 0.3696, 0.1005, 2.2840, 0.3261
(17, 31): 0.4582, 0.1002, 1.9867, 0.3558
(17, 32): 0.4582, 0.1002, 1.9867, 0.3558
(17, 33): 0.4573, 0.1005, 2.1315, 0.3703
(17, 34): 0.4022, 0.1003, 2.3416, 0.3004
(17, 35): 0.4022, 0.1003, 2.3416, 0.3004
(17, 36): 0.4519, 0.1009, 2.0829, 0.3308
(17, 37): 0.3170, 0.1007, 2.6158, 0.2931
(18, 1): 0.6643, 0.1006, 1.5164, 0.2949
(18, 2): 0.6643, 0.1006, 1.5164, 0.2949
(18, 3): 0.6075, 0.1012, 1.7586, 0.2989
(18, 4): 0.2749, 0.1007, 3.3077, 0.2630
(18, 5): 0.3525, 0.1022, 2.8457, 0.2514
(18, 6): 0.3525, 0.1022, 2.8457, 0.2514
(18, 7): 0.4693, 0.1001, 2.2684, 0.3264
(18, 8): 0.4589, 0.1005, 2.2726, 0.3254
(18, 9): 0.4589, 0.1005, 2.2726, 0.3254
(18, 10): 0.5485, 0.1012, 1.8004, 0.2855
(18, 11): 0.5045, 0.1009, 1.9282, 0.3033
(18, 12): 0.5045, 0.1009, 1.9282, 0.3033
(18, 13): 0.4887, 0.1013, 1.9754, 0.2812
(18, 14): 0.4719, 0.1004, 1.9677, 0.3348
(18, 15): 0.4719, 0.1004, 1.9677, 0.3348
(18, 16): 0.4695, 0.1016, 2.0771, 0.2841
(18, 17): 0.5986, 0.1014, 1.7695, 0.3413
(18, 18): 0.5585, 0.1010, 1.8329, 0.3264
(18, 19): 0.5585, 0.1010, 1.8329, 0.3264
(18, 20): 0.5303, 0.1003, 1.9923, 0.3076
(18, 21): 0.5336, 0.1003, 1.8910, 0.2703
(18, 22): 0.5336, 0.1003, 1.8910, 0.2703
(18, 23): 0.5046, 0.1014, 2.0413, 0.2533
(18, 24): 0.4744, 0.1006, 2.1646, 0.3069
(18, 25): 0.4744, 0.1006, 2.1646, 0.3069
(18, 26): 0.5268, 0.1003, 1.9920, 0.3185
(18, 27): 0.5414, 0.1004, 1.8343, 0.3116
(18, 28): 0.5414, 0.1004, 1.8343, 0.3116
(18, 29): 0.4733, 0.1004, 2.0452, 0.3199
(18, 30): 0.4827, 0.1004, 1.9909, 0.2576
(18, 31): 0.4769, 0.1014, 2.0535, 0.3935
(18, 32): 0.4769, 0.1014, 2.0535, 0.3935
(18, 33): 0.4289, 0.1002, 2.3619, 0.3315
(18, 34): 0.4303, 0.1033, 2.2577, 0.3199
(18, 35): 0.4303, 0.1033, 2.2577, 0.3199
(18, 36): 0.3765, 0.1011, 2.3950, 0.3380
(18, 37): 0.4280, 0.1007, 2.0803, 0.3572
(19, 1): 0.4803, 0.1010, 1.5591, 0.3087
(19, 2): 0.4803, 0.1010, 1.5591, 0.3087
(19, 3): 0.2887, 0.1003, 3.2458, 0.2152
(19, 4): 0.3823, 0.1009, 2.7839, 0.2366
(19, 5): 0.5001, 0.1000, 2.1868, 0.3254
(19, 6): 0.5001, 0.1000, 2.1868, 0.3254
(19, 7): 0.5146, 0.1008, 1.9594, 0.2768
(19, 8): 0.5266, 0.1012, 1.9489, 0.3007
(19, 9): 0.5266, 0.1012, 1.9489, 0.3007
(19, 10): 0.4639, 0.1002, 2.1160, 0.3268
(19, 11): 0.4932, 0.1002, 1.8636, 0.2931
(19, 12): 0.4932, 0.1002, 1.8636, 0.2931
(19, 13): 0.5241, 0.1001, 1.7603, 0.3072
(19, 14): 0.6780, 0.1007, 1.4257, 0.2793
(19, 15): 0.6780, 0.1007, 1.4257, 0.2793
(19, 16): 0.6900, 0.1007, 1.5208, 0.2743
(19, 17): 0.6726, 0.1010, 1.6125, 0.2884
(19, 18): 0.6596, 0.1006, 1.6361, 0.2536
(19, 19): 0.6596, 0.1006, 1.6361, 0.2536
(19, 20): 0.5191, 0.1003, 1.8710, 0.2714
(19, 21): 0.6032, 0.1003, 1.7998, 0.3036
(19, 22): 0.6032, 0.1003, 1.7998, 0.3036
(19, 23): 0.4414, 0.1012, 2.2978, 0.2565
(19, 24): 0.4641, 0.1002, 2.2093, 0.2514
(19, 25): 0.4641, 0.1002, 2.2093, 0.2514
(19, 26): 0.5056, 0.1005, 2.1028, 0.2851
(19, 27): 0.5402, 0.1012, 1.8338, 0.3420
(19, 28): 0.5402, 0.1012, 1.8338, 0.3420
(19, 29): 0.4880, 0.1001, 1.9893, 0.3159
(19, 30): 0.4559, 0.1002, 2.1577, 0.3254
(19, 31): 0.3698, 0.1016, 2.4410, 0.3120
(19, 32): 0.3698, 0.1016, 2.4410, 0.3120
(19, 33): 0.5097, 0.1009, 1.8984, 0.3178
(19, 34): 0.4448, 0.1005, 2.1415, 0.3467
(19, 35): 0.4448, 0.1005, 2.1415, 0.3467
(19, 36): 0.4403, 0.1012, 2.0627, 0.3562
(19, 37): 0.3867, 0.1003, 2.1573, 0.3587
(20, 1): 0.5742, 0.1004, 1.3969, 0.2960
(20, 2): 0.5742, 0.1004, 1.3969, 0.2960
(20, 3): 0.6231, 0.1002, 1.8432, 0.3243
(20, 4): 0.5518, 0.1013, 2.0717, 0.3333
(20, 5): 0.5289, 0.1005, 1.9912, 0.2717
(20, 6): 0.5289, 0.1005, 1.9912, 0.2717
(20, 7): 0.5292, 0.1015, 2.0026, 0.3268
(20, 8): 0.5655, 0.1017, 1.7790, 0.2928
(20, 9): 0.5655, 0.1017, 1.7790, 0.2928
(20, 10): 0.5187, 0.1002, 1.8099, 0.2917
(20, 11): 0.5674, 0.1000, 1.7960, 0.3029
(20, 12): 0.5674, 0.1000, 1.7960, 0.3029
(20, 13): 0.5555, 0.1001, 1.8077, 0.3072
(20, 14): 0.6327, 0.1001, 1.6782, 0.3130
(20, 15): 0.6327, 0.1001, 1.6782, 0.3130
(20, 16): 0.5947, 0.1007, 1.7736, 0.3341
(20, 17): 0.5460, 0.1000, 1.8973, 0.2580
(20, 18): 0.6081, 0.1022, 1.6247, 0.2460
(20, 19): 0.6081, 0.1022, 1.6247, 0.2460
(20, 20): 0.5625, 0.1007, 1.7889, 0.2772
(20, 21): 0.5438, 0.1004, 1.8969, 0.2420
(20, 22): 0.5438, 0.1004, 1.8969, 0.2420
(20, 23): 0.5043, 0.1004, 2.0763, 0.2656
(20, 24): 0.5230, 0.1000, 1.9637, 0.2877
(20, 25): 0.5230, 0.1000, 1.9637, 0.2877
(20, 26): 0.5022, 0.1016, 2.0897, 0.2909
(20, 27): 0.4246, 0.1003, 2.4179, 0.2424
(20, 28): 0.4246, 0.1003, 2.4179, 0.2424
(20, 29): 0.5791, 0.1006, 1.8030, 0.3145
(20, 30): 0.3444, 0.1001, 2.7407, 0.3315
(20, 31): 0.5999, 0.1002, 1.6674, 0.3076
(20, 32): 0.5999, 0.1002, 1.6674, 0.3076
(20, 33): 0.5241, 0.1004, 1.8994, 0.3348
(20, 34): 0.5714, 0.1004, 1.6353, 0.3239
(20, 35): 0.5714, 0.1004, 1.6353, 0.3239
(20, 36): 0.4307, 0.1009, 1.9922, 0.3355
(20, 37): 0.5153, 0.1004, 1.7162, 0.3649
(21, 1): 0.5398, 0.1008, 1.5003, 0.2833
(21, 2): 0.6099, 0.1030, 1.6289, 0.3279
(21, 3): 0.6099, 0.1030, 1.6289, 0.3279
(21, 4): 0.5578, 0.1001, 1.9766, 0.3018
(21, 5): 0.6125, 0.1006, 1.7081, 0.3341
(21, 6): 0.6125, 0.1006, 1.7081, 0.3341
(21, 7): 0.6553, 0.1007, 1.5992, 0.3261
(21, 8): 0.6287, 0.1025, 1.5666, 0.3083
(21, 9): 0.6287, 0.1025, 1.5666, 0.3083
(21, 10): 0.6403, 0.1001, 1.5002, 0.3022
(21, 11): 0.6018, 0.1002, 1.6287, 0.3174
(21, 12): 0.6018, 0.1002, 1.6287, 0.3174
(21, 13): 0.5920, 0.1000, 1.6419, 0.3293
(21, 14): 0.6180, 0.1011, 1.5589, 0.3152
(21, 15): 0.6180, 0.1011, 1.5589, 0.3152
(21, 16): 0.5642, 0.1001, 1.7804, 0.3120
(21, 17): 0.4837, 0.1000, 1.9753, 0.3322
(21, 18): 0.5277, 0.1004, 1.9006, 0.3431
(21, 19): 0.5277, 0.1004, 1.9006, 0.3431
(21, 20): 0.5927, 0.1001, 1.7823, 0.3257
(21, 21): 0.5516, 0.1001, 1.8866, 0.2417
(21, 22): 0.5516, 0.1001, 1.8866, 0.2417
(21, 23): 0.5229, 0.1002, 1.8476, 0.3293
(21, 24): 0.4976, 0.1005, 2.0021, 0.2667
(21, 25): 0.4976, 0.1005, 2.0021, 0.2667
(21, 26): 0.4561, 0.1018, 2.2688, 0.2688
(21, 27): 0.4987, 0.1013, 2.1685, 0.2746
(21, 28): 0.4987, 0.1013, 2.1685, 0.2746
(21, 29): 0.5100, 0.1007, 2.1194, 0.2873
(21, 30): 0.4345, 0.1003, 2.3176, 0.2971
(21, 31): 0.5874, 0.1003, 1.6918, 0.3388
(21, 32): 0.5874, 0.1003, 1.6918, 0.3388
(21, 33): 0.5682, 0.1017, 1.6733, 0.2692
(21, 34): 0.5786, 0.1013, 1.5797, 0.3399
(21, 35): 0.5786, 0.1013, 1.5797, 0.3399
(21, 36): 0.5015, 0.1005, 1.7255, 0.3402
(21, 37): 0.3940, 0.1006, 2.0551, 0.3855
(22, 1): 0.4123, 0.1008, 1.8028, 0.3051
(22, 2): 0.4040, 0.1005, 1.8820, 0.3399
(22, 3): 0.4040, 0.1005, 1.8820, 0.3399
(22, 4): 0.6443, 0.1005, 1.6518, 0.3174
(22, 5): 0.6470, 0.1010, 1.5677, 0.3080
(22, 6): 0.6470, 0.1010, 1.5677, 0.3080
(22, 7): 0.6525, 0.1007, 1.5478, 0.3051
(22, 8): 0.6263, 0.1001, 1.5842, 0.3094
(22, 9): 0.6263, 0.1001, 1.5842, 0.3094
(22, 10): 0.6362, 0.1004, 1.5480, 0.3043
(22, 11): 0.6006, 0.1008, 1.6220, 0.3062
(22, 12): 0.6006, 0.1008, 1.6220, 0.3062
(22, 13): 0.6178, 0.1006, 1.5669, 0.2931
(22, 14): 0.5624, 0.1012, 1.6612, 0.3029
(22, 15): 0.3841, 0.1011, 2.1203, 0.3246
(22, 16): 0.3841, 0.1011, 2.1203, 0.3246
(22, 17): 0.3713, 0.1000, 2.2613, 0.3098
(22, 18): 0.5733, 0.1003, 1.6769, 0.2793
(22, 19): 0.5733, 0.1003, 1.6769, 0.2793
(22, 20): 0.6811, 0.1003, 1.4934, 0.2862
(22, 21): 0.8094, 0.1000, 1.2087, 0.2783
(22, 22): 0.8094, 0.1000, 1.2087, 0.2783
(22, 23): 0.5678, 0.1000, 1.7420, 0.2554
(22, 24): 0.5783, 0.1002, 1.7937, 0.2707
(22, 25): 0.5783, 0.1002, 1.7937, 0.2707
(22, 26): 0.5300, 0.1001, 2.0146, 0.2674
(22, 27): 0.4488, 0.1002, 2.3257, 0.3091
(22, 28): 0.4488, 0.1002, 2.3257, 0.3091
(22, 29): 0.5574, 0.1002, 1.9067, 0.2833
(22, 30): 0.4969, 0.1023, 2.1045, 0.3156
(22, 31): 0.4974, 0.1010, 2.1128, 0.2928
(22, 32): 0.4974, 0.1010, 2.1128, 0.2928
(22, 33): 0.4794, 0.1011, 2.1200, 0.3018
(22, 34): 0.4550, 0.1010, 1.9941, 0.3236
(22, 35): 0.4550, 0.1010, 1.9941, 0.3236
(22, 36): 0.4691, 0.1012, 1.8009, 0.3326
(22, 37): 0.2279, 0.1003, 2.7051, 0.2489
(23, 1): 0.3654, 0.1023, 1.9146, 0.2808
(23, 2): 0.3171, 0.1000, 1.9975, 0.2551
(23, 3): 0.3171, 0.1000, 1.9975, 0.2551
(23, 4): 0.6379, 0.1001, 1.6110, 0.3192
(23, 5): 0.6573, 0.1008, 1.5532, 0.2982
(23, 6): 0.6573, 0.1008, 1.5532, 0.2982
(23, 7): 0.6608, 0.1006, 1.5581, 0.3058
(23, 8): 0.6484, 0.1009, 1.5691, 0.3094
(23, 9): 0.6484, 0.1009, 1.5691, 0.3094
(23, 10): 0.6259, 0.1005, 1.5964, 0.3007
(23, 11): 0.3530, 0.1049, 2.2629, 0.2529
(23, 12): 0.3530, 0.1049, 2.2629, 0.2529
(23, 13): 0.3635, 0.1005, 2.1914, 0.3145
(23, 14): 0.3405, 0.1013, 2.2146, 0.3192
(23, 15): 0.3519, 0.1014, 2.1056, 0.2678
(23, 16): 0.3519, 0.1014, 2.1056, 0.2678
(23, 17): 0.4670, 0.1004, 1.9453, 0.2714
(23, 18): 0.6034, 0.1001, 1.6458, 0.2855
(23, 19): 0.6034, 0.1001, 1.6458, 0.2855
(23, 20): 0.6178, 0.1000, 1.6235, 0.2833
(23, 21): 0.7967, 0.1005, 1.2124, 0.3058
(23, 22): 0.7967, 0.1005, 1.2124, 0.3058
(23, 23): 0.4879, 0.1006, 2.0272, 0.3833
(23, 24): 0.5661, 0.1006, 1.8653, 0.3083
(23, 25): 0.5661, 0.1006, 1.8653, 0.3083
(23, 26): 0.3765, 0.1001, 2.6192, 0.3257
(23, 27): 0.4235, 0.1005, 2.3327, 0.2511
(23, 28): 0.4235, 0.1005, 2.3327, 0.2511
(23, 29): 0.5095, 0.1000, 2.1922, 0.2822
(23, 30): 0.4226, 0.1005, 2.4467, 0.2779
(23, 31): 0.3783, 0.1003, 2.6344, 0.2514
(23, 32): 0.3783, 0.1003, 2.6344, 0.2514
(23, 33): 0.5056, 0.1008, 1.9352, 0.3072
(23, 34): 0.3810, 0.1004, 2.1953, 0.2808
(23, 35): 0.3810, 0.1004, 2.1953, 0.2808
(23, 36): 0.3882, 0.1001, 2.1080, 0.2928
(23, 37): 0.3165, 0.1004, 2.3667, 0.2576
(24, 1): 0.3787, 0.1011, 1.8631, 0.2511
(24, 2): 0.3537, 0.1019, 1.8869, 0.2826
(24, 3): 0.3537, 0.1019, 1.8869, 0.2826
(24, 4): 0.6797, 0.1003, 1.4948, 0.2989
(24, 5): 0.5390, 0.1006, 1.5857, 0.3217
(24, 6): 0.5390, 0.1006, 1.5857, 0.3217
(24, 7): 0.4930, 0.1004, 1.7278, 0.3413
(24, 8): 0.4057, 0.1011, 1.9248, 0.3457
(24, 9): 0.4057, 0.1011, 1.9248, 0.3457
(24, 10): 0.3921, 0.1003, 1.9574, 0.2728
(24, 11): 0.4047, 0.1004, 1.9274, 0.3297
(24, 12): 0.4047, 0.1004, 1.9274, 0.3297
(24, 13): 0.3635, 0.1005, 2.1914, 0.3145
(24, 14): 0.3405, 0.1013, 2.2146, 0.3192
(24, 15): 0.3519, 0.1014, 2.1056, 0.2678
(24, 16): 0.3519, 0.1014, 2.1056, 0.2678
(24, 17): 0.4670, 0.1004, 1.9453, 0.2714
(24, 18): 0.6034, 0.1001, 1.6458, 0.2855
(24, 19): 0.6034, 0.1001, 1.6458, 0.2855
(24, 20): 0.6178, 0.1000, 1.6235, 0.2833
(24, 21): 0.7967, 0.1005, 1.2124, 0.3058
(24, 22): 0.7967, 0.1005, 1.2124, 0.3058
(24, 23): 0.4879, 0.1006, 2.0272, 0.3833
(24, 24): 0.5661, 0.1006, 1.8653, 0.3083
(24, 25): 0.5661, 0.1006, 1.8653, 0.3083
(24, 26): 0.3765, 0.1001, 2.6192, 0.3257
(24, 27): 0.4235, 0.1005, 2.3327, 0.2511
(24, 28): 0.4235, 0.1005, 2.3327, 0.2511
(24, 29): 0.5095, 0.1000, 2.1922, 0.2822
(24, 30): 0.4226, 0.1005, 2.4467, 0.2779
(24, 31): 0.3429, 0.1002, 2.8049, 0.2630
(24, 32): 0.4761, 0.1004, 2.1698, 0.3040
(24, 33): 0.3500, 0.1006, 2.5360, 0.2862
(24, 34): 0.3992, 0.1001, 2.1019, 0.3007
(24, 35): 0.3992, 0.1001, 2.1019, 0.3007
(24, 36): 0.2932, 0.1004, 2.5068, 0.1804
(24, 37): 0.3555, 0.1002, 2.2797, 0.3076
(25, 1): 0.3701, 0.1001, 1.8640, 0.2659
(25, 2): 0.3525, 0.1015, 1.9013, 0.2641
(25, 3): 0.3525, 0.1015, 1.9013, 0.2641
(25, 4): 0.4638, 0.1009, 1.8694, 0.2754
(25, 5): 0.4852, 0.1011, 1.7913, 0.3127
(25, 6): 0.4852, 0.1011, 1.7913, 0.3127
(25, 7): 0.4930, 0.1004, 1.7278, 0.3413
(25, 8): 0.4057, 0.1011, 1.9248, 0.3457
(25, 9): 0.4057, 0.1011, 1.9248, 0.3457
(25, 10): 0.3921, 0.1003, 1.9574, 0.2728
(25, 11): 0.4047, 0.1004, 1.9274, 0.3297
(25, 12): 0.4047, 0.1004, 1.9274, 0.3297
(25, 13): 0.4408, 0.1001, 1.8136, 0.2870
(25, 14): 0.4038, 0.1001, 1.8854, 0.3043
(25, 15): 0.3990, 0.1003, 1.8608, 0.2866
(25, 16): 0.3990, 0.1003, 1.8608, 0.2866
(25, 17): 0.4612, 0.1011, 1.9145, 0.3457
(25, 18): 0.6211, 0.1004, 1.5895, 0.3391
(25, 19): 0.6211, 0.1004, 1.5895, 0.3391
(25, 20): 0.4294, 0.1000, 2.0963, 0.3330
(25, 21): 0.4318, 0.1006, 2.0791, 0.3239
(25, 22): 0.4318, 0.1006, 2.0791, 0.3239
(25, 23): 0.4841, 0.1019, 1.9779, 0.3514
(25, 24): 0.6257, 0.1000, 1.6422, 0.3692
(25, 25): 0.6257, 0.1000, 1.6422, 0.3692
(25, 26): 0.4204, 0.1000, 2.3891, 0.2475
(25, 27): 0.4724, 0.1010, 2.0670, 0.2982
(25, 28): 0.4724, 0.1010, 2.0670, 0.2982
(25, 29): 0.4775, 0.1004, 2.1272, 0.2678
(25, 30): 0.3429, 0.1002, 2.8049, 0.2630
(25, 31): 0.3429, 0.1002, 2.8049, 0.2630
(25, 32): 0.4761, 0.1004, 2.1698, 0.3040
(25, 33): 0.3500, 0.1006, 2.5360, 0.2862
(25, 34): 0.3992, 0.1001, 2.1019, 0.3007
(25, 35): 0.3992, 0.1001, 2.1019, 0.3007
(25, 36): 0.2932, 0.1004, 2.5068, 0.1804
(25, 37): 0.4661, 0.1005, 2.0062, 0.2504
(26, 1): 0.3678, 0.1012, 1.8439, 0.2967
(26, 2): 0.3525, 0.1015, 1.9013, 0.2641
(26, 3): 0.3525, 0.1015, 1.9013, 0.2641
(26, 4): 0.4638, 0.1009, 1.8694, 0.2754
(26, 5): 0.4852, 0.1011, 1.7913, 0.3127
(26, 6): 0.4852, 0.1011, 1.7913, 0.3127
(26, 7): 0.4669, 0.1011, 1.8530, 0.2634
(26, 8): 0.4186, 0.1014, 1.9930, 0.2612
(26, 9): 0.4186, 0.1014, 1.9930, 0.2612
(26, 10): 0.4081, 0.1008, 2.0648, 0.2638
(26, 11): 0.4265, 0.1003, 2.0117, 0.2659
(26, 12): 0.4265, 0.1003, 2.0117, 0.2659
(26, 13): 0.4430, 0.1006, 1.9025, 0.2598
(26, 14): 0.3797, 0.1023, 2.0693, 0.2670
(26, 15): 0.3938, 0.1008, 1.9841, 0.3105
(26, 16): 0.3938, 0.1008, 1.9841, 0.3105
(26, 17): 0.4867, 0.1000, 1.6738, 0.2949
(26, 18): 0.4553, 0.1001, 1.7238, 0.2978
(26, 19): 0.4553, 0.1001, 1.7238, 0.2978
(26, 20): 0.6540, 0.1005, 1.4368, 0.3707
(26, 21): 0.6072, 0.1002, 1.5352, 0.3341
(26, 22): 0.6072, 0.1002, 1.5352, 0.3341
(26, 23): 0.5166, 0.1003, 1.8994, 0.3250
(26, 24): 0.5145, 0.1019, 1.8964, 0.3880
(26, 25): 0.5145, 0.1019, 1.8964, 0.3880
(26, 26): 0.5052, 0.1004, 2.0784, 0.3554
(26, 27): 0.5098, 0.1010, 1.9517, 0.3098
(26, 28): 0.5098, 0.1010, 1.9517, 0.3098
(26, 29): 0.4048, 0.1005, 2.3688, 0.3199
(26, 30): 0.4162, 0.1001, 2.3417, 0.2830
(26, 31): 0.4162, 0.1001, 2.3417, 0.2830
(26, 32): 0.4457, 0.1011, 2.2350, 0.2583
(26, 33): 0.3689, 0.1009, 2.2828, 0.3025
(26, 34): 0.2895, 0.1003, 2.5748, 0.3043
(26, 35): 0.2895, 0.1003, 2.5748, 0.3043
(26, 36): 0.4827, 0.1001, 1.7813, 0.2772
(26, 37): 0.4661, 0.1005, 2.0062, 0.2504
(27, 1): 0.3678, 0.1012, 1.8439, 0.2967
(27, 2): 0.3857, 0.1007, 1.8786, 0.3069
(27, 3): 0.3857, 0.1007, 1.8786, 0.3069
(27, 4): 0.4744, 0.1003, 1.8104, 0.2877
(27, 5): 0.4827, 0.1002, 1.7881, 0.2565
(27, 6): 0.4827, 0.1002, 1.7881, 0.2565
(27, 7): 0.4841, 0.1004, 1.7850, 0.2558
(27, 8): 0.4411, 0.1005, 1.9094, 0.2649
(27, 9): 0.4411, 0.1005, 1.9094, 0.2649
(27, 10): 0.4437, 0.1012, 1.9275, 0.3322
(27, 11): 0.4385, 0.1006, 1.9598, 0.2565
(27, 12): 0.4602, 0.1013, 1.8596, 0.3304
(27, 13): 0.4602, 0.1013, 1.8596, 0.3304
(27, 14): 0.5248, 0.1004, 1.6710, 0.3163
(27, 15): 0.6497, 0.1001, 1.3716, 0.2808
(27, 16): 0.6497, 0.1001, 1.3716, 0.2808
(27, 17): 0.6528, 0.1000, 1.3448, 0.2797
(27, 18): 0.6187, 0.1001, 1.3872, 0.2808
(27, 19): 0.6187, 0.1001, 1.3872, 0.2808
(27, 20): 0.5872, 0.1002, 1.6411, 0.2775
(27, 21): 0.5912, 0.1011, 1.5933, 0.3225
(27, 22): 0.5912, 0.1011, 1.5933, 0.3225
(27, 23): 0.5129, 0.1014, 1.9322, 0.3344
(27, 24): 0.4756, 0.1004, 1.9544, 0.3058
(27, 25): 0.4756, 0.1004, 1.9544, 0.3058
(27, 26): 0.3869, 0.1000, 2.3635, 0.3152
(27, 27): 0.4211, 0.1002, 2.1973, 0.3196
(27, 28): 0.4211, 0.1002, 2.1973, 0.3196
(27, 29): 0.3879, 0.1033, 2.3826, 0.3366
(27, 30): 0.4215, 0.1001, 2.2347, 0.3120
(27, 31): 0.4215, 0.1001, 2.2347, 0.3120
(27, 32): 0.3674, 0.1017, 2.6376, 0.2895
(27, 33): 0.4541, 0.1008, 2.1224, 0.2685
(27, 34): 0.4541, 0.1008, 2.1224, 0.2685
(27, 35): 0.4433, 0.1007, 2.0797, 0.2826
(27, 36): 0.4376, 0.1003, 2.0777, 0.2627
(27, 37): 0.3798, 0.1003, 2.2634, 0.3529
(28, 1): 0.3356, 0.1002, 1.8871, 0.2996
(28, 2): 0.3842, 0.1010, 1.8350, 0.3105
(28, 3): 0.3842, 0.1010, 1.8350, 0.3105
(28, 4): 0.4607, 0.1009, 1.8260, 0.2489
(28, 5): 0.4851, 0.1012, 1.7636, 0.2569
(28, 6): 0.4851, 0.1012, 1.7636, 0.2569
(28, 7): 0.4590, 0.1006, 1.8303, 0.2565
(28, 8): 0.4184, 0.1007, 1.9700, 0.2601
(28, 9): 0.4184, 0.1007, 1.9700, 0.2601
(28, 10): 0.3990, 0.1009, 2.0510, 0.2681
(28, 11): 0.5227, 0.1008, 1.7154, 0.3116
(28, 12): 0.5633, 0.1020, 1.6174, 0.3062
(28, 13): 0.5633, 0.1020, 1.6174, 0.3062
(28, 14): 0.7309, 0.1005, 1.2452, 0.2768
(28, 15): 0.6556, 0.1011, 1.3764, 0.2841
(28, 16): 0.6556, 0.1011, 1.3764, 0.2841
(28, 17): 0.6546, 0.1008, 1.3535, 0.2790
(28, 18): 0.6817, 0.1003, 1.2921, 0.3348
(28, 19): 0.6817, 0.1003, 1.2921, 0.3348
(28, 20): 0.6706, 0.1004, 1.4310, 0.3449
(28, 21): 0.7347, 0.1003, 1.2475, 0.3029
(28, 22): 0.7347, 0.1003, 1.2475, 0.3029
(28, 23): 0.6769, 0.1010, 1.3544, 0.2906
(28, 24): 0.5191, 0.1006, 1.7590, 0.3011
(28, 25): 0.5191, 0.1006, 1.7590, 0.3011
(28, 26): 0.5040, 0.1007, 1.8709, 0.3348
(28, 27): 0.4242, 0.1001, 2.0989, 0.3293
(28, 28): 0.4242, 0.1001, 2.0989, 0.3293
(28, 29): 0.3783, 0.1003, 2.2399, 0.3348
(28, 30): 0.4000, 0.1008, 2.3015, 0.3196
(28, 31): 0.4000, 0.1008, 2.3015, 0.3196
(28, 32): 0.3152, 0.1004, 2.6151, 0.2217
(28, 33): 0.4543, 0.1000, 2.0527, 0.2533
(28, 34): 0.4543, 0.1000, 2.0527, 0.2533
(28, 35): 0.3909, 0.1002, 2.2739, 0.2362
(28, 36): 0.5036, 0.1003, 1.8061, 0.2902
(28, 37): 0.4899, 0.1003, 1.8189, 0.3094
(29, 1): 0.3134, 0.1003, 1.9342, 0.2866
(29, 2): 0.4039, 0.1014, 1.8182, 0.3072
(29, 3): 0.4039, 0.1014, 1.8182, 0.3072
(29, 4): 0.4561, 0.1003, 1.8365, 0.2565
(29, 5): 0.4803, 0.1000, 1.7769, 0.3207
(29, 6): 0.4803, 0.1000, 1.7769, 0.3207
(29, 7): 0.4668, 0.1009, 1.8153, 0.2504
(29, 8): 0.4949, 0.1014, 1.7627, 0.3101
(29, 9): 0.5507, 0.1003, 1.6522, 0.3040
(29, 10): 0.5507, 0.1003, 1.6522, 0.3040
(29, 11): 0.7158, 0.1002, 1.2899, 0.2754
(29, 12): 0.7174, 0.1004, 1.2776, 0.2656
(29, 13): 0.7174, 0.1004, 1.2776, 0.2656
(29, 14): 0.6855, 0.1012, 1.3231, 0.2830
(29, 15): 0.6998, 0.1012, 1.2860, 0.2801
(29, 16): 0.6998, 0.1012, 1.2860, 0.2801
(29, 17): 0.6957, 0.1016, 1.2823, 0.2783
(29, 18): 0.6811, 0.1011, 1.3434, 0.3312
(29, 19): 0.6811, 0.1011, 1.3434, 0.3312
(29, 20): 0.7137, 0.1003, 1.3011, 0.3116
(29, 21): 0.7634, 0.1001, 1.2132, 0.2946
(29, 22): 0.7634, 0.1001, 1.2132, 0.2946
(29, 23): 0.7271, 0.1008, 1.3024, 0.3065
(29, 24): 0.6670, 0.1008, 1.4078, 0.2707
(29, 25): 0.6670, 0.1008, 1.4078, 0.2707
(29, 26): 0.5424, 0.1008, 1.6774, 0.3098
(29, 27): 0.4679, 0.1004, 1.9024, 0.3283
(29, 28): 0.4679, 0.1004, 1.9024, 0.3283
(29, 29): 0.4145, 0.1005, 2.0312, 0.2920
(29, 30): 0.3459, 0.1009, 2.3771, 0.2790
(29, 31): 0.3459, 0.1009, 2.3771, 0.2790
(29, 32): 0.4877, 0.1007, 1.8325, 0.3261
(29, 33): 0.3041, 0.1000, 2.5273, 0.3402
(29, 34): 0.3041, 0.1000, 2.5273, 0.3402
(29, 35): 0.3886, 0.1008, 2.2205, 0.2746
(29, 36): 0.5680, 0.1008, 1.7012, 0.3656
(29, 37): 0.5680, 0.1008, 1.7012, 0.3656
(30, 1): 0.3285, 0.1019, 1.8714, 0.2851
(30, 2): 0.4380, 0.1001, 1.9247, 0.3174
(30, 3): 0.4380, 0.1001, 1.9247, 0.3174
(30, 4): 0.4356, 0.1006, 1.8948, 0.2848
(30, 5): 0.4482, 0.1006, 1.8360, 0.2768
(30, 6): 0.5794, 0.1016, 1.5493, 0.2964
(30, 7): 0.5794, 0.1016, 1.5493, 0.2964
(30, 8): 0.6571, 0.1010, 1.3862, 0.2764
(30, 9): 0.6993, 0.1000, 1.3187, 0.2699
(30, 10): 0.6993, 0.1000, 1.3187, 0.2699
(30, 11): 0.7142, 0.1006, 1.2876, 0.2819
(30, 12): 0.6996, 0.1003, 1.3031, 0.2710
(30, 13): 0.6996, 0.1003, 1.3031, 0.2710
(30, 14): 0.7178, 0.1004, 1.2587, 0.2750
(30, 15): 0.6672, 0.1012, 1.3277, 0.2819
(30, 16): 0.6672, 0.1012, 1.3277, 0.2819
(30, 17): 0.6422, 0.1004, 1.3900, 0.3431
(30, 18): 0.7138, 0.1002, 1.2914, 0.3239
(30, 19): 0.7138, 0.1002, 1.2914, 0.3239
(30, 20): 0.7008, 0.1004, 1.3626, 0.3304
(30, 21): 0.7455, 0.1011, 1.2653, 0.3341
(30, 22): 0.7455, 0.1011, 1.2653, 0.3341
(30, 23): 0.6380, 0.1007, 1.4698, 0.2779
(30, 24): 0.6557, 0.1001, 1.4231, 0.3051
(30, 25): 0.6557, 0.1001, 1.4231, 0.3051
(30, 26): 0.5689, 0.1001, 1.6612, 0.2866
(30, 27): 0.5253, 0.1001, 1.7753, 0.3123
(30, 28): 0.5253, 0.1001, 1.7753, 0.3123
(30, 29): 0.4805, 0.1006, 1.8537, 0.3127
(30, 30): 0.5343, 0.1002, 1.7964, 0.2761
(30, 31): 0.5343, 0.1002, 1.7964, 0.2761
(30, 32): 0.5512, 0.1030, 1.7633, 0.2761
(30, 33): 0.3396, 0.1004, 2.3186, 0.2844
(30, 34): 0.3396, 0.1004, 2.3186, 0.2844
(30, 35): 0.4180, 0.1004, 2.0988, 0.2645
(30, 36): 0.4269, 0.1000, 2.0213, 0.3293
(30, 37): 0.4269, 0.1000, 2.0213, 0.3293
(31, 1): 0.3285, 0.1019, 1.8714, 0.2851
(31, 2): 0.4380, 0.1001, 1.9247, 0.3174
(31, 3): 0.4356, 0.1006, 1.8948, 0.2848
(31, 4): 0.4356, 0.1006, 1.8948, 0.2848
(31, 5): 0.4482, 0.1006, 1.8360, 0.2768
(31, 6): 0.5794, 0.1016, 1.5493, 0.2964
(31, 7): 0.5794, 0.1016, 1.5493, 0.2964
(31, 8): 0.6571, 0.1010, 1.3862, 0.2764
(31, 9): 0.6993, 0.1000, 1.3187, 0.2699
(31, 10): 0.6993, 0.1000, 1.3187, 0.2699
(31, 11): 0.7142, 0.1006, 1.2876, 0.2819
(31, 12): 0.6996, 0.1003, 1.3031, 0.2710
(31, 13): 0.6996, 0.1003, 1.3031, 0.2710
(31, 14): 0.7178, 0.1004, 1.2587, 0.2750
(31, 15): 0.6672, 0.1012, 1.3277, 0.2819
(31, 16): 0.6672, 0.1012, 1.3277, 0.2819
(31, 17): 0.6422, 0.1004, 1.3900, 0.3431
(31, 18): 0.7138, 0.1002, 1.2914, 0.3239
(31, 19): 0.7138, 0.1002, 1.2914, 0.3239
(31, 20): 0.7008, 0.1004, 1.3626, 0.3304
(31, 21): 0.7455, 0.1011, 1.2653, 0.3341
(31, 22): 0.7455, 0.1011, 1.2653, 0.3341
(31, 23): 0.6380, 0.1007, 1.4698, 0.2779
(31, 24): 0.6557, 0.1001, 1.4231, 0.3051
(31, 25): 0.6557, 0.1001, 1.4231, 0.3051
(31, 26): 0.5689, 0.1001, 1.6612, 0.2866
(31, 27): 0.5253, 0.1001, 1.7753, 0.3123
(31, 28): 0.5253, 0.1001, 1.7753, 0.3123
(31, 29): 0.4805, 0.1006, 1.8537, 0.3127
(31, 30): 0.5343, 0.1002, 1.7964, 0.2761
(31, 31): 0.5343, 0.1002, 1.7964, 0.2761
(31, 32): 0.5512, 0.1030, 1.7633, 0.2761
(31, 33): 0.3396, 0.1004, 2.3186, 0.2844
(31, 34): 0.3396, 0.1004, 2.3186, 0.2844
(31, 35): 0.4180, 0.1004, 2.0988, 0.2645
(31, 36): 0.4269, 0.1000, 2.0213, 0.3293
(31, 37): 0.4269, 0.1000, 2.0213, 0.3293
(32, 1): 0.3285, 0.1019, 1.8714, 0.2851
(32, 2): 0.4380, 0.1001, 1.9247, 0.3174
(32, 3): 0.4356, 0.1006, 1.8948, 0.2848
(32, 4): 0.4356, 0.1006, 1.8948, 0.2848
(32, 5): 0.4482, 0.1006, 1.8360, 0.2768
(32, 6): 0.5794, 0.1016, 1.5493, 0.2964
(32, 7): 0.5794, 0.1016, 1.5493, 0.2964
(32, 8): 0.6571, 0.1010, 1.3862, 0.2764
(32, 9): 0.6993, 0.1000, 1.3187, 0.2699
(32, 10): 0.6993, 0.1000, 1.3187, 0.2699
(32, 11): 0.7142, 0.1006, 1.2876, 0.2819
(32, 12): 0.6996, 0.1003, 1.3031, 0.2710
(32, 13): 0.6996, 0.1003, 1.3031, 0.2710
(32, 14): 0.7178, 0.1004, 1.2587, 0.2750
(32, 15): 0.6672, 0.1012, 1.3277, 0.2819
(32, 16): 0.6672, 0.1012, 1.3277, 0.2819
(32, 17): 0.6422, 0.1004, 1.3900, 0.3431
(32, 18): 0.7138, 0.1002, 1.2914, 0.3239
(32, 19): 0.7138, 0.1002, 1.2914, 0.3239
(32, 20): 0.7008, 0.1004, 1.3626, 0.3304
(32, 21): 0.7455, 0.1011, 1.2653, 0.3341
(32, 22): 0.7455, 0.1011, 1.2653, 0.3341
(32, 23): 0.6380, 0.1007, 1.4698, 0.2779
(32, 24): 0.6557, 0.1001, 1.4231, 0.3051
(32, 25): 0.6557, 0.1001, 1.4231, 0.3051
(32, 26): 0.5689, 0.1001, 1.6612, 0.2866
(32, 27): 0.5253, 0.1001, 1.7753, 0.3123
(32, 28): 0.5253, 0.1001, 1.7753, 0.3123
(32, 29): 0.4805, 0.1006, 1.8537, 0.3127
(32, 30): 0.5343, 0.1002, 1.7964, 0.2761
(32, 31): 0.5343, 0.1002, 1.7964, 0.2761
(32, 32): 0.5512, 0.1030, 1.7633, 0.2761
(32, 33): 0.3396, 0.1004, 2.3186, 0.2844
(32, 34): 0.3396, 0.1004, 2.3186, 0.2844
(32, 35): 0.4180, 0.1004, 2.0988, 0.2645
(32, 36): 0.4269, 0.1000, 2.0213, 0.3293
(32, 37): 0.4269, 0.1000, 2.0213, 0.3293
