(1, 1): 0.1218, 11.0433, 5.1538
(1, 2): 0.1218, 11.0433, 5.1538
(1, 3): 0.0942, 11.0063, 4.4703
(1, 4): 0.0942, 11.0063, 4.4703
(1, 5): 0.1476, 11.0499, 3.6486
(1, 6): 0.2869, 11.1843, 3.0717
(1, 7): 0.1832, 11.0426, 3.1327
(1, 8): 0.1832, 11.0426, 3.1327
(1, 9): 0.1207, 11.0570, 3.2969
(1, 10): 0.0901, 11.0454, 3.6365
(1, 11): 0.0901, 11.0454, 3.6365
(1, 12): 0.1786, 11.0270, 3.0446
(1, 13): 0.1819, 11.0538, 3.0383
(1, 14): 0.2789, 11.1190, 3.1163
(1, 15): 0.2789, 11.1190, 3.1163
(1, 16): 0.2281, 11.1560, 2.9069
(1, 17): 0.2713, 11.0293, 2.3856
(1, 18): 0.2713, 11.0293, 2.3856
(1, 19): 0.1796, 11.0622, 3.0357
(1, 20): 0.0802, 11.0098, 4.3525
(1, 21): 0.1870, 11.0003, 3.0220
(1, 22): 0.1870, 11.0003, 3.0220
(1, 23): 0.0584, 11.0256, 4.5451
(1, 24): 0.1058, 11.0452, 3.9705
(1, 25): 0.1842, 11.0286, 4.0308
(1, 26): 0.1842, 11.0286, 4.0308
(1, 27): 0.1814, 11.0784, 4.6742
(1, 28): 0.1437, 11.0091, 5.0821
(1, 29): 0.1437, 11.0091, 5.0821
(1, 30): 0.2252, 11.0126, 4.3224
(1, 31): 0.1797, 11.2458, 4.5273
(1, 32): 0.2480, 11.0528, 2.8554
(1, 33): 0.2480, 11.0528, 2.8554
(1, 34): 0.1547, 11.0309, 3.1180
(1, 35): 0.2640, 11.0315, 3.7041
(1, 36): 0.2640, 11.0315, 3.7041
(1, 37): 0.1841, 11.0152, 4.1930
(2, 1): 0.1041, 11.0164, 4.5483
(2, 2): 0.1041, 11.0164, 4.5483
(2, 3): 0.1360, 11.0650, 4.8379
(2, 4): 0.1360, 11.0650, 4.8379
(2, 5): 0.0873, 11.0610, 4.8853
(2, 6): 0.1726, 11.0477, 4.5823
(2, 7): 0.2554, 11.0925, 3.5172
(2, 8): 0.2554, 11.0925, 3.5172
(2, 9): 0.1524, 11.0273, 4.1810
(2, 10): 0.1013, 11.0794, 4.0411
(2, 11): 0.1013, 11.0794, 4.0411
(2, 12): 0.2433, 11.0207, 2.8754
(2, 13): 0.1819, 11.0538, 3.0383
(2, 14): 0.2789, 11.1190, 3.1163
(2, 15): 0.2789, 11.1190, 3.1163
(2, 16): 0.2281, 11.1560, 2.9069
(2, 17): 0.2713, 11.0293, 2.3856
(2, 18): 0.2713, 11.0293, 2.3856
(2, 19): 0.1796, 11.0622, 3.0357
(2, 20): 0.0802, 11.0098, 4.3525
(2, 21): 0.1870, 11.0003, 3.0220
(2, 22): 0.1870, 11.0003, 3.0220
(2, 23): 0.0584, 11.0256, 4.5451
(2, 24): 0.1058, 11.0452, 3.9705
(2, 25): 0.1842, 11.0286, 4.0308
(2, 26): 0.1842, 11.0286, 4.0308
(2, 27): 0.1814, 11.0784, 4.6742
(2, 28): 0.1437, 11.0091, 5.0821
(2, 29): 0.1437, 11.0091, 5.0821
(2, 30): 0.3254, 11.1069, 3.3364
(2, 31): 0.1326, 11.0220, 3.9111
(2, 32): 0.1248, 11.1676, 3.9017
(2, 33): 0.1248, 11.1676, 3.9017
(2, 34): 0.1207, 11.1791, 3.2588
(2, 35): 0.1716, 11.1450, 3.6902
(2, 36): 0.1716, 11.1450, 3.6902
(2, 37): 0.1142, 11.0184, 5.5274
(3, 1): 0.1551, 11.0093, 4.3462
(3, 2): 0.1551, 11.0093, 4.3462
(3, 3): 0.0867, 11.0358, 4.5202
(3, 4): 0.0867, 11.0358, 4.5202
(3, 5): 0.1773, 11.0208, 4.4715
(3, 6): 0.2965, 11.0088, 4.1794
(3, 7): 0.2554, 11.0925, 3.5172
(3, 8): 0.2554, 11.0925, 3.5172
(3, 9): 0.1524, 11.0273, 4.1810
(3, 10): 0.1013, 11.0794, 4.0411
(3, 11): 0.1013, 11.0794, 4.0411
(3, 12): 0.2433, 11.0207, 2.8754
(3, 13): 0.1946, 11.0203, 3.5449
(3, 14): 0.2609, 11.0934, 3.0305
(3, 15): 0.2609, 11.0934, 3.0305
(3, 16): 0.2970, 11.0067, 2.4765
(3, 17): 0.2943, 11.0265, 2.5865
(3, 18): 0.2943, 11.0265, 2.5865
(3, 19): 0.1322, 11.1276, 2.9871
(3, 20): 0.0246, 11.0218, 4.0122
(3, 21): 0.0035, 11.0176, 4.4994
(3, 22): 0.0035, 11.0176, 4.4994
(3, 23): 0.1033, 11.0379, 3.2925
(3, 24): 0.1145, 11.0042, 3.7604
(3, 25): 0.1145, 11.0042, 3.7604
(3, 26): 0.1691, 11.0515, 3.7778
(3, 27): 0.1881, 11.0082, 3.8312
(3, 28): 0.1433, 11.0071, 4.6145
(3, 29): 0.1433, 11.0071, 4.6145
(3, 30): 0.3254, 11.1069, 3.3364
(3, 31): 0.1326, 11.0220, 3.9111
(3, 32): 0.1248, 11.1676, 3.9017
(3, 33): 0.1248, 11.1676, 3.9017
(3, 34): 0.1207, 11.1791, 3.2588
(3, 35): 0.1716, 11.1450, 3.6902
(3, 36): 0.1716, 11.1450, 3.6902
(3, 37): 0.0794, 11.0692, 6.0201
(4, 1): 0.1525, 11.0752, 4.3660
(4, 2): 0.1525, 11.0752, 4.3660
(4, 3): 0.0867, 11.0358, 4.5202
(4, 4): 0.0867, 11.0358, 4.5202
(4, 5): 0.1773, 11.0208, 4.4715
(4, 6): 0.2965, 11.0088, 4.1794
(4, 7): 0.1418, 11.0469, 4.9202
(4, 8): 0.1418, 11.0469, 4.9202
(4, 9): 0.0902, 11.0199, 4.6894
(4, 10): 0.0681, 11.1198, 4.1236
(4, 11): 0.0681, 11.1198, 4.1236
(4, 12): 0.0622, 11.0122, 3.7649
(4, 13): 0.1868, 11.0846, 3.3202
(4, 14): 0.1387, 11.0640, 4.1253
(4, 15): 0.1387, 11.0640, 4.1253
(4, 16): 0.2045, 11.0592, 3.0246
(4, 17): 0.0241, 11.1017, 4.1776
(4, 18): 0.0241, 11.1017, 4.1776
(4, 19): 0.0902, 11.0027, 3.1459
(4, 20): 0.0730, 11.0228, 3.4174
(4, 21): 0.0866, 11.0165, 4.4845
(4, 22): 0.0866, 11.0165, 4.4845
(4, 23): 0.2030, 11.0071, 3.5612
(4, 24): 0.2517, 11.0904, 3.4143
(4, 25): 0.2517, 11.0904, 3.4143
(4, 26): 0.2462, 11.0179, 3.2515
(4, 27): 0.2545, 11.2375, 3.1932
(4, 28): 0.2462, 11.0392, 3.4542
(4, 29): 0.2462, 11.0392, 3.4542
(4, 30): 0.3235, 11.0095, 3.0305
(4, 31): 0.0361, 11.0967, 4.3962
(4, 32): 0.0450, 11.0066, 2.9392
(4, 33): 0.0450, 11.0066, 2.9392
(4, 34): 0.1932, 11.1208, 2.3470
(4, 35): 0.1108, 11.0643, 4.3226
(4, 36): 0.1108, 11.0643, 4.3226
(4, 37): 0.0794, 11.0692, 6.0201
(5, 1): 0.1525, 11.0752, 4.3660
(5, 2): 0.1525, 11.0752, 4.3660
(5, 3): 0.1048, 11.0021, 4.0652
(5, 4): 0.1048, 11.0021, 4.0652
(5, 5): 0.0550, 11.0030, 4.3786
(5, 6): 0.2531, 11.0485, 2.9194
(5, 7): 0.1198, 11.1184, 3.4141
(5, 8): 0.1198, 11.1184, 3.4141
(5, 9): 0.0680, 11.0588, 3.9741
(5, 10): -0.0449, 11.0790, 4.1575
(5, 11): -0.0449, 11.0790, 4.1575
(5, 12): 0.0030, 11.0125, 3.6199
(5, 13): 0.0949, 11.0145, 3.7190
(5, 14): 0.3209, 11.0971, 2.9087
(5, 15): 0.3209, 11.0971, 2.9087
(5, 16): 0.1754, 11.0797, 3.5257
(5, 17): 0.0379, 11.0295, 3.6666
(5, 18): 0.0379, 11.0295, 3.6666
(5, 19): 0.0299, 11.2005, 4.0950
(5, 20): -0.0354, 11.1388, 4.0798
(5, 21): 0.0790, 11.0080, 3.6746
(5, 22): 0.0790, 11.0080, 3.6746
(5, 23): 0.1687, 11.0356, 3.4325
(5, 24): 0.2834, 11.0459, 2.3984
(5, 25): 0.2834, 11.0459, 2.3984
(5, 26): 0.3005, 11.0166, 2.4662
(5, 27): 0.2423, 11.0011, 2.8363
(5, 28): 0.1261, 11.3939, 3.4555
(5, 29): 0.1261, 11.3939, 3.4555
(5, 30): 0.1346, 11.0297, 3.1749
(5, 31): 0.1394, 11.0081, 2.7636
(5, 32): 0.1394, 11.0081, 2.7636
(5, 33): 0.0840, 11.0539, 2.9144
(5, 34): 0.0739, 11.0028, 3.7281
(5, 35): 0.0391, 11.0214, 5.3180
(5, 36): 0.0391, 11.0214, 5.3180
(5, 37): 0.1048, 11.0007, 6.0710
(6, 1): -0.0741, 11.0049, 5.3335
(6, 2): -0.0741, 11.0049, 5.3335
(6, 3): 0.1033, 11.1554, 3.6008
(6, 4): 0.1033, 11.1554, 3.6008
(6, 5): -0.0225, 11.0045, 4.1411
(6, 6): 0.0612, 11.0780, 3.4457
(6, 7): 0.1873, 11.0048, 2.7739
(6, 8): 0.1873, 11.0048, 2.7739
(6, 9): -0.1445, 11.0056, 4.1997
(6, 10): -0.3355, 11.0041, 4.9969
(6, 11): -0.3355, 11.0041, 4.9969
(6, 12): -0.0440, 11.0267, 3.9417
(6, 13): 0.1277, 11.0118, 3.6304
(6, 14): 0.2244, 11.1124, 3.2316
(6, 15): 0.2244, 11.1124, 3.2316
(6, 16): 0.2353, 11.1945, 2.9819
(6, 17): 0.0245, 11.0408, 3.6058
(6, 18): 0.0245, 11.0408, 3.6058
(6, 19): -0.0708, 11.0126, 4.0737
(6, 20): -0.0619, 11.0345, 4.7774
(6, 21): 0.0331, 11.0012, 3.5818
(6, 22): 0.0331, 11.0012, 3.5818
(6, 23): 0.0555, 11.0083, 3.5737
(6, 24): -0.0706, 11.0130, 3.0589
(6, 25): -0.0706, 11.0130, 3.0589
(6, 26): 0.0984, 11.0078, 2.4505
(6, 27): 0.1774, 11.0654, 2.9715
(6, 28): 0.1434, 11.0165, 3.3112
(6, 29): 0.1434, 11.0165, 3.3112
(6, 30): 0.1053, 11.0212, 3.2055
(6, 31): 0.2000, 11.0897, 2.1724
(6, 32): 0.2000, 11.0897, 2.1724
(6, 33): 0.1365, 11.0776, 2.6994
(6, 34): 0.1958, 11.0024, 3.3948
(6, 35): 0.1095, 11.0960, 5.4726
(6, 36): 0.1095, 11.0960, 5.4726
(6, 37): 0.2344, 11.0559, 5.6857
(7, 1): -0.0498, 11.0520, 5.4206
(7, 2): -0.0498, 11.0520, 5.4206
(7, 3): -0.1486, 11.0518, 5.7713
(7, 4): -0.1423, 11.0993, 4.3996
(7, 5): -0.1423, 11.0993, 4.3996
(7, 6): 0.0874, 11.0552, 3.6888
(7, 7): -0.0759, 11.0328, 4.3052
(7, 8): -0.0759, 11.0328, 4.3052
(7, 9): -0.2330, 11.0540, 6.9034
(7, 10): -0.2847, 11.0405, 5.9595
(7, 11): -0.1231, 11.0226, 4.3306
(7, 12): -0.1231, 11.0226, 4.3306
(7, 13): 0.2008, 11.0709, 3.0778
(7, 14): 0.0781, 11.0052, 3.4074
(7, 15): 0.0781, 11.0052, 3.4074
(7, 16): 0.0377, 11.1477, 3.5236
(7, 17): -0.0426, 11.0607, 3.6628
(7, 18): -0.0426, 11.0607, 3.6628
(7, 19): 0.0114, 11.0136, 3.5580
(7, 20): -0.0745, 11.0719, 4.9590
(7, 21): 0.0071, 11.1111, 4.0069
(7, 22): 0.0071, 11.1111, 4.0069
(7, 23): -0.0518, 11.0193, 3.7237
(7, 24): -0.3781, 11.0154, 5.1692
(7, 25): -0.3781, 11.0154, 5.1692
(7, 26): -0.4461, 11.1142, 5.1012
(7, 27): -0.0311, 11.0503, 3.9070
