(1, 1): 0.1218, 11.0433, 5.1538
(1, 2): 0.1218, 11.0433, 5.1538
(1, 3): 0.0942, 11.0063, 4.4703
(1, 4): 0.0942, 11.0063, 4.4703
(1, 5): 0.1476, 11.0499, 3.6486
(1, 6): 0.2869, 11.1843, 3.0717
(1, 7): 0.1832, 11.0426, 3.1327
(1, 8): 0.1832, 11.0426, 3.1327
(1, 9): 0.1207, 11.0570, 3.2969
(1, 10): 0.0901, 11.0454, 3.6365
(1, 11): 0.0901, 11.0454, 3.6365
(1, 12): 0.1786, 11.0270, 3.0446
(1, 13): 0.1819, 11.0538, 3.0383
(1, 14): 0.2789, 11.1190, 3.1163
(1, 15): 0.2789, 11.1190, 3.1163
(1, 16): 0.2281, 11.1560, 2.9069
(1, 17): 0.2713, 11.0293, 2.3856
(1, 18): 0.2713, 11.0293, 2.3856
(1, 19): 0.1796, 11.0622, 3.0357
(1, 20): 0.0802, 11.0098, 4.3525
(1, 21): 0.1870, 11.0003, 3.0220
(1, 22): 0.1870, 11.0003, 3.0220
(1, 23): 0.0584, 11.0256, 4.5451
(1, 24): 0.1058, 11.0452, 3.9705
(1, 25): 0.1842, 11.0286, 4.0308
(1, 26): 0.1842, 11.0286, 4.0308
(1, 27): 0.1814, 11.0784, 4.6742
(1, 28): 0.1437, 11.0091, 5.0821
(1, 29): 0.1437, 11.0091, 5.0821
(1, 30): 0.2252, 11.0126, 4.3224
(1, 31): 0.1797, 11.2458, 4.5273
(1, 32): 0.2480, 11.0528, 2.8554
(1, 33): 0.2480, 11.0528, 2.8554
(1, 34): 0.1547, 11.0309, 3.1180
(1, 35): 0.2640, 11.0315, 3.7041
(1, 36): 0.2640, 11.0315, 3.7041
(1, 37): 0.1841, 11.0152, 4.1930
(2, 1): 0.1041, 11.0164, 4.5483
(2, 2): 0.1041, 11.0164, 4.5483
(2, 3): 0.1360, 11.0650, 4.8379
(2, 4): 0.1360, 11.0650, 4.8379
(2, 5): 0.0873, 11.0610, 4.8853
(2, 6): 0.1726, 11.0477, 4.5823
(2, 7): 0.2554, 11.0925, 3.5172
(2, 8): 0.2554, 11.0925, 3.5172
(2, 9): 0.1524, 11.0273, 4.1810
(2, 10): 0.1013, 11.0794, 4.0411
(2, 11): 0.1013, 11.0794, 4.0411
(2, 12): 0.2433, 11.0207, 2.8754
(2, 13): 0.1819, 11.0538, 3.0383
(2, 14): 0.2789, 11.1190, 3.1163
(2, 15): 0.2789, 11.1190, 3.1163
(2, 16): 0.2281, 11.1560, 2.9069
(2, 17): 0.2713, 11.0293, 2.3856
(2, 18): 0.2713, 11.0293, 2.3856
(2, 19): 0.1796, 11.0622, 3.0357
(2, 20): 0.0802, 11.0098, 4.3525
(2, 21): 0.1870, 11.0003, 3.0220
(2, 22): 0.1870, 11.0003, 3.0220
(2, 23): 0.0584, 11.0256, 4.5451
(2, 24): 0.1058, 11.0452, 3.9705
(2, 25): 0.1842, 11.0286, 4.0308
(2, 26): 0.1842, 11.0286, 4.0308
(2, 27): 0.1814, 11.0784, 4.6742
(2, 28): 0.1437, 11.0091, 5.0821
(2, 29): 0.1437, 11.0091, 5.0821
(2, 30): 0.3254, 11.1069, 3.3364
(2, 31): 0.1326, 11.0220, 3.9111
(2, 32): 0.1248, 11.1676, 3.9017
(2, 33): 0.1248, 11.1676, 3.9017
(2, 34): 0.1207, 11.1791, 3.2588
(2, 35): 0.1716, 11.1450, 3.6902
(2, 36): 0.1716, 11.1450, 3.6902
(2, 37): 0.1142, 11.0184, 5.5274
(3, 1): 0.1551, 11.0093, 4.3462
(3, 2): 0.1551, 11.0093, 4.3462
(3, 3): 0.0867, 11.0358, 4.5202
(3, 4): 0.0867, 11.0358, 4.5202
(3, 5): 0.1773, 11.0208, 4.4715
(3, 6): 0.2965, 11.0088, 4.1794
(3, 7): 0.2554, 11.0925, 3.5172
(3, 8): 0.2554, 11.0925, 3.5172
(3, 9): 0.1524, 11.0273, 4.1810
(3, 10): 0.1013, 11.0794, 4.0411
(3, 11): 0.1013, 11.0794, 4.0411
(3, 12): 0.2433, 11.0207, 2.8754
(3, 13): 0.1946, 11.0203, 3.5449
(3, 14): 0.2609, 11.0934, 3.0305
(3, 15): 0.2609, 11.0934, 3.0305
(3, 16): 0.2970, 11.0067, 2.4765
(3, 17): 0.2943, 11.0265, 2.5865
(3, 18): 0.2943, 11.0265, 2.5865
(3, 19): 0.1322, 11.1276, 2.9871
(3, 20): 0.0246, 11.0218, 4.0122
(3, 21): 0.0035, 11.0176, 4.4994
(3, 22): 0.0035, 11.0176, 4.4994
(3, 23): 0.1033, 11.0379, 3.2925
(3, 24): 0.1145, 11.0042, 3.7604
(3, 25): 0.1145, 11.0042, 3.7604
(3, 26): 0.1691, 11.0515, 3.7778
(3, 27): 0.1881, 11.0082, 3.8312
(3, 28): 0.1433, 11.0071, 4.6145
(3, 29): 0.1433, 11.0071, 4.6145
(3, 30): 0.3254, 11.1069, 3.3364
(3, 31): 0.1326, 11.0220, 3.9111
(3, 32): 0.1248, 11.1676, 3.9017
(3, 33): 0.1248, 11.1676, 3.9017
(3, 34): 0.1207, 11.1791, 3.2588
(3, 35): 0.1716, 11.1450, 3.6902
(3, 36): 0.1716, 11.1450, 3.6902
(3, 37): 0.0794, 11.0692, 6.0201
(4, 1): 0.1525, 11.0752, 4.3660
(4, 2): 0.1525, 11.0752, 4.3660
(4, 3): 0.0867, 11.0358, 4.5202
(4, 4): 0.0867, 11.0358, 4.5202
(4, 5): 0.1773, 11.0208, 4.4715
(4, 6): 0.2965, 11.0088, 4.1794
(4, 7): 0.1418, 11.0469, 4.9202
(4, 8): 0.1418, 11.0469, 4.9202
(4, 9): 0.0902, 11.0199, 4.6894
(4, 10): 0.0681, 11.1198, 4.1236
(4, 11): 0.0681, 11.1198, 4.1236
(4, 12): 0.0622, 11.0122, 3.7649
(4, 13): 0.1868, 11.0846, 3.3202
(4, 14): 0.1387, 11.0640, 4.1253
(4, 15): 0.1387, 11.0640, 4.1253
(4, 16): 0.2045, 11.0592, 3.0246
(4, 17): 0.0241, 11.1017, 4.1776
(4, 18): 0.0241, 11.1017, 4.1776
(4, 19): 0.0902, 11.0027, 3.1459
(4, 20): 0.0730, 11.0228, 3.4174
(4, 21): 0.0866, 11.0165, 4.4845
(4, 22): 0.0866, 11.0165, 4.4845
(4, 23): 0.2030, 11.0071, 3.5612
(4, 24): 0.2517, 11.0904, 3.4143
(4, 25): 0.2517, 11.0904, 3.4143
(4, 26): 0.2462, 11.0179, 3.2515
(4, 27): 0.2545, 11.2375, 3.1932
(4, 28): 0.2462, 11.0392, 3.4542
(4, 29): 0.2462, 11.0392, 3.4542
(4, 30): 0.3235, 11.0095, 3.0305
(4, 31): 0.0361, 11.0967, 4.3962
(4, 32): 0.0450, 11.0066, 2.9392
(4, 33): 0.0450, 11.0066, 2.9392
(4, 34): 0.1932, 11.1208, 2.3470
(4, 35): 0.1108, 11.0643, 4.3226
(4, 36): 0.1108, 11.0643, 4.3226
(4, 37): 0.0794, 11.0692, 6.0201
(5, 1): 0.1525, 11.0752, 4.3660
(5, 2): 0.1525, 11.0752, 4.3660
(5, 3): 0.1048, 11.0021, 4.0652
(5, 4): 0.1048, 11.0021, 4.0652
(5, 5): 0.0550, 11.0030, 4.3786
(5, 6): 0.2531, 11.0485, 2.9194
(5, 7): 0.1198, 11.1184, 3.4141
(5, 8): 0.1198, 11.1184, 3.4141
(5, 9): 0.0680, 11.0588, 3.9741
(5, 10): -0.0449, 11.0790, 4.1575
(5, 11): -0.0449, 11.0790, 4.1575
(5, 12): 0.0030, 11.0125, 3.6199
(5, 13): 0.0949, 11.0145, 3.7190
(5, 14): 0.3209, 11.0971, 2.9087
(5, 15): 0.3209, 11.0971, 2.9087
(5, 16): 0.1754, 11.0797, 3.5257
(5, 17): 0.0379, 11.0295, 3.6666
(5, 18): 0.0379, 11.0295, 3.6666
(5, 19): 0.0299, 11.2005, 4.0950
(5, 20): -0.0354, 11.1388, 4.0798
(5, 21): 0.0790, 11.0080, 3.6746
(5, 22): 0.0790, 11.0080, 3.6746
(5, 23): 0.1687, 11.0356, 3.4325
(5, 24): 0.2834, 11.0459, 2.3984
(5, 25): 0.2834, 11.0459, 2.3984
(5, 26): 0.3005, 11.0166, 2.4662
(5, 27): 0.2423, 11.0011, 2.8363
(5, 28): 0.1261, 11.3939, 3.4555
(5, 29): 0.1261, 11.3939, 3.4555
(5, 30): 0.1346, 11.0297, 3.1749
(5, 31): 0.1394, 11.0081, 2.7636
(5, 32): 0.1394, 11.0081, 2.7636
(5, 33): 0.0840, 11.0539, 2.9144
(5, 34): 0.0739, 11.0028, 3.7281
(5, 35): 0.0391, 11.0214, 5.3180
(5, 36): 0.0391, 11.0214, 5.3180
(5, 37): 0.1048, 11.0007, 6.0710
(6, 1): -0.0741, 11.0049, 5.3335
(6, 2): -0.0741, 11.0049, 5.3335
(6, 3): 0.1033, 11.1554, 3.6008
(6, 4): 0.1033, 11.1554, 3.6008
(6, 5): -0.0225, 11.0045, 4.1411
(6, 6): 0.0612, 11.0780, 3.4457
(6, 7): 0.1873, 11.0048, 2.7739
(6, 8): 0.1873, 11.0048, 2.7739
(6, 9): -0.1445, 11.0056, 4.1997
(6, 10): -0.3355, 11.0041, 4.9969
(6, 11): -0.3355, 11.0041, 4.9969
(6, 12): -0.0440, 11.0267, 3.9417
(6, 13): 0.1277, 11.0118, 3.6304
(6, 14): 0.2244, 11.1124, 3.2316
(6, 15): 0.2244, 11.1124, 3.2316
(6, 16): 0.2353, 11.1945, 2.9819
(6, 17): 0.0245, 11.0408, 3.6058
(6, 18): 0.0245, 11.0408, 3.6058
(6, 19): -0.0708, 11.0126, 4.0737
(6, 20): -0.0619, 11.0345, 4.7774
(6, 21): 0.0331, 11.0012, 3.5818
(6, 22): 0.0331, 11.0012, 3.5818
(6, 23): 0.0555, 11.0083, 3.5737
(6, 24): -0.0706, 11.0130, 3.0589
(6, 25): -0.0706, 11.0130, 3.0589
(6, 26): 0.0984, 11.0078, 2.4505
(6, 27): 0.1774, 11.0654, 2.9715
(6, 28): 0.1434, 11.0165, 3.3112
(6, 29): 0.1434, 11.0165, 3.3112
(6, 30): 0.1053, 11.0212, 3.2055
(6, 31): 0.2000, 11.0897, 2.1724
(6, 32): 0.2000, 11.0897, 2.1724
(6, 33): 0.1365, 11.0776, 2.6994
(6, 34): 0.1958, 11.0024, 3.3948
(6, 35): 0.1095, 11.0960, 5.4726
(6, 36): 0.1095, 11.0960, 5.4726
(6, 37): 0.2344, 11.0559, 5.6857
(7, 1): -0.0498, 11.0520, 5.4206
(7, 2): -0.0498, 11.0520, 5.4206
(7, 3): -0.1486, 11.0518, 5.7713
(7, 4): -0.1423, 11.0993, 4.3996
(7, 5): -0.1423, 11.0993, 4.3996
(7, 6): 0.0874, 11.0552, 3.6888
(7, 7): -0.0759, 11.0328, 4.3052
(7, 8): -0.0759, 11.0328, 4.3052
(7, 9): -0.2330, 11.0540, 6.9034
(7, 10): -0.2847, 11.0405, 5.9595
(7, 11): -0.1231, 11.0226, 4.3306
(7, 12): -0.1231, 11.0226, 4.3306
(7, 13): 0.2008, 11.0709, 3.0778
(7, 14): 0.0781, 11.0052, 3.4074
(7, 15): 0.0781, 11.0052, 3.4074
(7, 16): 0.0377, 11.1477, 3.5236
(7, 17): -0.0426, 11.0607, 3.6628
(7, 18): -0.0426, 11.0607, 3.6628
(7, 19): 0.0114, 11.0136, 3.5580
(7, 20): -0.0745, 11.0719, 4.9590
(7, 21): 0.0071, 11.1111, 4.0069
(7, 22): 0.0071, 11.1111, 4.0069
(7, 23): -0.0518, 11.0193, 3.7237
(7, 24): -0.3781, 11.0154, 5.1692
(7, 25): -0.3781, 11.0154, 5.1692
(7, 26): -0.4461, 11.1142, 5.1012
(7, 27): -0.0311, 11.0503, 3.9070
(7, 28): 0.0482, 11.0084, 4.1853
(7, 29): 0.0482, 11.0084, 4.1853
(7, 30): 0.0442, 11.0374, 4.2508
(7, 31): 0.1042, 11.0285, 2.7176
(7, 32): 0.1042, 11.0285, 2.7176
(7, 33): 0.0828, 11.0134, 3.7119
(7, 34): 0.2497, 11.1160, 3.9430
(7, 35): 0.2030, 11.0005, 5.3337
(7, 36): 0.2030, 11.0005, 5.3337
(7, 37): 0.3178, 11.0045, 5.4854
(8, 1): 0.0845, 11.0371, 4.7320
(8, 2): 0.0845, 11.0371, 4.7320
(8, 3): -0.0508, 11.0416, 5.6872
(8, 4): -0.0713, 11.0023, 4.9371
(8, 5): -0.0713, 11.0023, 4.9371
(8, 6): 0.1154, 11.0587, 4.7051
(8, 7): -0.0468, 11.1613, 4.9262
(8, 8): -0.0468, 11.1613, 4.9262
(8, 9): 0.1589, 11.0044, 4.9500
(8, 10): -0.0170, 11.1037, 5.4580
(8, 11): -0.0570, 11.0305, 4.0404
(8, 12): -0.0570, 11.0305, 4.0404
(8, 13): 0.0706, 11.0791, 3.4837
(8, 14): 0.1137, 11.0215, 3.0552
(8, 15): 0.1137, 11.0215, 3.0552
(8, 16): 0.0860, 11.0039, 2.9982
(8, 17): -0.0550, 11.0411, 3.5902
(8, 18): -0.0550, 11.0411, 3.5902
(8, 19): -0.0594, 11.0078, 4.0722
(8, 20): -0.0945, 11.0022, 4.3245
(8, 21): -0.0710, 11.1709, 4.1211
(8, 22): -0.0710, 11.1709, 4.1211
(8, 23): -0.1362, 11.0070, 4.1150
(8, 24): -0.0412, 11.0270, 3.8418
(8, 25): -0.0412, 11.0270, 3.8418
(8, 26): -0.2173, 11.0086, 4.0212
(8, 27): -0.3615, 11.0609, 5.0817
(8, 28): -0.1177, 11.2856, 4.2554
(8, 29): -0.1177, 11.2856, 4.2554
(8, 30): -0.0363, 11.0363, 4.6578
(8, 31): 0.1582, 11.1578, 2.9675
(8, 32): 0.1582, 11.1578, 2.9675
(8, 33): 0.0537, 11.0163, 4.3074
(8, 34): 0.1525, 11.0218, 5.0274
(8, 35): 0.2248, 11.0978, 5.4836
(8, 36): 0.2248, 11.0978, 5.4836
(8, 37): 0.3452, 11.0610, 4.8962
(9, 1): 0.1306, 11.1334, 4.1405
(9, 2): 0.1306, 11.1334, 4.1405
(9, 3): 0.2621, 11.1414, 3.6848
(9, 4): 0.1428, 11.0074, 4.5443
(9, 5): 0.1428, 11.0074, 4.5443
(9, 6): 0.1245, 11.0321, 4.6462
(9, 7): 0.1306, 11.0214, 4.8332
(9, 8): 0.1306, 11.0214, 4.8332
(9, 9): 0.0076, 11.0548, 5.5136
(9, 10): -0.0782, 11.0135, 5.9697
(9, 11): 0.0093, 11.0403, 4.3884
(9, 12): 0.0093, 11.0403, 4.3884
(9, 13): 0.0792, 11.1275, 3.6255
(9, 14): 0.0955, 11.0565, 3.3726
(9, 15): 0.0955, 11.0565, 3.3726
(9, 16): 0.1818, 11.0657, 3.1149
(9, 17): 0.0007, 11.0052, 4.1302
(9, 18): 0.0007, 11.0052, 4.1302
(9, 19): 0.0705, 11.0016, 4.1707
(9, 20): -0.0533, 11.0040, 4.9670
(9, 21): -0.0614, 11.0165, 5.1082
(9, 22): -0.0614, 11.0165, 5.1082
(9, 23): 0.1235, 11.0854, 3.7634
(9, 24): 0.0428, 11.0645, 4.1175
(9, 25): 0.0428, 11.0645, 4.1175
(9, 26): -0.0156, 11.0104, 4.0197
(9, 27): -0.0133, 11.0599, 3.4473
(9, 28): -0.0819, 11.0466, 3.8749
(9, 29): -0.0819, 11.0466, 3.8749
(9, 30): 0.0462, 11.0297, 3.6834
(9, 31): -0.0177, 11.0559, 4.4681
(9, 32): -0.0177, 11.0559, 4.4681
(9, 33): 0.0921, 11.1321, 4.1987
(9, 34): 0.1097, 11.0034, 4.8026
(9, 35): 0.2006, 11.0899, 5.2517
(9, 36): 0.2006, 11.0899, 5.2517
(9, 37): 0.2799, 11.0219, 4.5489
(10, 1): 0.2319, 11.0297, 3.9076
(10, 2): 0.2319, 11.0297, 3.9076
(10, 3): 0.2864, 11.0319, 3.6429
(10, 4): 0.2022, 11.0292, 3.5731
(10, 5): 0.2022, 11.0292, 3.5731
(10, 6): -0.0505, 11.0299, 5.4115
(10, 7): -0.0642, 11.0662, 5.6253
(10, 8): -0.0642, 11.0662, 5.6253
(10, 9): -0.0077, 11.0066, 4.8572
(10, 10): -0.1011, 11.0231, 4.4662
(10, 11): -0.0114, 11.1397, 4.6065
(10, 12): -0.0114, 11.1397, 4.6065
(10, 13): 0.0815, 11.0524, 4.0010
(10, 14): 0.2233, 11.0829, 3.1481
(10, 15): 0.2233, 11.0829, 3.1481
(10, 16): 0.2984, 11.0465, 3.2391
(10, 17): 0.2362, 11.0408, 4.0265
(10, 18): 0.2583, 11.0189, 4.1397
(10, 19): 0.2583, 11.0189, 4.1397
(10, 20): 0.2163, 11.1142, 4.6752
(10, 21): 0.2215, 11.1241, 4.2669
(10, 22): 0.2215, 11.1241, 4.2669
(10, 23): 0.2900, 11.0737, 3.9866
(10, 24): 0.1900, 11.0152, 4.2432
(10, 25): 0.1900, 11.0152, 4.2432
(10, 26): 0.2028, 11.0020, 3.9436
(10, 27): 0.2144, 11.1094, 3.8061
(10, 28): 0.2545, 11.0381, 3.0430
(10, 29): 0.2545, 11.0381, 3.0430
(10, 30): 0.1242, 11.0107, 4.4491
(10, 31): 0.0357, 11.0009, 5.2844
(10, 32): 0.0357, 11.0009, 5.2844
(10, 33): 0.0482, 11.0119, 5.2850
(10, 34): 0.1439, 11.1089, 5.0630
(10, 35): 0.0974, 11.0195, 5.7623
(10, 36): 0.0974, 11.0195, 5.7623
(10, 37): 0.1680, 11.0636, 5.1002
(11, 1): 0.1433, 11.0082, 3.9843
(11, 2): 0.1433, 11.0082, 3.9843
(11, 3): 0.1830, 11.0533, 3.6161
(11, 4): 0.0086, 11.0108, 4.2304
(11, 5): 0.0086, 11.0108, 4.2304
(11, 6): 0.0303, 11.1096, 3.7596
(11, 7): -0.0186, 11.0643, 4.6379
(11, 8): -0.0186, 11.0643, 4.6379
(11, 9): -0.0133, 11.0575, 4.5194
(11, 10): -0.0357, 11.0128, 4.5770
(11, 11): -0.0133, 11.0638, 4.8162
(11, 12): -0.0133, 11.0638, 4.8162
(11, 13): 0.0972, 11.0117, 4.5773
(11, 14): 0.2424, 11.0564, 3.7873
(11, 15): 0.2424, 11.0564, 3.7873
(11, 16): 0.3361, 11.0015, 3.2471
(11, 17): 0.2514, 11.0057, 3.3977
(11, 18): 0.2200, 11.1312, 5.1111
(11, 19): 0.2200, 11.1312, 5.1111
(11, 20): 0.1893, 11.0620, 4.9219
(11, 21): 0.1828, 11.0204, 5.5496
(11, 22): 0.1828, 11.0204, 5.5496
(11, 23): 0.1905, 11.0067, 5.1611
(11, 24): 0.2960, 11.2200, 4.9576
(11, 25): 0.2960, 11.2200, 4.9576
(11, 26): 0.2654, 11.0089, 4.8560
(11, 27): 0.2199, 11.0033, 4.6110
(11, 28): 0.2956, 11.0292, 3.3437
(11, 29): 0.2956, 11.0292, 3.3437
(11, 30): 0.2942, 11.0379, 3.8023
(11, 31): 0.1125, 11.1644, 4.7194
(11, 32): 0.1125, 11.1644, 4.7194
(11, 33): 0.0057, 11.0056, 5.7644
(11, 34): -0.0129, 11.0061, 5.9867
(11, 35): -0.0146, 11.0317, 5.8680
(11, 36): -0.0146, 11.0317, 5.8680
(11, 37): 0.0198, 11.0325, 6.1555
(12, 1): 0.1384, 11.0107, 4.1360
(12, 2): 0.1384, 11.0107, 4.1360
(12, 3): 0.0789, 11.0053, 4.1245
(12, 4): 0.0453, 11.0450, 4.0225
(12, 5): 0.0453, 11.0450, 4.0225
(12, 6): 0.0040, 11.0991, 3.9892
(12, 7): -0.0777, 11.0278, 4.9603
(12, 8): -0.0777, 11.0278, 4.9603
(12, 9): 0.0823, 11.1693, 4.2151
(12, 10): 0.0029, 11.0706, 4.8021
(12, 11): 0.0431, 11.1323, 5.0412
(12, 12): 0.0431, 11.1323, 5.0412
(12, 13): 0.0960, 11.0758, 4.2219
(12, 14): 0.1875, 11.2275, 4.0773
(12, 15): 0.1875, 11.2275, 4.0773
(12, 16): 0.3526, 11.0503, 3.1657
(12, 17): 0.2291, 11.0280, 4.0417
(12, 18): 0.1874, 11.0268, 4.5677
(12, 19): 0.1874, 11.0268, 4.5677
(12, 20): 0.0633, 11.0483, 5.8442
(12, 21): -0.0220, 11.0198, 6.4260
(12, 22): -0.0220, 11.0198, 6.4260
(12, 23): 0.0512, 11.0249, 5.9879
(12, 24): 0.0799, 11.0962, 6.7064
(12, 25): 0.0799, 11.0962, 6.7064
(12, 26): 0.0036, 11.2006, 7.4401
(12, 27): 0.0803, 11.1368, 5.7350
(12, 28): 0.1774, 11.0094, 4.6959
(12, 29): 0.1774, 11.0094, 4.6959
(12, 30): 0.2190, 11.0640, 4.4188
(12, 31): 0.3784, 11.1229, 3.2046
(12, 32): 0.3784, 11.1229, 3.2046
(12, 33): 0.1920, 11.0646, 4.7810
(12, 34): 0.1834, 11.0946, 4.7939
(12, 35): 0.1834, 11.0946, 4.7939
(12, 36): 0.1274, 11.0836, 6.1217
(12, 37): 0.0734, 11.0044, 5.3333
(13, 1): 0.1958, 11.0800, 3.6944
(13, 2): 0.1958, 11.0800, 3.6944
(13, 3): 0.1345, 11.0548, 3.8128
(13, 4): 0.1133, 11.0020, 3.8320
(13, 5): 0.1133, 11.0020, 3.8320
(13, 6): -0.0534, 11.0352, 4.6880
(13, 7): -0.0560, 11.0505, 5.6176
(13, 8): -0.0560, 11.0505, 5.6176
(13, 9): -0.1296, 11.0040, 6.4217
(13, 10): 0.0763, 11.0265, 4.8857
(13, 11): 0.1040, 11.0481, 4.3420
(13, 12): 0.1040, 11.0481, 4.3420
(13, 13): 0.0960, 11.0758, 4.2219
(13, 14): 0.1875, 11.2275, 4.0773
(13, 15): 0.1875, 11.2275, 4.0773
(13, 16): 0.3526, 11.0503, 3.1657
(13, 17): 0.2291, 11.0280, 4.0417
(13, 18): 0.1874, 11.0268, 4.5677
(13, 19): 0.1874, 11.0268, 4.5677
(13, 20): 0.0633, 11.0483, 5.8442
(13, 21): -0.0220, 11.0198, 6.4260
(13, 22): -0.0220, 11.0198, 6.4260
(13, 23): 0.0512, 11.0249, 5.9879
(13, 24): 0.0799, 11.0962, 6.7064
(13, 25): 0.0799, 11.0962, 6.7064
(13, 26): 0.0036, 11.2006, 7.4401
(13, 27): 0.0803, 11.1368, 5.7350
(13, 28): 0.1774, 11.0094, 4.6959
(13, 29): 0.1774, 11.0094, 4.6959
(13, 30): 0.2190, 11.0640, 4.4188
(13, 31): 0.3269, 11.0304, 4.4015
(13, 32): 0.3269, 11.0304, 4.4015
(13, 33): 0.3230, 11.0536, 4.3081
(13, 34): 0.2675, 11.0804, 4.3899
(13, 35): 0.2675, 11.0804, 4.3899
(13, 36): 0.1640, 11.0496, 5.6339
(13, 37): 0.1522, 11.0548, 4.8395
(14, 1): 0.1203, 11.0000, 4.4346
(14, 2): 0.1203, 11.0000, 4.4346
(14, 3): 0.1128, 11.0031, 3.9539
(14, 4): 0.0348, 11.0085, 4.2138
(14, 5): 0.0348, 11.0085, 4.2138
(14, 6): 0.0232, 11.0249, 5.4331
(14, 7): -0.0560, 11.0505, 5.6176
(14, 8): -0.1296, 11.0040, 6.4217
(14, 9): -0.1296, 11.0040, 6.4217
(14, 10): 0.0763, 11.0265, 4.8857
(14, 11): 0.1040, 11.0481, 4.3420
(14, 12): 0.1040, 11.0481, 4.3420
(14, 13): 0.0956, 11.0070, 4.5896
(14, 14): 0.1391, 11.0243, 5.2985
(14, 15): 0.1391, 11.0243, 5.2985
(14, 16): 0.3073, 11.1221, 3.9660
(14, 17): 0.3856, 11.0597, 3.7682
(14, 18): 0.2482, 11.0786, 4.8654
(14, 19): 0.2482, 11.0786, 4.8654
(14, 20): 0.2312, 11.0184, 4.7440
(14, 21): 0.3405, 11.0125, 4.4669
(14, 22): 0.3405, 11.0125, 4.4669
(14, 23): 0.2107, 11.0722, 5.0797
(14, 24): 0.0807, 11.0072, 5.9561
(14, 25): 0.0807, 11.0072, 5.9561
(14, 26): 0.0486, 11.2042, 6.7390
(14, 27): 0.1283, 11.1741, 6.3857
(14, 28): 0.2061, 11.1007, 4.5153
(14, 29): 0.2061, 11.1007, 4.5153
(14, 30): 0.2814, 11.0464, 4.7693
(14, 31): 0.3269, 11.0304, 4.4015
(14, 32): 0.3269, 11.0304, 4.4015
(14, 33): 0.3230, 11.0536, 4.3081
(14, 34): 0.2675, 11.0804, 4.3899
(14, 35): 0.2675, 11.0804, 4.3899
(14, 36): 0.1640, 11.0496, 5.6339
(14, 37): 0.2261, 11.0028, 3.9490
(15, 1): 0.1077, 11.1004, 4.5328
(15, 2): 0.1077, 11.1004, 4.5328
(15, 3): 0.1128, 11.0031, 3.9539
(15, 4): 0.0348, 11.0085, 4.2138
(15, 5): 0.0348, 11.0085, 4.2138
(15, 6): 0.0232, 11.0249, 5.4331
(15, 7): 0.0388, 11.0670, 5.3044
(15, 8): -0.0625, 11.0119, 6.7379
(15, 9): -0.0625, 11.0119, 6.7379
(15, 10): -0.0616, 11.0095, 6.5091
(15, 11): -0.0379, 11.0389, 6.2021
(15, 12): -0.0379, 11.0389, 6.2021
(15, 13): 0.0402, 11.0355, 6.2104
(15, 14): 0.0808, 11.1255, 5.9962
(15, 15): 0.0808, 11.1255, 5.9962
(15, 16): 0.1687, 11.0216, 4.9090
(15, 17): 0.2152, 11.0345, 5.2656
(15, 18): 0.1047, 11.0046, 5.8912
(15, 19): 0.1047, 11.0046, 5.8912
(15, 20): 0.2576, 11.0027, 5.3934
(15, 21): 0.2130, 11.1479, 5.2276
(15, 22): 0.2130, 11.1479, 5.2276
(15, 23): 0.1554, 11.1662, 5.3476
(15, 24): 0.1406, 11.0224, 5.2308
(15, 25): 0.1406, 11.0224, 5.2308
(15, 26): 0.0609, 11.0467, 6.0555
(15, 27): 0.2320, 11.0189, 4.7039
(15, 28): 0.1528, 11.1495, 4.8657
(15, 29): 0.1528, 11.1495, 4.8657
(15, 30): 0.2355, 11.0281, 4.1243
(15, 31): 0.2762, 11.0346, 4.8837
(15, 32): 0.2762, 11.0346, 4.8837
(15, 33): 0.3226, 11.1001, 3.8010
(15, 34): 0.2928, 11.0653, 3.5878
(15, 35): 0.2928, 11.0653, 3.5878
(15, 36): 0.2124, 11.1299, 4.7231
(15, 37): 0.2261, 11.0028, 3.9490
(16, 1): 0.1077, 11.1004, 4.5328
(16, 2): 0.1077, 11.1004, 4.5328
(16, 3): 0.0852, 11.0136, 4.5144
(16, 4): 0.0397, 11.0413, 5.4119
(16, 5): 0.0397, 11.0413, 5.4119
(16, 6): 0.0661, 11.0685, 4.6961
(16, 7): 0.0982, 11.0794, 4.9806
(16, 8): 0.1091, 11.0628, 5.2501
(16, 9): 0.1091, 11.0628, 5.2501
(16, 10): 0.0576, 11.0014, 5.4438
(16, 11): 0.0024, 11.0105, 6.5803
(16, 12): 0.0024, 11.0105, 6.5803
(16, 13): 0.0658, 11.0029, 6.1369
(16, 14): 0.1114, 11.0871, 6.2988
(16, 15): 0.1114, 11.0871, 6.2988
(16, 16): 0.1262, 11.0257, 5.5330
(16, 17): 0.2003, 11.0453, 4.5761
(16, 18): 0.1754, 11.0216, 4.8283
(16, 19): 0.1754, 11.0216, 4.8283
(16, 20): 0.2527, 11.1046, 5.2325
(16, 21): 0.1530, 11.0309, 5.0304
(16, 22): 0.1530, 11.0309, 5.0304
(16, 23): 0.1093, 11.0227, 6.3733
(16, 24): 0.1161, 11.1059, 5.3990
(16, 25): 0.1161, 11.1059, 5.3990
(16, 26): 0.0779, 11.0133, 5.5098
(16, 27): 0.2418, 11.0089, 3.9938
(16, 28): 0.1314, 11.0138, 4.7622
(16, 29): 0.1314, 11.0138, 4.7622
(16, 30): 0.1559, 11.0044, 4.2599
(16, 31): 0.1766, 11.0384, 4.5488
(16, 32): 0.1766, 11.0384, 4.5488
(16, 33): 0.2813, 11.0309, 4.2407
(16, 34): 0.2820, 11.0376, 4.3241
(16, 35): 0.2820, 11.0376, 4.3241
(16, 36): 0.1405, 11.1304, 5.1769
(16, 37): 0.0516, 11.0790, 5.2368
(17, 1): 0.1766, 11.0128, 3.9946
(17, 2): 0.1766, 11.0128, 3.9946
(17, 3): 0.1541, 11.0140, 4.8887
(17, 4): 0.1822, 11.0015, 4.3104
(17, 5): 0.1822, 11.0015, 4.3104
(17, 6): 0.0869, 11.2492, 5.3815
(17, 7): 0.0624, 11.0272, 5.6628
(17, 8): 0.1053, 11.0299, 5.3824
(17, 9): 0.1053, 11.0299, 5.3824
(17, 10): -0.0238, 11.0164, 6.2462
(17, 11): -0.0579, 11.0408, 5.7602
(17, 12): -0.0579, 11.0408, 5.7602
(17, 13): 0.1282, 11.0434, 4.6488
(17, 14): 0.1662, 11.0209, 4.7890
(17, 15): 0.1662, 11.0209, 4.7890
(17, 16): 0.1582, 11.0124, 5.3003
(17, 17): 0.1530, 11.0516, 5.1413
(17, 18): 0.0951, 11.1243, 5.6163
(17, 19): 0.0951, 11.1243, 5.6163
(17, 20): 0.1992, 11.0976, 5.1428
(17, 21): 0.1492, 11.1194, 5.2999
(17, 22): 0.1492, 11.1194, 5.2999
(17, 23): 0.2165, 11.0175, 4.9258
(17, 24): 0.1660, 11.0234, 5.1429
(17, 25): 0.1660, 11.0234, 5.1429
(17, 26): 0.1566, 11.1271, 5.3986
(17, 27): 0.1546, 11.0499, 5.0934
(17, 28): 0.2238, 11.2510, 5.1035
(17, 29): 0.2238, 11.2510, 5.1035
(17, 30): 0.1778, 11.2180, 4.3981
(17, 31): 0.0977, 11.0811, 5.9238
(17, 32): 0.0977, 11.0811, 5.9238
(17, 33): 0.1915, 11.0994, 5.7408
(17, 34): 0.1792, 11.2493, 6.1179
(17, 35): 0.1792, 11.2493, 6.1179
(17, 36): 0.1697, 11.0025, 4.9201
(17, 37): 0.1143, 11.0049, 5.2028
(18, 1): 0.1413, 11.1366, 4.8863
(18, 2): 0.1413, 11.1366, 4.8863
(18, 3): 0.1653, 11.0423, 4.6959
(18, 4): 0.1213, 11.1600, 5.2971
(18, 5): 0.1384, 11.0283, 5.2560
(18, 6): 0.1384, 11.0283, 5.2560
(18, 7): 0.1016, 11.0320, 5.6383
(18, 8): 0.1433, 11.1162, 4.6952
(18, 9): 0.1433, 11.1162, 4.6952
(18, 10): 0.0456, 11.0400, 4.6375
(18, 11): 0.0725, 11.0525, 4.5573
(18, 12): 0.0725, 11.0525, 4.5573
(18, 13): 0.0797, 11.0410, 5.1736
(18, 14): 0.2563, 11.0395, 3.7250
(18, 15): 0.2563, 11.0395, 3.7250
(18, 16): 0.2353, 11.0743, 4.0534
(18, 17): 0.1511, 11.0527, 5.8244
(18, 18): 0.1074, 11.0089, 5.6999
(18, 19): 0.1074, 11.0089, 5.6999
(18, 20): 0.2207, 11.0504, 5.4670
(18, 21): 0.1005, 11.0118, 6.5282
(18, 22): 0.1005, 11.0118, 6.5282
(18, 23): 0.0897, 11.0420, 5.9369
(18, 24): 0.1769, 11.0379, 4.7254
(18, 25): 0.1769, 11.0379, 4.7254
(18, 26): 0.1894, 11.1232, 5.0967
(18, 27): 0.2581, 11.0632, 4.5455
(18, 28): 0.2581, 11.0632, 4.5455
(18, 29): 0.2231, 11.0483, 5.0716
(18, 30): 0.1521, 11.0135, 5.4161
(18, 31): 0.1173, 11.1362, 6.2658
(18, 32): 0.1173, 11.1362, 6.2658
(18, 33): 0.1613, 11.1093, 6.3935
(18, 34): 0.1519, 11.1101, 5.5186
(18, 35): 0.1519, 11.1101, 5.5186
(18, 36): 0.2442, 11.0716, 4.6497
(18, 37): 0.1630, 11.0157, 4.9632
(19, 1): 0.1586, 11.2339, 4.2463
(19, 2): 0.1586, 11.2339, 4.2463
(19, 3): 0.1284, 11.0702, 5.2286
(19, 4): 0.1326, 11.0896, 5.3180
(19, 5): 0.1798, 11.2035, 4.3955
(19, 6): 0.1798, 11.2035, 4.3955
(19, 7): 0.2325, 11.0172, 3.6462
(19, 8): 0.2394, 11.0134, 4.0575
(19, 9): 0.2394, 11.0134, 4.0575
(19, 10): 0.1768, 11.0825, 4.2053
(19, 11): 0.1504, 11.1554, 4.2191
(19, 12): 0.1504, 11.1554, 4.2191
(19, 13): 0.1839, 11.1542, 4.1712
(19, 14): 0.1274, 11.0550, 4.3691
(19, 15): 0.1274, 11.0550, 4.3691
(19, 16): 0.2305, 11.2911, 3.7859
(19, 17): 0.2673, 11.0216, 4.5113
(19, 18): 0.3070, 11.0131, 4.2646
(19, 19): 0.3070, 11.0131, 4.2646
(19, 20): 0.1643, 11.1385, 5.9721
(19, 21): 0.0808, 11.0969, 8.2983
(19, 22): 0.0808, 11.0969, 8.2983
(19, 23): 0.1461, 11.0756, 5.5609
(19, 24): 0.1274, 11.0097, 5.1720
(19, 25): 0.1274, 11.0097, 5.1720
(19, 26): 0.2472, 11.0231, 4.6740
(19, 27): 0.2811, 11.0116, 4.2566
(19, 28): 0.2811, 11.0116, 4.2566
(19, 29): 0.1916, 11.0490, 5.2984
(19, 30): 0.0587, 11.0810, 6.7348
(19, 31): 0.1025, 11.0630, 5.8255
(19, 32): 0.1025, 11.0630, 5.8255
(19, 33): 0.1842, 11.1948, 4.9387
(19, 34): 0.1947, 11.1229, 4.5582
(19, 35): 0.1947, 11.1229, 4.5582
(19, 36): 0.1532, 11.0235, 4.3949
(19, 37): 0.2028, 11.0236, 4.4366
(20, 1): 0.1729, 11.0728, 4.4871
(20, 2): 0.1729, 11.0728, 4.4871
(20, 3): 0.1977, 11.1420, 4.6391
(20, 4): 0.1336, 11.0600, 5.1259
(20, 5): 0.2495, 11.0893, 3.7723
(20, 6): 0.2495, 11.0893, 3.7723
(20, 7): 0.3151, 11.0059, 3.6204
(20, 8): 0.2846, 11.0052, 3.6629
(20, 9): 0.2846, 11.0052, 3.6629
(20, 10): 0.2124, 11.0816, 4.0001
(20, 11): 0.1809, 11.0238, 4.5622
(20, 12): 0.1809, 11.0238, 4.5622
(20, 13): 0.1479, 11.0274, 5.0067
(20, 14): 0.1173, 11.2244, 5.5582
(20, 15): 0.1173, 11.2244, 5.5582
(20, 16): 0.1901, 11.0330, 4.7347
(20, 17): 0.2070, 11.0874, 4.4885
(20, 18): 0.2998, 11.0023, 3.8676
(20, 19): 0.2998, 11.0023, 3.8676
(20, 20): 0.2445, 11.0237, 4.9349
(20, 21): 0.2802, 11.1060, 5.3556
(20, 22): 0.2802, 11.1060, 5.3556
(20, 23): 0.2259, 11.0256, 5.2648
(20, 24): 0.2224, 11.0143, 5.4402
(20, 25): 0.2224, 11.0143, 5.4402
(20, 26): 0.2825, 11.1406, 5.2142
(20, 27): 0.2481, 11.0678, 5.6582
(20, 28): 0.2481, 11.0678, 5.6582
(20, 29): 0.1975, 11.0094, 5.9681
(20, 30): 0.1759, 11.0752, 5.4118
(20, 31): 0.1568, 11.0712, 5.8113
(20, 32): 0.1568, 11.0712, 5.8113
(20, 33): 0.1295, 11.0506, 4.9954
(20, 34): 0.1899, 11.0793, 4.2513
(20, 35): 0.1899, 11.0793, 4.2513
(20, 36): 0.1098, 11.0179, 4.5159
(20, 37): 0.1379, 11.0926, 4.8485
(21, 1): 0.1563, 11.0066, 4.4311
(21, 2): 0.2007, 11.0253, 4.0412
(21, 3): 0.2007, 11.0253, 4.0412
(21, 4): 0.1698, 11.0349, 4.4104
(21, 5): 0.2260, 11.0286, 3.9611
(21, 6): 0.2260, 11.0286, 3.9611
(21, 7): 0.3115, 11.0906, 3.5527
(21, 8): 0.2632, 11.0232, 3.4571
(21, 9): 0.2632, 11.0232, 3.4571
(21, 10): 0.1668, 11.0668, 4.1135
(21, 11): 0.1749, 11.0161, 4.2879
(21, 12): 0.1749, 11.0161, 4.2879
(21, 13): 0.2402, 11.0270, 3.9517
(21, 14): 0.1785, 11.1618, 4.7718
(21, 15): 0.1785, 11.1618, 4.7718
(21, 16): 0.1839, 11.1052, 4.6389
(21, 17): 0.1706, 11.0945, 4.6181
(21, 18): 0.2776, 11.0483, 4.1503
(21, 19): 0.2776, 11.0483, 4.1503
(21, 20): 0.2165, 11.0449, 4.7437
(21, 21): 0.3210, 11.0664, 4.3867
(21, 22): 0.3210, 11.0664, 4.3867
(21, 23): 0.2956, 11.1048, 4.5555
(21, 24): 0.2457, 11.0619, 5.7638
(21, 25): 0.2457, 11.0619, 5.7638
(21, 26): 0.2282, 11.3322, 5.0018
(21, 27): 0.2280, 11.1383, 5.4324
(21, 28): 0.2280, 11.1383, 5.4324
(21, 29): 0.1595, 11.0268, 5.1666
(21, 30): 0.1591, 11.0111, 4.8905
(21, 31): 0.2841, 11.0095, 3.8895
(21, 32): 0.2841, 11.0095, 3.8895
(21, 33): 0.1557, 11.0019, 4.7270
(21, 34): 0.1431, 11.0973, 3.9696
(21, 35): 0.1431, 11.0973, 3.9696
(21, 36): 0.0860, 11.0136, 4.5781
(21, 37): 0.1118, 11.0100, 5.2130
(22, 1): 0.1140, 11.0233, 4.2150
(22, 2): 0.2307, 11.0060, 3.3727
(22, 3): 0.2307, 11.0060, 3.3727
(22, 4): 0.2265, 11.0231, 3.8664
(22, 5): 0.2129, 11.1044, 3.6826
(22, 6): 0.2129, 11.1044, 3.6826
(22, 7): 0.1653, 11.0099, 3.8159
(22, 8): 0.2003, 11.0343, 3.3183
(22, 9): 0.2003, 11.0343, 3.3183
(22, 10): 0.2407, 11.1341, 3.4047
(22, 11): 0.2061, 11.0319, 3.8624
(22, 12): 0.2061, 11.0319, 3.8624
(22, 13): 0.2561, 11.0050, 3.8251
(22, 14): 0.2127, 11.2860, 4.2155
(22, 15): 0.1260, 11.0797, 4.7770
(22, 16): 0.1260, 11.0797, 4.7770
(22, 17): 0.2690, 11.1312, 4.1629
(22, 18): 0.3272, 11.0079, 3.9468
(22, 19): 0.3272, 11.0079, 3.9468
(22, 20): 0.2664, 11.1369, 4.2282
(22, 21): 0.1982, 11.0272, 5.0726
(22, 22): 0.1982, 11.0272, 5.0726
(22, 23): 0.2570, 11.1925, 4.5831
(22, 24): 0.1868, 11.0255, 5.1565
(22, 25): 0.1868, 11.0255, 5.1565
(22, 26): 0.1792, 11.0267, 5.1710
(22, 27): 0.1606, 11.0822, 5.4410
(22, 28): 0.1606, 11.0822, 5.4410
(22, 29): 0.1729, 11.0812, 4.4737
(22, 30): 0.2066, 11.0013, 4.5283
(22, 31): 0.1567, 11.0942, 5.8070
(22, 32): 0.1567, 11.0942, 5.8070
(22, 33): 0.1042, 11.1298, 5.1274
(22, 34): 0.1337, 11.0250, 4.1772
(22, 35): 0.1337, 11.0250, 4.1772
(22, 36): 0.2337, 11.1268, 3.7677
(22, 37): 0.1820, 11.1740, 4.5579
(23, 1): 0.3872, 11.0473, 2.7054
(23, 2): 0.3474, 11.0495, 3.0184
(23, 3): 0.3474, 11.0495, 3.0184
(23, 4): 0.2200, 11.0611, 3.9654
(23, 5): 0.1884, 11.0037, 4.0948
(23, 6): 0.1884, 11.0037, 4.0948
(23, 7): 0.1919, 11.0690, 3.9549
(23, 8): 0.1727, 11.0491, 3.6993
(23, 9): 0.1727, 11.0491, 3.6993
(23, 10): 0.2461, 11.0011, 3.2330
(23, 11): 0.2822, 11.1451, 3.5276
(23, 12): 0.2822, 11.1451, 3.5276
(23, 13): 0.3040, 11.1450, 3.4388
(23, 14): 0.2536, 11.1363, 3.5372
(23, 15): 0.1462, 11.0674, 4.6017
(23, 16): 0.1462, 11.0674, 4.6017
(23, 17): 0.1597, 11.0166, 4.9876
(23, 18): 0.2101, 11.0498, 4.8049
(23, 19): 0.2101, 11.0498, 4.8049
(23, 20): 0.2542, 11.0805, 4.7888
(23, 21): 0.2555, 11.0048, 4.7057
(23, 22): 0.2555, 11.0048, 4.7057
(23, 23): 0.3027, 11.0057, 4.6345
(23, 24): 0.2155, 11.0459, 5.1834
(23, 25): 0.2155, 11.0459, 5.1834
(23, 26): 0.1768, 11.0306, 4.5021
(23, 27): 0.1437, 11.0460, 5.1770
(23, 28): 0.1437, 11.0460, 5.1770
(23, 29): 0.1156, 11.0700, 6.1768
(23, 30): 0.1143, 11.0652, 5.2671
(23, 31): 0.0471, 11.0310, 5.4383
(23, 32): 0.0471, 11.0310, 5.4383
(23, 33): 0.0357, 11.0282, 4.5852
(23, 34): 0.1115, 11.0117, 3.8127
(23, 35): 0.1115, 11.0117, 3.8127
(23, 36): 0.0382, 11.0218, 4.7776
(23, 37): 0.0778, 11.0236, 3.9566
(24, 1): 0.4608, 11.0577, 2.7976
(24, 2): 0.4302, 11.0034, 3.3174
(24, 3): 0.4302, 11.0034, 3.3174
(24, 4): 0.3761, 11.0292, 3.4756
(24, 5): 0.2986, 11.0423, 3.7149
(24, 6): 0.2986, 11.0423, 3.7149
(24, 7): 0.2724, 11.0080, 3.9279
(24, 8): 0.2462, 11.0284, 3.9865
(24, 9): 0.2462, 11.0284, 3.9865
(24, 10): 0.3659, 11.0207, 3.3713
(24, 11): 0.5329, 11.0721, 2.5007
(24, 12): 0.5329, 11.0721, 2.5007
(24, 13): 0.3040, 11.1450, 3.4388
(24, 14): 0.2536, 11.1363, 3.5372
(24, 15): 0.1462, 11.0674, 4.6017
(24, 16): 0.1462, 11.0674, 4.6017
(24, 17): 0.1597, 11.0166, 4.9876
(24, 18): 0.2101, 11.0498, 4.8049
(24, 19): 0.2101, 11.0498, 4.8049
(24, 20): 0.2542, 11.0805, 4.7888
(24, 21): 0.2555, 11.0048, 4.7057
(24, 22): 0.2555, 11.0048, 4.7057
(24, 23): 0.3027, 11.0057, 4.6345
(24, 24): 0.2155, 11.0459, 5.1834
(24, 25): 0.2155, 11.0459, 5.1834
(24, 26): 0.1768, 11.0306, 4.5021
(24, 27): 0.1437, 11.0460, 5.1770
(24, 28): 0.1437, 11.0460, 5.1770
(24, 29): 0.1156, 11.0700, 6.1768
(24, 30): 0.1143, 11.0652, 5.2671
(24, 31): 0.1124, 11.0351, 5.1631
(24, 32): 0.0279, 11.0329, 6.0568
(24, 33): 0.0509, 11.0915, 5.1035
(24, 34): 0.0449, 11.1853, 4.1165
(24, 35): 0.0449, 11.1853, 4.1165
(24, 36): -0.0401, 11.0491, 5.0380
(24, 37): -0.0017, 11.0128, 4.6312
(25, 1): 0.6334, 11.0666, 2.2213
(25, 2): 0.4427, 11.0450, 3.3456
(25, 3): 0.4427, 11.0450, 3.3456
(25, 4): 0.4527, 11.0116, 3.3696
(25, 5): 0.3374, 11.1578, 3.9594
(25, 6): 0.3374, 11.1578, 3.9594
(25, 7): 0.2724, 11.0080, 3.9279
(25, 8): 0.2462, 11.0284, 3.9865
(25, 9): 0.2462, 11.0284, 3.9865
(25, 10): 0.3659, 11.0207, 3.3713
(25, 11): 0.5329, 11.0721, 2.5007
(25, 12): 0.5329, 11.0721, 2.5007
(25, 13): 0.4131, 11.0955, 3.0640
(25, 14): 0.2392, 11.1667, 3.6592
(25, 15): 0.1080, 11.3066, 4.7143
(25, 16): 0.1080, 11.3066, 4.7143
(25, 17): 0.1237, 11.2469, 4.9822
(25, 18): 0.1901, 11.0110, 4.8655
(25, 19): 0.1901, 11.0110, 4.8655
(25, 20): 0.3584, 11.0733, 4.4378
(25, 21): 0.3402, 11.1165, 4.5500
(25, 22): 0.3402, 11.1165, 4.5500
(25, 23): 0.2430, 11.0144, 5.7322
(25, 24): 0.1343, 11.0602, 6.5894
(25, 25): 0.1343, 11.0602, 6.5894
(25, 26): -0.0058, 11.0121, 6.6581
(25, 27): 0.0691, 11.0035, 5.2654
(25, 28): 0.0691, 11.0035, 5.2654
(25, 29): 0.1562, 11.0533, 4.3529
(25, 30): 0.1124, 11.0351, 5.1631
(25, 31): 0.1124, 11.0351, 5.1631
(25, 32): 0.0279, 11.0329, 6.0568
(25, 33): 0.0509, 11.0915, 5.1035
(25, 34): 0.0449, 11.1853, 4.1165
(25, 35): 0.0449, 11.1853, 4.1165
(25, 36): -0.0401, 11.0491, 5.0380
(25, 37): 0.0832, 11.1057, 4.5886
(26, 1): 0.4357, 11.0376, 2.8405
(26, 2): 0.4427, 11.0450, 3.3456
(26, 3): 0.4427, 11.0450, 3.3456
(26, 4): 0.4527, 11.0116, 3.3696
(26, 5): 0.3374, 11.1578, 3.9594
(26, 6): 0.3374, 11.1578, 3.9594
(26, 7): 0.2833, 11.0915, 4.4772
(26, 8): 0.3358, 11.0250, 3.9156
(26, 9): 0.3358, 11.0250, 3.9156
(26, 10): 0.3728, 11.0131, 3.5240
(26, 11): 0.4912, 11.0560, 2.6684
(26, 12): 0.4912, 11.0560, 2.6684
(26, 13): 0.2521, 11.0604, 3.2934
(26, 14): 0.1745, 11.1126, 4.1135
(26, 15): 0.1810, 11.0244, 4.1773
(26, 16): 0.1810, 11.0244, 4.1773
(26, 17): 0.2363, 11.0012, 4.0723
(26, 18): 0.2670, 11.0395, 4.0886
(26, 19): 0.2670, 11.0395, 4.0886
(26, 20): 0.4305, 11.0558, 4.1247
(26, 21): 0.4233, 11.0006, 4.2315
(26, 22): 0.4233, 11.0006, 4.2315
(26, 23): 0.2554, 11.0552, 5.0090
(26, 24): 0.1988, 11.0140, 5.4144
(26, 25): 0.1988, 11.0140, 5.4144
(26, 26): 0.1794, 11.0251, 5.7601
(26, 27): 0.1731, 11.0925, 5.1690
(26, 28): 0.1731, 11.0925, 5.1690
(26, 29): 0.1110, 11.1202, 5.8658
(26, 30): 0.0944, 11.1576, 5.9910
(26, 31): 0.0944, 11.1576, 5.9910
(26, 32): -0.0149, 11.1959, 6.7301
(26, 33): -0.0161, 11.0346, 5.3803
(26, 34): 0.0294, 11.0569, 4.6105
(26, 35): 0.0294, 11.0569, 4.6105
(26, 36): 0.1140, 11.0925, 3.3624
(26, 37): 0.0832, 11.1057, 4.5886
(27, 1): 0.4357, 11.0376, 2.8405
(27, 2): 0.5045, 11.1062, 2.6491
(27, 3): 0.5045, 11.1062, 2.6491
(27, 4): 0.4925, 11.0198, 3.1831
(27, 5): 0.5233, 11.0192, 3.1275
(27, 6): 0.5233, 11.0192, 3.1275
(27, 7): 0.3298, 11.0645, 4.1008
(27, 8): 0.3230, 11.0102, 4.0983
(27, 9): 0.3230, 11.0102, 4.0983
(27, 10): 0.4020, 11.0105, 3.5311
(27, 11): 0.3828, 11.0794, 3.4292
(27, 12): 0.2422, 11.0681, 3.6628
(27, 13): 0.2422, 11.0681, 3.6628
(27, 14): 0.2247, 11.1698, 3.4968
(27, 15): 0.1826, 11.0558, 4.2031
(27, 16): 0.1826, 11.0558, 4.2031
(27, 17): 0.1864, 11.0283, 4.1121
(27, 18): 0.3540, 11.0677, 3.1912
(27, 19): 0.3540, 11.0677, 3.1912
(27, 20): 0.3430, 11.0109, 4.4326
(27, 21): 0.3020, 11.0142, 4.7978
(27, 22): 0.3020, 11.0142, 4.7978
(27, 23): 0.1997, 11.0420, 6.3963
(27, 24): 0.0875, 11.1222, 6.3168
(27, 25): 0.0875, 11.1222, 6.3168
(27, 26): 0.1742, 11.0262, 5.7800
(27, 27): 0.1817, 11.0080, 4.8330
(27, 28): 0.1817, 11.0080, 4.8330
(27, 29): 0.1469, 11.0543, 5.1436
(27, 30): 0.1863, 11.0267, 4.9792
(27, 31): 0.1863, 11.0267, 4.9792
(27, 32): 0.0409, 11.0373, 6.6451
(27, 33): 0.0769, 11.0176, 4.9664
(27, 34): 0.0769, 11.0176, 4.9664
(27, 35): 0.1359, 11.0025, 4.1824
(27, 36): 0.1919, 11.1089, 3.6099
(27, 37): 0.2176, 11.1624, 3.1560
(28, 1): 0.1556, 11.4899, 3.1491
(28, 2): 0.2538, 11.0113, 3.2809
(28, 3): 0.2538, 11.0113, 3.2809
(28, 4): 0.3728, 11.0495, 3.2339
(28, 5): 0.3376, 11.0180, 3.5781
(28, 6): 0.3376, 11.0180, 3.5781
(28, 7): 0.2850, 11.0049, 4.0054
(28, 8): 0.2758, 11.0239, 4.1566
(28, 9): 0.2758, 11.0239, 4.1566
(28, 10): 0.2890, 11.0438, 4.0718
(28, 11): 0.2465, 11.0102, 4.2096
(28, 12): 0.2192, 11.1570, 3.9541
(28, 13): 0.2192, 11.1570, 3.9541
(28, 14): 0.2344, 11.1320, 3.7440
(28, 15): 0.2293, 11.0213, 3.9389
(28, 16): 0.2293, 11.0213, 3.9389
(28, 17): 0.2419, 11.0220, 3.8978
(28, 18): 0.2200, 11.0730, 4.0657
(28, 19): 0.2200, 11.0730, 4.0657
(28, 20): 0.3879, 11.0467, 3.7378
(28, 21): 0.3582, 11.0268, 4.0955
(28, 22): 0.3582, 11.0268, 4.0955
(28, 23): 0.3271, 11.0332, 5.5310
(28, 24): 0.1619, 11.0467, 4.9737
(28, 25): 0.1619, 11.0467, 4.9737
(28, 26): 0.3382, 11.0266, 4.2166
(28, 27): 0.2919, 11.0342, 4.2406
(28, 28): 0.2919, 11.0342, 4.2406
(28, 29): 0.3315, 11.0414, 3.5031
(28, 30): 0.2028, 11.0106, 4.8497
(28, 31): 0.2028, 11.0106, 4.8497
(28, 32): 0.2230, 11.0312, 4.4537
(28, 33): 0.1889, 11.0282, 3.9857
(28, 34): 0.1889, 11.0282, 3.9857
(28, 35): 0.1146, 11.0026, 4.1584
(28, 36): 0.1152, 11.0450, 3.9783
(28, 37): 0.1423, 11.0004, 3.6205
(29, 1): -0.1424, 11.1637, 3.7506
(29, 2): -0.0341, 11.0293, 4.0213
(29, 3): -0.0341, 11.0293, 4.0213
(29, 4): 0.0124, 11.1004, 4.5998
(29, 5): 0.2176, 11.0530, 3.8815
(29, 6): 0.2176, 11.0530, 3.8815
(29, 7): 0.2722, 11.0602, 3.8362
(29, 8): 0.2329, 11.0406, 4.4374
(29, 9): 0.2024, 11.1523, 5.0232
(29, 10): 0.2024, 11.1523, 5.0232
(29, 11): 0.1739, 11.0272, 5.1586
(29, 12): 0.1562, 11.0518, 4.9248
(29, 13): 0.1562, 11.0518, 4.9248
(29, 14): 0.2358, 11.0114, 3.8662
(29, 15): 0.2344, 11.0012, 4.0024
(29, 16): 0.2344, 11.0012, 4.0024
(29, 17): 0.2012, 11.0043, 4.4220
(29, 18): 0.2387, 11.0194, 4.0445
(29, 19): 0.2387, 11.0194, 4.0445
(29, 20): 0.3631, 11.2187, 3.5996
(29, 21): 0.4065, 11.0065, 3.8573
(29, 22): 0.4065, 11.0065, 3.8573
(29, 23): 0.3693, 11.0317, 3.8072
(29, 24): 0.2500, 11.0336, 3.5450
(29, 25): 0.2500, 11.0336, 3.5450
(29, 26): 0.3269, 11.0176, 3.8096
(29, 27): 0.2322, 11.0390, 4.8212
(29, 28): 0.2322, 11.0390, 4.8212
(29, 29): 0.2967, 11.0456, 4.3626
(29, 30): 0.2237, 11.0554, 4.7999
(29, 31): 0.2237, 11.0554, 4.7999
(29, 32): 0.2803, 11.0364, 4.3234
(29, 33): 0.2024, 11.0734, 4.1095
(29, 34): 0.2024, 11.0734, 4.1095
(29, 35): 0.0944, 11.2368, 3.8902
(29, 36): 0.1093, 11.0691, 3.9191
(29, 37): 0.1093, 11.0691, 3.9191
(30, 1): -0.0135, 11.0080, 2.9661
(30, 2): -0.1093, 11.0033, 5.1552
(30, 3): -0.1093, 11.0033, 5.1552
(30, 4): -0.1055, 11.0017, 4.7548
(30, 5): -0.0244, 11.0229, 4.7146
(30, 6): 0.1756, 11.0347, 4.0830
(30, 7): 0.1756, 11.0347, 4.0830
(30, 8): 0.1711, 11.0124, 4.4621
(30, 9): 0.1937, 11.0299, 4.8943
(30, 10): 0.1937, 11.0299, 4.8943
(30, 11): 0.2381, 11.0737, 4.4664
(30, 12): 0.1746, 11.0291, 4.6131
(30, 13): 0.1746, 11.0291, 4.6131
(30, 14): 0.2037, 11.0450, 3.9829
(30, 15): 0.2601, 11.0237, 3.6287
(30, 16): 0.2601, 11.0237, 3.6287
(30, 17): 0.1865, 11.0025, 4.3431
(30, 18): 0.2018, 11.0349, 4.3953
(30, 19): 0.2018, 11.0349, 4.3953
(30, 20): 0.3012, 11.0502, 4.1990
(30, 21): 0.3221, 11.0485, 4.4971
(30, 22): 0.3221, 11.0485, 4.4971
(30, 23): 0.3513, 11.0601, 3.0352
(30, 24): 0.3223, 11.0368, 3.3387
(30, 25): 0.3223, 11.0368, 3.3387
(30, 26): 0.3766, 11.0700, 3.7185
(30, 27): 0.1786, 11.0240, 5.3725
(30, 28): 0.1786, 11.0240, 5.3725
(30, 29): 0.3512, 11.0877, 3.9740
(30, 30): 0.2487, 11.0165, 4.8623
(30, 31): 0.2487, 11.0165, 4.8623
(30, 32): 0.2748, 11.0438, 4.9637
(30, 33): 0.1151, 11.0119, 4.4177
(30, 34): 0.1151, 11.0119, 4.4177
(30, 35): 0.1199, 11.0160, 4.5229
(30, 36): 0.1277, 11.0029, 4.3816
(30, 37): 0.1277, 11.0029, 4.3816
(31, 1): -0.0135, 11.0080, 2.9661
(31, 2): -0.1093, 11.0033, 5.1552
(31, 3): -0.1055, 11.0017, 4.7548
(31, 4): -0.1055, 11.0017, 4.7548
(31, 5): -0.0244, 11.0229, 4.7146
(31, 6): 0.1756, 11.0347, 4.0830
(31, 7): 0.1756, 11.0347, 4.0830
(31, 8): 0.1711, 11.0124, 4.4621
(31, 9): 0.1937, 11.0299, 4.8943
(31, 10): 0.1937, 11.0299, 4.8943
(31, 11): 0.2381, 11.0737, 4.4664
(31, 12): 0.1746, 11.0291, 4.6131
(31, 13): 0.1746, 11.0291, 4.6131
(31, 14): 0.2037, 11.0450, 3.9829
(31, 15): 0.2601, 11.0237, 3.6287
(31, 16): 0.2601, 11.0237, 3.6287
(31, 17): 0.1865, 11.0025, 4.3431
(31, 18): 0.2018, 11.0349, 4.3953
(31, 19): 0.2018, 11.0349, 4.3953
(31, 20): 0.3012, 11.0502, 4.1990
(31, 21): 0.3221, 11.0485, 4.4971
(31, 22): 0.3221, 11.0485, 4.4971
(31, 23): 0.3513, 11.0601, 3.0352
(31, 24): 0.3223, 11.0368, 3.3387
(31, 25): 0.3223, 11.0368, 3.3387
(31, 26): 0.3766, 11.0700, 3.7185
(31, 27): 0.1786, 11.0240, 5.3725
(31, 28): 0.1786, 11.0240, 5.3725
(31, 29): 0.3512, 11.0877, 3.9740
(31, 30): 0.2487, 11.0165, 4.8623
(31, 31): 0.2487, 11.0165, 4.8623
(31, 32): 0.2748, 11.0438, 4.9637
(31, 33): 0.1151, 11.0119, 4.4177
(31, 34): 0.1151, 11.0119, 4.4177
(31, 35): 0.1199, 11.0160, 4.5229
(31, 36): 0.1277, 11.0029, 4.3816
(31, 37): 0.1277, 11.0029, 4.3816
(32, 1): -0.0135, 11.0080, 2.9661
(32, 2): -0.1093, 11.0033, 5.1552
(32, 3): -0.1055, 11.0017, 4.7548
(32, 4): -0.1055, 11.0017, 4.7548
(32, 5): -0.0244, 11.0229, 4.7146
(32, 6): 0.1756, 11.0347, 4.0830
(32, 7): 0.1756, 11.0347, 4.0830
(32, 8): 0.1711, 11.0124, 4.4621
(32, 9): 0.1937, 11.0299, 4.8943
(32, 10): 0.1937, 11.0299, 4.8943
(32, 11): 0.2381, 11.0737, 4.4664
(32, 12): 0.1746, 11.0291, 4.6131
(32, 13): 0.1746, 11.0291, 4.6131
(32, 14): 0.2037, 11.0450, 3.9829
(32, 15): 0.2601, 11.0237, 3.6287
(32, 16): 0.2601, 11.0237, 3.6287
(32, 17): 0.1865, 11.0025, 4.3431
(32, 18): 0.2018, 11.0349, 4.3953
(32, 19): 0.2018, 11.0349, 4.3953
(32, 20): 0.3012, 11.0502, 4.1990
(32, 21): 0.3221, 11.0485, 4.4971
(32, 22): 0.3221, 11.0485, 4.4971
(32, 23): 0.3513, 11.0601, 3.0352
(32, 24): 0.3223, 11.0368, 3.3387
(32, 25): 0.3223, 11.0368, 3.3387
(32, 26): 0.3766, 11.0700, 3.7185
(32, 27): 0.1786, 11.0240, 5.3725
(32, 28): 0.1786, 11.0240, 5.3725
(32, 29): 0.3512, 11.0877, 3.9740
(32, 30): 0.2487, 11.0165, 4.8623
(32, 31): 0.2487, 11.0165, 4.8623
(32, 32): 0.2748, 11.0438, 4.9637
(32, 33): 0.1151, 11.0119, 4.4177
(32, 34): 0.1151, 11.0119, 4.4177
(32, 35): 0.1199, 11.0160, 4.5229
(32, 36): 0.1277, 11.0029, 4.3816
(32, 37): 0.1277, 11.0029, 4.3816
