(1, 1): 0.0163, 0.7525, 0.3490, 0.1411
(1, 2): 0.0163, 0.7525, 0.3490, 0.1411
(1, 3): 0.0163, 0.7525, 0.3490, 0.1411
(1, 4): 0.0163, 0.7525, 0.3490, 0.1411
(1, 5): 0.0163, 0.7525, 0.3490, 0.1411
(1, 6): 0.0163, 0.7525, 0.3490, 0.1411
(1, 7): 0.0163, 0.7525, 0.3490, 0.1411
(1, 8): 1.2611, 0.7519, 0.0761, 0.1372
(1, 9): 1.2611, 0.7519, 0.0761, 0.1372
(1, 10): 1.2611, 0.7519, 0.0761, 0.1372
(1, 11): 1.2611, 0.7519, 0.0761, 0.1372
(1, 12): 1.2611, 0.7519, 0.0761, 0.1372
(1, 13): 1.2611, 0.7519, 0.0761, 0.1372
(1, 14): -0.0516, 0.7533, 0.2527, 0.1596
(1, 15): -0.0516, 0.7533, 0.2527, 0.1596
(1, 16): -0.0516, 0.7533, 0.2527, 0.1596
(1, 17): -0.0593, 0.7512, 0.3330, 0.1580
(1, 18): -1.1371, 0.7620, 0.3993, 0.1469
(1, 19): 1.0766, 0.7531, 0.0498, 0.1383
(1, 20): 1.0766, 0.7531, 0.0498, 0.1383
(1, 21): -1.4341, 0.7613, 0.4561, 0.1349
(1, 22): -1.4341, 0.7613, 0.4561, 0.1349
(1, 23): 0.1033, 0.7525, 0.7412, 0.1522
(1, 24): 0.0720, 0.7519, 0.6771, 0.1552
(1, 25): 0.0720, 0.7519, 0.6771, 0.1552
(1, 26): 0.0720, 0.7519, 0.6771, 0.1552
(1, 27): 0.1814, 0.8031, 0.2711, 0.1331
(2, 1): 0.0163, 0.7525, 0.3490, 0.1411
(2, 2): 0.0163, 0.7525, 0.3490, 0.1411
(2, 3): 0.0163, 0.7525, 0.3490, 0.1411
(2, 4): 0.0163, 0.7525, 0.3490, 0.1411
(2, 5): 0.0163, 0.7525, 0.3490, 0.1411
(2, 6): 0.0163, 0.7525, 0.3490, 0.1411
(2, 7): 0.0163, 0.7525, 0.3490, 0.1411
(2, 8): 0.0163, 0.7525, 0.3490, 0.1411
(2, 9): 1.2611, 0.7519, 0.0761, 0.1372
(2, 10): 1.2611, 0.7519, 0.0761, 0.1372
(2, 11): 1.2611, 0.7519, 0.0761, 0.1372
(2, 12): 1.2611, 0.7519, 0.0761, 0.1372
(2, 13): 1.2611, 0.7519, 0.0761, 0.1372
(2, 14): 0.0939, 0.7544, 0.3729, 0.1547
(2, 15): -0.0516, 0.7533, 0.2527, 0.1596
(2, 16): -0.0516, 0.7533, 0.2527, 0.1596
(2, 17): -0.0593, 0.7512, 0.3330, 0.1580
(2, 18): -1.1371, 0.7620, 0.3993, 0.1469
(2, 19): 1.0766, 0.7531, 0.0498, 0.1383
(2, 20): 1.0766, 0.7531, 0.0498, 0.1383
(2, 21): -1.4341, 0.7613, 0.4561, 0.1349
(2, 22): -1.4341, 0.7613, 0.4561, 0.1349
(2, 23): 0.1033, 0.7525, 0.7412, 0.1522
(2, 24): 0.0720, 0.7519, 0.6771, 0.1552
(2, 25): 0.0720, 0.7519, 0.6771, 0.1552
(2, 26): 0.1814, 0.8031, 0.2711, 0.1331
(2, 27): 0.1814, 0.8031, 0.2711, 0.1331
(3, 1): 0.1390, 0.7519, 0.3602, 0.1428
(3, 2): 0.1390, 0.7519, 0.3602, 0.1428
(3, 3): 0.0163, 0.7525, 0.3490, 0.1411
(3, 4): 0.0163, 0.7525, 0.3490, 0.1411
(3, 5): 0.0163, 0.7525, 0.3490, 0.1411
(3, 6): 0.0163, 0.7525, 0.3490, 0.1411
(3, 7): 0.0163, 0.7525, 0.3490, 0.1411
(3, 8): 0.0163, 0.7525, 0.3490, 0.1411
(3, 9): 0.0163, 0.7525, 0.3490, 0.1411
(3, 10): 1.2611, 0.7519, 0.0761, 0.1372
(3, 11): 1.2611, 0.7519, 0.0761, 0.1372
(3, 12): 1.2611, 0.7519, 0.0761, 0.1372
(3, 13): 1.2611, 0.7519, 0.0761, 0.1372
(3, 14): 0.0939, 0.7544, 0.3729, 0.1547
(3, 15): 0.2813, 0.7825, 0.1359, 0.1556
(3, 16): -0.0516, 0.7533, 0.2527, 0.1596
(3, 17): -0.0593, 0.7512, 0.3330, 0.1580
(3, 18): -1.1371, 0.7620, 0.3993, 0.1469
(3, 19): 0.2413, 0.7537, 0.2136, 0.1488
(3, 20): 1.1822, 0.7825, 0.0296, 0.1445
(3, 21): -0.4807, 0.7944, 0.2522, 0.1508
(3, 22): 0.0853, 0.7506, 0.4730, 0.1525
(3, 23): 0.1033, 0.7525, 0.7412, 0.1522
(3, 24): 0.0720, 0.7519, 0.6771, 0.1552
(3, 25): 0.2170, 0.7519, 0.4867, 0.1518
(3, 26): 0.1814, 0.8031, 0.2711, 0.1331
(3, 27): 0.1814, 0.8031, 0.2711, 0.1331
(4, 1): 0.1390, 0.7519, 0.3602, 0.1428
(4, 2): 0.1390, 0.7519, 0.3602, 0.1428
(4, 3): 0.1390, 0.7519, 0.3602, 0.1428
(4, 4): 0.1390, 0.7519, 0.3602, 0.1428
(4, 5): 0.0163, 0.7525, 0.3490, 0.1411
(4, 6): 0.0163, 0.7525, 0.3490, 0.1411
(4, 7): 0.0163, 0.7525, 0.3490, 0.1411
(4, 8): 0.0163, 0.7525, 0.3490, 0.1411
(4, 9): 0.0163, 0.7525, 0.3490, 0.1411
(4, 10): 0.0163, 0.7525, 0.3490, 0.1411
(4, 11): 1.2611, 0.7519, 0.0761, 0.1372
(4, 12): 1.2611, 0.7519, 0.0761, 0.1372
(4, 13): 1.2611, 0.7519, 0.0761, 0.1372
(4, 14): 0.0939, 0.7544, 0.3729, 0.1547
(4, 15): 0.2813, 0.7825, 0.1359, 0.1556
(4, 16): -1.0918, 0.7503, 0.5640, 0.1524
(4, 17): -0.3029, 0.7515, 0.3103, 0.1530
(4, 18): 0.1195, 0.7525, 0.5775, 0.1582
(4, 19): 0.0548, 0.7537, 0.7366, 0.1580
(4, 20): 0.0527, 0.7506, 0.8027, 0.1524
(4, 21): 0.0951, 0.7506, 0.7805, 0.1535
(4, 22): 0.1086, 0.7513, 0.7719, 0.1528
(4, 23): 0.1216, 0.7519, 0.7556, 0.1519
(4, 24): 0.1798, 0.7506, 0.6822, 0.1514
(4, 25): 0.2170, 0.7519, 0.4867, 0.1518
(4, 26): 0.1814, 0.8031, 0.2711, 0.1331
(4, 27): 0.3817, 0.7506, 0.2099, 0.1480
(5, 1): 0.1390, 0.7519, 0.3602, 0.1428
(5, 2): 0.1390, 0.7519, 0.3602, 0.1428
(5, 3): 0.1390, 0.7519, 0.3602, 0.1428
(5, 4): 0.1390, 0.7519, 0.3602, 0.1428
(5, 5): 0.1390, 0.7519, 0.3602, 0.1428
(5, 6): 0.1390, 0.7519, 0.3602, 0.1428
(5, 7): 0.0163, 0.7525, 0.3490, 0.1411
(5, 8): 0.0163, 0.7525, 0.3490, 0.1411
(5, 9): 0.0163, 0.7525, 0.3490, 0.1411
(5, 10): 0.0163, 0.7525, 0.3490, 0.1411
(5, 11): 0.0163, 0.7525, 0.3490, 0.1411
(5, 12): -1.5799, 0.7675, 0.1244, 0.1349
(5, 13): -0.1946, 0.7650, 0.3439, 0.1409
(5, 14): -0.1946, 0.7650, 0.3439, 0.1409
(5, 15): 0.1095, 0.7513, 0.4945, 0.1869
(5, 16): 0.1170, 0.7531, 0.4502, 0.1650
(5, 17): 0.0795, 0.7506, 0.8375, 0.1690
(5, 18): 0.1284, 0.7519, 0.8039, 0.1586
(5, 19): 0.0999, 0.7525, 0.8240, 0.1569
(5, 20): 0.0813, 0.7506, 0.8354, 0.1589
(5, 21): 0.1002, 0.7506, 0.8253, 0.1566
(5, 22): 0.1200, 0.7519, 0.7766, 0.1528
(5, 23): 0.1525, 0.7519, 0.7197, 0.1519
(5, 24): 0.1731, 0.7506, 0.7248, 0.1562
(5, 25): 0.2663, 0.7506, 0.6533, 0.1560
(5, 26): 0.2029, 0.7512, 0.6693, 0.1521
(5, 27): 0.3817, 0.7506, 0.2099, 0.1480
(6, 1): 0.1390, 0.7519, 0.3602, 0.1428
(6, 2): 0.1390, 0.7519, 0.3602, 0.1428
(6, 3): 0.1390, 0.7519, 0.3602, 0.1428
(6, 4): 0.1390, 0.7519, 0.3602, 0.1428
(6, 5): 0.1390, 0.7519, 0.3602, 0.1428
(6, 6): 0.1390, 0.7519, 0.3602, 0.1428
(6, 7): 0.1390, 0.7519, 0.3602, 0.1428
(6, 8): 0.1390, 0.7519, 0.3602, 0.1428
(6, 9): 0.0163, 0.7525, 0.3490, 0.1411
(6, 10): 0.0163, 0.7525, 0.3490, 0.1411
(6, 11): 0.0163, 0.7525, 0.3490, 0.1411
(6, 12): -1.5799, 0.7675, 0.1244, 0.1349
(6, 13): -1.5799, 0.7675, 0.1244, 0.1349
(6, 14): 0.1095, 0.7513, 0.4945, 0.1869
(6, 15): 0.1095, 0.7513, 0.4945, 0.1869
(6, 16): 0.1134, 0.7525, 0.7774, 0.1810
(6, 17): 0.1208, 0.7519, 0.7544, 0.1657
(6, 18): 0.1256, 0.7519, 0.7490, 0.1627
(6, 19): 0.1382, 0.7506, 0.7165, 0.1618
(6, 20): 0.1020, 0.7512, 0.7943, 0.1602
(6, 21): 0.0905, 0.7506, 0.8826, 0.1558
(6, 22): 0.1248, 0.7512, 0.8156, 0.1601
(6, 23): 0.1846, 0.7506, 0.7142, 0.1601
(6, 24): 0.1793, 0.7512, 0.7326, 0.1592
(6, 25): 0.2067, 0.7506, 0.7374, 0.1509
(6, 26): 0.2154, 0.7506, 0.6953, 0.1476
(6, 27): 0.1699, 0.7506, 0.3206, 0.1560
(7, 1): 0.1390, 0.7519, 0.3602, 0.1428
(7, 2): 0.1390, 0.7519, 0.3602, 0.1428
(7, 3): 0.1390, 0.7519, 0.3602, 0.1428
(7, 4): 0.1390, 0.7519, 0.3602, 0.1428
(7, 5): 0.1390, 0.7519, 0.3602, 0.1428
(7, 6): 0.1390, 0.7519, 0.3602, 0.1428
(7, 7): 0.1390, 0.7519, 0.3602, 0.1428
(7, 8): 0.1390, 0.7519, 0.3602, 0.1428
(7, 9): 0.1390, 0.7519, 0.3602, 0.1428
(7, 10): 0.2711, 0.7537, 0.2410, 0.1464
(7, 11): 0.2711, 0.7537, 0.2410, 0.1464
(7, 12): 0.2711, 0.7537, 0.2410, 0.1464
(7, 13): -1.5799, 0.7675, 0.1244, 0.1349
(7, 14): 0.0864, 0.7506, 0.7487, 0.2943
(7, 15): 0.0864, 0.7506, 0.7487, 0.2943
(7, 16): 0.1004, 0.7506, 0.7682, 0.2054
(7, 17): 0.1050, 0.7512, 0.7827, 0.1609
(7, 18): 0.1256, 0.7512, 0.7754, 0.1623
(7, 19): 0.1285, 0.7513, 0.7823, 0.1665
(7, 20): 0.1513, 0.7506, 0.7788, 0.1640
(7, 21): 0.1443, 0.7506, 0.8282, 0.1621
(7, 22): 0.1761, 0.7513, 0.7556, 0.1598
(7, 23): 0.1708, 0.7506, 0.7809, 0.1585
(7, 24): 0.2111, 0.7506, 0.7814, 0.1536
(7, 25): 0.1927, 0.7512, 0.7006, 0.1495
(7, 26): 0.1581, 0.7519, 0.7525, 0.1464
(7, 27): 0.2006, 0.7519, 0.4885, 0.1498
(8, 1): 0.1390, 0.7519, 0.3602, 0.1428
(8, 2): 0.1390, 0.7519, 0.3602, 0.1428
(8, 3): 0.1390, 0.7519, 0.3602, 0.1428
(8, 4): 0.1390, 0.7519, 0.3602, 0.1428
(8, 5): 0.1390, 0.7519, 0.3602, 0.1428
(8, 6): 0.1390, 0.7519, 0.3602, 0.1428
(8, 7): 0.1390, 0.7519, 0.3602, 0.1428
(8, 8): 0.1390, 0.7519, 0.3602, 0.1428
(8, 9): 0.1390, 0.7519, 0.3602, 0.1428
(8, 10): 0.1390, 0.7519, 0.3602, 0.1428
(8, 11): 0.1406, 0.7512, 0.3841, 0.1421
(8, 12): 0.1406, 0.7512, 0.3841, 0.1421
(8, 13): -0.0114, 0.7519, 0.2081, 0.1532
(8, 14): -0.0114, 0.7519, 0.2081, 0.1532
(8, 15): 0.0989, 0.7513, 0.7314, 0.4221
(8, 16): 0.1153, 0.7512, 0.7256, 0.2009
(8, 17): 0.1021, 0.7519, 0.7817, 0.1640
(8, 18): 0.1510, 0.7506, 0.7722, 0.1610
(8, 19): 0.1264, 0.7512, 0.7947, 0.1633
(8, 20): 0.0881, 0.7512, 0.8347, 0.1623
(8, 21): 0.1058, 0.7512, 0.8148, 0.1606
(8, 22): 0.1284, 0.7512, 0.7921, 0.1575
(8, 23): 0.1828, 0.7506, 0.7664, 0.1566
(8, 24): 0.2091, 0.7512, 0.7238, 0.1511
(8, 25): 0.2562, 0.7519, 0.6744, 0.1458
(8, 26): 0.1467, 0.7506, 0.7657, 0.1452
(8, 27): 0.1381, 0.7506, 0.4563, 0.1512
(9, 1): 0.1624, 0.7506, 0.3544, 0.1406
(9, 2): 0.1624, 0.7506, 0.3544, 0.1406
(9, 3): 0.1624, 0.7506, 0.3544, 0.1406
(9, 4): 0.1624, 0.7506, 0.3544, 0.1406
(9, 5): 0.1624, 0.7506, 0.3544, 0.1406
(9, 6): 0.1624, 0.7506, 0.3544, 0.1406
(9, 7): 0.1624, 0.7506, 0.3544, 0.1406
(9, 8): 0.1624, 0.7506, 0.3544, 0.1406
(9, 9): 0.1624, 0.7506, 0.3544, 0.1406
(9, 10): 0.1624, 0.7506, 0.3544, 0.1406
(9, 11): 0.1406, 0.7512, 0.3841, 0.1421
(9, 12): 0.1053, 0.7506, 0.4264, 0.1537
(9, 13): 0.1053, 0.7506, 0.4264, 0.1537
(9, 14): -0.0114, 0.7519, 0.2081, 0.1532
(9, 15): 0.1541, 0.7506, 0.6300, 0.3731
(9, 16): 0.1517, 0.7506, 0.7325, 0.1952
(9, 17): 0.1326, 0.7506, 0.7645, 0.1652
(9, 18): 0.1714, 0.7506, 0.7849, 0.1649
(9, 19): 0.1373, 0.7544, 0.7930, 0.1616
(9, 20): 0.1057, 0.7525, 0.8258, 0.1600
(9, 21): 0.1169, 0.7506, 0.8408, 0.1617
(9, 22): 0.1468, 0.7506, 0.7948, 0.1698
(9, 23): 0.2120, 0.7506, 0.7242, 0.1561
(9, 24): 0.1738, 0.7506, 0.7507, 0.1515
(9, 25): 0.1837, 0.7506, 0.8042, 0.1451
(9, 26): 0.1042, 0.7525, 0.8087, 0.1475
(9, 27): 0.1601, 0.7944, 0.1746, 0.1409
(10, 1): 0.1154, 0.7506, 0.3825, 0.1498
(10, 2): 0.1154, 0.7506, 0.3825, 0.1498
(10, 3): 0.1154, 0.7506, 0.3825, 0.1498
(10, 4): 0.1154, 0.7506, 0.3825, 0.1498
(10, 5): 0.1154, 0.7506, 0.3825, 0.1498
(10, 6): 0.1154, 0.7506, 0.3825, 0.1498
(10, 7): 0.1154, 0.7506, 0.3825, 0.1498
(10, 8): 0.1154, 0.7506, 0.3825, 0.1498
(10, 9): 0.1154, 0.7506, 0.3825, 0.1498
(10, 10): 0.1154, 0.7506, 0.3825, 0.1498
(10, 11): 0.2108, 0.7706, 0.1329, 0.1476
(10, 12): 0.1053, 0.7506, 0.4264, 0.1537
(10, 13): 0.1053, 0.7506, 0.4264, 0.1537
(10, 14): -4.1194, 0.7640, 0.8100, 0.1354
(10, 15): 0.1898, 0.7506, 0.6043, 0.2208
(10, 16): 0.1237, 0.7506, 0.7173, 0.1945
(10, 17): 0.1684, 0.7525, 0.7395, 0.1628
(10, 18): 0.1604, 0.7506, 0.7660, 0.1561
(10, 19): 0.1377, 0.7506, 0.7973, 0.1601
(10, 20): 0.1473, 0.7506, 0.7704, 0.1607
(10, 21): 0.1443, 0.7519, 0.8471, 0.1595
(10, 22): 0.1275, 0.7506, 0.8085, 0.1564
(10, 23): 0.1249, 0.7506, 0.8002, 0.1549
(10, 24): 0.2177, 0.7531, 0.7105, 0.1515
(10, 25): 0.1796, 0.7506, 0.7477, 0.1470
(10, 26): 0.1914, 0.7513, 0.6739, 0.1435
(10, 27): 0.1914, 0.7513, 0.6739, 0.1435
(11, 1): 0.3879, 0.7650, 0.1893, 0.1528
(11, 2): 1.2463, 0.7506, 0.3374, 0.1463
(11, 3): 1.2463, 0.7506, 0.3374, 0.1463
(11, 4): 1.2463, 0.7506, 0.3374, 0.1463
(11, 5): 1.2463, 0.7506, 0.3374, 0.1463
(11, 6): 1.2463, 0.7506, 0.3374, 0.1463
(11, 7): 1.2463, 0.7506, 0.3374, 0.1463
(11, 8): 1.2463, 0.7506, 0.3374, 0.1463
(11, 9): 1.2463, 0.7506, 0.3374, 0.1463
(11, 10): 1.2463, 0.7506, 0.3374, 0.1463
(11, 11): 0.0581, 0.7506, 0.7521, 0.1494
(11, 12): 0.1097, 0.7506, 0.7186, 0.1556
(11, 13): 0.0218, 0.7563, 0.2984, 0.1541
(11, 14): 0.0218, 0.7563, 0.2984, 0.1541
(11, 15): 0.1898, 0.7506, 0.6043, 0.2208
(11, 16): 1.8261, 0.7731, 0.0890, 0.1443
(11, 17): 0.1912, 0.7506, 0.7095, 0.1565
(11, 18): 0.1773, 0.7506, 0.7218, 0.1589
(11, 19): 0.1709, 0.7513, 0.7812, 0.1588
(11, 20): 0.2117, 0.7506, 0.7117, 0.1586
(11, 21): 0.1563, 0.7506, 0.8042, 0.1546
(11, 22): 0.1166, 0.7531, 0.8237, 0.1561
(11, 23): 0.1231, 0.7506, 0.7518, 0.1549
(11, 24): 0.0976, 0.7512, 0.7840, 0.1504
(11, 25): 0.1601, 0.7506, 0.7489, 0.1464
(11, 26): 0.1203, 0.7525, 0.6999, 0.1445
(11, 27): 0.1203, 0.7525, 0.6999, 0.1445
(12, 1): 0.3879, 0.7650, 0.1893, 0.1528
(12, 2): 0.3879, 0.7650, 0.1893, 0.1528
(12, 3): 0.3879, 0.7650, 0.1893, 0.1528
(12, 4): 0.3879, 0.7650, 0.1893, 0.1528
(12, 5): 0.0247, 0.7519, 0.7592, 0.1460
(12, 6): 0.0247, 0.7519, 0.7592, 0.1460
(12, 7): 0.0247, 0.7519, 0.7592, 0.1460
(12, 8): 0.0247, 0.7519, 0.7592, 0.1460
(12, 9): 0.0247, 0.7519, 0.7592, 0.1460
(12, 10): 0.0247, 0.7519, 0.7592, 0.1460
(12, 11): 0.0360, 0.7506, 0.8244, 0.1513
(12, 12): 0.1537, 0.7506, 0.7421, 0.1646
(12, 13): 0.2093, 0.7513, 0.5455, 0.1546
(12, 14): 0.3771, 0.7525, 0.3131, 0.1577
(12, 15): 0.5035, 0.7556, 0.1935, 0.1754
(12, 16): 0.5035, 0.7556, 0.1935, 0.1754
(12, 17): 0.1591, 0.7538, 0.7111, 0.1635
(12, 18): 0.1535, 0.7512, 0.7809, 0.1562
(12, 19): 0.1595, 0.7506, 0.7763, 0.1577
(12, 20): 0.1243, 0.7506, 0.8342, 0.1578
(12, 21): 0.1786, 0.7506, 0.7745, 0.1568
(12, 22): 0.1353, 0.7519, 0.7981, 0.1508
(12, 23): 0.0981, 0.7512, 0.8168, 0.1526
(12, 24): 0.1594, 0.7525, 0.6642, 0.1503
(12, 25): 0.0611, 0.7588, 0.3244, 0.1511
(12, 26): 0.3416, 0.7519, 0.2292, 0.1456
(12, 27): 0.3416, 0.7519, 0.2292, 0.1456
(13, 1): 0.3879, 0.7650, 0.1893, 0.1528
(13, 2): 0.3879, 0.7650, 0.1893, 0.1528
(13, 3): 0.3879, 0.7650, 0.1893, 0.1528
(13, 4): 0.3879, 0.7650, 0.1893, 0.1528
(13, 5): 0.3879, 0.7650, 0.1893, 0.1528
(13, 6): 0.3879, 0.7650, 0.1893, 0.1528
(13, 7): 0.3879, 0.7650, 0.1893, 0.1528
(13, 8): 0.0303, 0.7506, 0.8199, 0.1437
(13, 9): 0.0303, 0.7506, 0.8199, 0.1437
(13, 10): 0.0303, 0.7506, 0.8199, 0.1437
(13, 11): 0.0785, 0.7506, 0.8260, 0.1476
(13, 12): 0.1145, 0.7512, 0.7531, 0.1469
(13, 13): 0.2354, 0.7531, 0.5454, 0.1524
(13, 14): 0.4905, 0.7738, 0.2693, 0.1426
(13, 15): -2.0622, 0.7588, 1.6135, 0.1453
(13, 16): 1.0352, 0.7581, 0.0848, 0.1687
(13, 17): 0.1564, 0.7512, 0.5401, 0.1823
(13, 18): 0.1451, 0.7512, 0.7033, 0.1577
(13, 19): 0.1624, 0.7512, 0.7881, 0.1567
(13, 20): 0.1460, 0.7506, 0.7957, 0.1518
(13, 21): 0.1641, 0.7506, 0.7901, 0.1552
(13, 22): 0.1704, 0.7506, 0.7816, 0.1538
(13, 23): 0.1898, 0.7513, 0.7382, 0.1529
(13, 24): 0.2069, 0.7500, 0.5951, 0.1513
(13, 25): 0.0611, 0.7588, 0.3244, 0.1511
(13, 26): 0.3416, 0.7519, 0.2292, 0.1456
(13, 27): 0.3416, 0.7519, 0.2292, 0.1456
(14, 1): 0.3879, 0.7650, 0.1893, 0.1528
(14, 2): 0.3879, 0.7650, 0.1893, 0.1528
(14, 3): 0.3879, 0.7650, 0.1893, 0.1528
(14, 4): 0.3879, 0.7650, 0.1893, 0.1528
(14, 5): 0.3879, 0.7650, 0.1893, 0.1528
(14, 6): 0.3879, 0.7650, 0.1893, 0.1528
(14, 7): 0.3879, 0.7650, 0.1893, 0.1528
(14, 8): 0.3879, 0.7650, 0.1893, 0.1528
(14, 9): 0.0887, 0.7531, 0.8201, 0.1419
(14, 10): 0.0887, 0.7531, 0.8201, 0.1419
(14, 11): 0.1316, 0.7506, 0.8172, 0.1504
(14, 12): 0.1824, 0.7512, 0.6890, 0.1547
(14, 13): 0.2354, 0.7531, 0.5454, 0.1524
(14, 14): -2.0622, 0.7588, 1.6135, 0.1453
(14, 15): -2.0622, 0.7588, 1.6135, 0.1453
(14, 16): 0.2046, 0.7512, 0.5711, 0.2166
(14, 17): 0.1690, 0.7512, 0.7338, 0.1831
(14, 18): 0.1821, 0.7506, 0.7909, 0.1595
(14, 19): 0.1598, 0.7538, 0.8095, 0.1547
(14, 20): 0.1774, 0.7500, 0.7796, 0.1572
(14, 21): 0.1758, 0.7512, 0.7717, 0.1544
(14, 22): 0.1828, 0.7512, 0.7401, 0.1543
(14, 23): 0.1536, 0.7506, 0.7547, 0.1498
(14, 24): 0.1087, 0.7506, 0.6897, 0.1514
(14, 25): 0.0910, 0.7519, 0.3855, 0.1523
(14, 26): 0.0880, 0.7500, 0.4539, 0.1530
(14, 27): 0.0880, 0.7500, 0.4539, 0.1530
(15, 1): -2.1079, 0.7611, 1.1110, 0.1298
(15, 2): -2.1079, 0.7611, 1.1110, 0.1298
(15, 3): -2.1079, 0.7611, 1.1110, 0.1298
(15, 4): 0.3879, 0.7650, 0.1893, 0.1528
(15, 5): 0.3879, 0.7650, 0.1893, 0.1528
(15, 6): 0.3879, 0.7650, 0.1893, 0.1528
(15, 7): 0.3879, 0.7650, 0.1893, 0.1528
(15, 8): 0.3879, 0.7650, 0.1893, 0.1528
(15, 9): 0.3879, 0.7650, 0.1893, 0.1528
(15, 10): 0.1135, 0.7519, 0.7842, 0.2024
(15, 11): 0.1538, 0.7512, 0.7765, 0.1805
(15, 12): 0.1894, 0.7519, 0.7355, 0.2190
(15, 13): 0.1378, 0.7537, 0.2989, 0.1774
(15, 14): -1.7834, 0.7641, 0.4808, 0.1387
(15, 15): 0.1795, 0.7506, 0.6172, 0.1644
(15, 16): 0.1313, 0.7519, 0.7873, 0.1794
(15, 17): 0.1617, 0.7531, 0.7162, 0.2002
(15, 18): 0.1386, 0.7525, 0.7243, 0.1735
(15, 19): 0.1670, 0.7506, 0.7780, 0.1576
(15, 20): 0.1847, 0.7569, 0.7756, 0.1576
(15, 21): 0.1785, 0.7537, 0.7546, 0.1533
(15, 22): 0.1495, 0.7506, 0.7573, 0.1539
(15, 23): 0.0800, 0.7506, 0.7798, 0.1523
(15, 24): 0.0677, 0.7506, 0.7811, 0.1516
(15, 25): 0.0374, 0.7525, 0.8188, 0.1486
(15, 26): 0.0805, 0.7506, 0.7798, 0.1478
(15, 27): 0.1976, 0.7519, 0.4881, 0.1509
(16, 1): 0.3960, 0.7550, 0.1969, 0.1408
(16, 2): -2.1079, 0.7611, 1.1110, 0.1298
(16, 3): -2.1079, 0.7611, 1.1110, 0.1298
(16, 4): -2.1079, 0.7611, 1.1110, 0.1298
(16, 5): -2.1079, 0.7611, 1.1110, 0.1298
(16, 6): -2.1079, 0.7611, 1.1110, 0.1298
(16, 7): 0.2369, 0.7562, 0.2409, 0.1515
(16, 8): 0.2369, 0.7562, 0.2409, 0.1515
(16, 9): 0.2369, 0.7562, 0.2409, 0.1515
(16, 10): 0.1006, 0.7513, 0.7937, 0.2214
(16, 11): 0.1570, 0.7506, 0.7632, 0.2656
(16, 12): 0.1753, 0.7506, 0.6910, 0.1526
(16, 13): 0.1728, 0.7562, 0.3309, 0.1651
(16, 14): 0.2294, 0.7513, 0.7011, 0.1599
(16, 15): 0.1546, 0.7506, 0.8103, 0.1765
(16, 16): 0.2349, 0.7506, 0.6380, 0.1913
(16, 17): 0.1753, 0.7513, 0.6621, 0.1725
(16, 18): 0.1533, 0.7506, 0.8035, 0.1618
(16, 19): 0.1939, 0.7512, 0.7767, 0.1559
(16, 20): 0.2715, 0.7506, 0.6709, 0.1546
(16, 21): 0.1794, 0.7506, 0.7285, 0.1545
(16, 22): 0.1220, 0.7506, 0.7737, 0.1530
(16, 23): 0.0967, 0.7506, 0.7527, 0.1536
(16, 24): 0.0767, 0.7506, 0.8173, 0.1510
(16, 25): 0.0807, 0.7506, 0.8310, 0.1539
(16, 26): 0.1684, 0.7506, 0.7497, 0.1490
(16, 27): 0.2104, 0.7512, 0.4556, 0.1528
(17, 1): 0.3960, 0.7550, 0.1969, 0.1408
(17, 2): 0.3960, 0.7550, 0.1969, 0.1408
(17, 3): 0.2906, 0.7612, 0.2268, 0.1402
(17, 4): -2.1079, 0.7611, 1.1110, 0.1298
(17, 5): -2.1079, 0.7611, 1.1110, 0.1298
(17, 6): -2.1079, 0.7611, 1.1110, 0.1298
(17, 7): -2.1079, 0.7611, 1.1110, 0.1298
(17, 8): 0.1889, 0.7506, 0.5097, 0.1534
(17, 9): 0.1889, 0.7506, 0.5097, 0.1534
(17, 10): 0.1503, 0.7506, 0.7225, 0.1732
(17, 11): 0.1983, 0.7519, 0.7226, 0.1552
(17, 12): 0.1747, 0.7506, 0.7585, 0.1982
(17, 13): 0.2462, 0.7506, 0.6227, 0.1546
(17, 14): 0.2084, 0.7512, 0.5813, 0.1592
(17, 15): 0.1157, 0.7519, 0.7477, 0.1645
(17, 16): 0.1758, 0.7513, 0.6820, 0.1593
(17, 17): 0.2029, 0.7506, 0.7502, 0.1582
(17, 18): 0.1323, 0.7506, 0.7792, 0.1646
(17, 19): 0.1784, 0.7513, 0.7403, 0.1659
(17, 20): 0.2148, 0.7506, 0.7394, 0.1536
(17, 21): 0.1335, 0.7506, 0.7947, 0.1547
(17, 22): 0.1551, 0.7506, 0.7659, 0.1524
(17, 23): 0.1346, 0.7513, 0.7272, 0.1567
(17, 24): 0.1087, 0.7506, 0.7829, 0.1537
(17, 25): 0.1069, 0.7506, 0.8515, 0.1549
(17, 26): 0.1704, 0.7531, 0.6738, 0.1553
(17, 27): 0.1704, 0.7531, 0.6738, 0.1553
(18, 1): 0.3960, 0.7550, 0.1969, 0.1408
(18, 2): 0.3960, 0.7550, 0.1969, 0.1408
(18, 3): 0.3960, 0.7550, 0.1969, 0.1408
(18, 4): 0.2906, 0.7612, 0.2268, 0.1402
(18, 5): 0.2906, 0.7612, 0.2268, 0.1402
(18, 6): -2.1079, 0.7611, 1.1110, 0.1298
(18, 7): -2.1079, 0.7611, 1.1110, 0.1298
(18, 8): -2.1079, 0.7611, 1.1110, 0.1298
(18, 9): 0.1491, 0.7512, 0.6882, 0.1600
(18, 10): 0.1459, 0.7544, 0.7503, 0.1634
(18, 11): 0.1089, 0.7506, 0.7955, 0.1565
(18, 12): 0.1616, 0.7506, 0.7821, 0.1536
(18, 13): 0.1582, 0.7513, 0.7636, 0.1501
(18, 14): 0.1614, 0.7519, 0.7930, 0.1525
(18, 15): 0.1770, 0.7506, 0.7686, 0.1507
(18, 16): 0.1997, 0.7525, 0.7397, 0.1525
(18, 17): 0.1773, 0.7506, 0.7348, 0.1570
(18, 18): 0.1374, 0.7506, 0.7673, 0.1625
(18, 19): 0.1664, 0.7519, 0.7515, 0.1760
(18, 20): 0.1838, 0.7506, 0.7356, 0.1533
(18, 21): 0.2053, 0.7506, 0.7063, 0.1569
(18, 22): 0.1625, 0.7506, 0.7724, 0.1572
(18, 23): 0.1897, 0.7506, 0.7494, 0.1542
(18, 24): 0.1164, 0.7512, 0.8166, 0.1525
(18, 25): 0.1347, 0.7506, 0.7483, 0.1518
(18, 26): 0.0389, 0.7531, 0.2842, 0.1561
(18, 27): 0.0389, 0.7531, 0.2842, 0.1561
(19, 1): 0.3960, 0.7550, 0.1969, 0.1408
(19, 2): 0.3960, 0.7550, 0.1969, 0.1408
(19, 3): 0.3960, 0.7550, 0.1969, 0.1408
(19, 4): 0.3960, 0.7550, 0.1969, 0.1408
(19, 5): 0.2906, 0.7612, 0.2268, 0.1402
(19, 6): 0.2906, 0.7612, 0.2268, 0.1402
(19, 7): 0.2906, 0.7612, 0.2268, 0.1402
(19, 8): 0.1287, 0.7506, 0.4534, 0.1454
(19, 9): 0.1246, 0.7506, 0.8138, 0.2277
(19, 10): 0.1585, 0.7513, 0.7861, 0.1489
(19, 11): 0.1574, 0.7513, 0.7652, 0.1545
(19, 12): 0.1619, 0.7506, 0.7920, 0.1492
(19, 13): 0.1369, 0.7506, 0.8008, 0.1467
(19, 14): 0.1400, 0.7512, 0.7853, 0.1485
(19, 15): 0.1656, 0.7512, 0.7763, 0.1510
(19, 16): 0.1653, 0.7519, 0.7700, 0.1518
(19, 17): 0.1822, 0.7512, 0.7191, 0.1526
(19, 18): 0.1565, 0.7519, 0.7574, 0.1542
(19, 19): 0.1898, 0.7512, 0.7392, 0.1745
(19, 20): 0.1798, 0.7506, 0.7503, 0.1608
(19, 21): 0.2125, 0.7506, 0.6923, 0.1544
(19, 22): 0.1605, 0.7506, 0.8243, 0.1578
(19, 23): 0.1902, 0.7512, 0.7988, 0.1533
(19, 24): 0.1456, 0.7537, 0.8406, 0.1558
(19, 25): 0.1658, 0.7512, 0.5633, 0.1588
(19, 26): -0.1294, 0.7531, 0.3990, 0.1541
(19, 27): -0.1294, 0.7531, 0.3990, 0.1541
(20, 1): -0.0129, 0.7650, 0.3793, 0.1460
(20, 2): 0.3960, 0.7550, 0.1969, 0.1408
(20, 3): 0.3960, 0.7550, 0.1969, 0.1408
(20, 4): 0.3960, 0.7550, 0.1969, 0.1408
(20, 5): 0.3960, 0.7550, 0.1969, 0.1408
(20, 6): 0.2906, 0.7612, 0.2268, 0.1402
(20, 7): 0.2906, 0.7612, 0.2268, 0.1402
(20, 8): 0.1356, 0.7513, 0.8007, 0.1542
(20, 9): 0.1274, 0.7506, 0.8179, 0.1629
(20, 10): 0.1520, 0.7506, 0.7911, 0.1460
(20, 11): 0.1593, 0.7525, 0.8040, 0.1459
(20, 12): 0.1918, 0.7506, 0.7824, 0.1490
(20, 13): 0.1730, 0.7512, 0.7660, 0.1568
(20, 14): 0.1826, 0.7512, 0.7403, 0.1576
(20, 15): 0.1694, 0.7544, 0.7802, 0.1474
(20, 16): 0.1324, 0.7506, 0.7949, 0.1495
(20, 17): 0.1367, 0.7513, 0.7614, 0.1508
(20, 18): 0.1908, 0.7513, 0.7233, 0.1553
(20, 19): 0.1543, 0.7506, 0.7781, 0.1646
(20, 20): 0.1410, 0.7519, 0.8120, 0.1615
(20, 21): 0.1414, 0.7525, 0.7990, 0.1565
(20, 22): 0.1809, 0.7512, 0.8002, 0.1566
(20, 23): 0.1812, 0.7519, 0.7988, 0.1562
(20, 24): 0.1240, 0.7512, 0.8766, 0.1529
(20, 25): 0.1366, 0.7506, 0.8021, 0.1544
(20, 26): -0.1294, 0.7531, 0.3990, 0.1541
(20, 27): -0.1294, 0.7531, 0.3990, 0.1541
(21, 1): 0.0327, 0.7513, 0.2229, 0.1356
(21, 2): -0.0129, 0.7650, 0.3793, 0.1460
(21, 3): -0.0129, 0.7650, 0.3793, 0.1460
(21, 4): 0.3960, 0.7550, 0.1969, 0.1408
(21, 5): 0.3960, 0.7550, 0.1969, 0.1408
(21, 6): 0.3960, 0.7550, 0.1969, 0.1408
(21, 7): 0.1894, 0.7506, 0.6740, 0.1440
(21, 8): 0.1629, 0.7506, 0.7818, 0.1478
(21, 9): 0.1823, 0.7506, 0.7904, 0.1542
(21, 10): 0.2147, 0.7519, 0.7759, 0.1498
(21, 11): 0.2255, 0.7531, 0.7555, 0.1472
(21, 12): 0.2281, 0.7506, 0.7291, 0.1476
(21, 13): 0.1812, 0.7525, 0.7644, 0.1514
(21, 14): 0.1572, 0.7513, 0.7772, 0.1484
(21, 15): 0.1965, 0.7525, 0.7536, 0.1474
(21, 16): 0.1251, 0.7506, 0.7789, 0.1506
(21, 17): 0.1214, 0.7512, 0.7718, 0.1523
(21, 18): 0.1686, 0.7506, 0.7638, 0.1569
(21, 19): 0.1852, 0.7506, 0.7312, 0.1579
(21, 20): 0.2069, 0.7506, 0.7326, 0.1581
(21, 21): 0.1520, 0.7506, 0.6828, 0.1641
(21, 22): 0.1362, 0.7519, 0.7173, 0.1594
(21, 23): 0.1223, 0.7506, 0.7095, 0.1617
(21, 24): 0.1315, 0.7506, 0.3702, 0.1594
(21, 25): 0.1315, 0.7506, 0.3702, 0.1594
(21, 26): -0.1294, 0.7531, 0.3990, 0.1541
(21, 27): -0.1294, 0.7531, 0.3990, 0.1541
(22, 1): 0.0327, 0.7513, 0.2229, 0.1356
(22, 2): 0.0327, 0.7513, 0.2229, 0.1356
(22, 3): -0.0129, 0.7650, 0.3793, 0.1460
(22, 4): -0.0129, 0.7650, 0.3793, 0.1460
(22, 5): 1.2455, 0.7506, 0.3387, 0.1515
(22, 6): 1.2455, 0.7506, 0.3387, 0.1515
(22, 7): 0.2226, 0.7506, 0.7191, 0.1494
(22, 8): 0.1890, 0.7506, 0.7384, 0.1485
(22, 9): 0.1791, 0.7506, 0.7709, 0.1741
(22, 10): 0.1997, 0.7519, 0.7267, 0.2728
(22, 11): 0.1919, 0.7506, 0.7546, 0.1505
(22, 12): 0.1914, 0.7506, 0.7694, 0.1501
(22, 13): 0.1674, 0.7506, 0.8057, 0.1476
(22, 14): 0.1481, 0.7513, 0.7969, 0.1468
(22, 15): 0.1289, 0.7506, 0.8223, 0.1492
(22, 16): 0.1437, 0.7519, 0.7618, 0.1512
(22, 17): 0.1093, 0.7506, 0.7955, 0.1545
(22, 18): 0.1384, 0.7512, 0.7728, 0.1602
(22, 19): 0.1310, 0.7506, 0.7714, 0.1673
(22, 20): 0.1636, 0.7513, 0.5960, 0.1641
(22, 21): -0.2183, 0.7600, 0.8104, 0.1527
(22, 22): 0.1362, 0.7519, 0.7173, 0.1594
(22, 23): 0.1223, 0.7506, 0.7095, 0.1617
(22, 24): 0.1315, 0.7506, 0.3702, 0.1594
(22, 25): 0.1315, 0.7506, 0.3702, 0.1594
(22, 26): -0.1294, 0.7531, 0.3990, 0.1541
(22, 27): -0.1294, 0.7531, 0.3990, 0.1541
(23, 1): 0.0327, 0.7513, 0.2229, 0.1356
(23, 2): 0.0327, 0.7513, 0.2229, 0.1356
(23, 3): 0.0327, 0.7513, 0.2229, 0.1356
(23, 4): -0.0129, 0.7650, 0.3793, 0.1460
(23, 5): -0.0129, 0.7650, 0.3793, 0.1460
(23, 6): 0.2241, 0.7506, 0.4559, 0.1521
(23, 7): 0.1525, 0.7513, 0.6155, 0.1509
(23, 8): 0.1199, 0.7513, 0.7279, 0.1511
(23, 9): 0.1251, 0.7506, 0.7787, 0.1524
(23, 10): 0.1239, 0.7519, 0.7860, 0.1998
(23, 11): 0.1473, 0.7506, 0.7999, 0.2441
(23, 12): 0.1394, 0.7506, 0.8127, 0.1577
(23, 13): 0.1400, 0.7506, 0.8161, 0.1524
(23, 14): 0.1233, 0.7506, 0.8349, 0.1502
(23, 15): 0.1430, 0.7512, 0.8251, 0.1536
(23, 16): 0.1450, 0.7506, 0.7861, 0.1572
(23, 17): 0.1649, 0.7506, 0.7394, 0.1668
(23, 18): 0.1619, 0.7512, 0.7685, 0.1642
(23, 19): 0.2065, 0.7506, 0.7365, 0.1588
(23, 20): 0.1224, 0.7506, 0.6699, 0.1656
(23, 21): -0.2183, 0.7600, 0.8104, 0.1527
(23, 22): -0.2183, 0.7600, 0.8104, 0.1527
(23, 23): 0.1223, 0.7506, 0.7095, 0.1617
(23, 24): 0.1315, 0.7506, 0.3702, 0.1594
(23, 25): 0.1315, 0.7506, 0.3702, 0.1594
(23, 26): 0.1315, 0.7506, 0.3702, 0.1594
(23, 27): -0.1294, 0.7531, 0.3990, 0.1541
(24, 1): 0.1521, 0.7519, 0.3376, 0.1400
(24, 2): 0.0327, 0.7513, 0.2229, 0.1356
(24, 3): 0.0327, 0.7513, 0.2229, 0.1356
(24, 4): 0.0327, 0.7513, 0.2229, 0.1356
(24, 5): 0.2017, 0.7506, 0.3331, 0.1531
(24, 6): 0.2366, 0.7506, 0.3547, 0.1552
(24, 7): 0.2298, 0.7513, 0.6268, 0.1501
(24, 8): 0.0637, 0.7525, 0.5651, 0.1567
(24, 9): 0.0975, 0.7519, 0.6473, 0.1504
(24, 10): 0.0476, 0.7506, 0.6705, 0.1558
(24, 11): 0.0799, 0.7506, 0.8191, 0.1769
(24, 12): 0.1926, 0.7512, 0.7951, 0.1692
(24, 13): 0.1153, 0.7506, 0.8382, 0.1540
(24, 14): 0.1037, 0.7506, 0.8815, 0.1584
(24, 15): 0.2049, 0.7506, 0.7713, 0.1713
(24, 16): 0.1928, 0.7506, 0.7554, 0.1756
(24, 17): 0.1552, 0.7506, 0.8025, 0.1654
(24, 18): 0.1918, 0.7519, 0.7608, 0.1583
(24, 19): 0.1507, 0.7506, 0.8116, 0.1584
(24, 20): 0.1078, 0.7512, 0.8374, 0.1616
(24, 21): 0.1546, 0.7512, 0.4902, 0.1602
(24, 22): 0.1546, 0.7512, 0.4902, 0.1602
(24, 23): 0.2278, 0.7512, 0.3416, 0.1602
(24, 24): 0.2278, 0.7512, 0.3416, 0.1602
(24, 25): 0.2278, 0.7512, 0.3416, 0.1602
(24, 26): 0.1315, 0.7506, 0.3702, 0.1594
(24, 27): -0.1294, 0.7531, 0.3990, 0.1541
(25, 1): 0.1171, 0.7525, 0.3344, 0.1414
(25, 2): 0.1521, 0.7519, 0.3376, 0.1400
(25, 3): 0.1521, 0.7519, 0.3376, 0.1400
(25, 4): 0.2004, 0.7512, 0.4336, 0.1470
(25, 5): 0.1945, 0.7500, 0.5314, 0.1474
(25, 6): 0.2487, 0.7512, 0.6466, 0.1497
(25, 7): 0.2126, 0.7506, 0.3664, 0.1577
(25, 8): 0.0948, 0.7512, 0.6441, 0.1561
(25, 9): 0.1281, 0.7506, 0.7149, 0.1543
(25, 10): 0.1370, 0.7537, 0.7524, 0.1533
(25, 11): 0.1688, 0.7512, 0.7444, 0.1536
(25, 12): 0.2157, 0.7513, 0.6945, 0.1554
(25, 13): 0.1810, 0.7506, 0.7604, 0.1566
(25, 14): 0.1708, 0.7506, 0.8376, 0.1617
(25, 15): 0.2069, 0.7506, 0.7888, 0.1660
(25, 16): 0.2353, 0.7506, 0.7587, 0.1658
(25, 17): 0.2153, 0.7513, 0.7687, 0.1620
(25, 18): 0.2298, 0.7506, 0.7251, 0.1585
(25, 19): 0.1777, 0.7519, 0.7921, 0.1587
(25, 20): 0.1383, 0.7506, 0.8044, 0.1574
(25, 21): 0.1114, 0.7537, 0.8296, 0.1624
(25, 22): 0.2278, 0.7512, 0.3416, 0.1602
(25, 23): 0.2278, 0.7512, 0.3416, 0.1602
(25, 24): 0.2278, 0.7512, 0.3416, 0.1602
(25, 25): 0.2278, 0.7512, 0.3416, 0.1602
(25, 26): 0.2278, 0.7512, 0.3416, 0.1602
(25, 27): 0.2278, 0.7512, 0.3416, 0.1602
(26, 1): 0.1171, 0.7525, 0.3344, 0.1414
(26, 2): 0.1171, 0.7525, 0.3344, 0.1414
(26, 3): 0.1521, 0.7519, 0.3376, 0.1400
(26, 4): 0.1531, 0.7512, 0.4607, 0.1505
(26, 5): 0.1748, 0.7513, 0.4296, 0.1440
(26, 6): 0.2218, 0.7506, 0.3969, 0.1538
(26, 7): 0.1212, 0.7506, 0.6842, 0.1529
(26, 8): 0.0902, 0.7506, 0.7774, 0.1524
(26, 9): 0.1861, 0.7512, 0.6885, 0.1522
(26, 10): 0.1797, 0.7519, 0.6828, 0.1534
(26, 11): 0.2376, 0.7544, 0.6579, 0.1549
(26, 12): 0.2129, 0.7525, 0.7283, 0.1534
(26, 13): 0.1926, 0.7506, 0.7891, 0.1539
(26, 14): 0.1906, 0.7506, 0.8232, 0.1601
(26, 15): 0.2590, 0.7519, 0.7130, 0.1561
(26, 16): 0.2185, 0.7506, 0.7813, 0.1572
(26, 17): 0.1842, 0.7506, 0.7823, 0.1601
(26, 18): 0.2062, 0.7537, 0.7139, 0.1596
(26, 19): 0.1504, 0.7506, 0.7766, 0.1627
(26, 20): 0.1591, 0.7544, 0.7787, 0.1617
(26, 21): 0.1138, 0.7525, 0.8329, 0.1568
(26, 22): 0.1234, 0.7512, 0.6395, 0.1571
(26, 23): 0.1234, 0.7512, 0.6395, 0.1571
(26, 24): 0.1234, 0.7512, 0.6395, 0.1571
(26, 25): 0.1234, 0.7512, 0.6395, 0.1571
(26, 26): 0.1234, 0.7512, 0.6395, 0.1571
(26, 27): 0.1234, 0.7512, 0.6395, 0.1571
(27, 1): 0.1171, 0.7525, 0.3344, 0.1414
(27, 2): 0.1171, 0.7525, 0.3344, 0.1414
(27, 3): 0.1664, 0.7519, 0.6587, 0.1404
(27, 4): 0.1874, 0.7506, 0.7384, 0.1402
(27, 5): 0.1587, 0.7506, 0.8034, 0.1391
(27, 6): 0.1657, 0.7506, 0.6474, 0.1473
(27, 7): 0.1392, 0.7581, 0.3018, 0.1576
(27, 8): 0.1790, 0.7519, 0.6029, 0.1531
(27, 9): 0.1692, 0.7550, 0.5576, 0.1566
(27, 10): 0.1564, 0.7506, 0.5798, 0.1614
(27, 11): 0.2482, 0.7519, 0.5758, 0.1586
(27, 12): 0.2479, 0.7537, 0.4122, 0.1586
(27, 13): 0.2062, 0.7519, 0.6689, 0.1577
(27, 14): 0.2573, 0.7544, 0.5445, 0.1614
(27, 15): 0.1882, 0.7512, 0.8048, 0.1599
(27, 16): 0.1751, 0.7513, 0.8203, 0.1602
(27, 17): 0.1944, 0.7519, 0.7811, 0.1684
(27, 18): 0.1556, 0.7512, 0.8020, 0.1619
(27, 19): 0.2012, 0.7525, 0.7778, 0.1589
(27, 20): 0.1778, 0.7512, 0.7779, 0.1576
(27, 21): 0.1278, 0.7506, 0.8135, 0.1552
(27, 22): 0.1924, 0.7506, 0.5994, 0.1626
(27, 23): 0.1924, 0.7506, 0.5994, 0.1626
(27, 24): 0.1924, 0.7506, 0.5994, 0.1626
(27, 25): 0.1924, 0.7506, 0.5994, 0.1626
(27, 26): 0.1924, 0.7506, 0.5994, 0.1626
(27, 27): 0.1924, 0.7506, 0.5994, 0.1626
(28, 1): -1.6690, 0.7628, 0.2990, 0.1171
(28, 2): -1.6690, 0.7628, 0.2990, 0.1171
(28, 3): 0.2107, 0.7512, 0.3438, 0.1437
(28, 4): 0.2493, 0.7525, 0.3875, 0.1496
(28, 5): 0.2085, 0.7506, 0.5949, 0.1424
(28, 6): 0.0678, 0.7550, 0.4764, 0.1534
(28, 7): 1.1838, 0.7519, 0.2721, 0.1517
(28, 8): 0.2339, 0.7537, 0.5300, 0.1552
(28, 9): 0.1790, 0.7537, 0.4760, 0.1618
(28, 10): 0.1564, 0.7506, 0.5798, 0.1614
(28, 11): 0.2482, 0.7519, 0.5758, 0.1586
(28, 12): 0.2479, 0.7537, 0.4122, 0.1586
(28, 13): 0.2062, 0.7519, 0.6689, 0.1577
(28, 14): 0.2528, 0.7638, 0.3802, 0.1549
(28, 15): 0.2727, 0.7506, 0.6975, 0.1646
(28, 16): 0.2734, 0.7506, 0.7102, 0.1625
(28, 17): 0.1658, 0.7519, 0.7647, 0.1592
(28, 18): 0.1845, 0.7512, 0.7334, 0.1549
(28, 19): 0.1741, 0.7506, 0.7499, 0.1524
(28, 20): 0.1466, 0.7506, 0.8088, 0.1583
(28, 21): 0.1839, 0.7519, 0.7779, 0.1624
(28, 22): 0.1832, 0.7512, 0.3871, 0.1670
(28, 23): 0.1832, 0.7512, 0.3871, 0.1670
(28, 24): 0.1832, 0.7512, 0.3871, 0.1670
(28, 25): 0.1832, 0.7512, 0.3871, 0.1670
(28, 26): 0.1832, 0.7512, 0.3871, 0.1670
(28, 27): 0.1832, 0.7512, 0.3871, 0.1670
(29, 1): 0.1952, 0.7506, 0.6784, 0.1382
(29, 2): 0.1952, 0.7506, 0.6784, 0.1382
(29, 3): 0.1057, 0.7506, 0.8091, 0.1336
(29, 4): 0.1335, 0.7525, 0.6396, 0.1387
(29, 5): 0.1994, 0.7513, 0.5236, 0.1444
(29, 6): 0.2131, 0.7506, 0.7364, 0.1452
(29, 7): 0.2135, 0.7512, 0.6304, 0.1495
(29, 8): -1.4534, 0.7574, 0.2309, 0.1312
(29, 9): 0.1790, 0.7537, 0.4760, 0.1618
(29, 10): 0.1790, 0.7537, 0.4760, 0.1618
(29, 11): 0.2482, 0.7519, 0.5758, 0.1586
(29, 12): 0.2479, 0.7537, 0.4122, 0.1586
(29, 13): 0.2528, 0.7638, 0.3802, 0.1549
(29, 14): 0.2528, 0.7638, 0.3802, 0.1549
(29, 15): 0.8148, 0.7513, 0.1522, 0.1469
(29, 16): 0.4862, 0.7525, 0.3171, 0.1577
(29, 17): -1.1750, 0.7575, 0.8401, 0.1378
(29, 18): 0.1585, 0.7506, 0.5777, 0.1588
(29, 19): 0.2042, 0.7506, 0.7266, 0.1581
(29, 20): 0.2081, 0.7506, 0.7421, 0.1622
(29, 21): 0.1290, 0.7506, 0.7918, 0.1666
(29, 22): -0.1067, 0.7812, 0.5197, 0.1665
(29, 23): -0.1067, 0.7812, 0.5197, 0.1665
(29, 24): -0.1067, 0.7812, 0.5197, 0.1665
(29, 25): -0.1067, 0.7812, 0.5197, 0.1665
(29, 26): -0.1067, 0.7812, 0.5197, 0.1665
(29, 27): -0.1067, 0.7812, 0.5197, 0.1665
(30, 1): 0.2691, 0.7519, 0.4201, 0.1441
(30, 2): 0.2691, 0.7519, 0.4201, 0.1441
(30, 3): -0.1971, 0.7575, 0.3894, 0.1397
(30, 4): -0.1593, 0.7537, 0.4076, 0.1404
(30, 5): 0.2259, 0.7506, 0.6517, 0.1486
(30, 6): 0.2618, 0.7519, 0.5895, 0.1492
(30, 7): 0.1833, 0.7681, 0.3155, 0.1396
(30, 8): -1.4534, 0.7574, 0.2309, 0.1312
(30, 9): -1.4534, 0.7574, 0.2309, 0.1312
(30, 10): 0.1790, 0.7537, 0.4760, 0.1618
(30, 11): 0.1790, 0.7537, 0.4760, 0.1618
(30, 12): 0.2528, 0.7638, 0.3802, 0.1549
(30, 13): 0.2528, 0.7638, 0.3802, 0.1549
(30, 14): 0.8148, 0.7513, 0.1522, 0.1469
(30, 15): 0.8148, 0.7513, 0.1522, 0.1469
(30, 16): 0.4862, 0.7525, 0.3171, 0.1577
(30, 17): -1.1750, 0.7575, 0.8401, 0.1378
(30, 18): 0.0621, 0.7506, 0.3521, 0.1611
(30, 19): 0.0621, 0.7506, 0.3521, 0.1611
(30, 20): 0.2101, 0.7506, 0.6100, 0.1703
(30, 21): 0.1419, 0.7506, 0.7161, 0.1656
(30, 22): 0.2294, 0.7531, 0.3460, 0.1666
(30, 23): 0.2294, 0.7531, 0.3460, 0.1666
(30, 24): 0.2294, 0.7531, 0.3460, 0.1666
(30, 25): 0.2294, 0.7531, 0.3460, 0.1666
(30, 26): 0.2294, 0.7531, 0.3460, 0.1666
(30, 27): 0.2294, 0.7531, 0.3460, 0.1666
(31, 1): 0.2691, 0.7519, 0.4201, 0.1441
(31, 2): 0.2691, 0.7519, 0.4201, 0.1441
(31, 3): -0.1971, 0.7575, 0.3894, 0.1397
(31, 4): -0.1593, 0.7537, 0.4076, 0.1404
(31, 5): 0.2259, 0.7506, 0.6517, 0.1486
(31, 6): 0.2618, 0.7519, 0.5895, 0.1492
(31, 7): 0.1833, 0.7681, 0.3155, 0.1396
(31, 8): 0.1833, 0.7681, 0.3155, 0.1396
(31, 9): -1.4534, 0.7574, 0.2309, 0.1312
(31, 10): -1.4534, 0.7574, 0.2309, 0.1312
(31, 11): 0.1790, 0.7537, 0.4760, 0.1618
(31, 12): 0.2528, 0.7638, 0.3802, 0.1549
(31, 13): 0.8148, 0.7513, 0.1522, 0.1469
(31, 14): 0.8148, 0.7513, 0.1522, 0.1469
(31, 15): 0.8148, 0.7513, 0.1522, 0.1469
(31, 16): 0.4862, 0.7525, 0.3171, 0.1577
(31, 17): -1.1750, 0.7575, 0.8401, 0.1378
(31, 18): 1.0007, 0.7862, 0.0346, 0.1532
(31, 19): 1.0007, 0.7862, 0.0346, 0.1532
(31, 20): 0.1527, 0.7519, 0.7080, 0.1653
(31, 21): 0.0074, 0.7669, 0.3213, 0.1579
(31, 22): 0.0074, 0.7669, 0.3213, 0.1579
(31, 23): 0.7769, 0.7556, 0.0723, 0.1524
(31, 24): 0.7769, 0.7556, 0.0723, 0.1524
(31, 25): 0.7769, 0.7556, 0.0723, 0.1524
(31, 26): 0.7769, 0.7556, 0.0723, 0.1524
(31, 27): 0.7769, 0.7556, 0.0723, 0.1524
(32, 1): 0.2691, 0.7519, 0.4201, 0.1441
(32, 2): 0.2691, 0.7519, 0.4201, 0.1441
(32, 3): -0.1971, 0.7575, 0.3894, 0.1397
(32, 4): -0.1593, 0.7537, 0.4076, 0.1404
(32, 5): 0.2259, 0.7506, 0.6517, 0.1486
(32, 6): 0.2618, 0.7519, 0.5895, 0.1492
(32, 7): 0.1833, 0.7681, 0.3155, 0.1396
(32, 8): 0.1833, 0.7681, 0.3155, 0.1396
(32, 9): 0.1833, 0.7681, 0.3155, 0.1396
(32, 10): -1.4534, 0.7574, 0.2309, 0.1312
(32, 11): -1.4534, 0.7574, 0.2309, 0.1312
(32, 12): 0.8148, 0.7513, 0.1522, 0.1469
(32, 13): 0.8148, 0.7513, 0.1522, 0.1469
(32, 14): 0.8148, 0.7513, 0.1522, 0.1469
(32, 15): 0.8148, 0.7513, 0.1522, 0.1469
(32, 16): 0.4862, 0.7525, 0.3171, 0.1577
(32, 17): 0.1429, 0.7594, 0.2707, 0.1604
(32, 18): 0.1429, 0.7594, 0.2707, 0.1604
(32, 19): 0.1429, 0.7594, 0.2707, 0.1604
(32, 20): 0.1366, 0.7531, 0.8104, 0.1667
(32, 21): 0.1185, 0.7513, 0.5564, 0.1647
(32, 22): 0.7769, 0.7556, 0.0723, 0.1524
(32, 23): 0.7769, 0.7556, 0.0723, 0.1524
(32, 24): 0.7769, 0.7556, 0.0723, 0.1524
(32, 25): 0.7769, 0.7556, 0.0723, 0.1524
(32, 26): 0.7769, 0.7556, 0.0723, 0.1524
(32, 27): 0.7769, 0.7556, 0.0723, 0.1524
(33, 1): 0.2691, 0.7519, 0.4201, 0.1441
(33, 2): 0.2691, 0.7519, 0.4201, 0.1441
(33, 3): -0.1971, 0.7575, 0.3894, 0.1397
(33, 4): -0.1593, 0.7537, 0.4076, 0.1404
(33, 5): 0.2259, 0.7506, 0.6517, 0.1486
(33, 6): 0.2618, 0.7519, 0.5895, 0.1492
(33, 7): 0.1833, 0.7681, 0.3155, 0.1396
(33, 8): 0.1833, 0.7681, 0.3155, 0.1396
(33, 9): 0.1833, 0.7681, 0.3155, 0.1396
(33, 10): 0.1833, 0.7681, 0.3155, 0.1396
(33, 11): -1.4534, 0.7574, 0.2309, 0.1312
(33, 12): 0.8148, 0.7513, 0.1522, 0.1469
(33, 13): 0.8148, 0.7513, 0.1522, 0.1469
(33, 14): 0.8148, 0.7513, 0.1522, 0.1469
(33, 15): 0.8148, 0.7513, 0.1522, 0.1469
(33, 16): 0.1790, 0.7513, 0.5269, 0.1634
(33, 17): 0.1790, 0.7513, 0.5269, 0.1634
(33, 18): 0.1790, 0.7513, 0.5269, 0.1634
(33, 19): 0.1790, 0.7513, 0.5269, 0.1634
(33, 20): 0.1975, 0.7506, 0.7797, 0.1612
(33, 21): 0.1410, 0.7506, 0.8139, 0.1636
(33, 22): 0.1747, 0.7513, 0.3594, 0.1630
(33, 23): 0.1747, 0.7513, 0.3594, 0.1630
(33, 24): 0.1747, 0.7513, 0.3594, 0.1630
(33, 25): 0.1747, 0.7513, 0.3594, 0.1630
(33, 26): 0.1747, 0.7513, 0.3594, 0.1630
(33, 27): 0.1747, 0.7513, 0.3594, 0.1630
(34, 1): 0.2691, 0.7519, 0.4201, 0.1441
(34, 2): 0.2691, 0.7519, 0.4201, 0.1441
(34, 3): -0.1971, 0.7575, 0.3894, 0.1397
(34, 4): -0.1593, 0.7537, 0.4076, 0.1404
(34, 5): 0.2259, 0.7506, 0.6517, 0.1486
(34, 6): 0.2618, 0.7519, 0.5895, 0.1492
(34, 7): 0.1833, 0.7681, 0.3155, 0.1396
(34, 8): 0.1833, 0.7681, 0.3155, 0.1396
(34, 9): 0.1833, 0.7681, 0.3155, 0.1396
(34, 10): 0.1833, 0.7681, 0.3155, 0.1396
(34, 11): 0.1833, 0.7681, 0.3155, 0.1396
(34, 12): 0.8148, 0.7513, 0.1522, 0.1469
(34, 13): 0.8148, 0.7513, 0.1522, 0.1469
(34, 14): 0.2289, 0.7506, 0.4327, 0.1650
(34, 15): 0.2289, 0.7506, 0.4327, 0.1650
(34, 16): 0.2289, 0.7506, 0.4327, 0.1650
(34, 17): 0.2289, 0.7506, 0.4327, 0.1650
(34, 18): 0.2289, 0.7506, 0.4327, 0.1650
(34, 19): 0.2289, 0.7506, 0.4327, 0.1650
(34, 20): 0.1446, 0.7506, 0.8001, 0.1593
(34, 21): 0.1816, 0.7506, 0.7432, 0.1608
(34, 22): 0.2759, 0.7575, 0.2107, 0.1547
(34, 23): 0.2759, 0.7575, 0.2107, 0.1547
(34, 24): 0.2759, 0.7575, 0.2107, 0.1547
(34, 25): 0.2759, 0.7575, 0.2107, 0.1547
(34, 26): 0.2759, 0.7575, 0.2107, 0.1547
(34, 27): 0.2759, 0.7575, 0.2107, 0.1547
(35, 1): 0.2691, 0.7519, 0.4201, 0.1441
(35, 2): 0.2691, 0.7519, 0.4201, 0.1441
(35, 3): -0.1971, 0.7575, 0.3894, 0.1397
(35, 4): -0.1593, 0.7537, 0.4076, 0.1404
(35, 5): 0.2259, 0.7506, 0.6517, 0.1486
(35, 6): 0.2618, 0.7519, 0.5895, 0.1492
(35, 7): 0.1833, 0.7681, 0.3155, 0.1396
(35, 8): 0.1833, 0.7681, 0.3155, 0.1396
(35, 9): 0.1833, 0.7681, 0.3155, 0.1396
(35, 10): 0.1833, 0.7681, 0.3155, 0.1396
(35, 11): 0.1833, 0.7681, 0.3155, 0.1396
(35, 12): 0.8148, 0.7513, 0.1522, 0.1469
(35, 13): 0.2289, 0.7506, 0.4327, 0.1650
(35, 14): 0.2289, 0.7506, 0.4327, 0.1650
(35, 15): 0.2289, 0.7506, 0.4327, 0.1650
(35, 16): 0.2289, 0.7506, 0.4327, 0.1650
(35, 17): 0.2289, 0.7506, 0.4327, 0.1650
(35, 18): 0.2289, 0.7506, 0.4327, 0.1650
(35, 19): 0.2289, 0.7506, 0.4327, 0.1650
(35, 20): 0.1446, 0.7506, 0.8001, 0.1593
(35, 21): 0.1816, 0.7506, 0.7432, 0.1608
(35, 22): 0.2759, 0.7575, 0.2107, 0.1547
(35, 23): 0.2759, 0.7575, 0.2107, 0.1547
(35, 24): 0.2759, 0.7575, 0.2107, 0.1547
(35, 25): 0.2759, 0.7575, 0.2107, 0.1547
(35, 26): 0.2759, 0.7575, 0.2107, 0.1547
(35, 27): 0.2759, 0.7575, 0.2107, 0.1547
(36, 1): 0.2691, 0.7519, 0.4201, 0.1441
(36, 2): 0.2691, 0.7519, 0.4201, 0.1441
(36, 3): -0.1971, 0.7575, 0.3894, 0.1397
(36, 4): -0.1593, 0.7537, 0.4076, 0.1404
(36, 5): 0.2259, 0.7506, 0.6517, 0.1486
(36, 6): 0.2618, 0.7519, 0.5895, 0.1492
(36, 7): 0.1833, 0.7681, 0.3155, 0.1396
(36, 8): 0.1833, 0.7681, 0.3155, 0.1396
(36, 9): 0.1833, 0.7681, 0.3155, 0.1396
(36, 10): 0.1833, 0.7681, 0.3155, 0.1396
(36, 11): 0.1833, 0.7681, 0.3155, 0.1396
(36, 12): 0.2289, 0.7506, 0.4327, 0.1650
(36, 13): 0.2289, 0.7506, 0.4327, 0.1650
(36, 14): 0.2289, 0.7506, 0.4327, 0.1650
(36, 15): 0.2289, 0.7506, 0.4327, 0.1650
(36, 16): 0.2289, 0.7506, 0.4327, 0.1650
(36, 17): 0.2289, 0.7506, 0.4327, 0.1650
(36, 18): 0.2289, 0.7506, 0.4327, 0.1650
(36, 19): 0.2289, 0.7506, 0.4327, 0.1650
(36, 20): 0.1446, 0.7506, 0.8001, 0.1593
(36, 21): 0.1816, 0.7506, 0.7432, 0.1608
(36, 22): 0.2759, 0.7575, 0.2107, 0.1547
(36, 23): 0.2759, 0.7575, 0.2107, 0.1547
(36, 24): 0.2759, 0.7575, 0.2107, 0.1547
(36, 25): 0.2759, 0.7575, 0.2107, 0.1547
(36, 26): 0.2759, 0.7575, 0.2107, 0.1547
(36, 27): 0.2759, 0.7575, 0.2107, 0.1547
(37, 1): 0.2691, 0.7519, 0.4201, 0.1441
(37, 2): 0.2691, 0.7519, 0.4201, 0.1441
(37, 3): -0.1971, 0.7575, 0.3894, 0.1397
(37, 4): -0.1593, 0.7537, 0.4076, 0.1404
(37, 5): 0.2259, 0.7506, 0.6517, 0.1486
(37, 6): 0.2618, 0.7519, 0.5895, 0.1492
(37, 7): 0.1833, 0.7681, 0.3155, 0.1396
(37, 8): 0.1833, 0.7681, 0.3155, 0.1396
(37, 9): 0.1833, 0.7681, 0.3155, 0.1396
(37, 10): 0.1833, 0.7681, 0.3155, 0.1396
(37, 11): 0.1833, 0.7681, 0.3155, 0.1396
(37, 12): 0.2289, 0.7506, 0.4327, 0.1650
(37, 13): 0.2289, 0.7506, 0.4327, 0.1650
(37, 14): 0.2289, 0.7506, 0.4327, 0.1650
(37, 15): 0.2289, 0.7506, 0.4327, 0.1650
(37, 16): 0.2289, 0.7506, 0.4327, 0.1650
(37, 17): 0.2289, 0.7506, 0.4327, 0.1650
(37, 18): 0.2289, 0.7506, 0.4327, 0.1650
(37, 19): 0.2289, 0.7506, 0.4327, 0.1650
(37, 20): 0.1446, 0.7506, 0.8001, 0.1593
(37, 21): 0.1816, 0.7506, 0.7432, 0.1608
(37, 22): 0.2759, 0.7575, 0.2107, 0.1547
(37, 23): 0.2759, 0.7575, 0.2107, 0.1547
(37, 24): 0.2759, 0.7575, 0.2107, 0.1547
(37, 25): 0.2759, 0.7575, 0.2107, 0.1547
(37, 26): 0.2759, 0.7575, 0.2107, 0.1547
(37, 27): 0.2759, 0.7575, 0.2107, 0.1547
