(20, 13): 1.3682, 0.0200, 1.1275, 0.0066
(20, 14): 1.3854, 0.0200, 1.1421, 0.0065
(20, 15): 1.4179, 0.0200, 1.2225, 0.0040
(20, 16): 1.4425, 0.0200, 1.1486, 0.0053
(20, 17): 1.4156, 0.0200, 1.1825, 0.0042
(20, 18): 1.4903, 0.0200, 1.1206, 0.0051
(20, 19): 1.4724, 0.0200, 1.1501, 0.0065
(20, 20): 1.3719, 0.0200, 1.2835, 0.0048
(20, 21): 1.3438, 0.0200, 1.2119, 0.0035
(20, 22): 1.3192, 0.0200, 1.1744, 0.0045
(20, 23): 1.3137, 0.0200, 1.1625, 0.0046
(20, 24): 1.3389, 0.0200, 1.2011, 0.0040
(20, 25): 1.3027, 0.0200, 1.2403, 0.0035
(20, 26): 0.8692, 0.0200, 0.4806, 0.0050
(20, 27): nan, nan, nan, 0.0000
(26, 16): 1.3320, 0.0200, 1.3314, 0.0037
(26, 17): 1.4186, 0.0200, 1.1821, 0.0048
(26, 18): 1.4274, 0.0200, 1.1459, 0.0037
(26, 19): 1.3520, 0.0200, 1.2384, 0.0039
(26, 20): 1.3577, 0.0200, 1.2190, 0.0036
(26, 21): 1.3274, 0.0200, 1.2762, 0.0029
(26, 22): 1.2733, 0.0200, 1.0536, 0.0046
(26, 23): nan, nan, nan, 0.0000
(26, 24): nan, nan, nan, 0.0000
(26, 25): nan, nan, nan, 0.0000
(26, 26): nan, nan, nan, 0.0000
(26, 27): nan, nan, nan, 0.0000
(27, 1): nan, nan, nan, 0.0000
(27, 2): 1.1438, 0.0200, 0.6000, 0.0068
(27, 3): 1.4990, 0.0200, 0.9430, 0.0048
(24, 25): nan, nan, nan, 0.0000
(24, 26): nan, nan, nan, 0.0000
(24, 27): nan, nan, nan, 0.0000
(25, 1): nan, nan, nan, 0.0000
(25, 2): nan, nan, nan, 0.0000
(25, 3): nan, nan, nan, 0.0000
(25, 4): 1.2848, 0.0200, 0.7442, 0.0060
(25, 5): 1.3073, 0.0200, 0.9400, 0.0040
(25, 6): 1.4120, 0.0200, 1.0260, 0.0048
(25, 7): 1.2170, 0.0200, 0.6956, 0.0068
(25, 8): 1.3795, 0.0200, 0.9835, 0.0055
(25, 9): 1.4597, 0.0200, 1.0509, 0.0059
(25, 10): 1.7141, 0.0200, 0.6747, 0.0082
(25, 11): 1.5202, 0.0200, 1.0712, 0.0074
(25, 12): 1.5796, 0.0200, 1.0672, 0.0048
(7, 4): nan, nan, nan, 0.0000
(7, 5): nan, nan, nan, 0.0000
(7, 6): nan, nan, nan, 0.0000
(7, 7): nan, nan, nan, 0.0000
(7, 8): nan, nan, nan, 0.0000
(7, 9): nan, nan, nan, 0.0000
(7, 10): 0.6477, 0.0200, 0.2225, 0.0080
(7, 11): 1.0176, 0.0200, 0.5692, 0.0047
(7, 12): nan, nan, nan, 0.0000
(7, 13): nan, nan, nan, 0.0000
(7, 14): nan, nan, nan, 0.0000
(7, 15): 1.6778, 0.0200, 0.3687, 0.0130
(7, 16): 2.2403, 0.0200, 0.2665, 0.0132
(7, 17): 1.5204, 0.0200, 0.8635, 0.0067
(7, 18): 1.4247, 0.0200, 1.0286, 0.0061
(37, 4): nan, nan, nan, 0.0000
(37, 5): nan, nan, nan, 0.0000
(37, 6): nan, nan, nan, 0.0000
(37, 7): nan, nan, nan, 0.0000
(37, 8): nan, nan, nan, 0.0000
(37, 9): nan, nan, nan, 0.0000
(37, 10): nan, nan, nan, 0.0000
(37, 11): nan, nan, nan, 0.0000
(37, 12): nan, nan, nan, 0.0000
(37, 13): nan, nan, nan, 0.0000
(37, 14): nan, nan, nan, 0.0000
(37, 15): nan, nan, nan, 0.0000
(37, 16): nan, nan, nan, 0.0000
(37, 17): nan, nan, nan, 0.0000
(37, 18): nan, nan, nan, 0.0000
(37, 19): nan, nan, nan, 0.0000
(37, 20): nan, nan, nan, 0.0000
(37, 21): nan, nan, nan, 0.0000
(37, 22): nan, nan, nan, 0.0000
(37, 23): nan, nan, nan, 0.0000
(37, 24): nan, nan, nan, 0.0000
(37, 25): nan, nan, nan, 0.0000
(37, 26): nan, nan, nan, 0.0000
(37, 27): nan, nan, nan, 0.0000
(2, 19): nan, nan, nan, 0.0000
(2, 20): 0.9195, 0.0200, 0.3061, 0.0059
(2, 21): 0.9985, 0.0200, 0.2772, 0.0058
(2, 22): nan, nan, nan, 0.0000
(2, 23): nan, nan, nan, 0.0000
(2, 24): nan, nan, nan, 0.0000
(2, 25): nan, nan, nan, 0.0000
(2, 26): nan, nan, nan, 0.0000
(2, 27): nan, nan, nan, 0.0000
(3, 1): nan, nan, nan, 0.0000
(3, 2): nan, nan, nan, 0.0000
(3, 3): nan, nan, nan, 0.0000
(3, 4): nan, nan, nan, 0.0000
(3, 5): nan, nan, nan, 0.0000
(3, 6): nan, nan, nan, 0.0000
(32, 19): 0.9429, 0.0200, 0.5389, 0.0047
(32, 20): 1.3843, 0.0200, 1.2917, 0.0045
(32, 21): 1.1846, 0.0200, 1.1658, 0.0034
(32, 22): 0.8910, 0.0200, 0.3955, 0.0040
(32, 23): nan, nan, nan, 0.0000
(32, 24): nan, nan, nan, 0.0000
(32, 25): nan, nan, nan, 0.0000
(32, 26): nan, nan, nan, 0.0000
(32, 27): nan, nan, nan, 0.0000
(33, 1): nan, nan, nan, 0.0000
(33, 2): nan, nan, nan, 0.0000
(33, 3): nan, nan, nan, 0.0000
(33, 4): nan, nan, nan, 0.0000
(33, 5): nan, nan, nan, 0.0000
(33, 6): nan, nan, nan, 0.0000
(4, 10): nan, nan, nan, 0.0000
(4, 11): nan, nan, nan, 0.0000
(4, 12): nan, nan, nan, 0.0000
(4, 13): 0.9810, 0.0200, 0.4146, 0.0056
(4, 14): 1.3467, 0.0200, 0.5160, 0.0073
(4, 15): 1.1264, 0.0200, 0.3125, 0.0077
(4, 16): 1.1112, 0.0200, 0.3360, 0.0080
(4, 17): 1.0815, 0.0200, 0.3759, 0.0080
(4, 18): 1.3654, 0.0200, 0.7592, 0.0061
(4, 19): 1.3538, 0.0200, 0.8929, 0.0055
(4, 20): 1.3210, 0.0200, 1.1777, 0.0044
(4, 21): 1.4138, 0.0200, 1.1755, 0.0042
(4, 22): 1.3922, 0.0200, 1.1503, 0.0037
(4, 23): 1.3247, 0.0200, 1.2316, 0.0037
(4, 24): 1.3762, 0.0200, 1.2377, 0.0036
(32, 4): nan, nan, nan, 0.0000
(32, 5): nan, nan, nan, 0.0000
(32, 6): nan, nan, nan, 0.0000
(32, 7): nan, nan, nan, 0.0000
(32, 8): nan, nan, nan, 0.0000
(32, 9): nan, nan, nan, 0.0000
(32, 10): nan, nan, nan, 0.0000
(32, 11): nan, nan, nan, 0.0000
(32, 12): nan, nan, nan, 0.0000
(32, 13): nan, nan, nan, 0.0000
(32, 14): nan, nan, nan, 0.0000
(32, 15): nan, nan, nan, 0.0000
(32, 16): nan, nan, nan, 0.0000
(32, 17): nan, nan, nan, 0.0000
(32, 18): nan, nan, nan, 0.0000
(36, 16): nan, nan, nan, 0.0000
(36, 17): nan, nan, nan, 0.0000
(36, 18): nan, nan, nan, 0.0000
(36, 19): nan, nan, nan, 0.0000
(36, 20): nan, nan, nan, 0.0000
(36, 21): nan, nan, nan, 0.0000
(36, 22): nan, nan, nan, 0.0000
(36, 23): nan, nan, nan, 0.0000
(36, 24): nan, nan, nan, 0.0000
(36, 25): nan, nan, nan, 0.0000
(36, 26): nan, nan, nan, 0.0000
(36, 27): nan, nan, nan, 0.0000
(37, 1): nan, nan, nan, 0.0000
(37, 2): nan, nan, nan, 0.0000
(37, 3): nan, nan, nan, 0.0000
(13, 22): 1.4055, 0.0200, 1.1313, 0.0047
(13, 23): 1.3660, 0.0200, 1.1886, 0.0043
(13, 24): 1.2279, 0.0200, 1.1314, 0.0046
(13, 25): 0.7744, 0.0200, 0.2048, 0.0094
(13, 26): nan, nan, nan, 0.0000
(13, 27): nan, nan, nan, 0.0000
(14, 1): nan, nan, nan, 0.0000
(14, 2): nan, nan, nan, 0.0000
(14, 3): nan, nan, nan, 0.0000
(14, 4): nan, nan, nan, 0.0000
(14, 5): nan, nan, nan, 0.0000
(14, 6): nan, nan, nan, 0.0000
(14, 7): nan, nan, nan, 0.0000
(14, 8): nan, nan, nan, 0.0000
(14, 9): nan, nan, nan, 0.0000
(11, 1): nan, nan, nan, 0.0000
(11, 2): nan, nan, nan, 0.0000
(11, 3): nan, nan, nan, 0.0000
(11, 4): nan, nan, nan, 0.0000
(11, 5): nan, nan, nan, 0.0000
(11, 6): nan, nan, nan, 0.0000
(11, 7): nan, nan, nan, 0.0000
(11, 8): nan, nan, nan, 0.0000
(11, 9): nan, nan, nan, 0.0000
(11, 10): 1.3432, 0.0200, 0.7855, 0.0044
(11, 11): 1.4882, 0.0200, 0.8301, 0.0054
(11, 12): 1.5035, 0.0200, 0.8190, 0.0063
(11, 13): 1.1220, 0.0200, 0.4228, 0.0080
(11, 14): nan, nan, nan, 0.0000
(11, 15): nan, nan, nan, 0.0000
(1, 16): nan, nan, nan, 0.0000
(1, 17): nan, nan, nan, 0.0000
(1, 18): nan, nan, nan, 0.0000
(1, 19): nan, nan, nan, 0.0000
(1, 20): nan, nan, nan, 0.0000
(1, 21): nan, nan, nan, 0.0000
(1, 22): nan, nan, nan, 0.0000
(1, 23): nan, nan, nan, 0.0000
(1, 24): nan, nan, nan, 0.0000
(1, 25): nan, nan, nan, 0.0000
(1, 26): nan, nan, nan, 0.0000
(1, 27): nan, nan, nan, 0.0000
(2, 1): nan, nan, nan, 0.0000
(2, 2): nan, nan, nan, 0.0000
(2, 3): nan, nan, nan, 0.0000
(17, 19): 1.4101, 0.0200, 1.1963, 0.0052
(17, 20): 1.3697, 0.0200, 1.2474, 0.0044
(17, 21): 1.3949, 0.0200, 1.1606, 0.0047
(17, 22): 1.3180, 0.0200, 1.2601, 0.0046
(17, 23): 1.3560, 0.0200, 1.1644, 0.0047
(17, 24): 1.3484, 0.0200, 1.2094, 0.0044
(17, 25): 1.3668, 0.0200, 1.1337, 0.0043
(17, 26): 1.3782, 0.0200, 0.9680, 0.0043
(17, 27): nan, nan, nan, 0.0000
(18, 1): nan, nan, nan, 0.0000
(18, 2): nan, nan, nan, 0.0000
(18, 3): nan, nan, nan, 0.0000
(18, 4): nan, nan, nan, 0.0000
(18, 5): nan, nan, nan, 0.0000
(18, 6): nan, nan, nan, 0.0000
(11, 16): 0.7988, 0.0200, 0.2766, 0.0134
(11, 17): 1.6464, 0.0200, 0.7235, 0.0084
(11, 18): 1.4695, 0.0200, 1.0393, 0.0054
(11, 19): 1.3772, 0.0200, 1.1120, 0.0046
(11, 20): 1.4024, 0.0200, 1.0719, 0.0049
(11, 21): 1.3564, 0.0200, 1.1839, 0.0046
(11, 22): 1.3990, 0.0200, 1.1559, 0.0042
(11, 23): 1.4126, 0.0200, 1.1251, 0.0048
(11, 24): 1.4227, 0.0200, 1.1374, 0.0041
(11, 25): 1.3480, 0.0200, 1.2515, 0.0039
(11, 26): 1.3535, 0.0200, 1.2041, 0.0038
(11, 27): nan, nan, nan, 0.0000
(12, 1): nan, nan, nan, 0.0000
(12, 2): nan, nan, nan, 0.0000
(12, 3): nan, nan, nan, 0.0000
(9, 25): 1.4288, 0.0200, 1.1118, 0.0037
(9, 26): 1.3906, 0.0200, 1.1016, 0.0038
(9, 27): 0.9163, 0.0200, 0.4656, 0.0054
(10, 1): nan, nan, nan, 0.0000
(10, 2): nan, nan, nan, 0.0000
(10, 3): nan, nan, nan, 0.0000
(10, 4): nan, nan, nan, 0.0000
(10, 5): nan, nan, nan, 0.0000
(10, 6): nan, nan, nan, 0.0000
(10, 7): nan, nan, nan, 0.0000
(10, 8): nan, nan, nan, 0.0000
(10, 9): nan, nan, nan, 0.0000
(10, 10): 1.2491, 0.0200, 0.7104, 0.0058
(10, 11): 1.0303, 0.0200, 0.3511, 0.0077
(10, 12): 1.2917, 0.0200, 0.6654, 0.0060
(12, 19): 1.4444, 0.0200, 1.0272, 0.0052
(12, 20): 1.4165, 0.0200, 1.1352, 0.0047
(12, 21): 1.3811, 0.0200, 1.2273, 0.0056
(12, 22): 1.3494, 0.0200, 1.2267, 0.0041
(12, 23): 1.4328, 0.0200, 1.0745, 0.0045
(12, 24): 1.3657, 0.0200, 1.0438, 0.0051
(12, 25): 1.0150, 0.0200, 0.5499, 0.0050
(12, 26): 0.9366, 0.0200, 0.5915, 0.0049
(12, 27): nan, nan, nan, 0.0000
(13, 1): nan, nan, nan, 0.0000
(13, 2): nan, nan, nan, 0.0000
(13, 3): nan, nan, nan, 0.0000
(13, 4): nan, nan, nan, 0.0000
(13, 5): nan, nan, nan, 0.0000
(13, 6): nan, nan, nan, 0.0000
(36, 1): nan, nan, nan, 0.0000
(36, 2): nan, nan, nan, 0.0000
(36, 3): nan, nan, nan, 0.0000
(36, 4): nan, nan, nan, 0.0000
(36, 5): nan, nan, nan, 0.0000
(36, 6): nan, nan, nan, 0.0000
(36, 7): nan, nan, nan, 0.0000
(36, 8): nan, nan, nan, 0.0000
(36, 9): nan, nan, nan, 0.0000
(36, 10): nan, nan, nan, 0.0000
(36, 11): nan, nan, nan, 0.0000
(36, 12): nan, nan, nan, 0.0000
(36, 13): nan, nan, nan, 0.0000
(36, 14): nan, nan, nan, 0.0000
(36, 15): nan, nan, nan, 0.0000
(13, 7): nan, nan, nan, 0.0000
(13, 8): nan, nan, nan, 0.0000
(13, 9): nan, nan, nan, 0.0000
(13, 10): 1.3920, 0.0200, 1.0731, 0.0055
(13, 11): 1.4085, 0.0200, 1.0704, 0.0055
(13, 12): 1.5028, 0.0200, 0.9168, 0.0046
(13, 13): 1.4497, 0.0200, 0.8139, 0.0049
(13, 14): 1.0015, 0.0200, 0.2959, 0.0072
(13, 15): nan, nan, nan, 0.0000
(13, 16): 1.1974, 0.0200, 0.1731, 0.0202
(13, 17): 1.9748, 0.0200, 0.3178, 0.0194
(13, 18): 1.4565, 0.0200, 0.8925, 0.0052
(13, 19): 1.4488, 0.0200, 1.0506, 0.0057
(13, 20): 1.3996, 0.0200, 1.1442, 0.0057
(13, 21): 1.5395, 0.0200, 0.9146, 0.0070
(21, 1): nan, nan, nan, 0.0000
(21, 2): nan, nan, nan, 0.0000
(21, 3): nan, nan, nan, 0.0000
(21, 4): nan, nan, nan, 0.0000
(21, 5): nan, nan, nan, 0.0000
(21, 6): 1.1755, 0.0200, 0.3365, 0.0094
(21, 7): 1.6345, 0.0200, 0.7331, 0.0076
(21, 8): 1.5576, 0.0200, 0.9432, 0.0064
(21, 9): 1.4200, 0.0200, 1.1989, 0.0052
(21, 10): 1.4481, 0.0200, 1.1104, 0.0056
(21, 11): 1.4747, 0.0200, 1.1070, 0.0051
(21, 12): 1.4748, 0.0200, 1.0399, 0.0055
(21, 13): 1.4026, 0.0200, 1.1243, 0.0060
(21, 14): 1.3943, 0.0200, 1.1406, 0.0057
(21, 15): 1.3660, 0.0200, 1.2148, 0.0045
(12, 4): nan, nan, nan, 0.0000
(12, 5): nan, nan, nan, 0.0000
(12, 6): nan, nan, nan, 0.0000
(12, 7): nan, nan, nan, 0.0000
(12, 8): nan, nan, nan, 0.0000
(12, 9): nan, nan, nan, 0.0000
(12, 10): 1.4126, 0.0200, 0.8912, 0.0057
(12, 11): 1.5523, 0.0200, 0.7980, 0.0061
(12, 12): 1.5258, 0.0200, 0.8425, 0.0061
(12, 13): 1.5324, 0.0200, 0.7025, 0.0060
(12, 14): 1.2645, 0.0200, 0.6139, 0.0057
(12, 15): nan, nan, nan, 0.0000
(12, 16): 1.4759, 0.0200, 0.2124, 0.0225
(12, 17): 1.6824, 0.0200, 0.6852, 0.0072
(12, 18): 1.5294, 0.0200, 0.9506, 0.0065
(29, 25): nan, nan, nan, 0.0000
(29, 26): nan, nan, nan, 0.0000
(29, 27): nan, nan, nan, 0.0000
(30, 1): nan, nan, nan, 0.0000
(30, 2): 1.1008, 0.0200, 1.0424, 0.0040
(30, 3): 0.9058, 0.0200, 0.6204, 0.0038
(30, 4): 0.8982, 0.0200, 0.5284, 0.0050
(30, 5): 1.2754, 0.0200, 1.2119, 0.0044
(30, 6): 1.2717, 0.0200, 1.1401, 0.0031
(30, 7): 0.8745, 0.0200, 0.5727, 0.0033
(30, 8): nan, nan, nan, 0.0000
(30, 9): nan, nan, nan, 0.0000
(30, 10): nan, nan, nan, 0.0000
(30, 11): nan, nan, nan, 0.0000
(30, 12): nan, nan, nan, 0.0000
(5, 13): 1.0653, 0.0200, 0.4601, 0.0067
(5, 14): nan, nan, nan, 0.0000
(5, 15): nan, nan, nan, 0.0000
(5, 16): 1.4093, 0.0200, 0.5411, 0.0081
(5, 17): 1.5639, 0.0200, 0.8520, 0.0074
(5, 18): 1.4708, 0.0200, 0.9898, 0.0063
(5, 19): 1.4146, 0.0200, 1.0861, 0.0049
(5, 20): 1.3828, 0.0200, 1.1703, 0.0048
(5, 21): 1.3508, 0.0200, 1.2402, 0.0052
(5, 22): 1.3488, 0.0200, 1.0939, 0.0054
(5, 23): 1.3851, 0.0200, 1.1276, 0.0045
(5, 24): 1.3303, 0.0200, 1.3429, 0.0035
(5, 25): 1.5022, 0.0200, 1.0027, 0.0046
(5, 26): 1.2264, 0.0200, 1.3734, 0.0040
(5, 27): 0.9960, 0.0200, 0.5251, 0.0049
(35, 13): nan, nan, nan, 0.0000
(35, 14): nan, nan, nan, 0.0000
(35, 15): nan, nan, nan, 0.0000
(35, 16): nan, nan, nan, 0.0000
(35, 17): nan, nan, nan, 0.0000
(35, 18): nan, nan, nan, 0.0000
(35, 19): nan, nan, nan, 0.0000
(35, 20): nan, nan, nan, 0.0000
(35, 21): nan, nan, nan, 0.0000
(35, 22): nan, nan, nan, 0.0000
(35, 23): nan, nan, nan, 0.0000
(35, 24): nan, nan, nan, 0.0000
(35, 25): nan, nan, nan, 0.0000
(35, 26): nan, nan, nan, 0.0000
(35, 27): nan, nan, nan, 0.0000
(24, 10): 1.3366, 0.0200, 1.1014, 0.0053
(24, 11): 1.4240, 0.0200, 1.2197, 0.0055
(24, 12): 1.4167, 0.0200, 1.2009, 0.0048
(24, 13): 1.4365, 0.0200, 1.1045, 0.0050
(24, 14): 1.3706, 0.0200, 1.1838, 0.0033
(24, 15): 1.4973, 0.0200, 0.9899, 0.0044
(24, 16): 1.4840, 0.0200, 1.0381, 0.0047
(24, 17): 1.4086, 0.0200, 1.1602, 0.0035
(24, 18): 1.3365, 0.0200, 1.2901, 0.0044
(24, 19): 1.3688, 0.0200, 1.2632, 0.0042
(24, 20): 1.3495, 0.0200, 1.2484, 0.0033
(24, 21): 1.1598, 0.0200, 0.9955, 0.0048
(24, 22): nan, nan, nan, 0.0000
(24, 23): nan, nan, nan, 0.0000
(24, 24): nan, nan, nan, 0.0000
(28, 7): 1.0786, 0.0200, 0.9057, 0.0040
(28, 8): 1.3141, 0.0200, 0.9702, 0.0042
(28, 9): 1.2042, 0.0200, 0.9018, 0.0044
(28, 10): nan, nan, nan, 0.0000
(28, 11): nan, nan, nan, 0.0000
(28, 12): nan, nan, nan, 0.0000
(28, 13): nan, nan, nan, 0.0000
(28, 14): 1.0006, 0.0200, 0.4690, 0.0039
(28, 15): 1.4263, 0.0200, 1.1183, 0.0042
(28, 16): 1.3457, 0.0200, 1.3043, 0.0037
(28, 17): 1.2908, 0.0200, 1.3933, 0.0035
(28, 18): 1.2539, 0.0200, 1.4702, 0.0034
(28, 19): 1.3021, 0.0200, 1.3769, 0.0040
(28, 20): 1.3860, 0.0200, 1.1870, 0.0044
(28, 21): 1.3662, 0.0200, 1.2302, 0.0036
(25, 13): 1.5403, 0.0200, 0.9890, 0.0048
(25, 14): 1.5208, 0.0200, 0.9709, 0.0062
(25, 15): 1.4515, 0.0200, 1.1359, 0.0046
(25, 16): 1.3504, 0.0200, 1.2660, 0.0036
(25, 17): 1.4602, 0.0200, 1.0789, 0.0055
(25, 18): 1.3573, 0.0200, 1.2569, 0.0043
(25, 19): 1.3382, 0.0200, 1.2800, 0.0042
(25, 20): 1.3712, 0.0200, 1.1942, 0.0039
(25, 21): 1.3108, 0.0200, 1.2820, 0.0033
(25, 22): 1.1538, 0.0200, 0.6620, 0.0051
(25, 23): nan, nan, nan, 0.0000
(25, 24): nan, nan, nan, 0.0000
(25, 25): nan, nan, nan, 0.0000
(25, 26): nan, nan, nan, 0.0000
(25, 27): nan, nan, nan, 0.0000
(4, 25): 1.3319, 0.0200, 0.7630, 0.0050
(4, 26): 0.8575, 0.0200, 0.3654, 0.0048
(4, 27): nan, nan, nan, 0.0000
(5, 1): nan, nan, nan, 0.0000
(5, 2): nan, nan, nan, 0.0000
(5, 3): nan, nan, nan, 0.0000
(5, 4): nan, nan, nan, 0.0000
(5, 5): nan, nan, nan, 0.0000
(5, 6): nan, nan, nan, 0.0000
(5, 7): nan, nan, nan, 0.0000
(5, 8): nan, nan, nan, 0.0000
(5, 9): nan, nan, nan, 0.0000
(5, 10): nan, nan, nan, 0.0000
(5, 11): nan, nan, nan, 0.0000
(5, 12): nan, nan, nan, 0.0000
(16, 16): 1.6853, 0.0200, 0.5230, 0.0106
(16, 17): 1.5615, 0.0200, 0.7156, 0.0072
(16, 18): 1.3854, 0.0200, 1.2437, 0.0052
(16, 19): 1.3955, 0.0200, 1.1993, 0.0043
(16, 20): 1.3506, 0.0200, 1.2207, 0.0042
(16, 21): 1.3334, 0.0200, 1.2588, 0.0047
(16, 22): 1.3662, 0.0200, 1.1980, 0.0045
(16, 23): 1.3642, 0.0200, 1.2044, 0.0039
(16, 24): 1.3345, 0.0200, 1.2420, 0.0045
(16, 25): 1.4032, 0.0200, 1.1379, 0.0040
(16, 26): 1.3775, 0.0200, 1.1262, 0.0039
(16, 27): 1.1730, 0.0200, 0.8466, 0.0041
(17, 1): nan, nan, nan, 0.0000
(17, 2): nan, nan, nan, 0.0000
(17, 3): nan, nan, nan, 0.0000
(8, 7): nan, nan, nan, 0.0000
(8, 8): nan, nan, nan, 0.0000
(8, 9): nan, nan, nan, 0.0000
(8, 10): 1.1603, 0.0200, 0.7437, 0.0048
(8, 11): 1.0401, 0.0200, 0.7892, 0.0045
(8, 12): nan, nan, nan, 0.0000
(8, 13): nan, nan, nan, 0.0000
(8, 14): 1.1211, 0.0200, 0.4043, 0.0077
(8, 15): 2.0116, 0.0200, 0.3774, 0.0105
(8, 16): 2.1875, 0.0200, 0.2824, 0.0152
(8, 17): 1.6010, 0.0200, 0.7678, 0.0094
(8, 18): 1.5828, 0.0200, 0.8300, 0.0067
(8, 19): 1.4657, 0.0200, 1.0398, 0.0049
(8, 20): 1.4592, 0.0200, 1.0444, 0.0041
(8, 21): 1.4061, 0.0200, 1.1448, 0.0039
(14, 10): 1.4878, 0.0200, 0.9925, 0.0060
(14, 11): 1.5545, 0.0200, 0.9258, 0.0056
(14, 12): 1.5358, 0.0200, 0.9167, 0.0050
(14, 13): 0.8642, 0.0200, 0.2101, 0.0102
(14, 14): nan, nan, nan, 0.0000
(14, 15): 0.8895, 0.0200, 0.1778, 0.0151
(14, 16): 1.8895, 0.0200, 0.2201, 0.0278
(14, 17): 1.8587, 0.0200, 0.5004, 0.0136
(14, 18): 1.5917, 0.0200, 0.7997, 0.0104
(14, 19): 1.4364, 0.0200, 1.0850, 0.0051
(14, 20): 1.3435, 0.0200, 1.2127, 0.0061
(14, 21): 1.4393, 0.0200, 1.0590, 0.0050
(14, 22): 1.4399, 0.0200, 1.0802, 0.0045
(14, 23): 1.3370, 0.0200, 1.2354, 0.0044
(14, 24): 1.3402, 0.0200, 1.0883, 0.0040
(27, 19): 1.2241, 0.0200, 1.4962, 0.0035
(27, 20): 1.2903, 0.0200, 1.3677, 0.0035
(27, 21): 1.3202, 0.0200, 1.3266, 0.0039
(27, 22): 1.3615, 0.0200, 0.9397, 0.0055
(27, 23): nan, nan, nan, 0.0000
(27, 24): nan, nan, nan, 0.0000
(27, 25): nan, nan, nan, 0.0000
(27, 26): nan, nan, nan, 0.0000
(27, 27): nan, nan, nan, 0.0000
(28, 1): nan, nan, nan, 0.0000
(28, 2): 0.7097, 0.0200, 0.2415, 0.0076
(28, 3): 1.1776, 0.0200, 0.7193, 0.0059
(28, 4): 1.1886, 0.0200, 0.7425, 0.0051
(28, 5): 1.3602, 0.0200, 1.0538, 0.0031
(28, 6): 1.1059, 0.0200, 0.8293, 0.0043
(18, 22): 1.3635, 0.0200, 1.2287, 0.0056
(18, 23): 1.4303, 0.0200, 1.0707, 0.0047
(18, 24): 1.3526, 0.0200, 1.2427, 0.0035
(18, 25): 1.3134, 0.0200, 1.1099, 0.0041
(18, 26): 0.9848, 0.0200, 0.4192, 0.0047
(18, 27): nan, nan, nan, 0.0000
(19, 1): nan, nan, nan, 0.0000
(19, 2): nan, nan, nan, 0.0000
(19, 3): nan, nan, nan, 0.0000
(19, 4): nan, nan, nan, 0.0000
(19, 5): nan, nan, nan, 0.0000
(19, 6): nan, nan, nan, 0.0000
(19, 7): nan, nan, nan, 0.0000
(19, 8): 1.3417, 0.0200, 0.7010, 0.0055
(19, 9): 1.5662, 0.0200, 0.9990, 0.0067
(1, 1): nan, nan, nan, 0.0000
(1, 2): nan, nan, nan, 0.0000
(1, 3): nan, nan, nan, 0.0000
(1, 4): nan, nan, nan, 0.0000
(1, 5): nan, nan, nan, 0.0000
(1, 6): nan, nan, nan, 0.0000
(1, 7): nan, nan, nan, 0.0000
(1, 8): nan, nan, nan, 0.0000
(1, 9): nan, nan, nan, 0.0000
(1, 10): nan, nan, nan, 0.0000
(1, 11): nan, nan, nan, 0.0000
(1, 12): nan, nan, nan, 0.0000
(1, 13): nan, nan, nan, 0.0000
(1, 14): nan, nan, nan, 0.0000
(1, 15): nan, nan, nan, 0.0000
(23, 22): nan, nan, nan, 0.0000
(23, 23): nan, nan, nan, 0.0000
(23, 24): nan, nan, nan, 0.0000
(23, 25): nan, nan, nan, 0.0000
(23, 26): nan, nan, nan, 0.0000
(23, 27): nan, nan, nan, 0.0000
(24, 1): nan, nan, nan, 0.0000
(24, 2): nan, nan, nan, 0.0000
(24, 3): nan, nan, nan, 0.0000
(24, 4): 0.9681, 0.0200, 0.4147, 0.0076
(24, 5): 1.1483, 0.0200, 0.5934, 0.0060
(24, 6): 1.1661, 0.0200, 0.6255, 0.0067
(24, 7): 1.3824, 0.0200, 1.0809, 0.0050
(24, 8): 1.2021, 0.0200, 1.0199, 0.0041
(24, 9): 1.2498, 0.0200, 1.2459, 0.0045
(31, 16): nan, nan, nan, 0.0000
(31, 17): nan, nan, nan, 0.0000
(31, 18): nan, nan, nan, 0.0000
(31, 19): 0.8673, 0.0200, 0.4002, 0.0039
(31, 20): 1.2960, 0.0200, 1.2938, 0.0031
(31, 21): 0.9275, 0.0200, 0.5129, 0.0046
(31, 22): nan, nan, nan, 0.0000
(31, 23): nan, nan, nan, 0.0000
(31, 24): nan, nan, nan, 0.0000
(31, 25): nan, nan, nan, 0.0000
(31, 26): nan, nan, nan, 0.0000
(31, 27): nan, nan, nan, 0.0000
(32, 1): nan, nan, nan, 0.0000
(32, 2): nan, nan, nan, 0.0000
(32, 3): nan, nan, nan, 0.0000
(15, 13): 1.2041, 0.0200, 0.5348, 0.0077
(15, 14): 0.8641, 0.0200, 0.2119, 0.0121
(15, 15): 1.4773, 0.0200, 0.7930, 0.0079
(15, 16): 1.7550, 0.0200, 0.6665, 0.0113
(15, 17): 2.2298, 0.0200, 0.3002, 0.0198
(15, 18): 1.5186, 0.0200, 0.8148, 0.0077
(15, 19): 1.3784, 0.0200, 1.2219, 0.0049
(15, 20): 1.4554, 0.0200, 1.0553, 0.0056
(15, 21): 1.3683, 0.0200, 1.1958, 0.0047
(15, 22): 1.3876, 0.0200, 1.1727, 0.0053
(15, 23): 1.4023, 0.0200, 1.1299, 0.0047
(15, 24): 1.3629, 0.0200, 1.1520, 0.0046
(15, 25): 1.4089, 0.0200, 1.1148, 0.0045
(15, 26): 1.3569, 0.0200, 1.1553, 0.0044
(15, 27): 1.2221, 0.0200, 0.8592, 0.0039
(18, 7): nan, nan, nan, 0.0000
(18, 8): 0.8084, 0.0200, 0.2102, 0.0109
(18, 9): 1.5949, 0.0200, 0.8067, 0.0075
(18, 10): 1.5334, 0.0200, 0.9573, 0.0055
(18, 11): 1.8976, 0.0200, 0.5902, 0.0067
(18, 12): 1.4950, 0.0200, 1.0413, 0.0062
(18, 13): 1.3930, 0.0200, 1.1404, 0.0051
(18, 14): 1.5240, 0.0200, 1.0243, 0.0067
(18, 15): 1.4449, 0.0200, 1.1285, 0.0052
(18, 16): 1.4378, 0.0200, 1.1055, 0.0047
(18, 17): 1.4354, 0.0200, 1.1292, 0.0049
(18, 18): 1.3287, 0.0200, 1.3347, 0.0046
(18, 19): 1.4022, 0.0200, 1.2558, 0.0052
(18, 20): 1.3615, 0.0200, 1.3110, 0.0046
(18, 21): 1.4112, 0.0200, 1.1739, 0.0048
(10, 13): nan, nan, nan, 0.0000
(10, 14): 0.8448, 0.0200, 0.1880, 0.0103
(10, 15): 1.3492, 0.0200, 1.0019, 0.0043
(10, 16): 1.5419, 0.0200, 0.7990, 0.0062
(10, 17): 1.5739, 0.0200, 0.8324, 0.0059
(10, 18): 1.4614, 0.0200, 1.0376, 0.0055
(10, 19): 1.4893, 0.0200, 0.9963, 0.0047
(10, 20): 1.3580, 0.0200, 1.1073, 0.0054
(10, 21): 1.4083, 0.0200, 1.1572, 0.0046
(10, 22): 1.3565, 0.0200, 1.2691, 0.0041
(10, 23): 1.3518, 0.0200, 1.3031, 0.0044
(10, 24): 1.3421, 0.0200, 1.2933, 0.0044
(10, 25): 1.3894, 0.0200, 1.2266, 0.0044
(10, 26): 1.3502, 0.0200, 1.2396, 0.0042
(10, 27): nan, nan, nan, 0.0000
(30, 13): nan, nan, nan, 0.0000
(30, 14): nan, nan, nan, 0.0000
(30, 15): nan, nan, nan, 0.0000
(30, 16): nan, nan, nan, 0.0000
(30, 17): nan, nan, nan, 0.0000
(30, 18): nan, nan, nan, 0.0000
(30, 19): 0.9085, 0.0200, 0.4851, 0.0051
(30, 20): 1.2674, 0.0200, 1.1878, 0.0045
(30, 21): 1.2831, 0.0200, 1.2920, 0.0039
(30, 22): 0.9674, 0.0200, 0.5268, 0.0050
(30, 23): nan, nan, nan, 0.0000
(30, 24): nan, nan, nan, 0.0000
(30, 25): nan, nan, nan, 0.0000
(30, 26): nan, nan, nan, 0.0000
(30, 27): nan, nan, nan, 0.0000
(29, 10): nan, nan, nan, 0.0000
(29, 11): nan, nan, nan, 0.0000
(29, 12): nan, nan, nan, 0.0000
(29, 13): nan, nan, nan, 0.0000
(29, 14): nan, nan, nan, 0.0000
(29, 15): 0.9296, 0.0200, 0.3552, 0.0048
(29, 16): 1.1048, 0.0200, 0.7646, 0.0044
(29, 17): 0.7583, 0.0200, 0.2389, 0.0076
(29, 18): 1.2062, 0.0200, 1.2196, 0.0038
(29, 19): 1.3496, 0.0200, 1.3157, 0.0029
(29, 20): 1.3804, 0.0200, 1.1974, 0.0032
(29, 21): 1.3936, 0.0200, 1.1690, 0.0044
(29, 22): 1.0111, 0.0200, 0.4144, 0.0057
(29, 23): nan, nan, nan, 0.0000
(29, 24): nan, nan, nan, 0.0000
(22, 19): 1.9296, 0.0200, 0.5108, 0.0096
(22, 20): 1.2669, 0.0200, 1.0578, 0.0049
(22, 21): 0.9583, 0.0200, 0.3115, 0.0061
(22, 22): nan, nan, nan, 0.0000
(22, 23): nan, nan, nan, 0.0000
(22, 24): nan, nan, nan, 0.0000
(22, 25): nan, nan, nan, 0.0000
(22, 26): nan, nan, nan, 0.0000
(22, 27): nan, nan, nan, 0.0000
(23, 1): nan, nan, nan, 0.0000
(23, 2): nan, nan, nan, 0.0000
(23, 3): nan, nan, nan, 0.0000
(23, 4): nan, nan, nan, 0.0000
(23, 5): 0.9869, 0.0200, 0.5621, 0.0054
(23, 6): 1.2356, 0.0200, 0.8212, 0.0055
(23, 7): 1.2958, 0.0200, 1.0368, 0.0060
(23, 8): 1.6533, 0.0200, 0.7927, 0.0102
(23, 9): 1.3919, 0.0200, 1.3065, 0.0043
(23, 10): 1.4445, 0.0200, 1.1670, 0.0047
(23, 11): 1.3884, 0.0200, 1.2178, 0.0042
(23, 12): 1.5223, 0.0200, 1.0137, 0.0052
(23, 13): 1.4621, 0.0200, 1.0848, 0.0051
(23, 14): 1.3754, 0.0200, 1.1940, 0.0051
(23, 15): 1.4126, 0.0200, 1.1222, 0.0052
(23, 16): 1.4402, 0.0200, 1.0868, 0.0045
(23, 17): 1.3924, 0.0200, 1.1548, 0.0049
(23, 18): 1.3815, 0.0200, 1.1785, 0.0042
(23, 19): 1.4084, 0.0200, 1.1467, 0.0043
(23, 20): 1.3765, 0.0200, 0.9850, 0.0037
(23, 21): nan, nan, nan, 0.0000
(8, 22): 1.3507, 0.0200, 1.2838, 0.0041
(8, 23): 1.3036, 0.0200, 1.3538, 0.0029
(8, 24): 1.1976, 0.0200, 1.5401, 0.0034
(8, 25): 1.2538, 0.0200, 1.3794, 0.0038
(8, 26): 1.1963, 0.0200, 1.4742, 0.0029
(8, 27): 1.1585, 0.0200, 0.8795, 0.0056
(9, 1): nan, nan, nan, 0.0000
(9, 2): nan, nan, nan, 0.0000
(9, 3): nan, nan, nan, 0.0000
(9, 4): nan, nan, nan, 0.0000
(9, 5): nan, nan, nan, 0.0000
(9, 6): nan, nan, nan, 0.0000
(9, 7): nan, nan, nan, 0.0000
(9, 8): nan, nan, nan, 0.0000
(9, 9): nan, nan, nan, 0.0000
(7, 19): 1.4151, 0.0200, 1.0885, 0.0050
(7, 20): 1.4147, 0.0200, 1.1844, 0.0044
(7, 21): 1.3265, 0.0200, 1.2621, 0.0035
(7, 22): 1.2582, 0.0200, 1.3941, 0.0037
(7, 23): 1.2420, 0.0200, 1.4734, 0.0032
(7, 24): 1.1854, 0.0200, 1.4728, 0.0040
(7, 25): 1.2200, 0.0200, 1.4257, 0.0042
(7, 26): 1.2101, 0.0200, 1.4612, 0.0036
(7, 27): 1.1746, 0.0200, 0.9099, 0.0049
(8, 1): nan, nan, nan, 0.0000
(8, 2): nan, nan, nan, 0.0000
(8, 3): nan, nan, nan, 0.0000
(8, 4): nan, nan, nan, 0.0000
(8, 5): nan, nan, nan, 0.0000
(8, 6): nan, nan, nan, 0.0000
(16, 1): nan, nan, nan, 0.0000
(16, 2): nan, nan, nan, 0.0000
(16, 3): nan, nan, nan, 0.0000
(16, 4): nan, nan, nan, 0.0000
(16, 5): nan, nan, nan, 0.0000
(16, 6): nan, nan, nan, 0.0000
(16, 7): nan, nan, nan, 0.0000
(16, 8): nan, nan, nan, 0.0000
(16, 9): 1.1720, 0.0200, 0.5010, 0.0078
(16, 10): 2.7291, 0.0200, 0.1123, 0.0308
(16, 11): 1.8037, 0.0200, 0.2399, 0.0217
(16, 12): 1.6171, 0.0200, 0.7251, 0.0079
(16, 13): 1.0257, 0.0200, 0.5831, 0.0075
(16, 14): 1.6520, 0.0200, 0.7349, 0.0080
(16, 15): 1.8307, 0.0200, 0.4821, 0.0111
(31, 1): nan, nan, nan, 0.0000
(31, 2): nan, nan, nan, 0.0000
(31, 3): nan, nan, nan, 0.0000
(31, 4): nan, nan, nan, 0.0000
(31, 5): nan, nan, nan, 0.0000
(31, 6): nan, nan, nan, 0.0000
(31, 7): nan, nan, nan, 0.0000
(31, 8): nan, nan, nan, 0.0000
(31, 9): nan, nan, nan, 0.0000
(31, 10): nan, nan, nan, 0.0000
(31, 11): nan, nan, nan, 0.0000
(31, 12): nan, nan, nan, 0.0000
(31, 13): nan, nan, nan, 0.0000
(31, 14): nan, nan, nan, 0.0000
(31, 15): nan, nan, nan, 0.0000
(2, 4): nan, nan, nan, 0.0000
(2, 5): nan, nan, nan, 0.0000
(2, 6): nan, nan, nan, 0.0000
(2, 7): nan, nan, nan, 0.0000
(2, 8): nan, nan, nan, 0.0000
(2, 9): nan, nan, nan, 0.0000
(2, 10): nan, nan, nan, 0.0000
(2, 11): nan, nan, nan, 0.0000
(2, 12): nan, nan, nan, 0.0000
(2, 13): nan, nan, nan, 0.0000
(2, 14): nan, nan, nan, 0.0000
(2, 15): nan, nan, nan, 0.0000
(2, 16): nan, nan, nan, 0.0000
(2, 17): nan, nan, nan, 0.0000
(2, 18): nan, nan, nan, 0.0000
(22, 4): nan, nan, nan, 0.0000
(22, 5): nan, nan, nan, 0.0000
(22, 6): 1.3581, 0.0200, 0.7059, 0.0097
(22, 7): 1.7631, 0.0200, 0.5953, 0.0114
(22, 8): 1.8056, 0.0200, 0.6186, 0.0097
(22, 9): 1.4252, 0.0200, 1.1072, 0.0071
(22, 10): 1.4779, 0.0200, 1.0924, 0.0051
(22, 11): 1.4414, 0.0200, 1.1471, 0.0049
(22, 12): 1.4313, 0.0200, 1.1590, 0.0053
(22, 13): 1.3985, 0.0200, 1.1989, 0.0044
(22, 14): 1.3604, 0.0200, 1.2524, 0.0054
(22, 15): 1.3893, 0.0200, 1.1668, 0.0055
(22, 16): 1.3929, 0.0200, 1.1392, 0.0046
(22, 17): 1.3222, 0.0200, 1.2436, 0.0043
(22, 18): 1.3521, 0.0200, 1.2248, 0.0048
(9, 10): 1.1157, 0.0200, 0.8166, 0.0050
(9, 11): 0.7142, 0.0200, 0.2175, 0.0081
(9, 12): nan, nan, nan, 0.0000
(9, 13): nan, nan, nan, 0.0000
(9, 14): nan, nan, nan, 0.0000
(9, 15): 1.6637, 0.0200, 0.6190, 0.0099
(9, 16): 1.8424, 0.0200, 0.5331, 0.0095
(9, 17): 1.6641, 0.0200, 0.7440, 0.0071
(9, 18): 1.5440, 0.0200, 0.8816, 0.0059
(9, 19): 1.5140, 0.0200, 0.9716, 0.0054
(9, 20): 1.4298, 0.0200, 1.0465, 0.0047
(9, 21): 1.4344, 0.0200, 1.1130, 0.0042
(9, 22): 1.4743, 0.0200, 1.0265, 0.0048
(9, 23): 1.3371, 0.0200, 1.3015, 0.0031
(9, 24): 1.2958, 0.0200, 1.4022, 0.0044
(34, 10): nan, nan, nan, 0.0000
(34, 11): nan, nan, nan, 0.0000
(34, 12): nan, nan, nan, 0.0000
(34, 13): nan, nan, nan, 0.0000
(34, 14): nan, nan, nan, 0.0000
(34, 15): nan, nan, nan, 0.0000
(34, 16): nan, nan, nan, 0.0000
(34, 17): nan, nan, nan, 0.0000
(34, 18): nan, nan, nan, 0.0000
(34, 19): 1.1855, 0.0200, 0.9538, 0.0041
(34, 20): 1.2952, 0.0200, 1.5732, 0.0027
(34, 21): 1.2919, 0.0200, 1.5243, 0.0026
(34, 22): 0.8504, 0.0200, 0.4186, 0.0049
(34, 23): nan, nan, nan, 0.0000
(34, 24): nan, nan, nan, 0.0000
(21, 16): 1.3732, 0.0200, 1.1978, 0.0047
(21, 17): 1.3747, 0.0200, 1.1704, 0.0055
(21, 18): 1.4087, 0.0200, 1.1232, 0.0060
(21, 19): 1.3576, 0.0200, 1.2013, 0.0047
(21, 20): 1.3135, 0.0200, 1.2820, 0.0049
(21, 21): 1.3253, 0.0200, 1.0186, 0.0046
(21, 22): 1.3669, 0.0200, 0.9997, 0.0059
(21, 23): 1.3000, 0.0200, 1.1036, 0.0050
(21, 24): 1.1058, 0.0200, 0.7589, 0.0044
(21, 25): nan, nan, nan, 0.0000
(21, 26): nan, nan, nan, 0.0000
(21, 27): nan, nan, nan, 0.0000
(22, 1): nan, nan, nan, 0.0000
(22, 2): nan, nan, nan, 0.0000
(22, 3): nan, nan, nan, 0.0000
(33, 7): nan, nan, nan, 0.0000
(33, 8): nan, nan, nan, 0.0000
(33, 9): nan, nan, nan, 0.0000
(33, 10): nan, nan, nan, 0.0000
(33, 11): nan, nan, nan, 0.0000
(33, 12): nan, nan, nan, 0.0000
(33, 13): nan, nan, nan, 0.0000
(33, 14): nan, nan, nan, 0.0000
(33, 15): nan, nan, nan, 0.0000
(33, 16): nan, nan, nan, 0.0000
(33, 17): nan, nan, nan, 0.0000
(33, 18): nan, nan, nan, 0.0000
(33, 19): 1.2008, 0.0200, 1.0711, 0.0032
(33, 20): 1.3047, 0.0200, 1.5573, 0.0038
(33, 21): 1.3109, 0.0200, 1.5424, 0.0033
(14, 25): 1.2205, 0.0200, 0.7461, 0.0035
(14, 26): 1.2617, 0.0200, 0.7688, 0.0051
(14, 27): 0.8321, 0.0200, 0.1897, 0.0091
(15, 1): nan, nan, nan, 0.0000
(15, 2): nan, nan, nan, 0.0000
(15, 3): nan, nan, nan, 0.0000
(15, 4): nan, nan, nan, 0.0000
(15, 5): nan, nan, nan, 0.0000
(15, 6): nan, nan, nan, 0.0000
(15, 7): nan, nan, nan, 0.0000
(15, 8): nan, nan, nan, 0.0000
(15, 9): 1.3855, 0.0200, 0.2145, 0.0132
(15, 10): 2.1566, 0.0200, 0.2501, 0.0155
(15, 11): 1.8431, 0.0200, 0.6138, 0.0102
(15, 12): 1.5639, 0.0200, 0.9174, 0.0075
(19, 25): 1.1957, 0.0200, 0.8462, 0.0039
(19, 26): 0.7340, 0.0200, 0.1872, 0.0074
(19, 27): nan, nan, nan, 0.0000
(20, 1): nan, nan, nan, 0.0000
(20, 2): nan, nan, nan, 0.0000
(20, 3): nan, nan, nan, 0.0000
(20, 4): nan, nan, nan, 0.0000
(20, 5): nan, nan, nan, 0.0000
(20, 6): nan, nan, nan, 0.0000
(20, 7): 1.1910, 0.0200, 0.3439, 0.0082
(20, 8): 1.9096, 0.0200, 0.5613, 0.0096
(20, 9): 1.4727, 0.0200, 1.1351, 0.0053
(20, 10): 1.4630, 0.0200, 1.1514, 0.0057
(20, 11): 1.6061, 0.0200, 0.9091, 0.0080
(20, 12): 1.4199, 0.0200, 1.1277, 0.0056
(33, 22): 1.0708, 0.0200, 0.8405, 0.0031
(33, 23): nan, nan, nan, 0.0000
(33, 24): nan, nan, nan, 0.0000
(33, 25): nan, nan, nan, 0.0000
(33, 26): nan, nan, nan, 0.0000
(33, 27): nan, nan, nan, 0.0000
(34, 1): nan, nan, nan, 0.0000
(34, 2): nan, nan, nan, 0.0000
(34, 3): nan, nan, nan, 0.0000
(34, 4): nan, nan, nan, 0.0000
(34, 5): nan, nan, nan, 0.0000
(34, 6): nan, nan, nan, 0.0000
(34, 7): nan, nan, nan, 0.0000
(34, 8): nan, nan, nan, 0.0000
(34, 9): nan, nan, nan, 0.0000
(28, 22): 1.0678, 0.0200, 0.7516, 0.0051
(28, 23): nan, nan, nan, 0.0000
(28, 24): nan, nan, nan, 0.0000
(28, 25): nan, nan, nan, 0.0000
(28, 26): nan, nan, nan, 0.0000
(28, 27): nan, nan, nan, 0.0000
(29, 1): nan, nan, nan, 0.0000
(29, 2): 1.3030, 0.0200, 1.2340, 0.0038
(29, 3): 1.2904, 0.0200, 1.4068, 0.0032
(29, 4): 1.3612, 0.0200, 1.1265, 0.0040
(29, 5): 1.2900, 0.0200, 1.0366, 0.0044
(29, 6): 1.3171, 0.0200, 1.3988, 0.0038
(29, 7): 1.2251, 0.0200, 1.2503, 0.0029
(29, 8): 0.7331, 0.0200, 0.2327, 0.0070
(29, 9): nan, nan, nan, 0.0000
(6, 16): 1.9222, 0.0200, 0.5689, 0.0082
(6, 17): 1.5939, 0.0200, 0.7722, 0.0088
(6, 18): 1.4495, 0.0200, 1.0571, 0.0051
(6, 19): 1.4005, 0.0200, 1.1445, 0.0051
(6, 20): 1.3317, 0.0200, 1.3004, 0.0043
(6, 21): 1.3476, 0.0200, 1.1903, 0.0041
(6, 22): 1.3829, 0.0200, 1.0416, 0.0053
(6, 23): 1.3376, 0.0200, 1.2064, 0.0055
(6, 24): 1.2353, 0.0200, 1.3942, 0.0034
(6, 25): 1.3622, 0.0200, 1.2218, 0.0043
(6, 26): 1.2832, 0.0200, 1.3271, 0.0032
(6, 27): 0.9700, 0.0200, 0.6437, 0.0059
(7, 1): nan, nan, nan, 0.0000
(7, 2): nan, nan, nan, 0.0000
(7, 3): nan, nan, nan, 0.0000
(17, 4): nan, nan, nan, 0.0000
(17, 5): nan, nan, nan, 0.0000
(17, 6): nan, nan, nan, 0.0000
(17, 7): nan, nan, nan, 0.0000
(17, 8): nan, nan, nan, 0.0000
(17, 9): 1.2230, 0.0200, 1.0019, 0.0048
(17, 10): 1.4880, 0.0200, 0.9880, 0.0064
(17, 11): 1.5884, 0.0200, 0.8270, 0.0073
(17, 12): 1.6404, 0.0200, 0.7003, 0.0106
(17, 13): 1.5147, 0.0200, 0.7912, 0.0066
(17, 14): 1.4434, 0.0200, 0.8397, 0.0072
(17, 15): 1.7233, 0.0200, 0.4998, 0.0097
(17, 16): 1.7288, 0.0200, 0.4861, 0.0085
(17, 17): 1.3941, 0.0200, 1.1686, 0.0057
(17, 18): 1.3627, 0.0200, 1.2490, 0.0050
(27, 4): 1.4443, 0.0200, 1.1408, 0.0041
(27, 5): 1.4014, 0.0200, 1.2681, 0.0035
(27, 6): 1.3695, 0.0200, 1.0473, 0.0041
(27, 7): 1.1526, 0.0200, 0.5622, 0.0058
(27, 8): 1.3408, 0.0200, 1.1111, 0.0041
(27, 9): 1.3751, 0.0200, 0.9902, 0.0039
(27, 10): 1.2870, 0.0200, 1.0664, 0.0054
(27, 11): 1.3867, 0.0200, 0.9663, 0.0055
(27, 12): 1.1246, 0.0200, 0.8407, 0.0049
(27, 13): 1.3241, 0.0200, 1.1269, 0.0045
(27, 14): 1.2812, 0.0200, 0.9655, 0.0036
(27, 15): 1.4183, 0.0200, 1.2334, 0.0034
(27, 16): 1.4368, 0.0200, 1.1942, 0.0039
(27, 17): 1.4632, 0.0200, 1.0671, 0.0045
(27, 18): 1.3344, 0.0200, 1.2823, 0.0035
(19, 10): 1.4666, 0.0200, 1.0963, 0.0057
(19, 11): 1.9678, 0.0200, 0.5383, 0.0078
(19, 12): 1.4770, 0.0200, 1.0709, 0.0057
(19, 13): 1.4364, 0.0200, 1.0211, 0.0066
(19, 14): 1.4602, 0.0200, 1.0583, 0.0068
(19, 15): 1.4804, 0.0200, 1.0670, 0.0069
(19, 16): 1.4484, 0.0200, 1.1423, 0.0049
(19, 17): 1.3714, 0.0200, 1.2921, 0.0045
(19, 18): 1.3525, 0.0200, 1.3201, 0.0045
(19, 19): 1.4648, 0.0200, 1.1727, 0.0080
(19, 20): 1.4836, 0.0200, 1.1399, 0.0057
(19, 21): 1.3232, 0.0200, 1.3729, 0.0041
(19, 22): 1.3982, 0.0200, 1.1319, 0.0046
(19, 23): 1.3350, 0.0200, 1.2035, 0.0036
(19, 24): 1.2605, 0.0200, 1.3324, 0.0044
(6, 1): nan, nan, nan, 0.0000
(6, 2): nan, nan, nan, 0.0000
(6, 3): nan, nan, nan, 0.0000
(6, 4): nan, nan, nan, 0.0000
(6, 5): nan, nan, nan, 0.0000
(6, 6): nan, nan, nan, 0.0000
(6, 7): nan, nan, nan, 0.0000
(6, 8): nan, nan, nan, 0.0000
(6, 9): nan, nan, nan, 0.0000
(6, 10): nan, nan, nan, 0.0000
(6, 11): 0.9652, 0.0200, 0.6468, 0.0048
(6, 12): 0.8086, 0.0200, 0.3665, 0.0049
(6, 13): nan, nan, nan, 0.0000
(6, 14): nan, nan, nan, 0.0000
(6, 15): 2.0002, 0.0200, 0.2216, 0.0147
(34, 25): nan, nan, nan, 0.0000
(34, 26): nan, nan, nan, 0.0000
(34, 27): nan, nan, nan, 0.0000
(35, 1): nan, nan, nan, 0.0000
(35, 2): nan, nan, nan, 0.0000
(35, 3): nan, nan, nan, 0.0000
(35, 4): nan, nan, nan, 0.0000
(35, 5): nan, nan, nan, 0.0000
(35, 6): nan, nan, nan, 0.0000
(35, 7): nan, nan, nan, 0.0000
(35, 8): nan, nan, nan, 0.0000
(35, 9): nan, nan, nan, 0.0000
(35, 10): nan, nan, nan, 0.0000
(35, 11): nan, nan, nan, 0.0000
(35, 12): nan, nan, nan, 0.0000
(3, 22): 1.2356, 0.0200, 0.8987, 0.0039
(3, 23): 1.5002, 0.0200, 0.8389, 0.0049
(3, 24): 1.4764, 0.0200, 0.7161, 0.0062
(3, 25): nan, nan, nan, 0.0000
(3, 26): nan, nan, nan, 0.0000
(3, 27): nan, nan, nan, 0.0000
(4, 1): nan, nan, nan, 0.0000
(4, 2): nan, nan, nan, 0.0000
(4, 3): nan, nan, nan, 0.0000
(4, 4): nan, nan, nan, 0.0000
(4, 5): nan, nan, nan, 0.0000
(4, 6): nan, nan, nan, 0.0000
(4, 7): nan, nan, nan, 0.0000
(4, 8): nan, nan, nan, 0.0000
(4, 9): nan, nan, nan, 0.0000
(26, 1): nan, nan, nan, 0.0000
(26, 2): 0.8396, 0.0200, 0.1826, 0.0099
(26, 3): 1.1599, 0.0200, 0.6241, 0.0056
(26, 4): 1.3888, 0.0200, 0.6710, 0.0062
(26, 5): 1.1897, 0.0200, 0.8733, 0.0040
(26, 6): 1.2300, 0.0200, 0.7062, 0.0050
(26, 7): 1.5080, 0.0200, 0.8839, 0.0052
(26, 8): 1.4007, 0.0200, 1.2239, 0.0041
(26, 9): 1.5198, 0.0200, 1.0313, 0.0039
(26, 10): 1.4249, 0.0200, 1.1823, 0.0047
(26, 11): 1.4272, 0.0200, 1.2347, 0.0053
(26, 12): 1.4715, 0.0200, 1.1450, 0.0054
(26, 13): 1.4752, 0.0200, 1.0763, 0.0056
(26, 14): 1.5427, 0.0200, 1.0056, 0.0062
(26, 15): 1.5104, 0.0200, 1.0456, 0.0052
(3, 7): nan, nan, nan, 0.0000
(3, 8): nan, nan, nan, 0.0000
(3, 9): nan, nan, nan, 0.0000
(3, 10): nan, nan, nan, 0.0000
(3, 11): nan, nan, nan, 0.0000
(3, 12): nan, nan, nan, 0.0000
(3, 13): nan, nan, nan, 0.0000
(3, 14): nan, nan, nan, 0.0000
(3, 15): nan, nan, nan, 0.0000
(3, 16): 1.1402, 0.0200, 0.4124, 0.0078
(3, 17): 1.1638, 0.0200, 0.3982, 0.0079
(3, 18): 0.8987, 0.0200, 0.3090, 0.0072
(3, 19): 0.9959, 0.0200, 0.4888, 0.0048
(3, 20): 0.8967, 0.0200, 0.3173, 0.0058
(3, 21): 0.9812, 0.0200, 0.4570, 0.0051
