(1, 1): -2.8556, 10.9414, 21.3433
(1, 2): -2.8556, 10.9414, 21.3433
(1, 3): -2.8556, 10.9414, 21.3433
(1, 4): 3.8100, 11.0606, 0.0000
(1, 5): 3.8100, 11.0606, 0.0000
(1, 6): 3.8100, 11.0606, 0.0000
(1, 7): 3.8100, 11.0606, 0.0000
(1, 8): 3.8100, 11.0606, 0.0000
(1, 9): 3.8100, 11.0606, 0.0000
(1, 10): 3.8100, 11.0606, 0.0000
(1, 11): 3.8100, 11.0606, 0.0000
(1, 12): 3.8100, 11.0606, 0.0000
(1, 13): 3.8100, 11.0606, 0.0000
(1, 14): -2.8801, 11.0050, 2.9971
(1, 15): -5.2325, 10.9741, 24.6659
(1, 16): -5.2325, 10.9741, 24.6659
(1, 17): -5.5307, 10.9750, 24.2868
(1, 18): -5.5307, 10.9750, 24.2868
(1, 19): -5.5307, 10.9750, 24.2868
(1, 20): -5.5307, 10.9750, 24.2868
(1, 21): -5.5307, 10.9750, 24.2868
(1, 22): -5.5307, 10.9750, 24.2868
(1, 23): -3.5400, 10.9868, 15.1936
(1, 24): -1.7408, 11.0020, 5.1242
(1, 25): -1.7408, 11.0020, 5.1242
(1, 26): -1.2323, 11.0027, 3.0536
(2, 1): -2.1613, 11.0021, 2.9267
(2, 2): -2.8556, 10.9414, 21.3433
(2, 3): -2.8556, 10.9414, 21.3433
(2, 4): -2.8556, 10.9414, 21.3433
(2, 5): 3.8100, 11.0606, 0.0000
(2, 6): 3.8100, 11.0606, 0.0000
(2, 7): 3.8100, 11.0606, 0.0000
(2, 8): 3.8100, 11.0606, 0.0000
(2, 9): 3.8100, 11.0606, 0.0000
(2, 10): 3.8100, 11.0606, 0.0000
(2, 11): 3.8100, 11.0606, 0.0000
(2, 12): 3.8100, 11.0606, 0.0000
(2, 13): 3.8100, 11.0606, 0.0000
(2, 14): -2.8801, 11.0050, 2.9971
(2, 15): -2.8801, 11.0050, 2.9971
(2, 16): -5.2325, 10.9741, 24.6659
(2, 17): -5.2325, 10.9741, 24.6659
(2, 18): -5.5307, 10.9750, 24.2868
(2, 19): -5.5307, 10.9750, 24.2868
(2, 20): -5.5307, 10.9750, 24.2868
(2, 21): -5.5307, 10.9750, 24.2868
(2, 22): -5.5307, 10.9750, 24.2868
(2, 23): -3.5400, 10.9868, 15.1936
(2, 24): -1.7408, 11.0020, 5.1242
(2, 25): -1.7408, 11.0020, 5.1242
(2, 26): -1.2323, 11.0027, 3.0536
(3, 1): -2.1613, 11.0021, 2.9267
(3, 2): -2.1613, 11.0021, 2.9267
(3, 3): -2.8556, 10.9414, 21.3433
(3, 4): -2.8556, 10.9414, 21.3433
(3, 5): -2.8556, 10.9414, 21.3433
(3, 6): 3.8100, 11.0606, 0.0000
(3, 7): 3.8100, 11.0606, 0.0000
(3, 8): 3.8100, 11.0606, 0.0000
(3, 9): 3.8100, 11.0606, 0.0000
(3, 10): 3.8100, 11.0606, 0.0000
(3, 11): 3.8100, 11.0606, 0.0000
(3, 12): 3.8100, 11.0606, 0.0000
(3, 13): 3.8100, 11.0606, 0.0000
(3, 14): 3.8100, 11.0606, 0.0000
(3, 15): -2.8801, 11.0050, 2.9971
(3, 16): -2.8801, 11.0050, 2.9971
(3, 17): -5.2325, 10.9741, 24.6659
(3, 18): -5.2325, 10.9741, 24.6659
(3, 19): -5.5307, 10.9750, 24.2868
(3, 20): -5.5307, 10.9750, 24.2868
(3, 21): -5.5307, 10.9750, 24.2868
(3, 22): -5.5307, 10.9750, 24.2868
(3, 23): -3.5400, 10.9868, 15.1936
(3, 24): -1.7408, 11.0020, 5.1242
(3, 25): -1.7408, 11.0020, 5.1242
(3, 26): -1.2323, 11.0027, 3.0536
(4, 1): -4.2791, 10.9943, 16.7637
(4, 2): -2.1613, 11.0021, 2.9267
(4, 3): -2.1613, 11.0021, 2.9267
(4, 4): -2.8556, 10.9414, 21.3433
(4, 5): -2.8556, 10.9414, 21.3433
(4, 6): -2.8556, 10.9414, 21.3433
(4, 7): 3.8100, 11.0606, 0.0000
(4, 8): 3.8100, 11.0606, 0.0000
(4, 9): 3.8100, 11.0606, 0.0000
(4, 10): 3.8100, 11.0606, 0.0000
(4, 11): 3.8100, 11.0606, 0.0000
(4, 12): 3.8100, 11.0606, 0.0000
(4, 13): 3.8100, 11.0606, 0.0000
(4, 14): 3.8100, 11.0606, 0.0000
(4, 15): -2.4703, 11.0045, 2.8004
(4, 16): -2.8801, 11.0050, 2.9971
(4, 17): -2.8801, 11.0050, 2.9971
(4, 18): -5.2325, 10.9741, 24.6659
(4, 19): -5.2325, 10.9741, 24.6659
(4, 20): -5.5307, 10.9750, 24.2868
(4, 21): -5.5307, 10.9750, 24.2868
(4, 22): -5.5307, 10.9750, 24.2868
(4, 23): -3.5400, 10.9868, 15.1936
(4, 24): -1.7408, 11.0020, 5.1242
(4, 25): -1.7408, 11.0020, 5.1242
(4, 26): -1.2323, 11.0027, 3.0536
(5, 1): -4.2791, 10.9943, 16.7637
(5, 2): -4.2791, 10.9943, 16.7637
(5, 3): -2.1613, 11.0021, 2.9267
(5, 4): -2.1613, 11.0021, 2.9267
(5, 5): -2.8556, 10.9414, 21.3433
(5, 6): -2.8556, 10.9414, 21.3433
(5, 7): -2.8556, 10.9414, 21.3433
(5, 8): 3.8100, 11.0606, 0.0000
(5, 9): 3.8100, 11.0606, 0.0000
(5, 10): 3.8100, 11.0606, 0.0000
(5, 11): 3.8100, 11.0606, 0.0000
(5, 12): 3.8100, 11.0606, 0.0000
(5, 13): 3.8100, 11.0606, 0.0000
(5, 14): 3.8100, 11.0606, 0.0000
(5, 15): 3.8100, 11.0606, 0.0000
(5, 16): -2.4703, 11.0045, 2.8004
(5, 17): -2.8801, 11.0050, 2.9971
(5, 18): -2.8801, 11.0050, 2.9971
(5, 19): -5.2325, 10.9741, 24.6659
(5, 20): -5.2325, 10.9741, 24.6659
(5, 21): -5.5307, 10.9750, 24.2868
(5, 22): -5.5307, 10.9750, 24.2868
(5, 23): -3.5400, 10.9868, 15.1936
(5, 24): -1.8007, 11.0264, 0.6953
(5, 25): -1.7408, 11.0020, 5.1242
(5, 26): -1.2323, 11.0027, 3.0536
(6, 1): -1.8789, 10.9950, 3.9081
(6, 2): -4.2791, 10.9943, 16.7637
(6, 3): -4.2791, 10.9943, 16.7637
(6, 4): -2.1613, 11.0021, 2.9267
(6, 5): -2.1613, 11.0021, 2.9267
(6, 6): -2.8556, 10.9414, 21.3433
(6, 7): -2.8556, 10.9414, 21.3433
(6, 8): -2.8556, 10.9414, 21.3433
(6, 9): 3.8100, 11.0606, 0.0000
(6, 10): 3.8100, 11.0606, 0.0000
(6, 11): 3.8100, 11.0606, 0.0000
(6, 12): 3.8100, 11.0606, 0.0000
(6, 13): 3.8100, 11.0606, 0.0000
(6, 14): 3.8100, 11.0606, 0.0000
(6, 15): 3.8100, 11.0606, 0.0000
(6, 16): -2.4703, 11.0045, 2.8004
(6, 17): -2.4703, 11.0045, 2.8004
(6, 18): -2.8801, 11.0050, 2.9971
(6, 19): -2.8801, 11.0050, 2.9971
(6, 20): -5.2325, 10.9741, 24.6659
(6, 21): -5.2325, 10.9741, 24.6659
(6, 22): -1.8495, 11.0021, 5.0048
(6, 23): -3.3394, 10.9285, 25.2699
(6, 24): -1.8007, 11.0264, 0.6953
(6, 25): -1.3068, 10.9988, 2.7345
(6, 26): -1.7038, 11.0020, 2.4777
(7, 1): -1.8789, 10.9950, 3.9081
(7, 2): -1.8789, 10.9950, 3.9081
(7, 3): -4.2791, 10.9943, 16.7637
(7, 4): -4.2791, 10.9943, 16.7637
(7, 5): -2.1613, 11.0021, 2.9267
(7, 6): -2.1613, 11.0021, 2.9267
(7, 7): -2.8556, 10.9414, 21.3433
(7, 8): -2.8556, 10.9414, 21.3433
(7, 9): -2.8556, 10.9414, 21.3433
(7, 10): 3.8100, 11.0606, 0.0000
(7, 11): 3.8100, 11.0606, 0.0000
(7, 12): 3.8100, 11.0606, 0.0000
(7, 13): 3.8100, 11.0606, 0.0000
(7, 14): 3.8100, 11.0606, 0.0000
(7, 15): 3.8100, 11.0606, 0.0000
(7, 16): -2.4703, 11.0045, 2.8004
(7, 17): -2.4703, 11.0045, 2.8004
(7, 18): -2.4703, 11.0045, 2.8004
(7, 19): -2.8801, 11.0050, 2.9971
(7, 20): -2.8801, 11.0050, 2.9971
(7, 21): -4.3381, 11.0085, 1.7420
(7, 22): -2.2302, 10.9734, 5.3184
(7, 23): -1.4050, 11.0014, 2.4436
(7, 24): -1.3264, 10.9914, 3.5652
(7, 25): -2.0427, 11.0110, 1.3372
(7, 26): -1.7038, 11.0020, 2.4777
(8, 1): -1.8789, 10.9950, 3.9081
(8, 2): -1.8789, 10.9950, 3.9081
(8, 3): -1.8789, 10.9950, 3.9081
(8, 4): -4.2791, 10.9943, 16.7637
(8, 5): -4.2791, 10.9943, 16.7637
(8, 6): -2.1613, 11.0021, 2.9267
(8, 7): -2.1613, 11.0021, 2.9267
(8, 8): -2.8556, 10.9414, 21.3433
(8, 9): -2.8556, 10.9414, 21.3433
(8, 10): -2.8556, 10.9414, 21.3433
(8, 11): 3.8100, 11.0606, 0.0000
(8, 12): 3.8100, 11.0606, 0.0000
(8, 13): 3.8100, 11.0606, 0.0000
(8, 14): 3.8100, 11.0606, 0.0000
(8, 15): 3.8100, 11.0606, 0.0000
(8, 16): -1.6430, 11.0021, 2.5411
(8, 17): -2.4703, 11.0045, 2.8004
(8, 18): -2.4703, 11.0045, 2.8004
(8, 19): -3.7033, 11.0180, 0.7989
(8, 20): -3.2290, 11.0190, 1.0182
(8, 21): -3.2290, 11.0190, 1.0182
(8, 22): -2.1841, 10.9918, 4.5622
(8, 23): -3.6388, 10.9905, 16.0294
(8, 24): -2.3805, 10.9909, 11.0406
(8, 25): -2.0654, 10.9981, 9.0414
(8, 26): -2.0654, 10.9981, 9.0414
(9, 1): -1.8789, 10.9950, 3.9081
(9, 2): -1.8789, 10.9950, 3.9081
(9, 3): -1.8789, 10.9950, 3.9081
(9, 4): -1.8789, 10.9950, 3.9081
(9, 5): -4.2791, 10.9943, 16.7637
(9, 6): -4.2791, 10.9943, 16.7637
(9, 7): -2.1613, 11.0021, 2.9267
(9, 8): -2.1613, 11.0021, 2.9267
(9, 9): -2.8556, 10.9414, 21.3433
(9, 10): -2.8556, 10.9414, 21.3433
(9, 11): -2.8556, 10.9414, 21.3433
(9, 12): 3.8100, 11.0606, 0.0000
(9, 13): 3.8100, 11.0606, 0.0000
(9, 14): 3.8100, 11.0606, 0.0000
(9, 15): 3.8100, 11.0606, 0.0000
(9, 16): -1.6430, 11.0021, 2.5411
(9, 17): -2.4703, 11.0045, 2.8004
(9, 18): -2.4703, 11.0045, 2.8004
(9, 19): -3.7033, 11.0180, 0.7989
(9, 20): -3.2290, 11.0190, 1.0182
(9, 21): -1.5880, 11.0074, 1.4948
(9, 22): -1.5880, 11.0074, 1.4948
(9, 23): 3.1748, 11.1500, 0.0000
(9, 24): -1.5601, 10.9981, 3.0208
(9, 25): -2.7773, 10.9974, 11.3578
(9, 26): -2.7773, 10.9974, 11.3578
(10, 1): -1.8789, 10.9950, 3.9081
(10, 2): -1.8789, 10.9950, 3.9081
(10, 3): -1.8789, 10.9950, 3.9081
(10, 4): -1.8789, 10.9950, 3.9081
(10, 5): -1.8789, 10.9950, 3.9081
(10, 6): -4.2791, 10.9943, 16.7637
(10, 7): -4.2791, 10.9943, 16.7637
(10, 8): -2.1613, 11.0021, 2.9267
(10, 9): -2.1613, 11.0021, 2.9267
(10, 10): -2.8556, 10.9414, 21.3433
(10, 11): -2.8556, 10.9414, 21.3433
(10, 12): -2.8556, 10.9414, 21.3433
(10, 13): 3.8100, 11.0606, 0.0000
(10, 14): 3.8100, 11.0606, 0.0000
(10, 15): 3.8100, 11.0606, 0.0000
(10, 16): -1.6430, 11.0021, 2.5411
(10, 17): -2.7312, 10.9825, 24.3347
(10, 18): -2.2538, 10.9874, 18.3408
(10, 19): -1.5675, 10.9973, 3.4615
(10, 20): -1.5675, 10.9973, 3.4615
(10, 21): -1.5880, 11.0074, 1.4948
(10, 22): -1.5880, 11.0074, 1.4948
(10, 23): -2.6368, 11.0044, 2.9316
(10, 24): -2.0405, 11.0210, 0.2314
(10, 25): -2.0405, 11.0210, 0.2314
(10, 26): -2.7773, 10.9974, 11.3578
(11, 1): -1.8789, 10.9950, 3.9081
(11, 2): -1.8789, 10.9950, 3.9081
(11, 3): -1.8789, 10.9950, 3.9081
(11, 4): -1.8789, 10.9950, 3.9081
(11, 5): -1.8789, 10.9950, 3.9081
(11, 6): -1.8789, 10.9950, 3.9081
(11, 7): -4.2791, 10.9943, 16.7637
(11, 8): -4.2791, 10.9943, 16.7637
(11, 9): -2.1613, 11.0021, 2.9267
(11, 10): -2.1613, 11.0021, 2.9267
(11, 11): -2.8556, 10.9414, 21.3433
(11, 12): -2.8556, 10.9414, 21.3433
(11, 13): -2.8556, 10.9414, 21.3433
(11, 14): 3.8100, 11.0606, 0.0000
(11, 15): 3.8100, 11.0606, 0.0000
(11, 16): -1.6430, 11.0021, 2.5411
(11, 17): -1.9260, 10.8830, 49.3029
(11, 18): -3.0516, 10.7791, 38.2188
(11, 19): -1.5514, 10.9853, 8.2657
(11, 20): -1.5514, 10.9853, 8.2657
(11, 21): -2.2881, 11.0124, 0.4165
(11, 22): -2.6368, 11.0044, 2.9316
(11, 23): -2.6368, 11.0044, 2.9316
(11, 24): -2.0405, 11.0210, 0.2314
(11, 25): -2.0405, 11.0210, 0.2314
(11, 26): -2.0405, 11.0210, 0.2314
(12, 1): -1.1595, 11.0076, 0.8413
(12, 2): -1.8789, 10.9950, 3.9081
(12, 3): -1.8789, 10.9950, 3.9081
(12, 4): -1.8789, 10.9950, 3.9081
(12, 5): -1.8789, 10.9950, 3.9081
(12, 6): -1.8789, 10.9950, 3.9081
(12, 7): -1.8789, 10.9950, 3.9081
(12, 8): -4.2791, 10.9943, 16.7637
(12, 9): -4.2791, 10.9943, 16.7637
(12, 10): -2.1613, 11.0021, 2.9267
(12, 11): -2.1613, 11.0021, 2.9267
(12, 12): -2.8556, 10.9414, 21.3433
(12, 13): -2.8556, 10.9414, 21.3433
(12, 14): -2.8556, 10.9414, 21.3433
(12, 15): 3.8100, 11.0606, 0.0000
(12, 16): -2.1620, 10.9859, 5.7651
(12, 17): -2.1620, 10.9859, 5.7651
(12, 18): -3.2135, 10.9653, 16.2878
(12, 19): -3.2135, 10.9653, 16.2878
(12, 20): -2.2881, 11.0124, 0.4165
(12, 21): -2.2881, 11.0124, 0.4165
(12, 22): -2.2881, 11.0124, 0.4165
(12, 23): -2.2881, 11.0124, 0.4165
(12, 24): -2.0405, 11.0210, 0.2314
(12, 25): -2.0405, 11.0210, 0.2314
(12, 26): -2.0405, 11.0210, 0.2314
(13, 1): -1.1595, 11.0076, 0.8413
(13, 2): -1.1595, 11.0076, 0.8413
(13, 3): -1.1595, 11.0076, 0.8413
(13, 4): -1.8789, 10.9950, 3.9081
(13, 5): -1.8789, 10.9950, 3.9081
(13, 6): -1.8789, 10.9950, 3.9081
(13, 7): -1.8789, 10.9950, 3.9081
(13, 8): -1.8789, 10.9950, 3.9081
(13, 9): -4.2791, 10.9943, 16.7637
(13, 10): -4.2791, 10.9943, 16.7637
(13, 11): -2.1613, 11.0021, 2.9267
(13, 12): -2.1613, 11.0021, 2.9267
(13, 13): -1.2887, 10.9999, 2.5888
(13, 14): -1.2887, 10.9999, 2.5888
(13, 15): -1.2887, 10.9999, 2.5888
(13, 16): -2.1620, 10.9859, 5.7651
(13, 17): -2.1620, 10.9859, 5.7651
(13, 18): -3.2135, 10.9653, 16.2878
(13, 19): -2.0244, 11.0306, 0.2252
(13, 20): -1.9303, 11.0022, 2.7295
(13, 21): -2.2881, 11.0124, 0.4165
(13, 22): -2.9130, 11.0050, 3.0277
(13, 23): -2.5280, 11.0110, 1.7640
(13, 24): -2.5280, 11.0110, 1.7640
(13, 25): -2.5280, 11.0110, 1.7640
(13, 26): -2.0498, 11.0021, 2.8333
(14, 1): -1.1595, 11.0076, 0.8413
(14, 2): -1.1595, 11.0076, 0.8413
(14, 3): -1.1595, 11.0076, 0.8413
(14, 4): -1.1595, 11.0076, 0.8413
(14, 5): -1.1595, 11.0076, 0.8413
(14, 6): -1.8789, 10.9950, 3.9081
(14, 7): -1.8789, 10.9950, 3.9081
(14, 8): -1.8789, 10.9950, 3.9081
(14, 9): -1.8789, 10.9950, 3.9081
(14, 10): -4.2791, 10.9943, 16.7637
(14, 11): -4.2791, 10.9943, 16.7637
(14, 12): -2.6222, 10.9910, 9.4325
(14, 13): -2.6222, 10.9910, 9.4325
(14, 14): -1.2887, 10.9999, 2.5888
(14, 15): -1.7336, 10.9839, 8.8391
(14, 16): -1.8498, 11.0081, 1.5967
(14, 17): -2.7163, 11.0036, 2.3143
(14, 18): -2.7163, 11.0036, 2.3143
(14, 19): -2.0244, 11.0306, 0.2252
(14, 20): -1.4420, 11.0015, 2.4267
(14, 21): -1.4420, 11.0015, 2.4267
(14, 22): -2.9130, 11.0050, 3.0277
(14, 23): -2.5280, 11.0110, 1.7640
(14, 24): -2.5280, 11.0110, 1.7640
(14, 25): -2.5280, 11.0110, 1.7640
(14, 26): -2.0498, 11.0021, 2.8333
(15, 1): -1.1595, 11.0076, 0.8413
(15, 2): -1.1595, 11.0076, 0.8413
(15, 3): -1.1595, 11.0076, 0.8413
(15, 4): -1.1595, 11.0076, 0.8413
(15, 5): -1.1595, 11.0076, 0.8413
(15, 6): -1.1595, 11.0076, 0.8413
(15, 7): -1.1595, 11.0076, 0.8413
(15, 8): -1.8789, 10.9950, 3.9081
(15, 9): -1.8789, 10.9950, 3.9081
(15, 10): -1.8789, 10.9950, 3.9081
(15, 11): -1.5035, 11.0017, 2.4829
(15, 12): -2.6222, 10.9910, 9.4325
(15, 13): -2.6222, 10.9910, 9.4325
(15, 14): -1.7336, 10.9839, 8.8391
(15, 15): -1.7336, 10.9839, 8.8391
(15, 16): -1.8498, 11.0081, 1.5967
(15, 17): -1.8498, 11.0081, 1.5967
(15, 18): -2.7163, 11.0036, 2.3143
(15, 19): -1.4586, 11.0131, 0.1167
(15, 20): -1.4047, 11.0129, 0.1118
(15, 21): -1.4256, 11.0015, 2.3866
(15, 22): -2.9130, 11.0050, 3.0277
(15, 23): -2.5280, 11.0110, 1.7640
(15, 24): -2.5280, 11.0110, 1.7640
(15, 25): -2.0498, 11.0021, 2.8333
(15, 26): -2.0498, 11.0021, 2.8333
(16, 1): -1.1595, 11.0076, 0.8413
(16, 2): -1.1595, 11.0076, 0.8413
(16, 3): -1.1595, 11.0076, 0.8413
(16, 4): -1.1595, 11.0076, 0.8413
(16, 5): -1.1595, 11.0076, 0.8413
(16, 6): -1.1595, 11.0076, 0.8413
(16, 7): -1.1595, 11.0076, 0.8413
(16, 8): -1.1595, 11.0076, 0.8413
(16, 9): -1.9945, 10.9727, 12.6000
(16, 10): -1.9945, 10.9727, 12.6000
(16, 11): -1.2783, 11.0066, 1.4624
(16, 12): -1.2783, 11.0066, 1.4624
(16, 13): -1.5835, 11.0017, 2.5526
(16, 14): -1.6205, 10.9905, 9.9418
(16, 15): -3.0253, 11.0015, 8.4948
(16, 16): -1.9403, 11.0078, 1.6026
(16, 17): -2.2731, 11.0062, 1.2986
(16, 18): -2.2731, 11.0062, 1.2986
(16, 19): -1.4586, 11.0131, 0.1167
(16, 20): -3.8818, 10.9827, 13.5416
(16, 21): -3.2714, 11.0073, 0.9576
(16, 22): -3.2714, 11.0073, 0.9576
(16, 23): -1.4480, 11.0014, 2.4687
(16, 24): -2.0498, 11.0021, 2.8333
(16, 25): -2.0498, 11.0021, 2.8333
(16, 26): -2.0498, 11.0021, 2.8333
(17, 1): -2.6086, 10.9895, 11.9945
(17, 2): -2.6086, 10.9895, 11.9945
(17, 3): -2.6086, 10.9895, 11.9945
(17, 4): -1.1595, 11.0076, 0.8413
(17, 5): -1.1595, 11.0076, 0.8413
(17, 6): -1.1595, 11.0076, 0.8413
(17, 7): -1.1595, 11.0076, 0.8413
(17, 8): -1.1595, 11.0076, 0.8413
(17, 9): -1.1595, 11.0076, 0.8413
(17, 10): -2.7318, 10.9928, 11.0645
(17, 11): -1.1024, 11.0057, 1.3938
(17, 12): -2.2856, 11.0028, 2.8149
(17, 13): -1.5835, 11.0017, 2.5526
(17, 14): -1.5835, 11.0017, 2.5526
(17, 15): -3.0253, 11.0015, 8.4948
(17, 16): -3.6169, 10.9849, 8.1317
(17, 17): -3.6169, 10.9849, 8.1317
(17, 18): -2.2731, 11.0062, 1.2986
(17, 19): -1.4586, 11.0131, 0.1167
(17, 20): -1.4919, 11.0056, 1.3585
(17, 21): -3.2714, 11.0073, 0.9576
(17, 22): -1.4480, 11.0014, 2.4687
(17, 23): -1.4480, 11.0014, 2.4687
(17, 24): -2.6983, 10.9914, 5.7084
(17, 25): -2.0498, 11.0021, 2.8333
(17, 26): -2.0498, 11.0021, 2.8333
(18, 1): -2.0261, 10.9946, 4.5722
(18, 2): -2.6086, 10.9895, 11.9945
(18, 3): -2.6086, 10.9895, 11.9945
(18, 4): -2.6086, 10.9895, 11.9945
(18, 5): -2.6086, 10.9895, 11.9945
(18, 6): -2.6086, 10.9895, 11.9945
(18, 7): -1.4238, 10.9861, 7.8800
(18, 8): -1.4238, 10.9861, 7.8800
(18, 9): -1.4238, 10.9861, 7.8800
(18, 10): -1.0504, 11.0026, 3.9441
(18, 11): -1.4470, 11.0015, 2.4867
(18, 12): -3.1700, 11.0278, 0.8113
(18, 13): -2.4620, 11.0040, 2.9246
(18, 14): -1.4636, 11.0017, 2.4298
(18, 15): -1.4636, 11.0017, 2.4298
(18, 16): -1.6030, 11.0016, 2.5433
(18, 17): -1.6030, 11.0016, 2.5433
(18, 18): -1.6030, 11.0016, 2.5433
(18, 19): -1.4919, 11.0056, 1.3585
(18, 20): -1.4919, 11.0056, 1.3585
(18, 21): -4.1240, 11.0023, 11.1307
(18, 22): -4.1240, 11.0023, 11.1307
(18, 23): -2.6983, 10.9914, 5.7084
(18, 24): -2.6983, 10.9914, 5.7084
(18, 25): -2.6983, 10.9914, 5.7084
(18, 26): -2.0498, 11.0021, 2.8333
(19, 1): -2.0261, 10.9946, 4.5722
(19, 2): -2.0261, 10.9946, 4.5722
(19, 3): -2.0261, 10.9946, 4.5722
(19, 4): -2.6086, 10.9895, 11.9945
(19, 5): -2.6086, 10.9895, 11.9945
(19, 6): -2.6086, 10.9895, 11.9945
(19, 7): -2.6086, 10.9895, 11.9945
(19, 8): -2.6086, 10.9895, 11.9945
(19, 9): -2.3734, 10.9923, 10.6273
(19, 10): -3.9149, 10.9570, 19.0507
(19, 11): -3.9149, 10.9570, 19.0507
(19, 12): -2.1279, 10.9701, 13.4614
(19, 13): -2.4620, 11.0040, 2.9246
(19, 14): -1.4181, 11.0067, 1.4395
(19, 15): -1.7698, 11.0120, 3.4264
(19, 16): -1.7420, 11.0019, 2.5313
(19, 17): -1.7420, 11.0019, 2.5313
(19, 18): -2.2845, 11.0015, 6.1904
(19, 19): -1.8640, 11.0020, 5.2888
(19, 20): -1.8640, 11.0020, 5.2888
(19, 21): -4.1240, 11.0023, 11.1307
(19, 22): -4.1240, 11.0023, 11.1307
(19, 23): -3.5236, 10.9707, 8.9431
(19, 24): -3.5236, 10.9707, 8.9431
(19, 25): -3.5236, 10.9707, 8.9431
(19, 26): -3.5236, 10.9707, 8.9431
(20, 1): -2.0261, 10.9946, 4.5722
(20, 2): -2.0261, 10.9946, 4.5722
(20, 3): -2.0261, 10.9946, 4.5722
(20, 4): -2.0261, 10.9946, 4.5722
(20, 5): -2.0261, 10.9946, 4.5722
(20, 6): -2.6086, 10.9895, 11.9945
(20, 7): -2.6086, 10.9895, 11.9945
(20, 8): -2.6086, 10.9895, 11.9945
(20, 9): -2.4725, 10.9986, 9.7218
(20, 10): -2.4655, 11.0046, 2.7840
(20, 11): -2.4655, 11.0046, 2.7840
(20, 12): -2.5042, 10.9865, 13.6131
(20, 13): -1.9633, 10.9996, 7.8283
(20, 14): -2.5819, 11.0025, 12.9545
(20, 15): -1.9567, 11.0071, 0.8996
(20, 16): -2.1984, 11.0045, 2.6294
(20, 17): -2.1984, 11.0045, 2.6294
(20, 18): -2.2845, 11.0015, 6.1904
(20, 19): -1.8640, 11.0020, 5.2888
(20, 20): -1.8640, 11.0020, 5.2888
(20, 21): -4.3381, 11.0085, 1.7420
(20, 22): -4.3381, 11.0085, 1.7420
(20, 23): -3.5236, 10.9707, 8.9431
(20, 24): -3.5236, 10.9707, 8.9431
(20, 25): -3.5236, 10.9707, 8.9431
(20, 26): -3.5236, 10.9707, 8.9431
(21, 1): -2.0261, 10.9946, 4.5722
(21, 2): -2.0261, 10.9946, 4.5722
(21, 3): -2.0261, 10.9946, 4.5722
(21, 4): -2.0261, 10.9946, 4.5722
(21, 5): -2.0261, 10.9946, 4.5722
(21, 6): -2.0261, 10.9946, 4.5722
(21, 7): -2.0266, 11.0119, 1.0803
(21, 8): -2.0266, 11.0119, 1.0803
(21, 9): -1.9676, 10.9888, 5.1366
(21, 10): -2.1266, 10.9575, 17.2002
(21, 11): -1.6572, 10.9518, 19.0590
(21, 12): -1.6396, 10.9809, 19.8045
(21, 13): -1.2579, 11.0014, 2.4268
(21, 14): -2.3155, 11.0024, 3.0161
(21, 15): -2.3155, 11.0024, 3.0161
(21, 16): -2.1984, 11.0045, 2.6294
(21, 17): -1.6213, 11.0014, 2.5594
(21, 18): -1.6213, 11.0014, 2.5594
(21, 19): -1.6213, 11.0014, 2.5594
(21, 20): -4.3381, 11.0085, 1.7420
(21, 21): -4.3381, 11.0085, 1.7420
(21, 22): -4.3381, 11.0085, 1.7420
(21, 23): -4.3381, 11.0085, 1.7420
(21, 24): -3.5236, 10.9707, 8.9431
(21, 25): -3.5236, 10.9707, 8.9431
(21, 26): -3.5236, 10.9707, 8.9431
(22, 1): -2.0261, 10.9946, 4.5722
(22, 2): -2.0261, 10.9946, 4.5722
(22, 3): -2.0261, 10.9946, 4.5722
(22, 4): -2.0261, 10.9946, 4.5722
(22, 5): -2.0261, 10.9946, 4.5722
(22, 6): -2.0261, 10.9946, 4.5722
(22, 7): -2.0261, 10.9946, 4.5722
(22, 8): -2.0261, 10.9946, 4.5722
(22, 9): -1.9676, 10.9888, 5.1366
(22, 10): -2.2552, 11.0173, 0.0653
(22, 11): -1.0808, 11.0027, 3.9717
(22, 12): -2.2218, 10.8922, 26.2888
(22, 13): -1.5389, 10.9930, 7.8399
(22, 14): -4.3651, 10.9821, 18.8317
(22, 15): -2.3155, 11.0024, 3.0161
(22, 16): -3.1700, 11.0278, 0.8113
(22, 17): -3.1700, 11.0278, 0.8113
(22, 18): -1.6213, 11.0014, 2.5594
(22, 19): -1.3109, 11.0104, 2.3558
(22, 20): -4.3381, 11.0085, 1.7420
(22, 21): -4.3381, 11.0085, 1.7420
(22, 22): -4.3381, 11.0085, 1.7420
(22, 23): -4.3381, 11.0085, 1.7420
(22, 24): -4.3381, 11.0085, 1.7420
(22, 25): -3.5236, 10.9707, 8.9431
(22, 26): -3.5236, 10.9707, 8.9431
(23, 1): -2.3780, 10.9495, 18.1292
(23, 2): -2.0261, 10.9946, 4.5722
(23, 3): -2.0261, 10.9946, 4.5722
(23, 4): -2.0261, 10.9946, 4.5722
(23, 5): -2.0261, 10.9946, 4.5722
(23, 6): -2.0261, 10.9946, 4.5722
(23, 7): -2.0261, 10.9946, 4.5722
(23, 8): -2.0261, 10.9946, 4.5722
(23, 9): -2.2552, 11.0173, 0.0653
(23, 10): -2.2552, 11.0173, 0.0653
(23, 11): -1.4722, 11.0008, 2.6736
(23, 12): 2.8394, 11.1731, 0.0000
(23, 13): -1.5924, 10.9852, 8.3625
(23, 14): -4.3651, 10.9821, 18.8317
(23, 15): -4.3651, 10.9821, 18.8317
(23, 16): -3.1700, 11.0278, 0.8113
(23, 17): -3.1700, 11.0278, 0.8113
(23, 18): -1.9166, 11.0021, 2.7318
(23, 19): -1.3109, 11.0104, 2.3558
(23, 20): -1.3109, 11.0104, 2.3558
(23, 21): -4.3381, 11.0085, 1.7420
(23, 22): -4.3381, 11.0085, 1.7420
(23, 23): -4.3381, 11.0085, 1.7420
(23, 24): -4.3381, 11.0085, 1.7420
(23, 25): -4.3381, 11.0085, 1.7420
(23, 26): -3.5236, 10.9707, 8.9431
(24, 1): -2.3780, 10.9495, 18.1292
(24, 2): -2.3780, 10.9495, 18.1292
(24, 3): -2.5499, 11.0023, 0.4293
(24, 4): -2.5499, 11.0023, 0.4293
(24, 5): -2.5499, 11.0023, 0.4293
(24, 6): -2.5499, 11.0023, 0.4293
(24, 7): -2.5499, 11.0023, 0.4293
(24, 8): -2.5499, 11.0023, 0.4293
(24, 9): -1.3008, 11.0072, 1.3305
(24, 10): -1.4722, 11.0008, 2.6736
(24, 11): -1.2445, 11.0015, 2.3775
(24, 12): -1.2445, 11.0015, 2.3775
(24, 13): -1.2445, 11.0015, 2.3775
(24, 14): -4.3651, 10.9821, 18.8317
(24, 15): -2.1755, 11.0194, 11.5031
(24, 16): -2.4938, 10.9925, 10.7061
(24, 17): -2.8610, 11.0241, 0.7680
(24, 18): -1.9166, 11.0021, 2.7318
(24, 19): -2.4730, 11.0022, 3.1800
(24, 20): -2.4730, 11.0022, 3.1800
(24, 21): -2.4730, 11.0022, 3.1800
(24, 22): -2.3750, 10.9946, 9.6373
(24, 23): -4.3381, 11.0085, 1.7420
(24, 24): -4.3381, 11.0085, 1.7420
(24, 25): -4.3381, 11.0085, 1.7420
(24, 26): -4.3381, 11.0085, 1.7420
(25, 1): -2.3780, 10.9495, 18.1292
(25, 2): -2.3780, 10.9495, 18.1292
(25, 3): -3.0008, 11.0137, 1.5530
(25, 4): -2.5499, 11.0023, 0.4293
(25, 5): -2.5499, 11.0023, 0.4293
(25, 6): -2.5499, 11.0023, 0.4293
(25, 7): -2.5499, 11.0023, 0.4293
(25, 8): -1.3008, 11.0072, 1.3305
(25, 9): -1.3008, 11.0072, 1.3305
(25, 10): -1.4917, 11.0016, 2.6128
(25, 11): -2.4664, 11.0185, 0.0315
(25, 12): -2.0904, 11.0076, 0.9196
(25, 13): -2.0904, 11.0076, 0.9196
(25, 14): -2.6385, 10.9647, 6.3085
(25, 15): -1.2178, 11.0026, 4.2203
(25, 16): -1.3538, 11.0082, 0.9154
(25, 17): -1.4844, 11.0007, 2.6838
(25, 18): -1.1969, 11.0027, 2.2545
(25, 19): -3.4675, 10.9626, 16.9667
(25, 20): -3.4675, 10.9626, 16.9667
(25, 21): -2.3750, 10.9946, 9.6373
(25, 22): -2.3750, 10.9946, 9.6373
(25, 23): -2.3750, 10.9946, 9.6373
(25, 24): -2.3750, 10.9946, 9.6373
(25, 25): -1.3254, 11.0000, 2.6126
(25, 26): -1.3254, 11.0000, 2.6126
(26, 1): -2.3780, 10.9495, 18.1292
(26, 2): -2.3780, 10.9495, 18.1292
(26, 3): -3.0008, 11.0137, 1.5530
(26, 4): -3.0008, 11.0137, 1.5530
(26, 5): -2.5499, 11.0023, 0.4293
(26, 6): -2.5499, 11.0023, 0.4293
(26, 7): -1.3008, 11.0072, 1.3305
(26, 8): -1.3008, 11.0072, 1.3305
(26, 9): -1.3008, 11.0072, 1.3305
(26, 10): -1.4917, 11.0016, 2.6128
(26, 11): -2.4664, 11.0185, 0.0315
(26, 12): -2.4664, 11.0185, 0.0315
(26, 13): -2.1010, 11.0114, 1.0843
(26, 14): -2.1010, 11.0114, 1.0843
(26, 15): -2.2553, 10.9935, 7.4444
(26, 16): -2.2620, 10.9822, 5.8607
(26, 17): -1.4844, 11.0007, 2.6838
(26, 18): -1.6502, 10.8899, 19.6528
(26, 19): -3.4675, 10.9626, 16.9667
(26, 20): -2.3750, 10.9946, 9.6373
(26, 21): -2.3750, 10.9946, 9.6373
(26, 22): -2.3750, 10.9946, 9.6373
(26, 23): -1.3254, 11.0000, 2.6126
(26, 24): -1.3254, 11.0000, 2.6126
(26, 25): -1.3254, 11.0000, 2.6126
(26, 26): -1.3254, 11.0000, 2.6126
(27, 1): -2.3780, 10.9495, 18.1292
(27, 2): -2.3780, 10.9495, 18.1292
(27, 3): -3.0008, 11.0137, 1.5530
(27, 4): -3.0008, 11.0137, 1.5530
(27, 5): -1.1743, 11.0086, 0.5697
(27, 6): -1.1743, 11.0086, 0.5697
(27, 7): -1.8099, 11.0015, 2.6669
(27, 8): -1.3008, 11.0072, 1.3305
(27, 9): -1.3008, 11.0072, 1.3305
(27, 10): -1.4917, 11.0016, 2.6128
(27, 11): -2.4664, 11.0185, 0.0315
(27, 12): -2.4664, 11.0185, 0.0315
(27, 13): -1.7691, 11.0016, 4.7097
(27, 14): -1.7691, 11.0016, 4.7097
(27, 15): -2.0306, 11.0088, 1.6016
(27, 16): -3.8207, 10.9917, 15.9950
(27, 17): -3.8207, 10.9917, 15.9950
(27, 18): -1.4043, 11.0016, 2.3877
(27, 19): -1.4043, 11.0016, 2.3877
(27, 20): -1.4043, 11.0016, 2.3877
(27, 21): -1.3254, 11.0000, 2.6126
(27, 22): -1.3254, 11.0000, 2.6126
(27, 23): -1.3254, 11.0000, 2.6126
(27, 24): -1.3254, 11.0000, 2.6126
(27, 25): -1.3254, 11.0000, 2.6126
(27, 26): -1.3254, 11.0000, 2.6126
(28, 1): -2.3780, 10.9495, 18.1292
(28, 2): -2.3780, 10.9495, 18.1292
(28, 3): -3.0008, 11.0137, 1.5530
(28, 4): -3.0008, 11.0137, 1.5530
(28, 5): -1.1743, 11.0086, 0.5697
(28, 6): -1.1743, 11.0086, 0.5697
(28, 7): -1.8099, 11.0015, 2.6669
(28, 8): -1.8099, 11.0015, 2.6669
(28, 9): -1.3008, 11.0072, 1.3305
(28, 10): -1.4917, 11.0016, 2.6128
(28, 11): -2.4664, 11.0185, 0.0315
(28, 12): -2.4664, 11.0185, 0.0315
(28, 13): -1.7691, 11.0016, 4.7097
(28, 14): -1.7691, 11.0016, 4.7097
(28, 15): -2.7386, 10.6601, 73.4016
(28, 16): -2.1864, 11.0014, 27.8399
(28, 17): -3.8207, 10.9917, 15.9950
(28, 18): -1.0497, 11.0075, 0.8096
(28, 19): -1.4043, 11.0016, 2.3877
(28, 20): -1.7671, 11.0078, 1.5611
(28, 21): -1.3254, 11.0000, 2.6126
(28, 22): -1.3254, 11.0000, 2.6126
(28, 23): -1.3254, 11.0000, 2.6126
(28, 24): -1.3254, 11.0000, 2.6126
(28, 25): -1.3254, 11.0000, 2.6126
(28, 26): -1.3254, 11.0000, 2.6126
(29, 1): -2.3780, 10.9495, 18.1292
(29, 2): -2.3780, 10.9495, 18.1292
(29, 3): -3.0008, 11.0137, 1.5530
(29, 4): -3.0008, 11.0137, 1.5530
(29, 5): -1.1743, 11.0086, 0.5697
(29, 6): -1.1743, 11.0086, 0.5697
(29, 7): -1.8099, 11.0015, 2.6669
(29, 8): -1.8099, 11.0015, 2.6669
(29, 9): -1.8099, 11.0015, 2.6669
(29, 10): -1.4917, 11.0016, 2.6128
(29, 11): -2.4664, 11.0185, 0.0315
(29, 12): -1.7691, 11.0016, 4.7097
(29, 13): -1.7691, 11.0016, 4.7097
(29, 14): -2.7386, 10.6601, 73.4016
(29, 15): -2.7386, 10.6601, 73.4016
(29, 16): -1.1783, 11.0025, 4.2686
(29, 17): -1.1783, 11.0025, 4.2686
(29, 18): -3.2891, 10.9900, 13.4299
(29, 19): -3.2891, 10.9900, 13.4299
(29, 20): -3.2891, 10.9900, 13.4299
(29, 21): -1.3254, 11.0000, 2.6126
(29, 22): -1.3254, 11.0000, 2.6126
(29, 23): -1.3254, 11.0000, 2.6126
(29, 24): -1.3254, 11.0000, 2.6126
(29, 25): -1.3254, 11.0000, 2.6126
(29, 26): -1.3254, 11.0000, 2.6126
(30, 1): -2.3780, 10.9495, 18.1292
(30, 2): -2.3780, 10.9495, 18.1292
(30, 3): -3.0008, 11.0137, 1.5530
(30, 4): -4.2243, 11.0183, 2.3199
(30, 5): -4.2243, 11.0183, 2.3199
(30, 6): -2.1726, 11.0002, 3.2694
(30, 7): -2.1726, 11.0002, 3.2694
(30, 8): -1.8099, 11.0015, 2.6669
(30, 9): -1.8099, 11.0015, 2.6669
(30, 10): -1.8099, 11.0015, 2.6669
(30, 11): -2.4664, 11.0185, 0.0315
(30, 12): -1.7691, 11.0016, 4.7097
(30, 13): -2.7386, 10.6601, 73.4016
(30, 14): -2.7386, 10.6601, 73.4016
(30, 15): -1.1783, 11.0025, 4.2686
(30, 16): -1.1783, 11.0025, 4.2686
(30, 17): -1.1783, 11.0025, 4.2686
(30, 18): -3.2891, 10.9900, 13.4299
(30, 19): -3.2891, 10.9900, 13.4299
(30, 20): -3.2891, 10.9900, 13.4299
(30, 21): -1.3254, 11.0000, 2.6126
(30, 22): -1.3254, 11.0000, 2.6126
(30, 23): -1.3254, 11.0000, 2.6126
(30, 24): -1.3254, 11.0000, 2.6126
(30, 25): -1.3254, 11.0000, 2.6126
(30, 26): -1.3254, 11.0000, 2.6126
(31, 1): -2.3780, 10.9495, 18.1292
(31, 2): -2.3780, 10.9495, 18.1292
(31, 3): -3.0008, 11.0137, 1.5530
(31, 4): -4.2243, 11.0183, 2.3199
(31, 5): -4.2243, 11.0183, 2.3199
(31, 6): -2.1726, 11.0002, 3.2694
(31, 7): -2.1726, 11.0002, 3.2694
(31, 8): -2.1726, 11.0002, 3.2694
(31, 9): -1.8099, 11.0015, 2.6669
(31, 10): -1.8099, 11.0015, 2.6669
(31, 11): -1.8099, 11.0015, 2.6669
(31, 12): -2.7386, 10.6601, 73.4016
(31, 13): -2.7386, 10.6601, 73.4016
(31, 14): -1.1783, 11.0025, 4.2686
(31, 15): -1.1783, 11.0025, 4.2686
(31, 16): -1.1783, 11.0025, 4.2686
(31, 17): -1.1783, 11.0025, 4.2686
(31, 18): -3.2891, 10.9900, 13.4299
(31, 19): -4.3688, 11.0090, 1.6810
(31, 20): -4.3688, 11.0090, 1.6810
(31, 21): -4.3688, 11.0090, 1.6810
(31, 22): -4.3688, 11.0090, 1.6810
(31, 23): -4.3688, 11.0090, 1.6810
(31, 24): -4.3688, 11.0090, 1.6810
(31, 25): -1.3254, 11.0000, 2.6126
(31, 26): -1.3254, 11.0000, 2.6126
(32, 1): -2.3780, 10.9495, 18.1292
(32, 2): -2.3780, 10.9495, 18.1292
(32, 3): -4.2243, 11.0183, 2.3199
(32, 4): -4.2243, 11.0183, 2.3199
(32, 5): -4.2243, 11.0183, 2.3199
(32, 6): -2.1726, 11.0002, 3.2694
(32, 7): -2.1726, 11.0002, 3.2694
(32, 8): -2.1726, 11.0002, 3.2694
(32, 9): -2.1726, 11.0002, 3.2694
(32, 10): -1.8099, 11.0015, 2.6669
(32, 11): -1.8099, 11.0015, 2.6669
(32, 12): -2.7386, 10.6601, 73.4016
(32, 13): -1.1783, 11.0025, 4.2686
(32, 14): -1.1783, 11.0025, 4.2686
(32, 15): -1.1783, 11.0025, 4.2686
(32, 16): -1.1783, 11.0025, 4.2686
(32, 17): -4.3688, 11.0090, 1.6810
(32, 18): -4.3688, 11.0090, 1.6810
(32, 19): -4.3688, 11.0090, 1.6810
(32, 20): -4.3688, 11.0090, 1.6810
(32, 21): -4.3688, 11.0090, 1.6810
(32, 22): -4.3688, 11.0090, 1.6810
(32, 23): -2.5027, 11.0025, 3.1612
(32, 24): -2.5027, 11.0025, 3.1612
(32, 25): -2.5027, 11.0025, 3.1612
(32, 26): -2.5027, 11.0025, 3.1612
(33, 1): -2.3780, 10.9495, 18.1292
(33, 2): -2.3780, 10.9495, 18.1292
(33, 3): -4.2243, 11.0183, 2.3199
(33, 4): -4.2243, 11.0183, 2.3199
(33, 5): -4.2243, 11.0183, 2.3199
(33, 6): -2.1726, 11.0002, 3.2694
(33, 7): -2.1726, 11.0002, 3.2694
(33, 8): -2.1726, 11.0002, 3.2694
(33, 9): -2.1726, 11.0002, 3.2694
(33, 10): -2.1726, 11.0002, 3.2694
(33, 11): -1.8099, 11.0015, 2.6669
(33, 12): -1.1783, 11.0025, 4.2686
(33, 13): -1.1783, 11.0025, 4.2686
(33, 14): -1.1783, 11.0025, 4.2686
(33, 15): -1.1783, 11.0025, 4.2686
(33, 16): -1.1783, 11.0025, 4.2686
(33, 17): -2.8215, 11.0205, 0.2226
(33, 18): -2.8215, 11.0205, 0.2226
(33, 19): -2.8215, 11.0205, 0.2226
(33, 20): -2.8215, 11.0205, 0.2226
(33, 21): -2.8215, 11.0205, 0.2226
(33, 22): -2.5027, 11.0025, 3.1612
(33, 23): -2.5027, 11.0025, 3.1612
(33, 24): -2.5027, 11.0025, 3.1612
(33, 25): -2.5027, 11.0025, 3.1612
(33, 26): -2.5027, 11.0025, 3.1612
(34, 1): -2.3780, 10.9495, 18.1292
(34, 2): -4.2243, 11.0183, 2.3199
(34, 3): -4.2243, 11.0183, 2.3199
(34, 4): -4.2243, 11.0183, 2.3199
(34, 5): -4.2243, 11.0183, 2.3199
(34, 6): -2.1726, 11.0002, 3.2694
(34, 7): -2.1726, 11.0002, 3.2694
(34, 8): -2.1726, 11.0002, 3.2694
(34, 9): -2.1726, 11.0002, 3.2694
(34, 10): -2.1726, 11.0002, 3.2694
(34, 11): -2.1726, 11.0002, 3.2694
(34, 12): -1.1783, 11.0025, 4.2686
(34, 13): -1.1783, 11.0025, 4.2686
(34, 14): -1.1783, 11.0025, 4.2686
(34, 15): -1.6254, 11.0022, 5.0198
(34, 16): -1.6254, 11.0022, 5.0198
(34, 17): -1.6254, 11.0022, 5.0198
(34, 18): -1.6254, 11.0022, 5.0198
(34, 19): -1.6254, 11.0022, 5.0198
(34, 20): -1.6254, 11.0022, 5.0198
(34, 21): -2.5027, 11.0025, 3.1612
(34, 22): -2.5027, 11.0025, 3.1612
(34, 23): -2.5027, 11.0025, 3.1612
(34, 24): -2.5027, 11.0025, 3.1612
(34, 25): -2.5027, 11.0025, 3.1612
(34, 26): -2.5027, 11.0025, 3.1612
