(1, 1): 0.2982, 3.0200, 1.0447
(1, 2): 0.2982, 3.0200, 1.0447
(1, 3): 0.2982, 3.0200, 1.0447
(1, 4): 0.2982, 3.0200, 1.0447
(1, 5): 0.2066, 3.0100, 3.6077
(1, 6): 0.2066, 3.0100, 3.6077
(1, 7): 0.2066, 3.0100, 3.6077
(1, 8): 0.2066, 3.0100, 3.6077
(1, 9): 0.2342, 3.0100, 2.3991
(1, 10): 0.2342, 3.0100, 2.3991
(1, 11): 0.2342, 3.0100, 2.3991
(1, 12): 0.2342, 3.0100, 2.3991
(1, 13): 0.2342, 3.0100, 2.3991
(1, 14): 0.1936, 3.0100, 3.2430
(1, 15): 0.1936, 3.0100, 3.2430
(1, 16): 0.1936, 3.0100, 3.2430
(1, 17): 0.1683, 3.0100, 3.1986
(1, 18): 0.1388, 3.0100, 1.8244
(1, 19): 0.1787, 3.0100, 1.8150
(1, 20): 0.1787, 3.0100, 1.8150
(1, 21): 0.3028, 3.0200, 1.7634
(1, 22): 0.3028, 3.0200, 1.7634
(1, 23): 0.3336, 3.0100, 7.8607
(1, 24): 0.3173, 3.0100, 7.2643
(1, 25): 0.3173, 3.0100, 7.2643
(1, 26): 0.3173, 3.0100, 7.2643
(1, 27): 0.1654, 3.0100, 2.1965
(2, 1): 0.2982, 3.0200, 1.0447
(2, 2): 0.2982, 3.0200, 1.0447
(2, 3): 0.2982, 3.0200, 1.0447
(2, 4): 0.2982, 3.0200, 1.0447
(2, 5): 0.2982, 3.0200, 1.0447
(2, 6): 0.2066, 3.0100, 3.6077
(2, 7): 0.2066, 3.0100, 3.6077
(2, 8): 0.2066, 3.0100, 3.6077
(2, 9): 0.2066, 3.0100, 3.6077
(2, 10): 0.2342, 3.0100, 2.3991
(2, 11): 0.2342, 3.0100, 2.3991
(2, 12): 0.2342, 3.0100, 2.3991
(2, 13): 0.2342, 3.0100, 2.3991
(2, 14): 0.2277, 3.0200, 5.0481
(2, 15): 0.1936, 3.0100, 3.2430
(2, 16): 0.1936, 3.0100, 3.2430
(2, 17): 0.1683, 3.0100, 3.1986
(2, 18): 0.1388, 3.0100, 1.8244
(2, 19): 0.1787, 3.0100, 1.8150
(2, 20): 0.1787, 3.0100, 1.8150
(2, 21): 0.3028, 3.0200, 1.7634
(2, 22): 0.2109, 3.0100, 6.5750
(2, 23): 0.3336, 3.0100, 7.8607
(2, 24): 0.3173, 3.0100, 7.2643
(2, 25): 0.3173, 3.0100, 7.2643
(2, 26): 0.1654, 3.0100, 2.1965
(2, 27): 0.1654, 3.0100, 2.1965
(3, 1): 0.2982, 3.0200, 1.0447
(3, 2): 0.2982, 3.0200, 1.0447
(3, 3): 0.2982, 3.0200, 1.0447
(3, 4): 0.2982, 3.0200, 1.0447
(3, 5): 0.2982, 3.0200, 1.0447
(3, 6): 0.2982, 3.0200, 1.0447
(3, 7): 0.2066, 3.0100, 3.6077
(3, 8): 0.2066, 3.0100, 3.6077
(3, 9): 0.2066, 3.0100, 3.6077
(3, 10): 0.2066, 3.0100, 3.6077
(3, 11): 0.2342, 3.0100, 2.3991
(3, 12): 0.2342, 3.0100, 2.3991
(3, 13): 0.2342, 3.0100, 2.3991
(3, 14): 0.2277, 3.0200, 5.0481
(3, 15): 0.2411, 3.0100, 2.4461
(3, 16): 0.1936, 3.0100, 3.2430
(3, 17): 0.1683, 3.0100, 3.1986
(3, 18): 0.1388, 3.0100, 1.8244
(3, 19): 0.1930, 3.0100, 3.0549
(3, 20): 0.2249, 3.0200, 1.7439
(3, 21): 0.1742, 3.0100, 2.6094
(3, 22): 0.2109, 3.0100, 6.5750
(3, 23): 0.3336, 3.0100, 7.8607
(3, 24): 0.3173, 3.0100, 7.2643
(3, 25): 0.2884, 3.0100, 6.2987
(3, 26): 0.1654, 3.0100, 2.1965
(3, 27): 0.1654, 3.0100, 2.1965
(4, 1): 0.2982, 3.0200, 1.0447
(4, 2): 0.2982, 3.0200, 1.0447
(4, 3): 0.2982, 3.0200, 1.0447
(4, 4): 0.2982, 3.0200, 1.0447
(4, 5): 0.2982, 3.0200, 1.0447
(4, 6): 0.2982, 3.0200, 1.0447
(4, 7): 0.2982, 3.0200, 1.0447
(4, 8): 0.2066, 3.0100, 3.6077
(4, 9): 0.2066, 3.0100, 3.6077
(4, 10): 0.2066, 3.0100, 3.6077
(4, 11): 0.2066, 3.0100, 3.6077
(4, 12): 0.2342, 3.0100, 2.3991
(4, 13): 0.2342, 3.0100, 2.3991
(4, 14): 0.2277, 3.0200, 5.0481
(4, 15): 0.2411, 3.0100, 2.4461
(4, 16): 0.2335, 3.0100, 2.4761
(4, 17): 0.1300, 3.0100, 2.7658
(4, 18): 0.2281, 3.0100, 6.5700
(4, 19): 0.2710, 3.0100, 7.3732
(4, 20): 0.3341, 3.0100, 8.1636
(4, 21): 0.3702, 3.0100, 8.5169
(4, 22): 0.3228, 3.0100, 8.5567
(4, 23): 0.3076, 3.0100, 8.6192
(4, 24): 0.2989, 3.0100, 9.3482
(4, 25): 0.2884, 3.0100, 6.2987
(4, 26): 0.1654, 3.0100, 2.1965
(4, 27): 0.2872, 3.0100, 2.9931
(5, 1): 0.2982, 3.0200, 1.0447
(5, 2): 0.2982, 3.0200, 1.0447
(5, 3): 0.2982, 3.0200, 1.0447
(5, 4): 0.2982, 3.0200, 1.0447
(5, 5): 0.2982, 3.0200, 1.0447
(5, 6): 0.2982, 3.0200, 1.0447
(5, 7): 0.2982, 3.0200, 1.0447
(5, 8): 0.2982, 3.0200, 1.0447
(5, 9): 0.2066, 3.0100, 3.6077
(5, 10): 0.2066, 3.0100, 3.6077
(5, 11): 0.2066, 3.0100, 3.6077
(5, 12): 0.2109, 3.0100, 3.2151
(5, 13): 0.2109, 3.0100, 3.2151
(5, 14): 0.2109, 3.0100, 3.2151
(5, 15): 0.2411, 3.0100, 2.4461
(5, 16): 0.2427, 3.0100, 5.3981
(5, 17): 0.3022, 3.0100, 8.5883
(5, 18): 0.3466, 3.0000, 7.9304
(5, 19): 0.3021, 3.0100, 8.6894
(5, 20): 0.3400, 3.0100, 8.8029
(5, 21): 0.2932, 3.0100, 9.0825
(5, 22): 0.2728, 3.0100, 8.1355
(5, 23): 0.3566, 3.0100, 7.9430
(5, 24): 0.3452, 3.0100, 8.6460
(5, 25): 0.3553, 3.0200, 8.4139
(5, 26): 0.3452, 3.0100, 8.0689
(5, 27): 0.2872, 3.0100, 2.9931
(6, 1): 0.2982, 3.0200, 1.0447
(6, 2): 0.2982, 3.0200, 1.0447
(6, 3): 0.2982, 3.0200, 1.0447
(6, 4): 0.2982, 3.0200, 1.0447
(6, 5): 0.2982, 3.0200, 1.0447
(6, 6): 0.2982, 3.0200, 1.0447
(6, 7): 0.2982, 3.0200, 1.0447
(6, 8): 0.2982, 3.0200, 1.0447
(6, 9): 0.2982, 3.0200, 1.0447
(6, 10): 0.2066, 3.0100, 3.6077
(6, 11): 0.2066, 3.0100, 3.6077
(6, 12): 0.3080, 3.0200, 1.6139
(6, 13): 0.2109, 3.0100, 3.2151
(6, 14): 0.2947, 3.0100, 5.7848
(6, 15): 0.2947, 3.0100, 5.7848
(6, 16): 0.3193, 3.0100, 8.2865
(6, 17): 0.3175, 3.0100, 8.3475
(6, 18): 0.3277, 3.0200, 8.4904
(6, 19): 0.3220, 3.0100, 8.4748
(6, 20): 0.3047, 3.0100, 9.1635
(6, 21): 0.2775, 3.0100, 8.5870
(6, 22): 0.3042, 3.0100, 7.7455
(6, 23): 0.3456, 3.0100, 8.3179
(6, 24): 0.3221, 3.0100, 8.3344
(6, 25): 0.3413, 3.0100, 8.2280
(6, 26): 0.3166, 3.0100, 8.3346
(6, 27): 0.2293, 3.0100, 3.5570
(7, 1): 0.2982, 3.0200, 1.0447
(7, 2): 0.2982, 3.0200, 1.0447
(7, 3): 0.2982, 3.0200, 1.0447
(7, 4): 0.2982, 3.0200, 1.0447
(7, 5): 0.2982, 3.0200, 1.0447
(7, 6): 0.2982, 3.0200, 1.0447
(7, 7): 0.2982, 3.0200, 1.0447
(7, 8): 0.2982, 3.0200, 1.0447
(7, 9): 0.2982, 3.0200, 1.0447
(7, 10): 0.2982, 3.0200, 1.0447
(7, 11): 0.2171, 3.0100, 3.3774
(7, 12): 0.2171, 3.0100, 3.3774
(7, 13): 0.3080, 3.0200, 1.6139
(7, 14): 0.3788, 3.0200, 7.2390
(7, 15): 0.3788, 3.0200, 7.2390
(7, 16): 0.3371, 3.0200, 8.1531
(7, 17): 0.3220, 3.0100, 8.3942
(7, 18): 0.3371, 3.0100, 8.3452
(7, 19): 0.3293, 3.0100, 8.4904
(7, 20): 0.2737, 3.0100, 9.4907
(7, 21): 0.2781, 3.0100, 8.7439
(7, 22): 0.3375, 3.0100, 8.3768
(7, 23): 0.3374, 3.0200, 8.4527
(7, 24): 0.3229, 3.0100, 8.0814
(7, 25): 0.3350, 3.0100, 7.9024
(7, 26): 0.3266, 3.0100, 7.8838
(7, 27): 0.3238, 3.0100, 5.5175
(8, 1): 0.2043, 3.0100, 4.9979
(8, 2): 0.2043, 3.0100, 4.9979
(8, 3): 0.2043, 3.0100, 4.9979
(8, 4): 0.2043, 3.0100, 4.9979
(8, 5): 0.2043, 3.0100, 4.9979
(8, 6): 0.2043, 3.0100, 4.9979
(8, 7): 0.2043, 3.0100, 4.9979
(8, 8): 0.2043, 3.0100, 4.9979
(8, 9): 0.2043, 3.0100, 4.9979
(8, 10): 0.2043, 3.0100, 4.9979
(8, 11): 0.2156, 3.0100, 4.5485
(8, 12): 0.2156, 3.0100, 4.5485
(8, 13): 0.2876, 3.0100, 2.9021
(8, 14): 0.2876, 3.0100, 2.9021
(8, 15): 0.3117, 3.0100, 8.3677
(8, 16): 0.3307, 3.0100, 8.2736
(8, 17): 0.3318, 3.0100, 8.2623
(8, 18): 0.3468, 3.0100, 8.1570
(8, 19): 0.3425, 3.0100, 8.7066
(8, 20): 0.2738, 3.0100, 9.4220
(8, 21): 0.2833, 3.0100, 9.3072
(8, 22): 0.3086, 3.0100, 9.3532
(8, 23): 0.3181, 3.0100, 8.8027
(8, 24): 0.2950, 3.0100, 8.5655
(8, 25): 0.3091, 3.0100, 8.0777
(8, 26): 0.3515, 3.0100, 7.4451
(8, 27): 0.3518, 3.0100, 4.8795
(9, 1): 0.2140, 3.0100, 5.2263
(9, 2): 0.2140, 3.0100, 5.2263
(9, 3): 0.2140, 3.0100, 5.2263
(9, 4): 0.2140, 3.0100, 5.2263
(9, 5): 0.2140, 3.0100, 5.2263
(9, 6): 0.2140, 3.0100, 5.2263
(9, 7): 0.2140, 3.0100, 5.2263
(9, 8): 0.2140, 3.0100, 5.2263
(9, 9): 0.2140, 3.0100, 5.2263
(9, 10): 0.2140, 3.0100, 5.2263
(9, 11): 0.2278, 3.0100, 1.2633
(9, 12): 0.2232, 3.0100, 5.6775
(9, 13): 0.2232, 3.0100, 5.6775
(9, 14): 0.2876, 3.0100, 2.9021
(9, 15): 0.2688, 3.0100, 7.7701
(9, 16): 0.3067, 3.0200, 8.4608
(9, 17): 0.3222, 3.0100, 8.3877
(9, 18): 0.3390, 3.0100, 8.6758
(9, 19): 0.2939, 3.0100, 9.6450
(9, 20): 0.2944, 3.0100, 8.6192
(9, 21): 0.2934, 3.0100, 9.1741
(9, 22): 0.3146, 3.0100, 8.9491
(9, 23): 0.2798, 3.0100, 9.3689
(9, 24): 0.2910, 3.0100, 9.0677
(9, 25): 0.2908, 3.0100, 8.5939
(9, 26): 0.3261, 3.0100, 8.1797
(9, 27): 0.3255, 3.0100, 2.2723
(10, 1): 0.2452, 3.0100, 5.5409
(10, 2): 0.2452, 3.0100, 5.5409
(10, 3): 0.2452, 3.0100, 5.5409
(10, 4): 0.2452, 3.0100, 5.5409
(10, 5): 0.2452, 3.0100, 5.5409
(10, 6): 0.2452, 3.0100, 5.5409
(10, 7): 0.2452, 3.0100, 5.5409
(10, 8): 0.2452, 3.0100, 5.5409
(10, 9): 0.2452, 3.0100, 5.5409
(10, 10): 0.2452, 3.0100, 5.5409
(10, 11): 0.2333, 3.0100, 2.2693
(10, 12): 0.2232, 3.0100, 5.6775
(10, 13): 0.2262, 3.0100, 3.0438
(10, 14): 0.1023, 3.0100, 1.5448
(10, 15): 0.2817, 3.0100, 7.7248
(10, 16): 0.3115, 3.0100, 8.1935
(10, 17): 0.3254, 3.0100, 8.4488
(10, 18): 0.3332, 3.0100, 8.9634
(10, 19): 0.3053, 3.0100, 9.2331
(10, 20): 0.3003, 3.0100, 8.0107
(10, 21): 0.3470, 3.0100, 8.6303
(10, 22): 0.3009, 3.0100, 9.1147
(10, 23): 0.2747, 3.0100, 9.3649
(10, 24): 0.3191, 3.0100, 8.9266
(10, 25): 0.2877, 3.0100, 9.2647
(10, 26): 0.2997, 3.0100, 8.6594
(10, 27): 0.2997, 3.0100, 8.6594
(11, 1): 0.2360, 3.0100, 2.6197
(11, 2): 0.3220, 3.0100, 6.3929
(11, 3): 0.3220, 3.0100, 6.3929
(11, 4): 0.3220, 3.0100, 6.3929
(11, 5): 0.3220, 3.0100, 6.3929
(11, 6): 0.3220, 3.0100, 6.3929
(11, 7): 0.3220, 3.0100, 6.3929
(11, 8): 0.3220, 3.0100, 6.3929
(11, 9): 0.3220, 3.0100, 6.3929
(11, 10): 0.3220, 3.0100, 6.3929
(11, 11): 0.3073, 3.0000, 8.3183
(11, 12): 0.3481, 3.0100, 7.7759
(11, 13): 0.2262, 3.0100, 3.0438
(11, 14): 0.2262, 3.0100, 3.0438
(11, 15): 0.2817, 3.0100, 7.7248
(11, 16): 0.2464, 3.0100, 2.0501
(11, 17): 0.3489, 3.0100, 8.2920
(11, 18): 0.3204, 3.0100, 8.8363
(11, 19): 0.3227, 3.0100, 8.1767
(11, 20): 0.2807, 3.0100, 8.4870
(11, 21): 0.3103, 3.0100, 8.7131
(11, 22): 0.2837, 3.0100, 9.0479
(11, 23): 0.2921, 3.0100, 9.1051
(11, 24): 0.3333, 3.0100, 8.9082
(11, 25): 0.3137, 3.0100, 8.8521
(11, 26): 0.2948, 3.0100, 8.6659
(11, 27): 0.2948, 3.0100, 8.6659
(12, 1): 0.2360, 3.0100, 2.6197
(12, 2): 0.2360, 3.0100, 2.6197
(12, 3): 0.2360, 3.0100, 2.6197
(12, 4): 0.2360, 3.0100, 2.6197
(12, 5): 0.3257, 3.0100, 7.6894
(12, 6): 0.3257, 3.0100, 7.6894
(12, 7): 0.3257, 3.0100, 7.6894
(12, 8): 0.3257, 3.0100, 7.6894
(12, 9): 0.3257, 3.0100, 7.6894
(12, 10): 0.3257, 3.0100, 7.6894
(12, 11): 0.3429, 3.0100, 8.1468
(12, 12): 0.3379, 3.0100, 8.5087
(12, 13): 0.2511, 3.0100, 7.4706
(12, 14): 0.2308, 3.0200, 4.7936
(12, 15): 0.2308, 3.0200, 4.7936
(12, 16): 0.1898, 3.0100, 3.2613
(12, 17): 0.2598, 3.0100, 9.0175
(12, 18): 0.2835, 3.0100, 9.0178
(12, 19): 0.2567, 3.0100, 8.6882
(12, 20): 0.2952, 3.0100, 8.8074
(12, 21): 0.3208, 3.0100, 8.8270
(12, 22): 0.3289, 3.0100, 8.7987
(12, 23): 0.3373, 3.0100, 8.6316
(12, 24): 0.3016, 3.0100, 7.9225
(12, 25): 0.2564, 3.0100, 3.1753
(12, 26): 0.2979, 3.0100, 2.9197
(12, 27): 0.2979, 3.0100, 2.9197
(13, 1): 0.2360, 3.0100, 2.6197
(13, 2): 0.2360, 3.0100, 2.6197
(13, 3): 0.2360, 3.0100, 2.6197
(13, 4): 0.2360, 3.0100, 2.6197
(13, 5): 0.2360, 3.0100, 2.6197
(13, 6): 0.2360, 3.0100, 2.6197
(13, 7): 0.2360, 3.0100, 2.6197
(13, 8): 0.3069, 3.0100, 8.6592
(13, 9): 0.3069, 3.0100, 8.6592
(13, 10): 0.3069, 3.0100, 8.6592
(13, 11): 0.3161, 3.0100, 8.6346
(13, 12): 0.2969, 3.0100, 8.8097
(13, 13): 0.2485, 3.0100, 7.6703
(13, 14): 0.1659, 3.0100, 2.2068
(13, 15): 0.1659, 3.0100, 2.2068
(13, 16): 0.2559, 3.0200, 1.7813
(13, 17): 0.2885, 3.0100, 6.9323
(13, 18): 0.3078, 3.0100, 7.5507
(13, 19): 0.2716, 3.0000, 8.9154
(13, 20): 0.2844, 3.0100, 9.0569
(13, 21): 0.3479, 3.0100, 8.4392
(13, 22): 0.3285, 3.0100, 8.5775
(13, 23): 0.3417, 3.0100, 8.6369
(13, 24): 0.3047, 3.0100, 7.6690
(13, 25): 0.1569, 3.0200, 1.4041
(13, 26): 0.2979, 3.0100, 2.9197
(13, 27): 0.2424, 3.0300, 1.4855
(14, 1): 0.2360, 3.0100, 2.6197
(14, 2): 0.2360, 3.0100, 2.6197
(14, 3): 0.2360, 3.0100, 2.6197
(14, 4): 0.2360, 3.0100, 2.6197
(14, 5): 0.2360, 3.0100, 2.6197
(14, 6): 0.2360, 3.0100, 2.6197
(14, 7): 0.2360, 3.0100, 2.6197
(14, 8): 0.2360, 3.0100, 2.6197
(14, 9): 0.3520, 3.0100, 8.4031
(14, 10): 0.3520, 3.0100, 8.4031
(14, 11): 0.3454, 3.0000, 8.5668
(14, 12): 0.3330, 3.0100, 8.4635
(14, 13): -0.0894, 3.0100, 2.0257
(14, 14): 0.1659, 3.0100, 2.2068
(14, 15): 0.2000, 3.0100, 1.2582
(14, 16): 0.3371, 3.0100, 7.1511
(14, 17): 0.3420, 3.0100, 8.6131
(14, 18): 0.3443, 3.0100, 8.0790
(14, 19): 0.3433, 3.0100, 8.4886
(14, 20): 0.3654, 3.0100, 8.0864
(14, 21): 0.3077, 3.0200, 8.5932
(14, 22): 0.3275, 3.0100, 8.6402
(14, 23): 0.3143, 3.0100, 8.6214
(14, 24): 0.3244, 3.0100, 7.7604
(14, 25): 0.3096, 3.0200, 4.9592
(14, 26): 0.3177, 3.0100, 5.2048
(14, 27): 0.2424, 3.0300, 1.4855
(15, 1): 0.5118, 3.0200, 0.9410
(15, 2): 0.5118, 3.0200, 0.9410
(15, 3): 0.5118, 3.0200, 0.9410
(15, 4): 0.2360, 3.0100, 2.6197
(15, 5): 0.2360, 3.0100, 2.6197
(15, 6): 0.2360, 3.0100, 2.6197
(15, 7): 0.2360, 3.0100, 2.6197
(15, 8): 0.2360, 3.0100, 2.6197
(15, 9): 0.2360, 3.0100, 2.6197
(15, 10): 0.3210, 3.0100, 8.7962
(15, 11): 0.2941, 3.0100, 9.1311
(15, 12): 0.3218, 3.0100, 9.1274
(15, 13): 0.1989, 3.0100, 4.1136
(15, 14): 0.2583, 3.0100, 1.4398
(15, 15): 0.3399, 3.0100, 7.5721
(15, 16): 0.3196, 3.0100, 8.8525
(15, 17): 0.3638, 3.0100, 7.8202
(15, 18): 0.3119, 3.0100, 7.6824
(15, 19): 0.3204, 3.0100, 8.6601
(15, 20): 0.2860, 3.0200, 8.7942
(15, 21): 0.3178, 3.0100, 8.7533
(15, 22): 0.3388, 3.0100, 8.3654
(15, 23): 0.3687, 3.0100, 8.1564
(15, 24): 0.3371, 3.0100, 8.2807
(15, 25): 0.3572, 3.0100, 8.2397
(15, 26): 0.3391, 3.0100, 8.1435
(15, 27): 0.3625, 3.0100, 5.2322
(16, 1): 0.3239, 3.0200, 2.7805
(16, 2): 0.5118, 3.0200, 0.9410
(16, 3): 0.5118, 3.0200, 0.9410
(16, 4): 0.5118, 3.0200, 0.9410
(16, 5): 0.5118, 3.0200, 0.9410
(16, 6): 0.5118, 3.0200, 0.9410
(16, 7): 0.1729, 3.0100, 3.9645
(16, 8): 0.1729, 3.0100, 3.9645
(16, 9): 0.1729, 3.0100, 3.9645
(16, 10): 0.3181, 3.0100, 8.4219
(16, 11): 0.3531, 3.0200, 8.1976
(16, 12): 0.3462, 3.0100, 8.1807
(16, 13): 0.2503, 3.0100, 3.7647
(16, 14): 0.3414, 3.0100, 8.4277
(16, 15): 0.3663, 3.0100, 8.5062
(16, 16): 0.3298, 3.0100, 7.6996
(16, 17): 0.2956, 3.0100, 7.2180
(16, 18): 0.3135, 3.0100, 8.9330
(16, 19): 0.2724, 3.0100, 9.2046
(16, 20): 0.2979, 3.0100, 8.6827
(16, 21): 0.3205, 3.0100, 8.7202
(16, 22): 0.3440, 3.0100, 8.4545
(16, 23): 0.3289, 3.0200, 8.5214
(16, 24): 0.3484, 3.0100, 8.3060
(16, 25): 0.3481, 3.0100, 8.5729
(16, 26): 0.3327, 3.0100, 8.5215
(16, 27): 0.2406, 3.0100, 5.6442
(17, 1): 0.3239, 3.0200, 2.7805
(17, 2): 0.3239, 3.0200, 2.7805
(17, 3): 0.1328, 3.0100, 2.7252
(17, 4): 0.5118, 3.0200, 0.9410
(17, 5): 0.5118, 3.0200, 0.9410
(17, 6): 0.5118, 3.0200, 0.9410
(17, 7): 0.5118, 3.0200, 0.9410
(17, 8): 0.2476, 3.0100, 6.8226
(17, 9): 0.2476, 3.0100, 6.8226
(17, 10): 0.3122, 3.0200, 8.0752
(17, 11): 0.3099, 3.0100, 8.5029
(17, 12): 0.2805, 3.0100, 8.9993
(17, 13): 0.2546, 3.0100, 8.1063
(17, 14): 0.3027, 3.0100, 7.1059
(17, 15): 0.3436, 3.0100, 7.7917
(17, 16): 0.3385, 3.0100, 7.5655
(17, 17): 0.3209, 3.0100, 8.4970
(17, 18): 0.2878, 3.0100, 9.0890
(17, 19): 0.2915, 3.0100, 9.0987
(17, 20): 0.3426, 3.0100, 8.5527
(17, 21): 0.3386, 3.0100, 8.5727
(17, 22): 0.3424, 3.0100, 8.1804
(17, 23): 0.3354, 3.0100, 8.2009
(17, 24): 0.3388, 3.0100, 8.3732
(17, 25): 0.3156, 3.0100, 8.9529
(17, 26): 0.2890, 3.0100, 7.7358
(17, 27): 0.2890, 3.0100, 7.7358
(18, 1): 0.3239, 3.0200, 2.7805
(18, 2): 0.3239, 3.0200, 2.7805
(18, 3): 0.3239, 3.0200, 2.7805
(18, 4): 0.1328, 3.0100, 2.7252
(18, 5): 0.1328, 3.0100, 2.7252
(18, 6): 0.5118, 3.0200, 0.9410
(18, 7): 0.5118, 3.0200, 0.9410
(18, 8): 0.5118, 3.0200, 0.9410
(18, 9): 0.2934, 3.0100, 8.4230
(18, 10): 0.3527, 3.0100, 8.0673
(18, 11): 0.3074, 3.0100, 8.9025
(18, 12): 0.2998, 3.0100, 8.9508
(18, 13): 0.3243, 3.0100, 8.6872
(18, 14): 0.3177, 3.0100, 8.7263
(18, 15): 0.3087, 3.0100, 8.8018
(18, 16): 0.3152, 3.0100, 8.7398
(18, 17): 0.3112, 3.0000, 9.2098
(18, 18): 0.3022, 3.0100, 8.9206
(18, 19): 0.2882, 3.0100, 9.1374
(18, 20): 0.2781, 3.0100, 8.8362
(18, 21): 0.3504, 3.0100, 8.5969
(18, 22): 0.3288, 3.0100, 8.4312
(18, 23): 0.3048, 3.0100, 8.5652
(18, 24): 0.3401, 3.0100, 8.5132
(18, 25): 0.3339, 3.0100, 7.3632
(18, 26): 0.2449, 3.0100, 2.6915
(18, 27): 0.2449, 3.0100, 2.6915
(19, 1): 0.3239, 3.0200, 2.7805
(19, 2): 0.3239, 3.0200, 2.7805
(19, 3): 0.3239, 3.0200, 2.7805
(19, 4): 0.3239, 3.0200, 2.7805
(19, 5): 0.1328, 3.0100, 2.7252
(19, 6): 0.1328, 3.0100, 2.7252
(19, 7): 0.2470, 3.0100, 5.5658
(19, 8): 0.2470, 3.0100, 5.5658
(19, 9): 0.2974, 3.0100, 8.9991
(19, 10): 0.2843, 3.0100, 9.1108
(19, 11): 0.3043, 3.0100, 9.0152
(19, 12): 0.3110, 3.0100, 8.9196
(19, 13): 0.3107, 3.0100, 8.6623
(19, 14): 0.2884, 3.0100, 9.0636
(19, 15): 0.2466, 3.0100, 9.6320
(19, 16): 0.2536, 3.0100, 9.2920
(19, 17): 0.3155, 3.0100, 8.9039
(19, 18): 0.2908, 3.0100, 9.2089
(19, 19): 0.3034, 3.0100, 9.2374
(19, 20): 0.3045, 3.0100, 9.3734
(19, 21): 0.3566, 3.0100, 8.4923
(19, 22): 0.3595, 3.0100, 8.3983
(19, 23): 0.3288, 3.0100, 8.1939
(19, 24): 0.2954, 3.0100, 8.1228
(19, 25): 0.3006, 3.0200, 5.0910
(19, 26): 0.2238, 3.0200, 1.4310
(19, 27): 0.2238, 3.0200, 1.4310
(20, 1): 0.1529, 3.0200, 3.1799
(20, 2): 0.3239, 3.0200, 2.7805
(20, 3): 0.3239, 3.0200, 2.7805
(20, 4): 0.3239, 3.0200, 2.7805
(20, 5): 0.3239, 3.0200, 2.7805
(20, 6): 0.1328, 3.0100, 2.7252
(20, 7): 0.1328, 3.0100, 2.7252
(20, 8): 0.2962, 3.0100, 9.1122
(20, 9): 0.2186, 3.0100, 10.0646
(20, 10): 0.2629, 3.0100, 9.3411
(20, 11): 0.3033, 3.0100, 8.9703
(20, 12): 0.3303, 3.0100, 8.3357
(20, 13): 0.2812, 3.0100, 8.5790
(20, 14): 0.3136, 3.0100, 8.4333
(20, 15): 0.2717, 3.0100, 9.0975
(20, 16): 0.2771, 3.0100, 9.1967
(20, 17): 0.3105, 3.0100, 8.9853
(20, 18): 0.2559, 3.0100, 9.7601
(20, 19): 0.2863, 3.0100, 9.4276
(20, 20): 0.2876, 3.0100, 9.2465
(20, 21): 0.3216, 3.0100, 8.0898
(20, 22): 0.2808, 3.0100, 8.0642
(20, 23): 0.2434, 3.0100, 8.2433
(20, 24): 0.2952, 3.0100, 8.3795
(20, 25): 0.2946, 3.0100, 8.0762
(20, 26): 0.2715, 3.0100, 2.3347
(20, 27): 0.2715, 3.0100, 2.3347
(21, 1): 0.2370, 3.0100, 2.3227
(21, 2): 0.1529, 3.0200, 3.1799
(21, 3): 0.1529, 3.0200, 3.1799
(21, 4): 0.3239, 3.0200, 2.7805
(21, 5): 0.3239, 3.0200, 2.7805
(21, 6): 0.3239, 3.0200, 2.7805
(21, 7): 0.2702, 3.0000, 8.5910
(21, 8): 0.3063, 3.0100, 9.1656
(21, 9): 0.2700, 3.0100, 9.3562
(21, 10): 0.2777, 3.0100, 8.9008
(21, 11): 0.2799, 3.0100, 8.9350
(21, 12): 0.3135, 3.0100, 8.5356
(21, 13): 0.3019, 3.0100, 8.7506
(21, 14): 0.3113, 3.0100, 8.3637
(21, 15): 0.2685, 3.0100, 8.9263
(21, 16): 0.2616, 3.0100, 8.7420
(21, 17): 0.2576, 3.0100, 8.8371
(21, 18): 0.2672, 3.0100, 8.8108
(21, 19): 0.2582, 3.0200, 8.8262
(21, 20): 0.3020, 3.0100, 8.2931
(21, 21): 0.2993, 3.0100, 7.0634
(21, 22): 0.2548, 3.0200, 7.6971
(21, 23): 0.2553, 3.0100, 7.8032
(21, 24): 0.2831, 3.0100, 4.5491
(21, 25): 0.2831, 3.0100, 4.5491
(21, 26): 0.2715, 3.0100, 2.3347
(21, 27): 0.2715, 3.0100, 2.3347
(22, 1): 0.2370, 3.0100, 2.3227
(22, 2): 0.2370, 3.0100, 2.3227
(22, 3): 0.1529, 3.0200, 3.1799
(22, 4): 0.1529, 3.0200, 3.1799
(22, 5): 0.2827, 3.0100, 6.4232
(22, 6): 0.2827, 3.0100, 6.4232
(22, 7): 0.3124, 3.0100, 8.7770
(22, 8): 0.2738, 3.0100, 9.0407
(22, 9): 0.3164, 3.0100, 8.6493
(22, 10): 0.2867, 3.0100, 9.2452
(22, 11): 0.2863, 3.0100, 9.3737
(22, 12): 0.2956, 3.0100, 9.0241
(22, 13): 0.3286, 3.0100, 8.5256
(22, 14): 0.2908, 3.0100, 8.9444
(22, 15): 0.2600, 3.0100, 8.8060
(22, 16): 0.2766, 3.0100, 8.7193
(22, 17): 0.3008, 3.0100, 8.3973
(22, 18): 0.2915, 3.0100, 8.6857
(22, 19): 0.2826, 3.0100, 8.9682
(22, 20): 0.3154, 3.0100, 6.6100
(22, 21): 0.3164, 3.0100, 1.9047
(22, 22): 0.2548, 3.0200, 7.6971
(22, 23): 0.2553, 3.0100, 7.8032
(22, 24): 0.2831, 3.0100, 4.5491
(22, 25): 0.2831, 3.0100, 4.5491
(22, 26): 0.2715, 3.0100, 2.3347
(22, 27): 0.2715, 3.0100, 2.3347
(23, 1): 0.2370, 3.0100, 2.3227
(23, 2): 0.2370, 3.0100, 2.3227
(23, 3): 0.2370, 3.0100, 2.3227
(23, 4): 0.1529, 3.0200, 3.1799
(23, 5): 0.1529, 3.0200, 3.1799
(23, 6): 0.1795, 3.0100, 6.2784
(23, 7): 0.2708, 3.0100, 7.2076
(23, 8): 0.2330, 3.0200, 9.3666
(23, 9): 0.2638, 3.0100, 9.5877
(23, 10): 0.2708, 3.0100, 9.3659
(23, 11): 0.2895, 3.0100, 9.2341
(23, 12): 0.3447, 3.0100, 8.7682
(23, 13): 0.3045, 3.0100, 8.9321
(23, 14): 0.2955, 3.0100, 8.8443
(23, 15): 0.2916, 3.0100, 8.7422
(23, 16): 0.3096, 3.0100, 8.6910
(23, 17): 0.3388, 3.0100, 8.3343
(23, 18): 0.3267, 3.0100, 8.5292
(23, 19): 0.3321, 3.0100, 8.6972
(23, 20): 0.3031, 3.0100, 7.5393
(23, 21): 0.3164, 3.0100, 1.9047
(23, 22): 0.3164, 3.0100, 1.9047
(23, 23): 0.2553, 3.0100, 7.8032
(23, 24): 0.2831, 3.0100, 4.5491
(23, 25): 0.2831, 3.0100, 4.5491
(23, 26): 0.2831, 3.0100, 4.5491
(23, 27): 0.2715, 3.0100, 2.3347
(24, 1): -0.0202, 3.0100, 1.7292
(24, 2): 0.2370, 3.0100, 2.3227
(24, 3): 0.2370, 3.0100, 2.3227
(24, 4): 0.2370, 3.0100, 2.3227
(24, 5): 0.1715, 3.0100, 4.4896
(24, 6): 0.1282, 3.0100, 4.6169
(24, 7): 0.2019, 3.0100, 8.8321
(24, 8): 0.2213, 3.0100, 6.4444
(24, 9): 0.2375, 3.0300, 7.9780
(24, 10): 0.2849, 3.0100, 7.6005
(24, 11): 0.3515, 3.0100, 8.6248
(24, 12): 0.3334, 3.0100, 9.0553
(24, 13): 0.3058, 3.0200, 8.9545
(24, 14): 0.3189, 3.0100, 8.5774
(24, 15): 0.3099, 3.0100, 8.7057
(24, 16): 0.3347, 3.0100, 8.8620
(24, 17): 0.3413, 3.0100, 8.7182
(24, 18): 0.3451, 3.0200, 8.6951
(24, 19): 0.3265, 3.0100, 9.2377
(24, 20): 0.3514, 3.0200, 8.4277
(24, 21): 0.2946, 3.0100, 5.9749
(24, 22): 0.1965, 3.0100, 4.5288
(24, 23): 0.1965, 3.0100, 4.5288
(24, 24): 0.1965, 3.0100, 4.5288
(24, 25): 0.1965, 3.0100, 4.5288
(24, 26): 0.2831, 3.0100, 4.5491
(24, 27): 0.2715, 3.0100, 2.3347
(25, 1): -0.0202, 3.0100, 1.7292
(25, 2): -0.0202, 3.0100, 1.7292
(25, 3): 0.2584, 3.0100, 4.1727
(25, 4): 0.2330, 3.0100, 5.7842
(25, 5): 0.2603, 3.0100, 6.6830
(25, 6): 0.2588, 3.0100, 8.2314
(25, 7): 0.1445, 3.0100, 5.4068
(25, 8): 0.2616, 3.0200, 7.8470
(25, 9): 0.3288, 3.0100, 8.2925
(25, 10): 0.3111, 3.0100, 8.6579
(25, 11): 0.3034, 3.0100, 9.3633
(25, 12): 0.3213, 3.0100, 9.2530
(25, 13): 0.3230, 3.0100, 9.1569
(25, 14): 0.3182, 3.0100, 9.3861
(25, 15): 0.3345, 3.0100, 9.0342
(25, 16): 0.3232, 3.0100, 9.0996
(25, 17): 0.3177, 3.0100, 9.1163
(25, 18): 0.3323, 3.0100, 8.7830
(25, 19): 0.3262, 3.0100, 8.6775
(25, 20): 0.3061, 3.0100, 8.7341
(25, 21): 0.2623, 3.0100, 9.1987
(25, 22): 0.1965, 3.0100, 4.5288
(25, 23): 0.1965, 3.0100, 4.5288
(25, 24): 0.1965, 3.0100, 4.5288
(25, 25): 0.1965, 3.0100, 4.5288
(25, 26): 0.1965, 3.0100, 4.5288
(25, 27): 0.1965, 3.0100, 4.5288
(26, 1): -0.0202, 3.0100, 1.7292
(26, 2): -0.0202, 3.0100, 1.7292
(26, 3): 0.2584, 3.0100, 4.1727
(26, 4): 0.2481, 3.0100, 5.8630
(26, 5): 0.1657, 3.0100, 6.0017
(26, 6): 0.1924, 3.0100, 5.2850
(26, 7): 0.2877, 3.0100, 8.3471
(26, 8): 0.3396, 3.0100, 8.8133
(26, 9): 0.2931, 3.0100, 9.1496
(26, 10): 0.2913, 3.0100, 8.4555
(26, 11): 0.3139, 3.0100, 9.3103
(26, 12): 0.2886, 3.0200, 9.5966
(26, 13): 0.2694, 3.0100, 9.3711
(26, 14): 0.3158, 3.0100, 8.8836
(26, 15): 0.2983, 3.0100, 9.5498
(26, 16): 0.3354, 3.0100, 9.0597
(26, 17): 0.2984, 3.0100, 9.3187
(26, 18): 0.3392, 3.0100, 8.5588
(26, 19): 0.3084, 3.0100, 8.7386
(26, 20): 0.3003, 3.0100, 8.7431
(26, 21): 0.2540, 3.0100, 9.1840
(26, 22): 0.2609, 3.0100, 7.4478
(26, 23): 0.2609, 3.0100, 7.4478
(26, 24): 0.2609, 3.0100, 7.4478
(26, 25): 0.2609, 3.0100, 7.4478
(26, 26): 0.2609, 3.0100, 7.4478
(26, 27): 0.2609, 3.0100, 7.4478
(27, 1): 0.2540, 3.0100, 4.1615
(27, 2): 0.2540, 3.0100, 4.1615
(27, 3): 0.3206, 3.0100, 8.2583
(27, 4): 0.2847, 3.0100, 9.3575
(27, 5): 0.3317, 3.0100, 9.2731
(27, 6): 0.2942, 3.0100, 7.7500
(27, 7): 0.1281, 3.0100, 4.3156
(27, 8): 0.2764, 3.0100, 8.0168
(27, 9): 0.2623, 3.0100, 7.7191
(27, 10): 0.2688, 3.0200, 7.1963
(27, 11): 0.3062, 3.0100, 7.3152
(27, 12): 0.2471, 3.0100, 4.8849
(27, 13): 0.3059, 3.0100, 7.7685
(27, 14): 0.2857, 3.0100, 6.8109
(27, 15): 0.3407, 3.0100, 9.3357
(27, 16): 0.3225, 3.0100, 9.3425
(27, 17): 0.3259, 3.0200, 8.6169
(27, 18): 0.3116, 3.0100, 8.5321
(27, 19): 0.2949, 3.0100, 8.7673
(27, 20): 0.3060, 3.0100, 8.8028
(27, 21): 0.3441, 3.0100, 8.4538
(27, 22): 0.3190, 3.0100, 7.0066
(27, 23): 0.3190, 3.0100, 7.0066
(27, 24): 0.3190, 3.0100, 7.0066
(27, 25): 0.3190, 3.0100, 7.0066
(27, 26): 0.3190, 3.0100, 7.0066
(27, 27): 0.3190, 3.0100, 7.0066
(28, 1): 0.3096, 3.0300, 1.2088
(28, 2): 0.3096, 3.0300, 1.2088
(28, 3): 0.2090, 3.0100, 5.2491
(28, 4): 0.2597, 3.0100, 5.1039
(28, 5): 0.3206, 3.0100, 7.5523
(28, 6): 0.2295, 3.0100, 5.1054
(28, 7): 0.2371, 3.0100, 5.1527
(28, 8): 0.2819, 3.0100, 7.0082
(28, 9): 0.2051, 3.0100, 5.9691
(28, 10): 0.2688, 3.0200, 7.1963
(28, 11): 0.3062, 3.0100, 7.3152
(28, 12): 0.2471, 3.0100, 4.8849
(28, 13): 0.1848, 3.0200, 2.8890
(28, 14): 0.1848, 3.0200, 2.8890
(28, 15): 0.3012, 3.0100, 9.1516
(28, 16): 0.2968, 3.0100, 9.5054
(28, 17): 0.3150, 3.0100, 8.7995
(28, 18): 0.2782, 3.0100, 8.6988
(28, 19): 0.3268, 3.0100, 8.4353
(28, 20): 0.3168, 3.0100, 8.6915
(28, 21): 0.3607, 3.0100, 8.5815
(28, 22): 0.2447, 3.0100, 4.7681
(28, 23): 0.2447, 3.0100, 4.7681
(28, 24): 0.2447, 3.0100, 4.7681
(28, 25): 0.2447, 3.0100, 4.7681
(28, 26): 0.2447, 3.0100, 4.7681
(28, 27): 0.2447, 3.0100, 4.7681
(29, 1): 0.3473, 3.0100, 7.6834
(29, 2): 0.3473, 3.0100, 7.6834
(29, 3): 0.3472, 3.0100, 8.4297
(29, 4): 0.2664, 3.0100, 8.7864
(29, 5): 0.2488, 3.0100, 7.4657
(29, 6): 0.3199, 3.0100, 9.0484
(29, 7): 0.2845, 3.0100, 7.6709
(29, 8): 0.4604, 3.0100, 0.9473
(29, 9): 0.2051, 3.0100, 5.9691
(29, 10): 0.2051, 3.0100, 5.9691
(29, 11): 0.3062, 3.0100, 7.3152
(29, 12): 0.2471, 3.0100, 4.8849
(29, 13): 0.1848, 3.0200, 2.8890
(29, 14): 0.1848, 3.0200, 2.8890
(29, 15): 0.2422, 3.0100, 2.0407
(29, 16): 0.1874, 3.0100, 4.9101
(29, 17): 0.2714, 3.0100, 0.9693
(29, 18): 0.2342, 3.0100, 7.5422
(29, 19): 0.3043, 3.0100, 8.9327
(29, 20): 0.3311, 3.0100, 8.9089
(29, 21): 0.3993, 3.0100, 8.2968
(29, 22): 0.3538, 3.0100, 2.4599
(29, 23): 0.3538, 3.0100, 2.4599
(29, 24): 0.3538, 3.0100, 2.4599
(29, 25): 0.3538, 3.0100, 2.4599
(29, 26): 0.3538, 3.0100, 2.4599
(29, 27): 0.3538, 3.0100, 2.4599
(30, 1): 0.2357, 3.0100, 5.9105
(30, 2): 0.2357, 3.0100, 5.9105
(30, 3): 0.2039, 3.0100, 3.2219
(30, 4): 0.1242, 3.0100, 3.0860
(30, 5): 0.3343, 3.0100, 7.6097
(30, 6): 0.3180, 3.0100, 7.1198
(30, 7): 0.2253, 3.0100, 2.7194
(30, 8): 0.4604, 3.0100, 0.9473
(30, 9): 0.4604, 3.0100, 0.9473
(30, 10): 0.2051, 3.0100, 5.9691
(30, 11): 0.2051, 3.0100, 5.9691
(30, 12): 0.1848, 3.0200, 2.8890
(30, 13): 0.1848, 3.0200, 2.8890
(30, 14): 0.2422, 3.0100, 2.0407
(30, 15): 0.2422, 3.0100, 2.0407
(30, 16): 0.1874, 3.0100, 4.9101
(30, 17): 0.2714, 3.0100, 0.9693
(30, 18): 0.1995, 3.0100, 2.8914
(30, 19): 0.1995, 3.0100, 2.8914
(30, 20): 0.3700, 3.0100, 7.3691
(30, 21): 0.3853, 3.0100, 7.9590
(30, 22): 0.3243, 3.0100, 3.3466
(30, 23): 0.3243, 3.0100, 3.3466
(30, 24): 0.3243, 3.0100, 3.3466
(30, 25): 0.3243, 3.0100, 3.3466
(30, 26): 0.3243, 3.0100, 3.3466
(30, 27): 0.3243, 3.0100, 3.3466
(31, 1): 0.2357, 3.0100, 5.9105
(31, 2): 0.2357, 3.0100, 5.9105
(31, 3): 0.2039, 3.0100, 3.2219
(31, 4): 0.1242, 3.0100, 3.0860
(31, 5): 0.3343, 3.0100, 7.6097
(31, 6): 0.3180, 3.0100, 7.1198
(31, 7): 0.2253, 3.0100, 2.7194
(31, 8): 0.2253, 3.0100, 2.7194
(31, 9): 0.4604, 3.0100, 0.9473
(31, 10): 0.4604, 3.0100, 0.9473
(31, 11): 0.2051, 3.0100, 5.9691
(31, 12): 0.1848, 3.0200, 2.8890
(31, 13): 0.2422, 3.0100, 2.0407
(31, 14): 0.2422, 3.0100, 2.0407
(31, 15): 0.2422, 3.0100, 2.0407
(31, 16): 0.1874, 3.0100, 4.9101
(31, 17): 0.2714, 3.0100, 0.9693
(31, 18): 0.2234, 3.0100, 2.2518
(31, 19): 0.2234, 3.0100, 2.2518
(31, 20): 0.3417, 3.0100, 8.0748
(31, 21): 0.3014, 3.0100, 2.6472
(31, 22): 0.3014, 3.0100, 2.6472
(31, 23): 0.2468, 3.0100, 2.4332
(31, 24): 0.2468, 3.0100, 2.4332
(31, 25): 0.2468, 3.0100, 2.4332
(31, 26): 0.2468, 3.0100, 2.4332
(31, 27): 0.2468, 3.0100, 2.4332
(32, 1): 0.2357, 3.0100, 5.9105
(32, 2): 0.2357, 3.0100, 5.9105
(32, 3): 0.2039, 3.0100, 3.2219
(32, 4): 0.1242, 3.0100, 3.0860
(32, 5): 0.3343, 3.0100, 7.6097
(32, 6): 0.3180, 3.0100, 7.1198
(32, 7): 0.2253, 3.0100, 2.7194
(32, 8): 0.2253, 3.0100, 2.7194
(32, 9): 0.2253, 3.0100, 2.7194
(32, 10): 0.4604, 3.0100, 0.9473
(32, 11): 0.4604, 3.0100, 0.9473
(32, 12): 0.2422, 3.0100, 2.0407
(32, 13): 0.2422, 3.0100, 2.0407
(32, 14): 0.2422, 3.0100, 2.0407
(32, 15): 0.2422, 3.0100, 2.0407
(32, 16): 0.1874, 3.0100, 4.9101
(32, 17): 0.2829, 3.0100, 2.9724
(32, 18): 0.2829, 3.0100, 2.9724
(32, 19): 0.2829, 3.0100, 2.9724
(32, 20): 0.4165, 3.0100, 8.5288
(32, 21): 0.3265, 3.0100, 6.7824
(32, 22): 0.2468, 3.0100, 2.4332
(32, 23): 0.2468, 3.0100, 2.4332
(32, 24): 0.2468, 3.0100, 2.4332
(32, 25): 0.2468, 3.0100, 2.4332
(32, 26): 0.2468, 3.0100, 2.4332
(32, 27): 0.2468, 3.0100, 2.4332
(33, 1): 0.2357, 3.0100, 5.9105
(33, 2): 0.2357, 3.0100, 5.9105
(33, 3): 0.2039, 3.0100, 3.2219
(33, 4): 0.1242, 3.0100, 3.0860
(33, 5): 0.3343, 3.0100, 7.6097
(33, 6): 0.3180, 3.0100, 7.1198
(33, 7): 0.2253, 3.0100, 2.7194
(33, 8): 0.2253, 3.0100, 2.7194
(33, 9): 0.2253, 3.0100, 2.7194
(33, 10): 0.2253, 3.0100, 2.7194
(33, 11): 0.4604, 3.0100, 0.9473
(33, 12): 0.2422, 3.0100, 2.0407
(33, 13): 0.2422, 3.0100, 2.0407
(33, 14): 0.2422, 3.0100, 2.0407
(33, 15): 0.2422, 3.0100, 2.0407
(33, 16): 0.3549, 3.0100, 6.2460
(33, 17): 0.3549, 3.0100, 6.2460
(33, 18): 0.3549, 3.0100, 6.2460
(33, 19): 0.3549, 3.0100, 6.2460
(33, 20): 0.4219, 3.0100, 8.7070
(33, 21): 0.3823, 3.0200, 9.2294
(33, 22): 0.2872, 3.0100, 4.9716
(33, 23): 0.2872, 3.0100, 4.9716
(33, 24): 0.2872, 3.0100, 4.9716
(33, 25): 0.2872, 3.0100, 4.9716
(33, 26): 0.2872, 3.0100, 4.9716
(33, 27): 0.2872, 3.0100, 4.9716
(34, 1): 0.2357, 3.0100, 5.9105
(34, 2): 0.2357, 3.0100, 5.9105
(34, 3): 0.2039, 3.0100, 3.2219
(34, 4): 0.1242, 3.0100, 3.0860
(34, 5): 0.3343, 3.0100, 7.6097
(34, 6): 0.3180, 3.0100, 7.1198
(34, 7): 0.2253, 3.0100, 2.7194
(34, 8): 0.2253, 3.0100, 2.7194
(34, 9): 0.2253, 3.0100, 2.7194
(34, 10): 0.2253, 3.0100, 2.7194
(34, 11): 0.2253, 3.0100, 2.7194
(34, 12): 0.2422, 3.0100, 2.0407
(34, 13): 0.2422, 3.0100, 2.0407
(34, 14): 0.3284, 3.0100, 5.9662
(34, 15): 0.3284, 3.0100, 5.9662
(34, 16): 0.3284, 3.0100, 5.9662
(34, 17): 0.3284, 3.0100, 5.9662
(34, 18): 0.3284, 3.0100, 5.9662
(34, 19): 0.3284, 3.0100, 5.9662
(34, 20): 0.4354, 3.0100, 8.7101
(34, 21): 0.4218, 3.0100, 8.4950
(34, 22): 0.2879, 3.0100, 2.6374
(34, 23): 0.2879, 3.0100, 2.6374
(34, 24): 0.2879, 3.0100, 2.6374
(34, 25): 0.2879, 3.0100, 2.6374
(34, 26): 0.2879, 3.0100, 2.6374
(34, 27): 0.2879, 3.0100, 2.6374
