(9, 1): 0.4761, 0.1004, 1.5892, 0.3080
(9, 2): 0.4761, 0.1004, 1.5892, 0.3080
(9, 3): 0.5730, 0.1001, 1.5672, 0.3551
(9, 4): 0.2814, 0.1004, 2.6355, 0.2424
(9, 5): 0.2814, 0.1004, 2.6355, 0.2424
(9, 6): 0.5079, 0.1000, 1.7958, 0.3159
(9, 7): 0.5027, 0.1004, 1.8050, 0.3594
(9, 8): 0.5027, 0.1004, 1.8050, 0.3594
(9, 9): 0.6318, 0.1009, 1.5530, 0.3330
(9, 10): 0.4222, 0.1001, 2.2119, 0.2297
(9, 11): 0.4692, 0.1004, 1.8028, 0.3504
(9, 12): 0.4692, 0.1004, 1.8028, 0.3504
(9, 13): 0.4812, 0.1020, 1.7230, 0.3054
(9, 14): 0.4455, 0.1006, 1.9365, 0.3587
(9, 15): 0.4455, 0.1006, 1.9365, 0.3587
(9, 16): 0.3552, 0.1007, 2.3286, 0.3851
(9, 17): 0.4370, 0.1004, 2.0615, 0.3790
(9, 18): 0.4370, 0.1004, 2.0615, 0.3790
(9, 19): 0.4562, 0.1003, 2.0828, 0.3228
(9, 20): 0.5608, 0.1002, 1.7867, 0.3435
(9, 21): 0.4909, 0.1010, 1.9040, 0.2616
(9, 22): 0.4909, 0.1010, 1.9040, 0.2616
(9, 23): 0.4874, 0.1008, 1.9762, 0.3098
(9, 24): 0.4986, 0.1002, 1.9061, 0.3109
(9, 25): 0.4986, 0.1002, 1.9061, 0.3109
(9, 26): 0.5030, 0.1006, 1.8774, 0.2978
(9, 27): 0.3568, 0.1002, 2.3551, 0.2978
(9, 28): 0.4768, 0.1000, 1.9146, 0.3344
(9, 29): 0.4768, 0.1000, 1.9146, 0.3344
(9, 30): 0.6144, 0.1012, 1.6434, 0.3380
(9, 31): 0.5808, 0.1003, 1.8195, 0.2982
(9, 32): 0.5808, 0.1003, 1.8195, 0.2982
(9, 33): 0.5318, 0.1005, 2.0270, 0.3014
(9, 34): 0.5535, 0.1013, 2.0306, 0.2931
(9, 35): 0.4958, 0.1007, 2.0191, 0.2551
(9, 36): 0.4958, 0.1007, 2.0191, 0.2551
(9, 37): 0.4251, 0.1007, 2.2716, 0.2986
(10, 1): 0.4721, 0.1023, 1.6703, 0.3699
(10, 2): 0.4721, 0.1023, 1.6703, 0.3699
(10, 3): 0.3082, 0.1004, 2.5420, 0.2438
(10, 4): 0.3599, 0.1005, 2.2382, 0.3822
(10, 5): 0.3599, 0.1005, 2.2382, 0.3822
(10, 6): 0.3881, 0.1004, 2.1055, 0.3330
(10, 7): 0.3848, 0.1002, 2.1967, 0.2899
(10, 8): 0.3848, 0.1002, 2.1967, 0.2899
(10, 9): 0.3386, 0.1003, 2.3764, 0.3460
(10, 10): 0.3533, 0.1005, 2.2619, 0.3112
(10, 11): 0.6028, 0.1002, 1.4649, 0.3551
(10, 12): 0.6028, 0.1002, 1.4649, 0.3551
(10, 13): 0.4747, 0.1006, 1.8665, 0.3446
(10, 14): 0.5004, 0.1014, 1.8559, 0.3062
(10, 15): 0.5004, 0.1014, 1.8559, 0.3062
(10, 16): 0.4645, 0.1000, 2.0720, 0.3525
(10, 17): 0.3739, 0.1002, 2.5561, 0.3221
(10, 18): 0.4550, 0.1020, 2.1872, 0.3159
(10, 19): 0.4550, 0.1020, 2.1872, 0.3159
(10, 20): 0.5176, 0.1000, 1.9339, 0.2670
(10, 21): 0.4395, 0.1016, 2.1341, 0.2877
(10, 22): 0.4395, 0.1016, 2.1341, 0.2877
(10, 23): 0.4858, 0.1006, 1.9511, 0.3047
(10, 24): 0.6308, 0.1002, 1.4922, 0.3120
(10, 25): 0.6308, 0.1002, 1.4922, 0.3120
(10, 26): 0.5734, 0.1006, 1.6548, 0.3185
(10, 27): 0.5185, 0.1001, 1.7346, 0.2870
(10, 28): 0.4753, 0.1007, 1.9515, 0.2754
(10, 29): 0.4753, 0.1007, 1.9515, 0.2754
(10, 30): 0.5199, 0.1006, 1.9159, 0.3355
(10, 31): 0.6231, 0.1004, 1.6426, 0.2986
(10, 32): 0.6231, 0.1004, 1.6426, 0.2986
(10, 33): 0.4550, 0.1007, 2.1448, 0.3221
(10, 34): 0.5510, 0.1001, 1.8789, 0.3522
(10, 35): 0.4539, 0.1003, 1.9746, 0.3272
(10, 36): 0.4539, 0.1003, 1.9746, 0.3272
(10, 37): 0.3819, 0.1014, 2.2412, 0.3181
(11, 1): 0.3864, 0.1012, 2.0811, 0.3261
(11, 2): 0.3864, 0.1012, 2.0811, 0.3261
(11, 3): 0.3558, 0.1005, 2.2382, 0.3815
(11, 4): 0.3832, 0.1001, 2.1429, 0.2953
(11, 5): 0.3832, 0.1001, 2.1429, 0.2953
(11, 6): 0.3510, 0.1007, 2.2256, 0.2656
(11, 7): 0.3588, 0.1017, 2.2964, 0.3043
(11, 8): 0.3588, 0.1017, 2.2964, 0.3043
(11, 9): 0.4274, 0.1007, 1.9224, 0.3076
(11, 10): 0.3761, 0.1007, 2.0328, 0.2815
(11, 11): 0.4984, 0.1001, 1.7650, 0.3341
(11, 12): 0.4984, 0.1001, 1.7650, 0.3341
(11, 13): 0.4413, 0.1002, 2.0144, 0.2514
(11, 14): 0.5313, 0.1002, 1.7801, 0.3522
(11, 15): 0.5313, 0.1002, 1.7801, 0.3522
(11, 16): 0.4714, 0.1021, 2.0747, 0.3196
(11, 17): 0.5200, 0.1000, 1.8971, 0.3337
(11, 18): 0.4574, 0.1014, 2.2412, 0.3460
(11, 19): 0.4574, 0.1014, 2.2412, 0.3460
(11, 20): 0.6000, 0.1005, 1.6738, 0.3203
(11, 21): 0.4933, 0.1001, 2.0646, 0.2801
(11, 22): 0.4933, 0.1001, 2.0646, 0.2801
(11, 23): 0.4580, 0.1000, 2.0361, 0.2428
(11, 24): 0.5143, 0.1000, 1.9981, 0.2623
(11, 25): 0.5143, 0.1000, 1.9981, 0.2623
(11, 26): 0.6081, 0.1008, 1.6034, 0.3094
(11, 27): 0.5189, 0.1002, 1.7873, 0.2978
(11, 28): 0.3619, 0.1009, 2.4025, 0.3203
(11, 29): 0.3619, 0.1009, 2.4025, 0.3203
(11, 30): 0.3745, 0.1009, 2.3400, 0.3366
(11, 31): 0.4410, 0.1001, 2.0396, 0.3373
(11, 32): 0.4410, 0.1001, 2.0396, 0.3373
(11, 33): 0.5440, 0.1004, 1.8245, 0.3178
(11, 34): 0.4362, 0.1007, 2.1247, 0.3275
(11, 35): 0.4842, 0.1006, 1.9090, 0.3243
(11, 36): 0.4842, 0.1006, 1.9090, 0.3243
(11, 37): 0.4815, 0.1008, 1.9520, 0.2877
(12, 1): 0.3491, 0.1000, 2.2131, 0.2181
(12, 2): 0.3491, 0.1000, 2.2131, 0.2181
(12, 3): 0.3349, 0.1001, 2.2269, 0.2620
(12, 4): 0.3734, 0.1014, 2.1273, 0.2754
(12, 5): 0.3734, 0.1014, 2.1273, 0.2754
(12, 6): 0.3618, 0.1010, 2.1842, 0.3283
(12, 7): 0.3492, 0.1006, 2.2632, 0.3022
(12, 8): 0.3492, 0.1006, 2.2632, 0.3022
(12, 9): 0.4600, 0.1011, 1.8204, 0.2721
(12, 10): 0.4413, 0.1019, 1.8400, 0.2967
(12, 11): 0.4613, 0.1005, 1.9673, 0.2978
(12, 12): 0.4613, 0.1005, 1.9673, 0.2978
(12, 13): 0.4595, 0.1003, 1.8959, 0.2971
(12, 14): 0.5508, 0.1006, 1.7211, 0.3058
(12, 15): 0.5508, 0.1006, 1.7211, 0.3058
(12, 16): 0.3923, 0.1005, 2.2744, 0.2779
(12, 17): 0.5064, 0.1003, 1.9727, 0.3359
(12, 18): 0.4951, 0.1028, 1.9854, 0.3576
(12, 19): 0.4951, 0.1028, 1.9854, 0.3576
(12, 20): 0.4421, 0.1019, 2.2145, 0.3232
(12, 21): 0.5434, 0.1013, 1.8312, 0.3022
(12, 22): 0.5434, 0.1013, 1.8312, 0.3022
(12, 23): 0.5420, 0.1027, 1.8184, 0.3029
(12, 24): 0.5024, 0.1002, 2.0472, 0.3054
(12, 25): 0.5024, 0.1002, 2.0472, 0.3054
(12, 26): 0.5608, 0.1000, 1.8295, 0.3696
(12, 27): 0.5046, 0.1001, 1.9095, 0.3511
(12, 28): 0.4789, 0.1003, 1.9994, 0.2841
(12, 29): 0.4789, 0.1003, 1.9994, 0.2841
(12, 30): 0.4367, 0.1009, 2.1066, 0.3420
(12, 31): 0.4773, 0.1021, 1.9458, 0.2504
(12, 32): 0.4773, 0.1021, 1.9458, 0.2504
(12, 33): 0.4103, 0.1007, 2.2375, 0.3196
(12, 34): 0.4230, 0.1016, 2.2328, 0.3790
(12, 35): 0.4230, 0.1016, 2.2328, 0.3790
(12, 36): 0.5984, 0.1002, 1.6596, 0.3109
(12, 37): 0.5810, 0.1000, 1.6835, 0.3091
(13, 1): 0.2914, 0.1015, 2.3519, 0.3409
(13, 2): 0.2914, 0.1015, 2.3519, 0.3409
(13, 3): 0.2531, 0.1023, 2.4777, 0.2696
(13, 4): 0.3016, 0.1003, 2.3219, 0.2996
(13, 5): 0.3016, 0.1003, 2.3219, 0.2996
(13, 6): 0.3264, 0.1004, 2.2632, 0.2634
(13, 7): 0.5451, 0.1001, 1.7695, 0.3605
(13, 8): 0.5451, 0.1001, 1.7695, 0.3605
(13, 9): 0.4884, 0.1004, 1.8916, 0.3975
(13, 10): 0.4368, 0.1013, 1.9978, 0.2337
(13, 11): 0.4015, 0.1008, 2.1632, 0.2645
(13, 12): 0.4015, 0.1008, 2.1632, 0.2645
(13, 13): 0.4595, 0.1003, 1.8959, 0.2971
(13, 14): 0.5508, 0.1006, 1.7211, 0.3058
(13, 15): 0.5508, 0.1006, 1.7211, 0.3058
(13, 16): 0.3923, 0.1005, 2.2744, 0.2779
(13, 17): 0.5064, 0.1003, 1.9727, 0.3359
(13, 18): 0.4951, 0.1028, 1.9854, 0.3576
(13, 19): 0.4951, 0.1028, 1.9854, 0.3576
(13, 20): 0.4421, 0.1019, 2.2145, 0.3232
(13, 21): 0.5434, 0.1013, 1.8312, 0.3022
(13, 22): 0.5434, 0.1013, 1.8312, 0.3022
(13, 23): 0.5420, 0.1027, 1.8184, 0.3029
(13, 24): 0.5024, 0.1002, 2.0472, 0.3054
(13, 25): 0.5024, 0.1002, 2.0472, 0.3054
(13, 26): 0.5608, 0.1000, 1.8295, 0.3696
(13, 27): 0.5046, 0.1001, 1.9095, 0.3511
(13, 28): 0.4789, 0.1003, 1.9994, 0.2841
(13, 29): 0.4789, 0.1003, 1.9994, 0.2841
(13, 30): 0.4367, 0.1009, 2.1066, 0.3420
(13, 31): 0.4780, 0.1001, 2.0133, 0.2634
(13, 32): 0.4780, 0.1001, 2.0133, 0.2634
(13, 33): 0.5439, 0.1003, 1.7956, 0.3232
(13, 34): 0.4136, 0.1003, 2.1889, 0.2652
(13, 35): 0.4136, 0.1003, 2.1889, 0.2652
(13, 36): 0.5939, 0.1001, 1.5442, 0.2804
(13, 37): 0.3350, 0.1002, 2.3716, 0.3616
(14, 1): 0.2777, 0.1006, 2.4059, 0.2217
(14, 2): 0.2777, 0.1006, 2.4059, 0.2217
(14, 3): 0.2691, 0.1005, 2.3827, 0.2877
(14, 4): 0.2684, 0.1004, 2.3869, 0.2583
(14, 5): 0.2684, 0.1004, 2.3869, 0.2583
(14, 6): 0.5373, 0.1008, 1.7404, 0.2819
(14, 7): 0.5451, 0.1001, 1.7695, 0.3605
(14, 8): 0.4884, 0.1004, 1.8916, 0.3975
(14, 9): 0.4884, 0.1004, 1.8916, 0.3975
(14, 10): 0.4368, 0.1013, 1.9978, 0.2337
(14, 11): 0.4015, 0.1008, 2.1632, 0.2645
(14, 12): 0.4015, 0.1008, 2.1632, 0.2645
(14, 13): 0.3939, 0.1007, 2.3260, 0.2746
(14, 14): 0.5391, 0.1004, 1.9200, 0.2768
(14, 15): 0.5391, 0.1004, 1.9200, 0.2768
(14, 16): 0.6346, 0.1004, 1.6355, 0.3167
(14, 17): 0.5051, 0.1014, 2.0471, 0.2576
(14, 18): 0.4725, 0.1015, 2.1017, 0.3290
(14, 19): 0.4725, 0.1015, 2.1017, 0.3290
(14, 20): 0.6059, 0.1004, 1.5592, 0.3152
(14, 21): 0.5529, 0.1004, 1.7820, 0.3297
(14, 22): 0.5529, 0.1004, 1.7820, 0.3297
(14, 23): 0.5372, 0.1001, 1.8400, 0.3399
(14, 24): 0.4783, 0.1011, 2.1160, 0.3304
(14, 25): 0.4783, 0.1011, 2.1160, 0.3304
(14, 26): 0.5366, 0.1002, 1.8432, 0.2993
(14, 27): 0.5127, 0.1005, 1.9710, 0.3406
(14, 28): 0.3262, 0.1001, 2.5783, 0.2877
(14, 29): 0.3262, 0.1001, 2.5783, 0.2877
(14, 30): 0.3953, 0.1004, 2.2851, 0.2283
(14, 31): 0.4780, 0.1001, 2.0133, 0.2634
(14, 32): 0.4780, 0.1001, 2.0133, 0.2634
(14, 33): 0.5439, 0.1003, 1.7956, 0.3232
(14, 34): 0.4136, 0.1003, 2.1889, 0.2652
(14, 35): 0.4136, 0.1003, 2.1889, 0.2652
(14, 36): 0.5939, 0.1001, 1.5442, 0.2804
(14, 37): 0.3796, 0.1003, 2.1898, 0.3540
(15, 1): 0.2529, 0.1000, 2.4555, 0.2529
(15, 2): 0.2529, 0.1000, 2.4555, 0.2529
(15, 3): 0.2691, 0.1005, 2.3827, 0.2877
(15, 4): 0.2684, 0.1004, 2.3869, 0.2583
(15, 5): 0.2684, 0.1004, 2.3869, 0.2583
(15, 6): 0.5373, 0.1008, 1.7404, 0.2819
(15, 7): 0.5529, 0.1002, 1.7011, 0.3304
(15, 8): 0.5077, 0.1006, 1.8306, 0.2909
(15, 9): 0.5077, 0.1006, 1.8306, 0.2909
(15, 10): 0.2008, 0.1001, 3.2717, 0.3786
(15, 11): 0.2704, 0.1003, 2.8176, 0.2710
(15, 12): 0.2704, 0.1003, 2.8176, 0.2710
(15, 13): 0.5224, 0.1002, 1.9971, 0.2790
(15, 14): 0.5825, 0.1005, 1.8423, 0.3087
(15, 15): 0.5825, 0.1005, 1.8423, 0.3087
(15, 16): 0.4598, 0.1002, 2.0766, 0.2837
(15, 17): 0.6024, 0.1010, 1.6477, 0.3351
(15, 18): 0.3264, 0.1006, 2.4588, 0.3083
(15, 19): 0.3264, 0.1006, 2.4588, 0.3083
(15, 20): 0.4800, 0.1002, 1.9729, 0.2779
(15, 21): 0.5450, 0.1006, 1.8711, 0.3460
(15, 22): 0.5450, 0.1006, 1.8711, 0.3460
(15, 23): 0.6078, 0.1000, 1.7539, 0.3272
(15, 24): 0.6931, 0.1003, 1.5973, 0.3558
(15, 25): 0.6931, 0.1003, 1.5973, 0.3558
(15, 26): 0.4921, 0.1028, 2.1709, 0.3739
(15, 27): 0.5497, 0.1010, 1.7883, 0.3446
(15, 28): 0.4072, 0.1003, 2.2957, 0.3616
(15, 29): 0.4072, 0.1003, 2.2957, 0.3616
(15, 30): 0.4127, 0.1017, 2.2552, 0.3391
(15, 31): 0.4806, 0.1002, 2.0495, 0.3159
(15, 32): 0.4806, 0.1002, 2.0495, 0.3159
(15, 33): 0.4043, 0.1009, 2.1682, 0.3290
(15, 34): 0.4112, 0.1001, 2.1163, 0.3116
(15, 35): 0.4112, 0.1001, 2.1163, 0.3116
(15, 36): 0.2936, 0.1014, 2.6257, 0.2634
(15, 37): 0.3796, 0.1003, 2.1898, 0.3540
(16, 1): 0.2529, 0.1000, 2.4555, 0.2529
(16, 2): 0.2529, 0.1000, 2.4555, 0.2529
(16, 3): 0.2573, 0.1001, 2.4243, 0.2826
(16, 4): 0.4845, 0.1009, 1.8285, 0.2261
(16, 5): 0.4845, 0.1009, 1.8285, 0.2261
(16, 6): 0.4716, 0.1005, 1.8964, 0.2949
(16, 7): 0.4517, 0.1016, 2.0565, 0.3123
(16, 8): 0.1788, 0.1043, 3.3964, 0.2808
(16, 9): 0.1788, 0.1043, 3.3964, 0.2808
(16, 10): 0.1912, 0.1008, 3.3069, 0.2960
(16, 11): 0.2528, 0.1031, 3.0286, 0.3699
(16, 12): 0.2528, 0.1031, 3.0286, 0.3699
(16, 13): 0.4640, 0.1002, 2.1757, 0.2938
(16, 14): 0.4406, 0.1000, 2.3536, 0.2489
(16, 15): 0.4406, 0.1000, 2.3536, 0.2489
(16, 16): 0.4931, 0.1009, 2.0230, 0.2960
(16, 17): 0.6185, 0.1008, 1.5349, 0.2808
(16, 18): 0.4553, 0.1007, 2.0659, 0.2793
(16, 19): 0.4553, 0.1007, 2.0659, 0.2793
(16, 20): 0.6119, 0.1009, 1.7139, 0.3399
(16, 21): 0.6911, 0.1002, 1.4718, 0.3254
(16, 22): 0.6911, 0.1002, 1.4718, 0.3254
(16, 23): 0.5971, 0.1001, 1.8815, 0.3207
(16, 24): 0.6522, 0.1000, 1.6743, 0.3500
(16, 25): 0.6522, 0.1000, 1.6743, 0.3500
(16, 26): 0.5156, 0.1001, 2.1302, 0.3120
(16, 27): 0.4798, 0.1015, 1.9463, 0.3391
(16, 28): 0.3754, 0.1001, 2.3205, 0.3268
(16, 29): 0.3754, 0.1001, 2.3205, 0.3268
(16, 30): 0.3300, 0.1009, 2.4217, 0.3417
(16, 31): 0.3123, 0.1006, 2.4921, 0.3250
(16, 32): 0.3123, 0.1006, 2.4921, 0.3250
(16, 33): 0.5022, 0.1001, 1.8404, 0.3196
(16, 34): 0.5367, 0.1009, 1.7878, 0.3094
(16, 35): 0.5367, 0.1009, 1.7878, 0.3094
(16, 36): 0.3155, 0.1002, 2.4570, 0.2993
(16, 37): 0.4620, 0.1003, 1.9923, 0.3293
(1, 1): 0.5007, 0.1015, 1.7558, 0.2996
(1, 2): 0.5007, 0.1015, 1.7558, 0.2996
(1, 3): 0.4767, 0.1006, 1.7983, 0.2938
(1, 4): 0.4767, 0.1006, 1.7983, 0.2938
(1, 5): 0.3583, 0.1003, 2.1767, 0.2703
(1, 6): 0.3990, 0.1007, 2.0501, 0.3301
(1, 7): 0.3745, 0.1002, 2.1711, 0.2728
(1, 8): 0.3745, 0.1002, 2.1711, 0.2728
(1, 9): 0.3873, 0.1005, 2.0824, 0.3351
(1, 10): 0.4428, 0.1004, 1.9396, 0.2413
(1, 11): 0.4428, 0.1004, 1.9396, 0.2413
(1, 12): 0.4822, 0.1000, 1.7425, 0.2525
(1, 13): 0.4536, 0.1002, 1.8848, 0.2819
(1, 14): 0.4628, 0.1002, 1.7835, 0.2170
(1, 15): 0.4628, 0.1002, 1.7835, 0.2170
(1, 16): 0.2746, 0.1006, 2.3895, 0.2975
(1, 17): 0.3347, 0.1001, 2.0622, 0.2536
(1, 18): 0.3347, 0.1001, 2.0622, 0.2536
(1, 19): 0.3745, 0.1004, 1.9880, 0.3123
(1, 20): 0.2984, 0.1002, 2.5036, 0.2830
(1, 21): 0.4468, 0.1001, 1.9772, 0.3149
(1, 22): 0.4468, 0.1001, 1.9772, 0.3149
(1, 23): 0.4733, 0.1003, 2.2553, 0.2667
(1, 24): 0.3660, 0.1015, 2.5179, 0.2768
(1, 25): 0.4588, 0.1002, 2.2389, 0.2844
(1, 26): 0.4588, 0.1002, 2.2389, 0.2844
(1, 27): 0.4990, 0.1013, 2.2737, 0.2529
(1, 28): 0.5194, 0.1008, 2.2174, 0.2562
(1, 29): 0.5194, 0.1008, 2.2174, 0.2562
(1, 30): 0.6277, 0.1003, 1.5522, 0.3134
(1, 31): 0.4963, 0.1001, 1.6295, 0.2460
(1, 32): 0.3830, 0.1008, 1.8948, 0.2761
(1, 33): 0.3830, 0.1008, 1.8948, 0.2761
(1, 34): 0.2932, 0.1010, 2.3109, 0.3091
(1, 35): 0.3745, 0.1000, 2.3966, 0.3286
(1, 36): 0.3745, 0.1000, 2.3966, 0.3286
(1, 37): 0.3738, 0.1004, 2.5259, 0.3246
(2, 1): 0.4709, 0.1009, 1.8972, 0.2649
(2, 2): 0.4709, 0.1009, 1.8972, 0.2649
(2, 3): 0.5084, 0.1001, 1.7978, 0.3192
(2, 4): 0.5084, 0.1001, 1.7978, 0.3192
(2, 5): 0.4161, 0.1001, 2.0763, 0.2482
(2, 6): 0.4829, 0.1000, 1.8066, 0.2793
(2, 7): 0.5583, 0.1015, 1.4690, 0.2681
(2, 8): 0.5583, 0.1015, 1.4690, 0.2681
(2, 9): 0.5001, 0.1007, 1.7385, 0.2634
(2, 10): 0.5687, 0.1003, 1.5202, 0.2793
(2, 11): 0.5687, 0.1003, 1.5202, 0.2793
(2, 12): 0.5468, 0.1004, 1.6202, 0.2902
(2, 13): 0.4536, 0.1002, 1.8848, 0.2819
(2, 14): 0.4628, 0.1002, 1.7835, 0.2170
(2, 15): 0.4628, 0.1002, 1.7835, 0.2170
(2, 16): 0.2746, 0.1006, 2.3895, 0.2975
(2, 17): 0.3347, 0.1001, 2.0622, 0.2536
(2, 18): 0.3347, 0.1001, 2.0622, 0.2536
(2, 19): 0.3745, 0.1004, 1.9880, 0.3123
(2, 20): 0.2984, 0.1002, 2.5036, 0.2830
(2, 21): 0.4468, 0.1001, 1.9772, 0.3149
(2, 22): 0.4468, 0.1001, 1.9772, 0.3149
(2, 23): 0.4733, 0.1003, 2.2553, 0.2667
(2, 24): 0.3660, 0.1015, 2.5179, 0.2768
(2, 25): 0.4588, 0.1002, 2.2389, 0.2844
(2, 26): 0.4588, 0.1002, 2.2389, 0.2844
(2, 27): 0.4990, 0.1013, 2.2737, 0.2529
(2, 28): 0.5194, 0.1008, 2.2174, 0.2562
(2, 29): 0.5194, 0.1008, 2.2174, 0.2562
(2, 30): 0.3229, 0.1001, 2.0768, 0.2786
(2, 31): 0.4511, 0.1006, 1.6430, 0.3232
(2, 32): 0.5285, 0.1018, 1.5242, 0.3228
(2, 33): 0.5285, 0.1018, 1.5242, 0.3228
(2, 34): 0.2875, 0.1011, 2.3369, 0.3214
(2, 35): 0.5132, 0.1004, 1.9203, 0.2783
(2, 36): 0.5132, 0.1004, 1.9203, 0.2783
(2, 37): 0.4870, 0.1003, 2.2779, 0.2551
(3, 1): 0.4622, 0.1014, 1.9042, 0.3159
(3, 2): 0.4622, 0.1014, 1.9042, 0.3159
(3, 3): 0.3973, 0.1008, 2.1528, 0.2906
(3, 4): 0.3973, 0.1008, 2.1528, 0.2906
(3, 5): 0.4384, 0.1000, 1.9852, 0.2808
(3, 6): 0.4426, 0.1000, 1.8455, 0.3040
(3, 7): 0.5583, 0.1015, 1.4690, 0.2681
(3, 8): 0.5583, 0.1015, 1.4690, 0.2681
(3, 9): 0.5001, 0.1007, 1.7385, 0.2634
(3, 10): 0.5687, 0.1003, 1.5202, 0.2793
(3, 11): 0.5687, 0.1003, 1.5202, 0.2793
(3, 12): 0.5468, 0.1004, 1.6202, 0.2902
(3, 13): 0.5361, 0.1004, 1.6079, 0.2424
(3, 14): 0.5399, 0.1008, 1.5178, 0.2616
(3, 15): 0.5399, 0.1008, 1.5178, 0.2616
(3, 16): 0.3600, 0.1005, 1.9216, 0.2601
(3, 17): 0.4442, 0.1015, 1.7523, 0.3576
(3, 18): 0.4442, 0.1015, 1.7523, 0.3576
(3, 19): 0.4196, 0.1004, 1.7554, 0.2815
(3, 20): 0.5427, 0.1003, 1.5599, 0.3040
(3, 21): 0.4083, 0.1001, 2.1641, 0.3069
(3, 22): 0.4083, 0.1001, 2.1641, 0.3069
(3, 23): 0.5063, 0.1018, 1.7072, 0.2855
(3, 24): 0.3473, 0.1004, 2.4924, 0.3391
(3, 25): 0.3473, 0.1004, 2.4924, 0.3391
(3, 26): 0.4196, 0.1014, 2.3435, 0.2402
(3, 27): 0.3204, 0.1026, 2.6036, 0.2467
(3, 28): 0.3788, 0.1001, 2.4046, 0.3029
(3, 29): 0.3788, 0.1001, 2.4046, 0.3029
(3, 30): 0.3229, 0.1001, 2.0768, 0.2786
(3, 31): 0.4511, 0.1006, 1.6430, 0.3232
(3, 32): 0.5285, 0.1018, 1.5242, 0.3228
(3, 33): 0.5285, 0.1018, 1.5242, 0.3228
(3, 34): 0.2875, 0.1011, 2.3369, 0.3214
(3, 35): 0.5132, 0.1004, 1.9203, 0.2783
(3, 36): 0.5132, 0.1004, 1.9203, 0.2783
(3, 37): 0.6158, 0.1005, 2.0661, 0.2428
(4, 1): 0.4812, 0.1000, 1.7334, 0.3250
(4, 2): 0.4812, 0.1000, 1.7334, 0.3250
(4, 3): 0.3973, 0.1008, 2.1528, 0.2906
(4, 4): 0.3973, 0.1008, 2.1528, 0.2906
(4, 5): 0.4384, 0.1000, 1.9852, 0.2808
(4, 6): 0.4426, 0.1000, 1.8455, 0.3040
(4, 7): 0.4251, 0.1019, 1.9370, 0.2710
(4, 8): 0.4251, 0.1019, 1.9370, 0.2710
(4, 9): 0.4102, 0.1003, 1.9565, 0.2547
(4, 10): 0.5783, 0.1002, 1.5574, 0.3123
(4, 11): 0.5783, 0.1002, 1.5574, 0.3123
(4, 12): 0.5791, 0.1002, 1.4712, 0.2967
(4, 13): 0.5028, 0.1006, 1.6893, 0.3167
(4, 14): 0.5541, 0.1000, 1.4812, 0.2301
(4, 15): 0.5541, 0.1000, 1.4812, 0.2301
(4, 16): 0.3635, 0.1013, 1.8989, 0.3025
(4, 17): 0.3750, 0.1005, 1.8232, 0.3196
(4, 18): 0.3750, 0.1005, 1.8232, 0.3196
(4, 19): 0.4124, 0.1005, 1.7792, 0.3076
(4, 20): 0.4025, 0.1004, 1.9747, 0.2721
(4, 21): 0.6365, 0.1009, 1.5701, 0.3268
(4, 22): 0.6365, 0.1009, 1.5701, 0.3268
(4, 23): 0.5493, 0.1003, 1.7257, 0.2960
(4, 24): 0.4406, 0.1009, 2.2002, 0.3293
(4, 25): 0.4406, 0.1009, 2.2002, 0.3293
(4, 26): 0.4755, 0.1021, 1.8929, 0.2909
(4, 27): 0.3413, 0.1004, 2.4209, 0.2884
(4, 28): 0.4376, 0.1001, 2.0711, 0.3522
(4, 29): 0.4376, 0.1001, 2.0711, 0.3522
(4, 30): 0.3966, 0.1019, 2.0408, 0.3351
(4, 31): 0.5777, 0.1000, 1.4719, 0.3337
(4, 32): 0.4895, 0.1001, 1.7059, 0.3054
(4, 33): 0.4895, 0.1001, 1.7059, 0.3054
(4, 34): 0.2458, 0.1019, 2.7768, 0.3312
(4, 35): 0.7191, 0.1008, 1.4940, 0.2873
(4, 36): 0.7191, 0.1008, 1.4940, 0.2873
(4, 37): 0.6158, 0.1005, 2.0661, 0.2428
(5, 1): 0.4812, 0.1000, 1.7334, 0.3250
(5, 2): 0.4812, 0.1000, 1.7334, 0.3250
(5, 3): 0.4019, 0.1001, 2.0682, 0.2692
(5, 4): 0.4019, 0.1001, 2.0682, 0.2692
(5, 5): 0.3057, 0.1005, 2.3567, 0.3623
(5, 6): 0.4717, 0.1011, 1.6846, 0.2696
(5, 7): 0.4121, 0.1006, 1.8967, 0.3326
(5, 8): 0.4121, 0.1006, 1.8967, 0.3326
(5, 9): 0.4443, 0.1001, 1.8317, 0.3207
(5, 10): 0.4814, 0.1002, 1.7301, 0.3091
(5, 11): 0.4814, 0.1002, 1.7301, 0.3091
(5, 12): 0.5214, 0.1007, 1.5473, 0.2884
(5, 13): 0.5168, 0.1000, 1.5450, 0.3134
(5, 14): 0.5057, 0.1001, 1.5371, 0.2808
(5, 15): 0.5057, 0.1001, 1.5371, 0.2808
(5, 16): 0.3781, 0.1003, 1.8626, 0.3181
(5, 17): 0.4194, 0.1005, 1.7785, 0.2732
(5, 18): 0.4194, 0.1005, 1.7785, 0.2732
(5, 19): 0.4563, 0.1011, 1.6869, 0.2877
(5, 20): 0.3980, 0.1009, 2.2101, 0.3605
(5, 21): 0.4335, 0.1003, 2.1218, 0.3609
(5, 22): 0.4335, 0.1003, 2.1218, 0.3609
(5, 23): 0.5124, 0.1012, 1.8712, 0.3504
(5, 24): 0.4648, 0.1001, 1.9928, 0.3750
(5, 25): 0.4648, 0.1001, 1.9928, 0.3750
(5, 26): 0.4555, 0.1008, 1.9499, 0.3156
(5, 27): 0.4840, 0.1003, 1.7264, 0.3301
(5, 28): 0.4708, 0.1000, 2.0166, 0.3243
(5, 29): 0.4708, 0.1000, 2.0166, 0.3243
(5, 30): 0.5191, 0.1007, 1.7849, 0.3069
(5, 31): 0.5384, 0.1016, 1.7291, 0.3004
(5, 32): 0.5384, 0.1016, 1.7291, 0.3004
(5, 33): 0.4378, 0.1004, 2.1333, 0.3344
(5, 34): 0.4110, 0.1004, 2.4318, 0.3496
(5, 35): 0.5491, 0.1002, 2.3010, 0.2699
(5, 36): 0.5491, 0.1002, 2.3010, 0.2699
(5, 37): 0.3119, 0.1002, 3.6235, 0.2409
(6, 1): 0.4591, 0.1005, 1.6784, 0.3210
(6, 2): 0.4591, 0.1005, 1.6784, 0.3210
(6, 3): 0.3621, 0.1004, 2.0983, 0.2949
(6, 4): 0.3621, 0.1004, 2.0983, 0.2949
(6, 5): 0.4330, 0.1004, 1.8751, 0.3018
(6, 6): 0.4429, 0.1001, 1.7661, 0.2743
(6, 7): 0.4753, 0.1020, 1.7185, 0.2736
(6, 8): 0.4753, 0.1020, 1.7185, 0.2736
(6, 9): 0.4813, 0.1002, 1.6469, 0.3080
(6, 10): 0.4532, 0.1001, 1.7794, 0.3384
(6, 11): 0.4532, 0.1001, 1.7794, 0.3384
(6, 12): 0.6266, 0.1010, 1.3411, 0.2587
(6, 13): 0.5694, 0.1003, 1.5664, 0.3279
(6, 14): 0.5403, 0.1002, 1.5128, 0.3127
(6, 15): 0.5403, 0.1002, 1.5128, 0.3127
(6, 16): 0.4395, 0.1009, 1.7620, 0.3283
(6, 17): 0.4533, 0.1017, 1.7016, 0.3174
(6, 18): 0.4533, 0.1017, 1.7016, 0.3174
(6, 19): 0.5480, 0.1004, 1.4954, 0.2938
(6, 20): 0.5697, 0.1002, 1.7150, 0.3076
(6, 21): 0.3969, 0.1004, 2.2576, 0.2996
(6, 22): 0.3969, 0.1004, 2.2576, 0.2996
(6, 23): 0.4786, 0.1001, 1.9083, 0.3174
(6, 24): 0.4697, 0.1013, 1.8240, 0.3319
(6, 25): 0.4697, 0.1013, 1.8240, 0.3319
(6, 26): 0.4779, 0.1003, 1.7991, 0.3424
(6, 27): 0.6572, 0.1007, 1.4018, 0.3065
(6, 28): 0.5222, 0.1008, 1.9099, 0.3152
(6, 29): 0.5222, 0.1008, 1.9099, 0.3152
(6, 30): 0.5887, 0.1002, 1.5686, 0.3380
(6, 31): 0.4697, 0.1011, 1.9092, 0.3207
(6, 32): 0.4697, 0.1011, 1.9092, 0.3207
(6, 33): 0.4707, 0.1006, 2.0040, 0.3326
(6, 34): 0.6135, 0.1007, 1.9108, 0.2641
(6, 35): 0.5988, 0.1014, 2.3278, 0.2634
(6, 36): 0.5988, 0.1014, 2.3278, 0.2634
(6, 37): 0.5491, 0.1003, 2.6671, 0.2703
(7, 1): 0.5508, 0.1005, 1.4325, 0.2949
(7, 2): 0.5508, 0.1005, 1.4325, 0.2949
(7, 3): 0.5164, 0.1004, 1.5682, 0.3217
(7, 4): 0.4797, 0.1003, 1.6242, 0.2616
(7, 5): 0.4797, 0.1003, 1.6242, 0.2616
(7, 6): 0.4719, 0.1006, 1.7204, 0.2583
(7, 7): 0.4060, 0.1006, 1.9163, 0.2511
(7, 8): 0.4060, 0.1006, 1.9163, 0.2511
(7, 9): 0.5440, 0.1021, 1.5531, 0.3257
(7, 10): 0.5525, 0.1007, 1.5416, 0.3286
(7, 11): 0.5691, 0.1000, 1.4861, 0.2764
(7, 12): 0.5691, 0.1000, 1.4861, 0.2764
(7, 13): 0.5254, 0.1009, 1.7590, 0.3486
(7, 14): 0.4940, 0.1006, 1.6614, 0.3004
(7, 15): 0.4940, 0.1006, 1.6614, 0.3004
(7, 16): 0.4951, 0.1011, 1.6705, 0.2659
(7, 17): 0.5355, 0.1005, 1.5424, 0.2714
(7, 18): 0.5355, 0.1005, 1.5424, 0.2714
(7, 19): 0.5311, 0.1008, 1.5640, 0.2967
(7, 20): 0.3732, 0.1006, 2.4509, 0.3188
(7, 21): 0.4261, 0.1001, 2.1241, 0.2815
(7, 22): 0.4261, 0.1001, 2.1241, 0.2815
(7, 23): 0.3880, 0.1000, 2.1412, 0.3098
(7, 24): 0.4023, 0.1012, 2.0500, 0.3163
(7, 25): 0.4023, 0.1012, 2.0500, 0.3163
(7, 26): 0.5631, 0.1011, 1.5649, 0.3217
(7, 27): 0.6384, 0.1003, 1.4649, 0.3149
(7, 28): 0.5558, 0.1002, 1.7687, 0.3185
(7, 29): 0.5558, 0.1002, 1.7687, 0.3185
(7, 30): 0.6428, 0.1007, 1.4989, 0.3120
(7, 31): 0.5205, 0.1006, 1.9383, 0.3138
(7, 32): 0.5205, 0.1006, 1.9383, 0.3138
(7, 33): 0.4306, 0.1001, 2.3496, 0.3232
(7, 34): 0.5063, 0.1006, 2.5334, 0.2906
(7, 35): 0.4605, 0.1005, 3.0445, 0.2888
(7, 36): 0.4605, 0.1005, 3.0445, 0.2888
(7, 37): 0.4233, 0.1000, 3.3588, 0.2830
(8, 1): 0.4862, 0.1003, 1.5974, 0.2467
(8, 2): 0.4862, 0.1003, 1.5974, 0.2467
(8, 3): 0.5036, 0.1002, 1.4725, 0.2649
(8, 4): 0.5527, 0.1007, 1.5232, 0.2928
(8, 5): 0.5527, 0.1007, 1.5232, 0.2928
(8, 6): 0.4808, 0.1003, 1.7961, 0.3130
(8, 7): 0.4776, 0.1001, 1.7194, 0.2793
(8, 8): 0.4776, 0.1001, 1.7194, 0.2793
(8, 9): 0.5359, 0.1002, 1.7212, 0.3159
(8, 10): 0.5587, 0.1008, 1.6577, 0.3134
(8, 11): 0.4631, 0.1005, 1.7003, 0.3087
(8, 12): 0.4631, 0.1005, 1.7003, 0.3087
(8, 13): 0.4658, 0.1002, 1.7717, 0.3283
(8, 14): 0.4559, 0.1002, 1.7798, 0.3134
(8, 15): 0.4559, 0.1002, 1.7798, 0.3134
(8, 16): 0.4220, 0.1014, 1.9226, 0.3304
(8, 17): 0.4903, 0.1007, 1.6873, 0.2732
(8, 18): 0.4903, 0.1007, 1.6873, 0.2732
(8, 19): 0.4823, 0.1000, 1.8825, 0.3522
(8, 20): 0.5241, 0.1000, 1.8908, 0.2957
(8, 21): 0.4376, 0.1002, 2.0019, 0.3221
(8, 22): 0.4376, 0.1002, 2.0019, 0.3221
(8, 23): 0.5034, 0.1008, 1.8256, 0.2935
(8, 24): 0.4558, 0.1001, 1.9409, 0.3308
(8, 25): 0.4558, 0.1001, 1.9409, 0.3308
(8, 26): 0.5009, 0.1007, 1.8343, 0.3058
(8, 27): 0.4725, 0.1004, 1.9414, 0.3330
(8, 28): 0.5081, 0.1007, 1.8351, 0.3301
(8, 29): 0.5081, 0.1007, 1.8351, 0.3301
(8, 30): 0.6278, 0.1002, 1.5942, 0.3217
(8, 31): 0.5847, 0.1009, 1.8117, 0.3185
(8, 32): 0.5847, 0.1009, 1.8117, 0.3185
(8, 33): 0.4992, 0.1015, 2.2115, 0.3330
(8, 34): 0.4050, 0.1003, 2.9137, 0.2290
(8, 35): 0.4675, 0.1002, 2.6922, 0.2380
(8, 36): 0.4675, 0.1002, 2.6922, 0.2380
(8, 37): 0.3870, 0.1022, 2.9810, 0.3217
(17, 1): 0.3039, 0.1006, 2.3133, 0.2808
(17, 2): 0.3039, 0.1006, 2.3133, 0.2808
(17, 3): 0.4397, 0.1017, 1.9549, 0.2978
(17, 4): 0.4295, 0.1004, 2.0006, 0.2380
(17, 5): 0.4295, 0.1004, 2.0006, 0.2380
(17, 6): 0.1392, 0.1018, 3.5284, 0.2417
(17, 7): 0.1999, 0.1001, 3.2372, 0.2540
(17, 8): 0.2755, 0.1020, 2.9250, 0.2496
(17, 9): 0.2755, 0.1020, 2.9250, 0.2496
(17, 10): 0.3870, 0.1001, 2.3955, 0.3554
(17, 11): 0.5051, 0.1004, 1.9124, 0.3264
(17, 12): 0.5051, 0.1004, 1.9124, 0.3264
(17, 13): 0.4836, 0.1007, 2.0542, 0.2996
(17, 14): 0.4532, 0.1005, 2.2300, 0.2783
(17, 15): 0.4532, 0.1005, 2.2300, 0.2783
(17, 16): 0.5435, 0.1001, 1.8430, 0.2946
(17, 17): 0.5126, 0.1016, 1.9244, 0.2728
(17, 18): 0.5852, 0.1008, 1.7414, 0.3062
(17, 19): 0.5852, 0.1008, 1.7414, 0.3062
(17, 20): 0.6358, 0.1001, 1.6443, 0.2913
(17, 21): 0.6223, 0.1009, 1.5697, 0.3025
(17, 22): 0.6223, 0.1009, 1.5697, 0.3025
(17, 23): 0.5698, 0.1005, 1.7422, 0.3000
(17, 24): 0.6078, 0.1004, 1.7305, 0.2957
(17, 25): 0.6078, 0.1004, 1.7305, 0.2957
(17, 26): 0.5063, 0.1000, 2.0981, 0.3004
(17, 27): 0.6143, 0.1002, 1.6424, 0.3178
(17, 28): 0.3921, 0.1001, 2.2780, 0.3167
(17, 29): 0.3921, 0.1001, 2.2780, 0.3167
(17, 30): 0.4257, 0.1006, 2.0782, 0.3442
(17, 31): 0.5294, 0.1007, 1.7821, 0.3167
(17, 32): 0.5294, 0.1007, 1.7821, 0.3167
(17, 33): 0.4432, 0.1006, 2.1300, 0.3337
(17, 34): 0.4006, 0.1009, 2.2565, 0.2761
(17, 35): 0.4006, 0.1009, 2.2565, 0.2761
(17, 36): 0.4238, 0.1005, 2.1247, 0.2931
(17, 37): 0.2853, 0.1014, 2.6486, 0.2471
(18, 1): 0.4352, 0.1022, 1.9152, 0.2902
(18, 2): 0.4352, 0.1022, 1.9152, 0.2902
(18, 3): 0.4012, 0.1001, 2.1602, 0.2899
(18, 4): 0.1523, 0.1009, 3.5200, 0.2442
(18, 5): 0.1991, 0.1001, 3.2122, 0.2478
(18, 6): 0.1991, 0.1001, 3.2122, 0.2478
(18, 7): 0.4023, 0.1001, 2.3123, 0.3417
(18, 8): 0.4135, 0.1017, 2.2827, 0.3518
(18, 9): 0.4135, 0.1017, 2.2827, 0.3518
(18, 10): 0.5031, 0.1009, 1.8466, 0.3083
(18, 11): 0.5410, 0.1007, 1.7980, 0.3145
(18, 12): 0.5410, 0.1007, 1.7980, 0.3145
(18, 13): 0.5051, 0.1019, 1.9035, 0.3333
(18, 14): 0.4356, 0.1004, 2.0451, 0.3236
(18, 15): 0.4356, 0.1004, 2.0451, 0.3236
(18, 16): 0.5196, 0.1006, 1.8841, 0.2601
(18, 17): 0.6410, 0.1018, 1.6171, 0.3304
(18, 18): 0.5738, 0.1003, 1.7241, 0.3029
(18, 19): 0.5738, 0.1003, 1.7241, 0.3029
(18, 20): 0.6198, 0.1005, 1.6860, 0.2902
(18, 21): 0.5959, 0.1001, 1.6955, 0.2880
(18, 22): 0.5959, 0.1001, 1.6955, 0.2880
(18, 23): 0.5105, 0.1009, 2.0285, 0.2779
(18, 24): 0.5794, 0.1001, 1.8774, 0.3217
(18, 25): 0.5794, 0.1001, 1.8774, 0.3217
(18, 26): 0.6443, 0.1004, 1.7213, 0.3507
(18, 27): 0.6042, 0.1002, 1.6776, 0.3210
(18, 28): 0.6042, 0.1002, 1.6776, 0.3210
(18, 29): 0.5363, 0.1014, 1.8285, 0.3663
(18, 30): 0.5355, 0.1002, 1.8335, 0.2949
(18, 31): 0.5309, 0.1002, 1.8815, 0.3768
(18, 32): 0.5309, 0.1002, 1.8815, 0.3768
(18, 33): 0.4373, 0.1002, 2.2405, 0.2880
(18, 34): 0.3764, 0.1002, 2.3533, 0.3098
(18, 35): 0.3764, 0.1002, 2.3533, 0.3098
(18, 36): 0.3795, 0.1012, 2.2934, 0.2906
(18, 37): 0.3744, 0.1001, 2.1941, 0.3109
(19, 1): 0.2837, 0.1001, 1.8557, 0.2917
(19, 2): 0.2837, 0.1001, 1.8557, 0.2917
(19, 3): 0.1684, 0.1003, 3.4389, 0.2007
(19, 4): 0.2673, 0.1002, 2.9888, 0.2196
(19, 5): 0.3999, 0.1003, 2.3206, 0.3004
(19, 6): 0.3999, 0.1003, 2.3206, 0.3004
(19, 7): 0.4934, 0.1004, 1.8891, 0.2373
(19, 8): 0.5201, 0.1011, 1.8544, 0.3025
(19, 9): 0.5201, 0.1011, 1.8544, 0.3025
(19, 10): 0.4878, 0.1002, 1.9740, 0.3435
(19, 11): 0.5023, 0.1004, 1.7967, 0.3145
(19, 12): 0.5023, 0.1004, 1.7967, 0.3145
(19, 13): 0.5370, 0.1008, 1.6878, 0.3330
(19, 14): 0.5268, 0.1003, 1.7263, 0.2808
(19, 15): 0.5268, 0.1003, 1.7263, 0.2808
(19, 16): 0.6334, 0.1000, 1.5754, 0.2616
(19, 17): 0.6329, 0.1013, 1.6457, 0.2975
(19, 18): 0.6339, 0.1003, 1.5781, 0.2551
(19, 19): 0.6339, 0.1003, 1.5781, 0.2551
(19, 20): 0.5373, 0.1012, 1.7061, 0.2862
(19, 21): 0.6382, 0.1004, 1.6432, 0.3004
(19, 22): 0.6382, 0.1004, 1.6432, 0.3004
(19, 23): 0.4818, 0.1003, 2.1415, 0.2779
(19, 24): 0.5134, 0.1003, 2.0692, 0.2692
(19, 25): 0.5134, 0.1003, 2.0692, 0.2692
(19, 26): 0.5401, 0.1003, 1.9852, 0.3141
(19, 27): 0.6101, 0.1001, 1.6041, 0.3264
(19, 28): 0.6101, 0.1001, 1.6041, 0.3264
(19, 29): 0.5551, 0.1016, 1.7397, 0.2942
(19, 30): 0.5462, 0.1003, 1.8218, 0.3268
(19, 31): 0.4046, 0.1001, 2.2389, 0.2801
(19, 32): 0.4046, 0.1001, 2.2389, 0.2801
(19, 33): 0.5036, 0.1002, 1.8733, 0.3156
(19, 34): 0.4329, 0.1009, 2.1009, 0.3141
(19, 35): 0.4329, 0.1009, 2.1009, 0.3141
(19, 36): 0.4677, 0.1001, 1.9322, 0.3199
(19, 37): 0.4017, 0.1015, 2.1099, 0.3268
(20, 1): 0.4396, 0.1015, 1.5525, 0.2844
(20, 2): 0.4396, 0.1015, 1.5525, 0.2844
(20, 3): 0.3937, 0.1012, 2.3001, 0.3181
(20, 4): 0.4065, 0.1008, 2.3037, 0.3232
(20, 5): 0.4498, 0.1000, 2.0090, 0.2500
(20, 6): 0.4498, 0.1000, 2.0090, 0.2500
(20, 7): 0.4980, 0.1001, 1.9331, 0.2982
(20, 8): 0.5732, 0.1011, 1.6509, 0.2591
(20, 9): 0.5732, 0.1011, 1.6509, 0.2591
(20, 10): 0.5458, 0.1007, 1.6852, 0.3000
(20, 11): 0.5686, 0.1003, 1.7139, 0.3163
(20, 12): 0.5686, 0.1003, 1.7139, 0.3163
(20, 13): 0.6097, 0.1013, 1.6271, 0.3159
(20, 14): 0.6736, 0.1001, 1.5223, 0.2906
(20, 15): 0.6736, 0.1001, 1.5223, 0.2906
(20, 16): 0.6070, 0.1001, 1.6756, 0.3083
(20, 17): 0.5546, 0.1005, 1.8122, 0.2402
(20, 18): 0.6170, 0.1000, 1.4836, 0.3170
(20, 19): 0.6170, 0.1000, 1.4836, 0.3170
(20, 20): 0.5528, 0.1006, 1.6718, 0.3275
(20, 21): 0.5907, 0.1012, 1.7142, 0.2656
(20, 22): 0.5907, 0.1012, 1.7142, 0.2656
(20, 23): 0.4875, 0.1010, 2.0788, 0.2964
(20, 24): 0.4816, 0.1010, 2.0667, 0.3181
(20, 25): 0.4816, 0.1010, 2.0667, 0.3181
(20, 26): 0.5403, 0.1000, 1.9054, 0.2996
(20, 27): 0.4849, 0.1005, 2.0739, 0.2543
(20, 28): 0.4849, 0.1005, 2.0739, 0.2543
(20, 29): 0.6360, 0.1001, 1.5771, 0.3112
(20, 30): 0.3119, 0.1005, 2.7042, 0.3464
(20, 31): 0.5964, 0.1000, 1.6153, 0.3471
(20, 32): 0.5964, 0.1000, 1.6153, 0.3471
(20, 33): 0.5230, 0.1003, 1.8452, 0.3283
(20, 34): 0.5348, 0.1012, 1.6878, 0.3203
(20, 35): 0.5348, 0.1012, 1.6878, 0.3203
(20, 36): 0.4592, 0.1005, 1.8990, 0.3109
(20, 37): 0.5186, 0.1010, 1.7292, 0.3322
(21, 1): 0.3776, 0.1016, 1.7463, 0.2681
(21, 2): 0.4878, 0.1002, 1.8039, 0.3025
(21, 3): 0.4878, 0.1002, 1.8039, 0.3025
(21, 4): 0.4896, 0.1017, 1.9838, 0.2725
(21, 5): 0.5255, 0.1000, 1.7532, 0.3043
(21, 6): 0.5255, 0.1000, 1.7532, 0.3043
(21, 7): 0.5779, 0.1000, 1.6348, 0.2819
(21, 8): 0.5826, 0.1001, 1.5730, 0.2790
(21, 9): 0.5826, 0.1001, 1.5730, 0.2790
(21, 10): 0.5929, 0.1002, 1.5301, 0.3210
(21, 11): 0.6044, 0.1014, 1.5545, 0.3225
(21, 12): 0.6044, 0.1014, 1.5545, 0.3225
(21, 13): 0.6224, 0.1004, 1.5114, 0.3486
(21, 14): 0.5890, 0.1003, 1.5489, 0.2859
(21, 15): 0.5890, 0.1003, 1.5489, 0.2859
(21, 16): 0.5541, 0.1001, 1.7654, 0.2964
(21, 17): 0.6141, 0.1001, 1.5904, 0.2902
(21, 18): 0.6183, 0.1001, 1.5957, 0.3112
(21, 19): 0.6183, 0.1001, 1.5957, 0.3112
(21, 20): 0.6179, 0.1007, 1.5987, 0.3663
(21, 21): 0.5947, 0.1003, 1.6565, 0.2971
(21, 22): 0.5947, 0.1003, 1.6565, 0.2971
(21, 23): 0.5623, 0.1002, 1.7143, 0.3536
(21, 24): 0.5216, 0.1009, 1.8985, 0.2848
(21, 25): 0.5216, 0.1009, 1.8985, 0.2848
(21, 26): 0.4938, 0.1013, 2.0596, 0.2920
(21, 27): 0.5736, 0.1001, 1.8403, 0.2978
(21, 28): 0.5736, 0.1001, 1.8403, 0.2978
(21, 29): 0.5652, 0.1001, 1.8673, 0.3178
(21, 30): 0.4114, 0.1001, 2.3154, 0.2982
(21, 31): 0.6707, 0.1019, 1.4331, 0.3232
(21, 32): 0.6707, 0.1019, 1.4331, 0.3232
(21, 33): 0.5850, 0.1011, 1.5649, 0.3326
(21, 34): 0.5816, 0.1011, 1.5363, 0.3409
(21, 35): 0.5816, 0.1011, 1.5363, 0.3409
(21, 36): 0.5186, 0.1004, 1.6613, 0.3232
(21, 37): 0.4115, 0.1011, 2.0242, 0.3703
(22, 1): 0.2790, 0.1003, 2.0103, 0.2844
(22, 2): 0.2982, 0.1007, 2.0262, 0.3254
(22, 3): 0.2982, 0.1007, 2.0262, 0.3254
(22, 4): 0.5708, 0.1004, 1.6904, 0.2899
(22, 5): 0.5576, 0.1025, 1.6596, 0.2837
(22, 6): 0.5576, 0.1025, 1.6596, 0.2837
(22, 7): 0.5804, 0.1002, 1.6049, 0.2862
(22, 8): 0.5738, 0.1016, 1.6110, 0.2786
(22, 9): 0.5738, 0.1016, 1.6110, 0.2786
(22, 10): 0.5901, 0.1001, 1.5556, 0.2703
(22, 11): 0.5977, 0.1019, 1.5557, 0.2681
(22, 12): 0.5977, 0.1019, 1.5557, 0.2681
(22, 13): 0.6239, 0.1011, 1.5011, 0.3159
(22, 14): 0.5691, 0.1006, 1.5716, 0.2844
(22, 15): 0.4950, 0.1008, 1.7623, 0.2975
(22, 16): 0.4950, 0.1008, 1.7623, 0.2975
(22, 17): 0.4917, 0.1003, 1.8591, 0.2931
(22, 18): 0.6291, 0.1007, 1.5196, 0.2641
(22, 19): 0.6291, 0.1007, 1.5196, 0.2641
(22, 20): 0.7205, 0.1003, 1.3146, 0.2699
(22, 21): 0.8530, 0.1002, 1.0271, 0.3460
(22, 22): 0.8530, 0.1002, 1.0271, 0.3460
(22, 23): 0.6794, 0.1002, 1.4464, 0.2627
(22, 24): 0.7072, 0.1009, 1.4621, 0.2775
(22, 25): 0.7072, 0.1009, 1.4621, 0.2775
(22, 26): 0.6041, 0.1022, 1.7257, 0.2949
(22, 27): 0.5592, 0.1000, 1.8834, 0.3185
(22, 28): 0.5592, 0.1000, 1.8834, 0.3185
(22, 29): 0.6900, 0.1008, 1.5363, 0.2960
(22, 30): 0.6210, 0.1001, 1.7046, 0.3254
(22, 31): 0.5462, 0.1008, 1.8786, 0.3058
(22, 32): 0.5462, 0.1008, 1.8786, 0.3058
(22, 33): 0.4389, 0.1014, 2.1430, 0.3667
(22, 34): 0.3919, 0.1039, 2.1048, 0.3696
(22, 35): 0.3919, 0.1039, 2.1048, 0.3696
(22, 36): 0.4439, 0.1008, 1.8321, 0.3616
(22, 37): 0.2316, 0.1000, 2.7552, 0.3029
(23, 1): 0.2394, 0.1008, 2.1098, 0.2833
(23, 2): 0.2556, 0.1002, 1.9892, 0.2754
(23, 3): 0.2556, 0.1002, 1.9892, 0.2754
(23, 4): 0.5624, 0.1004, 1.6465, 0.2877
(23, 5): 0.5847, 0.1001, 1.5916, 0.2736
(23, 6): 0.5847, 0.1001, 1.5916, 0.2736
(23, 7): 0.5771, 0.1003, 1.6303, 0.2779
(23, 8): 0.5769, 0.1012, 1.6117, 0.2717
(23, 9): 0.5769, 0.1012, 1.6117, 0.2717
(23, 10): 0.5787, 0.1003, 1.5884, 0.2710
(23, 11): 0.4451, 0.1006, 1.8562, 0.2210
(23, 12): 0.4451, 0.1006, 1.8562, 0.2210
(23, 13): 0.4449, 0.1001, 1.8647, 0.3062
(23, 14): 0.4751, 0.1001, 1.7445, 0.2975
(23, 15): 0.4711, 0.1013, 1.7174, 0.2562
(23, 16): 0.4711, 0.1013, 1.7174, 0.2562
(23, 17): 0.5073, 0.1007, 1.8085, 0.2645
(23, 18): 0.7323, 0.1008, 1.3205, 0.2663
(23, 19): 0.7323, 0.1008, 1.3205, 0.2663
(23, 20): 0.6777, 0.1007, 1.3778, 0.2870
(23, 21): 0.8529, 0.1006, 1.0093, 0.2848
(23, 22): 0.8529, 0.1006, 1.0093, 0.2848
(23, 23): 0.5743, 0.1000, 1.7130, 0.3638
(23, 24): 0.6832, 0.1006, 1.5274, 0.2826
(23, 25): 0.6832, 0.1006, 1.5274, 0.2826
(23, 26): 0.4435, 0.1001, 2.2189, 0.3547
(23, 27): 0.5771, 0.1001, 1.7890, 0.2761
(23, 28): 0.5771, 0.1001, 1.7890, 0.2761
(23, 29): 0.6658, 0.1005, 1.6965, 0.2891
(23, 30): 0.4945, 0.1015, 2.1063, 0.2873
(23, 31): 0.4397, 0.1002, 2.2945, 0.2442
(23, 32): 0.4397, 0.1002, 2.2945, 0.2442
(23, 33): 0.5332, 0.1008, 1.7669, 0.3014
(23, 34): 0.3907, 0.1013, 2.0570, 0.3011
(23, 35): 0.3907, 0.1013, 2.0570, 0.3011
(23, 36): 0.3818, 0.1010, 2.0713, 0.3482
(23, 37): 0.3169, 0.1002, 2.4006, 0.2924
(24, 1): 0.2807, 0.1011, 1.9590, 0.2685
(24, 2): 0.2952, 0.1002, 1.8767, 0.2337
(24, 3): 0.2952, 0.1002, 1.8767, 0.2337
(24, 4): 0.5768, 0.1006, 1.5986, 0.3120
(24, 5): 0.4346, 0.1005, 1.7005, 0.2953
(24, 6): 0.4346, 0.1005, 1.7005, 0.2953
(24, 7): 0.4172, 0.1009, 1.7740, 0.3116
(24, 8): 0.4233, 0.1012, 1.7295, 0.3116
(24, 9): 0.4233, 0.1012, 1.7295, 0.3116
(24, 10): 0.4521, 0.1006, 1.6768, 0.2460
(24, 11): 0.4446, 0.1001, 1.6850, 0.2960
(24, 12): 0.4446, 0.1001, 1.6850, 0.2960
(24, 13): 0.4449, 0.1001, 1.8647, 0.3062
(24, 14): 0.4751, 0.1001, 1.7445, 0.2975
(24, 15): 0.4711, 0.1013, 1.7174, 0.2562
(24, 16): 0.4711, 0.1013, 1.7174, 0.2562
(24, 17): 0.5073, 0.1007, 1.8085, 0.2645
(24, 18): 0.7323, 0.1008, 1.3205, 0.2663
(24, 19): 0.7323, 0.1008, 1.3205, 0.2663
(24, 20): 0.6777, 0.1007, 1.3778, 0.2870
(24, 21): 0.8529, 0.1006, 1.0093, 0.2848
(24, 22): 0.8529, 0.1006, 1.0093, 0.2848
(24, 23): 0.5743, 0.1000, 1.7130, 0.3638
(24, 24): 0.6832, 0.1006, 1.5274, 0.2826
(24, 25): 0.6832, 0.1006, 1.5274, 0.2826
(24, 26): 0.4435, 0.1001, 2.2189, 0.3547
(24, 27): 0.5771, 0.1001, 1.7890, 0.2761
(24, 28): 0.5771, 0.1001, 1.7890, 0.2761
(24, 29): 0.6658, 0.1005, 1.6965, 0.2891
(24, 30): 0.4945, 0.1015, 2.1063, 0.2873
(24, 31): 0.4082, 0.1018, 2.4082, 0.2913
(24, 32): 0.5089, 0.1011, 1.9443, 0.3123
(24, 33): 0.3831, 0.1005, 2.2902, 0.2888
(24, 34): 0.4013, 0.1001, 1.9644, 0.3112
(24, 35): 0.4013, 0.1001, 1.9644, 0.3112
(24, 36): 0.3304, 0.1006, 2.2827, 0.2272
(24, 37): 0.4314, 0.1001, 2.0157, 0.3120
(25, 1): 0.2517, 0.1004, 2.0557, 0.2783
(25, 2): 0.2816, 0.1004, 1.9335, 0.2717
(25, 3): 0.2816, 0.1004, 1.9335, 0.2717
(25, 4): 0.3699, 0.1007, 1.9662, 0.2888
(25, 5): 0.3714, 0.1021, 1.9484, 0.3272
(25, 6): 0.3714, 0.1021, 1.9484, 0.3272
(25, 7): 0.4172, 0.1009, 1.7740, 0.3116
(25, 8): 0.4233, 0.1012, 1.7295, 0.3116
(25, 9): 0.4233, 0.1012, 1.7295, 0.3116
(25, 10): 0.4521, 0.1006, 1.6768, 0.2460
(25, 11): 0.4446, 0.1001, 1.6850, 0.2960
(25, 12): 0.4446, 0.1001, 1.6850, 0.2960
(25, 13): 0.4838, 0.1005, 1.5900, 0.2663
(25, 14): 0.4945, 0.1014, 1.5657, 0.2848
(25, 15): 0.4842, 0.1001, 1.5694, 0.2605
(25, 16): 0.4842, 0.1001, 1.5694, 0.2605
(25, 17): 0.5592, 0.1009, 1.5974, 0.3203
(25, 18): 0.6463, 0.1001, 1.4616, 0.3145
(25, 19): 0.6463, 0.1001, 1.4616, 0.3145
(25, 20): 0.5252, 0.1001, 1.6978, 0.3174
(25, 21): 0.5392, 0.1002, 1.6791, 0.3127
(25, 22): 0.5392, 0.1002, 1.6791, 0.3127
(25, 23): 0.6308, 0.1001, 1.4944, 0.3047
(25, 24): 0.7342, 0.1000, 1.3177, 0.3275
(25, 25): 0.7342, 0.1000, 1.3177, 0.3275
(25, 26): 0.4886, 0.1018, 2.0216, 0.2591
(25, 27): 0.6503, 0.1004, 1.4957, 0.2967
(25, 28): 0.6503, 0.1004, 1.4957, 0.2967
(25, 29): 0.6233, 0.1006, 1.6374, 0.2804
(25, 30): 0.4082, 0.1018, 2.4082, 0.2913
(25, 31): 0.4082, 0.1018, 2.4082, 0.2913
(25, 32): 0.5089, 0.1011, 1.9443, 0.3123
(25, 33): 0.3831, 0.1005, 2.2902, 0.2888
(25, 34): 0.4013, 0.1001, 1.9644, 0.3112
(25, 35): 0.4013, 0.1001, 1.9644, 0.3112
(25, 36): 0.3304, 0.1006, 2.2827, 0.2272
(25, 37): 0.5290, 0.1004, 1.7554, 0.2601
(26, 1): 0.2764, 0.1003, 1.9515, 0.2659
(26, 2): 0.2816, 0.1004, 1.9335, 0.2717
(26, 3): 0.2816, 0.1004, 1.9335, 0.2717
(26, 4): 0.3699, 0.1007, 1.9662, 0.2888
(26, 5): 0.3714, 0.1021, 1.9484, 0.3272
(26, 6): 0.3714, 0.1021, 1.9484, 0.3272
(26, 7): 0.4005, 0.1010, 1.8848, 0.2380
(26, 8): 0.3690, 0.1013, 1.9782, 0.2399
(26, 9): 0.3690, 0.1013, 1.9782, 0.2399
(26, 10): 0.4135, 0.1000, 1.8759, 0.2348
(26, 11): 0.4377, 0.1007, 1.7931, 0.2362
(26, 12): 0.4377, 0.1007, 1.7931, 0.2362
(26, 13): 0.3933, 0.1012, 1.8783, 0.2409
(26, 14): 0.4096, 0.1012, 1.8462, 0.2435
(26, 15): 0.4750, 0.1011, 1.6735, 0.2917
(26, 16): 0.4750, 0.1011, 1.6735, 0.2917
(26, 17): 0.5529, 0.1002, 1.4499, 0.2768
(26, 18): 0.5256, 0.1009, 1.4976, 0.2725
(26, 19): 0.5256, 0.1009, 1.4976, 0.2725
(26, 20): 0.7449, 0.1001, 1.1763, 0.3239
(26, 21): 0.7268, 0.1001, 1.2255, 0.3319
(26, 22): 0.7268, 0.1001, 1.2255, 0.3319
(26, 23): 0.6320, 0.1002, 1.5107, 0.2786
(26, 24): 0.6474, 0.1000, 1.4275, 0.3609
(26, 25): 0.6474, 0.1000, 1.4275, 0.3609
(26, 26): 0.5884, 0.1003, 1.7117, 0.3170
(26, 27): 0.6241, 0.1003, 1.5443, 0.2935
(26, 28): 0.6241, 0.1003, 1.5443, 0.2935
(26, 29): 0.5353, 0.1011, 1.8491, 0.3333
(26, 30): 0.5792, 0.1011, 1.6990, 0.3130
(26, 31): 0.5792, 0.1011, 1.6990, 0.3130
(26, 32): 0.5220, 0.1001, 1.8293, 0.2967
(26, 33): 0.4680, 0.1006, 1.8389, 0.2938
(26, 34): 0.3357, 0.1009, 2.2404, 0.3091
(26, 35): 0.3357, 0.1009, 2.2404, 0.3091
(26, 36): 0.5594, 0.1006, 1.4935, 0.2928
(26, 37): 0.5290, 0.1004, 1.7554, 0.2601
(27, 1): 0.2764, 0.1003, 1.9515, 0.2659
(27, 2): 0.3351, 0.1004, 1.8657, 0.2924
(27, 3): 0.3351, 0.1004, 1.8657, 0.2924
(27, 4): 0.3847, 0.1008, 1.8967, 0.3065
(27, 5): 0.3822, 0.1010, 1.9087, 0.2478
(27, 6): 0.3822, 0.1010, 1.9087, 0.2478
(27, 7): 0.4049, 0.1004, 1.8441, 0.2348
(27, 8): 0.4201, 0.1000, 1.8126, 0.2359
(27, 9): 0.4201, 0.1000, 1.8126, 0.2359
(27, 10): 0.4388, 0.1000, 1.7825, 0.2946
(27, 11): 0.4478, 0.1003, 1.7692, 0.2337
(27, 12): 0.4370, 0.1004, 1.7915, 0.3011
(27, 13): 0.4370, 0.1004, 1.7915, 0.3011
(27, 14): 0.4919, 0.1004, 1.6482, 0.2957
(27, 15): 0.6752, 0.1011, 1.2472, 0.2572
(27, 16): 0.6752, 0.1011, 1.2472, 0.2572
(27, 17): 0.6788, 0.1002, 1.2473, 0.2623
(27, 18): 0.6886, 0.1007, 1.2084, 0.2652
(27, 19): 0.6886, 0.1007, 1.2084, 0.2652
(27, 20): 0.7254, 0.1001, 1.2756, 0.2518
(27, 21): 0.7097, 0.1002, 1.2825, 0.3141
(27, 22): 0.7097, 0.1002, 1.2825, 0.3141
(27, 23): 0.6283, 0.1010, 1.5554, 0.3380
(27, 24): 0.5842, 0.1018, 1.5644, 0.2935
(27, 25): 0.5842, 0.1018, 1.5644, 0.2935
(27, 26): 0.4714, 0.1006, 1.9841, 0.2757
(27, 27): 0.5719, 0.1008, 1.6747, 0.2844
(27, 28): 0.5719, 0.1008, 1.6747, 0.2844
(27, 29): 0.5047, 0.1004, 1.8845, 0.3413
(27, 30): 0.5379, 0.1003, 1.7245, 0.3221
(27, 31): 0.5379, 0.1003, 1.7245, 0.3221
(27, 32): 0.4720, 0.1011, 2.0644, 0.3076
(27, 33): 0.5243, 0.1014, 1.7789, 0.3192
(27, 34): 0.5243, 0.1014, 1.7789, 0.3192
(27, 35): 0.5084, 0.1002, 1.7682, 0.3268
(27, 36): 0.4896, 0.1001, 1.7445, 0.3123
(27, 37): 0.4173, 0.1004, 2.0384, 0.3457
(28, 1): 0.2551, 0.1007, 2.0012, 0.2884
(28, 2): 0.2935, 0.1014, 1.9544, 0.2891
(28, 3): 0.2935, 0.1014, 1.9544, 0.2891
(28, 4): 0.3766, 0.1012, 1.9122, 0.2652
(28, 5): 0.3929, 0.1006, 1.8745, 0.2707
(28, 6): 0.3929, 0.1006, 1.8745, 0.2707
(28, 7): 0.4026, 0.1004, 1.8614, 0.2475
(28, 8): 0.4133, 0.1003, 1.8589, 0.2417
(28, 9): 0.4133, 0.1003, 1.8589, 0.2417
(28, 10): 0.4463, 0.1004, 1.7884, 0.2348
(28, 11): 0.5512, 0.1007, 1.5395, 0.3130
(28, 12): 0.5681, 0.1002, 1.4828, 0.3156
(28, 13): 0.5681, 0.1002, 1.4828, 0.3156
(28, 14): 0.7025, 0.1014, 1.2099, 0.2533
(28, 15): 0.6524, 0.1009, 1.3093, 0.2558
(28, 16): 0.6524, 0.1009, 1.3093, 0.2558
(28, 17): 0.6568, 0.1000, 1.2897, 0.2627
(28, 18): 0.7488, 0.1002, 1.1354, 0.3134
(28, 19): 0.7488, 0.1002, 1.1354, 0.3134
(28, 20): 0.7863, 0.1002, 1.1570, 0.3069
(28, 21): 0.7815, 0.1010, 1.1161, 0.2895
(28, 22): 0.7815, 0.1010, 1.1161, 0.2895
(28, 23): 0.7417, 0.1003, 1.2005, 0.2815
(28, 24): 0.6400, 0.1000, 1.4131, 0.2743
(28, 25): 0.6400, 0.1000, 1.4131, 0.2743
(28, 26): 0.5396, 0.1003, 1.7104, 0.3029
(28, 27): 0.5747, 0.1000, 1.5954, 0.2844
(28, 28): 0.5747, 0.1000, 1.5954, 0.2844
(28, 29): 0.5236, 0.1002, 1.6988, 0.3018
(28, 30): 0.5453, 0.1017, 1.6902, 0.3330
(28, 31): 0.5453, 0.1017, 1.6902, 0.3330
(28, 32): 0.3882, 0.1010, 2.1552, 0.2420
(28, 33): 0.5257, 0.1005, 1.7570, 0.2986
(28, 34): 0.5257, 0.1005, 1.7570, 0.2986
(28, 35): 0.5032, 0.1003, 1.8494, 0.2514
(28, 36): 0.6165, 0.1014, 1.4011, 0.3232
(28, 37): 0.5379, 0.1015, 1.6112, 0.3743
(29, 1): 0.2733, 0.1000, 1.9633, 0.2736
(29, 2): 0.2860, 0.1019, 2.0089, 0.2920
(29, 3): 0.2860, 0.1019, 2.0089, 0.2920
(29, 4): 0.3524, 0.1011, 1.9993, 0.2746
(29, 5): 0.3493, 0.1003, 1.9987, 0.3442
(29, 6): 0.3493, 0.1003, 1.9987, 0.3442
(29, 7): 0.3798, 0.1006, 1.9358, 0.2739
(29, 8): 0.4837, 0.1001, 1.6996, 0.3366
(29, 9): 0.5752, 0.1004, 1.4953, 0.3243
(29, 10): 0.5752, 0.1004, 1.4953, 0.3243
(29, 11): 0.7181, 0.1002, 1.2231, 0.2884
(29, 12): 0.6960, 0.1002, 1.2548, 0.2649
(29, 13): 0.6960, 0.1002, 1.2548, 0.2649
(29, 14): 0.6435, 0.1001, 1.3327, 0.2591
(29, 15): 0.6172, 0.1005, 1.3674, 0.2594
(29, 16): 0.6172, 0.1005, 1.3674, 0.2594
(29, 17): 0.6638, 0.1011, 1.2745, 0.2594
(29, 18): 0.7485, 0.1005, 1.1587, 0.3127
(29, 19): 0.7485, 0.1005, 1.1587, 0.3127
(29, 20): 0.7932, 0.1001, 1.1042, 0.2986
(29, 21): 0.7853, 0.1002, 1.1248, 0.2783
(29, 22): 0.7853, 0.1002, 1.1248, 0.2783
(29, 23): 0.7612, 0.1007, 1.1785, 0.3355
(29, 24): 0.7015, 0.1000, 1.2590, 0.2500
(29, 25): 0.7015, 0.1000, 1.2590, 0.2500
(29, 26): 0.6386, 0.1002, 1.4214, 0.2663
(29, 27): 0.5733, 0.1002, 1.6186, 0.3174
(29, 28): 0.5733, 0.1002, 1.6186, 0.3174
(29, 29): 0.5345, 0.1006, 1.6512, 0.3080
(29, 30): 0.4808, 0.1010, 1.8661, 0.3080
(29, 31): 0.4808, 0.1010, 1.8661, 0.3080
(29, 32): 0.5918, 0.1002, 1.5282, 0.3630
(29, 33): 0.4289, 0.1002, 2.0889, 0.3330
(29, 34): 0.4289, 0.1002, 2.0889, 0.3330
(29, 35): 0.5134, 0.1002, 1.7732, 0.3101
(29, 36): 0.7101, 0.1003, 1.3133, 0.3681
(29, 37): 0.7101, 0.1003, 1.3133, 0.3681
(30, 1): 0.2977, 0.1002, 1.8895, 0.2623
(30, 2): 0.3714, 0.1001, 1.9918, 0.2967
(30, 3): 0.3714, 0.1001, 1.9918, 0.2967
(30, 4): 0.3760, 0.1005, 1.9406, 0.2591
(30, 5): 0.3328, 0.1005, 2.0517, 0.2703
(30, 6): 0.5555, 0.1009, 1.5180, 0.3127
(30, 7): 0.5555, 0.1009, 1.5180, 0.3127
(30, 8): 0.6294, 0.1022, 1.3834, 0.3083
(30, 9): 0.7056, 0.1012, 1.2518, 0.2942
(30, 10): 0.7056, 0.1012, 1.2518, 0.2942
(30, 11): 0.6909, 0.1015, 1.2793, 0.2928
(30, 12): 0.6658, 0.1003, 1.3080, 0.2909
(30, 13): 0.6658, 0.1003, 1.3080, 0.2909
(30, 14): 0.6746, 0.1000, 1.2834, 0.2533
(30, 15): 0.6142, 0.1001, 1.3606, 0.2587
(30, 16): 0.6142, 0.1001, 1.3606, 0.2587
(30, 17): 0.6286, 0.1007, 1.3405, 0.3279
(30, 18): 0.7495, 0.1008, 1.1553, 0.3098
(30, 19): 0.7495, 0.1008, 1.1553, 0.3098
(30, 20): 0.8092, 0.1002, 1.0773, 0.3036
(30, 21): 0.7964, 0.1006, 1.1105, 0.3192
(30, 22): 0.7964, 0.1006, 1.1105, 0.3192
(30, 23): 0.7008, 0.1000, 1.2827, 0.2504
(30, 24): 0.6998, 0.1002, 1.2732, 0.2982
(30, 25): 0.6998, 0.1002, 1.2732, 0.2982
(30, 26): 0.7343, 0.1006, 1.2419, 0.2493
(30, 27): 0.6112, 0.1005, 1.5244, 0.3308
(30, 28): 0.6112, 0.1005, 1.5244, 0.3308
(30, 29): 0.5980, 0.1003, 1.5254, 0.3014
(30, 30): 0.6857, 0.1011, 1.4272, 0.2623
(30, 31): 0.6857, 0.1011, 1.4272, 0.2623
(30, 32): 0.7027, 0.1004, 1.3603, 0.2620
(30, 33): 0.4847, 0.1003, 1.8602, 0.3301
(30, 34): 0.4847, 0.1003, 1.8602, 0.3301
(30, 35): 0.5461, 0.1004, 1.6920, 0.2793
(30, 36): 0.5432, 0.1000, 1.6555, 0.3058
(30, 37): 0.5432, 0.1000, 1.6555, 0.3058
(31, 1): 0.2977, 0.1002, 1.8895, 0.2623
(31, 2): 0.3714, 0.1001, 1.9918, 0.2967
(31, 3): 0.3760, 0.1005, 1.9406, 0.2591
(31, 4): 0.3760, 0.1005, 1.9406, 0.2591
(31, 5): 0.3328, 0.1005, 2.0517, 0.2703
(31, 6): 0.5555, 0.1009, 1.5180, 0.3127
(31, 7): 0.5555, 0.1009, 1.5180, 0.3127
(31, 8): 0.6294, 0.1022, 1.3834, 0.3083
(31, 9): 0.7056, 0.1012, 1.2518, 0.2942
(31, 10): 0.7056, 0.1012, 1.2518, 0.2942
(31, 11): 0.6909, 0.1015, 1.2793, 0.2928
(31, 12): 0.6658, 0.1003, 1.3080, 0.2909
(31, 13): 0.6658, 0.1003, 1.3080, 0.2909
(31, 14): 0.6746, 0.1000, 1.2834, 0.2533
(31, 15): 0.6142, 0.1001, 1.3606, 0.2587
(31, 16): 0.6142, 0.1001, 1.3606, 0.2587
(31, 17): 0.6286, 0.1007, 1.3405, 0.3279
(31, 18): 0.7495, 0.1008, 1.1553, 0.3098
(31, 19): 0.7495, 0.1008, 1.1553, 0.3098
(31, 20): 0.8092, 0.1002, 1.0773, 0.3036
(31, 21): 0.7964, 0.1006, 1.1105, 0.3192
(31, 22): 0.7964, 0.1006, 1.1105, 0.3192
(31, 23): 0.7008, 0.1000, 1.2827, 0.2504
(31, 24): 0.6998, 0.1002, 1.2732, 0.2982
(31, 25): 0.6998, 0.1002, 1.2732, 0.2982
(31, 26): 0.7343, 0.1006, 1.2419, 0.2493
(31, 27): 0.6112, 0.1005, 1.5244, 0.3308
(31, 28): 0.6112, 0.1005, 1.5244, 0.3308
(31, 29): 0.5980, 0.1003, 1.5254, 0.3014
(31, 30): 0.6857, 0.1011, 1.4272, 0.2623
(31, 31): 0.6857, 0.1011, 1.4272, 0.2623
(31, 32): 0.7027, 0.1004, 1.3603, 0.2620
(31, 33): 0.4847, 0.1003, 1.8602, 0.3301
(31, 34): 0.4847, 0.1003, 1.8602, 0.3301
(31, 35): 0.5461, 0.1004, 1.6920, 0.2793
(31, 36): 0.5432, 0.1000, 1.6555, 0.3058
(31, 37): 0.5432, 0.1000, 1.6555, 0.3058
(32, 1): 0.2977, 0.1002, 1.8895, 0.2623
(32, 2): 0.3714, 0.1001, 1.9918, 0.2967
(32, 3): 0.3760, 0.1005, 1.9406, 0.2591
(32, 4): 0.3760, 0.1005, 1.9406, 0.2591
(32, 5): 0.3328, 0.1005, 2.0517, 0.2703
(32, 6): 0.5555, 0.1009, 1.5180, 0.3127
(32, 7): 0.5555, 0.1009, 1.5180, 0.3127
(32, 8): 0.6294, 0.1022, 1.3834, 0.3083
(32, 9): 0.7056, 0.1012, 1.2518, 0.2942
(32, 10): 0.7056, 0.1012, 1.2518, 0.2942
(32, 11): 0.6909, 0.1015, 1.2793, 0.2928
(32, 12): 0.6658, 0.1003, 1.3080, 0.2909
(32, 13): 0.6658, 0.1003, 1.3080, 0.2909
(32, 14): 0.6746, 0.1000, 1.2834, 0.2533
(32, 15): 0.6142, 0.1001, 1.3606, 0.2587
(32, 16): 0.6142, 0.1001, 1.3606, 0.2587
(32, 17): 0.6286, 0.1007, 1.3405, 0.3279
(32, 18): 0.7495, 0.1008, 1.1553, 0.3098
(32, 19): 0.7495, 0.1008, 1.1553, 0.3098
(32, 20): 0.8092, 0.1002, 1.0773, 0.3036
(32, 21): 0.7964, 0.1006, 1.1105, 0.3192
(32, 22): 0.7964, 0.1006, 1.1105, 0.3192
(32, 23): 0.7008, 0.1000, 1.2827, 0.2504
(32, 24): 0.6998, 0.1002, 1.2732, 0.2982
(32, 25): 0.6998, 0.1002, 1.2732, 0.2982
(32, 26): 0.7343, 0.1006, 1.2419, 0.2493
(32, 27): 0.6112, 0.1005, 1.5244, 0.3308
(32, 28): 0.6112, 0.1005, 1.5244, 0.3308
(32, 29): 0.5980, 0.1003, 1.5254, 0.3014
(32, 30): 0.6857, 0.1011, 1.4272, 0.2623
(32, 31): 0.6857, 0.1011, 1.4272, 0.2623
(32, 32): 0.7027, 0.1004, 1.3603, 0.2620
(32, 33): 0.4847, 0.1003, 1.8602, 0.3301
(32, 34): 0.4847, 0.1003, 1.8602, 0.3301
(32, 35): 0.5461, 0.1004, 1.6920, 0.2793
(32, 36): 0.5432, 0.1000, 1.6555, 0.3058
(32, 37): 0.5432, 0.1000, 1.6555, 0.3058
