(1, 1): 0.3351, 11.0131, 3.7458
(1, 2): 0.3351, 11.0131, 3.7458
(1, 3): 0.2261, 11.2519, 4.0811
(1, 4): 0.2261, 11.2519, 4.0811
(1, 5): 0.1427, 11.0082, 3.9032
(1, 6): 0.0581, 11.0288, 4.9717
(1, 7): 0.1578, 11.0000, 4.3540
(1, 8): 0.1578, 11.0000, 4.3540
(1, 9): 0.1552, 11.0061, 4.1849
(1, 10): 0.0183, 11.0245, 4.8822
(1, 11): 0.0183, 11.0245, 4.8822
(1, 12): 0.0936, 11.0028, 4.0693
(1, 13): 0.0781, 11.0118, 4.3857
(1, 14): 0.1509, 11.0281, 4.1746
(1, 15): 0.1509, 11.0281, 4.1746
(1, 16): 0.1419, 11.0410, 3.7822
(1, 17): 0.1902, 11.1317, 3.4105
(1, 18): 0.1902, 11.1317, 3.4105
(1, 19): 0.1735, 11.0635, 3.5935
(1, 20): 0.0799, 11.0588, 4.4909
(1, 21): -0.0773, 11.0888, 5.3584
(1, 22): -0.0773, 11.0888, 5.3584
(1, 23): 0.0736, 11.1107, 5.9755
(1, 24): 0.2118, 11.0324, 4.3364
(1, 25): 0.1846, 11.0518, 4.7038
(1, 26): 0.1846, 11.0518, 4.7038
(1, 27): 0.2245, 11.0570, 5.1990
(1, 28): 0.2054, 11.0017, 5.6576
(1, 29): 0.2054, 11.0017, 5.6576
(1, 30): 0.1868, 11.0090, 5.0393
(1, 31): 0.1546, 11.0744, 4.6123
(1, 32): -0.0656, 11.0083, 5.5024
(1, 33): -0.0656, 11.0083, 5.5024
(1, 34): 0.0090, 11.0932, 4.3081
(1, 35): 0.1274, 11.0156, 5.8201
(1, 36): 0.1274, 11.0156, 5.8201
(1, 37): 0.2586, 11.1053, 4.8690
(2, 1): 0.2590, 11.0322, 3.8253
(2, 2): 0.2590, 11.0322, 3.8253
(2, 3): 0.2904, 11.0301, 4.2939
(2, 4): 0.2904, 11.0301, 4.2939
(2, 5): 0.3115, 11.0045, 4.0485
(2, 6): 0.2110, 11.0183, 4.2256
(2, 7): 0.3471, 11.1137, 2.9861
(2, 8): 0.3471, 11.1137, 2.9861
(2, 9): 0.1213, 11.1760, 4.5200
(2, 10): 0.0966, 11.0243, 4.2119
(2, 11): 0.0966, 11.0243, 4.2119
(2, 12): 0.1553, 11.0428, 3.4830
(2, 13): 0.0781, 11.0118, 4.3857
(2, 14): 0.1509, 11.0281, 4.1746
(2, 15): 0.1509, 11.0281, 4.1746
(2, 16): 0.1419, 11.0410, 3.7822
(2, 17): 0.1902, 11.1317, 3.4105
(2, 18): 0.1902, 11.1317, 3.4105
(2, 19): 0.1735, 11.0635, 3.5935
(2, 20): 0.0799, 11.0588, 4.4909
(2, 21): -0.0773, 11.0888, 5.3584
(2, 22): -0.0773, 11.0888, 5.3584
(2, 23): 0.0736, 11.1107, 5.9755
(2, 24): 0.2118, 11.0324, 4.3364
(2, 25): 0.1846, 11.0518, 4.7038
(2, 26): 0.1846, 11.0518, 4.7038
(2, 27): 0.2245, 11.0570, 5.1990
(2, 28): 0.2054, 11.0017, 5.6576
(2, 29): 0.2054, 11.0017, 5.6576
(2, 30): 0.2310, 11.0229, 4.8225
(2, 31): 0.0042, 11.0103, 6.0493
(2, 32): 0.2277, 11.0012, 4.7976
(2, 33): 0.2277, 11.0012, 4.7976
(2, 34): 0.0119, 11.1434, 4.7380
(2, 35): -0.0084, 11.0389, 6.5829
(2, 36): -0.0084, 11.0389, 6.5829
(2, 37): 0.2207, 11.0888, 6.3289
(3, 1): 0.2970, 11.1300, 3.7283
(3, 2): 0.2970, 11.1300, 3.7283
(3, 3): 0.2513, 11.0782, 4.1696
(3, 4): 0.2513, 11.0782, 4.1696
(3, 5): 0.2015, 11.0779, 5.0851
(3, 6): 0.2392, 11.0934, 4.4746
(3, 7): 0.3471, 11.1137, 2.9861
(3, 8): 0.3471, 11.1137, 2.9861
(3, 9): 0.1213, 11.1760, 4.5200
(3, 10): 0.0966, 11.0243, 4.2119
(3, 11): 0.0966, 11.0243, 4.2119
(3, 12): 0.1553, 11.0428, 3.4830
(3, 13): 0.1238, 11.0039, 4.1494
(3, 14): 0.1137, 11.0161, 4.2600
(3, 15): 0.1137, 11.0161, 4.2600
(3, 16): 0.1873, 11.0040, 2.9522
(3, 17): 0.2243, 11.0094, 3.4588
(3, 18): 0.2243, 11.0094, 3.4588
(3, 19): 0.1138, 11.0107, 3.8989
(3, 20): -0.0371, 11.0097, 5.4038
(3, 21): -0.1015, 11.1606, 5.9003
(3, 22): -0.1015, 11.1606, 5.9003
(3, 23): -0.0931, 11.0122, 5.9315
(3, 24): 0.1048, 11.0358, 5.2782
(3, 25): 0.1048, 11.0358, 5.2782
(3, 26): 0.2109, 11.0131, 5.3075
(3, 27): 0.3431, 11.0876, 4.5128
(3, 28): 0.2683, 11.1313, 5.2946
(3, 29): 0.2683, 11.1313, 5.2946
(3, 30): 0.2310, 11.0229, 4.8225
(3, 31): 0.0042, 11.0103, 6.0493
(3, 32): 0.2277, 11.0012, 4.7976
(3, 33): 0.2277, 11.0012, 4.7976
(3, 34): 0.0119, 11.1434, 4.7380
(3, 35): -0.0084, 11.0389, 6.5829
(3, 36): -0.0084, 11.0389, 6.5829
(3, 37): 0.1802, 11.0234, 6.0581
(4, 1): 0.2720, 11.0081, 3.6214
(4, 2): 0.2720, 11.0081, 3.6214
(4, 3): 0.2513, 11.0782, 4.1696
(4, 4): 0.2513, 11.0782, 4.1696
(4, 5): 0.2015, 11.0779, 5.0851
(4, 6): 0.2392, 11.0934, 4.4746
(4, 7): 0.1615, 11.0122, 4.0084
(4, 8): 0.1615, 11.0122, 4.0084
(4, 9): 0.1388, 11.1350, 4.0724
(4, 10): 0.0912, 11.0214, 4.0428
(4, 11): 0.0912, 11.0214, 4.0428
(4, 12): 0.1364, 11.1090, 3.3919
(4, 13): 0.1448, 11.0781, 3.5831
(4, 14): 0.1604, 11.0334, 3.8617
(4, 15): 0.1604, 11.0334, 3.8617
(4, 16): 0.2557, 11.0013, 2.8061
(4, 17): 0.3323, 11.0350, 2.8179
(4, 18): 0.3323, 11.0350, 2.8179
(4, 19): 0.1974, 11.0422, 4.0145
(4, 20): 0.1113, 11.0523, 5.0093
(4, 21): 0.1404, 11.0134, 5.4991
(4, 22): 0.1404, 11.0134, 5.4991
(4, 23): 0.0588, 11.0932, 5.7675
(4, 24): 0.1242, 11.0117, 5.4901
(4, 25): 0.1242, 11.0117, 5.4901
(4, 26): 0.2176, 11.0054, 4.9609
(4, 27): 0.3360, 11.0536, 4.4578
(4, 28): 0.1374, 11.0248, 6.6606
(4, 29): 0.1374, 11.0248, 6.6606
(4, 30): 0.1412, 11.0073, 6.9161
(4, 31): 0.2735, 11.0233, 5.0556
(4, 32): 0.1604, 11.0798, 4.4728
(4, 33): 0.1604, 11.0798, 4.4728
(4, 34): 0.1347, 11.2300, 4.8413
(4, 35): 0.2285, 11.1179, 4.7884
(4, 36): 0.2285, 11.1179, 4.7884
(4, 37): 0.1802, 11.0234, 6.0581
(5, 1): 0.2720, 11.0081, 3.6214
(5, 2): 0.2720, 11.0081, 3.6214
(5, 3): 0.2090, 11.0363, 4.3661
(5, 4): 0.2090, 11.0363, 4.3661
(5, 5): 0.3182, 11.0261, 3.4347
(5, 6): 0.2569, 11.0232, 3.3883
(5, 7): 0.2120, 11.0192, 3.3645
(5, 8): 0.2120, 11.0192, 3.3645
(5, 9): 0.1832, 11.0329, 3.7565
(5, 10): 0.1385, 11.0087, 3.7810
(5, 11): 0.1385, 11.0087, 3.7810
(5, 12): 0.1473, 11.0508, 3.2003
(5, 13): 0.1467, 11.1383, 3.2447
(5, 14): 0.2130, 11.0682, 3.4271
(5, 15): 0.2130, 11.0682, 3.4271
(5, 16): 0.3869, 11.0209, 2.4948
(5, 17): 0.2732, 11.0104, 3.4984
(5, 18): 0.2732, 11.0104, 3.4984
(5, 19): 0.3182, 11.0460, 4.0162
(5, 20): 0.3594, 11.0857, 3.2197
(5, 21): 0.2370, 11.0026, 4.1547
(5, 22): 0.2370, 11.0026, 4.1547
(5, 23): 0.1465, 11.0863, 4.9749
(5, 24): 0.1193, 11.0197, 5.2618
(5, 25): 0.1193, 11.0197, 5.2618
(5, 26): 0.3054, 11.1584, 4.1399
(5, 27): 0.2355, 11.1347, 5.7713
(5, 28): 0.2360, 11.1653, 6.3996
(5, 29): 0.2360, 11.1653, 6.3996
(5, 30): 0.2477, 11.0011, 6.0857
(5, 31): 0.1344, 11.0687, 6.4258
(5, 32): 0.1344, 11.0687, 6.4258
(5, 33): 0.0745, 11.1316, 6.9776
(5, 34): 0.2497, 11.0044, 4.3828
(5, 35): 0.2392, 11.0376, 4.3344
(5, 36): 0.2392, 11.0376, 4.3344
(5, 37): 0.2098, 11.0150, 5.3514
(6, 1): 0.1490, 11.0742, 4.1263
(6, 2): 0.1490, 11.0742, 4.1263
(6, 3): 0.2923, 11.0187, 3.4642
(6, 4): 0.2923, 11.0187, 3.4642
(6, 5): 0.2936, 11.0317, 3.2636
(6, 6): 0.2679, 11.0046, 3.4632
(6, 7): 0.2374, 11.0132, 3.0734
(6, 8): 0.2374, 11.0132, 3.0734
(6, 9): 0.2863, 11.0030, 2.8153
(6, 10): 0.2255, 11.0326, 2.9111
(6, 11): 0.2255, 11.0326, 2.9111
(6, 12): 0.1083, 11.0251, 3.9100
(6, 13): 0.1331, 11.0519, 3.6779
(6, 14): 0.2207, 11.0008, 3.2433
(6, 15): 0.2207, 11.0008, 3.2433
(6, 16): 0.2201, 11.0636, 3.5186
(6, 17): 0.3550, 11.1382, 2.9076
(6, 18): 0.3550, 11.1382, 2.9076
(6, 19): 0.3452, 11.0046, 3.4028
(6, 20): 0.2430, 11.0036, 4.1548
(6, 21): 0.2927, 11.0237, 4.0178
(6, 22): 0.2927, 11.0237, 4.0178
(6, 23): 0.1830, 11.0415, 5.2814
(6, 24): 0.2564, 11.0036, 4.4251
(6, 25): 0.2564, 11.0036, 4.4251
(6, 26): 0.3234, 11.0685, 3.9867
(6, 27): 0.3224, 11.0024, 5.0592
(6, 28): 0.3302, 11.0989, 5.3321
(6, 29): 0.3302, 11.0989, 5.3321
(6, 30): 0.2433, 11.0086, 6.8770
(6, 31): 0.2044, 11.1063, 5.9033
(6, 32): 0.2044, 11.1063, 5.9033
(6, 33): 0.2097, 11.1010, 4.6056
(6, 34): 0.2710, 11.1423, 3.8311
(6, 35): 0.1588, 11.1237, 5.1507
(6, 36): 0.1588, 11.1237, 5.1507
(6, 37): 0.1908, 11.0104, 6.1810
(7, 1): 0.1948, 11.0545, 3.7390
(7, 2): 0.1948, 11.0545, 3.7390
(7, 3): 0.2613, 11.1388, 3.6527
(7, 4): 0.1717, 11.0518, 4.1372
(7, 5): 0.1717, 11.0518, 4.1372
(7, 6): 0.1891, 11.0215, 4.0374
(7, 7): 0.1727, 11.0450, 4.2510
(7, 8): 0.1727, 11.0450, 4.2510
(7, 9): 0.3497, 11.0142, 3.8138
(7, 10): 0.1934, 11.0050, 3.6293
(7, 11): 0.1616, 11.0292, 3.3660
(7, 12): 0.1616, 11.0292, 3.3660
(7, 13): 0.1262, 11.0106, 3.8064
(7, 14): 0.1652, 11.0057, 3.5581
(7, 15): 0.1652, 11.0057, 3.5581
(7, 16): 0.2010, 11.1729, 3.3178
(7, 17): 0.1775, 11.1417, 3.5535
(7, 18): 0.1775, 11.1417, 3.5535
(7, 19): 0.2615, 11.1327, 3.4807
(7, 20): 0.2996, 11.1780, 4.2282
(7, 21): 0.3731, 11.0041, 3.8563
(7, 22): 0.3731, 11.0041, 3.8563
(7, 23): 0.2579, 11.0042, 4.8045
(7, 24): 0.3612, 11.0019, 4.3870
(7, 25): 0.3612, 11.0019, 4.3870
(7, 26): 0.3302, 11.0318, 4.2665
(7, 27): 0.3051, 11.0517, 4.2440
(7, 28): 0.3368, 11.1120, 4.6703
(7, 29): 0.3368, 11.1120, 4.6703
(7, 30): 0.3857, 11.0673, 4.5721
(7, 31): 0.3694, 11.0193, 4.1590
(7, 32): 0.3694, 11.0193, 4.1590
(7, 33): 0.3798, 11.0188, 3.6226
(7, 34): 0.2077, 11.0756, 4.3755
(7, 35): 0.1231, 11.0277, 5.9717
(7, 36): 0.1231, 11.0277, 5.9717
(7, 37): 0.2141, 11.0733, 6.1752
(8, 1): 0.0848, 11.0423, 3.9592
(8, 2): 0.0848, 11.0423, 3.9592
(8, 3): 0.3813, 11.0233, 2.9408
(8, 4): 0.3388, 11.1102, 3.1753
(8, 5): 0.3388, 11.1102, 3.1753
(8, 6): 0.2116, 11.1271, 4.3361
(8, 7): 0.2027, 11.1281, 4.0653
(8, 8): 0.2027, 11.1281, 4.0653
(8, 9): 0.2797, 11.0506, 4.7700
(8, 10): 0.1966, 11.0297, 4.5869
(8, 11): 0.2364, 11.0680, 3.2939
(8, 12): 0.2364, 11.0680, 3.2939
(8, 13): 0.1492, 11.1202, 3.5023
(8, 14): 0.1726, 11.1877, 3.3846
(8, 15): 0.1726, 11.1877, 3.3846
(8, 16): 0.1963, 11.0940, 3.3126
(8, 17): 0.2635, 11.0188, 3.0908
(8, 18): 0.2635, 11.0188, 3.0908
(8, 19): 0.1815, 11.0379, 4.2087
(8, 20): 0.2307, 11.1258, 4.8336
(8, 21): 0.3459, 11.0158, 4.1376
(8, 22): 0.3459, 11.0158, 4.1376
(8, 23): 0.2052, 11.0144, 5.3419
(8, 24): 0.2305, 11.1027, 5.2037
(8, 25): 0.2305, 11.1027, 5.2037
(8, 26): 0.1935, 11.0959, 5.3274
(8, 27): 0.2195, 11.0732, 4.5008
(8, 28): 0.2614, 11.0014, 4.6493
(8, 29): 0.2614, 11.0014, 4.6493
(8, 30): 0.2639, 11.0399, 5.2844
(8, 31): 0.3745, 11.1598, 3.8780
(8, 32): 0.3745, 11.1598, 3.8780
(8, 33): 0.3560, 11.0016, 3.7059
(8, 34): 0.2556, 11.0276, 4.4739
(8, 35): 0.2085, 11.0331, 5.5385
(8, 36): 0.2085, 11.0331, 5.5385
(8, 37): 0.1928, 11.0005, 5.9991
(9, 1): 0.1127, 11.0423, 3.5971
(9, 2): 0.1127, 11.0423, 3.5971
(9, 3): 0.2674, 11.0093, 3.4858
(9, 4): 0.3305, 11.0435, 3.4385
(9, 5): 0.3305, 11.0435, 3.4385
(9, 6): 0.2781, 11.0726, 3.9247
(9, 7): 0.1756, 11.0465, 4.2718
(9, 8): 0.1756, 11.0465, 4.2718
(9, 9): 0.1798, 11.0285, 4.5487
(9, 10): 0.1728, 11.0134, 4.4831
(9, 11): 0.1370, 11.1062, 4.5972
(9, 12): 0.1370, 11.1062, 4.5972
(9, 13): 0.0904, 11.0030, 4.4023
(9, 14): 0.1443, 11.0715, 3.8645
(9, 15): 0.1443, 11.0715, 3.8645
(9, 16): 0.1685, 11.0228, 4.0543
(9, 17): 0.2603, 11.0020, 3.2226
(9, 18): 0.2603, 11.0020, 3.2226
(9, 19): 0.1449, 11.0815, 4.7827
(9, 20): 0.2840, 11.1208, 4.3118
(9, 21): 0.3172, 11.1596, 4.6243
(9, 22): 0.3172, 11.1596, 4.6243
(9, 23): 0.2702, 11.0776, 5.0376
(9, 24): 0.2553, 11.0237, 4.4760
(9, 25): 0.2553, 11.0237, 4.4760
(9, 26): 0.2220, 11.0457, 4.8674
(9, 27): 0.1800, 11.0188, 4.7193
(9, 28): 0.1744, 11.0095, 4.7887
(9, 29): 0.1744, 11.0095, 4.7887
(9, 30): 0.2344, 11.1255, 4.9106
(9, 31): 0.2996, 11.0710, 4.4483
(9, 32): 0.2996, 11.0710, 4.4483
(9, 33): 0.2992, 11.0218, 4.1310
(9, 34): 0.2121, 11.0093, 4.4740
(9, 35): 0.1799, 11.0455, 5.8076
(9, 36): 0.1799, 11.0455, 5.8076
(9, 37): 0.1869, 11.1941, 5.9757
(10, 1): 0.1236, 11.0568, 3.5235
(10, 2): 0.1236, 11.0568, 3.5235
(10, 3): 0.1047, 11.0819, 4.4654
(10, 4): 0.2067, 11.0976, 3.5196
(10, 5): 0.2067, 11.0976, 3.5196
(10, 6): 0.1527, 11.0743, 4.1050
(10, 7): 0.2506, 11.0083, 3.4995
(10, 8): 0.2506, 11.0083, 3.4995
(10, 9): 0.2276, 11.0564, 3.3504
(10, 10): 0.1486, 11.0648, 3.5864
(10, 11): 0.1572, 11.0022, 3.8072
(10, 12): 0.1572, 11.0022, 3.8072
(10, 13): 0.0929, 11.0641, 3.9848
(10, 14): 0.1680, 11.0768, 3.6534
(10, 15): 0.1680, 11.0768, 3.6534
(10, 16): 0.1759, 11.0060, 3.9722
(10, 17): 0.1203, 11.0180, 5.0463
(10, 18): 0.1463, 11.0178, 5.0706
(10, 19): 0.1463, 11.0178, 5.0706
(10, 20): 0.3583, 11.0288, 4.3377
(10, 21): 0.1870, 11.0562, 5.3250
(10, 22): 0.1870, 11.0562, 5.3250
(10, 23): 0.2404, 11.0071, 4.5517
(10, 24): 0.3839, 11.1874, 3.2371
(10, 25): 0.3839, 11.1874, 3.2371
(10, 26): 0.2660, 11.0707, 4.3318
(10, 27): 0.1832, 11.0278, 4.8684
(10, 28): 0.2499, 11.0024, 4.0048
(10, 29): 0.2499, 11.0024, 4.0048
(10, 30): 0.3057, 11.1519, 4.3538
(10, 31): 0.2706, 11.0027, 4.2163
(10, 32): 0.2706, 11.0027, 4.2163
(10, 33): 0.1717, 11.1604, 4.8821
(10, 34): 0.2310, 11.0518, 4.6074
(10, 35): 0.1551, 11.0189, 5.0338
(10, 36): 0.1551, 11.0189, 5.0338
(10, 37): 0.2375, 11.0975, 4.5273
(11, 1): 0.1353, 11.1247, 3.2263
(11, 2): 0.1353, 11.1247, 3.2263
(11, 3): 0.0529, 11.1195, 3.4848
(11, 4): 0.0290, 11.0008, 3.9103
(11, 5): 0.0290, 11.0008, 3.9103
(11, 6): 0.0708, 11.0345, 3.6432
(11, 7): 0.0370, 11.0122, 4.5836
(11, 8): 0.0370, 11.0122, 4.5836
(11, 9): 0.2079, 11.0319, 3.4285
(11, 10): 0.3281, 11.1077, 2.7343
(11, 11): 0.0779, 11.0455, 4.3994
(11, 12): 0.0779, 11.0455, 4.3994
(11, 13): 0.1038, 11.0355, 4.5531
(11, 14): 0.3082, 11.0151, 3.3363
(11, 15): 0.3082, 11.0151, 3.3363
(11, 16): 0.2658, 11.0564, 3.3964
(11, 17): 0.3407, 11.1946, 3.2084
(11, 18): 0.2580, 11.0039, 4.6372
(11, 19): 0.2580, 11.0039, 4.6372
(11, 20): 0.2123, 11.0887, 5.1923
(11, 21): 0.2666, 11.0069, 5.3382
(11, 22): 0.2666, 11.0069, 5.3382
(11, 23): 0.2878, 11.1774, 4.5962
(11, 24): 0.2905, 11.2376, 4.5026
(11, 25): 0.2905, 11.2376, 4.5026
(11, 26): 0.3856, 11.1786, 4.1369
(11, 27): 0.2964, 11.1096, 4.0933
(11, 28): 0.2489, 11.0048, 3.5725
(11, 29): 0.2489, 11.0048, 3.5725
(11, 30): 0.2216, 11.0174, 4.3249
(11, 31): 0.1795, 11.1609, 4.4158
(11, 32): 0.1795, 11.1609, 4.4158
(11, 33): 0.2583, 11.0970, 4.2144
(11, 34): 0.1330, 11.0378, 4.8246
(11, 35): 0.1617, 11.0104, 4.4864
(11, 36): 0.1617, 11.0104, 4.4864
(11, 37): 0.1935, 11.1057, 4.7096
(12, 1): 0.0861, 11.0374, 3.4082
(12, 2): 0.0861, 11.0374, 3.4082
(12, 3): 0.1447, 11.0141, 2.7893
(12, 4): 0.1418, 11.1102, 2.8607
(12, 5): 0.1418, 11.1102, 2.8607
(12, 6): 0.0114, 11.0028, 3.4996
(12, 7): -0.0011, 11.0503, 4.4840
(12, 8): -0.0011, 11.0503, 4.4840
(12, 9): 0.0479, 11.0677, 4.2310
(12, 10): 0.2450, 11.2462, 3.1480
(12, 11): 0.1567, 11.0103, 4.0943
(12, 12): 0.1567, 11.0103, 4.0943
(12, 13): 0.1494, 11.3201, 3.8724
(12, 14): 0.0478, 11.0281, 5.2860
(12, 15): 0.0478, 11.0281, 5.2860
(12, 16): 0.2468, 11.0728, 3.6406
(12, 17): 0.2729, 11.0276, 3.6512
(12, 18): 0.2661, 11.0481, 4.1586
(12, 19): 0.2661, 11.0481, 4.1586
(12, 20): 0.3085, 11.0084, 4.5299
(12, 21): 0.4578, 11.0420, 3.6181
(12, 22): 0.4578, 11.0420, 3.6181
(12, 23): 0.2449, 11.0360, 4.7510
(12, 24): 0.1277, 11.0680, 5.8228
(12, 25): 0.1277, 11.0680, 5.8228
(12, 26): 0.1878, 11.0031, 5.3755
(12, 27): 0.1474, 11.0214, 4.8160
(12, 28): 0.2134, 11.0579, 3.7795
(12, 29): 0.2134, 11.0579, 3.7795
(12, 30): 0.1243, 11.0748, 4.6419
(12, 31): 0.1957, 11.0325, 3.8280
(12, 32): 0.1957, 11.0325, 3.8280
(12, 33): 0.0611, 11.0640, 5.5680
(12, 34): 0.2475, 11.0426, 4.1907
(12, 35): 0.2475, 11.0426, 4.1907
(12, 36): 0.1796, 11.0097, 5.3827
(12, 37): 0.1427, 11.0255, 4.9332
(13, 1): 0.0258, 11.0135, 3.0725
(13, 2): 0.0258, 11.0135, 3.0725
(13, 3): 0.0641, 11.0038, 2.6097
(13, 4): 0.1200, 11.0457, 2.5078
(13, 5): 0.1200, 11.0457, 2.5078
(13, 6): 0.1435, 11.0496, 2.5807
(13, 7): 0.1026, 11.0946, 3.9340
(13, 8): 0.1026, 11.0946, 3.9340
(13, 9): 0.0421, 11.0304, 4.5341
(13, 10): 0.0983, 11.1055, 4.1858
(13, 11): 0.1337, 11.0431, 3.5649
(13, 12): 0.1337, 11.0431, 3.5649
(13, 13): 0.1494, 11.3201, 3.8724
(13, 14): 0.0478, 11.0281, 5.2860
(13, 15): 0.0478, 11.0281, 5.2860
(13, 16): 0.2468, 11.0728, 3.6406
(13, 17): 0.2729, 11.0276, 3.6512
(13, 18): 0.2661, 11.0481, 4.1586
(13, 19): 0.2661, 11.0481, 4.1586
(13, 20): 0.3085, 11.0084, 4.5299
(13, 21): 0.4578, 11.0420, 3.6181
(13, 22): 0.4578, 11.0420, 3.6181
(13, 23): 0.2449, 11.0360, 4.7510
(13, 24): 0.1277, 11.0680, 5.8228
(13, 25): 0.1277, 11.0680, 5.8228
(13, 26): 0.1878, 11.0031, 5.3755
(13, 27): 0.1474, 11.0214, 4.8160
(13, 28): 0.2134, 11.0579, 3.7795
(13, 29): 0.2134, 11.0579, 3.7795
(13, 30): 0.1243, 11.0748, 4.6419
(13, 31): 0.2070, 11.0296, 4.3265
(13, 32): 0.2070, 11.0296, 4.3265
(13, 33): 0.1168, 11.0428, 4.8487
(13, 34): 0.2320, 11.0028, 4.0320
(13, 35): 0.2320, 11.0028, 4.0320
(13, 36): 0.1303, 11.0311, 5.0866
(13, 37): 0.2226, 11.0900, 3.9288
(14, 1): 0.0174, 11.0624, 3.0597
(14, 2): 0.0174, 11.0624, 3.0597
(14, 3): -0.0805, 11.0123, 2.8337
(14, 4): -0.0319, 11.0088, 2.7177
(14, 5): -0.0319, 11.0088, 2.7177
(14, 6): 0.0779, 11.0410, 3.6749
(14, 7): 0.1026, 11.0946, 3.9340
(14, 8): 0.0421, 11.0304, 4.5341
(14, 9): 0.0421, 11.0304, 4.5341
(14, 10): 0.0983, 11.1055, 4.1858
(14, 11): 0.1337, 11.0431, 3.5649
(14, 12): 0.1337, 11.0431, 3.5649
(14, 13): 0.0278, 11.1741, 4.2831
(14, 14): 0.0542, 11.0198, 5.1592
(14, 15): 0.0542, 11.0198, 5.1592
(14, 16): 0.1248, 11.0343, 5.0354
(14, 17): 0.3648, 11.0421, 4.0681
(14, 18): 0.3122, 11.0276, 4.2694
(14, 19): 0.3122, 11.0276, 4.2694
(14, 20): 0.2481, 11.0858, 4.1136
(14, 21): 0.2249, 11.0143, 4.6006
(14, 22): 0.2249, 11.0143, 4.6006
(14, 23): 0.1844, 11.1292, 4.8279
(14, 24): 0.1833, 11.1245, 4.4030
(14, 25): 0.1833, 11.1245, 4.4030
(14, 26): 0.2702, 11.1123, 4.4058
(14, 27): 0.1220, 11.0678, 5.7410
(14, 28): 0.1249, 11.0485, 4.3233
(14, 29): 0.1249, 11.0485, 4.3233
(14, 30): 0.1834, 11.0066, 4.2886
(14, 31): 0.2070, 11.0296, 4.3265
(14, 32): 0.2070, 11.0296, 4.3265
(14, 33): 0.1168, 11.0428, 4.8487
(14, 34): 0.2320, 11.0028, 4.0320
(14, 35): 0.2320, 11.0028, 4.0320
(14, 36): 0.1303, 11.0311, 5.0866
(14, 37): 0.2027, 11.0302, 3.4227
(15, 1): 0.1647, 11.1826, 2.4657
(15, 2): 0.1647, 11.1826, 2.4657
(15, 3): -0.0805, 11.0123, 2.8337
(15, 4): -0.0319, 11.0088, 2.7177
(15, 5): -0.0319, 11.0088, 2.7177
(15, 6): 0.0779, 11.0410, 3.6749
(15, 7): 0.1536, 11.0697, 3.4342
(15, 8): 0.1366, 11.1960, 3.8325
(15, 9): 0.1366, 11.1960, 3.8325
(15, 10): 0.1129, 11.0105, 4.3163
(15, 11): 0.1548, 11.0011, 3.9139
(15, 12): 0.1548, 11.0011, 3.9139
(15, 13): 0.2005, 11.0317, 3.8996
(15, 14): 0.0451, 11.0098, 4.8946
(15, 15): 0.0451, 11.0098, 4.8946
(15, 16): 0.0245, 11.0071, 4.6142
(15, 17): 0.1090, 11.0066, 5.1497
(15, 18): 0.0452, 11.0489, 5.1190
(15, 19): 0.0452, 11.0489, 5.1190
(15, 20): 0.1890, 11.0020, 4.9185
(15, 21): 0.2081, 11.0214, 4.6555
(15, 22): 0.2081, 11.0214, 4.6555
(15, 23): 0.0759, 11.0259, 5.2499
(15, 24): 0.0749, 11.0787, 5.1410
(15, 25): 0.0749, 11.0787, 5.1410
(15, 26): 0.0226, 11.0106, 6.5296
(15, 27): 0.0553, 11.0913, 5.4237
(15, 28): 0.0999, 11.0006, 5.0654
(15, 29): 0.0999, 11.0006, 5.0654
(15, 30): 0.0687, 11.0371, 4.5534
(15, 31): 0.1032, 11.0348, 4.9069
(15, 32): 0.1032, 11.0348, 4.9069
(15, 33): 0.1935, 11.0111, 3.5297
(15, 34): 0.3039, 11.0757, 2.8692
(15, 35): 0.3039, 11.0757, 2.8692
(15, 36): 0.3445, 11.0442, 3.1507
(15, 37): 0.2027, 11.0302, 3.4227
(16, 1): 0.1647, 11.1826, 2.4657
(16, 2): 0.1647, 11.1826, 2.4657
(16, 3): 0.1610, 11.0286, 2.4433
(16, 4): 0.0407, 11.0541, 3.5977
(16, 5): 0.0407, 11.0541, 3.5977
(16, 6): 0.0987, 11.2291, 3.3993
(16, 7): 0.2620, 11.1990, 3.1259
(16, 8): 0.1553, 11.0681, 3.8417
(16, 9): 0.1553, 11.0681, 3.8417
(16, 10): 0.1308, 11.0098, 3.9281
(16, 11): 0.0643, 11.0903, 4.5630
(16, 12): 0.0643, 11.0903, 4.5630
(16, 13): 0.1675, 11.1353, 4.1725
(16, 14): 0.1265, 11.1112, 4.9458
(16, 15): 0.1265, 11.1112, 4.9458
(16, 16): -0.0133, 11.0348, 5.4866
(16, 17): -0.0490, 11.0069, 5.1905
(16, 18): -0.1217, 11.0859, 5.5022
(16, 19): -0.1217, 11.0859, 5.5022
(16, 20): 0.0198, 11.0228, 5.6033
(16, 21): 0.0557, 11.0113, 4.6783
(16, 22): 0.0557, 11.0113, 4.6783
(16, 23): 0.1302, 11.0090, 5.1454
(16, 24): 0.0582, 11.0358, 6.0580
(16, 25): 0.0582, 11.0358, 6.0580
(16, 26): 0.1478, 11.0165, 4.7253
(16, 27): 0.1692, 11.0702, 4.2581
(16, 28): 0.1154, 11.0355, 4.7925
(16, 29): 0.1154, 11.0355, 4.7925
(16, 30): 0.1054, 11.0299, 4.0309
(16, 31): 0.2066, 11.0563, 3.6682
(16, 32): 0.2066, 11.0563, 3.6682
(16, 33): 0.3189, 11.0428, 2.7666
(16, 34): 0.2896, 11.0031, 3.0033
(16, 35): 0.2896, 11.0031, 3.0033
(16, 36): 0.2595, 11.0153, 3.2625
(16, 37): 0.1365, 11.0119, 3.8526
(17, 1): 0.1366, 11.0045, 3.0473
(17, 2): 0.1366, 11.0045, 3.0473
(17, 3): 0.1222, 11.1004, 4.0722
(17, 4): 0.0768, 11.0614, 3.9057
(17, 5): 0.0768, 11.0614, 3.9057
(17, 6): 0.0319, 11.0246, 4.1923
(17, 7): 0.0412, 11.0366, 4.1581
(17, 8): -0.1078, 11.0641, 5.6608
(17, 9): -0.1078, 11.0641, 5.6608
(17, 10): -0.0882, 11.0373, 5.1460
(17, 11): 0.0520, 11.0639, 3.6494
(17, 12): 0.0520, 11.0639, 3.6494
(17, 13): 0.2001, 11.0234, 3.7320
(17, 14): 0.1111, 11.0104, 4.2873
(17, 15): 0.1111, 11.0104, 4.2873
(17, 16): 0.0819, 11.0091, 5.0949
(17, 17): 0.1093, 11.0014, 4.6487
(17, 18): 0.0263, 11.0677, 4.9292
(17, 19): 0.0263, 11.0677, 4.9292
(17, 20): -0.0622, 11.0015, 5.9594
(17, 21): 0.0667, 11.0437, 4.6675
(17, 22): 0.0667, 11.0437, 4.6675
(17, 23): 0.0733, 11.0028, 4.8374
(17, 24): 0.0559, 11.0087, 5.2165
(17, 25): 0.0559, 11.0087, 5.2165
(17, 26): 0.1208, 11.0522, 4.6538
(17, 27): 0.1527, 11.0186, 3.9294
(17, 28): 0.1426, 11.0102, 4.6509
(17, 29): 0.1426, 11.0102, 4.6509
(17, 30): 0.1514, 11.0287, 3.6479
(17, 31): 0.1633, 11.0842, 3.8125
(17, 32): 0.1633, 11.0842, 3.8125
(17, 33): 0.2281, 11.0338, 3.6793
(17, 34): 0.2096, 11.0046, 4.4187
(17, 35): 0.2096, 11.0046, 4.4187
(17, 36): 0.3136, 11.0309, 3.3251
(17, 37): 0.0987, 11.0509, 4.6906
(18, 1): 0.0437, 11.1217, 4.3862
(18, 2): 0.0437, 11.1217, 4.3862
(18, 3): 0.1653, 11.0273, 4.0979
(18, 4): 0.1149, 11.0205, 4.5715
(18, 5): -0.0601, 11.0874, 5.5086
(18, 6): -0.0601, 11.0874, 5.5086
(18, 7): -0.0273, 11.0190, 4.5969
(18, 8): -0.0844, 11.0795, 4.9527
(18, 9): -0.0844, 11.0795, 4.9527
(18, 10): -0.1620, 11.0042, 4.5431
(18, 11): -0.1214, 11.0120, 4.6693
(18, 12): -0.1214, 11.0120, 4.6693
(18, 13): 0.0156, 11.1829, 4.7553
(18, 14): 0.1035, 11.1202, 3.8431
(18, 15): 0.1035, 11.1202, 3.8431
(18, 16): 0.0120, 11.0287, 4.2719
(18, 17): 0.0935, 11.0355, 5.2786
(18, 18): 0.1063, 11.0576, 4.5798
(18, 19): 0.1063, 11.0576, 4.5798
(18, 20): 0.0687, 11.0504, 5.2155
(18, 21): 0.1524, 11.1221, 5.2406
(18, 22): 0.1524, 11.1221, 5.2406
(18, 23): 0.1832, 11.0136, 4.6249
(18, 24): 0.1078, 11.0280, 4.6252
(18, 25): 0.1078, 11.0280, 4.6252
(18, 26): 0.0188, 11.0499, 5.3524
(18, 27): 0.0952, 11.0075, 4.1559
(18, 28): 0.0952, 11.0075, 4.1559
(18, 29): 0.1532, 11.0845, 3.7631
(18, 30): 0.1860, 11.0477, 3.5162
(18, 31): 0.1316, 11.0467, 4.2244
(18, 32): 0.1316, 11.0467, 4.2244
(18, 33): 0.0848, 11.0493, 5.0518
(18, 34): 0.1405, 11.0382, 4.3974
(18, 35): 0.1405, 11.0382, 4.3974
(18, 36): 0.2394, 11.0207, 3.8405
(18, 37): 0.1633, 11.0087, 4.0352
(19, 1): 0.0898, 11.0400, 2.8104
(19, 2): 0.0898, 11.0400, 2.8104
(19, 3): 0.1153, 11.0353, 4.6020
(19, 4): 0.1333, 11.0022, 5.0297
(19, 5): 0.0858, 11.0872, 4.4322
(19, 6): 0.0858, 11.0872, 4.4322
(19, 7): -0.0163, 11.0197, 4.0606
(19, 8): -0.1310, 11.0226, 4.8580
(19, 9): -0.1310, 11.0226, 4.8580
(19, 10): -0.0443, 11.0077, 4.5321
(19, 11): 0.0993, 11.0522, 3.8305
(19, 12): 0.0993, 11.0522, 3.8305
(19, 13): 0.0345, 11.2184, 4.2855
(19, 14): -0.1235, 11.0210, 5.4984
(19, 15): -0.1235, 11.0210, 5.4984
(19, 16): -0.1965, 11.0261, 6.0293
(19, 17): -0.0916, 11.0184, 6.3042
(19, 18): 0.1788, 11.0479, 4.2889
(19, 19): 0.1788, 11.0479, 4.2889
(19, 20): 0.1607, 11.1161, 4.5258
(19, 21): 0.2450, 11.0109, 5.1082
(19, 22): 0.2450, 11.0109, 5.1082
(19, 23): 0.2372, 11.1299, 4.3274
(19, 24): 0.2286, 11.0453, 4.2974
(19, 25): 0.2286, 11.0453, 4.2974
(19, 26): 0.0991, 11.0539, 4.7513
(19, 27): 0.0982, 11.0118, 4.1696
(19, 28): 0.0982, 11.0118, 4.1696
(19, 29): 0.1897, 11.0822, 3.4563
(19, 30): 0.1374, 11.0539, 3.9408
(19, 31): 0.1467, 11.2610, 3.6922
(19, 32): 0.1467, 11.2610, 3.6922
(19, 33): 0.0830, 11.0721, 4.2640
(19, 34): 0.1147, 11.0572, 4.1891
(19, 35): 0.1147, 11.0572, 4.1891
(19, 36): 0.0613, 11.0066, 4.7094
(19, 37): 0.1967, 11.0387, 3.9191
(20, 1): 0.0888, 11.0938, 3.3841
(20, 2): 0.0888, 11.0938, 3.3841
(20, 3): -0.0108, 11.2170, 5.4293
(20, 4): 0.1167, 11.0012, 4.6780
(20, 5): 0.1635, 11.1130, 3.8234
(20, 6): 0.1635, 11.1130, 3.8234
(20, 7): 0.1249, 11.0165, 3.8000
(20, 8): 0.0392, 11.2159, 4.4525
(20, 9): 0.0392, 11.2159, 4.4525
(20, 10): 0.0132, 11.0686, 4.6066
(20, 11): 0.1371, 11.0014, 4.7623
(20, 12): 0.1371, 11.0014, 4.7623
(20, 13): 0.1096, 11.0962, 5.0164
(20, 14): 0.0341, 11.0342, 5.7938
(20, 15): 0.0341, 11.0342, 5.7938
(20, 16): -0.0524, 11.0506, 5.9550
(20, 17): 0.0321, 11.0522, 5.3193
(20, 18): 0.0801, 11.0489, 4.8851
(20, 19): 0.0801, 11.0489, 4.8851
(20, 20): 0.1511, 11.0629, 5.0304
(20, 21): 0.2742, 11.0207, 4.1172
(20, 22): 0.2742, 11.0207, 4.1172
(20, 23): 0.1885, 11.0522, 3.9668
(20, 24): 0.2609, 11.0541, 4.4804
(20, 25): 0.2609, 11.0541, 4.4804
(20, 26): 0.1789, 11.0270, 5.1763
(20, 27): 0.1738, 11.0052, 4.8437
(20, 28): 0.1738, 11.0052, 4.8437
(20, 29): 0.1161, 11.1027, 4.9214
(20, 30): 0.0850, 11.0069, 4.3122
(20, 31): 0.0952, 11.0199, 4.1775
(20, 32): 0.0952, 11.0199, 4.1775
(20, 33): 0.0823, 11.0972, 4.1828
(20, 34): 0.0894, 11.1209, 3.9428
(20, 35): 0.0894, 11.1209, 3.9428
(20, 36): 0.2175, 11.0368, 3.5332
(20, 37): 0.2791, 11.0602, 3.8890
(21, 1): 0.3110, 11.0733, 2.9520
(21, 2): 0.0493, 11.1405, 4.5610
(21, 3): 0.0493, 11.1405, 4.5610
(21, 4): 0.1055, 11.0334, 4.3534
(21, 5): 0.0988, 11.0561, 4.8705
(21, 6): 0.0988, 11.0561, 4.8705
(21, 7): 0.1706, 11.0883, 4.0616
(21, 8): 0.1744, 11.0793, 4.1456
(21, 9): 0.1744, 11.0793, 4.1456
(21, 10): 0.1982, 11.0173, 3.9133
(21, 11): 0.3338, 11.0586, 3.3562
(21, 12): 0.3338, 11.0586, 3.3562
(21, 13): 0.1779, 11.0141, 4.6147
(21, 14): 0.1130, 11.2025, 5.1311
(21, 15): 0.1130, 11.2025, 5.1311
(21, 16): 0.1032, 11.1891, 5.2819
(21, 17): 0.1749, 11.0123, 4.3613
(21, 18): 0.2671, 11.0058, 3.6468
(21, 19): 0.2671, 11.0058, 3.6468
(21, 20): 0.1949, 11.0838, 4.8124
(21, 21): 0.3640, 11.0712, 3.4409
(21, 22): 0.3640, 11.0712, 3.4409
(21, 23): 0.3848, 11.0298, 3.6358
(21, 24): 0.3104, 11.0289, 5.0703
(21, 25): 0.3104, 11.0289, 5.0703
(21, 26): 0.1878, 11.0900, 5.6137
(21, 27): 0.1938, 11.0325, 5.5375
(21, 28): 0.1938, 11.0325, 5.5375
(21, 29): 0.1427, 11.0358, 4.8457
(21, 30): 0.0982, 11.1042, 4.1226
(21, 31): 0.0746, 11.1163, 3.6677
(21, 32): 0.0746, 11.1163, 3.6677
(21, 33): 0.1454, 11.1495, 3.5037
(21, 34): 0.0381, 11.0408, 4.0784
(21, 35): 0.0381, 11.0408, 4.0784
(21, 36): 0.2170, 11.1460, 3.6030
(21, 37): 0.2337, 11.0071, 4.6717
(22, 1): 0.1032, 11.2674, 3.6629
(22, 2): 0.0912, 11.0365, 3.5985
(22, 3): 0.0912, 11.0365, 3.5985
(22, 4): 0.0692, 11.0094, 4.3751
(22, 5): 0.1958, 11.0024, 4.2268
(22, 6): 0.1958, 11.0024, 4.2268
(22, 7): 0.1280, 11.0483, 4.8697
(22, 8): 0.2224, 11.0018, 3.8259
(22, 9): 0.2224, 11.0018, 3.8259
(22, 10): 0.2883, 11.0084, 3.6138
(22, 11): 0.2894, 11.0095, 3.5127
(22, 12): 0.2894, 11.0095, 3.5127
(22, 13): 0.3114, 11.0194, 3.4908
(22, 14): 0.1488, 11.1127, 4.3390
(22, 15): 0.0208, 11.0401, 4.8040
(22, 16): 0.0208, 11.0401, 4.8040
(22, 17): 0.0918, 11.0891, 4.7006
(22, 18): 0.1242, 11.0432, 4.7673
(22, 19): 0.1242, 11.0432, 4.7673
(22, 20): 0.2554, 11.0022, 3.9066
(22, 21): 0.2599, 11.0294, 3.7247
(22, 22): 0.2599, 11.0294, 3.7247
(22, 23): 0.2884, 11.0203, 4.0469
(22, 24): 0.3507, 11.0029, 4.0298
(22, 25): 0.3507, 11.0029, 4.0298
(22, 26): 0.2481, 11.0128, 4.9591
(22, 27): 0.2457, 11.0371, 5.1650
(22, 28): 0.2457, 11.0371, 5.1650
(22, 29): 0.1895, 11.1790, 5.2282
(22, 30): 0.1200, 11.0435, 5.2288
(22, 31): 0.0508, 11.0547, 5.7685
(22, 32): 0.0508, 11.0547, 5.7685
(22, 33): -0.0106, 11.0035, 5.1809
(22, 34): 0.0928, 11.1370, 3.6880
(22, 35): 0.0928, 11.1370, 3.6880
(22, 36): 0.1981, 11.0479, 3.5892
(22, 37): 0.1097, 11.0773, 4.6992
(23, 1): 0.0311, 11.1048, 3.5086
(23, 2): 0.2830, 11.0073, 2.2066
(23, 3): 0.2830, 11.0073, 2.2066
(23, 4): 0.0033, 11.0315, 4.8773
(23, 5): 0.1345, 11.0742, 4.2414
(23, 6): 0.1345, 11.0742, 4.2414
(23, 7): 0.1600, 11.0212, 4.6315
(23, 8): 0.1651, 11.0500, 4.3691
(23, 9): 0.1651, 11.0500, 4.3691
(23, 10): 0.2452, 11.1508, 3.6219
(23, 11): 0.2406, 11.0065, 3.5398
(23, 12): 0.2406, 11.0065, 3.5398
(23, 13): 0.2001, 11.0310, 3.5752
(23, 14): 0.1441, 11.0516, 4.1436
(23, 15): -0.0004, 11.2197, 5.1263
(23, 16): -0.0004, 11.2197, 5.1263
(23, 17): -0.0294, 11.0422, 5.8143
(23, 18): 0.2921, 11.3904, 4.6774
(23, 19): 0.2921, 11.3904, 4.6774
(23, 20): 0.1304, 11.0243, 4.9110
(23, 21): 0.1412, 11.0016, 4.5106
(23, 22): 0.1412, 11.0016, 4.5106
(23, 23): 0.2899, 11.3494, 3.8671
(23, 24): 0.3799, 11.0143, 3.8131
(23, 25): 0.3799, 11.0143, 3.8131
(23, 26): 0.4096, 11.0007, 3.7638
(23, 27): 0.3399, 11.0645, 4.3649
(23, 28): 0.3399, 11.0645, 4.3649
(23, 29): 0.3282, 11.0018, 5.5678
(23, 30): 0.1035, 11.0396, 5.2471
(23, 31): 0.0455, 11.0721, 5.4264
(23, 32): 0.0455, 11.0721, 5.4264
(23, 33): -0.0068, 11.1074, 4.3825
(23, 34): 0.0665, 11.0011, 3.5573
(23, 35): 0.0665, 11.0011, 3.5573
(23, 36): 0.2054, 11.0917, 3.7773
(23, 37): 0.1401, 11.0884, 3.9657
(24, 1): 0.1355, 11.3390, 2.8064
(24, 2): 0.0291, 11.0583, 3.5991
(24, 3): 0.0291, 11.0583, 3.5991
(24, 4): -0.0623, 11.0930, 5.4783
(24, 5): -0.1461, 11.0803, 5.1920
(24, 6): -0.1461, 11.0803, 5.1920
(24, 7): 0.1032, 11.0198, 4.3268
(24, 8): 0.1682, 11.0034, 3.4889
(24, 9): 0.1682, 11.0034, 3.4889
(24, 10): 0.1970, 11.0424, 3.4117
(24, 11): 0.3844, 11.1902, 2.4835
(24, 12): 0.3844, 11.1902, 2.4835
(24, 13): 0.2001, 11.0310, 3.5752
(24, 14): 0.1441, 11.0516, 4.1436
(24, 15): -0.0004, 11.2197, 5.1263
(24, 16): -0.0004, 11.2197, 5.1263
(24, 17): -0.0294, 11.0422, 5.8143
(24, 18): 0.2921, 11.3904, 4.6774
(24, 19): 0.2921, 11.3904, 4.6774
(24, 20): 0.1304, 11.0243, 4.9110
(24, 21): 0.1412, 11.0016, 4.5106
(24, 22): 0.1412, 11.0016, 4.5106
(24, 23): 0.2899, 11.3494, 3.8671
(24, 24): 0.3799, 11.0143, 3.8131
(24, 25): 0.3799, 11.0143, 3.8131
(24, 26): 0.4096, 11.0007, 3.7638
(24, 27): 0.3399, 11.0645, 4.3649
(24, 28): 0.3399, 11.0645, 4.3649
(24, 29): 0.3282, 11.0018, 5.5678
(24, 30): 0.1035, 11.0396, 5.2471
(24, 31): 0.0585, 11.0093, 6.4178
(24, 32): 0.0198, 11.1005, 6.7877
(24, 33): 0.0044, 11.0263, 5.8669
(24, 34): 0.0445, 11.0175, 4.4152
(24, 35): 0.0445, 11.0175, 4.4152
(24, 36): 0.1492, 11.0005, 4.1274
(24, 37): 0.0963, 11.0517, 4.6127
(25, 1): -0.0727, 11.2210, 4.0214
(25, 2): -0.0570, 11.0530, 4.0258
(25, 3): -0.0570, 11.0530, 4.0258
(25, 4): -0.1011, 11.2241, 4.5644
(25, 5): -0.0707, 11.0457, 4.4876
(25, 6): -0.0707, 11.0457, 4.4876
(25, 7): 0.1032, 11.0198, 4.3268
(25, 8): 0.1682, 11.0034, 3.4889
(25, 9): 0.1682, 11.0034, 3.4889
(25, 10): 0.1970, 11.0424, 3.4117
(25, 11): 0.3844, 11.1902, 2.4835
(25, 12): 0.3844, 11.1902, 2.4835
(25, 13): 0.2929, 11.2575, 3.0807
(25, 14): 0.2237, 11.1283, 3.8907
(25, 15): 0.2164, 11.0537, 4.2177
(25, 16): 0.2164, 11.0537, 4.2177
(25, 17): 0.2866, 11.2315, 3.7268
(25, 18): 0.2483, 11.0026, 5.0818
(25, 19): 0.2483, 11.0026, 5.0818
(25, 20): 0.1831, 11.0875, 4.6867
(25, 21): 0.1917, 11.0813, 4.6186
(25, 22): 0.1917, 11.0813, 4.6186
(25, 23): 0.1916, 11.1842, 4.4696
(25, 24): 0.2322, 11.0250, 4.2661
(25, 25): 0.2322, 11.0250, 4.2661
(25, 26): 0.2785, 11.0634, 3.9830
(25, 27): 0.1936, 11.0131, 4.3087
(25, 28): 0.1936, 11.0131, 4.3087
(25, 29): 0.1091, 11.0532, 4.7160
(25, 30): 0.0585, 11.0093, 6.4178
(25, 31): 0.0585, 11.0093, 6.4178
(25, 32): 0.0198, 11.1005, 6.7877
(25, 33): 0.0044, 11.0263, 5.8669
(25, 34): 0.0445, 11.0175, 4.4152
(25, 35): 0.0445, 11.0175, 4.4152
(25, 36): 0.1492, 11.0005, 4.1274
(25, 37): -0.0166, 11.0277, 5.9556
(26, 1): 0.0994, 11.1808, 3.0546
(26, 2): -0.0570, 11.0530, 4.0258
(26, 3): -0.0570, 11.0530, 4.0258
(26, 4): -0.1011, 11.2241, 4.5644
(26, 5): -0.0707, 11.0457, 4.4876
(26, 6): -0.0707, 11.0457, 4.4876
(26, 7): 0.0554, 11.0054, 3.9544
(26, 8): -0.0224, 11.0929, 4.4124
(26, 9): -0.0224, 11.0929, 4.4124
(26, 10): 0.0238, 11.0152, 4.4651
(26, 11): 0.2530, 11.1418, 3.1369
(26, 12): 0.2530, 11.1418, 3.1369
(26, 13): 0.2520, 11.0203, 3.3117
(26, 14): 0.2648, 11.0318, 3.5437
(26, 15): 0.1443, 11.0309, 4.4951
(26, 16): 0.1443, 11.0309, 4.4951
(26, 17): 0.3159, 11.0058, 3.3293
(26, 18): 0.2722, 11.0523, 3.8111
(26, 19): 0.2722, 11.0523, 3.8111
(26, 20): 0.2215, 11.0504, 4.8313
(26, 21): 0.2699, 11.0298, 4.3774
(26, 22): 0.2699, 11.0298, 4.3774
(26, 23): 0.2560, 11.0299, 3.8703
(26, 24): 0.2396, 11.1020, 3.9414
(26, 25): 0.2396, 11.1020, 3.9414
(26, 26): 0.2308, 11.0730, 4.0968
(26, 27): 0.1968, 11.0299, 4.6134
(26, 28): 0.1968, 11.0299, 4.6134
(26, 29): 0.1852, 11.0436, 5.4846
(26, 30): 0.0918, 11.0723, 6.2743
(26, 31): 0.0918, 11.0723, 6.2743
(26, 32): 0.0030, 11.1208, 6.9782
(26, 33): 0.0976, 11.0063, 4.6606
(26, 34): 0.0853, 11.0347, 4.4960
(26, 35): 0.0853, 11.0347, 4.4960
(26, 36): 0.1407, 11.0286, 3.6252
(26, 37): -0.0166, 11.0277, 5.9556
(27, 1): 0.0994, 11.1808, 3.0546
(27, 2): -0.1585, 11.0250, 4.8375
(27, 3): -0.1585, 11.0250, 4.8375
(27, 4): -0.1498, 11.3301, 4.9303
(27, 5): -0.1027, 11.0227, 4.9184
(27, 6): -0.1027, 11.0227, 4.9184
(27, 7): -0.0465, 11.0605, 4.6635
(27, 8): -0.0040, 11.0711, 4.3882
(27, 9): -0.0040, 11.0711, 4.3882
(27, 10): -0.0785, 11.0037, 4.8255
(27, 11): -0.0640, 11.0033, 4.8282
(27, 12): 0.0304, 11.0153, 4.4155
(27, 13): 0.0304, 11.0153, 4.4155
(27, 14): 0.3128, 11.0419, 3.3037
(27, 15): 0.2469, 11.0571, 3.6398
(27, 16): 0.2469, 11.0571, 3.6398
(27, 17): 0.2248, 11.2116, 3.9933
(27, 18): 0.2348, 11.0474, 4.2248
(27, 19): 0.2348, 11.0474, 4.2248
(27, 20): 0.1997, 11.0877, 4.4286
(27, 21): 0.1666, 11.0695, 4.6934
(27, 22): 0.1666, 11.0695, 4.6934
(27, 23): 0.2225, 11.0613, 4.3728
(27, 24): 0.2477, 11.0171, 3.9744
(27, 25): 0.2477, 11.0171, 3.9744
(27, 26): 0.3542, 11.0508, 3.5749
(27, 27): 0.1464, 11.0903, 4.6339
(27, 28): 0.1464, 11.0903, 4.6339
(27, 29): 0.2699, 11.0163, 4.1410
(27, 30): 0.0563, 11.1126, 5.6247
(27, 31): 0.0563, 11.1126, 5.6247
(27, 32): 0.1646, 11.3880, 5.9326
(27, 33): -0.0855, 11.0587, 6.5141
(27, 34): -0.0855, 11.0587, 6.5141
(27, 35): -0.0101, 11.0511, 5.2980
(27, 36): -0.0495, 11.0056, 4.7199
(27, 37): 0.0368, 11.0016, 4.4164
(28, 1): 0.1044, 11.0415, 3.2413
(28, 2): -0.0979, 11.0379, 3.7395
(28, 3): -0.0979, 11.0379, 3.7395
(28, 4): -0.2807, 11.0038, 5.9582
(28, 5): -0.0861, 11.1560, 4.7930
(28, 6): -0.0861, 11.1560, 4.7930
(28, 7): -0.0486, 11.0014, 4.6508
(28, 8): 0.0516, 11.0447, 4.1792
(28, 9): 0.0516, 11.0447, 4.1792
(28, 10): -0.1152, 11.0395, 5.1916
(28, 11): -0.1139, 11.0800, 5.4260
(28, 12): 0.0455, 11.0693, 4.4944
(28, 13): 0.0455, 11.0693, 4.4944
(28, 14): 0.4166, 11.0699, 2.7584
(28, 15): 0.2774, 11.0048, 3.4165
(28, 16): 0.2774, 11.0048, 3.4165
(28, 17): 0.3244, 11.2937, 3.1544
(28, 18): 0.2893, 11.0247, 3.5055
(28, 19): 0.2893, 11.0247, 3.5055
(28, 20): 0.1763, 11.0227, 4.6485
(28, 21): 0.3023, 11.0238, 3.7801
(28, 22): 0.3023, 11.0238, 3.7801
(28, 23): 0.2138, 11.0737, 4.6392
(28, 24): 0.2468, 11.0543, 4.0655
(28, 25): 0.2468, 11.0543, 4.0655
(28, 26): 0.2070, 11.0316, 3.8870
(28, 27): 0.1638, 11.0663, 4.5470
(28, 28): 0.1638, 11.0663, 4.5470
(28, 29): 0.0618, 11.0186, 5.0786
(28, 30): 0.0399, 11.2055, 5.5660
(28, 31): 0.0399, 11.2055, 5.5660
(28, 32): 0.0069, 11.0309, 6.7426
(28, 33): -0.0109, 11.1056, 6.5402
(28, 34): -0.0109, 11.1056, 6.5402
(28, 35): 0.0287, 11.0068, 5.0865
(28, 36): -0.1116, 11.1011, 5.1148
(28, 37): -0.0328, 11.0316, 4.4120
(29, 1): -0.0402, 11.0026, 4.0013
(29, 2): -0.1132, 11.1272, 3.9293
(29, 3): -0.1132, 11.1272, 3.9293
(29, 4): -0.2753, 11.1779, 5.9703
(29, 5): -0.1847, 11.0118, 5.3316
(29, 6): -0.1847, 11.0118, 5.3316
(29, 7): 0.0135, 11.0582, 4.2095
(29, 8): 0.0367, 11.1829, 4.4021
(29, 9): -0.0494, 11.1121, 4.8722
(29, 10): -0.0494, 11.1121, 4.8722
(29, 11): 0.0197, 11.0132, 4.9500
(29, 12): 0.1972, 11.1615, 4.0534
(29, 13): 0.1972, 11.1615, 4.0534
(29, 14): 0.2412, 11.0000, 3.8101
(29, 15): 0.2695, 11.0149, 3.3033
(29, 16): 0.2695, 11.0149, 3.3033
(29, 17): 0.1828, 11.0302, 3.7890
(29, 18): 0.1445, 11.0582, 4.3328
(29, 19): 0.1445, 11.0582, 4.3328
(29, 20): 0.0856, 11.0684, 5.4585
(29, 21): 0.2169, 11.1210, 4.4199
(29, 22): 0.2169, 11.1210, 4.4199
(29, 23): 0.2394, 11.0369, 3.8175
(29, 24): 0.3549, 11.0312, 2.6076
(29, 25): 0.3549, 11.0312, 2.6076
(29, 26): 0.2517, 11.2109, 3.0666
(29, 27): 0.0939, 11.0496, 5.0582
(29, 28): 0.0939, 11.0496, 5.0582
(29, 29): 0.0674, 11.0012, 4.9361
(29, 30): -0.0424, 11.0032, 6.2366
(29, 31): -0.0424, 11.0032, 6.2366
(29, 32): -0.0217, 11.0281, 6.4964
(29, 33): 0.1147, 11.1978, 5.5699
(29, 34): 0.1147, 11.1978, 5.5699
(29, 35): 0.0372, 11.0218, 4.7224
(29, 36): -0.1446, 11.0492, 5.6008
(29, 37): -0.1446, 11.0492, 5.6008
(30, 1): -0.0563, 11.0195, 4.0538
(30, 2): -0.1725, 11.1143, 5.4636
(30, 3): -0.1725, 11.1143, 5.4636
(30, 4): -0.2237, 11.1257, 5.5901
(30, 5): -0.2099, 11.0387, 5.5440
(30, 6): -0.1278, 11.0024, 5.5790
(30, 7): -0.1278, 11.0024, 5.5790
(30, 8): -0.0619, 11.0469, 5.5721
(30, 9): 0.1100, 11.0857, 4.4484
(30, 10): 0.1100, 11.0857, 4.4484
(30, 11): 0.0609, 11.0740, 4.9980
(30, 12): -0.0159, 11.0348, 5.6550
(30, 13): -0.0159, 11.0348, 5.6550
(30, 14): -0.0375, 11.1492, 5.9066
(30, 15): 0.0826, 11.0069, 4.5133
(30, 16): 0.0826, 11.0069, 4.5133
(30, 17): 0.1137, 11.1098, 4.2179
(30, 18): 0.1201, 11.0508, 4.7807
(30, 19): 0.1201, 11.0508, 4.7807
(30, 20): 0.0893, 11.0220, 5.4384
(30, 21): 0.1192, 11.0647, 5.0486
(30, 22): 0.1192, 11.0647, 5.0486
(30, 23): 0.1290, 11.0037, 3.8836
(30, 24): 0.2039, 11.0059, 3.6096
(30, 25): 0.2039, 11.0059, 3.6096
(30, 26): 0.1586, 11.0173, 3.9049
(30, 27): 0.0220, 11.0847, 5.6386
(30, 28): 0.0220, 11.0847, 5.6386
(30, 29): -0.0948, 11.0411, 6.4933
(30, 30): 0.0369, 11.0088, 6.1589
(30, 31): 0.0369, 11.0088, 6.1589
(30, 32): -0.0453, 11.0927, 7.7034
(30, 33): 0.1017, 11.0122, 5.8211
(30, 34): 0.1017, 11.0122, 5.8211
(30, 35): 0.0041, 11.0233, 5.5768
(30, 36): 0.0982, 11.0318, 4.1766
(30, 37): 0.0982, 11.0318, 4.1766
(31, 1): -0.0563, 11.0195, 4.0538
(31, 2): -0.1725, 11.1143, 5.4636
(31, 3): -0.2237, 11.1257, 5.5901
(31, 4): -0.2237, 11.1257, 5.5901
(31, 5): -0.2099, 11.0387, 5.5440
(31, 6): -0.1278, 11.0024, 5.5790
(31, 7): -0.1278, 11.0024, 5.5790
(31, 8): -0.0619, 11.0469, 5.5721
(31, 9): 0.1100, 11.0857, 4.4484
(31, 10): 0.1100, 11.0857, 4.4484
(31, 11): 0.0609, 11.0740, 4.9980
(31, 12): -0.0159, 11.0348, 5.6550
(31, 13): -0.0159, 11.0348, 5.6550
(31, 14): -0.0375, 11.1492, 5.9066
(31, 15): 0.0826, 11.0069, 4.5133
(31, 16): 0.0826, 11.0069, 4.5133
(31, 17): 0.1137, 11.1098, 4.2179
(31, 18): 0.1201, 11.0508, 4.7807
(31, 19): 0.1201, 11.0508, 4.7807
(31, 20): 0.0893, 11.0220, 5.4384
(31, 21): 0.1192, 11.0647, 5.0486
(31, 22): 0.1192, 11.0647, 5.0486
(31, 23): 0.1290, 11.0037, 3.8836
(31, 24): 0.2039, 11.0059, 3.6096
(31, 25): 0.2039, 11.0059, 3.6096
(31, 26): 0.1586, 11.0173, 3.9049
(31, 27): 0.0220, 11.0847, 5.6386
(31, 28): 0.0220, 11.0847, 5.6386
(31, 29): -0.0948, 11.0411, 6.4933
(31, 30): 0.0369, 11.0088, 6.1589
(31, 31): 0.0369, 11.0088, 6.1589
(31, 32): -0.0453, 11.0927, 7.7034
(31, 33): 0.1017, 11.0122, 5.8211
(31, 34): 0.1017, 11.0122, 5.8211
(31, 35): 0.0041, 11.0233, 5.5768
(31, 36): 0.0982, 11.0318, 4.1766
(31, 37): 0.0982, 11.0318, 4.1766
(32, 1): -0.0563, 11.0195, 4.0538
(32, 2): -0.1725, 11.1143, 5.4636
(32, 3): -0.2237, 11.1257, 5.5901
(32, 4): -0.2237, 11.1257, 5.5901
(32, 5): -0.2099, 11.0387, 5.5440
(32, 6): -0.1278, 11.0024, 5.5790
(32, 7): -0.1278, 11.0024, 5.5790
(32, 8): -0.0619, 11.0469, 5.5721
(32, 9): 0.1100, 11.0857, 4.4484
(32, 10): 0.1100, 11.0857, 4.4484
(32, 11): 0.0609, 11.0740, 4.9980
(32, 12): -0.0159, 11.0348, 5.6550
(32, 13): -0.0159, 11.0348, 5.6550
(32, 14): -0.0375, 11.1492, 5.9066
(32, 15): 0.0826, 11.0069, 4.5133
(32, 16): 0.0826, 11.0069, 4.5133
(32, 17): 0.1137, 11.1098, 4.2179
(32, 18): 0.1201, 11.0508, 4.7807
(32, 19): 0.1201, 11.0508, 4.7807
(32, 20): 0.0893, 11.0220, 5.4384
(32, 21): 0.1192, 11.0647, 5.0486
(32, 22): 0.1192, 11.0647, 5.0486
(32, 23): 0.1290, 11.0037, 3.8836
(32, 24): 0.2039, 11.0059, 3.6096
(32, 25): 0.2039, 11.0059, 3.6096
(32, 26): 0.1586, 11.0173, 3.9049
(32, 27): 0.0220, 11.0847, 5.6386
(32, 28): 0.0220, 11.0847, 5.6386
(32, 29): -0.0948, 11.0411, 6.4933
(32, 30): 0.0369, 11.0088, 6.1589
(32, 31): 0.0369, 11.0088, 6.1589
(32, 32): -0.0453, 11.0927, 7.7034
(32, 33): 0.1017, 11.0122, 5.8211
(32, 34): 0.1017, 11.0122, 5.8211
(32, 35): 0.0041, 11.0233, 5.5768
(32, 36): 0.0982, 11.0318, 4.1766
(32, 37): 0.0982, 11.0318, 4.1766
