(10, 7): nan, nan, nan, 0.0000
(10, 8): nan, nan, nan, 0.0000
(10, 9): nan, nan, nan, 0.0000
(10, 10): 0.0792, 0.7506, 0.4356, 0.2012
(10, 11): 0.3825, 0.7794, 0.1462, 0.1987
(10, 12): 0.0568, 0.7506, 0.4704, 0.1965
(10, 13): nan, nan, nan, 0.0000
(10, 14): -2.7617, 0.7692, 0.2319, 0.1719
(10, 15): 0.0539, 0.7519, 0.7226, 0.2135
(10, 16): 0.0633, 0.7506, 0.7256, 0.1959
(10, 17): 0.0911, 0.7506, 0.7108, 0.1852
(10, 18): 0.1020, 0.7506, 0.7071, 0.1826
(10, 19): 0.0867, 0.7506, 0.7368, 0.1802
(10, 20): 0.0912, 0.7506, 0.7185, 0.1792
(10, 21): 0.0588, 0.7531, 0.7770, 0.1740
(10, 22): 0.0585, 0.7506, 0.8340, 0.1705
(10, 23): 0.0969, 0.7506, 0.8012, 0.1655
(10, 24): 0.1035, 0.7506, 0.8221, 0.1596
(10, 25): 0.0913, 0.7513, 0.8251, 0.1542
(10, 26): 0.0981, 0.7506, 0.7449, 0.1457
(10, 27): nan, nan, nan, 0.0000
(11, 1): nan, nan, nan, 0.0000
(11, 2): nan, nan, nan, 0.0000
(11, 3): nan, nan, nan, 0.0000
(11, 4): nan, nan, nan, 0.0000
(11, 5): nan, nan, nan, 0.0000
(11, 6): nan, nan, nan, 0.0000
(11, 7): nan, nan, nan, 0.0000
(11, 8): nan, nan, nan, 0.0000
(11, 9): nan, nan, nan, 0.0000
(11, 10): 0.1156, 0.7506, 0.5548, 0.1944
(11, 11): 0.1105, 0.7506, 0.7328, 0.1930
(11, 12): 0.1219, 0.7513, 0.7320, 0.1912
(11, 13): 0.0597, 0.7563, 0.2511, 0.1982
(11, 14): nan, nan, nan, 0.0000
(11, 15): nan, nan, nan, 0.0000
(11, 16): 2.5527, 0.7644, 0.0000, 0.1790
(11, 17): 0.0898, 0.7519, 0.7009, 0.1823
(11, 18): 0.0903, 0.7500, 0.6938, 0.1813
(11, 19): 0.0855, 0.7506, 0.7091, 0.1802
(11, 20): 0.0760, 0.7512, 0.7107, 0.1777
(11, 21): 0.0855, 0.7506, 0.7188, 0.1759
(11, 22): 0.0753, 0.7506, 0.7700, 0.1701
(11, 23): 0.0541, 0.7506, 0.8236, 0.1664
(11, 24): 0.0862, 0.7506, 0.7951, 0.1611
(11, 25): 0.1024, 0.7506, 0.7398, 0.1525
(11, 26): 0.0898, 0.7513, 0.6968, 0.1471
(11, 27): nan, nan, nan, 0.0000
(12, 1): nan, nan, nan, 0.0000
(12, 2): nan, nan, nan, 0.0000
(12, 3): nan, nan, nan, 0.0000
(12, 4): nan, nan, nan, 0.0000
(12, 5): nan, nan, nan, 0.0000
(12, 6): nan, nan, nan, 0.0000
(12, 7): nan, nan, nan, 0.0000
(12, 8): nan, nan, nan, 0.0000
(12, 9): nan, nan, nan, 0.0000
(12, 10): 0.0593, 0.7513, 0.7513, 0.1920
(12, 11): 0.0903, 0.7512, 0.7548, 0.1906
(12, 12): 0.0807, 0.7506, 0.7927, 0.1880
(12, 13): 0.0298, 0.7506, 0.6521, 0.1858
(12, 14): 0.0479, 0.7518, 0.3721, 0.1869
(12, 15): nan, nan, nan, 0.0000
(12, 16): 0.0670, 0.7519, 0.2198, 0.1999
(12, 17): 0.0643, 0.7512, 0.7153, 0.1819
(12, 18): 0.0763, 0.7512, 0.7045, 0.1776
(12, 19): 0.0781, 0.7512, 0.7121, 0.1779
(12, 20): 0.0764, 0.7506, 0.6962, 0.1754
(12, 21): 0.0420, 0.7506, 0.7534, 0.1729
(12, 22): 0.0744, 0.7506, 0.7755, 0.1667
(12, 23): 0.0474, 0.7506, 0.7625, 0.1655
(12, 24): 0.0667, 0.7506, 0.6309, 0.1624
(12, 25): 0.1170, 0.7569, 0.2185, 0.1647
(12, 26): 0.0773, 0.7531, 0.1969, 0.1543
(12, 27): nan, nan, nan, 0.0000
(13, 1): nan, nan, nan, 0.0000
(13, 2): nan, nan, nan, 0.0000
(13, 3): nan, nan, nan, 0.0000
(13, 4): nan, nan, nan, 0.0000
(13, 5): nan, nan, nan, 0.0000
(13, 6): nan, nan, nan, 0.0000
(13, 7): nan, nan, nan, 0.0000
(13, 8): nan, nan, nan, 0.0000
(13, 9): nan, nan, nan, 0.0000
(13, 10): 0.0576, 0.7512, 0.7870, 0.1877
(13, 11): 0.0475, 0.7506, 0.8088, 0.1827
(13, 12): 0.0649, 0.7513, 0.7399, 0.1817
(13, 13): 0.0037, 0.7506, 0.6600, 0.1822
(13, 14): 1.3259, 0.7513, 0.0153, 0.1753
(13, 15): nan, nan, nan, 0.0000
(13, 16): -1.4131, 0.7637, 0.0000, 0.1884
(13, 17): 0.0376, 0.7525, 0.5578, 0.1942
(13, 18): 0.0889, 0.7506, 0.6012, 0.1786
(13, 19): 0.0783, 0.7500, 0.7051, 0.1757
(13, 20): 0.0885, 0.7506, 0.7254, 0.1735
(13, 21): 0.0622, 0.7506, 0.7579, 0.1726
(13, 22): 0.0696, 0.7506, 0.7408, 0.1664
(13, 23): 0.0257, 0.7506, 0.7593, 0.1622
(13, 24): 0.0078, 0.7531, 0.6260, 0.1617
(13, 25): nan, nan, nan, 0.1460
(13, 26): nan, nan, nan, 0.0000
(13, 27): nan, nan, nan, 0.0000
(14, 1): nan, nan, nan, 0.0000
(14, 2): nan, nan, nan, 0.0000
(14, 3): nan, nan, nan, 0.0000
(14, 4): nan, nan, nan, 0.0000
(14, 5): nan, nan, nan, 0.0000
(14, 6): nan, nan, nan, 0.0000
(14, 7): nan, nan, nan, 0.0000
(14, 8): nan, nan, nan, 0.0000
(14, 9): nan, nan, nan, 0.0000
(14, 10): 0.0807, 0.7506, 0.7825, 0.1827
(14, 11): 0.0375, 0.7525, 0.8648, 0.1885
(14, 12): 0.0276, 0.7506, 0.7967, 0.1827
(14, 13): -1.5307, 0.7692, 0.3868, 0.1701
(14, 14): nan, nan, nan, 0.0000
(14, 15): nan, nan, nan, 0.1691
(14, 16): 0.0517, 0.7512, 0.5846, 0.1933
(14, 17): 0.0385, 0.7506, 0.7448, 0.1832
(14, 18): 0.0811, 0.7506, 0.7079, 0.1725
(14, 19): 0.0991, 0.7506, 0.7084, 0.1700
(14, 20): 0.1228, 0.7506, 0.6990, 0.1727
(14, 21): 0.1101, 0.7506, 0.6772, 0.1688
(14, 22): 0.0565, 0.7506, 0.7324, 0.1664
(14, 23): 0.0319, 0.7506, 0.7491, 0.1585
(14, 24): 0.0372, 0.7506, 0.6769, 0.1579
(14, 25): 0.0894, 0.7525, 0.3611, 0.1599
(14, 26): 0.1890, 0.7519, 0.3490, 0.1580
(14, 27): nan, nan, nan, 0.1387
(15, 1): nan, nan, nan, 0.0000
(15, 2): nan, nan, nan, 0.0000
(15, 3): nan, nan, nan, 0.0000
(15, 4): nan, nan, nan, 0.0000
(15, 5): nan, nan, nan, 0.0000
(15, 6): nan, nan, nan, 0.0000
(15, 7): nan, nan, nan, 0.0000
(15, 8): nan, nan, nan, 0.0000
(15, 9): -0.0095, 0.7512, 0.2270, 0.1928
(15, 10): 0.0676, 0.7506, 0.7814, 0.2097
(15, 11): 0.0462, 0.7506, 0.8165, 0.2026
(15, 12): 0.0339, 0.7525, 0.8442, 0.2132
(15, 13): 0.1294, 0.7506, 0.2400, 0.1997
(15, 14): nan, nan, nan, 0.1650
(15, 15): 0.0599, 0.7506, 0.6386, 0.1817
(15, 16): 0.0956, 0.7506, 0.7117, 0.1806
(15, 17): 0.0770, 0.7506, 0.6943, 0.1869
(15, 18): 0.0972, 0.7506, 0.6490, 0.1767
(15, 19): 0.0894, 0.7506, 0.7524, 0.1669
(15, 20): 0.0590, 0.7506, 0.7286, 0.1672
(15, 21): 0.0669, 0.7519, 0.6905, 0.1645
(15, 22): 0.0315, 0.7513, 0.7456, 0.1648
(15, 23): 0.0572, 0.7525, 0.7176, 0.1619
(15, 24): -0.0062, 0.7506, 0.8074, 0.1579
(15, 25): 0.0423, 0.7519, 0.7618, 0.1552
(15, 26): 0.0250, 0.7506, 0.7707, 0.1514
(15, 27): 0.1178, 0.7512, 0.3881, 0.1550
(16, 1): nan, nan, nan, 0.0000
(16, 2): nan, nan, nan, 0.0000
(16, 3): nan, nan, nan, 0.0000
(16, 4): nan, nan, nan, 0.0000
(16, 5): nan, nan, nan, 0.0000
(16, 6): nan, nan, nan, 0.0000
(16, 7): nan, nan, nan, 0.0000
(16, 8): nan, nan, nan, 0.0000
(16, 9): 0.0298, 0.7519, 0.2889, 0.1958
(16, 10): 0.0767, 0.7506, 0.7664, 0.2270
(16, 11): 0.0433, 0.7512, 0.8317, 0.2608
(16, 12): 0.0651, 0.7519, 0.7787, 0.1850
(16, 13): 0.1669, 0.7525, 0.2525, 0.1976
(16, 14): 0.0653, 0.7506, 0.7555, 0.1754
(16, 15): 0.0446, 0.7519, 0.8203, 0.1777
(16, 16): 0.0804, 0.7512, 0.6773, 0.1891
(16, 17): 0.0773, 0.7519, 0.6479, 0.1835
(16, 18): 0.0691, 0.7506, 0.8083, 0.1711
(16, 19): 0.0366, 0.7519, 0.8124, 0.1637
(16, 20): 0.0369, 0.7506, 0.7430, 0.1646
(16, 21): 0.0482, 0.7506, 0.7286, 0.1658
(16, 22): 0.0551, 0.7506, 0.7254, 0.1635
(16, 23): 0.0117, 0.7513, 0.7596, 0.1612
(16, 24): -0.0223, 0.7506, 0.8031, 0.1562
(16, 25): 0.0058, 0.7506, 0.7798, 0.1541
(16, 26): 0.0114, 0.7512, 0.7887, 0.1502
(16, 27): 0.0136, 0.7506, 0.4247, 0.1561
(17, 1): nan, nan, nan, 0.0000
(17, 2): nan, nan, nan, 0.0000
(17, 3): nan, nan, nan, 0.0000
(17, 4): nan, nan, nan, 0.0000
(17, 5): nan, nan, nan, 0.0000
(17, 6): nan, nan, nan, 0.0000
(17, 7): nan, nan, nan, 0.0000
(17, 8): nan, nan, nan, 0.0000
(17, 9): 0.0381, 0.7506, 0.5636, 0.1865
(17, 10): 0.0269, 0.7513, 0.8267, 0.1951
(17, 11): 0.0580, 0.7512, 0.8050, 0.1846
(17, 12): 0.0615, 0.7513, 0.7993, 0.2088
(17, 13): 0.0530, 0.7506, 0.6365, 0.1836
(17, 14): 0.0406, 0.7506, 0.6176, 0.1814
(17, 15): 0.0273, 0.7506, 0.7439, 0.1783
(17, 16): 0.0524, 0.7512, 0.7106, 0.1742
(17, 17): 0.0628, 0.7512, 0.8042, 0.1698
(17, 18): 0.0524, 0.7506, 0.8333, 0.1720
(17, 19): 0.0344, 0.7506, 0.8304, 0.1704
(17, 20): 0.0229, 0.7512, 0.7983, 0.1625
(17, 21): 0.0067, 0.7513, 0.7890, 0.1654
(17, 22): -0.0118, 0.7506, 0.8155, 0.1662
(17, 23): 0.0159, 0.7512, 0.7264, 0.1644
(17, 24): -0.0026, 0.7525, 0.7752, 0.1621
(17, 25): 0.0185, 0.7506, 0.7937, 0.1574
(17, 26): 0.0174, 0.7506, 0.6725, 0.1565
(17, 27): nan, nan, nan, 0.0000
(18, 1): nan, nan, nan, 0.0000
(18, 2): nan, nan, nan, 0.0000
(18, 3): nan, nan, nan, 0.0000
(18, 4): nan, nan, nan, 0.0000
(18, 5): nan, nan, nan, 0.0000
(18, 6): nan, nan, nan, 0.0000
(18, 7): nan, nan, nan, 0.0000
(18, 8): nan, nan, nan, 0.1674
(18, 9): 0.0445, 0.7531, 0.7718, 0.1865
(18, 10): 0.0543, 0.7519, 0.8109, 0.1871
(18, 11): 0.0819, 0.7506, 0.7740, 0.1832
(18, 12): 0.0736, 0.7519, 0.7319, 0.1787
(18, 13): 0.0762, 0.7506, 0.7445, 0.1751
(18, 14): 0.0393, 0.7512, 0.8132, 0.1701
(18, 15): 0.0120, 0.7519, 0.8425, 0.1680
(18, 16): 0.0188, 0.7506, 0.7944, 0.1645
(18, 17): 0.0404, 0.7531, 0.7786, 0.1704
(18, 18): 0.0454, 0.7506, 0.7969, 0.1722
(18, 19): 0.0094, 0.7506, 0.8632, 0.1790
(18, 20): -0.0001, 0.7506, 0.8233, 0.1610
(18, 21): -0.0002, 0.7512, 0.7798, 0.1634
(18, 22): -0.0049, 0.7506, 0.7705, 0.1660
(18, 23): 0.0268, 0.7506, 0.7531, 0.1633
(18, 24): 0.0244, 0.7506, 0.7340, 0.1591
(18, 25): 0.0290, 0.7512, 0.6355, 0.1568
(18, 26): -0.1080, 0.7506, 0.1392, 0.1624
(18, 27): nan, nan, nan, 0.0000
(19, 1): nan, nan, nan, 0.0000
(19, 2): nan, nan, nan, 0.0000
(19, 3): nan, nan, nan, 0.0000
(19, 4): nan, nan, nan, 0.0000
(19, 5): nan, nan, nan, 0.0000
(19, 6): nan, nan, nan, 0.0000
(19, 7): nan, nan, nan, 0.0000
(19, 8): 1.2618, 0.7506, 0.3086, 0.1857
(19, 9): 0.0314, 0.7506, 0.8685, 0.2330
(19, 10): 0.0732, 0.7506, 0.8083, 0.1776
(19, 11): 0.0776, 0.7506, 0.7315, 0.1810
(19, 12): 0.0658, 0.7531, 0.7361, 0.1743
(1, 1): nan, nan, nan, 0.0000
(1, 2): nan, nan, nan, 0.0000
(1, 3): nan, nan, nan, 0.0000
(1, 4): nan, nan, nan, 0.0000
(1, 5): nan, nan, nan, 0.0000
(1, 6): nan, nan, nan, 0.0000
(1, 7): nan, nan, nan, 0.0000
(1, 8): nan, nan, nan, 0.0000
(1, 9): nan, nan, nan, 0.0000
(1, 10): nan, nan, nan, 0.0000
(1, 11): nan, nan, nan, 0.0000
(1, 12): nan, nan, nan, 0.0000
(1, 13): nan, nan, nan, 0.0000
(1, 14): nan, nan, nan, 0.0000
(1, 15): nan, nan, nan, 0.0000
(1, 16): nan, nan, nan, 0.0000
(1, 17): nan, nan, nan, 0.0000
(1, 18): nan, nan, nan, 0.0000
(1, 19): nan, nan, nan, 0.0000
(1, 20): nan, nan, nan, 0.0000
(1, 21): nan, nan, nan, 0.0000
(1, 22): nan, nan, nan, 0.0000
(1, 23): nan, nan, nan, 0.0000
(1, 24): nan, nan, nan, 0.0000
(1, 25): nan, nan, nan, 0.0000
(1, 26): nan, nan, nan, 0.0000
(1, 27): nan, nan, nan, 0.0000
(2, 1): nan, nan, nan, 0.0000
(2, 2): nan, nan, nan, 0.0000
(2, 3): nan, nan, nan, 0.0000
(2, 4): nan, nan, nan, 0.0000
(2, 5): nan, nan, nan, 0.0000
(2, 6): nan, nan, nan, 0.0000
(2, 7): nan, nan, nan, 0.0000
(2, 8): nan, nan, nan, 0.0000
(2, 9): nan, nan, nan, 0.0000
(2, 10): nan, nan, nan, 0.0000
(2, 11): nan, nan, nan, 0.0000
(2, 12): nan, nan, nan, 0.0000
(2, 13): nan, nan, nan, 0.0000
(2, 14): nan, nan, nan, 0.0000
(2, 15): nan, nan, nan, 0.0000
(2, 16): nan, nan, nan, 0.0000
(2, 17): nan, nan, nan, 0.0000
(2, 18): nan, nan, nan, 0.0000
(2, 19): nan, nan, nan, 0.0000
(2, 20): 0.8071, 0.7544, 0.0047, 0.1750
(2, 21): -2.2499, 0.7673, 0.0413, 0.1687
(2, 22): nan, nan, nan, 0.0000
(2, 23): nan, nan, nan, 0.0000
(2, 24): nan, nan, nan, 0.0000
(2, 25): nan, nan, nan, 0.0000
(2, 26): nan, nan, nan, 0.0000
(2, 27): nan, nan, nan, 0.0000
(3, 1): nan, nan, nan, 0.0000
(3, 2): nan, nan, nan, 0.0000
(3, 3): nan, nan, nan, 0.0000
(3, 4): nan, nan, nan, 0.0000
(3, 5): nan, nan, nan, 0.0000
(3, 6): nan, nan, nan, 0.0000
(3, 7): nan, nan, nan, 0.0000
(3, 8): nan, nan, nan, 0.0000
(3, 9): nan, nan, nan, 0.0000
(3, 10): nan, nan, nan, 0.0000
(3, 11): nan, nan, nan, 0.0000
(3, 12): nan, nan, nan, 0.0000
(3, 13): nan, nan, nan, 0.0000
(3, 14): nan, nan, nan, 0.0000
(3, 15): nan, nan, nan, 0.0000
(3, 16): -0.1128, 0.7531, 0.2722, 0.2055
(3, 17): 0.5109, 0.7550, 0.2020, 0.2083
(3, 18): 10.2507, 0.7569, 0.0000, 0.1935
(3, 19): -0.2628, 0.7569, 0.3528, 0.1906
(3, 20): -1.7471, 0.7648, 0.1423, 0.1848
(3, 21): -0.4349, 0.7537, 0.2726, 0.1859
(3, 22): 0.0667, 0.7506, 0.4439, 0.1821
(3, 23): 0.0792, 0.7506, 0.6781, 0.1698
(3, 24): 0.0706, 0.7512, 0.5925, 0.1677
(3, 25): nan, nan, nan, 0.0000
(3, 26): nan, nan, nan, 0.0000
(3, 27): nan, nan, nan, 0.0000
(4, 1): nan, nan, nan, 0.0000
(4, 2): nan, nan, nan, 0.0000
(4, 3): nan, nan, nan, 0.0000
(4, 4): nan, nan, nan, 0.0000
(4, 5): nan, nan, nan, 0.0000
(4, 6): nan, nan, nan, 0.0000
(4, 7): nan, nan, nan, 0.0000
(4, 8): nan, nan, nan, 0.0000
(4, 9): nan, nan, nan, 0.0000
(4, 10): nan, nan, nan, 0.0000
(4, 11): nan, nan, nan, 0.0000
(4, 12): nan, nan, nan, 0.0000
(4, 13): -0.0298, 0.7602, 0.1597, 0.1955
(4, 14): 0.0257, 0.7519, 0.4107, 0.2056
(4, 15): -0.0369, 0.7513, 0.1643, 0.2030
(4, 16): 0.0536, 0.7537, 0.1539, 0.2013
(4, 17): 0.1247, 0.7513, 0.1216, 0.1988
(4, 18): 0.0897, 0.7525, 0.4753, 0.2006
(4, 19): 0.0584, 0.7513, 0.6279, 0.1964
(4, 20): 0.1114, 0.7506, 0.7052, 0.1849
(4, 21): 0.1315, 0.7512, 0.7091, 0.1836
(4, 22): 0.0926, 0.7512, 0.7583, 0.1762
(4, 23): 0.1213, 0.7512, 0.6924, 0.1678
(4, 24): 0.1149, 0.7562, 0.6763, 0.1627
(4, 25): 0.1321, 0.7531, 0.4428, 0.1558
(4, 26): 0.7944, 0.7713, 0.0877, 0.1426
(4, 27): nan, nan, nan, 0.0000
(5, 1): nan, nan, nan, 0.0000
(5, 2): nan, nan, nan, 0.0000
(5, 3): nan, nan, nan, 0.0000
(5, 4): nan, nan, nan, 0.0000
(5, 5): nan, nan, nan, 0.0000
(5, 6): nan, nan, nan, 0.0000
(5, 7): nan, nan, nan, 0.0000
(5, 8): nan, nan, nan, 0.0000
(5, 9): nan, nan, nan, 0.0000
(5, 10): nan, nan, nan, 0.0000
(5, 11): nan, nan, nan, 0.0000
(5, 12): nan, nan, nan, 0.0000
(5, 13): -0.0568, 0.7519, 0.2841, 0.1998
(5, 14): nan, nan, nan, 0.0000
(5, 15): nan, nan, nan, 0.0000
(5, 16): 0.0278, 0.7506, 0.4267, 0.2069
(5, 17): 0.0287, 0.7512, 0.8436, 0.2005
(5, 18): 0.0322, 0.7506, 0.8338, 0.1947
(5, 19): 0.0594, 0.7506, 0.8335, 0.1915
(5, 20): 0.1008, 0.7506, 0.7793, 0.1875
(5, 21): 0.1473, 0.7519, 0.7222, 0.1833
(5, 22): 0.1347, 0.7506, 0.7394, 0.1774
(5, 23): 0.1262, 0.7525, 0.7325, 0.1677
(5, 24): 0.0843, 0.7513, 0.7296, 0.1643
(5, 25): 0.0836, 0.7512, 0.7642, 0.1556
(5, 26): 0.0986, 0.7506, 0.7030, 0.1476
(5, 27): 0.1088, 0.7550, 0.2166, 0.1503
(6, 1): nan, nan, nan, 0.0000
(6, 2): nan, nan, nan, 0.0000
(6, 3): nan, nan, nan, 0.0000
(6, 4): nan, nan, nan, 0.0000
(6, 5): nan, nan, nan, 0.0000
(6, 6): nan, nan, nan, 0.0000
(6, 7): nan, nan, nan, 0.0000
(6, 8): nan, nan, nan, 0.0000
(6, 9): nan, nan, nan, 0.0000
(6, 10): nan, nan, nan, 0.0000
(6, 11): 0.2447, 0.7525, 0.2267, 0.2010
(6, 12): -2.2977, 0.7531, 3.5888, 0.1900
(6, 13): nan, nan, nan, 0.0000
(6, 14): nan, nan, nan, 0.0000
(6, 15): 0.0206, 0.7506, 0.5263, 0.2162
(6, 16): 0.0231, 0.7506, 0.8400, 0.2044
(6, 17): -0.0345, 0.7506, 0.9194, 0.1984
(6, 18): -0.0055, 0.7512, 0.8846, 0.1968
(6, 19): 0.0729, 0.7506, 0.7874, 0.1902
(6, 20): 0.1103, 0.7512, 0.7520, 0.1848
(6, 21): 0.1314, 0.7506, 0.7540, 0.1787
(6, 22): 0.1335, 0.7512, 0.7518, 0.1740
(6, 23): 0.0947, 0.7506, 0.7776, 0.1688
(6, 24): 0.0789, 0.7519, 0.7539, 0.1622
(6, 25): 0.0880, 0.7506, 0.7732, 0.1502
(6, 26): 0.0907, 0.7512, 0.7555, 0.1441
(6, 27): 0.1803, 0.7512, 0.2325, 0.1546
(7, 1): nan, nan, nan, 0.0000
(7, 2): nan, nan, nan, 0.0000
(7, 3): nan, nan, nan, 0.0000
(7, 4): nan, nan, nan, 0.0000
(7, 5): nan, nan, nan, 0.0000
(7, 6): nan, nan, nan, 0.0000
(7, 7): nan, nan, nan, 0.0000
(7, 8): nan, nan, nan, 0.0000
(7, 9): nan, nan, nan, 0.0000
(7, 10): nan, nan, nan, 0.1776
(7, 11): -0.0408, 0.7513, 0.3068, 0.2067
(7, 12): nan, nan, nan, 0.0000
(7, 13): nan, nan, nan, 0.0000
(7, 14): nan, nan, nan, 0.0000
(7, 15): 0.0654, 0.7525, 0.7714, 0.3007
(7, 16): 0.0473, 0.7506, 0.8221, 0.2189
(7, 17): 0.0291, 0.7506, 0.8255, 0.1945
(7, 18): -0.0148, 0.7506, 0.8783, 0.1912
(7, 19): 0.0589, 0.7519, 0.7904, 0.1881
(7, 20): 0.0754, 0.7506, 0.7819, 0.1831
(7, 21): 0.0907, 0.7512, 0.8007, 0.1794
(7, 22): 0.0644, 0.7512, 0.8584, 0.1733
(7, 23): 0.1020, 0.7512, 0.7874, 0.1647
(7, 24): 0.1014, 0.7506, 0.7784, 0.1565
(7, 25): 0.0758, 0.7512, 0.7845, 0.1521
(7, 26): 0.0895, 0.7506, 0.7533, 0.1443
(7, 27): 0.0736, 0.7506, 0.4766, 0.1470
(8, 1): nan, nan, nan, 0.0000
(8, 2): nan, nan, nan, 0.0000
(8, 3): nan, nan, nan, 0.0000
(8, 4): nan, nan, nan, 0.0000
(8, 5): nan, nan, nan, 0.0000
(8, 6): nan, nan, nan, 0.0000
(8, 7): nan, nan, nan, 0.0000
(8, 8): nan, nan, nan, 0.0000
(8, 9): nan, nan, nan, 0.0000
(8, 10): 0.0376, 0.7537, 0.4257, 0.2022
(8, 11): 0.0023, 0.7519, 0.4113, 0.2008
(8, 12): nan, nan, nan, 0.0000
(8, 13): nan, nan, nan, 0.0000
(8, 14): -0.0875, 0.7562, 0.2557, 0.1968
(8, 15): 0.0591, 0.7512, 0.7878, 0.3237
(8, 16): 0.0409, 0.7506, 0.8409, 0.2259
(8, 17): 0.0665, 0.7513, 0.7796, 0.1916
(8, 18): 0.0705, 0.7513, 0.8039, 0.1889
(8, 19): 0.0657, 0.7506, 0.8087, 0.1846
(8, 20): 0.0912, 0.7506, 0.7795, 0.1786
(8, 21): 0.0987, 0.7506, 0.7939, 0.1770
(8, 22): 0.1049, 0.7506, 0.7996, 0.1704
(8, 23): 0.1272, 0.7506, 0.7796, 0.1660
(8, 24): 0.1107, 0.7513, 0.7897, 0.1586
(8, 25): 0.1021, 0.7519, 0.7936, 0.1522
(8, 26): 0.0846, 0.7519, 0.8070, 0.1447
(8, 27): 1.1787, 0.7519, 0.2786, 0.1511
(9, 1): nan, nan, nan, 0.0000
(9, 2): nan, nan, nan, 0.0000
(9, 3): nan, nan, nan, 0.0000
(9, 4): nan, nan, nan, 0.0000
(9, 5): nan, nan, nan, 0.0000
(9, 6): nan, nan, nan, 0.0000
(9, 7): nan, nan, nan, 0.0000
(9, 8): nan, nan, nan, 0.0000
(9, 9): nan, nan, nan, 0.0000
(9, 10): 0.0378, 0.7512, 0.4289, 0.1966
(9, 11): nan, nan, nan, 0.1807
(9, 12): nan, nan, nan, 0.0000
(9, 13): nan, nan, nan, 0.0000
(9, 14): nan, nan, nan, 0.0000
(9, 15): 0.0554, 0.7506, 0.7096, 0.2932
(9, 16): 0.0599, 0.7506, 0.8011, 0.1983
(9, 17): 0.0742, 0.7512, 0.7637, 0.1892
(9, 18): 0.0899, 0.7506, 0.7834, 0.1869
(9, 19): 0.0890, 0.7506, 0.7616, 0.1821
(9, 20): 0.0581, 0.7506, 0.7797, 0.1786
(9, 21): 0.0592, 0.7506, 0.7983, 0.1763
(9, 22): 0.0457, 0.7513, 0.8500, 0.1771
(9, 23): 0.0622, 0.7506, 0.8578, 0.1657
(9, 24): 0.0581, 0.7506, 0.8630, 0.1588
(9, 25): 0.0696, 0.7506, 0.8488, 0.1517
(9, 26): 0.0926, 0.7506, 0.7913, 0.1469
(9, 27): -0.0121, 0.7581, 0.2036, 0.1492
(10, 1): nan, nan, nan, 0.0000
(10, 2): nan, nan, nan, 0.0000
(10, 3): nan, nan, nan, 0.0000
(10, 4): nan, nan, nan, 0.0000
(10, 5): nan, nan, nan, 0.0000
(10, 6): nan, nan, nan, 0.0000
(19, 13): 0.0509, 0.7506, 0.7697, 0.1692
(19, 14): -0.0037, 0.7506, 0.8291, 0.1656
(19, 15): -0.0084, 0.7506, 0.8471, 0.1620
(19, 16): 0.0060, 0.7513, 0.8451, 0.1667
(19, 17): 0.0326, 0.7512, 0.7693, 0.1653
(19, 18): 0.0218, 0.7513, 0.7813, 0.1637
(19, 19): -0.0457, 0.7519, 0.8723, 0.1717
(19, 20): -0.0174, 0.7512, 0.8130, 0.1621
(19, 21): 0.0006, 0.7506, 0.7866, 0.1601
(19, 22): 0.0209, 0.7506, 0.7546, 0.1625
(19, 23): 0.0442, 0.7506, 0.7616, 0.1605
(19, 24): 0.0394, 0.7506, 0.7764, 0.1591
(19, 25): 0.1292, 0.7506, 0.4527, 0.1645
(19, 26): nan, nan, nan, 0.1471
(19, 27): nan, nan, nan, 0.0000
(20, 1): nan, nan, nan, 0.0000
(20, 2): nan, nan, nan, 0.0000
(20, 3): nan, nan, nan, 0.0000
(20, 4): nan, nan, nan, 0.0000
(20, 5): nan, nan, nan, 0.0000
(20, 6): nan, nan, nan, 0.0000
(20, 7): 0.3814, 0.7525, 0.1335, 0.1792
(20, 8): 0.0304, 0.7512, 0.8658, 0.1764
(20, 9): 0.0223, 0.7506, 0.8477, 0.1841
(20, 10): 0.0389, 0.7512, 0.8186, 0.1728
(20, 11): 0.0288, 0.7506, 0.8017, 0.1727
(20, 12): 0.0711, 0.7506, 0.7487, 0.1706
(20, 13): 0.0301, 0.7519, 0.7761, 0.1756
(20, 14): -0.0316, 0.7519, 0.8139, 0.1729
(20, 15): 0.0016, 0.7506, 0.8383, 0.1611
(20, 16): 0.0319, 0.7506, 0.7899, 0.1622
(20, 17): 0.0144, 0.7506, 0.7675, 0.1603
(20, 18): 0.0149, 0.7519, 0.7857, 0.1646
(20, 19): 0.0023, 0.7506, 0.8096, 0.1629
(20, 20): 0.0194, 0.7506, 0.7714, 0.1614
(20, 21): 0.0326, 0.7506, 0.7700, 0.1625
(20, 22): 0.0633, 0.7512, 0.7591, 0.1650
(20, 23): 0.1126, 0.7506, 0.7087, 0.1630
(20, 24): 0.0713, 0.7506, 0.7712, 0.1583
(20, 25): 0.0875, 0.7506, 0.6939, 0.1574
(20, 26): 0.1465, 0.7569, 0.1875, 0.1603
(20, 27): nan, nan, nan, 0.0000
(21, 1): nan, nan, nan, 0.0000
(21, 2): nan, nan, nan, 0.0000
(21, 3): nan, nan, nan, 0.0000
(21, 4): nan, nan, nan, 0.0000
(21, 5): nan, nan, nan, 0.0000
(21, 6): 0.1830, 0.7506, 0.2173, 0.1824
(21, 7): 0.0522, 0.7506, 0.7190, 0.1759
(21, 8): 0.0418, 0.7512, 0.8167, 0.1736
(21, 9): 0.0156, 0.7512, 0.8551, 0.1763
(21, 10): 0.0560, 0.7506, 0.8067, 0.1703
(21, 11): 0.0256, 0.7531, 0.8191, 0.1686
(21, 12): 0.0262, 0.7506, 0.7860, 0.1676
(21, 13): 0.0528, 0.7531, 0.7514, 0.1654
(21, 14): 0.0642, 0.7513, 0.7475, 0.1619
(21, 15): 0.0778, 0.7506, 0.7207, 0.1604
(21, 16): 0.0550, 0.7525, 0.7234, 0.1638
(21, 17): 0.0175, 0.7512, 0.7489, 0.1615
(21, 18): 0.0404, 0.7512, 0.7510, 0.1635
(21, 19): 0.0637, 0.7544, 0.7303, 0.1615
(21, 20): 0.0746, 0.7506, 0.7144, 0.1630
(21, 21): 0.0614, 0.7506, 0.6202, 0.1706
(21, 22): 0.0545, 0.7512, 0.6623, 0.1697
(21, 23): 0.0708, 0.7531, 0.6295, 0.1717
(21, 24): 0.1534, 0.7506, 0.3072, 0.1742
(21, 25): nan, nan, nan, 0.0000
(21, 26): nan, nan, nan, 0.0000
(21, 27): nan, nan, nan, 0.0000
(22, 1): nan, nan, nan, 0.0000
(22, 2): nan, nan, nan, 0.0000
(22, 3): nan, nan, nan, 0.0000
(22, 4): nan, nan, nan, 0.0000
(22, 5): nan, nan, nan, 0.0000
(22, 6): 0.0241, 0.7525, 0.5519, 0.1836
(22, 7): 0.0300, 0.7506, 0.8209, 0.1715
(22, 8): 0.0209, 0.7525, 0.7994, 0.1711
(22, 9): 0.0096, 0.7512, 0.8358, 0.1860
(22, 10): 0.0042, 0.7550, 0.8620, 0.2543
(22, 11): 0.0141, 0.7506, 0.8423, 0.1669
(22, 12): 0.0104, 0.7506, 0.7917, 0.1639
(22, 13): 0.0552, 0.7506, 0.7369, 0.1601
(22, 14): 0.0461, 0.7506, 0.7435, 0.1591
(22, 15): 0.0869, 0.7506, 0.6741, 0.1584
(22, 16): 0.0997, 0.7506, 0.6606, 0.1601
(22, 17): 0.0903, 0.7512, 0.6971, 0.1602
(22, 18): 0.1183, 0.7519, 0.6897, 0.1634
(22, 19): 0.0806, 0.7506, 0.7185, 0.1665
(22, 20): 0.0957, 0.7506, 0.5349, 0.1716
(22, 21): -0.3486, 0.7775, 0.1930, 0.1667
(22, 22): nan, nan, nan, 0.0000
(22, 23): nan, nan, nan, 0.0000
(22, 24): nan, nan, nan, 0.0000
(22, 25): nan, nan, nan, 0.0000
(22, 26): nan, nan, nan, 0.0000
(22, 27): nan, nan, nan, 0.0000
(23, 1): nan, nan, nan, 0.0000
(23, 2): nan, nan, nan, 0.0000
(23, 3): nan, nan, nan, 0.0000
(23, 4): nan, nan, nan, 0.0000
(23, 5): 0.3952, 0.7513, 0.1420, 0.1837
(23, 6): 0.0748, 0.7512, 0.4356, 0.1875
(23, 7): 0.0406, 0.7500, 0.5779, 0.1792
(23, 8): 0.0387, 0.7506, 0.7599, 0.1718
(23, 9): 0.0377, 0.7506, 0.8038, 0.1718
(23, 10): 0.0574, 0.7506, 0.7831, 0.1923
(23, 11): 0.0520, 0.7506, 0.7805, 0.2483
(23, 12): 0.0648, 0.7512, 0.7503, 0.1702
(23, 13): 0.0381, 0.7519, 0.7790, 0.1630
(23, 14): 0.0742, 0.7512, 0.7101, 0.1596
(23, 15): 0.1174, 0.7506, 0.6482, 0.1596
(23, 16): 0.0562, 0.7512, 0.7460, 0.1632
(23, 17): 0.0676, 0.7512, 0.7383, 0.1677
(23, 18): 0.0735, 0.7506, 0.7354, 0.1644
(23, 19): 0.0831, 0.7506, 0.7498, 0.1628
(23, 20): 0.0955, 0.7506, 0.6096, 0.1713
(23, 21): nan, nan, nan, 0.0000
(23, 22): nan, nan, nan, 0.0000
(23, 23): nan, nan, nan, 0.0000
(23, 24): nan, nan, nan, 0.0000
(23, 25): nan, nan, nan, 0.0000
(23, 26): nan, nan, nan, 0.0000
(23, 27): nan, nan, nan, 0.0000
(24, 1): nan, nan, nan, 0.0000
(24, 2): nan, nan, nan, 0.0000
(24, 3): nan, nan, nan, 0.0000
(24, 4): 0.0988, 0.7513, 0.2125, 0.1716
(24, 5): 0.1171, 0.7519, 0.2875, 0.1868
(24, 6): 0.0304, 0.7513, 0.3401, 0.1928
(24, 7): 0.0653, 0.7506, 0.6597, 0.1770
(24, 8): 0.0456, 0.7512, 0.5069, 0.1833
(24, 9): 0.0356, 0.7506, 0.6464, 0.1750
(24, 10): 0.0519, 0.7506, 0.6082, 0.1773
(24, 11): 0.0535, 0.7506, 0.7372, 0.1806
(24, 12): 0.0245, 0.7512, 0.7868, 0.1748
(24, 13): 0.0554, 0.7525, 0.7310, 0.1636
(24, 14): 0.0474, 0.7506, 0.7264, 0.1642
(24, 15): 0.0789, 0.7506, 0.7024, 0.1659
(24, 16): 0.0975, 0.7519, 0.7160, 0.1698
(24, 17): 0.0756, 0.7506, 0.7485, 0.1643
(24, 18): 0.0724, 0.7512, 0.7531, 0.1627
(24, 19): 0.1008, 0.7531, 0.7415, 0.1610
(24, 20): 0.0631, 0.7506, 0.7954, 0.1647
(24, 21): 0.0353, 0.7512, 0.5116, 0.1695
(24, 22): nan, nan, nan, 0.0000
(24, 23): nan, nan, nan, 0.0000
(24, 24): nan, nan, nan, 0.0000
(24, 25): nan, nan, nan, 0.0000
(24, 26): nan, nan, nan, 0.0000
(24, 27): nan, nan, nan, 0.0000
(25, 1): nan, nan, nan, 0.0000
(25, 2): nan, nan, nan, 0.0000
(25, 3): nan, nan, nan, 0.0000
(25, 4): 0.0435, 0.7506, 0.4287, 0.1756
(25, 5): 0.0504, 0.7506, 0.5254, 0.1756
(25, 6): 0.0587, 0.7506, 0.6518, 0.1778
(25, 7): -0.0362, 0.7506, 0.3886, 0.1888
(25, 8): 0.0223, 0.7506, 0.6374, 0.1765
(25, 9): 0.0097, 0.7506, 0.7310, 0.1705
(25, 10): 0.0156, 0.7519, 0.7666, 0.1696
(25, 11): -0.0347, 0.7506, 0.8248, 0.1678
(25, 12): -0.0372, 0.7525, 0.8240, 0.1663
(25, 13): -0.0020, 0.7506, 0.7737, 0.1634
(25, 14): 0.0294, 0.7506, 0.7787, 0.1674
(25, 15): 0.0871, 0.7506, 0.7428, 0.1670
(25, 16): 0.0944, 0.7506, 0.7337, 0.1679
(25, 17): 0.0746, 0.7537, 0.7628, 0.1669
(25, 18): 0.0454, 0.7519, 0.7927, 0.1589
(25, 19): 0.0433, 0.7506, 0.7865, 0.1595
(25, 20): 0.0950, 0.7506, 0.7498, 0.1612
(25, 21): 0.1117, 0.7506, 0.7237, 0.1627
(25, 22): 0.1539, 0.7525, 0.2829, 0.1697
(25, 23): nan, nan, nan, 0.0000
(25, 24): nan, nan, nan, 0.0000
(25, 25): nan, nan, nan, 0.0000
(25, 26): nan, nan, nan, 0.0000
(25, 27): nan, nan, nan, 0.0000
(26, 1): nan, nan, nan, 0.0000
(26, 2): nan, nan, nan, 0.1519
(26, 3): 0.1620, 0.7512, 0.2426, 0.1663
(26, 4): 0.0561, 0.7513, 0.4338, 0.1752
(26, 5): 0.0204, 0.7525, 0.4371, 0.1738
(26, 6): -0.0388, 0.7531, 0.3956, 0.1808
(26, 7): -0.0142, 0.7525, 0.6835, 0.1735
(26, 8): -0.0512, 0.7506, 0.8484, 0.1686
(26, 9): 0.0001, 0.7519, 0.8210, 0.1668
(26, 10): 0.0012, 0.7519, 0.8102, 0.1691
(26, 11): -0.0243, 0.7531, 0.8250, 0.1665
(26, 12): -0.0576, 0.7506, 0.8566, 0.1641
(26, 13): 0.0026, 0.7506, 0.8000, 0.1604
(26, 14): 0.0553, 0.7506, 0.7904, 0.1648
(26, 15): 0.0510, 0.7512, 0.8140, 0.1667
(26, 16): 0.1068, 0.7519, 0.7544, 0.1645
(26, 17): 0.0894, 0.7506, 0.7595, 0.1642
(26, 18): 0.0764, 0.7512, 0.7525, 0.1603
(26, 19): 0.0642, 0.7506, 0.7868, 0.1636
(26, 20): 0.1069, 0.7513, 0.7474, 0.1620
(26, 21): 0.1045, 0.7525, 0.7514, 0.1600
(26, 22): 0.0708, 0.7506, 0.5856, 0.1614
(26, 23): nan, nan, nan, 0.0000
(26, 24): nan, nan, nan, 0.0000
(26, 25): nan, nan, nan, 0.0000
(26, 26): nan, nan, nan, 0.0000
(26, 27): nan, nan, nan, 0.0000
(27, 1): nan, nan, nan, 0.0000
(27, 2): 0.0930, 0.7512, 0.2793, 0.1641
(27, 3): 0.0705, 0.7512, 0.6865, 0.1592
(27, 4): 0.0541, 0.7512, 0.7694, 0.1588
(27, 5): 0.0414, 0.7512, 0.8402, 0.1618
(27, 6): 0.0294, 0.7506, 0.6167, 0.1671
(27, 7): -0.1797, 0.7506, 0.2928, 0.1841
(27, 8): -0.0467, 0.7512, 0.6913, 0.1691
(27, 9): -0.0256, 0.7506, 0.6474, 0.1737
(27, 10): 0.0610, 0.7512, 0.5921, 0.1769
(27, 11): 0.1105, 0.7506, 0.5469, 0.1705
(27, 12): 0.0484, 0.7506, 0.3803, 0.1764
(27, 13): 0.0337, 0.7512, 0.6347, 0.1640
(27, 14): 0.0822, 0.7512, 0.5202, 0.1723
(27, 15): 0.1172, 0.7506, 0.7356, 0.1654
(27, 16): 0.0453, 0.7506, 0.8181, 0.1638
(27, 17): 0.0473, 0.7506, 0.7830, 0.1651
(27, 18): 0.0352, 0.7506, 0.8153, 0.1621
(27, 19): 0.0833, 0.7519, 0.7791, 0.1607
(27, 20): 0.0854, 0.7506, 0.7649, 0.1601
(27, 21): 0.0434, 0.7506, 0.7938, 0.1579
(27, 22): -0.0396, 0.7506, 0.6566, 0.1651
(27, 23): nan, nan, nan, 0.0000
(27, 24): nan, nan, nan, 0.0000
(27, 25): nan, nan, nan, 0.0000
(27, 26): nan, nan, nan, 0.0000
(27, 27): nan, nan, nan, 0.0000
(28, 1): nan, nan, nan, 0.0000
(28, 2): nan, nan, nan, 0.1407
(28, 3): -0.0328, 0.7504, 0.3784, 0.1669
(28, 4): 0.0464, 0.7506, 0.3924, 0.1731
(28, 5): 0.0739, 0.7506, 0.5766, 0.1590
(28, 6): -0.0722, 0.7506, 0.3642, 0.1758
(28, 7): -0.0830, 0.7506, 0.3781, 0.1719
(28, 8): -0.0031, 0.7506, 0.5556, 0.1669
(28, 9): 0.0234, 0.7506, 0.4406, 0.1740
(28, 10): nan, nan, nan, 0.0000
(28, 11): nan, nan, nan, 0.0000
(28, 12): nan, nan, nan, 0.0000
(28, 13): nan, nan, nan, 0.0000
(28, 14): 0.1626, 0.7513, 0.1599, 0.1737
(28, 15): 0.0998, 0.7519, 0.7135, 0.1653
(28, 16): 0.0722, 0.7506, 0.7956, 0.1608
(28, 17): 0.0658, 0.7506, 0.7749, 0.1599
(28, 18): 0.0497, 0.7506, 0.7680, 0.1602
(28, 19): 0.0358, 0.7506, 0.7928, 0.1584
(28, 20): 0.0301, 0.7506, 0.7921, 0.1601
(28, 21): 0.0211, 0.7506, 0.7890, 0.1600
(28, 22): -0.2582, 0.7506, 0.4194, 0.1733
(28, 23): nan, nan, nan, 0.0000
(28, 24): nan, nan, nan, 0.0000
(28, 25): nan, nan, nan, 0.0000
(28, 26): nan, nan, nan, 0.0000
(28, 27): nan, nan, nan, 0.0000
(29, 1): nan, nan, nan, 0.0000
(29, 2): 0.0788, 0.7506, 0.7816, 0.1501
(29, 3): 0.0253, 0.7506, 0.9060, 0.1441
(29, 4): 0.0556, 0.7506, 0.6930, 0.1478
(29, 5): 0.0332, 0.7506, 0.5990, 0.1540
(29, 6): 0.0647, 0.7506, 0.7719, 0.1516
(29, 7): 0.0195, 0.7506, 0.6693, 0.1591
(29, 8): nan, nan, nan, 0.1526
(29, 9): nan, nan, nan, 0.0000
(29, 10): nan, nan, nan, 0.0000
(29, 11): nan, nan, nan, 0.0000
(29, 12): nan, nan, nan, 0.0000
(29, 13): nan, nan, nan, 0.0000
(29, 14): nan, nan, nan, 0.0000
(29, 15): -0.4529, 0.7625, 0.2860, 0.1660
(29, 16): 0.1013, 0.7512, 0.3526, 0.1722
(29, 17): nan, nan, nan, 0.1567
(29, 18): 0.0590, 0.7500, 0.5913, 0.1686
(29, 19): 0.0176, 0.7506, 0.7875, 0.1631
(29, 20): 0.0620, 0.7525, 0.7183, 0.1605
(29, 21): 0.0515, 0.7506, 0.7295, 0.1615
(29, 22): 0.2017, 0.7594, 0.1865, 0.1697
(29, 23): nan, nan, nan, 0.0000
(29, 24): nan, nan, nan, 0.0000
(29, 25): nan, nan, nan, 0.0000
(29, 26): nan, nan, nan, 0.0000
(29, 27): nan, nan, nan, 0.0000
(30, 1): nan, nan, nan, 0.0000
(30, 2): 0.1146, 0.7506, 0.4841, 0.1555
(30, 3): -0.0614, 0.7506, 0.3589, 0.1588
(30, 4): -0.1099, 0.7650, 0.3366, 0.1585
(30, 5): 0.0892, 0.7506, 0.6696, 0.1557
(30, 6): 0.0592, 0.7506, 0.6159, 0.1572
(30, 7): 0.0976, 0.7525, 0.1917, 0.1598
(30, 8): nan, nan, nan, 0.0000
(30, 9): nan, nan, nan, 0.0000
(30, 10): nan, nan, nan, 0.0000
(30, 11): nan, nan, nan, 0.0000
(30, 12): nan, nan, nan, 0.0000
(30, 13): nan, nan, nan, 0.0000
(30, 14): nan, nan, nan, 0.0000
(30, 15): nan, nan, nan, 0.0000
(30, 16): nan, nan, nan, 0.0000
(30, 17): nan, nan, nan, 0.0000
(30, 18): nan, nan, nan, 0.0000
(30, 19): -0.2628, 0.7650, 0.1931, 0.1741
(30, 20): 0.0833, 0.7506, 0.5813, 0.1678
(30, 21): 0.0790, 0.7512, 0.6614, 0.1635
(30, 22): -0.1789, 0.7525, 0.2866, 0.1710
(30, 23): nan, nan, nan, 0.0000
(30, 24): nan, nan, nan, 0.0000
(30, 25): nan, nan, nan, 0.0000
(30, 26): nan, nan, nan, 0.0000
(30, 27): nan, nan, nan, 0.0000
(31, 1): nan, nan, nan, 0.0000
(31, 2): nan, nan, nan, 0.0000
(31, 3): nan, nan, nan, 0.0000
(31, 4): nan, nan, nan, 0.0000
(31, 5): nan, nan, nan, 0.0000
(31, 6): nan, nan, nan, 0.0000
(31, 7): nan, nan, nan, 0.0000
(31, 8): nan, nan, nan, 0.0000
(31, 9): nan, nan, nan, 0.0000
(31, 10): nan, nan, nan, 0.0000
(31, 11): nan, nan, nan, 0.0000
(31, 12): nan, nan, nan, 0.0000
(31, 13): nan, nan, nan, 0.0000
(31, 14): nan, nan, nan, 0.0000
(31, 15): nan, nan, nan, 0.0000
(31, 16): nan, nan, nan, 0.0000
(31, 17): nan, nan, nan, 0.0000
(31, 18): nan, nan, nan, 0.0000
(31, 19): -1.6327, 0.7645, 0.0936, 0.1607
(31, 20): 0.0802, 0.7531, 0.6511, 0.1614
(31, 21): 1.2681, 0.7519, 0.0598, 0.1636
(31, 22): nan, nan, nan, 0.0000
(31, 23): nan, nan, nan, 0.0000
(31, 24): nan, nan, nan, 0.0000
(31, 25): nan, nan, nan, 0.0000
(31, 26): nan, nan, nan, 0.0000
(31, 27): nan, nan, nan, 0.0000
(32, 1): nan, nan, nan, 0.0000
(32, 2): nan, nan, nan, 0.0000
(32, 3): nan, nan, nan, 0.0000
(32, 4): nan, nan, nan, 0.0000
(32, 5): nan, nan, nan, 0.0000
(32, 6): nan, nan, nan, 0.0000
(32, 7): nan, nan, nan, 0.0000
(32, 8): nan, nan, nan, 0.0000
(32, 9): nan, nan, nan, 0.0000
(32, 10): nan, nan, nan, 0.0000
(32, 11): nan, nan, nan, 0.0000
(32, 12): nan, nan, nan, 0.0000
(32, 13): nan, nan, nan, 0.0000
(32, 14): nan, nan, nan, 0.0000
(32, 15): nan, nan, nan, 0.0000
(32, 16): nan, nan, nan, 0.0000
(32, 17): nan, nan, nan, 0.0000
(32, 18): nan, nan, nan, 0.0000
(32, 19): -0.2468, 0.7569, 0.1775, 0.1664
(32, 20): 0.0597, 0.7512, 0.7699, 0.1568
(32, 21): 0.0419, 0.7519, 0.5168, 0.1597
(32, 22): -1.0757, 0.7512, 0.1170, 0.1519
(32, 23): nan, nan, nan, 0.0000
(32, 24): nan, nan, nan, 0.0000
(32, 25): nan, nan, nan, 0.0000
(32, 26): nan, nan, nan, 0.0000
(32, 27): nan, nan, nan, 0.0000
(33, 1): nan, nan, nan, 0.0000
(33, 2): nan, nan, nan, 0.0000
(33, 3): nan, nan, nan, 0.0000
(33, 4): nan, nan, nan, 0.0000
(33, 5): nan, nan, nan, 0.0000
(33, 6): nan, nan, nan, 0.0000
(33, 7): nan, nan, nan, 0.0000
(33, 8): nan, nan, nan, 0.0000
(33, 9): nan, nan, nan, 0.0000
(33, 10): nan, nan, nan, 0.0000
(33, 11): nan, nan, nan, 0.0000
(33, 12): nan, nan, nan, 0.0000
(33, 13): nan, nan, nan, 0.0000
(33, 14): nan, nan, nan, 0.0000
(33, 15): nan, nan, nan, 0.0000
(33, 16): nan, nan, nan, 0.0000
(33, 17): nan, nan, nan, 0.0000
(33, 18): nan, nan, nan, 0.0000
(33, 19): 0.1476, 0.7506, 0.4211, 0.1614
(33, 20): 0.0840, 0.7506, 0.7764, 0.1522
(33, 21): 0.1046, 0.7506, 0.7487, 0.1539
(33, 22): 0.1141, 0.7525, 0.3455, 0.1603
(33, 23): nan, nan, nan, 0.0000
(33, 24): nan, nan, nan, 0.0000
(33, 25): nan, nan, nan, 0.0000
(33, 26): nan, nan, nan, 0.0000
(33, 27): nan, nan, nan, 0.0000
(34, 1): nan, nan, nan, 0.0000
(34, 2): nan, nan, nan, 0.0000
(34, 3): nan, nan, nan, 0.0000
(34, 4): nan, nan, nan, 0.0000
(34, 5): nan, nan, nan, 0.0000
(34, 6): nan, nan, nan, 0.0000
(34, 7): nan, nan, nan, 0.0000
(34, 8): nan, nan, nan, 0.0000
(34, 9): nan, nan, nan, 0.0000
(34, 10): nan, nan, nan, 0.0000
(34, 11): nan, nan, nan, 0.0000
(34, 12): nan, nan, nan, 0.0000
(34, 13): nan, nan, nan, 0.0000
(34, 14): nan, nan, nan, 0.0000
(34, 15): nan, nan, nan, 0.0000
(34, 16): nan, nan, nan, 0.0000
(34, 17): nan, nan, nan, 0.0000
(34, 18): nan, nan, nan, 0.0000
(34, 19): 0.1319, 0.7506, 0.3760, 0.1625
(34, 20): 0.1023, 0.7506, 0.7381, 0.1504
(34, 21): 0.1042, 0.7506, 0.7592, 0.1499
(34, 22): -1.2430, 0.7568, 0.6775, 0.1515
(34, 23): nan, nan, nan, 0.0000
(34, 24): nan, nan, nan, 0.0000
(34, 25): nan, nan, nan, 0.0000
(34, 26): nan, nan, nan, 0.0000
(34, 27): nan, nan, nan, 0.0000
(35, 1): nan, nan, nan, 0.0000
(35, 2): nan, nan, nan, 0.0000
(35, 3): nan, nan, nan, 0.0000
(35, 4): nan, nan, nan, 0.0000
(35, 5): nan, nan, nan, 0.0000
(35, 6): nan, nan, nan, 0.0000
(35, 7): nan, nan, nan, 0.0000
(35, 8): nan, nan, nan, 0.0000
(35, 9): nan, nan, nan, 0.0000
(35, 10): nan, nan, nan, 0.0000
(35, 11): nan, nan, nan, 0.0000
(35, 12): nan, nan, nan, 0.0000
(35, 13): nan, nan, nan, 0.0000
(35, 14): nan, nan, nan, 0.0000
(35, 15): nan, nan, nan, 0.0000
(35, 16): nan, nan, nan, 0.0000
(35, 17): nan, nan, nan, 0.0000
(35, 18): nan, nan, nan, 0.0000
(35, 19): nan, nan, nan, 0.0000
(35, 20): nan, nan, nan, 0.0000
(35, 21): nan, nan, nan, 0.0000
(35, 22): nan, nan, nan, 0.0000
(35, 23): nan, nan, nan, 0.0000
(35, 24): nan, nan, nan, 0.0000
(35, 25): nan, nan, nan, 0.0000
(35, 26): nan, nan, nan, 0.0000
(35, 27): nan, nan, nan, 0.0000
(36, 1): nan, nan, nan, 0.0000
(36, 2): nan, nan, nan, 0.0000
(36, 3): nan, nan, nan, 0.0000
(36, 4): nan, nan, nan, 0.0000
(36, 5): nan, nan, nan, 0.0000
(36, 6): nan, nan, nan, 0.0000
(36, 7): nan, nan, nan, 0.0000
(36, 8): nan, nan, nan, 0.0000
(36, 9): nan, nan, nan, 0.0000
(36, 10): nan, nan, nan, 0.0000
(36, 11): nan, nan, nan, 0.0000
(36, 12): nan, nan, nan, 0.0000
(36, 13): nan, nan, nan, 0.0000
(36, 14): nan, nan, nan, 0.0000
(36, 15): nan, nan, nan, 0.0000
(36, 16): nan, nan, nan, 0.0000
(36, 17): nan, nan, nan, 0.0000
(36, 18): nan, nan, nan, 0.0000
(36, 19): nan, nan, nan, 0.0000
(36, 20): nan, nan, nan, 0.0000
(36, 21): nan, nan, nan, 0.0000
(36, 22): nan, nan, nan, 0.0000
(36, 23): nan, nan, nan, 0.0000
(36, 24): nan, nan, nan, 0.0000
(36, 25): nan, nan, nan, 0.0000
(36, 26): nan, nan, nan, 0.0000
(36, 27): nan, nan, nan, 0.0000
(37, 1): nan, nan, nan, 0.0000
(37, 2): nan, nan, nan, 0.0000
(37, 3): nan, nan, nan, 0.0000
(37, 4): nan, nan, nan, 0.0000
(37, 5): nan, nan, nan, 0.0000
(37, 6): nan, nan, nan, 0.0000
(37, 7): nan, nan, nan, 0.0000
(37, 8): nan, nan, nan, 0.0000
(37, 9): nan, nan, nan, 0.0000
(37, 10): nan, nan, nan, 0.0000
(37, 11): nan, nan, nan, 0.0000
(37, 12): nan, nan, nan, 0.0000
(37, 13): nan, nan, nan, 0.0000
(37, 14): nan, nan, nan, 0.0000
(37, 15): nan, nan, nan, 0.0000
(37, 16): nan, nan, nan, 0.0000
(37, 17): nan, nan, nan, 0.0000
(37, 18): nan, nan, nan, 0.0000
(37, 19): nan, nan, nan, 0.0000
(37, 20): nan, nan, nan, 0.0000
(37, 21): nan, nan, nan, 0.0000
(37, 22): nan, nan, nan, 0.0000
(37, 23): nan, nan, nan, 0.0000
(37, 24): nan, nan, nan, 0.0000
(37, 25): nan, nan, nan, 0.0000
(37, 26): nan, nan, nan, 0.0000
(37, 27): nan, nan, nan, 0.0000
