(10, 7): nan, nan, nan, 0.0000
(10, 8): nan, nan, nan, 0.0000
(10, 9): nan, nan, nan, 0.0000
(10, 10): 1.0132, 0.0200, 1.0232, 0.0056
(10, 11): 0.8215, 0.0200, 0.4866, 0.0073
(10, 12): 1.0136, 0.0200, 1.0305, 0.0062
(10, 13): nan, nan, nan, 0.0000
(10, 14): 0.7152, 0.0200, 0.2144, 0.0133
(10, 15): 1.5188, 0.0200, 0.7294, 0.0098
(10, 16): 1.4027, 0.0200, 1.0424, 0.0086
(10, 17): 1.1866, 0.0200, 1.4949, 0.0065
(10, 18): 1.1953, 0.0200, 1.5219, 0.0051
(10, 19): 1.1504, 0.0200, 1.6464, 0.0051
(10, 20): 1.1438, 0.0200, 1.6706, 0.0048
(10, 21): 1.1565, 0.0200, 1.7329, 0.0042
(10, 22): 1.1929, 0.0200, 1.8000, 0.0040
(10, 23): 1.2604, 0.0200, 1.6201, 0.0039
(10, 24): 1.1783, 0.0200, 1.8363, 0.0029
(10, 25): 1.1436, 0.0200, 1.8620, 0.0031
(10, 26): 1.1382, 0.0200, 1.7229, 0.0024
(10, 27): nan, nan, nan, 0.0000
(11, 1): nan, nan, nan, 0.0000
(11, 2): nan, nan, nan, 0.0000
(11, 3): nan, nan, nan, 0.0000
(11, 4): nan, nan, nan, 0.0000
(11, 5): nan, nan, nan, 0.0000
(11, 6): nan, nan, nan, 0.0000
(11, 7): nan, nan, nan, 0.0000
(11, 8): nan, nan, nan, 0.0000
(11, 9): nan, nan, nan, 0.0000
(11, 10): 1.1283, 0.0200, 1.2360, 0.0062
(11, 11): 1.1700, 0.0200, 1.4899, 0.0050
(11, 12): 1.1595, 0.0200, 1.4928, 0.0055
(11, 13): 0.9488, 0.0200, 0.5526, 0.0074
(11, 14): nan, nan, nan, 0.0000
(11, 15): nan, nan, nan, 0.0000
(11, 16): 0.8208, 0.0200, 0.3403, 0.0082
(11, 17): 1.2264, 0.0200, 1.3877, 0.0054
(11, 18): 1.2254, 0.0200, 1.4282, 0.0046
(11, 19): 1.1766, 0.0200, 1.5270, 0.0059
(11, 20): 1.1357, 0.0200, 1.6261, 0.0047
(11, 21): 1.1914, 0.0200, 1.5883, 0.0052
(11, 22): 1.1689, 0.0200, 1.7488, 0.0045
(11, 23): 1.2100, 0.0200, 1.7117, 0.0037
(11, 24): 1.2031, 0.0200, 1.6681, 0.0042
(11, 25): 1.1752, 0.0200, 1.6838, 0.0028
(11, 26): 1.1345, 0.0200, 1.6305, 0.0032
(11, 27): nan, nan, nan, 0.0000
(12, 1): nan, nan, nan, 0.0000
(12, 2): nan, nan, nan, 0.0000
(12, 3): nan, nan, nan, 0.0000
(12, 4): nan, nan, nan, 0.0000
(12, 5): nan, nan, nan, 0.0000
(12, 6): nan, nan, nan, 0.0000
(12, 7): nan, nan, nan, 0.0000
(12, 8): nan, nan, nan, 0.0000
(12, 9): nan, nan, nan, 0.0000
(12, 10): 1.1874, 0.0200, 1.4221, 0.0051
(12, 11): 1.2039, 0.0200, 1.4831, 0.0050
(12, 12): 1.1870, 0.0200, 1.5264, 0.0056
(12, 13): 1.1518, 0.0200, 1.2513, 0.0057
(12, 14): 1.0096, 0.0200, 0.9352, 0.0060
(12, 15): nan, nan, nan, 0.0000
(12, 16): 1.0643, 0.0200, 0.4447, 0.0100
(12, 17): 1.3198, 0.0200, 1.2211, 0.0061
(12, 18): 1.2416, 0.0200, 1.4306, 0.0053
(12, 19): 1.1534, 0.0200, 1.5826, 0.0056
(12, 20): 1.1890, 0.0200, 1.5327, 0.0052
(12, 21): 1.1728, 0.0200, 1.6264, 0.0048
(12, 22): 1.1219, 0.0200, 1.8626, 0.0051
(12, 23): 1.1689, 0.0200, 1.6439, 0.0034
(12, 24): 1.0853, 0.0200, 1.5429, 0.0041
(12, 25): 0.8592, 0.0200, 0.6743, 0.0037
(12, 26): 0.7823, 0.0200, 0.6821, 0.0037
(12, 27): nan, nan, nan, 0.0000
(13, 1): nan, nan, nan, 0.0000
(13, 2): nan, nan, nan, 0.0000
(13, 3): nan, nan, nan, 0.0000
(13, 4): nan, nan, nan, 0.0000
(13, 5): nan, nan, nan, 0.0000
(13, 6): nan, nan, nan, 0.0000
(13, 7): nan, nan, nan, 0.0000
(13, 8): nan, nan, nan, 0.0000
(13, 9): nan, nan, nan, 0.0000
(13, 10): 1.2754, 0.0200, 1.4138, 0.0050
(13, 11): 1.2086, 0.0200, 1.5694, 0.0052
(13, 12): 1.2174, 0.0200, 1.4423, 0.0046
(13, 13): 1.1996, 0.0200, 1.2061, 0.0052
(13, 14): 0.7803, 0.0200, 0.4051, 0.0065
(13, 15): nan, nan, nan, 0.0000
(13, 16): 0.8808, 0.0200, 0.3055, 0.0132
(13, 17): 1.3826, 0.0200, 0.8415, 0.0082
(13, 18): 1.2441, 0.0200, 1.2486, 0.0050
(13, 19): 1.2206, 0.0200, 1.4698, 0.0047
(13, 20): 1.2244, 0.0200, 1.5054, 0.0049
(13, 21): 1.1391, 0.0200, 1.6890, 0.0053
(13, 22): 1.1644, 0.0200, 1.8514, 0.0044
(13, 23): 1.1548, 0.0200, 1.6592, 0.0037
(13, 24): 1.0918, 0.0200, 1.4735, 0.0046
(13, 25): 0.5735, 0.0200, 0.2372, 0.0094
(13, 26): nan, nan, nan, 0.0000
(13, 27): nan, nan, nan, 0.0000
(14, 1): nan, nan, nan, 0.0000
(14, 2): nan, nan, nan, 0.0000
(14, 3): nan, nan, nan, 0.0000
(14, 4): nan, nan, nan, 0.0000
(14, 5): nan, nan, nan, 0.0000
(14, 6): nan, nan, nan, 0.0000
(14, 7): nan, nan, nan, 0.0000
(14, 8): nan, nan, nan, 0.0000
(14, 9): nan, nan, nan, 0.0000
(14, 10): 1.2149, 0.0200, 1.5341, 0.0052
(14, 11): 1.2504, 0.0200, 1.4447, 0.0058
(14, 12): 1.2866, 0.0200, 1.3318, 0.0056
(14, 13): 0.6920, 0.0200, 0.2488, 0.0129
(14, 14): nan, nan, nan, 0.0000
(14, 15): 0.7050, 0.0200, 0.2186, 0.0151
(14, 16): 1.4215, 0.0200, 0.8893, 0.0096
(14, 17): 1.4311, 0.0200, 1.0771, 0.0078
(14, 18): 1.1823, 0.0200, 1.4655, 0.0053
(14, 19): 1.2152, 0.0200, 1.5523, 0.0045
(14, 20): 1.2559, 0.0200, 1.4733, 0.0053
(14, 21): 1.1683, 0.0200, 1.6114, 0.0044
(14, 22): 1.1587, 0.0200, 1.6538, 0.0040
(14, 23): 1.0916, 0.0200, 1.8135, 0.0040
(14, 24): 1.1505, 0.0200, 1.5143, 0.0037
(14, 25): 0.9160, 0.0200, 1.1514, 0.0041
(14, 26): 0.9928, 0.0200, 1.1114, 0.0034
(14, 27): 0.5699, 0.0200, 0.2434, 0.0082
(15, 1): nan, nan, nan, 0.0000
(15, 2): nan, nan, nan, 0.0000
(15, 3): nan, nan, nan, 0.0000
(15, 4): nan, nan, nan, 0.0000
(15, 5): nan, nan, nan, 0.0000
(15, 6): nan, nan, nan, 0.0000
(15, 7): nan, nan, nan, 0.0000
(15, 8): nan, nan, nan, 0.0000
(15, 9): 0.8850, 0.0200, 0.5014, 0.0082
(15, 10): 1.5702, 0.0200, 0.8943, 0.0109
(15, 11): 1.4951, 0.0200, 1.0285, 0.0106
(15, 12): 1.7639, 0.0200, 0.6824, 0.0098
(15, 13): 1.1210, 0.0200, 0.5866, 0.0085
(15, 14): 0.7169, 0.0200, 0.2357, 0.0113
(15, 15): 1.3110, 0.0200, 1.0589, 0.0062
(15, 16): 1.3894, 0.0200, 1.1516, 0.0070
(15, 17): 1.4568, 0.0200, 1.0005, 0.0090
(15, 18): 1.2244, 0.0200, 1.3469, 0.0063
(15, 19): 1.1730, 0.0200, 1.7290, 0.0050
(15, 20): 1.1885, 0.0200, 1.6514, 0.0039
(15, 21): 1.1796, 0.0200, 1.6107, 0.0043
(15, 22): 1.1615, 0.0200, 1.6465, 0.0038
(15, 23): 1.2345, 0.0200, 1.5168, 0.0039
(15, 24): 1.1434, 0.0200, 1.7062, 0.0041
(15, 25): 1.2074, 0.0200, 1.5922, 0.0031
(15, 26): 1.1507, 0.0200, 1.7013, 0.0022
(15, 27): 1.0129, 0.0200, 1.1791, 0.0041
(16, 1): nan, nan, nan, 0.0000
(16, 2): nan, nan, nan, 0.0000
(16, 3): nan, nan, nan, 0.0000
(16, 4): nan, nan, nan, 0.0000
(16, 5): nan, nan, nan, 0.0000
(16, 6): nan, nan, nan, 0.0000
(16, 7): nan, nan, nan, 0.0000
(16, 8): nan, nan, nan, 0.0000
(16, 9): 0.8790, 0.0200, 0.7328, 0.0075
(16, 10): 1.9684, 0.0200, 0.5092, 0.0156
(16, 11): 2.2754, 0.0200, 0.3113, 0.0181
(16, 12): 1.2688, 0.0200, 1.3824, 0.0052
(16, 13): 1.0920, 0.0200, 0.6090, 0.0060
(16, 14): 1.2455, 0.0200, 1.4101, 0.0060
(16, 15): 1.3427, 0.0200, 1.2950, 0.0059
(16, 16): 1.3420, 0.0200, 1.0891, 0.0070
(16, 17): 1.2424, 0.0200, 1.2146, 0.0069
(16, 18): 1.2161, 0.0200, 1.6240, 0.0046
(16, 19): 1.1530, 0.0200, 1.8375, 0.0040
(16, 20): 1.1345, 0.0200, 1.7265, 0.0042
(16, 21): 1.1160, 0.0200, 1.7118, 0.0046
(16, 22): 1.1060, 0.0200, 1.7854, 0.0045
(16, 23): 1.1668, 0.0200, 1.7077, 0.0044
(16, 24): 1.1988, 0.0200, 1.6450, 0.0031
(16, 25): 1.1897, 0.0200, 1.6513, 0.0027
(16, 26): 1.1412, 0.0200, 1.6833, 0.0032
(16, 27): 0.9927, 0.0200, 1.1324, 0.0034
(17, 1): nan, nan, nan, 0.0000
(17, 2): nan, nan, nan, 0.0000
(17, 3): nan, nan, nan, 0.0000
(17, 4): nan, nan, nan, 0.0000
(17, 5): nan, nan, nan, 0.0000
(17, 6): nan, nan, nan, 0.0000
(17, 7): nan, nan, nan, 0.0000
(17, 8): nan, nan, nan, 0.0000
(17, 9): 1.1656, 0.0200, 1.1285, 0.0059
(17, 10): 1.2725, 0.0200, 1.2931, 0.0064
(17, 11): 1.2011, 0.0200, 1.5562, 0.0048
(17, 12): 1.4431, 0.0200, 1.0923, 0.0083
(17, 13): 1.2208, 0.0200, 1.2901, 0.0059
(17, 14): 1.1831, 0.0200, 1.2817, 0.0055
(17, 15): 1.2585, 0.0200, 1.3179, 0.0046
(17, 16): 1.2347, 0.0200, 1.3692, 0.0044
(17, 17): 1.1818, 0.0200, 1.7271, 0.0047
(17, 18): 1.2686, 0.0200, 1.5751, 0.0053
(17, 19): 1.2354, 0.0200, 1.6782, 0.0060
(17, 20): 1.1448, 0.0200, 1.7809, 0.0038
(17, 21): 1.1224, 0.0200, 1.7444, 0.0044
(17, 22): 1.1653, 0.0200, 1.6037, 0.0042
(17, 23): 1.1739, 0.0200, 1.5572, 0.0036
(17, 24): 1.1901, 0.0200, 1.5448, 0.0031
(17, 25): 1.1942, 0.0200, 1.6020, 0.0033
(17, 26): 1.1854, 0.0200, 1.3851, 0.0037
(17, 27): nan, nan, nan, 0.0000
(18, 1): nan, nan, nan, 0.0000
(18, 2): nan, nan, nan, 0.0000
(18, 3): nan, nan, nan, 0.0000
(18, 4): nan, nan, nan, 0.0000
(18, 5): nan, nan, nan, 0.0000
(18, 6): nan, nan, nan, 0.0000
(18, 7): nan, nan, nan, 0.0000
(18, 8): 0.6617, 0.0200, 0.2581, 0.0105
(18, 9): 1.2843, 0.0200, 1.2947, 0.0055
(18, 10): 1.2745, 0.0200, 1.4281, 0.0067
(18, 11): 1.2449, 0.0200, 1.4868, 0.0063
(18, 12): 1.1899, 0.0200, 1.5811, 0.0046
(18, 13): 1.1951, 0.0200, 1.6108, 0.0053
(18, 14): 1.1857, 0.0200, 1.6854, 0.0047
(18, 15): 1.1707, 0.0200, 1.7654, 0.0044
(18, 16): 1.1463, 0.0200, 1.7914, 0.0036
(18, 17): 1.1399, 0.0200, 1.7613, 0.0043
(18, 18): 1.2092, 0.0200, 1.6883, 0.0045
(18, 19): 1.3117, 0.0200, 1.4757, 0.0065
(18, 20): 1.0600, 0.0200, 2.0943, 0.0041
(18, 21): 1.0653, 0.0200, 1.9004, 0.0042
(18, 22): 1.1087, 0.0200, 1.7153, 0.0044
(18, 23): 1.1641, 0.0200, 1.6219, 0.0036
(18, 24): 1.1686, 0.0200, 1.6111, 0.0037
(18, 25): 1.1406, 0.0200, 1.4993, 0.0027
(18, 26): 0.8388, 0.0200, 0.5400, 0.0048
(18, 27): nan, nan, nan, 0.0000
(19, 1): nan, nan, nan, 0.0000
(19, 2): nan, nan, nan, 0.0000
(19, 3): nan, nan, nan, 0.0000
(19, 4): nan, nan, nan, 0.0000
(19, 5): nan, nan, nan, 0.0000
(19, 6): nan, nan, nan, 0.0000
(19, 7): nan, nan, nan, 0.0000
(19, 8): 1.0291, 0.0200, 1.0640, 0.0052
(19, 9): 2.1751, 0.0200, 0.3911, 0.0155
(19, 10): 1.1597, 0.0200, 1.6933, 0.0051
(19, 11): 1.2133, 0.0200, 1.4839, 0.0053
(19, 12): 1.1426, 0.0200, 1.6523, 0.0052
(1, 1): nan, nan, nan, 0.0000
(1, 2): nan, nan, nan, 0.0000
(1, 3): nan, nan, nan, 0.0000
(1, 4): nan, nan, nan, 0.0000
(1, 5): nan, nan, nan, 0.0000
(1, 6): nan, nan, nan, 0.0000
(1, 7): nan, nan, nan, 0.0000
(1, 8): nan, nan, nan, 0.0000
(1, 9): nan, nan, nan, 0.0000
(1, 10): nan, nan, nan, 0.0000
(1, 11): nan, nan, nan, 0.0000
(1, 12): nan, nan, nan, 0.0000
(1, 13): nan, nan, nan, 0.0000
(1, 14): nan, nan, nan, 0.0000
(1, 15): nan, nan, nan, 0.0000
(1, 16): nan, nan, nan, 0.0000
(1, 17): nan, nan, nan, 0.0000
(1, 18): nan, nan, nan, 0.0000
(1, 19): nan, nan, nan, 0.0000
(1, 20): nan, nan, nan, 0.0000
(1, 21): nan, nan, nan, 0.0000
(1, 22): nan, nan, nan, 0.0000
(1, 23): nan, nan, nan, 0.0000
(1, 24): nan, nan, nan, 0.0000
(1, 25): nan, nan, nan, 0.0000
(1, 26): nan, nan, nan, 0.0000
(1, 27): nan, nan, nan, 0.0000
(2, 1): nan, nan, nan, 0.0000
(2, 2): nan, nan, nan, 0.0000
(2, 3): nan, nan, nan, 0.0000
(2, 4): nan, nan, nan, 0.0000
(2, 5): nan, nan, nan, 0.0000
(2, 6): nan, nan, nan, 0.0000
(2, 7): nan, nan, nan, 0.0000
(2, 8): nan, nan, nan, 0.0000
(2, 9): nan, nan, nan, 0.0000
(2, 10): nan, nan, nan, 0.0000
(2, 11): nan, nan, nan, 0.0000
(2, 12): nan, nan, nan, 0.0000
(2, 13): nan, nan, nan, 0.0000
(2, 14): nan, nan, nan, 0.0000
(2, 15): nan, nan, nan, 0.0000
(2, 16): nan, nan, nan, 0.0000
(2, 17): nan, nan, nan, 0.0000
(2, 18): nan, nan, nan, 0.0000
(2, 19): nan, nan, nan, 0.0000
(2, 20): 0.7648, 0.0200, 0.3244, 0.0036
(2, 21): 0.8873, 0.0200, 0.2619, 0.0069
(2, 22): nan, nan, nan, 0.0000
(2, 23): nan, nan, nan, 0.0000
(2, 24): nan, nan, nan, 0.0000
(2, 25): nan, nan, nan, 0.0000
(2, 26): nan, nan, nan, 0.0000
(2, 27): nan, nan, nan, 0.0000
(3, 1): nan, nan, nan, 0.0000
(3, 2): nan, nan, nan, 0.0000
(3, 3): nan, nan, nan, 0.0000
(3, 4): nan, nan, nan, 0.0000
(3, 5): nan, nan, nan, 0.0000
(3, 6): nan, nan, nan, 0.0000
(3, 7): nan, nan, nan, 0.0000
(3, 8): nan, nan, nan, 0.0000
(3, 9): nan, nan, nan, 0.0000
(3, 10): nan, nan, nan, 0.0000
(3, 11): nan, nan, nan, 0.0000
(3, 12): nan, nan, nan, 0.0000
(3, 13): nan, nan, nan, 0.0000
(3, 14): nan, nan, nan, 0.0000
(3, 15): nan, nan, nan, 0.0000
(3, 16): 0.8714, 0.0200, 0.5851, 0.0067
(3, 17): 0.8848, 0.0200, 0.5481, 0.0072
(3, 18): 0.7675, 0.0200, 0.3306, 0.0078
(3, 19): 0.7998, 0.0200, 0.6056, 0.0043
(3, 20): 0.7807, 0.0200, 0.3173, 0.0066
(3, 21): 0.7930, 0.0200, 0.4909, 0.0051
(3, 22): 0.9344, 0.0200, 1.1675, 0.0039
(3, 23): 1.0453, 0.0200, 1.6034, 0.0031
(3, 24): 0.9892, 0.0200, 1.4589, 0.0030
(3, 25): nan, nan, nan, 0.0000
(3, 26): nan, nan, nan, 0.0000
(3, 27): nan, nan, nan, 0.0000
(4, 1): nan, nan, nan, 0.0000
(4, 2): nan, nan, nan, 0.0000
(4, 3): nan, nan, nan, 0.0000
(4, 4): nan, nan, nan, 0.0000
(4, 5): nan, nan, nan, 0.0000
(4, 6): nan, nan, nan, 0.0000
(4, 7): nan, nan, nan, 0.0000
(4, 8): nan, nan, nan, 0.0000
(4, 9): nan, nan, nan, 0.0000
(4, 10): nan, nan, nan, 0.0000
(4, 11): nan, nan, nan, 0.0000
(4, 12): nan, nan, nan, 0.0000
(4, 13): 0.8431, 0.0200, 0.4875, 0.0057
(4, 14): 1.0258, 0.0200, 0.8347, 0.0053
(4, 15): 0.8540, 0.0200, 0.4637, 0.0079
(4, 16): 0.8267, 0.0200, 0.4892, 0.0068
(4, 17): 0.8431, 0.0200, 0.4845, 0.0059
(4, 18): 0.9921, 0.0200, 1.1719, 0.0051
(4, 19): 1.0732, 0.0200, 1.3450, 0.0047
(4, 20): 1.0594, 0.0200, 1.6415, 0.0038
(4, 21): 1.1385, 0.0200, 1.4888, 0.0033
(4, 22): 1.1311, 0.0200, 1.5411, 0.0028
(4, 23): 1.0215, 0.0200, 1.7970, 0.0025
(4, 24): 1.0416, 0.0200, 1.7258, 0.0028
(4, 25): 0.9020, 0.0200, 1.4282, 0.0022
(4, 26): 0.6243, 0.0200, 0.4702, 0.0025
(4, 27): nan, nan, nan, 0.0000
(5, 1): nan, nan, nan, 0.0000
(5, 2): nan, nan, nan, 0.0000
(5, 3): nan, nan, nan, 0.0000
(5, 4): nan, nan, nan, 0.0000
(5, 5): nan, nan, nan, 0.0000
(5, 6): nan, nan, nan, 0.0000
(5, 7): nan, nan, nan, 0.0000
(5, 8): nan, nan, nan, 0.0000
(5, 9): nan, nan, nan, 0.0000
(5, 10): nan, nan, nan, 0.0000
(5, 11): nan, nan, nan, 0.0000
(5, 12): nan, nan, nan, 0.0000
(5, 13): 0.8867, 0.0200, 0.6004, 0.0053
(5, 14): nan, nan, nan, 0.0000
(5, 15): nan, nan, nan, 0.0000
(5, 16): 1.1134, 0.0200, 0.8411, 0.0054
(5, 17): 1.2314, 0.0200, 1.3485, 0.0052
(5, 18): 1.1661, 0.0200, 1.4753, 0.0050
(5, 19): 1.1673, 0.0200, 1.5712, 0.0052
(5, 20): 1.1753, 0.0200, 1.5441, 0.0037
(5, 21): 1.1332, 0.0200, 1.5786, 0.0040
(5, 22): 1.1145, 0.0200, 1.6426, 0.0033
(5, 23): 1.0804, 0.0200, 1.7528, 0.0030
(5, 24): 1.0651, 0.0200, 1.7018, 0.0034
(5, 25): 1.1287, 0.0200, 1.6728, 0.0028
(5, 26): 1.0790, 0.0200, 1.6857, 0.0030
(5, 27): 0.8707, 0.0200, 0.6064, 0.0034
(6, 1): nan, nan, nan, 0.0000
(6, 2): nan, nan, nan, 0.0000
(6, 3): nan, nan, nan, 0.0000
(6, 4): nan, nan, nan, 0.0000
(6, 5): nan, nan, nan, 0.0000
(6, 6): nan, nan, nan, 0.0000
(6, 7): nan, nan, nan, 0.0000
(6, 8): nan, nan, nan, 0.0000
(6, 9): nan, nan, nan, 0.0000
(6, 10): nan, nan, nan, 0.0000
(6, 11): 0.9820, 0.0200, 0.6277, 0.0053
(6, 12): 0.7826, 0.0200, 0.3670, 0.0053
(6, 13): nan, nan, nan, 0.0000
(6, 14): nan, nan, nan, 0.0000
(6, 15): 1.2167, 0.0200, 0.8295, 0.0119
(6, 16): 1.3204, 0.0200, 1.1816, 0.0097
(6, 17): 1.2429, 0.0200, 1.3406, 0.0059
(6, 18): 1.2128, 0.0200, 1.4190, 0.0050
(6, 19): 1.2009, 0.0200, 1.5196, 0.0043
(6, 20): 1.1737, 0.0200, 1.5864, 0.0032
(6, 21): 1.1546, 0.0200, 1.6645, 0.0040
(6, 22): 1.1122, 0.0200, 1.7820, 0.0042
(6, 23): 1.1528, 0.0200, 1.6602, 0.0032
(6, 24): 1.0913, 0.0200, 1.7414, 0.0034
(6, 25): 1.0615, 0.0200, 1.9199, 0.0029
(6, 26): 1.0953, 0.0200, 1.8186, 0.0024
(6, 27): 0.8794, 0.0200, 0.7509, 0.0039
(7, 1): nan, nan, nan, 0.0000
(7, 2): nan, nan, nan, 0.0000
(7, 3): nan, nan, nan, 0.0000
(7, 4): nan, nan, nan, 0.0000
(7, 5): nan, nan, nan, 0.0000
(7, 6): nan, nan, nan, 0.0000
(7, 7): nan, nan, nan, 0.0000
(7, 8): nan, nan, nan, 0.0000
(7, 9): nan, nan, nan, 0.0000
(7, 10): 0.6657, 0.0200, 0.2246, 0.0103
(7, 11): 0.9319, 0.0200, 0.6694, 0.0058
(7, 12): nan, nan, nan, 0.0000
(7, 13): nan, nan, nan, 0.0000
(7, 14): nan, nan, nan, 0.0000
(7, 15): 2.2062, 0.0200, 0.2348, 0.0204
(7, 16): 1.5583, 0.0200, 0.8135, 0.0107
(7, 17): 1.2460, 0.0200, 1.3553, 0.0059
(7, 18): 1.2283, 0.0200, 1.4516, 0.0056
(7, 19): 1.2384, 0.0200, 1.4578, 0.0060
(7, 20): 1.2052, 0.0200, 1.5472, 0.0049
(7, 21): 1.2173, 0.0200, 1.5943, 0.0046
(7, 22): 1.1911, 0.0200, 1.6867, 0.0044
(7, 23): 1.1603, 0.0200, 1.7424, 0.0031
(7, 24): 1.0412, 0.0200, 1.9507, 0.0026
(7, 25): 1.0381, 0.0200, 1.9511, 0.0026
(7, 26): 1.0793, 0.0200, 1.8490, 0.0021
(7, 27): 1.0058, 0.0200, 1.2394, 0.0033
(8, 1): nan, nan, nan, 0.0000
(8, 2): nan, nan, nan, 0.0000
(8, 3): nan, nan, nan, 0.0000
(8, 4): nan, nan, nan, 0.0000
(8, 5): nan, nan, nan, 0.0000
(8, 6): nan, nan, nan, 0.0000
(8, 7): nan, nan, nan, 0.0000
(8, 8): nan, nan, nan, 0.0000
(8, 9): nan, nan, nan, 0.0000
(8, 10): 0.9541, 0.0200, 1.0356, 0.0052
(8, 11): 0.9530, 0.0200, 0.9512, 0.0052
(8, 12): nan, nan, nan, 0.0000
(8, 13): nan, nan, nan, 0.0000
(8, 14): 0.8521, 0.0200, 0.6073, 0.0067
(8, 15): 2.2829, 0.0200, 0.1907, 0.0245
(8, 16): 1.7888, 0.0200, 0.6089, 0.0130
(8, 17): 1.2809, 0.0200, 1.2970, 0.0058
(8, 18): 1.2236, 0.0200, 1.4833, 0.0056
(8, 19): 1.2153, 0.0200, 1.5286, 0.0038
(8, 20): 1.1922, 0.0200, 1.6536, 0.0043
(8, 21): 1.1882, 0.0200, 1.6824, 0.0044
(8, 22): 1.2082, 0.0200, 1.6716, 0.0036
(8, 23): 1.2158, 0.0200, 1.6709, 0.0028
(8, 24): 1.1359, 0.0200, 1.8593, 0.0027
(8, 25): 1.0946, 0.0200, 1.9020, 0.0023
(8, 26): 1.0529, 0.0200, 1.9824, 0.0024
(8, 27): 0.9627, 0.0200, 1.1832, 0.0040
(9, 1): nan, nan, nan, 0.0000
(9, 2): nan, nan, nan, 0.0000
(9, 3): nan, nan, nan, 0.0000
(9, 4): nan, nan, nan, 0.0000
(9, 5): nan, nan, nan, 0.0000
(9, 6): nan, nan, nan, 0.0000
(9, 7): nan, nan, nan, 0.0000
(9, 8): nan, nan, nan, 0.0000
(9, 9): nan, nan, nan, 0.0000
(9, 10): 0.9616, 0.0200, 1.0528, 0.0047
(9, 11): 0.6929, 0.0200, 0.2159, 0.0115
(9, 12): nan, nan, nan, 0.0000
(9, 13): nan, nan, nan, 0.0000
(9, 14): nan, nan, nan, 0.0000
(9, 15): 2.4202, 0.0200, 0.1764, 0.0212
(9, 16): 1.3949, 0.0200, 1.1213, 0.0084
(9, 17): 1.1958, 0.0200, 1.4743, 0.0066
(9, 18): 1.1902, 0.0200, 1.5558, 0.0064
(9, 19): 1.1428, 0.0200, 1.7152, 0.0058
(9, 20): 1.1733, 0.0200, 1.6863, 0.0052
(9, 21): 1.2261, 0.0200, 1.6180, 0.0043
(9, 22): 1.2686, 0.0200, 1.5440, 0.0043
(9, 23): 1.2061, 0.0200, 1.7352, 0.0032
(9, 24): 1.1411, 0.0200, 1.9033, 0.0026
(9, 25): 1.1627, 0.0200, 1.8445, 0.0019
(9, 26): 1.1162, 0.0200, 1.8502, 0.0021
(9, 27): 0.7375, 0.0200, 0.6082, 0.0032
(10, 1): nan, nan, nan, 0.0000
(10, 2): nan, nan, nan, 0.0000
(10, 3): nan, nan, nan, 0.0000
(10, 4): nan, nan, nan, 0.0000
(10, 5): nan, nan, nan, 0.0000
(10, 6): nan, nan, nan, 0.0000
(19, 13): 1.1765, 0.0200, 1.6089, 0.0041
(19, 14): 1.1927, 0.0200, 1.6504, 0.0047
(19, 15): 1.1484, 0.0200, 1.8404, 0.0036
(19, 16): 1.0845, 0.0200, 1.9370, 0.0043
(19, 17): 1.1449, 0.0200, 1.7553, 0.0034
(19, 18): 1.1317, 0.0200, 1.8772, 0.0038
(19, 19): 1.2570, 0.0200, 1.6328, 0.0044
(19, 20): 1.0621, 0.0200, 2.0953, 0.0036
(19, 21): 1.0666, 0.0200, 1.9655, 0.0033
(19, 22): 1.0731, 0.0200, 1.8571, 0.0036
(19, 23): 1.1233, 0.0200, 1.7912, 0.0034
(19, 24): 1.1463, 0.0200, 1.7249, 0.0026
(19, 25): 1.0510, 0.0200, 1.2548, 0.0025
(19, 26): 0.5074, 0.0200, 0.2895, 0.0075
(19, 27): nan, nan, nan, 0.0000
(20, 1): nan, nan, nan, 0.0000
(20, 2): nan, nan, nan, 0.0000
(20, 3): nan, nan, nan, 0.0000
(20, 4): nan, nan, nan, 0.0000
(20, 5): nan, nan, nan, 0.0000
(20, 6): nan, nan, nan, 0.0000
(20, 7): 0.8287, 0.0200, 0.5738, 0.0061
(20, 8): 1.1652, 0.0200, 1.7362, 0.0070
(20, 9): 1.2970, 0.0200, 1.4238, 0.0062
(20, 10): 1.1240, 0.0200, 1.7025, 0.0045
(20, 11): 1.0995, 0.0200, 1.7839, 0.0039
(20, 12): 1.0731, 0.0200, 1.8224, 0.0046
(20, 13): 1.2686, 0.0200, 1.3826, 0.0053
(20, 14): 1.2883, 0.0200, 1.3697, 0.0043
(20, 15): 1.1055, 0.0200, 1.8766, 0.0037
(20, 16): 1.1164, 0.0200, 1.8524, 0.0038
(20, 17): 1.0820, 0.0200, 1.9216, 0.0038
(20, 18): 1.1615, 0.0200, 1.7891, 0.0034
(20, 19): 1.1616, 0.0200, 1.8750, 0.0040
(20, 20): 1.1112, 0.0200, 1.9612, 0.0034
(20, 21): 1.0790, 0.0200, 1.9203, 0.0039
(20, 22): 1.1474, 0.0200, 1.7303, 0.0043
(20, 23): 1.2238, 0.0200, 1.5785, 0.0035
(20, 24): 1.1717, 0.0200, 1.7165, 0.0025
(20, 25): 1.1220, 0.0200, 1.7644, 0.0026
(20, 26): 0.7787, 0.0200, 0.6075, 0.0041
(20, 27): nan, nan, nan, 0.0000
(21, 1): nan, nan, nan, 0.0000
(21, 2): nan, nan, nan, 0.0000
(21, 3): nan, nan, nan, 0.0000
(21, 4): nan, nan, nan, 0.0000
(21, 5): nan, nan, nan, 0.0000
(21, 6): 0.8005, 0.0200, 0.5949, 0.0054
(21, 7): 1.1047, 0.0200, 1.6052, 0.0051
(21, 8): 1.1258, 0.0200, 1.8092, 0.0046
(21, 9): 1.1956, 0.0200, 1.6707, 0.0055
(21, 10): 1.1357, 0.0200, 1.8260, 0.0052
(21, 11): 1.1226, 0.0200, 1.7931, 0.0037
(21, 12): 1.0998, 0.0200, 1.7812, 0.0044
(21, 13): 1.1053, 0.0200, 1.7679, 0.0041
(21, 14): 1.1729, 0.0200, 1.6678, 0.0035
(21, 15): 1.1029, 0.0200, 1.8099, 0.0031
(21, 16): 1.1651, 0.0200, 1.6470, 0.0035
(21, 17): 1.1454, 0.0200, 1.7089, 0.0038
(21, 18): 1.0667, 0.0200, 1.9953, 0.0053
(21, 19): 1.1660, 0.0200, 1.7335, 0.0039
(21, 20): 1.1709, 0.0200, 1.7042, 0.0051
(21, 21): 1.1589, 0.0200, 1.3857, 0.0048
(21, 22): 1.1925, 0.0200, 1.3468, 0.0048
(21, 23): 1.2172, 0.0200, 1.2505, 0.0043
(21, 24): 0.9420, 0.0200, 0.9224, 0.0044
(21, 25): nan, nan, nan, 0.0000
(21, 26): nan, nan, nan, 0.0000
(21, 27): nan, nan, nan, 0.0000
(22, 1): nan, nan, nan, 0.0000
(22, 2): nan, nan, nan, 0.0000
(22, 3): nan, nan, nan, 0.0000
(22, 4): nan, nan, nan, 0.0000
(22, 5): nan, nan, nan, 0.0000
(22, 6): 1.0797, 0.0200, 1.2258, 0.0040
(22, 7): 1.0612, 0.0200, 1.9066, 0.0041
(22, 8): 1.1013, 0.0200, 1.8141, 0.0051
(22, 9): 1.3363, 0.0200, 1.3521, 0.0111
(22, 10): 2.3851, 0.0200, 0.2539, 0.0149
(22, 11): 1.1725, 0.0200, 1.7396, 0.0042
(22, 12): 1.1131, 0.0200, 1.7975, 0.0041
(22, 13): 1.0762, 0.0200, 1.8867, 0.0035
(22, 14): 1.1033, 0.0200, 1.8255, 0.0030
(22, 15): 1.0816, 0.0200, 1.8485, 0.0040
(22, 16): 1.1543, 0.0200, 1.6589, 0.0038
(22, 17): 1.1454, 0.0200, 1.6896, 0.0039
(22, 18): 1.2788, 0.0200, 1.4035, 0.0040
(22, 19): 1.2764, 0.0200, 1.4243, 0.0043
(22, 20): 1.1798, 0.0200, 1.2540, 0.0058
(22, 21): 0.7948, 0.0200, 0.3873, 0.0061
(22, 22): nan, nan, nan, 0.0000
(22, 23): nan, nan, nan, 0.0000
(22, 24): nan, nan, nan, 0.0000
(22, 25): nan, nan, nan, 0.0000
(22, 26): nan, nan, nan, 0.0000
(22, 27): nan, nan, nan, 0.0000
(23, 1): nan, nan, nan, 0.0000
(23, 2): nan, nan, nan, 0.0000
(23, 3): nan, nan, nan, 0.0000
(23, 4): nan, nan, nan, 0.0000
(23, 5): 0.8445, 0.0200, 0.6704, 0.0054
(23, 6): 1.0364, 0.0200, 1.0928, 0.0047
(23, 7): 1.0989, 0.0200, 1.3319, 0.0063
(23, 8): 1.1226, 0.0200, 1.6943, 0.0052
(23, 9): 1.1787, 0.0200, 1.6467, 0.0044
(23, 10): 1.4853, 0.0200, 1.0342, 0.0063
(23, 11): 2.0139, 0.0200, 0.3704, 0.0077
(23, 12): 1.2035, 0.0200, 1.6160, 0.0054
(23, 13): 1.1095, 0.0200, 1.7927, 0.0035
(23, 14): 1.1306, 0.0200, 1.7313, 0.0030
(23, 15): 1.1413, 0.0200, 1.7077, 0.0038
(23, 16): 1.1963, 0.0200, 1.5794, 0.0042
(23, 17): 1.2296, 0.0200, 1.4668, 0.0055
(23, 18): 1.2843, 0.0200, 1.3812, 0.0044
(23, 19): 1.2686, 0.0200, 1.4554, 0.0044
(23, 20): 1.2550, 0.0200, 1.2066, 0.0047
(23, 21): nan, nan, nan, 0.0000
(23, 22): nan, nan, nan, 0.0000
(23, 23): nan, nan, nan, 0.0000
(23, 24): nan, nan, nan, 0.0000
(23, 25): nan, nan, nan, 0.0000
(23, 26): nan, nan, nan, 0.0000
(23, 27): nan, nan, nan, 0.0000
(24, 1): nan, nan, nan, 0.0000
(24, 2): nan, nan, nan, 0.0000
(24, 3): nan, nan, nan, 0.0000
(24, 4): 0.7973, 0.0200, 0.5421, 0.0042
(24, 5): 0.9157, 0.0200, 0.8450, 0.0056
(24, 6): 0.9375, 0.0200, 0.8095, 0.0059
(24, 7): 1.1054, 0.0200, 1.4722, 0.0053
(24, 8): 1.0571, 0.0200, 1.1554, 0.0046
(24, 9): 1.0884, 0.0200, 1.5161, 0.0050
(24, 10): 1.1437, 0.0200, 1.3328, 0.0052
(24, 11): 1.3295, 0.0200, 1.2211, 0.0058
(24, 12): 1.3197, 0.0200, 1.3311, 0.0054
(24, 13): 1.1694, 0.0200, 1.6339, 0.0043
(24, 14): 1.2396, 0.0200, 1.4801, 0.0044
(24, 15): 1.2395, 0.0200, 1.4654, 0.0042
(24, 16): 1.3539, 0.0200, 1.2745, 0.0053
(24, 17): 1.2707, 0.0200, 1.4408, 0.0046
(24, 18): 1.2412, 0.0200, 1.5222, 0.0042
(24, 19): 1.2907, 0.0200, 1.4494, 0.0044
(24, 20): 1.3075, 0.0200, 1.3650, 0.0046
(24, 21): 1.0912, 0.0200, 1.0775, 0.0046
(24, 22): nan, nan, nan, 0.0000
(24, 23): nan, nan, nan, 0.0000
(24, 24): nan, nan, nan, 0.0000
(24, 25): nan, nan, nan, 0.0000
(24, 26): nan, nan, nan, 0.0000
(24, 27): nan, nan, nan, 0.0000
(25, 1): nan, nan, nan, 0.0000
(25, 2): nan, nan, nan, 0.0000
(25, 3): nan, nan, nan, 0.0000
(25, 4): 0.9870, 0.0200, 1.1309, 0.0037
(25, 5): 1.0090, 0.0200, 1.3249, 0.0033
(25, 6): 1.1580, 0.0200, 1.3660, 0.0056
(25, 7): 0.9737, 0.0200, 0.9594, 0.0053
(25, 8): 1.1319, 0.0200, 1.3950, 0.0043
(25, 9): 1.1537, 0.0200, 1.5803, 0.0043
(25, 10): 1.2159, 0.0200, 1.5229, 0.0044
(25, 11): 1.2029, 0.0200, 1.5601, 0.0044
(25, 12): 1.2162, 0.0200, 1.5710, 0.0037
(25, 13): 1.2162, 0.0200, 1.5511, 0.0042
(25, 14): 1.2847, 0.0200, 1.4210, 0.0050
(25, 15): 1.3342, 0.0200, 1.3336, 0.0050
(25, 16): 1.2695, 0.0200, 1.4226, 0.0047
(25, 17): 1.2877, 0.0200, 1.4091, 0.0047
(25, 18): 1.2160, 0.0200, 1.5715, 0.0039
(25, 19): 1.2015, 0.0200, 1.6004, 0.0037
(25, 20): 1.2093, 0.0200, 1.5575, 0.0050
(25, 21): 1.2186, 0.0200, 1.5049, 0.0050
(25, 22): 0.9613, 0.0200, 0.8826, 0.0058
(25, 23): nan, nan, nan, 0.0000
(25, 24): nan, nan, nan, 0.0000
(25, 25): nan, nan, nan, 0.0000
(25, 26): nan, nan, nan, 0.0000
(25, 27): nan, nan, nan, 0.0000
(26, 1): nan, nan, nan, 0.0000
(26, 2): 0.5788, 0.0200, 0.2582, 0.0062
(26, 3): 0.7875, 0.0200, 1.0723, 0.0026
(26, 4): 0.9781, 0.0200, 1.1749, 0.0036
(26, 5): 0.9283, 0.0200, 1.2210, 0.0036
(26, 6): 0.9272, 0.0200, 1.0697, 0.0039
(26, 7): 1.1459, 0.0200, 1.4315, 0.0042
(26, 8): 1.1726, 0.0200, 1.6218, 0.0036
(26, 9): 1.1937, 0.0200, 1.6377, 0.0039
(26, 10): 1.2722, 0.0200, 1.4770, 0.0042
(26, 11): 1.2324, 0.0200, 1.5455, 0.0028
(26, 12): 1.1719, 0.0200, 1.6815, 0.0049
(26, 13): 1.2382, 0.0200, 1.5482, 0.0032
(26, 14): 1.2055, 0.0200, 1.6366, 0.0041
(26, 15): 1.2649, 0.0200, 1.4938, 0.0038
(26, 16): 1.2168, 0.0200, 1.5605, 0.0043
(26, 17): 1.2057, 0.0200, 1.5711, 0.0040
(26, 18): 1.2218, 0.0200, 1.5411, 0.0034
(26, 19): 1.1635, 0.0200, 1.6071, 0.0040
(26, 20): 1.1925, 0.0200, 1.5627, 0.0046
(26, 21): 1.1934, 0.0200, 1.5723, 0.0040
(26, 22): 1.0739, 0.0200, 1.4313, 0.0046
(26, 23): nan, nan, nan, 0.0000
(26, 24): nan, nan, nan, 0.0000
(26, 25): nan, nan, nan, 0.0000
(26, 26): nan, nan, nan, 0.0000
(26, 27): nan, nan, nan, 0.0000
(27, 1): nan, nan, nan, 0.0000
(27, 2): 0.7961, 0.0200, 1.0318, 0.0031
(27, 3): 1.1712, 0.0200, 1.5449, 0.0029
(27, 4): 1.0841, 0.0200, 1.9156, 0.0020
(27, 5): 1.1033, 0.0200, 1.9639, 0.0025
(27, 6): 1.0711, 0.0200, 1.5373, 0.0030
(27, 7): 0.9049, 0.0200, 0.7506, 0.0046
(27, 8): 1.0901, 0.0200, 1.5349, 0.0036
(27, 9): 1.1464, 0.0200, 1.3294, 0.0037
(27, 10): 1.1795, 0.0200, 1.2866, 0.0047
(27, 11): 1.0574, 0.0200, 1.5015, 0.0041
(27, 12): 0.9899, 0.0200, 0.9502, 0.0038
(27, 13): 1.0507, 0.0200, 1.6224, 0.0045
(27, 14): 1.0424, 0.0200, 1.3337, 0.0037
(27, 15): 1.2151, 0.0200, 1.6125, 0.0041
(27, 16): 1.1933, 0.0200, 1.6078, 0.0033
(27, 17): 1.1710, 0.0200, 1.6176, 0.0038
(27, 18): 1.1588, 0.0200, 1.7005, 0.0044
(27, 19): 1.1982, 0.0200, 1.6037, 0.0045
(27, 20): 1.1683, 0.0200, 1.6191, 0.0040
(27, 21): 1.1094, 0.0200, 1.7570, 0.0047
(27, 22): 1.1153, 0.0200, 1.3431, 0.0043
(27, 23): nan, nan, nan, 0.0000
(27, 24): nan, nan, nan, 0.0000
(27, 25): nan, nan, nan, 0.0000
(27, 26): nan, nan, nan, 0.0000
(27, 27): nan, nan, nan, 0.0000
(28, 1): nan, nan, nan, 0.0000
(28, 2): 0.4736, 0.0200, 0.3423, 0.0055
(28, 3): 0.8886, 0.0200, 1.1409, 0.0024
(28, 4): 0.9107, 0.0200, 1.2136, 0.0033
(28, 5): 1.0587, 0.0200, 1.6298, 0.0022
(28, 6): 0.9391, 0.0200, 1.0329, 0.0027
(28, 7): 0.9063, 0.0200, 1.1277, 0.0032
(28, 8): 1.0064, 0.0200, 1.4874, 0.0034
(28, 9): 0.9407, 0.0200, 1.2513, 0.0040
(28, 10): nan, nan, nan, 0.0000
(28, 11): nan, nan, nan, 0.0000
(28, 12): nan, nan, nan, 0.0000
(28, 13): nan, nan, nan, 0.0000
(28, 14): 0.7935, 0.0200, 0.6208, 0.0046
(28, 15): 1.1929, 0.0200, 1.5776, 0.0038
(28, 16): 1.1267, 0.0200, 1.8234, 0.0038
(28, 17): 1.1281, 0.0200, 1.7808, 0.0036
(28, 18): 1.1357, 0.0200, 1.7167, 0.0043
(28, 19): 1.1096, 0.0200, 1.7619, 0.0039
(28, 20): 1.0993, 0.0200, 1.7508, 0.0040
(28, 21): 1.1050, 0.0200, 1.6465, 0.0041
(28, 22): 0.9118, 0.0200, 0.8937, 0.0051
(28, 23): nan, nan, nan, 0.0000
(28, 24): nan, nan, nan, 0.0000
(28, 25): nan, nan, nan, 0.0000
(28, 26): nan, nan, nan, 0.0000
(28, 27): nan, nan, nan, 0.0000
(29, 1): nan, nan, nan, 0.0000
(29, 2): 1.0656, 0.0200, 1.9400, 0.0023
(29, 3): 1.0865, 0.0200, 2.2283, 0.0024
(29, 4): 0.9920, 0.0200, 2.0192, 0.0026
(29, 5): 0.9505, 0.0200, 1.7844, 0.0034
(29, 6): 1.0798, 0.0200, 2.0777, 0.0031
(29, 7): 0.9836, 0.0200, 1.8200, 0.0032
(29, 8): 0.5428, 0.0200, 0.2829, 0.0081
(29, 9): nan, nan, nan, 0.0000
(29, 10): nan, nan, nan, 0.0000
(29, 11): nan, nan, nan, 0.0000
(29, 12): nan, nan, nan, 0.0000
(29, 13): nan, nan, nan, 0.0000
(29, 14): nan, nan, nan, 0.0000
(29, 15): 0.7739, 0.0200, 0.4386, 0.0053
(29, 16): 0.9304, 0.0200, 0.9671, 0.0043
(29, 17): 0.5777, 0.0200, 0.2781, 0.0100
(29, 18): 1.0870, 0.0200, 1.3892, 0.0053
(29, 19): 1.1057, 0.0200, 1.7596, 0.0040
(29, 20): 1.1092, 0.0200, 1.7081, 0.0043
(29, 21): 1.1821, 0.0200, 1.5410, 0.0049
(29, 22): 0.8748, 0.0200, 0.4655, 0.0075
(29, 23): nan, nan, nan, 0.0000
(29, 24): nan, nan, nan, 0.0000
(29, 25): nan, nan, nan, 0.0000
(29, 26): nan, nan, nan, 0.0000
(29, 27): nan, nan, nan, 0.0000
(30, 1): nan, nan, nan, 0.0000
(30, 2): 0.9190, 0.0200, 1.4591, 0.0027
(30, 3): 0.7478, 0.0200, 0.8291, 0.0028
(30, 4): 0.6870, 0.0200, 0.7626, 0.0033
(30, 5): 1.0908, 0.0200, 1.7098, 0.0030
(30, 6): 1.0380, 0.0200, 1.6442, 0.0033
(30, 7): 0.6421, 0.0200, 0.7783, 0.0036
(30, 8): nan, nan, nan, 0.0000
(30, 9): nan, nan, nan, 0.0000
(30, 10): nan, nan, nan, 0.0000
(30, 11): nan, nan, nan, 0.0000
(30, 12): nan, nan, nan, 0.0000
(30, 13): nan, nan, nan, 0.0000
(30, 14): nan, nan, nan, 0.0000
(30, 15): nan, nan, nan, 0.0000
(30, 16): nan, nan, nan, 0.0000
(30, 17): nan, nan, nan, 0.0000
(30, 18): nan, nan, nan, 0.0000
(30, 19): 0.7969, 0.0200, 0.5303, 0.0069
(30, 20): 1.1349, 0.0200, 1.3119, 0.0048
(30, 21): 1.1672, 0.0200, 1.3948, 0.0043
(30, 22): 0.8979, 0.0200, 0.5706, 0.0069
(30, 23): nan, nan, nan, 0.0000
(30, 24): nan, nan, nan, 0.0000
(30, 25): nan, nan, nan, 0.0000
(30, 26): nan, nan, nan, 0.0000
(30, 27): nan, nan, nan, 0.0000
(31, 1): nan, nan, nan, 0.0000
(31, 2): nan, nan, nan, 0.0000
(31, 3): nan, nan, nan, 0.0000
(31, 4): nan, nan, nan, 0.0000
(31, 5): nan, nan, nan, 0.0000
(31, 6): nan, nan, nan, 0.0000
(31, 7): nan, nan, nan, 0.0000
(31, 8): nan, nan, nan, 0.0000
(31, 9): nan, nan, nan, 0.0000
(31, 10): nan, nan, nan, 0.0000
(31, 11): nan, nan, nan, 0.0000
(31, 12): nan, nan, nan, 0.0000
(31, 13): nan, nan, nan, 0.0000
(31, 14): nan, nan, nan, 0.0000
(31, 15): nan, nan, nan, 0.0000
(31, 16): nan, nan, nan, 0.0000
(31, 17): nan, nan, nan, 0.0000
(31, 18): nan, nan, nan, 0.0000
(31, 19): 0.6973, 0.0200, 0.4472, 0.0043
(31, 20): 1.0592, 0.0200, 1.6282, 0.0033
(31, 21): 0.7647, 0.0200, 0.5553, 0.0043
(31, 22): nan, nan, nan, 0.0000
(31, 23): nan, nan, nan, 0.0000
(31, 24): nan, nan, nan, 0.0000
(31, 25): nan, nan, nan, 0.0000
(31, 26): nan, nan, nan, 0.0000
(31, 27): nan, nan, nan, 0.0000
(32, 1): nan, nan, nan, 0.0000
(32, 2): nan, nan, nan, 0.0000
(32, 3): nan, nan, nan, 0.0000
(32, 4): nan, nan, nan, 0.0000
(32, 5): nan, nan, nan, 0.0000
(32, 6): nan, nan, nan, 0.0000
(32, 7): nan, nan, nan, 0.0000
(32, 8): nan, nan, nan, 0.0000
(32, 9): nan, nan, nan, 0.0000
(32, 10): nan, nan, nan, 0.0000
(32, 11): nan, nan, nan, 0.0000
(32, 12): nan, nan, nan, 0.0000
(32, 13): nan, nan, nan, 0.0000
(32, 14): nan, nan, nan, 0.0000
(32, 15): nan, nan, nan, 0.0000
(32, 16): nan, nan, nan, 0.0000
(32, 17): nan, nan, nan, 0.0000
(32, 18): nan, nan, nan, 0.0000
(32, 19): 0.7401, 0.0200, 0.6477, 0.0040
(32, 20): 1.0638, 0.0200, 1.9665, 0.0034
(32, 21): 0.9558, 0.0200, 1.4876, 0.0024
(32, 22): 0.6489, 0.0200, 0.4831, 0.0038
(32, 23): nan, nan, nan, 0.0000
(32, 24): nan, nan, nan, 0.0000
(32, 25): nan, nan, nan, 0.0000
(32, 26): nan, nan, nan, 0.0000
(32, 27): nan, nan, nan, 0.0000
(33, 1): nan, nan, nan, 0.0000
(33, 2): nan, nan, nan, 0.0000
(33, 3): nan, nan, nan, 0.0000
(33, 4): nan, nan, nan, 0.0000
(33, 5): nan, nan, nan, 0.0000
(33, 6): nan, nan, nan, 0.0000
(33, 7): nan, nan, nan, 0.0000
(33, 8): nan, nan, nan, 0.0000
(33, 9): nan, nan, nan, 0.0000
(33, 10): nan, nan, nan, 0.0000
(33, 11): nan, nan, nan, 0.0000
(33, 12): nan, nan, nan, 0.0000
(33, 13): nan, nan, nan, 0.0000
(33, 14): nan, nan, nan, 0.0000
(33, 15): nan, nan, nan, 0.0000
(33, 16): nan, nan, nan, 0.0000
(33, 17): nan, nan, nan, 0.0000
(33, 18): nan, nan, nan, 0.0000
(33, 19): 0.9282, 0.0200, 1.4128, 0.0030
(33, 20): 1.0954, 0.0200, 1.9858, 0.0021
(33, 21): 1.0933, 0.0200, 1.9318, 0.0032
(33, 22): 0.8604, 0.0200, 1.0379, 0.0023
(33, 23): nan, nan, nan, 0.0000
(33, 24): nan, nan, nan, 0.0000
(33, 25): nan, nan, nan, 0.0000
(33, 26): nan, nan, nan, 0.0000
(33, 27): nan, nan, nan, 0.0000
(34, 1): nan, nan, nan, 0.0000
(34, 2): nan, nan, nan, 0.0000
(34, 3): nan, nan, nan, 0.0000
(34, 4): nan, nan, nan, 0.0000
(34, 5): nan, nan, nan, 0.0000
(34, 6): nan, nan, nan, 0.0000
(34, 7): nan, nan, nan, 0.0000
(34, 8): nan, nan, nan, 0.0000
(34, 9): nan, nan, nan, 0.0000
(34, 10): nan, nan, nan, 0.0000
(34, 11): nan, nan, nan, 0.0000
(34, 12): nan, nan, nan, 0.0000
(34, 13): nan, nan, nan, 0.0000
(34, 14): nan, nan, nan, 0.0000
(34, 15): nan, nan, nan, 0.0000
(34, 16): nan, nan, nan, 0.0000
(34, 17): nan, nan, nan, 0.0000
(34, 18): nan, nan, nan, 0.0000
(34, 19): 0.8584, 0.0200, 1.3271, 0.0023
(34, 20): 1.0089, 0.0200, 2.1737, 0.0026
(34, 21): 1.0297, 0.0200, 2.1205, 0.0023
(34, 22): 0.6724, 0.0200, 0.4933, 0.0034
(34, 23): nan, nan, nan, 0.0000
(34, 24): nan, nan, nan, 0.0000
(34, 25): nan, nan, nan, 0.0000
(34, 26): nan, nan, nan, 0.0000
(34, 27): nan, nan, nan, 0.0000
(35, 1): nan, nan, nan, 0.0000
(35, 2): nan, nan, nan, 0.0000
(35, 3): nan, nan, nan, 0.0000
(35, 4): nan, nan, nan, 0.0000
(35, 5): nan, nan, nan, 0.0000
(35, 6): nan, nan, nan, 0.0000
(35, 7): nan, nan, nan, 0.0000
(35, 8): nan, nan, nan, 0.0000
(35, 9): nan, nan, nan, 0.0000
(35, 10): nan, nan, nan, 0.0000
(35, 11): nan, nan, nan, 0.0000
(35, 12): nan, nan, nan, 0.0000
(35, 13): nan, nan, nan, 0.0000
(35, 14): nan, nan, nan, 0.0000
(35, 15): nan, nan, nan, 0.0000
(35, 16): nan, nan, nan, 0.0000
(35, 17): nan, nan, nan, 0.0000
(35, 18): nan, nan, nan, 0.0000
(35, 19): nan, nan, nan, 0.0000
(35, 20): nan, nan, nan, 0.0000
(35, 21): nan, nan, nan, 0.0000
(35, 22): nan, nan, nan, 0.0000
(35, 23): nan, nan, nan, 0.0000
(35, 24): nan, nan, nan, 0.0000
(35, 25): nan, nan, nan, 0.0000
(35, 26): nan, nan, nan, 0.0000
(35, 27): nan, nan, nan, 0.0000
(36, 1): nan, nan, nan, 0.0000
(36, 2): nan, nan, nan, 0.0000
(36, 3): nan, nan, nan, 0.0000
(36, 4): nan, nan, nan, 0.0000
(36, 5): nan, nan, nan, 0.0000
(36, 6): nan, nan, nan, 0.0000
(36, 7): nan, nan, nan, 0.0000
(36, 8): nan, nan, nan, 0.0000
(36, 9): nan, nan, nan, 0.0000
(36, 10): nan, nan, nan, 0.0000
(36, 11): nan, nan, nan, 0.0000
(36, 12): nan, nan, nan, 0.0000
(36, 13): nan, nan, nan, 0.0000
(36, 14): nan, nan, nan, 0.0000
(36, 15): nan, nan, nan, 0.0000
(36, 16): nan, nan, nan, 0.0000
(36, 17): nan, nan, nan, 0.0000
(36, 18): nan, nan, nan, 0.0000
(36, 19): nan, nan, nan, 0.0000
(36, 20): nan, nan, nan, 0.0000
(36, 21): nan, nan, nan, 0.0000
(36, 22): nan, nan, nan, 0.0000
(36, 23): nan, nan, nan, 0.0000
(36, 24): nan, nan, nan, 0.0000
(36, 25): nan, nan, nan, 0.0000
(36, 26): nan, nan, nan, 0.0000
(36, 27): nan, nan, nan, 0.0000
(37, 1): nan, nan, nan, 0.0000
(37, 2): nan, nan, nan, 0.0000
(37, 3): nan, nan, nan, 0.0000
(37, 4): nan, nan, nan, 0.0000
(37, 5): nan, nan, nan, 0.0000
(37, 6): nan, nan, nan, 0.0000
(37, 7): nan, nan, nan, 0.0000
(37, 8): nan, nan, nan, 0.0000
(37, 9): nan, nan, nan, 0.0000
(37, 10): nan, nan, nan, 0.0000
(37, 11): nan, nan, nan, 0.0000
(37, 12): nan, nan, nan, 0.0000
(37, 13): nan, nan, nan, 0.0000
(37, 14): nan, nan, nan, 0.0000
(37, 15): nan, nan, nan, 0.0000
(37, 16): nan, nan, nan, 0.0000
(37, 17): nan, nan, nan, 0.0000
(37, 18): nan, nan, nan, 0.0000
(37, 19): nan, nan, nan, 0.0000
(37, 20): nan, nan, nan, 0.0000
(37, 21): nan, nan, nan, 0.0000
(37, 22): nan, nan, nan, 0.0000
(37, 23): nan, nan, nan, 0.0000
(37, 24): nan, nan, nan, 0.0000
(37, 25): nan, nan, nan, 0.0000
(37, 26): nan, nan, nan, 0.0000
(37, 27): nan, nan, nan, 0.0000
