(1, 1): -0.7740, -0.0000, 0.0000
(1, 2): -0.7740, -0.0000, 0.0000
(1, 3): -0.7740, -0.0000, 0.0000
(1, 4): -0.7740, -0.0000, 0.0000
(1, 5): -0.7740, -0.0000, 0.0000
(1, 6): -0.7740, -0.0000, 0.0000
(1, 7): -0.7740, -0.0000, 0.0000
(1, 8): -0.7740, -0.0000, 0.0000
(1, 9): -0.7740, -0.0000, 0.0000
(1, 10): -0.7740, -0.0000, 0.0000
(1, 11): -0.7740, -0.0000, 0.0000
(1, 12): -0.7740, -0.0000, 0.0000
(1, 13): -0.7740, -0.0000, 0.0000
(1, 14): -0.7740, -0.0000, 0.0000
(1, 15): -0.7740, -0.0000, 0.0000
(1, 16): -0.7740, -0.0000, 0.0000
(1, 17): -0.7740, -0.0000, 0.0000
(1, 18): -0.7740, -0.0000, 0.0000
(1, 19): -0.7740, -0.0000, 0.0000
(1, 20): -0.7740, -0.0000, 0.0000
(1, 21): -0.7740, -0.0000, 0.0000
(1, 22): -0.7740, -0.0000, 0.0000
(1, 23): -0.7740, -0.0000, 0.0000
(1, 24): -0.7740, -0.0000, 0.0000
(1, 25): -0.7740, -0.0000, 0.0000
(1, 26): -0.7740, -0.0000, 0.0000
(1, 27): -0.7740, -0.0000, 0.0000
(2, 1): -0.7740, -0.0000, 0.0000
(2, 2): -0.7740, -0.0000, 0.0000
(2, 3): -0.7740, -0.0000, 0.0000
(2, 4): -0.7740, -0.0000, 0.0000
(2, 5): -0.7740, -0.0000, 0.0000
(2, 6): -0.7740, -0.0000, 0.0000
(2, 7): -0.7740, -0.0000, 0.0000
(2, 8): -0.7740, -0.0000, 0.0000
(2, 9): -0.7740, -0.0000, 0.0000
(2, 10): -0.7740, -0.0000, 0.0000
(2, 11): -0.7740, -0.0000, 0.0000
(2, 12): -0.7740, -0.0000, 0.0000
(2, 13): -0.7740, -0.0000, 0.0000
(2, 14): -0.7740, -0.0000, 0.0000
(2, 15): -0.7740, -0.0000, 0.0000
(2, 16): -0.7740, -0.0000, 0.0000
(2, 17): -0.7740, -0.0000, 0.0000
(2, 18): -0.7740, -0.0000, 0.0000
(2, 19): -0.7740, -0.0000, 0.0000
(2, 20): -1.2176, 0.0000, 0.0000
(2, 21): -1.0863, 0.0000, 0.0000
(2, 22): -0.7740, -0.0000, 0.0000
(2, 23): -0.7740, -0.0000, 0.0000
(2, 24): -0.7740, -0.0000, 0.0000
(2, 25): -0.7740, -0.0000, 0.0000
(2, 26): -0.7740, -0.0000, 0.0000
(2, 27): -0.7740, -0.0000, 0.0000
(3, 1): -0.7740, -0.0000, 0.0000
(3, 2): -0.7740, -0.0000, 0.0000
(3, 3): -0.7740, -0.0000, 0.0000
(3, 4): -0.7740, -0.0000, 0.0000
(3, 5): -0.7740, -0.0000, 0.0000
(3, 6): -0.7740, -0.0000, 0.0000
(3, 7): -0.7740, -0.0000, 0.0000
(3, 8): -0.7740, -0.0000, 0.0000
(3, 9): -0.7740, -0.0000, 0.0000
(3, 10): -0.7740, -0.0000, 0.0000
(3, 11): -0.7740, -0.0000, 0.0000
(3, 12): -0.7740, -0.0000, 0.0000
(3, 13): -0.7740, -0.0000, 0.0000
(3, 14): -0.7740, -0.0000, 0.0000
(3, 15): -0.7740, -0.0000, 0.0000
(3, 16): -0.9447, 0.0000, 0.0000
(3, 17): -0.4015, -0.0000, 0.0000
(3, 18): -1.1060, 0.0000, 0.0000
(3, 19): -1.0494, 0.0000, 0.0000
(3, 20): -1.0968, 0.0000, 0.0000
(3, 21): -1.8171, 0.0000, 0.0000
(3, 22): -1.0869, 0.0000, 0.0000
(3, 23): -1.7265, 0.0000, 0.0000
(3, 24): -0.9923, -0.0000, 0.0000
(3, 25): -0.7740, -0.0000, 0.0000
(3, 26): -0.7740, -0.0000, 0.0000
(3, 27): -0.7740, -0.0000, 0.0000
(4, 1): -0.7740, -0.0000, 0.0000
(4, 2): -0.7740, -0.0000, 0.0000
(4, 3): -0.7740, -0.0000, 0.0000
(4, 4): -0.7740, -0.0000, 0.0000
(4, 5): -0.7740, -0.0000, 0.0000
(4, 6): -0.7740, -0.0000, 0.0000
(4, 7): -0.7740, -0.0000, 0.0000
(4, 8): -0.7740, -0.0000, 0.0000
(4, 9): -0.7740, -0.0000, 0.0000
(4, 10): -0.7740, -0.0000, 0.0000
(4, 11): -0.7740, -0.0000, 0.0000
(4, 12): -0.7740, -0.0000, 0.0000
(4, 13): -1.0734, 0.0000, 0.0000
(4, 14): -1.0896, 0.0000, 0.0000
(4, 15): -1.0749, 0.0000, 0.0000
(4, 16): -1.5035, 0.0000, 0.0000
(4, 17): -1.5035, 0.0000, 0.0000
(4, 18): -1.4135, 0.0000, 0.0000
(4, 19): -1.7004, 0.0000, 0.0000
(4, 20): -1.2086, -0.0000, 0.0000
(4, 21): -1.2073, 0.0000, 0.0000
(4, 22): -1.2084, 0.0000, 0.0000
(4, 23): -1.2688, 0.0000, 0.0000
(4, 24): -1.6951, 0.0000, 0.0000
(4, 25): -1.1350, 0.0000, 0.0000
(4, 26): -1.0543, 0.0000, 0.0000
(4, 27): -0.7740, -0.0000, 0.0000
(5, 1): -0.7740, -0.0000, 0.0000
(5, 2): -0.7740, -0.0000, 0.0000
(5, 3): -0.7740, -0.0000, 0.0000
(5, 4): -0.7740, -0.0000, 0.0000
(5, 5): -0.7740, -0.0000, 0.0000
(5, 6): -0.7740, -0.0000, 0.0000
(5, 7): -0.7740, -0.0000, 0.0000
(5, 8): -0.7740, -0.0000, 0.0000
(5, 9): -0.7740, -0.0000, 0.0000
(5, 10): -0.7740, -0.0000, 0.0000
(5, 11): -0.7740, -0.0000, 0.0000
(5, 12): -0.7740, -0.0000, 0.0000
(5, 13): -1.0496, -0.0000, 0.0000
(5, 14): -0.7740, -0.0000, 0.0000
(5, 15): -0.7740, -0.0000, 0.0000
(5, 16): -1.2925, -0.0000, 0.0000
(5, 17): -0.9490, 0.0000, 0.0000
(5, 18): -1.0367, -0.0000, 0.0000
(5, 19): -1.6056, 0.0000, 0.0000
(5, 20): -1.3767, 0.0000, 0.0000
(5, 21): -1.1403, 0.0000, 0.0000
(5, 22): -1.2740, 0.0000, 0.0000
(5, 23): -1.3278, 0.0000, 0.0000
(5, 24): -1.2599, -0.0000, 0.0000
(5, 25): -1.2781, 0.0000, 0.0000
(5, 26): -1.7280, 0.0000, 0.0000
(5, 27): -1.2565, -0.0000, 0.0000
(6, 1): -0.7740, -0.0000, 0.0000
(6, 2): -0.7740, -0.0000, 0.0000
(6, 3): -0.7740, -0.0000, 0.0000
(6, 4): -0.7740, -0.0000, 0.0000
(6, 5): -0.7740, -0.0000, 0.0000
(6, 6): -0.7740, -0.0000, 0.0000
(6, 7): -0.7740, -0.0000, 0.0000
(6, 8): -0.7740, -0.0000, 0.0000
(6, 9): -0.7740, -0.0000, 0.0000
(6, 10): -0.7740, -0.0000, 0.0000
(6, 11): -0.8051, -0.0000, 0.0000
(6, 12): -2.0451, 0.0000, 0.0000
(6, 13): -0.7740, -0.0000, 0.0000
(6, 14): -0.7740, -0.0000, 0.0000
(6, 15): -1.0903, 0.0000, 0.0000
(6, 16): -1.0825, -0.0000, 0.0000
(6, 17): -1.1492, 0.0000, 0.0000
(6, 18): -1.0768, 0.0000, 0.0000
(6, 19): -1.6170, -0.0000, 0.0000
(6, 20): -1.0771, 0.0000, 0.0000
(6, 21): -1.0689, 0.0000, 0.0000
(6, 22): -1.1664, 0.0000, 0.0000
(6, 23): -1.2542, -0.0000, 0.0000
(6, 24): -1.2729, -0.0000, 0.0000
(6, 25): -1.2710, 0.0000, 0.0000
(6, 26): -1.2607, 0.0000, 0.0000
(6, 27): -0.8325, 0.0000, 0.0000
(7, 1): -0.7740, -0.0000, 0.0000
(7, 2): -0.7740, -0.0000, 0.0000
(7, 3): -0.7740, -0.0000, 0.0000
(7, 4): -0.7740, -0.0000, 0.0000
(7, 5): -0.7740, -0.0000, 0.0000
(7, 6): -0.7740, -0.0000, 0.0000
(7, 7): -0.7740, -0.0000, 0.0000
(7, 8): -0.7740, -0.0000, 0.0000
(7, 9): -0.7740, -0.0000, 0.0000
(7, 10): -1.2061, 0.0000, 0.0000
(7, 11): -0.8978, -0.0000, 0.0000
(7, 12): -0.7740, -0.0000, 0.0000
(7, 13): -0.7740, -0.0000, 0.0000
(7, 14): -0.7740, -0.0000, 0.0000
(7, 15): -1.1112, 0.0000, 0.0000
(7, 16): -1.0270, 0.0000, 0.0000
(7, 17): -1.1519, 0.0000, 0.0000
(7, 18): -1.0771, -0.0000, 0.0000
(7, 19): -1.0771, -0.0000, 0.0000
(7, 20): -1.5945, 0.0000, 0.0000
(7, 21): -1.1462, 0.0000, 0.0000
(7, 22): -1.6301, 0.0000, 0.0000
(7, 23): -1.1571, 0.0000, 0.0000
(7, 24): -1.1743, -0.0000, 0.0000
(7, 25): -1.2729, 0.0000, 0.0000
(7, 26): -1.2076, 0.0000, 0.0000
(7, 27): -1.0653, 0.0000, 0.0000
(8, 1): -0.7740, -0.0000, 0.0000
(8, 2): -0.7740, -0.0000, 0.0000
(8, 3): -0.7740, -0.0000, 0.0000
(8, 4): -0.7740, -0.0000, 0.0000
(8, 5): -0.7740, -0.0000, 0.0000
(8, 6): -0.7740, -0.0000, 0.0000
(8, 7): -0.7740, -0.0000, 0.0000
(8, 8): -0.7740, -0.0000, 0.0000
(8, 9): -0.7740, -0.0000, 0.0000
(8, 10): -1.3628, -0.0000, 0.0000
(8, 11): -1.1688, 0.0000, 0.0000
(8, 12): -0.7740, -0.0000, 0.0000
(8, 13): -0.7740, -0.0000, 0.0000
(8, 14): -0.4811, 0.0000, 0.0000
(8, 15): -1.2096, -0.0000, 0.0000
(8, 16): -1.1907, 0.0000, 0.0000
(8, 17): -1.0367, 0.0000, 0.0000
(8, 18): -1.5880, 0.0000, 0.0000
(8, 19): -1.6056, 0.0000, 0.0000
(8, 20): -1.1463, -0.0000, 0.0000
(8, 21): -1.1053, 0.0000, 0.0000
(8, 22): -1.6212, -0.0000, 0.0000
(8, 23): -1.5948, 0.0000, 0.0000
(8, 24): -1.1513, 0.0000, 0.0000
(8, 25): -1.1771, 0.0000, 0.0000
(8, 26): -1.2692, 0.0000, 0.0000
(8, 27): -1.1052, 0.0000, 0.0000
(9, 1): -0.7740, -0.0000, 0.0000
(9, 2): -0.7740, -0.0000, 0.0000
(9, 3): -0.7740, -0.0000, 0.0000
(9, 4): -0.7740, -0.0000, 0.0000
(9, 5): -0.7740, -0.0000, 0.0000
(9, 6): -0.7740, -0.0000, 0.0000
(9, 7): -0.7740, -0.0000, 0.0000
(9, 8): -0.7740, -0.0000, 0.0000
(9, 9): -0.7740, -0.0000, 0.0000
(9, 10): -1.3746, 0.0000, 0.0000
(9, 11): -1.2520, 0.0000, 0.0000
(9, 12): -0.7740, -0.0000, 0.0000
(9, 13): -0.7740, -0.0000, 0.0000
(9, 14): -0.7740, -0.0000, 0.0000
(9, 15): -1.2728, 0.0000, 0.0000
(9, 16): -1.0270, 0.0000, 0.0000
(9, 17): -1.4169, 0.0000, 0.0000
(9, 18): -1.0771, -0.0000, 0.0000
(9, 19): -1.6056, 0.0000, 0.0000
(9, 20): -1.6038, 0.0000, 0.0000
(9, 21): -1.1480, -0.0000, 0.0000
(9, 22): -1.1463, 0.0000, 0.0000
(9, 23): -1.1462, 0.0000, 0.0000
(9, 24): -1.5946, 0.0000, 0.0000
(9, 25): -1.4841, -0.0000, 0.0000
(9, 26): -1.2086, -0.0000, 0.0000
(9, 27): -1.7125, 0.0000, 0.0000
(10, 1): -0.7740, -0.0000, 0.0000
(10, 2): -0.7740, -0.0000, 0.0000
(10, 3): -0.7740, -0.0000, 0.0000
(10, 4): -0.7740, -0.0000, 0.0000
(10, 5): -0.7740, -0.0000, 0.0000
(10, 6): -0.7740, -0.0000, 0.0000
(10, 7): -0.7740, -0.0000, 0.0000
(10, 8): -0.7740, -0.0000, 0.0000
(10, 9): -0.7740, -0.0000, 0.0000
(10, 10): -1.0718, 0.0000, 0.0000
(10, 11): -1.1941, 0.0000, 0.0000
(10, 12): -1.1230, -0.0000, 0.0000
(10, 13): -0.7740, -0.0000, 0.0000
(10, 14): -1.3890, 0.0000, 0.0000
(10, 15): -1.2575, -0.0000, 0.0000
(10, 16): -1.2062, 0.0000, 0.0000
(10, 17): -1.2235, -0.0000, 0.0000
(10, 18): -1.4162, 0.0000, 0.0000
(10, 19): -1.1519, 0.0000, 0.0000
(10, 20): -1.2647, 0.0000, 0.0000
(10, 21): -1.0712, 0.0000, 0.0000
(10, 22): -1.4692, 0.0000, 0.0000
(10, 23): -1.1480, 0.0000, 0.0000
(10, 24): -1.6234, 0.0000, 0.0000
(10, 25): -1.4236, 0.0000, 0.0000
(10, 26): -1.2607, -0.0000, 0.0000
(10, 27): -0.7740, -0.0000, 0.0000
(11, 1): -0.7740, -0.0000, 0.0000
(11, 2): -0.7740, -0.0000, 0.0000
(11, 3): -0.7740, -0.0000, 0.0000
(11, 4): -0.7740, -0.0000, 0.0000
(11, 5): -0.7740, -0.0000, 0.0000
(11, 6): -0.7740, -0.0000, 0.0000
(11, 7): -0.7740, -0.0000, 0.0000
(11, 8): -0.7740, -0.0000, 0.0000
(11, 9): -0.7740, -0.0000, 0.0000
(11, 10): -1.8331, 0.0000, 0.0000
(11, 11): -1.0161, -0.0000, 0.0000
(11, 12): -1.4162, 0.0000, 0.0000
(11, 13): -0.5685, 0.0000, 0.0000
(11, 14): -0.7740, -0.0000, 0.0000
(11, 15): -0.7740, -0.0000, 0.0000
(11, 16): -1.1206, 0.0000, 0.0000
(11, 17): -1.2073, 0.0000, 0.0000
(11, 18): -1.2740, -0.0000, 0.0000
(11, 19): -1.2235, 0.0000, 0.0000
(11, 20): -1.2251, 0.0000, 0.0000
(11, 21): -1.4171, 0.0000, 0.0000
(11, 22): -1.0824, 0.0000, 0.0000
(11, 23): -1.0075, 0.0000, 0.0000
(11, 24): -1.4236, 0.0000, 0.0000
(11, 25): -1.2088, 0.0000, 0.0000
(11, 26): -1.7523, 0.0000, 0.0000
(11, 27): -0.7740, -0.0000, 0.0000
(12, 1): -0.7740, -0.0000, 0.0000
(12, 2): -0.7740, -0.0000, 0.0000
(12, 3): -0.7740, -0.0000, 0.0000
(12, 4): -0.7740, -0.0000, 0.0000
(12, 5): -0.7740, -0.0000, 0.0000
(12, 6): -0.7740, -0.0000, 0.0000
(12, 7): -0.7740, -0.0000, 0.0000
(12, 8): -0.7740, -0.0000, 0.0000
(12, 9): -0.7740, -0.0000, 0.0000
(12, 10): -1.2249, 0.0000, 0.0000
(12, 11): -0.9490, 0.0000, 0.0000
(12, 12): -0.9361, -0.0000, 0.0000
(12, 13): -1.8324, 0.0000, 0.0000
(12, 14): -1.1074, 0.0000, 0.0000
(12, 15): -0.7740, -0.0000, 0.0000
(12, 16): -0.8386, 0.0000, 0.0000
(12, 17): -1.2086, -0.0000, 0.0000
(12, 18): -1.2740, 0.0000, 0.0000
(12, 19): -1.2251, 0.0000, 0.0000
(12, 20): -1.2251, 0.0000, 0.0000
(12, 21): -1.3558, 0.0000, 0.0000
(12, 22): -1.3681, 0.0000, 0.0000
(12, 23): -1.2251, 0.0000, 0.0000
(12, 24): -1.1106, 0.0000, 0.0000
(12, 25): -1.0585, 0.0000, 0.0000
(12, 26): -1.9049, 0.0000, 0.0000
(12, 27): -0.7740, -0.0000, 0.0000
(13, 1): -0.7740, -0.0000, 0.0000
(13, 2): -0.7740, -0.0000, 0.0000
(13, 3): -0.7740, -0.0000, 0.0000
(13, 4): -0.7740, -0.0000, 0.0000
(13, 5): -0.7740, -0.0000, 0.0000
(13, 6): -0.7740, -0.0000, 0.0000
(13, 7): -0.7740, -0.0000, 0.0000
(13, 8): -0.7740, -0.0000, 0.0000
(13, 9): -0.7740, -0.0000, 0.0000
(13, 10): -1.1104, -0.0000, 0.0000
(13, 11): -1.0823, 0.0000, 0.0000
(13, 12): -1.2229, 0.0000, 0.0000
(13, 13): -1.1106, 0.0000, 0.0000
(13, 14): -1.8860, 0.0000, 0.0000
(13, 15): -0.7740, -0.0000, 0.0000
(13, 16): -1.0995, -0.0000, 0.0000
(13, 17): -0.7594, -0.0000, 0.0000
(13, 18): -1.6929, -0.0000, 0.0000
(13, 19): -1.2251, 0.0000, 0.0000
(13, 20): -1.2740, 0.0000, 0.0000
(13, 21): -1.1475, -0.0000, 0.0000
(13, 22): -1.1125, 0.0000, 0.0000
(13, 23): -1.2084, 0.0000, 0.0000
(13, 24): -1.0884, 0.0000, 0.0000
(13, 25): -1.3148, -0.0000, 0.0000
(13, 26): -0.7740, -0.0000, 0.0000
(13, 27): -0.7740, -0.0000, 0.0000
(14, 1): -0.7740, -0.0000, 0.0000
(14, 2): -0.7740, -0.0000, 0.0000
(14, 3): -0.7740, -0.0000, 0.0000
(14, 4): -0.7740, -0.0000, 0.0000
(14, 5): -0.7740, -0.0000, 0.0000
(14, 6): -0.7740, -0.0000, 0.0000
(14, 7): -0.7740, -0.0000, 0.0000
(14, 8): -0.7740, -0.0000, 0.0000
(14, 9): -0.7740, -0.0000, 0.0000
(14, 10): -1.0771, -0.0000, 0.0000
(14, 11): -1.6038, 0.0000, 0.0000
(14, 12): -1.1034, 0.0000, 0.0000
(14, 13): -1.3769, 0.0000, 0.0000
(14, 14): -0.7740, -0.0000, 0.0000
(14, 15): -1.2819, 0.0000, 0.0000
(14, 16): -1.6286, 0.0000, 0.0000
(14, 17): -1.2086, -0.0000, 0.0000
(14, 18): -1.2251, 0.0000, 0.0000
(14, 19): -1.1475, -0.0000, 0.0000
(14, 20): -1.1047, 0.0000, 0.0000
(14, 21): -1.1725, 0.0000, 0.0000
(14, 22): -1.2048, 0.0000, 0.0000
(14, 23): -1.2728, 0.0000, 0.0000
(14, 24): -1.8966, 0.0000, 0.0000
(14, 25): -1.1179, -0.0000, 0.0000
(14, 26): -1.1086, -0.0000, 0.0000
(14, 27): -1.4962, 0.0000, 0.0000
(15, 1): -0.7740, -0.0000, 0.0000
(15, 2): -0.7740, -0.0000, 0.0000
(15, 3): -0.7740, -0.0000, 0.0000
(15, 4): -0.7740, -0.0000, 0.0000
(15, 5): -0.7740, -0.0000, 0.0000
(15, 6): -0.7740, -0.0000, 0.0000
(15, 7): -0.7740, -0.0000, 0.0000
(15, 8): -0.7740, -0.0000, 0.0000
(15, 9): -2.0070, 0.0000, 0.0000
(15, 10): -1.5881, 0.0000, 0.0000
(15, 11): -1.5880, 0.0000, 0.0000
(15, 12): -1.5829, -0.0000, 0.0000
(15, 13): -0.8402, 0.0000, 0.0000
(15, 14): -1.2267, 0.0000, 0.0000
(15, 15): -1.1106, 0.0000, 0.0000
(15, 16): -1.2073, 0.0000, 0.0000
(15, 17): -1.2728, 0.0000, 0.0000
(15, 18): -1.2587, 0.0000, 0.0000
(15, 19): -1.1569, -0.0000, 0.0000
(15, 20): -1.4494, 0.0000, 0.0000
(15, 21): -1.2085, 0.0000, 0.0000
(15, 22): -1.2084, 0.0000, 0.0000
(15, 23): -1.2086, 0.0000, 0.0000
(15, 24): -1.2728, 0.0000, 0.0000
(15, 25): -1.3897, 0.0000, 0.0000
(15, 26): -1.2599, 0.0000, 0.0000
(15, 27): -1.0653, 0.0000, 0.0000
(16, 1): -0.7740, -0.0000, 0.0000
(16, 2): -0.7740, -0.0000, 0.0000
(16, 3): -0.7740, -0.0000, 0.0000
(16, 4): -0.7740, -0.0000, 0.0000
(16, 5): -0.7740, -0.0000, 0.0000
(16, 6): -0.7740, -0.0000, 0.0000
(16, 7): -0.7740, -0.0000, 0.0000
(16, 8): -0.7740, -0.0000, 0.0000
(16, 9): -0.8934, 0.0000, 0.0000
(16, 10): -1.0764, 0.0000, 0.0000
(16, 11): -1.4630, -0.0000, 0.0000
(16, 12): -1.2647, -0.0000, 0.0000
(16, 13): -0.8405, -0.0000, 0.0000
(16, 14): -1.2251, -0.0000, 0.0000
(16, 15): -1.4162, 0.0000, 0.0000
(16, 16): -1.2589, 0.0000, 0.0000
(16, 17): -1.8236, 0.0000, 0.0000
(16, 18): -1.0712, 0.0000, 0.0000
(16, 19): -1.0824, 0.0000, 0.0000
(16, 20): -1.2251, 0.0000, 0.0000
(16, 21): -1.2086, 0.0000, 0.0000
(16, 22): -1.2047, 0.0000, 0.0000
(16, 23): -1.2228, 0.0000, 0.0000
(16, 24): -1.2047, -0.0000, 0.0000
(16, 25): -1.2084, -0.0000, 0.0000
(16, 26): -1.7087, 0.0000, 0.0000
(16, 27): -0.9333, 0.0000, 0.0000
(17, 1): -0.7740, -0.0000, 0.0000
(17, 2): -0.7740, -0.0000, 0.0000
(17, 3): -0.7740, -0.0000, 0.0000
(17, 4): -0.7740, -0.0000, 0.0000
(17, 5): -0.7740, -0.0000, 0.0000
(17, 6): -0.7740, -0.0000, 0.0000
(17, 7): -0.7740, -0.0000, 0.0000
(17, 8): -0.7740, -0.0000, 0.0000
(17, 9): -0.7594, 0.0000, 0.0000
(17, 10): -1.3768, 0.0000, 0.0000
(17, 11): -1.6170, -0.0000, 0.0000
(17, 12): -1.4133, 0.0000, 0.0000
(17, 13): -1.8735, 0.0000, 0.0000
(17, 14): -1.7005, 0.0000, 0.0000
(17, 15): -1.2728, 0.0000, 0.0000
(17, 16): -1.2707, 0.0000, 0.0000
(17, 17): -1.0824, 0.0000, 0.0000
(17, 18): -1.1463, 0.0000, 0.0000
(17, 19): -1.1463, 0.0000, 0.0000
(17, 20): -1.0824, 0.0000, 0.0000
(17, 21): -1.2228, 0.0000, 0.0000
(17, 22): -1.2087, 0.0000, 0.0000
(17, 23): -1.2729, 0.0000, 0.0000
(17, 24): -1.2729, 0.0000, 0.0000
(17, 25): -1.2085, 0.0000, 0.0000
(17, 26): -1.5956, 0.0000, 0.0000
(17, 27): -0.7740, -0.0000, 0.0000
(18, 1): -0.7740, -0.0000, 0.0000
(18, 2): -0.7740, -0.0000, 0.0000
(18, 3): -0.7740, -0.0000, 0.0000
(18, 4): -0.7740, -0.0000, 0.0000
(18, 5): -0.7740, -0.0000, 0.0000
(18, 6): -0.7740, -0.0000, 0.0000
(18, 7): -0.7740, -0.0000, 0.0000
(18, 8): -1.4991, 0.0000, 0.0000
(18, 9): -1.1775, 0.0000, 0.0000
(18, 10): -1.0771, 0.0000, 0.0000
(18, 11): -1.3767, 0.0000, 0.0000
(18, 12): -1.4859, 0.0000, 0.0000
(18, 13): -1.0163, 0.0000, 0.0000
(18, 14): -1.1204, -0.0000, 0.0000
(18, 15): -1.0824, 0.0000, 0.0000
(18, 16): -1.2880, 0.0000, 0.0000
(18, 17): -1.1571, 0.0000, 0.0000
(18, 18): -1.6301, 0.0000, 0.0000
(18, 19): -1.3855, 0.0000, 0.0000
(18, 20): -1.3681, 0.0000, 0.0000
(18, 21): -1.1728, 0.0000, 0.0000
(18, 22): -1.2728, 0.0000, 0.0000
(18, 23): -1.4043, 0.0000, 0.0000
(18, 24): -1.2688, 0.0000, 0.0000
(18, 25): -1.4525, 0.0000, 0.0000
(18, 26): -1.1383, -0.0000, 0.0000
(18, 27): -0.7740, -0.0000, 0.0000
(19, 1): -0.7740, -0.0000, 0.0000
(19, 2): -0.7740, -0.0000, 0.0000
(19, 3): -0.7740, -0.0000, 0.0000
(19, 4): -0.7740, -0.0000, 0.0000
(19, 5): -0.7740, -0.0000, 0.0000
(19, 6): -0.7740, -0.0000, 0.0000
(19, 7): -0.7740, -0.0000, 0.0000
(19, 8): -1.3278, -0.0000, 0.0000
(19, 9): -1.1004, -0.0000, 0.0000
(19, 10): -1.5945, 0.0000, 0.0000
(19, 11): -1.3558, 0.0000, 0.0000
(19, 12): -1.2740, 0.0000, 0.0000
(19, 13): -1.2740, -0.0000, 0.0000
(19, 14): -1.4494, 0.0000, 0.0000
(19, 15): -1.3681, 0.0000, 0.0000
(19, 16): -1.3681, 0.0000, 0.0000
(19, 17): -1.4494, 0.0000, 0.0000
(19, 18): -1.3681, 0.0000, 0.0000
(19, 19): -1.1481, 0.0000, 0.0000
(19, 20): -1.5944, 0.0000, 0.0000
(19, 21): -1.2745, 0.0000, 0.0000
(19, 22): -1.2084, 0.0000, 0.0000
(19, 23): -1.2228, 0.0000, 0.0000
(19, 24): -1.1715, 0.0000, 0.0000
(19, 25): -1.0958, -0.0000, 0.0000
(19, 26): -1.2302, 0.0000, 0.0000
(19, 27): -0.7740, -0.0000, 0.0000
(20, 1): -0.7740, -0.0000, 0.0000
(20, 2): -0.7740, -0.0000, 0.0000
(20, 3): -0.7740, -0.0000, 0.0000
(20, 4): -0.7740, -0.0000, 0.0000
(20, 5): -0.7740, -0.0000, 0.0000
(20, 6): -0.7740, -0.0000, 0.0000
(20, 7): -1.9139, 0.0000, 0.0000
(20, 8): -1.6282, 0.0000, 0.0000
(20, 9): -1.6313, 0.0000, 0.0000
(20, 10): -1.0824, 0.0000, 0.0000
(20, 11): -1.4494, 0.0000, 0.0000
(20, 12): -1.2740, 0.0000, 0.0000
(20, 13): -1.2251, 0.0000, 0.0000
(20, 14): -1.2251, 0.0000, 0.0000
(20, 15): -1.4494, 0.0000, 0.0000
(20, 16): -1.4236, 0.0000, 0.0000
(20, 17): -1.1466, 0.0000, 0.0000
(20, 18): -1.3681, 0.0000, 0.0000
(20, 19): -1.6056, 0.0000, 0.0000
(20, 20): -1.0696, 0.0000, 0.0000
(20, 21): -1.1475, -0.0000, 0.0000
(20, 22): -1.2688, 0.0000, 0.0000
(20, 23): -1.1475, 0.0000, 0.0000
(20, 24): -1.3558, 0.0000, 0.0000
(20, 25): -1.2721, 0.0000, 0.0000
(20, 26): -1.3436, 0.0000, 0.0000
(20, 27): -0.7740, -0.0000, 0.0000
(21, 1): -0.7740, -0.0000, 0.0000
(21, 2): -0.7740, -0.0000, 0.0000
(21, 3): -0.7740, -0.0000, 0.0000
(21, 4): -0.7740, -0.0000, 0.0000
(21, 5): -0.7740, -0.0000, 0.0000
(21, 6): -1.7582, 0.0000, 0.0000
(21, 7): -1.2728, 0.0000, 0.0000
(21, 8): -1.5946, 0.0000, 0.0000
(21, 9): -1.6313, 0.0000, 0.0000
(21, 10): -1.5946, 0.0000, 0.0000
(21, 11): -1.0824, 0.0000, 0.0000
(21, 12): -1.2251, 0.0000, 0.0000
(21, 13): -1.1723, 0.0000, 0.0000
(21, 14): -1.2228, 0.0000, 0.0000
(21, 15): -1.1718, 0.0000, 0.0000
(21, 16): -1.2084, -0.0000, 0.0000
(21, 17): -1.2084, 0.0000, 0.0000
(21, 18): -1.1475, 0.0000, 0.0000
(21, 19): -1.3558, 0.0000, 0.0000
(21, 20): -1.2644, 0.0000, 0.0000
(21, 21): -1.7280, -0.0000, 0.0000
(21, 22): -1.7421, 0.0000, 0.0000
(21, 23): -1.1106, 0.0000, 0.0000
(21, 24): -1.4951, -0.0000, 0.0000
(21, 25): -0.7740, -0.0000, 0.0000
(21, 26): -0.7740, -0.0000, 0.0000
(21, 27): -0.7740, -0.0000, 0.0000
(22, 1): -0.7740, -0.0000, 0.0000
(22, 2): -0.7740, -0.0000, 0.0000
(22, 3): -0.7740, -0.0000, 0.0000
(22, 4): -0.7740, -0.0000, 0.0000
(22, 5): -0.7740, -0.0000, 0.0000
(22, 6): -0.9115, -0.0000, 0.0000
(22, 7): -1.2880, -0.0000, 0.0000
(22, 8): -1.0455, 0.0000, 0.0000
(22, 9): -1.0824, -0.0000, 0.0000
(22, 10): -1.6259, 0.0000, 0.0000
(22, 11): -1.3757, 0.0000, 0.0000
(22, 12): -1.2745, 0.0000, 0.0000
(22, 13): -1.2228, 0.0000, 0.0000
(22, 14): -1.2047, 0.0000, 0.0000
(22, 15): -1.2084, 0.0000, 0.0000
(22, 16): -1.2728, 0.0000, 0.0000
(22, 17): -1.4044, 0.0000, 0.0000
(22, 18): -1.2086, 0.0000, 0.0000
(22, 19): -1.1725, 0.0000, 0.0000
(22, 20): -0.9722, 0.0000, 0.0000
(22, 21): -1.9838, 0.0000, 0.0000
(22, 22): -0.7740, -0.0000, 0.0000
(22, 23): -0.7740, -0.0000, 0.0000
(22, 24): -0.7740, -0.0000, 0.0000
(22, 25): -0.7740, -0.0000, 0.0000
(22, 26): -0.7740, -0.0000, 0.0000
(22, 27): -0.7740, -0.0000, 0.0000
(23, 1): -0.7740, -0.0000, 0.0000
(23, 2): -0.7740, -0.0000, 0.0000
(23, 3): -0.7740, -0.0000, 0.0000
(23, 4): -0.7740, -0.0000, 0.0000
(23, 5): -0.7533, 0.0000, 0.0000
(23, 6): -1.2085, 0.0000, 0.0000
(23, 7): -1.0576, 0.0000, 0.0000
(23, 8): -1.2251, 0.0000, 0.0000
(23, 9): -1.0825, 0.0000, 0.0000
(23, 10): -1.1519, 0.0000, 0.0000
(23, 11): -1.1864, -0.0000, 0.0000
(23, 12): -1.0826, -0.0000, 0.0000
(23, 13): -1.2251, 0.0000, 0.0000
(23, 14): -1.2050, 0.0000, 0.0000
(23, 15): -1.2084, -0.0000, 0.0000
(23, 16): -1.2085, 0.0000, 0.0000
(23, 17): -1.2085, 0.0000, 0.0000
(23, 18): -1.2086, 0.0000, 0.0000
(23, 19): -1.2047, -0.0000, 0.0000
(23, 20): -1.7005, -0.0000, 0.0000
(23, 21): -0.7740, -0.0000, 0.0000
(23, 22): -0.7740, -0.0000, 0.0000
(23, 23): -0.7740, -0.0000, 0.0000
(23, 24): -0.7740, -0.0000, 0.0000
(23, 25): -0.7740, -0.0000, 0.0000
(23, 26): -0.7740, -0.0000, 0.0000
(23, 27): -0.7740, -0.0000, 0.0000
(24, 1): -0.7740, -0.0000, 0.0000
(24, 2): -0.7740, -0.0000, 0.0000
(24, 3): -0.7740, -0.0000, 0.0000
(24, 4): -1.2676, 0.0000, 0.0000
(24, 5): -1.2820, -0.0000, 0.0000
(24, 6): -1.1833, 0.0000, 0.0000
(24, 7): -1.8236, 0.0000, 0.0000
(24, 8): -1.7031, 0.0000, 0.0000
(24, 9): -1.7619, 0.0000, 0.0000
(24, 10): -1.1106, 0.0000, 0.0000
(24, 11): -1.1725, 0.0000, 0.0000
(24, 12): -1.3558, 0.0000, 0.0000
(24, 13): -1.2047, 0.0000, 0.0000
(24, 14): -1.2084, 0.0000, 0.0000
(24, 15): -1.2045, 0.0000, 0.0000
(24, 16): -1.1725, 0.0000, 0.0000
(24, 17): -1.2047, 0.0000, 0.0000
(24, 18): -1.1723, 0.0000, 0.0000
(24, 19): -1.1773, 0.0000, 0.0000
(24, 20): -1.2047, -0.0000, 0.0000
(24, 21): -1.0371, 0.0000, 0.0000
(24, 22): -0.7740, -0.0000, 0.0000
(24, 23): -0.7740, -0.0000, 0.0000
(24, 24): -0.7740, -0.0000, 0.0000
(24, 25): -0.7740, -0.0000, 0.0000
(24, 26): -0.7740, -0.0000, 0.0000
(24, 27): -0.7740, -0.0000, 0.0000
(25, 1): -0.7740, -0.0000, 0.0000
(25, 2): -0.7740, -0.0000, 0.0000
(25, 3): -0.7740, -0.0000, 0.0000
(25, 4): -1.0861, 0.0000, 0.0000
(25, 5): -1.1794, -0.0000, 0.0000
(25, 6): -1.7618, 0.0000, 0.0000
(25, 7): -1.0999, 0.0000, 0.0000
(25, 8): -1.7774, 0.0000, 0.0000
(25, 9): -1.2087, 0.0000, 0.0000
(25, 10): -1.2251, 0.0000, 0.0000
(25, 11): -1.2745, -0.0000, 0.0000
(25, 12): -1.1475, -0.0000, 0.0000
(25, 13): -1.2047, 0.0000, 0.0000
(25, 14): -1.2740, 0.0000, 0.0000
(25, 15): -1.2251, 0.0000, 0.0000
(25, 16): -1.2251, 0.0000, 0.0000
(25, 17): -1.2251, -0.0000, 0.0000
(25, 18): -1.1780, 0.0000, 0.0000
(25, 19): -1.2047, 0.0000, 0.0000
(25, 20): -1.2084, 0.0000, 0.0000
(25, 21): -1.3278, 0.0000, 0.0000
(25, 22): -1.2518, 0.0000, 0.0000
(25, 23): -0.7740, -0.0000, 0.0000
(25, 24): -0.7740, -0.0000, 0.0000
(25, 25): -0.7740, -0.0000, 0.0000
(25, 26): -0.7740, -0.0000, 0.0000
(25, 27): -0.7740, -0.0000, 0.0000
(26, 1): -0.7740, -0.0000, 0.0000
(26, 2): -1.3109, 0.0000, 0.0000
(26, 3): -1.2781, 0.0000, 0.0000
(26, 4): -1.0835, 0.0000, 0.0000
(26, 5): -1.0861, -0.0000, 0.0000
(26, 6): -1.1094, 0.0000, 0.0000
(26, 7): -1.6977, 0.0000, 0.0000
(26, 8): -1.2745, -0.0000, 0.0000
(26, 9): -1.4227, -0.0000, 0.0000
(26, 10): -1.4227, 0.0000, 0.0000
(26, 11): -1.4494, 0.0000, 0.0000
(26, 12): -1.2644, -0.0000, 0.0000
(26, 13): -1.2228, 0.0000, 0.0000
(26, 14): -1.4236, 0.0000, 0.0000
(26, 15): -1.3558, 0.0000, 0.0000
(26, 16): -1.2228, 0.0000, 0.0000
(26, 17): -1.2228, -0.0000, 0.0000
(26, 18): -1.2048, 0.0000, 0.0000
(26, 19): -1.2047, -0.0000, 0.0000
(26, 20): -1.3278, -0.0000, 0.0000
(26, 21): -1.2721, 0.0000, 0.0000
(26, 22): -0.7732, 0.0000, 0.0000
(26, 23): -0.7740, -0.0000, 0.0000
(26, 24): -0.7740, -0.0000, 0.0000
(26, 25): -0.7740, -0.0000, 0.0000
(26, 26): -0.7740, -0.0000, 0.0000
(26, 27): -0.7740, -0.0000, 0.0000
(27, 1): -0.7740, -0.0000, 0.0000
(27, 2): -0.9575, 0.0000, 0.0000
(27, 3): -1.2599, 0.0000, 0.0000
(27, 4): -1.3558, 0.0000, 0.0000
(27, 5): -1.6038, 0.0000, 0.0000
(27, 6): -1.4525, 0.0000, 0.0000
(27, 7): -0.8635, 0.0000, 0.0000
(27, 8): -1.7421, 0.0000, 0.0000
(27, 9): -1.6303, 0.0000, 0.0000
(27, 10): -1.4525, 0.0000, 0.0000
(27, 11): -1.8348, -0.0000, 0.0000
(27, 12): -1.1104, 0.0000, 0.0000
(27, 13): -1.7280, 0.0000, 0.0000
(27, 14): -0.9655, -0.0000, 0.0000
(27, 15): -1.0824, -0.0000, 0.0000
(27, 16): -1.2745, 0.0000, 0.0000
(27, 17): -1.2251, -0.0000, 0.0000
(27, 18): -1.2228, 0.0000, 0.0000
(27, 19): -1.2047, -0.0000, 0.0000
(27, 20): -1.3897, 0.0000, 0.0000
(27, 21): -1.2728, -0.0000, 0.0000
(27, 22): -0.7704, 0.0000, 0.0000
(27, 23): -0.7740, -0.0000, 0.0000
(27, 24): -0.7740, -0.0000, 0.0000
(27, 25): -0.7740, -0.0000, 0.0000
(27, 26): -0.7740, -0.0000, 0.0000
(27, 27): -0.7740, -0.0000, 0.0000
(28, 1): -0.7740, -0.0000, 0.0000
(28, 2): -1.3084, -0.0000, 0.0000
(28, 3): -1.1180, -0.0000, 0.0000
(28, 4): -1.0971, 0.0000, 0.0000
(28, 5): -1.1106, 0.0000, 0.0000
(28, 6): -1.0976, 0.0000, 0.0000
(28, 7): -1.1315, 0.0000, 0.0000
(28, 8): -0.9115, 0.0000, 0.0000
(28, 9): -1.0835, 0.0000, 0.0000
(28, 10): -0.7740, -0.0000, 0.0000
(28, 11): -0.7740, -0.0000, 0.0000
(28, 12): -0.7740, -0.0000, 0.0000
(28, 13): -0.7740, -0.0000, 0.0000
(28, 14): -1.9304, 0.0000, 0.0000
(28, 15): -1.2251, 0.0000, 0.0000
(28, 16): -1.4236, 0.0000, 0.0000
(28, 17): -1.2228, 0.0000, 0.0000
(28, 18): -1.2085, 0.0000, 0.0000
(28, 19): -1.2728, -0.0000, 0.0000
(28, 20): -1.2721, 0.0000, 0.0000
(28, 21): -1.2728, 0.0000, 0.0000
(28, 22): -1.1364, 0.0000, 0.0000
(28, 23): -0.7740, -0.0000, 0.0000
(28, 24): -0.7740, -0.0000, 0.0000
(28, 25): -0.7740, -0.0000, 0.0000
(28, 26): -0.7740, -0.0000, 0.0000
(28, 27): -0.7740, -0.0000, 0.0000
(29, 1): -0.7740, -0.0000, 0.0000
(29, 2): -1.3904, 0.0000, 0.0000
(29, 3): -1.6100, 0.0000, 0.0000
(29, 4): -1.6977, 0.0000, 0.0000
(29, 5): -0.7858, -0.0000, 0.0000
(29, 6): -1.4841, -0.0000, 0.0000
(29, 7): -1.7280, 0.0000, 0.0000
(29, 8): -1.2829, -0.0000, 0.0000
(29, 9): -0.7740, -0.0000, 0.0000
(29, 10): -0.7740, -0.0000, 0.0000
(29, 11): -0.7740, -0.0000, 0.0000
(29, 12): -0.7740, -0.0000, 0.0000
(29, 13): -0.7740, -0.0000, 0.0000
(29, 14): -0.7740, -0.0000, 0.0000
(29, 15): -1.5257, 0.0000, 0.0000
(29, 16): -1.1964, -0.0000, 0.0000
(29, 17): -1.3074, 0.0000, 0.0000
(29, 18): -0.7239, -0.0000, 0.0000
(29, 19): -1.4043, 0.0000, 0.0000
(29, 20): -1.2729, 0.0000, 0.0000
(29, 21): -1.2793, 0.0000, 0.0000
(29, 22): -1.6911, 0.0000, 0.0000
(29, 23): -0.7740, -0.0000, 0.0000
(29, 24): -0.7740, -0.0000, 0.0000
(29, 25): -0.7740, -0.0000, 0.0000
(29, 26): -0.7740, -0.0000, 0.0000
(29, 27): -0.7740, -0.0000, 0.0000
(30, 1): -0.7740, -0.0000, 0.0000
(30, 2): -1.0876, 0.0000, 0.0000
(30, 3): -0.9503, 0.0000, 0.0000
(30, 4): -2.0807, 0.0000, 0.0000
(30, 5): -1.6975, 0.0000, 0.0000
(30, 6): -1.6191, 0.0000, 0.0000
(30, 7): -1.1893, 0.0000, 0.0000
(30, 8): -0.7740, -0.0000, 0.0000
(30, 9): -0.7740, -0.0000, 0.0000
(30, 10): -0.7740, -0.0000, 0.0000
(30, 11): -0.7740, -0.0000, 0.0000
(30, 12): -0.7740, -0.0000, 0.0000
(30, 13): -0.7740, -0.0000, 0.0000
(30, 14): -0.7740, -0.0000, 0.0000
(30, 15): -0.7740, -0.0000, 0.0000
(30, 16): -0.7740, -0.0000, 0.0000
(30, 17): -0.7740, -0.0000, 0.0000
(30, 18): -0.7740, -0.0000, 0.0000
(30, 19): -1.5776, 0.0000, 0.0000
(30, 20): -0.9866, 0.0000, 0.0000
(30, 21): -1.7280, 0.0000, 0.0000
(30, 22): -1.6020, 0.0000, 0.0000
(30, 23): -0.7740, -0.0000, 0.0000
(30, 24): -0.7740, -0.0000, 0.0000
(30, 25): -0.7740, -0.0000, 0.0000
(30, 26): -0.7740, -0.0000, 0.0000
(30, 27): -0.7740, -0.0000, 0.0000
(31, 1): -0.7740, -0.0000, 0.0000
(31, 2): -0.7740, -0.0000, 0.0000
(31, 3): -0.7740, -0.0000, 0.0000
(31, 4): -0.7740, -0.0000, 0.0000
(31, 5): -0.7740, -0.0000, 0.0000
(31, 6): -0.7740, -0.0000, 0.0000
(31, 7): -0.7740, -0.0000, 0.0000
(31, 8): -0.7740, -0.0000, 0.0000
(31, 9): -0.7740, -0.0000, 0.0000
(31, 10): -0.7740, -0.0000, 0.0000
(31, 11): -0.7740, -0.0000, 0.0000
(31, 12): -0.7740, -0.0000, 0.0000
(31, 13): -0.7740, -0.0000, 0.0000
(31, 14): -0.7740, -0.0000, 0.0000
(31, 15): -0.7740, -0.0000, 0.0000
(31, 16): -0.7740, -0.0000, 0.0000
(31, 17): -0.7740, -0.0000, 0.0000
(31, 18): -0.7740, -0.0000, 0.0000
(31, 19): -1.9282, 0.0000, 0.0000
(31, 20): -1.7280, 0.0000, 0.0000
(31, 21): -1.7952, -0.0000, 0.0000
(31, 22): -0.7740, -0.0000, 0.0000
(31, 23): -0.7740, -0.0000, 0.0000
(31, 24): -0.7740, -0.0000, 0.0000
(31, 25): -0.7740, -0.0000, 0.0000
(31, 26): -0.7740, -0.0000, 0.0000
(31, 27): -0.7740, -0.0000, 0.0000
(32, 1): -0.7740, -0.0000, 0.0000
(32, 2): -0.7740, -0.0000, 0.0000
(32, 3): -0.7740, -0.0000, 0.0000
(32, 4): -0.7740, -0.0000, 0.0000
(32, 5): -0.7740, -0.0000, 0.0000
(32, 6): -0.7740, -0.0000, 0.0000
(32, 7): -0.7740, -0.0000, 0.0000
(32, 8): -0.7740, -0.0000, 0.0000
(32, 9): -0.7740, -0.0000, 0.0000
(32, 10): -0.7740, -0.0000, 0.0000
(32, 11): -0.7740, -0.0000, 0.0000
(32, 12): -0.7740, -0.0000, 0.0000
(32, 13): -0.7740, -0.0000, 0.0000
(32, 14): -0.7740, -0.0000, 0.0000
(32, 15): -0.7740, -0.0000, 0.0000
(32, 16): -0.7740, -0.0000, 0.0000
(32, 17): -0.7740, -0.0000, 0.0000
(32, 18): -0.7740, -0.0000, 0.0000
(32, 19): -1.1624, 0.0000, 0.0000
(32, 20): -1.2746, 0.0000, 0.0000
(32, 21): -1.0958, 0.0000, 0.0000
(32, 22): -1.7308, 0.0000, 0.0000
(32, 23): -0.7740, -0.0000, 0.0000
(32, 24): -0.7740, -0.0000, 0.0000
(32, 25): -0.7740, -0.0000, 0.0000
(32, 26): -0.7740, -0.0000, 0.0000
(32, 27): -0.7740, -0.0000, 0.0000
(33, 1): -0.7740, -0.0000, 0.0000
(33, 2): -0.7740, -0.0000, 0.0000
(33, 3): -0.7740, -0.0000, 0.0000
(33, 4): -0.7740, -0.0000, 0.0000
(33, 5): -0.7740, -0.0000, 0.0000
(33, 6): -0.7740, -0.0000, 0.0000
(33, 7): -0.7740, -0.0000, 0.0000
(33, 8): -0.7740, -0.0000, 0.0000
(33, 9): -0.7740, -0.0000, 0.0000
(33, 10): -0.7740, -0.0000, 0.0000
(33, 11): -0.7740, -0.0000, 0.0000
(33, 12): -0.7740, -0.0000, 0.0000
(33, 13): -0.7740, -0.0000, 0.0000
(33, 14): -0.7740, -0.0000, 0.0000
(33, 15): -0.7740, -0.0000, 0.0000
(33, 16): -0.7740, -0.0000, 0.0000
(33, 17): -0.7740, -0.0000, 0.0000
(33, 18): -0.7740, -0.0000, 0.0000
(33, 19): -1.0700, 0.0000, 0.0000
(33, 20): -1.4494, 0.0000, 0.0000
(33, 21): -1.1743, 0.0000, 0.0000
(33, 22): -1.2520, 0.0000, 0.0000
(33, 23): -0.7740, -0.0000, 0.0000
(33, 24): -0.7740, -0.0000, 0.0000
(33, 25): -0.7740, -0.0000, 0.0000
(33, 26): -0.7740, -0.0000, 0.0000
(33, 27): -0.7740, -0.0000, 0.0000
(34, 1): -0.7740, -0.0000, 0.0000
(34, 2): -0.7740, -0.0000, 0.0000
(34, 3): -0.7740, -0.0000, 0.0000
(34, 4): -0.7740, -0.0000, 0.0000
(34, 5): -0.7740, -0.0000, 0.0000
(34, 6): -0.7740, -0.0000, 0.0000
(34, 7): -0.7740, -0.0000, 0.0000
(34, 8): -0.7740, -0.0000, 0.0000
(34, 9): -0.7740, -0.0000, 0.0000
(34, 10): -0.7740, -0.0000, 0.0000
(34, 11): -0.7740, -0.0000, 0.0000
(34, 12): -0.7740, -0.0000, 0.0000
(34, 13): -0.7740, -0.0000, 0.0000
(34, 14): -0.7740, -0.0000, 0.0000
(34, 15): -0.7740, -0.0000, 0.0000
(34, 16): -0.7740, -0.0000, 0.0000
(34, 17): -0.7740, -0.0000, 0.0000
(34, 18): -0.7740, -0.0000, 0.0000
(34, 19): -1.0719, 0.0000, 0.0000
(34, 20): -1.1725, 0.0000, 0.0000
(34, 21): -1.1767, 0.0000, 0.0000
(34, 22): -1.4403, -0.0000, 0.0000
(34, 23): -0.7740, -0.0000, 0.0000
(34, 24): -0.7740, -0.0000, 0.0000
(34, 25): -0.7740, -0.0000, 0.0000
(34, 26): -0.7740, -0.0000, 0.0000
(34, 27): -0.7740, -0.0000, 0.0000
(35, 1): -0.7740, -0.0000, 0.0000
(35, 2): -0.7740, -0.0000, 0.0000
(35, 3): -0.7740, -0.0000, 0.0000
(35, 4): -0.7740, -0.0000, 0.0000
(35, 5): -0.7740, -0.0000, 0.0000
(35, 6): -0.7740, -0.0000, 0.0000
(35, 7): -0.7740, -0.0000, 0.0000
(35, 8): -0.7740, -0.0000, 0.0000
(35, 9): -0.7740, -0.0000, 0.0000
(35, 10): -0.7740, -0.0000, 0.0000
(35, 11): -0.7740, -0.0000, 0.0000
(35, 12): -0.7740, -0.0000, 0.0000
(35, 13): -0.7740, -0.0000, 0.0000
(35, 14): -0.7740, -0.0000, 0.0000
(35, 15): -0.7740, -0.0000, 0.0000
(35, 16): -0.7740, -0.0000, 0.0000
(35, 17): -0.7740, -0.0000, 0.0000
(35, 18): -0.7740, -0.0000, 0.0000
(35, 19): -0.7740, -0.0000, 0.0000
(35, 20): -0.7740, -0.0000, 0.0000
(35, 21): -0.7740, -0.0000, 0.0000
(35, 22): -0.7740, -0.0000, 0.0000
(35, 23): -0.7740, -0.0000, 0.0000
(35, 24): -0.7740, -0.0000, 0.0000
(35, 25): -0.7740, -0.0000, 0.0000
(35, 26): -0.7740, -0.0000, 0.0000
(35, 27): -0.7740, -0.0000, 0.0000
(36, 1): -0.7740, -0.0000, 0.0000
(36, 2): -0.7740, -0.0000, 0.0000
(36, 3): -0.7740, -0.0000, 0.0000
(36, 4): -0.7740, -0.0000, 0.0000
(36, 5): -0.7740, -0.0000, 0.0000
(36, 6): -0.7740, -0.0000, 0.0000
(36, 7): -0.7740, -0.0000, 0.0000
(36, 8): -0.7740, -0.0000, 0.0000
(36, 9): -0.7740, -0.0000, 0.0000
(36, 10): -0.7740, -0.0000, 0.0000
(36, 11): -0.7740, -0.0000, 0.0000
(36, 12): -0.7740, -0.0000, 0.0000
(36, 13): -0.7740, -0.0000, 0.0000
(36, 14): -0.7740, -0.0000, 0.0000
(36, 15): -0.7740, -0.0000, 0.0000
(36, 16): -0.7740, -0.0000, 0.0000
(36, 17): -0.7740, -0.0000, 0.0000
(36, 18): -0.7740, -0.0000, 0.0000
(36, 19): -0.7740, -0.0000, 0.0000
(36, 20): -0.7740, -0.0000, 0.0000
(36, 21): -0.7740, -0.0000, 0.0000
(36, 22): -0.7740, -0.0000, 0.0000
(36, 23): -0.7740, -0.0000, 0.0000
(36, 24): -0.7740, -0.0000, 0.0000
(36, 25): -0.7740, -0.0000, 0.0000
(36, 26): -0.7740, -0.0000, 0.0000
(36, 27): -0.7740, -0.0000, 0.0000
(37, 1): -0.7740, -0.0000, 0.0000
(37, 2): -0.7740, -0.0000, 0.0000
(37, 3): -0.7740, -0.0000, 0.0000
(37, 4): -0.7740, -0.0000, 0.0000
(37, 5): -0.7740, -0.0000, 0.0000
(37, 6): -0.7740, -0.0000, 0.0000
(37, 7): -0.7740, -0.0000, 0.0000
(37, 8): -0.7740, -0.0000, 0.0000
(37, 9): -0.7740, -0.0000, 0.0000
(37, 10): -0.7740, -0.0000, 0.0000
(37, 11): -0.7740, -0.0000, 0.0000
(37, 12): -0.7740, -0.0000, 0.0000
(37, 13): -0.7740, -0.0000, 0.0000
(37, 14): -0.7740, -0.0000, 0.0000
(37, 15): -0.7740, -0.0000, 0.0000
(37, 16): -0.7740, -0.0000, 0.0000
(37, 17): -0.7740, -0.0000, 0.0000
(37, 18): -0.7740, -0.0000, 0.0000
(37, 19): -0.7740, -0.0000, 0.0000
(37, 20): -0.7740, -0.0000, 0.0000
(37, 21): -0.7740, -0.0000, 0.0000
(37, 22): -0.7740, -0.0000, 0.0000
(37, 23): -0.7740, -0.0000, 0.0000
(37, 24): -0.7740, -0.0000, 0.0000
(37, 25): -0.7740, -0.0000, 0.0000
(37, 26): -0.7740, -0.0000, 0.0000
(37, 27): -0.7740, -0.0000, 0.0000
