(10, 15): -1.2751, 11.0008, 2.4853
(10, 16): -5.5828, 11.0332, 0.3624
(10, 17): -4.6212, 11.0273, 0.0529
(11, 10): -6.7296, 10.8774, 49.8454
(11, 11): -2.0855, 10.9689, 14.5266
(11, 12): -1.7484, 11.0026, 5.2286
(11, 18): -2.2621, 11.0173, 0.0414
(11, 19): -2.4852, 11.0049, 2.7091
(11, 20): -1.7397, 11.0174, 0.2960
(14, 10): -1.7530, 11.0078, 1.5532
(14, 11): -1.5931, 11.0017, 2.5801
(17, 17): -1.9488, 11.0161, 0.3998
(8, 18): -2.4636, 11.0062, 1.4089
(8, 19): -2.1148, 11.0086, 1.6195
(8, 21): -5.3472, 11.0555, 1.3439
(8, 22): -3.2755, 11.0262, 0.9665
(9, 16): -1.7282, 11.0076, 1.5487
(9, 17): -2.0765, 11.0139, 0.3345
(9, 18): -3.4702, 11.0315, 0.9468
(27, 15): -2.4908, 10.9918, 6.8560
