(10, 10): 0.1144, 3.0100, 5.6808
(10, 11): 0.0869, 3.0200, 2.3178
(10, 12): 0.1445, 3.0100, 5.4652
(10, 14): 0.1618, 3.0100, 0.7204
(10, 15): 0.1968, 3.0100, 8.0075
(10, 16): 0.1904, 3.0100, 8.3865
(10, 17): 0.1913, 3.0100, 8.5462
(10, 18): 0.1570, 3.0100, 9.2858
(10, 19): 0.1603, 3.0100, 9.4205
(10, 20): 0.1621, 3.0100, 9.2151
(10, 21): 0.1681, 3.0100, 9.4866
(10, 22): 0.1762, 3.0100, 9.8379
(10, 23): 0.1741, 3.0100, 10.1269
(10, 24): 0.1789, 3.0100, 10.2610
(10, 25): 0.2043, 3.0100, 9.7326
(10, 26): 0.1893, 3.0100, 9.0589
(11, 10): 0.1461, 3.0100, 7.3163
(11, 11): 0.2413, 3.0100, 8.0575
(11, 12): 0.2425, 3.0100, 8.2889
(11, 13): 0.1220, 3.0100, 2.9633
(11, 16): 0.0438, 3.0100, 1.6518
(11, 17): 0.1707, 3.0100, 8.8112
(11, 18): 0.1484, 3.0100, 9.1720
(11, 19): 0.1687, 3.0100, 8.9900
(11, 20): 0.1667, 3.0100, 8.8373
(11, 21): 0.1603, 3.0100, 9.2400
(11, 22): 0.1619, 3.0100, 9.7016
(11, 23): 0.1749, 3.0100, 9.6221
(11, 24): 0.1981, 3.0200, 9.4383
(11, 25): 0.1834, 3.0100, 9.3007
(11, 26): 0.1585, 3.0100, 8.9224
(12, 10): 0.1921, 3.0100, 8.5150
(12, 11): 0.2017, 3.0100, 8.7346
(12, 12): 0.2340, 3.0100, 8.5565
(12, 13): 0.1675, 3.0100, 7.4685
(12, 14): 0.0984, 3.0100, 5.1354
(12, 16): 0.0507, 3.0100, 2.9741
(12, 17): 0.1495, 3.0100, 9.1288
(12, 18): 0.1462, 3.0100, 9.3020
(12, 19): 0.1671, 3.0100, 8.8782
(12, 20): 0.1541, 3.0100, 9.0392
(12, 21): 0.1414, 3.0100, 9.5304
(12, 22): 0.1695, 3.0200, 9.8297
(12, 23): 0.1449, 3.0100, 9.5234
(12, 24): 0.1306, 3.0100, 8.3059
(12, 25): 0.0996, 3.0100, 2.8582
(12, 26): 0.0457, 3.0100, 2.8486
(13, 10): 0.2022, 3.0100, 8.8053
(13, 11): 0.2122, 3.0100, 8.8474
(13, 12): 0.1722, 3.0100, 9.0408
(13, 13): 0.1316, 3.0100, 7.9584
(13, 14): 0.0000, 3.0100, 1.8222
(13, 16): -0.0154, 3.0100, 1.6465
(13, 17): 0.0999, 3.0100, 7.4794
(13, 18): 0.1206, 3.0100, 8.4979
(13, 19): 0.1343, 3.0100, 9.3586
(13, 20): 0.1624, 3.0200, 9.1879
(13, 21): 0.1624, 3.0100, 9.1907
(13, 22): 0.1425, 3.0100, 9.6618
(13, 23): 0.1345, 3.0100, 9.3773
(13, 24): 0.1124, 3.0200, 8.0220
(13, 25): 0.1765, 3.0200, 0.5600
(14, 10): 0.1878, 3.0100, 9.4333
(14, 11): 0.2080, 3.0100, 9.2216
(14, 12): 0.1752, 3.0100, 9.1757
(14, 13): 0.2906, 3.0100, 0.7018
(14, 15): 0.1577, 3.0100, 0.7485
(14, 16): 0.1034, 3.0100, 8.0310
(14, 17): 0.1218, 3.0100, 9.5852
(14, 18): 0.1349, 3.0100, 9.6028
(14, 19): 0.1404, 3.0100, 9.6272
(14, 20): 0.1568, 3.0100, 9.4315
(14, 21): 0.1463, 3.0100, 9.2937
(14, 22): 0.1391, 3.0100, 9.3463
(14, 23): 0.1369, 3.0100, 9.2599
(14, 24): 0.1154, 3.0100, 8.8450
(14, 25): 0.0956, 3.0100, 5.2281
(14, 26): 0.1148, 3.0100, 5.5052
(14, 27): 0.2421, 3.0200, 0.8240
(15, 9): 0.0967, 3.0100, 2.3174
(15, 10): 0.1811, 3.0100, 9.4052
(15, 11): 0.1778, 3.0100, 9.4957
(15, 12): 0.1682, 3.0100, 9.8130
(15, 13): 0.0532, 3.0100, 4.0614
(15, 14): 0.2797, 3.0100, 0.8114
(15, 15): 0.1203, 3.0100, 8.3600
(15, 16): 0.1527, 3.0100, 9.3594
(15, 17): 0.1555, 3.0100, 8.8563
(15, 18): 0.1205, 3.0000, 9.1121
(15, 19): 0.1445, 3.0100, 10.0844
(15, 20): 0.1201, 3.0100, 9.8481
(15, 21): 0.1136, 3.0100, 9.5749
(15, 22): 0.1303, 3.0100, 9.3629
(15, 23): 0.1192, 3.0100, 9.6381
(15, 24): 0.1230, 3.0100, 9.6890
(15, 25): 0.1385, 3.0200, 9.6356
(15, 26): 0.1396, 3.0100, 9.3780
(15, 27): 0.1019, 3.0100, 5.9549
(16, 9): 0.0865, 3.0100, 3.7030
(16, 10): 0.1733, 3.0200, 9.5678
(16, 11): 0.1799, 3.0100, 9.6239
(16, 12): 0.1830, 3.0100, 9.2465
(16, 13): 0.0993, 3.0000, 3.7698
(16, 14): 0.1535, 3.0100, 9.5199
(16, 15): 0.1561, 3.0100, 9.9183
(16, 16): 0.1536, 3.0100, 8.6088
(16, 17): 0.1678, 3.0100, 7.9264
(16, 18): 0.1763, 3.0100, 9.8007
(16, 19): 0.1402, 3.0100, 10.2125
(16, 20): 0.0979, 3.0100, 10.2339
(16, 21): 0.1337, 3.0100, 9.2509
(16, 22): 0.1324, 3.0100, 9.4678
(16, 23): 0.1031, 3.0100, 9.9790
(16, 24): 0.0792, 3.0100, 10.5410
(16, 25): 0.0747, 3.0100, 10.7833
(16, 26): 0.1298, 3.0100, 9.7628
(16, 27): 0.0857, 3.0100, 5.7003
(17, 9): 0.1085, 3.0100, 7.4485
(17, 10): 0.2028, 3.0100, 9.1051
(17, 11): 0.1841, 3.0100, 9.4605
(17, 12): 0.1839, 3.0100, 9.3847
(17, 13): 0.1267, 3.0100, 8.3896
(17, 14): 0.1178, 3.0100, 8.0932
(17, 15): 0.1488, 3.0200, 8.9106
(17, 16): 0.1343, 3.0100, 9.0376
(17, 17): 0.1623, 3.0100, 9.9688
(17, 18): 0.1585, 3.0100, 10.2518
(17, 19): 0.1454, 3.0100, 10.2633
(17, 20): 0.1269, 3.0100, 10.0296
(17, 21): 0.1259, 3.0100, 9.7586
(17, 22): 0.1690, 3.0100, 8.9823
(17, 23): 0.1131, 3.0100, 9.4472
(17, 24): 0.1226, 3.0100, 9.4919
(17, 25): 0.1304, 3.0100, 9.9973
(17, 26): 0.1026, 3.0100, 8.8467
(18, 8): 0.0135, 3.0300, 0.9940
(18, 9): 0.1738, 3.0100, 9.1280
(18, 10): 0.2014, 3.0100, 9.0978
(18, 11): 0.2077, 3.0100, 8.9879
(18, 12): 0.1681, 3.0100, 9.2046
(18, 13): 0.1603, 3.0100, 9.3974
(18, 14): 0.1637, 3.0100, 9.7213
(18, 15): 0.1443, 3.0100, 10.1437
(18, 16): 0.1285, 3.0100, 9.9763
(18, 17): 0.1506, 3.0100, 9.6413
(18, 18): 0.1368, 3.0100, 10.1136
(18, 19): 0.1449, 3.0100, 10.2116
(18, 20): 0.1320, 3.0100, 9.9894
(18, 21): 0.1472, 3.0100, 9.1758
(18, 22): 0.1319, 3.0100, 9.1793
(18, 23): 0.1470, 3.0100, 9.1016
(18, 24): 0.0971, 3.0100, 9.8638
(18, 25): 0.0728, 3.0100, 9.0634
(18, 26): 0.0349, 3.0100, 2.3536
(19, 8): 0.1065, 3.0100, 5.8475
(19, 9): 0.2111, 3.0100, 9.2865
(19, 10): 0.2016, 3.0100, 9.4027
(19, 11): 0.2036, 3.0100, 8.6359
(19, 12): 0.1816, 3.0100, 8.7782
(2, 20): 0.2409, 3.0200, 1.2860
(2, 21): 0.0972, 3.0100, 1.6478
(3, 16): 0.0337, 3.0100, 3.2183
(3, 17): 0.1167, 3.0100, 2.8195
(3, 18): 0.0788, 3.0100, 1.6445
(3, 19): 0.1568, 3.0100, 2.5372
(3, 20): 0.1107, 3.0100, 1.5327
(3, 21): 0.1081, 3.0100, 2.2146
(3, 22): 0.1404, 3.0100, 5.5365
(3, 23): 0.1919, 3.0100, 7.8781
(3, 24): 0.1882, 3.0100, 6.6963
(4, 13): 0.0682, 3.0100, 2.4259
(4, 14): 0.1266, 3.0100, 4.8826
(4, 15): -0.0029, 3.0100, 2.6937
(4, 16): 0.0459, 3.0100, 2.5185
(4, 17): 0.0001, 3.0100, 2.6894
(4, 18): 0.1906, 3.0100, 5.6636
(4, 19): 0.2233, 3.0100, 6.7170
(4, 20): 0.2309, 3.0100, 7.9072
(4, 21): 0.2362, 3.0100, 7.9035
(4, 22): 0.2412, 3.0100, 8.0471
(4, 23): 0.2171, 3.0100, 8.1644
(4, 24): 0.1924, 3.0100, 8.2470
(4, 25): 0.1368, 3.0200, 6.1930
(4, 26): 0.1711, 3.0300, 1.3353
(5, 13): 0.0580, 3.0100, 3.3113
(5, 16): 0.1337, 3.0100, 5.3736
(5, 17): 0.2250, 3.0100, 8.6485
(5, 18): 0.2447, 3.0100, 8.2678
(5, 19): 0.2441, 3.0100, 8.4811
(5, 20): 0.2097, 3.0100, 8.7351
(5, 21): 0.2430, 3.0100, 8.2619
(5, 22): 0.2588, 3.0100, 8.0478
(5, 23): 0.2513, 3.0100, 8.0481
(5, 24): 0.2167, 3.0100, 8.1278
(5, 25): 0.2027, 3.0100, 8.8552
(5, 26): 0.2064, 3.0100, 8.3360
(5, 27): 0.0974, 3.0100, 2.8390
(6, 11): 0.0876, 3.0100, 3.8764
(6, 12): 0.0805, 3.0100, 1.8430
(6, 15): 0.1910, 3.0100, 5.6742
(6, 16): 0.2220, 3.0100, 8.7341
(6, 17): 0.2450, 3.0100, 8.4952
(6, 18): 0.2198, 3.0100, 8.8745
(6, 19): 0.2076, 3.0100, 9.0248
(6, 20): 0.2064, 3.0200, 8.9863
(6, 21): 0.2184, 3.0100, 9.0245
(6, 22): 0.2177, 3.0100, 8.9445
(6, 23): 0.2202, 3.0100, 8.7448
(6, 24): 0.2031, 3.0100, 8.5475
(6, 25): 0.1997, 3.0100, 9.0710
(6, 26): 0.2085, 3.0200, 8.8779
(6, 27): 0.1132, 3.0100, 3.3519
(7, 10): -0.1648, 3.0600, 1.1517
(7, 11): 0.0526, 3.0100, 3.9832
(7, 15): 0.2391, 3.0100, 8.1186
(7, 16): 0.2258, 3.0100, 8.7287
(7, 17): 0.2115, 3.0200, 8.8685
(7, 18): 0.1908, 3.0100, 9.3289
(7, 19): 0.1762, 3.0100, 9.5560
(7, 20): 0.1839, 3.0100, 9.4885
(7, 21): 0.2016, 3.0100, 9.4496
(7, 22): 0.2091, 3.0100, 9.5312
(7, 23): 0.1934, 3.0100, 9.5305
(7, 24): 0.2152, 3.0100, 8.9511
(7, 25): 0.2141, 3.0100, 8.7365
(7, 26): 0.2004, 3.0100, 8.8676
(7, 27): 0.1237, 3.0100, 6.1842
(8, 10): 0.1500, 3.0100, 5.2483
(8, 11): 0.1194, 3.0100, 4.9559
(8, 14): 0.0454, 3.0100, 3.1578
(8, 15): 0.2295, 3.0100, 8.4299
(8, 16): 0.1998, 3.0100, 9.2584
(8, 17): 0.1953, 3.0100, 9.1123
(8, 18): 0.1966, 3.0100, 9.2798
(8, 19): 0.1875, 3.0100, 9.4838
(8, 20): 0.1795, 3.0100, 9.6652
(8, 21): 0.1966, 3.0100, 9.5509
(8, 22): 0.2005, 3.0200, 9.5546
(8, 23): 0.2039, 3.0100, 9.5104
(8, 24): 0.2004, 3.0100, 9.4831
(8, 25): 0.2174, 3.0100, 9.1331
(8, 26): 0.2175, 3.0100, 9.0778
(8, 27): 0.1209, 3.0100, 5.8327
(9, 10): 0.1411, 3.0100, 5.3117
(9, 11): 0.1142, 3.0100, 0.8290
(9, 15): 0.1925, 3.0100, 7.9692
(9, 16): 0.2200, 3.0100, 8.6193
(9, 17): 0.2071, 3.0100, 8.6847
(9, 18): 0.2127, 3.0100, 9.0632
(9, 19): 0.1821, 3.0100, 9.4060
(9, 20): 0.1454, 3.0100, 9.8155
(9, 21): 0.1683, 3.0100, 9.7109
(9, 22): 0.1792, 3.0100, 9.7456
(9, 23): 0.2021, 3.0100, 9.7825
(9, 24): 0.1992, 3.0100, 9.8548
(9, 25): 0.1925, 3.0100, 9.9488
(9, 26): 0.1995, 3.0100, 9.3952
(9, 27): 0.0649, 3.0100, 2.4238
(19, 13): 0.1619, 3.0100, 9.3991
(19, 14): 0.1378, 3.0100, 9.9337
(19, 15): 0.1204, 3.0100, 10.4114
(19, 16): 0.1437, 3.0100, 10.0491
(19, 17): 0.1413, 3.0100, 9.6567
(19, 18): 0.1211, 3.0100, 10.0516
(19, 19): 0.0992, 3.0100, 10.5038
(19, 20): 0.1175, 3.0100, 10.1030
(19, 21): 0.1354, 3.0100, 9.4431
(19, 22): 0.1364, 3.0100, 9.2790
(19, 23): 0.1390, 3.0100, 9.6573
(19, 24): 0.1407, 3.0200, 9.6973
(19, 25): 0.0942, 3.0100, 6.9530
(19, 26): 0.0261, 3.0200, 1.0908
(20, 7): 0.0270, 3.0100, 2.6816
(20, 8): 0.2088, 3.0100, 9.4851
(20, 9): 0.1879, 3.0100, 9.4800
(20, 10): 0.1766, 3.0100, 9.5029
(20, 11): 0.1942, 3.0100, 8.9090
(20, 12): 0.1827, 3.0100, 8.9142
(20, 13): 0.1684, 3.0100, 9.0770
(20, 14): 0.1084, 3.0100, 9.8241
(20, 15): 0.1510, 3.0100, 9.6379
(20, 16): 0.1595, 3.0100, 9.6038
(20, 17): 0.1185, 3.0100, 9.8709
(20, 18): 0.1192, 3.0100, 10.1155
(20, 19): 0.1079, 3.0100, 10.4513
(20, 20): 0.1036, 3.0100, 10.3093
(20, 21): 0.1277, 3.0100, 9.7417
(20, 22): 0.1606, 3.0100, 9.3418
(20, 23): 0.1396, 3.0100, 9.9511
(20, 24): 0.1385, 3.0100, 10.1493
(20, 25): 0.1427, 3.0100, 9.4491
(20, 26): 0.0975, 3.0100, 2.2818
(21, 6): 0.0392, 3.0100, 2.6577
(21, 7): 0.1767, 3.0100, 8.8222
(21, 8): 0.1817, 3.0100, 9.5271
(21, 9): 0.1840, 3.0100, 9.6135
(21, 10): 0.1847, 3.0100, 9.6076
(21, 11): 0.1689, 3.0100, 9.5182
(21, 12): 0.1529, 3.0100, 9.4028
(21, 13): 0.1647, 3.0100, 9.1510
(21, 14): 0.1370, 3.0100, 9.7072
(21, 15): 0.1493, 3.0100, 9.4047
(21, 16): 0.1334, 3.0100, 9.3225
(21, 17): 0.1087, 3.0100, 9.7221
(21, 18): 0.1381, 3.0100, 9.6385
(21, 19): 0.1039, 3.0100, 10.2709
(21, 20): 0.1187, 3.0100, 9.9156
(21, 21): 0.1145, 3.0100, 8.3066
(21, 22): 0.1426, 3.0100, 8.2016
(21, 23): 0.1279, 3.0000, 8.2404
(21, 24): 0.0858, 3.0100, 4.4693
(22, 6): 0.1200, 3.0100, 6.9667
(22, 7): 0.1805, 3.0100, 9.3078
(22, 8): 0.1528, 3.0100, 9.6192
(22, 9): 0.1689, 3.0100, 9.6446
(22, 10): 0.1514, 3.0100, 10.0248
(22, 11): 0.2004, 3.0100, 9.4058
(22, 12): 0.1421, 3.0100, 9.5994
(22, 13): 0.1415, 3.0100, 9.5661
(22, 14): 0.1188, 3.0100, 9.7255
(22, 15): 0.1131, 3.0100, 9.6367
(22, 16): 0.1209, 3.0100, 9.4094
(22, 17): 0.1448, 3.0100, 9.2136
(22, 18): 0.1535, 3.0100, 9.4266
(22, 19): 0.1520, 3.0100, 9.4136
(22, 20): 0.0927, 3.0100, 7.9923
(22, 21): 0.1370, 3.0100, 1.4954
(23, 5): 0.0641, 3.0100, 3.1356
(23, 6): 0.1018, 3.0100, 6.0822
(23, 7): 0.1329, 3.0100, 7.4315
(23, 8): 0.1633, 3.0100, 9.1008
(23, 9): 0.1618, 3.0100, 9.5799
(23, 10): 0.1716, 3.0100, 9.4430
(23, 11): 0.1602, 3.0100, 9.5692
(23, 12): 0.1563, 3.0100, 9.5922
(23, 13): 0.1489, 3.0100, 9.6171
(23, 14): 0.1348, 3.0100, 9.6161
(23, 15): 0.1058, 3.0100, 9.8016
(23, 16): 0.1518, 3.0100, 9.1577
(23, 17): 0.1448, 3.0100, 9.5236
(23, 18): 0.1311, 3.0100, 9.8656
(23, 19): 0.1472, 3.0100, 9.7822
(23, 20): 0.1285, 3.0100, 8.5316
(24, 4): 0.0499, 3.0100, 2.3021
(24, 5): 0.0547, 3.0100, 4.4303
(24, 6): 0.0720, 3.0100, 4.2384
(24, 7): 0.1698, 3.0100, 7.9680
(24, 8): 0.1756, 3.0100, 6.1260
(24, 9): 0.1070, 3.0100, 8.4396
(24, 10): 0.1105, 3.0100, 8.1708
(24, 11): 0.1479, 3.0100, 9.3857
(24, 12): 0.1445, 3.0100, 9.7355
(24, 13): 0.1251, 3.0100, 9.7713
(24, 14): 0.1031, 3.0100, 9.9826
(24, 15): 0.1165, 3.0100, 9.8693
(24, 16): 0.1523, 3.0100, 9.6694
(24, 17): 0.1504, 3.0100, 9.6213
(24, 18): 0.1610, 3.0100, 9.4192
(24, 19): 0.1580, 3.0100, 9.7131
(24, 20): 0.1659, 3.0100, 9.6726
(24, 21): 0.1189, 3.0100, 6.2642
(25, 4): 0.0945, 3.0100, 5.9455
(25, 5): 0.1163, 3.0100, 6.7849
(25, 6): 0.1590, 3.0100, 7.9719
(25, 7): 0.0723, 3.0100, 5.0238
(25, 8): 0.1277, 3.0100, 8.1173
(25, 9): 0.1296, 3.0100, 9.2013
(25, 10): 0.0809, 3.0100, 10.4650
(25, 11): 0.1058, 3.0100, 9.9783
(25, 12): 0.0849, 3.0100, 10.5571
(25, 13): 0.1059, 3.0100, 10.0671
(25, 14): 0.1422, 3.0100, 9.7435
(25, 15): 0.1617, 3.0100, 9.6047
(25, 16): 0.1659, 3.0100, 9.4690
(25, 17): 0.1607, 3.0100, 9.5946
(25, 18): 0.1361, 3.0100, 9.9856
(25, 19): 0.1525, 3.0100, 9.6896
(25, 20): 0.1701, 3.0100, 9.5777
(25, 21): 0.1577, 3.0100, 9.6295
(25, 22): 0.1065, 3.0100, 4.3288
(26, 2): 0.5725, 3.0100, 0.4337
(26, 3): 0.0640, 3.0100, 4.2641
(26, 4): 0.1084, 3.0100, 5.7853
(26, 5): 0.1069, 3.0100, 5.6071
(26, 6): 0.0650, 3.0100, 5.1853
(26, 7): 0.1242, 3.0100, 8.4073
(26, 8): 0.1470, 3.0100, 9.4830
(26, 9): 0.1467, 3.0100, 9.8743
(26, 10): 0.1079, 3.0100, 10.3707
(26, 11): 0.0971, 3.0100, 10.5237
(26, 12): 0.0882, 3.0100, 10.5737
(26, 13): 0.0973, 3.0000, 10.4608
(26, 14): 0.1526, 3.0100, 9.9650
(26, 15): 0.1767, 3.0100, 9.5017
(26, 16): 0.1961, 3.0100, 9.1134
(26, 17): 0.1769, 3.0100, 9.3913
(26, 18): 0.1606, 3.0100, 9.6093
(26, 19): 0.2036, 3.0100, 9.0250
(26, 20): 0.1990, 3.0100, 9.0256
(26, 21): 0.2069, 3.0100, 8.8586
(26, 22): 0.1428, 3.0100, 7.4596
(27, 2): 0.0600, 3.0000, 4.2289
(27, 3): 0.1254, 3.0100, 9.2770
(27, 4): 0.1643, 3.0100, 9.5121
(27, 5): 0.1662, 3.0100, 10.0853
(27, 6): 0.0920, 3.0100, 8.5151
(27, 7): -0.0122, 3.0100, 3.8662
(27, 8): 0.1020, 3.0100, 8.3533
(27, 9): 0.0982, 3.0100, 8.0820
(27, 10): 0.0994, 3.0100, 8.4481
(27, 11): 0.1244, 3.0100, 7.9627
(27, 12): 0.0802, 3.0100, 5.0217
(27, 13): 0.1189, 3.0100, 8.5293
(27, 14): 0.1111, 3.0100, 7.0343
(27, 15): 0.1728, 3.0100, 9.6978
(27, 16): 0.1792, 3.0100, 9.5339
(27, 17): 0.1869, 3.0100, 9.1844
(27, 18): 0.1827, 3.0100, 9.3009
(27, 19): 0.2102, 3.0100, 8.9531
(27, 20): 0.1812, 3.0100, 9.2319
(27, 21): 0.1899, 3.0100, 9.0354
(27, 22): 0.1173, 3.0100, 7.6867
(28, 2): -0.0777, 3.0100, 0.9256
(28, 3): 0.0385, 3.0100, 5.2935
(28, 4): 0.0402, 3.0100, 5.7760
(28, 5): 0.0938, 3.0100, 8.4503
(28, 6): 0.0170, 3.0100, 5.1852
(28, 7): 0.0417, 3.0100, 5.1643
(28, 8): 0.0713, 3.0100, 7.4974
(28, 9): 0.0729, 3.0100, 6.0342
(28, 14): 0.0735, 3.0100, 2.5863
(28, 15): 0.1716, 3.0100, 9.4003
(28, 16): 0.1868, 3.0100, 9.5280
(28, 17): 0.1840, 3.0100, 9.2917
(28, 18): 0.1735, 3.0100, 9.1672
(28, 19): 0.1814, 3.0100, 8.9343
(28, 20): 0.1842, 3.0100, 8.9454
(28, 21): 0.1664, 3.0100, 9.1447
(28, 22): 0.0436, 3.0000, 4.3992
(29, 2): 0.2052, 3.0100, 8.9717
(29, 3): 0.1786, 3.0100, 10.4693
(29, 4): 0.1411, 3.0100, 8.7860
(29, 5): 0.1089, 3.0100, 7.7135
(29, 6): 0.1335, 3.0100, 10.3025
(29, 7): 0.1306, 3.0100, 8.1627
(29, 8): 0.1524, 3.0100, 0.7132
(29, 15): 0.1103, 3.0100, 1.8766
(29, 16): 0.1275, 3.0100, 4.4800
(29, 17): -0.0177, 3.0100, 1.1472
(29, 18): 0.1404, 3.0100, 7.4206
(29, 19): 0.1551, 3.0100, 9.1613
(29, 20): 0.1651, 3.0100, 9.4022
(29, 21): 0.1408, 3.0100, 9.3090
(29, 22): 0.1144, 3.0100, 2.1459
(30, 2): 0.1674, 3.0100, 6.0059
(30, 3): 0.1281, 3.0100, 2.9480
(30, 4): 0.0706, 3.0100, 2.6469
(30, 5): 0.1448, 3.0100, 8.7322
(30, 6): 0.1352, 3.0100, 7.8260
(30, 7): 0.0392, 3.0100, 2.5587
(30, 19): 0.0513, 3.0100, 2.2375
(30, 20): 0.1234, 3.0100, 7.8651
(30, 21): 0.1621, 3.0100, 8.2800
(30, 22): 0.0962, 3.0100, 2.8261
(31, 19): 0.1040, 3.0300, 1.5690
(31, 20): 0.1569, 3.0100, 8.0836
(31, 21): 0.1505, 3.0100, 2.0689
(32, 19): 0.0385, 3.0100, 2.6287
(32, 20): 0.1666, 3.0100, 9.4722
(32, 21): 0.1340, 3.0100, 6.4313
(32, 22): 0.0652, 3.0100, 1.8093
(33, 19): 0.1213, 3.0100, 6.2081
(33, 20): 0.1517, 3.0100, 10.0022
(33, 21): 0.1739, 3.0100, 9.4044
(33, 22): 0.1603, 3.0200, 3.9670
(34, 19): 0.1240, 3.0100, 5.2152
(34, 20): 0.1649, 3.0100, 9.4224
(34, 21): 0.1742, 3.0100, 9.5285
(34, 22): 0.1550, 3.0100, 1.5734
