(1, 1): -6.7296, 10.8774, 49.8454
(1, 2): -6.7296, 10.8774, 49.8454
(1, 3): -6.7296, 10.8774, 49.8454
(1, 4): -6.7296, 10.8774, 49.8454
(1, 5): -6.7296, 10.8774, 49.8454
(1, 6): -6.7296, 10.8774, 49.8454
(1, 7): -6.7296, 10.8774, 49.8454
(1, 8): -6.7296, 10.8774, 49.8454
(1, 9): -6.7296, 10.8774, 49.8454
(1, 10): -1.7282, 11.0076, 1.5487
(1, 11): -1.7282, 11.0076, 1.5487
(1, 12): -1.7282, 11.0076, 1.5487
(1, 13): -1.7282, 11.0076, 1.5487
(1, 14): -2.4636, 11.0062, 1.4089
(1, 15): -2.4636, 11.0062, 1.4089
(1, 16): -2.4636, 11.0062, 1.4089
(1, 17): -2.4636, 11.0062, 1.4089
(1, 18): -2.4636, 11.0062, 1.4089
(1, 19): -2.1148, 11.0086, 1.6195
(1, 20): -5.3472, 11.0555, 1.3439
(1, 21): -5.3472, 11.0555, 1.3439
(1, 22): -3.2755, 11.0262, 0.9665
(2, 1): -6.7296, 10.8774, 49.8454
(2, 2): -6.7296, 10.8774, 49.8454
(2, 3): -6.7296, 10.8774, 49.8454
(2, 4): -6.7296, 10.8774, 49.8454
(2, 5): -6.7296, 10.8774, 49.8454
(2, 6): -6.7296, 10.8774, 49.8454
(2, 7): -6.7296, 10.8774, 49.8454
(2, 8): -6.7296, 10.8774, 49.8454
(2, 9): -6.7296, 10.8774, 49.8454
(2, 10): -6.7296, 10.8774, 49.8454
(2, 11): -1.7282, 11.0076, 1.5487
(2, 12): -1.7282, 11.0076, 1.5487
(2, 13): -1.7282, 11.0076, 1.5487
(2, 14): -2.4636, 11.0062, 1.4089
(2, 15): -2.4636, 11.0062, 1.4089
(2, 16): -2.4636, 11.0062, 1.4089
(2, 17): -2.4636, 11.0062, 1.4089
(2, 18): -2.4636, 11.0062, 1.4089
(2, 19): -2.1148, 11.0086, 1.6195
(2, 20): -5.3472, 11.0555, 1.3439
(2, 21): -5.3472, 11.0555, 1.3439
(2, 22): -3.2755, 11.0262, 0.9665
(3, 1): -6.7296, 10.8774, 49.8454
(3, 2): -6.7296, 10.8774, 49.8454
(3, 3): -6.7296, 10.8774, 49.8454
(3, 4): -6.7296, 10.8774, 49.8454
(3, 5): -6.7296, 10.8774, 49.8454
(3, 6): -6.7296, 10.8774, 49.8454
(3, 7): -6.7296, 10.8774, 49.8454
(3, 8): -6.7296, 10.8774, 49.8454
(3, 9): -6.7296, 10.8774, 49.8454
(3, 10): -6.7296, 10.8774, 49.8454
(3, 11): -1.7282, 11.0076, 1.5487
(3, 12): -1.7282, 11.0076, 1.5487
(3, 13): -1.7282, 11.0076, 1.5487
(3, 14): -1.7282, 11.0076, 1.5487
(3, 15): -2.4636, 11.0062, 1.4089
(3, 16): -2.4636, 11.0062, 1.4089
(3, 17): -2.4636, 11.0062, 1.4089
(3, 18): -2.4636, 11.0062, 1.4089
(3, 19): -2.1148, 11.0086, 1.6195
(3, 20): -5.3472, 11.0555, 1.3439
(3, 21): -5.3472, 11.0555, 1.3439
(3, 22): -3.2755, 11.0262, 0.9665
(4, 1): -6.7296, 10.8774, 49.8454
(4, 2): -6.7296, 10.8774, 49.8454
(4, 3): -6.7296, 10.8774, 49.8454
(4, 4): -6.7296, 10.8774, 49.8454
(4, 5): -6.7296, 10.8774, 49.8454
(4, 6): -6.7296, 10.8774, 49.8454
(4, 7): -6.7296, 10.8774, 49.8454
(4, 8): -6.7296, 10.8774, 49.8454
(4, 9): -6.7296, 10.8774, 49.8454
(4, 10): -6.7296, 10.8774, 49.8454
(4, 11): -2.0855, 10.9689, 14.5266
(4, 12): -1.7282, 11.0076, 1.5487
(4, 13): -1.7282, 11.0076, 1.5487
(4, 14): -1.7282, 11.0076, 1.5487
(4, 15): -2.4636, 11.0062, 1.4089
(4, 16): -2.4636, 11.0062, 1.4089
(4, 17): -2.4636, 11.0062, 1.4089
(4, 18): -2.4636, 11.0062, 1.4089
(4, 19): -2.1148, 11.0086, 1.6195
(4, 20): -5.3472, 11.0555, 1.3439
(4, 21): -5.3472, 11.0555, 1.3439
(4, 22): -3.2755, 11.0262, 0.9665
(5, 1): -6.7296, 10.8774, 49.8454
(5, 2): -6.7296, 10.8774, 49.8454
(5, 3): -6.7296, 10.8774, 49.8454
(5, 4): -6.7296, 10.8774, 49.8454
(5, 5): -6.7296, 10.8774, 49.8454
(5, 6): -6.7296, 10.8774, 49.8454
(5, 7): -6.7296, 10.8774, 49.8454
(5, 8): -6.7296, 10.8774, 49.8454
(5, 9): -6.7296, 10.8774, 49.8454
(5, 10): -6.7296, 10.8774, 49.8454
(5, 11): -2.0855, 10.9689, 14.5266
(5, 12): -1.7282, 11.0076, 1.5487
(5, 13): -1.7282, 11.0076, 1.5487
(5, 14): -1.7282, 11.0076, 1.5487
(5, 15): -1.7282, 11.0076, 1.5487
(5, 16): -2.4636, 11.0062, 1.4089
(5, 17): -2.4636, 11.0062, 1.4089
(5, 18): -2.4636, 11.0062, 1.4089
(5, 19): -2.1148, 11.0086, 1.6195
(5, 20): -5.3472, 11.0555, 1.3439
(5, 21): -5.3472, 11.0555, 1.3439
(5, 22): -3.2755, 11.0262, 0.9665
(6, 1): -6.7296, 10.8774, 49.8454
(6, 2): -6.7296, 10.8774, 49.8454
(6, 3): -6.7296, 10.8774, 49.8454
(6, 4): -6.7296, 10.8774, 49.8454
(6, 5): -6.7296, 10.8774, 49.8454
(6, 6): -6.7296, 10.8774, 49.8454
(6, 7): -6.7296, 10.8774, 49.8454
(6, 8): -6.7296, 10.8774, 49.8454
(6, 9): -6.7296, 10.8774, 49.8454
(6, 10): -6.7296, 10.8774, 49.8454
(6, 11): -2.0855, 10.9689, 14.5266
(6, 12): -1.7282, 11.0076, 1.5487
(6, 13): -1.7282, 11.0076, 1.5487
(6, 14): -1.7282, 11.0076, 1.5487
(6, 15): -1.7282, 11.0076, 1.5487
(6, 16): -2.4636, 11.0062, 1.4089
(6, 17): -2.4636, 11.0062, 1.4089
(6, 18): -2.4636, 11.0062, 1.4089
(6, 19): -2.1148, 11.0086, 1.6195
(6, 20): -5.3472, 11.0555, 1.3439
(6, 21): -5.3472, 11.0555, 1.3439
(6, 22): -3.2755, 11.0262, 0.9665
(7, 1): -6.7296, 10.8774, 49.8454
(7, 2): -6.7296, 10.8774, 49.8454
(7, 3): -6.7296, 10.8774, 49.8454
(7, 4): -6.7296, 10.8774, 49.8454
(7, 5): -6.7296, 10.8774, 49.8454
(7, 6): -6.7296, 10.8774, 49.8454
(7, 7): -6.7296, 10.8774, 49.8454
(7, 8): -6.7296, 10.8774, 49.8454
(7, 9): -6.7296, 10.8774, 49.8454
(7, 10): -6.7296, 10.8774, 49.8454
(7, 11): -2.0855, 10.9689, 14.5266
(7, 12): -1.7484, 11.0026, 5.2286
(7, 13): -1.7282, 11.0076, 1.5487
(7, 14): -1.7282, 11.0076, 1.5487
(7, 15): -1.7282, 11.0076, 1.5487
(7, 16): -1.7282, 11.0076, 1.5487
(7, 17): -2.4636, 11.0062, 1.4089
(7, 18): -2.4636, 11.0062, 1.4089
(7, 19): -2.1148, 11.0086, 1.6195
(7, 20): -5.3472, 11.0555, 1.3439
(7, 21): -5.3472, 11.0555, 1.3439
(7, 22): -3.2755, 11.0262, 0.9665
(8, 1): -6.7296, 10.8774, 49.8454
(8, 2): -6.7296, 10.8774, 49.8454
(8, 3): -6.7296, 10.8774, 49.8454
(8, 4): -6.7296, 10.8774, 49.8454
(8, 5): -6.7296, 10.8774, 49.8454
(8, 6): -6.7296, 10.8774, 49.8454
(8, 7): -6.7296, 10.8774, 49.8454
(8, 8): -6.7296, 10.8774, 49.8454
(8, 9): -6.7296, 10.8774, 49.8454
(8, 10): -6.7296, 10.8774, 49.8454
(8, 11): -2.0855, 10.9689, 14.5266
(8, 12): -1.7484, 11.0026, 5.2286
(8, 13): -1.2751, 11.0008, 2.4853
(8, 14): -1.7282, 11.0076, 1.5487
(8, 15): -1.7282, 11.0076, 1.5487
(8, 16): -1.7282, 11.0076, 1.5487
(8, 17): -2.4636, 11.0062, 1.4089
(8, 18): -2.4636, 11.0062, 1.4089
(8, 19): -2.1148, 11.0086, 1.6195
(8, 20): -5.3472, 11.0555, 1.3439
(8, 21): -5.3472, 11.0555, 1.3439
(8, 22): -3.2755, 11.0262, 0.9665
(9, 1): -6.7296, 10.8774, 49.8454
(9, 2): -6.7296, 10.8774, 49.8454
(9, 3): -6.7296, 10.8774, 49.8454
(9, 4): -6.7296, 10.8774, 49.8454
(9, 5): -6.7296, 10.8774, 49.8454
(9, 6): -6.7296, 10.8774, 49.8454
(9, 7): -6.7296, 10.8774, 49.8454
(9, 8): -6.7296, 10.8774, 49.8454
(9, 9): -6.7296, 10.8774, 49.8454
(9, 10): -6.7296, 10.8774, 49.8454
(9, 11): -2.0855, 10.9689, 14.5266
(9, 12): -1.7484, 11.0026, 5.2286
(9, 13): -1.2751, 11.0008, 2.4853
(9, 14): -1.2751, 11.0008, 2.4853
(9, 15): -1.7282, 11.0076, 1.5487
(9, 16): -1.7282, 11.0076, 1.5487
(9, 17): -2.0765, 11.0139, 0.3345
(9, 18): -3.4702, 11.0315, 0.9468
(9, 19): -2.1148, 11.0086, 1.6195
(9, 20): -5.3472, 11.0555, 1.3439
(9, 21): -5.3472, 11.0555, 1.3439
(9, 22): -3.2755, 11.0262, 0.9665
(10, 1): -6.7296, 10.8774, 49.8454
(10, 2): -6.7296, 10.8774, 49.8454
(10, 3): -6.7296, 10.8774, 49.8454
(10, 4): -6.7296, 10.8774, 49.8454
(10, 5): -6.7296, 10.8774, 49.8454
(10, 6): -6.7296, 10.8774, 49.8454
(10, 7): -6.7296, 10.8774, 49.8454
(10, 8): -6.7296, 10.8774, 49.8454
(10, 9): -6.7296, 10.8774, 49.8454
(10, 10): -6.7296, 10.8774, 49.8454
(10, 11): -2.0855, 10.9689, 14.5266
(10, 12): -1.7484, 11.0026, 5.2286
(10, 13): -1.7484, 11.0026, 5.2286
(10, 14): -1.2751, 11.0008, 2.4853
(10, 15): -1.2751, 11.0008, 2.4853
(10, 16): -5.5828, 11.0332, 0.3624
(10, 17): -4.6212, 11.0273, 0.0529
(10, 18): -3.4702, 11.0315, 0.9468
(10, 19): -2.4852, 11.0049, 2.7091
(10, 20): -1.7397, 11.0174, 0.2960
(10, 21): -1.7397, 11.0174, 0.2960
(10, 22): -3.2755, 11.0262, 0.9665
(11, 1): -6.7296, 10.8774, 49.8454
(11, 2): -6.7296, 10.8774, 49.8454
(11, 3): -6.7296, 10.8774, 49.8454
(11, 4): -6.7296, 10.8774, 49.8454
(11, 5): -6.7296, 10.8774, 49.8454
(11, 6): -6.7296, 10.8774, 49.8454
(11, 7): -6.7296, 10.8774, 49.8454
(11, 8): -6.7296, 10.8774, 49.8454
(11, 9): -6.7296, 10.8774, 49.8454
(11, 10): -6.7296, 10.8774, 49.8454
(11, 11): -2.0855, 10.9689, 14.5266
(11, 12): -1.7484, 11.0026, 5.2286
(11, 13): -1.7484, 11.0026, 5.2286
(11, 14): -1.2751, 11.0008, 2.4853
(11, 15): -1.2751, 11.0008, 2.4853
(11, 16): -5.5828, 11.0332, 0.3624
(11, 17): -2.2621, 11.0173, 0.0414
(11, 18): -2.2621, 11.0173, 0.0414
(11, 19): -2.4852, 11.0049, 2.7091
(11, 20): -1.7397, 11.0174, 0.2960
(11, 21): -1.7397, 11.0174, 0.2960
(11, 22): -1.7397, 11.0174, 0.2960
(12, 1): -6.7296, 10.8774, 49.8454
(12, 2): -6.7296, 10.8774, 49.8454
(12, 3): -6.7296, 10.8774, 49.8454
(12, 4): -6.7296, 10.8774, 49.8454
(12, 5): -6.7296, 10.8774, 49.8454
(12, 6): -6.7296, 10.8774, 49.8454
(12, 7): -6.7296, 10.8774, 49.8454
(12, 8): -6.7296, 10.8774, 49.8454
(12, 9): -6.7296, 10.8774, 49.8454
(12, 10): -6.7296, 10.8774, 49.8454
(12, 11): -2.0855, 10.9689, 14.5266
(12, 12): -1.7484, 11.0026, 5.2286
(12, 13): -1.7484, 11.0026, 5.2286
(12, 14): -1.7484, 11.0026, 5.2286
(12, 15): -1.2751, 11.0008, 2.4853
(12, 16): -5.5828, 11.0332, 0.3624
(12, 17): -2.2621, 11.0173, 0.0414
(12, 18): -2.2621, 11.0173, 0.0414
(12, 19): -2.4852, 11.0049, 2.7091
(12, 20): -1.7397, 11.0174, 0.2960
(12, 21): -1.7397, 11.0174, 0.2960
(12, 22): -1.7397, 11.0174, 0.2960
(13, 1): -1.7530, 11.0078, 1.5532
(13, 2): -1.7530, 11.0078, 1.5532
(13, 3): -1.7530, 11.0078, 1.5532
(13, 4): -1.7530, 11.0078, 1.5532
(13, 5): -1.7530, 11.0078, 1.5532
(13, 6): -1.7530, 11.0078, 1.5532
(13, 7): -1.7530, 11.0078, 1.5532
(13, 8): -1.7530, 11.0078, 1.5532
(13, 9): -1.7530, 11.0078, 1.5532
(13, 10): -1.7530, 11.0078, 1.5532
(13, 11): -1.5931, 11.0017, 2.5801
(13, 12): -1.5931, 11.0017, 2.5801
(13, 13): -1.7484, 11.0026, 5.2286
(13, 14): -1.7484, 11.0026, 5.2286
(13, 15): -1.2751, 11.0008, 2.4853
(13, 16): -2.2621, 11.0173, 0.0414
(13, 17): -2.2621, 11.0173, 0.0414
(13, 18): -2.2621, 11.0173, 0.0414
(13, 19): -2.4852, 11.0049, 2.7091
(13, 20): -1.7397, 11.0174, 0.2960
(13, 21): -1.7397, 11.0174, 0.2960
(13, 22): -1.7397, 11.0174, 0.2960
(14, 1): -1.7530, 11.0078, 1.5532
(14, 2): -1.7530, 11.0078, 1.5532
(14, 3): -1.7530, 11.0078, 1.5532
(14, 4): -1.7530, 11.0078, 1.5532
(14, 5): -1.7530, 11.0078, 1.5532
(14, 6): -1.7530, 11.0078, 1.5532
(14, 7): -1.7530, 11.0078, 1.5532
(14, 8): -1.7530, 11.0078, 1.5532
(14, 9): -1.7530, 11.0078, 1.5532
(14, 10): -1.7530, 11.0078, 1.5532
(14, 11): -1.5931, 11.0017, 2.5801
(14, 12): -1.5931, 11.0017, 2.5801
(14, 13): -1.5931, 11.0017, 2.5801
(14, 14): -1.5931, 11.0017, 2.5801
(14, 15): -1.9488, 11.0161, 0.3998
(14, 16): -1.9488, 11.0161, 0.3998
(14, 17): -1.9488, 11.0161, 0.3998
(14, 18): -2.2621, 11.0173, 0.0414
(14, 19): -2.4852, 11.0049, 2.7091
(14, 20): -1.7397, 11.0174, 0.2960
(14, 21): -1.7397, 11.0174, 0.2960
(14, 22): -1.7397, 11.0174, 0.2960
(15, 1): -1.7530, 11.0078, 1.5532
(15, 2): -1.7530, 11.0078, 1.5532
(15, 3): -1.7530, 11.0078, 1.5532
(15, 4): -1.7530, 11.0078, 1.5532
(15, 5): -1.7530, 11.0078, 1.5532
(15, 6): -1.7530, 11.0078, 1.5532
(15, 7): -1.7530, 11.0078, 1.5532
(15, 8): -1.7530, 11.0078, 1.5532
(15, 9): -1.7530, 11.0078, 1.5532
(15, 10): -1.7530, 11.0078, 1.5532
(15, 11): -1.5931, 11.0017, 2.5801
(15, 12): -1.5931, 11.0017, 2.5801
(15, 13): -1.5931, 11.0017, 2.5801
(15, 14): -1.5931, 11.0017, 2.5801
(15, 15): -1.9488, 11.0161, 0.3998
(15, 16): -1.9488, 11.0161, 0.3998
(15, 17): -1.9488, 11.0161, 0.3998
(15, 18): -1.9488, 11.0161, 0.3998
(15, 19): -1.9488, 11.0161, 0.3998
(15, 20): -1.9488, 11.0161, 0.3998
(15, 21): -1.7397, 11.0174, 0.2960
(15, 22): -1.7397, 11.0174, 0.2960
(16, 1): -1.7530, 11.0078, 1.5532
(16, 2): -1.7530, 11.0078, 1.5532
(16, 3): -1.7530, 11.0078, 1.5532
(16, 4): -1.7530, 11.0078, 1.5532
(16, 5): -1.7530, 11.0078, 1.5532
(16, 6): -1.7530, 11.0078, 1.5532
(16, 7): -1.7530, 11.0078, 1.5532
(16, 8): -1.7530, 11.0078, 1.5532
(16, 9): -1.7530, 11.0078, 1.5532
(16, 10): -1.7530, 11.0078, 1.5532
(16, 11): -1.5931, 11.0017, 2.5801
(16, 12): -1.5931, 11.0017, 2.5801
(16, 13): -1.5931, 11.0017, 2.5801
(16, 14): -1.9488, 11.0161, 0.3998
(16, 15): -1.9488, 11.0161, 0.3998
(16, 16): -1.9488, 11.0161, 0.3998
(16, 17): -1.9488, 11.0161, 0.3998
(16, 18): -1.9488, 11.0161, 0.3998
(16, 19): -1.9488, 11.0161, 0.3998
(16, 20): -1.9488, 11.0161, 0.3998
(16, 21): -1.9488, 11.0161, 0.3998
(16, 22): -1.9488, 11.0161, 0.3998
(17, 1): -1.7530, 11.0078, 1.5532
(17, 2): -1.7530, 11.0078, 1.5532
(17, 3): -1.7530, 11.0078, 1.5532
(17, 4): -1.7530, 11.0078, 1.5532
(17, 5): -1.7530, 11.0078, 1.5532
(17, 6): -1.7530, 11.0078, 1.5532
(17, 7): -1.7530, 11.0078, 1.5532
(17, 8): -1.7530, 11.0078, 1.5532
(17, 9): -1.7530, 11.0078, 1.5532
(17, 10): -1.7530, 11.0078, 1.5532
(17, 11): -1.5931, 11.0017, 2.5801
(17, 12): -1.5931, 11.0017, 2.5801
(17, 13): -1.5931, 11.0017, 2.5801
(17, 14): -1.9488, 11.0161, 0.3998
(17, 15): -1.9488, 11.0161, 0.3998
(17, 16): -1.9488, 11.0161, 0.3998
(17, 17): -1.9488, 11.0161, 0.3998
(17, 18): -1.9488, 11.0161, 0.3998
(17, 19): -1.9488, 11.0161, 0.3998
(17, 20): -1.9488, 11.0161, 0.3998
(17, 21): -1.9488, 11.0161, 0.3998
(17, 22): -1.9488, 11.0161, 0.3998
(18, 1): -1.7530, 11.0078, 1.5532
(18, 2): -1.7530, 11.0078, 1.5532
(18, 3): -1.7530, 11.0078, 1.5532
(18, 4): -1.7530, 11.0078, 1.5532
(18, 5): -1.7530, 11.0078, 1.5532
(18, 6): -1.7530, 11.0078, 1.5532
(18, 7): -1.7530, 11.0078, 1.5532
(18, 8): -1.7530, 11.0078, 1.5532
(18, 9): -1.7530, 11.0078, 1.5532
(18, 10): -1.7530, 11.0078, 1.5532
(18, 11): -1.5931, 11.0017, 2.5801
(18, 12): -1.5931, 11.0017, 2.5801
(18, 13): -1.9488, 11.0161, 0.3998
(18, 14): -1.9488, 11.0161, 0.3998
(18, 15): -1.9488, 11.0161, 0.3998
(18, 16): -1.9488, 11.0161, 0.3998
(18, 17): -1.9488, 11.0161, 0.3998
(18, 18): -1.9488, 11.0161, 0.3998
(18, 19): -1.9488, 11.0161, 0.3998
(18, 20): -1.9488, 11.0161, 0.3998
(18, 21): -1.9488, 11.0161, 0.3998
(18, 22): -1.9488, 11.0161, 0.3998
(19, 1): -1.7530, 11.0078, 1.5532
(19, 2): -1.7530, 11.0078, 1.5532
(19, 3): -1.7530, 11.0078, 1.5532
(19, 4): -1.7530, 11.0078, 1.5532
(19, 5): -1.7530, 11.0078, 1.5532
(19, 6): -1.7530, 11.0078, 1.5532
(19, 7): -1.7530, 11.0078, 1.5532
(19, 8): -1.7530, 11.0078, 1.5532
(19, 9): -1.7530, 11.0078, 1.5532
(19, 10): -1.7530, 11.0078, 1.5532
(19, 11): -1.5931, 11.0017, 2.5801
(19, 12): -1.5931, 11.0017, 2.5801
(19, 13): -1.9488, 11.0161, 0.3998
(19, 14): -1.9488, 11.0161, 0.3998
(19, 15): -1.9488, 11.0161, 0.3998
(19, 16): -1.9488, 11.0161, 0.3998
(19, 17): -1.9488, 11.0161, 0.3998
(19, 18): -1.9488, 11.0161, 0.3998
(19, 19): -1.9488, 11.0161, 0.3998
(19, 20): -1.9488, 11.0161, 0.3998
(19, 21): -1.9488, 11.0161, 0.3998
(19, 22): -1.9488, 11.0161, 0.3998
(20, 1): -1.7530, 11.0078, 1.5532
(20, 2): -1.7530, 11.0078, 1.5532
(20, 3): -1.7530, 11.0078, 1.5532
(20, 4): -1.7530, 11.0078, 1.5532
(20, 5): -1.7530, 11.0078, 1.5532
(20, 6): -1.7530, 11.0078, 1.5532
(20, 7): -1.7530, 11.0078, 1.5532
(20, 8): -1.7530, 11.0078, 1.5532
(20, 9): -1.7530, 11.0078, 1.5532
(20, 10): -1.7530, 11.0078, 1.5532
(20, 11): -1.5931, 11.0017, 2.5801
(20, 12): -1.9488, 11.0161, 0.3998
(20, 13): -1.9488, 11.0161, 0.3998
(20, 14): -1.9488, 11.0161, 0.3998
(20, 15): -1.9488, 11.0161, 0.3998
(20, 16): -1.9488, 11.0161, 0.3998
(20, 17): -1.9488, 11.0161, 0.3998
(20, 18): -1.9488, 11.0161, 0.3998
(20, 19): -1.9488, 11.0161, 0.3998
(20, 20): -1.9488, 11.0161, 0.3998
(20, 21): -1.9488, 11.0161, 0.3998
(20, 22): -1.9488, 11.0161, 0.3998
(21, 1): -1.7530, 11.0078, 1.5532
(21, 2): -1.7530, 11.0078, 1.5532
(21, 3): -1.7530, 11.0078, 1.5532
(21, 4): -1.7530, 11.0078, 1.5532
(21, 5): -1.7530, 11.0078, 1.5532
(21, 6): -1.7530, 11.0078, 1.5532
(21, 7): -1.7530, 11.0078, 1.5532
(21, 8): -1.7530, 11.0078, 1.5532
(21, 9): -1.7530, 11.0078, 1.5532
(21, 10): -1.7530, 11.0078, 1.5532
(21, 11): -1.5931, 11.0017, 2.5801
(21, 12): -1.9488, 11.0161, 0.3998
(21, 13): -1.9488, 11.0161, 0.3998
(21, 14): -1.9488, 11.0161, 0.3998
(21, 15): -1.9488, 11.0161, 0.3998
(21, 16): -1.9488, 11.0161, 0.3998
(21, 17): -1.9488, 11.0161, 0.3998
(21, 18): -1.9488, 11.0161, 0.3998
(21, 19): -1.9488, 11.0161, 0.3998
(21, 20): -1.9488, 11.0161, 0.3998
(21, 21): -1.9488, 11.0161, 0.3998
(21, 22): -1.9488, 11.0161, 0.3998
(22, 1): -1.7530, 11.0078, 1.5532
(22, 2): -1.7530, 11.0078, 1.5532
(22, 3): -1.7530, 11.0078, 1.5532
(22, 4): -1.7530, 11.0078, 1.5532
(22, 5): -1.7530, 11.0078, 1.5532
(22, 6): -1.7530, 11.0078, 1.5532
(22, 7): -1.7530, 11.0078, 1.5532
(22, 8): -1.7530, 11.0078, 1.5532
(22, 9): -2.4908, 10.9918, 6.8560
(22, 10): -2.4908, 10.9918, 6.8560
(22, 11): -2.4908, 10.9918, 6.8560
(22, 12): -2.4908, 10.9918, 6.8560
(22, 13): -2.4908, 10.9918, 6.8560
(22, 14): -2.4908, 10.9918, 6.8560
(22, 15): -2.4908, 10.9918, 6.8560
(22, 16): -1.9488, 11.0161, 0.3998
(22, 17): -1.9488, 11.0161, 0.3998
(22, 18): -1.9488, 11.0161, 0.3998
(22, 19): -1.9488, 11.0161, 0.3998
(22, 20): -1.9488, 11.0161, 0.3998
(22, 21): -1.9488, 11.0161, 0.3998
(22, 22): -1.9488, 11.0161, 0.3998
(23, 1): -1.7530, 11.0078, 1.5532
(23, 2): -1.7530, 11.0078, 1.5532
(23, 3): -1.7530, 11.0078, 1.5532
(23, 4): -1.7530, 11.0078, 1.5532
(23, 5): -1.7530, 11.0078, 1.5532
(23, 6): -1.7530, 11.0078, 1.5532
(23, 7): -2.4908, 10.9918, 6.8560
(23, 8): -2.4908, 10.9918, 6.8560
(23, 9): -2.4908, 10.9918, 6.8560
(23, 10): -2.4908, 10.9918, 6.8560
(23, 11): -2.4908, 10.9918, 6.8560
(23, 12): -2.4908, 10.9918, 6.8560
(23, 13): -2.4908, 10.9918, 6.8560
(23, 14): -2.4908, 10.9918, 6.8560
(23, 15): -2.4908, 10.9918, 6.8560
(23, 16): -2.4908, 10.9918, 6.8560
(23, 17): -2.4908, 10.9918, 6.8560
(23, 18): -2.4908, 10.9918, 6.8560
(23, 19): -2.4908, 10.9918, 6.8560
(23, 20): -2.4908, 10.9918, 6.8560
(23, 21): -1.9488, 11.0161, 0.3998
(23, 22): -1.9488, 11.0161, 0.3998
(24, 1): -1.7530, 11.0078, 1.5532
(24, 2): -1.7530, 11.0078, 1.5532
(24, 3): -1.7530, 11.0078, 1.5532
(24, 4): -2.4908, 10.9918, 6.8560
(24, 5): -2.4908, 10.9918, 6.8560
(24, 6): -2.4908, 10.9918, 6.8560
(24, 7): -2.4908, 10.9918, 6.8560
(24, 8): -2.4908, 10.9918, 6.8560
(24, 9): -2.4908, 10.9918, 6.8560
(24, 10): -2.4908, 10.9918, 6.8560
(24, 11): -2.4908, 10.9918, 6.8560
(24, 12): -2.4908, 10.9918, 6.8560
(24, 13): -2.4908, 10.9918, 6.8560
(24, 14): -2.4908, 10.9918, 6.8560
(24, 15): -2.4908, 10.9918, 6.8560
(24, 16): -2.4908, 10.9918, 6.8560
(24, 17): -2.4908, 10.9918, 6.8560
(24, 18): -2.4908, 10.9918, 6.8560
(24, 19): -2.4908, 10.9918, 6.8560
(24, 20): -2.4908, 10.9918, 6.8560
(24, 21): -2.4908, 10.9918, 6.8560
(24, 22): -2.4908, 10.9918, 6.8560
(25, 1): -2.4908, 10.9918, 6.8560
(25, 2): -2.4908, 10.9918, 6.8560
(25, 3): -2.4908, 10.9918, 6.8560
(25, 4): -2.4908, 10.9918, 6.8560
(25, 5): -2.4908, 10.9918, 6.8560
(25, 6): -2.4908, 10.9918, 6.8560
(25, 7): -2.4908, 10.9918, 6.8560
(25, 8): -2.4908, 10.9918, 6.8560
(25, 9): -2.4908, 10.9918, 6.8560
(25, 10): -2.4908, 10.9918, 6.8560
(25, 11): -2.4908, 10.9918, 6.8560
(25, 12): -2.4908, 10.9918, 6.8560
(25, 13): -2.4908, 10.9918, 6.8560
(25, 14): -2.4908, 10.9918, 6.8560
(25, 15): -2.4908, 10.9918, 6.8560
(25, 16): -2.4908, 10.9918, 6.8560
(25, 17): -2.4908, 10.9918, 6.8560
(25, 18): -2.4908, 10.9918, 6.8560
(25, 19): -2.4908, 10.9918, 6.8560
(25, 20): -2.4908, 10.9918, 6.8560
(25, 21): -2.4908, 10.9918, 6.8560
(25, 22): -2.4908, 10.9918, 6.8560
(26, 1): -2.4908, 10.9918, 6.8560
(26, 2): -2.4908, 10.9918, 6.8560
(26, 3): -2.4908, 10.9918, 6.8560
(26, 4): -2.4908, 10.9918, 6.8560
(26, 5): -2.4908, 10.9918, 6.8560
(26, 6): -2.4908, 10.9918, 6.8560
(26, 7): -2.4908, 10.9918, 6.8560
(26, 8): -2.4908, 10.9918, 6.8560
(26, 9): -2.4908, 10.9918, 6.8560
(26, 10): -2.4908, 10.9918, 6.8560
(26, 11): -2.4908, 10.9918, 6.8560
(26, 12): -2.4908, 10.9918, 6.8560
(26, 13): -2.4908, 10.9918, 6.8560
(26, 14): -2.4908, 10.9918, 6.8560
(26, 15): -2.4908, 10.9918, 6.8560
(26, 16): -2.4908, 10.9918, 6.8560
(26, 17): -2.4908, 10.9918, 6.8560
(26, 18): -2.4908, 10.9918, 6.8560
(26, 19): -2.4908, 10.9918, 6.8560
(26, 20): -2.4908, 10.9918, 6.8560
(26, 21): -2.4908, 10.9918, 6.8560
(26, 22): -2.4908, 10.9918, 6.8560
(27, 1): -2.4908, 10.9918, 6.8560
(27, 2): -2.4908, 10.9918, 6.8560
(27, 3): -2.4908, 10.9918, 6.8560
(27, 4): -2.4908, 10.9918, 6.8560
(27, 5): -2.4908, 10.9918, 6.8560
(27, 6): -2.4908, 10.9918, 6.8560
(27, 7): -2.4908, 10.9918, 6.8560
(27, 8): -2.4908, 10.9918, 6.8560
(27, 9): -2.4908, 10.9918, 6.8560
(27, 10): -2.4908, 10.9918, 6.8560
(27, 11): -2.4908, 10.9918, 6.8560
(27, 12): -2.4908, 10.9918, 6.8560
(27, 13): -2.4908, 10.9918, 6.8560
(27, 14): -2.4908, 10.9918, 6.8560
(27, 15): -2.4908, 10.9918, 6.8560
(27, 16): -2.4908, 10.9918, 6.8560
(27, 17): -2.4908, 10.9918, 6.8560
(27, 18): -2.4908, 10.9918, 6.8560
(27, 19): -2.4908, 10.9918, 6.8560
(27, 20): -2.4908, 10.9918, 6.8560
(27, 21): -2.4908, 10.9918, 6.8560
(27, 22): -2.4908, 10.9918, 6.8560
