(10, 7): nan, nan, nan, 0.0000
(10, 8): nan, nan, nan, 0.0000
(10, 9): nan, nan, nan, 0.0000
(10, 10): 0.3053, 4.4400, 34.5886, 0.2793
(10, 11): 0.1992, 4.4700, 14.7489, 0.3261
(10, 12): 0.2839, 4.4500, 37.7792, 0.2901
(10, 13): nan, nan, nan, 0.0000
(10, 14): 0.1509, 4.4900, 5.3813, 0.4256
(10, 15): 0.2430, 4.4300, 55.6308, 0.3119
(10, 16): 0.2278, 4.4300, 62.5749, 0.3085
(10, 17): 0.1859, 4.4200, 71.5112, 0.2751
(10, 18): 0.1631, 4.5600, 75.1065, 0.2533
(10, 19): 0.2466, 4.4500, 65.8042, 0.2467
(10, 20): 0.2247, 4.4400, 67.0047, 0.2241
(10, 21): 0.2241, 4.4500, 68.4122, 0.2040
(10, 22): 0.2307, 4.4800, 64.7937, 0.2023
(10, 23): 0.1751, 4.4300, 70.6216, 0.2115
(10, 24): 0.1853, 4.4100, 72.5865, 0.1957
(10, 25): 0.1542, 4.4400, 71.5082, 0.1973
(10, 26): 0.2228, 4.4400, 60.0918, 0.1856
(10, 27): nan, nan, nan, 0.0000
(11, 1): nan, nan, nan, 0.0000
(11, 2): nan, nan, nan, 0.0000
(11, 3): nan, nan, nan, 0.0000
(11, 4): nan, nan, nan, 0.0000
(11, 5): nan, nan, nan, 0.0000
(11, 6): nan, nan, nan, 0.0000
(11, 7): nan, nan, nan, 0.0000
(11, 8): nan, nan, nan, 0.0000
(11, 9): nan, nan, nan, 0.0000
(11, 10): 0.2873, 4.4200, 44.8117, 0.2517
(11, 11): 0.3259, 4.4400, 58.2668, 0.2684
(11, 12): 0.3584, 4.4600, 57.4508, 0.2843
(11, 13): 0.1887, 4.4300, 20.1103, 0.3211
(11, 14): nan, nan, nan, 0.0000
(11, 15): nan, nan, nan, 0.0000
(11, 16): 0.0042, 4.4300, 12.8930, 0.3804
(11, 17): 0.2398, 4.4400, 68.0159, 0.2508
(11, 18): 0.2493, 4.4300, 66.8825, 0.2483
(11, 19): 0.2609, 4.4300, 65.6052, 0.2324
(11, 20): 0.2565, 4.4100, 63.3412, 0.2241
(11, 21): 0.2164, 4.4300, 68.9376, 0.2015
(11, 22): 0.2321, 4.4900, 67.1858, 0.2140
(11, 23): 0.1738, 4.4400, 71.7557, 0.2090
(11, 24): 0.1954, 4.4100, 68.0651, 0.1831
(11, 25): 0.1532, 4.4500, 66.7073, 0.1856
(11, 26): 0.2311, 4.5300, 57.7016, 0.1931
(11, 27): nan, nan, nan, 0.0000
(12, 1): nan, nan, nan, 0.0000
(12, 2): nan, nan, nan, 0.0000
(12, 3): nan, nan, nan, 0.0000
(12, 4): nan, nan, nan, 0.0000
(12, 5): nan, nan, nan, 0.0000
(12, 6): nan, nan, nan, 0.0000
(12, 7): nan, nan, nan, 0.0000
(12, 8): nan, nan, nan, 0.0000
(12, 9): nan, nan, nan, 0.0000
(12, 10): 0.3632, 4.4200, 51.0632, 0.2500
(12, 11): 0.3089, 4.4500, 59.7249, 0.2642
(12, 12): 0.3955, 4.4200, 54.2360, 0.2952
(12, 13): 0.2773, 4.5800, 47.3217, 0.2726
(12, 14): 0.2091, 4.4200, 31.2505, 0.2826
(12, 15): nan, nan, nan, 0.0000
(12, 16): 0.1142, 4.4100, 20.5539, 0.3972
(12, 17): 0.2110, 4.4400, 70.1292, 0.2776
(12, 18): 0.2464, 4.4300, 69.6306, 0.2299
(12, 19): 0.2542, 4.4300, 67.9762, 0.2308
(12, 20): 0.2064, 4.4300, 69.2464, 0.2074
(12, 21): 0.1728, 4.4400, 71.5895, 0.2132
(12, 22): 0.2486, 4.4100, 66.5313, 0.2023
(12, 23): 0.1981, 4.4200, 66.4663, 0.1923
(12, 24): 0.1966, 4.4300, 55.2988, 0.1973
(12, 25): 0.0593, 4.4300, 19.9394, 0.2742
(12, 26): 0.0977, 4.4500, 17.9773, 0.2701
(12, 27): nan, nan, nan, 0.0000
(13, 1): nan, nan, nan, 0.0000
(13, 2): nan, nan, nan, 0.0000
(13, 3): nan, nan, nan, 0.0000
(13, 4): nan, nan, nan, 0.0000
(13, 5): nan, nan, nan, 0.0000
(13, 6): nan, nan, nan, 0.0000
(13, 7): nan, nan, nan, 0.0000
(13, 8): nan, nan, nan, 0.0000
(13, 9): nan, nan, nan, 0.0000
(13, 10): 0.3938, 4.4300, 51.9179, 0.2291
(13, 11): 0.3514, 4.6100, 58.6639, 0.2559
(13, 12): 0.3768, 4.4700, 54.9125, 0.2249
(13, 13): 0.3012, 4.4800, 48.0836, 0.2492
(13, 14): 0.0960, 4.4900, 12.1566, 0.3336
(13, 15): nan, nan, nan, 0.0000
(13, 16): -0.0292, 4.4700, 13.2669, 0.4256
(13, 17): 0.1314, 4.4100, 61.1229, 0.3119
(13, 18): 0.2091, 4.4500, 66.8630, 0.2274
(13, 19): 0.1764, 4.5100, 72.9235, 0.2241
(13, 20): 0.2049, 4.4600, 70.0324, 0.2082
(13, 21): 0.1792, 4.4700, 73.5134, 0.2224
(13, 22): 0.2272, 4.5100, 70.0931, 0.1948
(13, 23): 0.2439, 4.4500, 65.6701, 0.1906
(13, 24): 0.2368, 4.4800, 54.0490, 0.1806
(13, 25): -0.0061, 4.4500, 6.3231, 0.4189
(13, 26): nan, nan, nan, 0.0000
(13, 27): nan, nan, nan, 0.0000
(14, 1): nan, nan, nan, 0.0000
(14, 2): nan, nan, nan, 0.0000
(14, 3): nan, nan, nan, 0.0000
(14, 4): nan, nan, nan, 0.0000
(14, 5): nan, nan, nan, 0.0000
(14, 6): nan, nan, nan, 0.0000
(14, 7): nan, nan, nan, 0.0000
(14, 8): nan, nan, nan, 0.0000
(14, 9): nan, nan, nan, 0.0000
(14, 10): 0.3539, 4.4100, 55.9856, 0.2542
(14, 11): 0.3113, 4.4100, 61.4716, 0.2625
(14, 12): 0.3244, 4.4400, 59.5025, 0.2575
(14, 13): 0.0959, 4.4200, 7.2065, 0.4273
(14, 14): nan, nan, nan, 0.0000
(14, 15): 0.0197, 4.4800, 7.1276, 0.4289
(14, 16): 0.3156, 4.4300, 47.8975, 0.3679
(14, 17): 0.1390, 4.4100, 79.0877, 0.3253
(14, 18): 0.1063, 4.4900, 86.1957, 0.2759
(14, 19): 0.1352, 4.8000, 82.2172, 0.2249
(14, 20): 0.1729, 4.5900, 72.9933, 0.2299
(14, 21): 0.1890, 4.4300, 73.1979, 0.2065
(14, 22): 0.1971, 4.4100, 74.1421, 0.2191
(14, 23): 0.1990, 4.4800, 72.2213, 0.1923
(14, 24): 0.2076, 4.5300, 62.3488, 0.1906
(14, 25): 0.1854, 4.4400, 35.3822, 0.2040
(14, 26): 0.1878, 4.4100, 35.9942, 0.2040
(14, 27): 0.0611, 4.4100, 5.5719, 0.4055
(15, 1): nan, nan, nan, 0.0000
(15, 2): nan, nan, nan, 0.0000
(15, 3): nan, nan, nan, 0.0000
(15, 4): nan, nan, nan, 0.0000
(15, 5): nan, nan, nan, 0.0000
(15, 6): nan, nan, nan, 0.0000
(15, 7): nan, nan, nan, 0.0000
(15, 8): nan, nan, nan, 0.0000
(15, 9): 0.1674, 4.4200, 16.0665, 0.3871
(15, 10): 0.4033, 4.4100, 54.8895, 0.3846
(15, 11): 0.3435, 4.4800, 62.0053, 0.3813
(15, 12): 0.3973, 4.4400, 59.8232, 0.3938
(15, 13): 0.1880, 4.4700, 25.5416, 0.3629
(15, 14): 0.0380, 4.4100, 6.5913, 0.3905
(15, 15): 0.2263, 4.4200, 56.6823, 0.2751
(15, 16): 0.2918, 4.4100, 64.7444, 0.3420
(15, 17): 0.1687, 4.5000, 72.2361, 0.3487
(15, 18): 0.2504, 4.4400, 62.8557, 0.3102
(15, 19): 0.1503, 4.5600, 79.5739, 0.2166
(15, 20): 0.1923, 4.4700, 73.9202, 0.2099
(15, 21): 0.1832, 4.4600, 71.9465, 0.1998
(15, 22): 0.2528, 4.4400, 65.7128, 0.1890
(15, 23): 0.2219, 4.4200, 68.0058, 0.1823
(15, 24): 0.2254, 4.4100, 66.4521, 0.1982
(15, 25): 0.2325, 4.4800, 67.0637, 0.1931
(15, 26): 0.2773, 4.4100, 58.0188, 0.1764
(15, 27): 0.2970, 4.4100, 35.2764, 0.2099
(16, 1): nan, nan, nan, 0.0000
(16, 2): nan, nan, nan, 0.0000
(16, 3): nan, nan, nan, 0.0000
(16, 4): nan, nan, nan, 0.0000
(16, 5): nan, nan, nan, 0.0000
(16, 6): nan, nan, nan, 0.0000
(16, 7): nan, nan, nan, 0.0000
(16, 8): nan, nan, nan, 0.0000
(16, 9): 0.2992, 4.4900, 22.0233, 0.3144
(16, 10): 0.3890, 4.4300, 59.7113, 0.4390
(16, 11): 0.4033, 4.4100, 60.7537, 0.4431
(16, 12): 0.3039, 4.4200, 63.2484, 0.2885
(16, 13): 0.1916, 4.5700, 25.6856, 0.2793
(16, 14): 0.2828, 4.6800, 63.5925, 0.2751
(16, 15): 0.2812, 4.4400, 65.8987, 0.2960
(16, 16): 0.2596, 4.4100, 56.3159, 0.3261
(16, 17): 0.1377, 4.4200, 61.7485, 0.3094
(16, 18): 0.1274, 4.5200, 77.4033, 0.2542
(16, 19): 0.1948, 4.4600, 71.5552, 0.1990
(16, 20): 0.1630, 4.4800, 71.2731, 0.1814
(16, 21): 0.2128, 4.4300, 64.9986, 0.1764
(16, 22): 0.2375, 4.4500, 68.0199, 0.1781
(16, 23): 0.2283, 4.4200, 69.3114, 0.1865
(16, 24): 0.2722, 4.5100, 65.8582, 0.1747
(16, 25): 0.2493, 4.4600, 64.0581, 0.1873
(16, 26): 0.2623, 4.4300, 59.2013, 0.1814
(16, 27): 0.2132, 4.5000, 35.7373, 0.2048
(17, 1): nan, nan, nan, 0.0000
(17, 2): nan, nan, nan, 0.0000
(17, 3): nan, nan, nan, 0.0000
(17, 4): nan, nan, nan, 0.0000
(17, 5): nan, nan, nan, 0.0000
(17, 6): nan, nan, nan, 0.0000
(17, 7): nan, nan, nan, 0.0000
(17, 8): nan, nan, nan, 0.0000
(17, 9): 0.3384, 4.5500, 43.0587, 0.3286
(17, 10): 0.3480, 4.4500, 63.1174, 0.3829
(17, 11): 0.3606, 4.4100, 64.2174, 0.2843
(17, 12): 0.3904, 4.4100, 61.7937, 0.3855
(17, 13): 0.2781, 4.4100, 58.0759, 0.2508
(17, 14): 0.2299, 4.4300, 51.5638, 0.2258
(17, 15): 0.1746, 4.4700, 63.9181, 0.2667
(17, 16): 0.1683, 4.4500, 61.2553, 0.2291
(17, 17): 0.2000, 4.5000, 69.5483, 0.2082
(17, 18): 0.1761, 4.4400, 71.6944, 0.2425
(17, 19): 0.2320, 4.4200, 67.3935, 0.2517
(17, 20): 0.2023, 4.4600, 67.6656, 0.2023
(17, 21): 0.2028, 4.4100, 69.5895, 0.2140
(17, 22): 0.2716, 4.4200, 64.3276, 0.1839
(17, 23): 0.1864, 4.4300, 73.3374, 0.1915
(17, 24): 0.2378, 4.4100, 66.0781, 0.1739
(17, 25): 0.2564, 4.4300, 63.0388, 0.1948
(17, 26): 0.2786, 4.4500, 51.2059, 0.2140
(17, 27): nan, nan, nan, 0.0000
(18, 1): nan, nan, nan, 0.0000
(18, 2): nan, nan, nan, 0.0000
(18, 3): nan, nan, nan, 0.0000
(18, 4): nan, nan, nan, 0.0000
(18, 5): nan, nan, nan, 0.0000
(18, 6): nan, nan, nan, 0.0000
(18, 7): nan, nan, nan, 0.0000
(18, 8): 0.2377, 4.4300, 5.4833, 0.3972
(18, 9): 0.3613, 4.4100, 54.5083, 0.3370
(18, 10): 0.3658, 4.4300, 63.3682, 0.3403
(18, 11): 0.3881, 4.4200, 62.1057, 0.2692
(18, 12): 0.3699, 4.5700, 60.4540, 0.2224
(18, 13): 0.3155, 4.4600, 61.9170, 0.2048
(18, 14): 0.2968, 4.5200, 61.5245, 0.2132
(18, 15): 0.2241, 4.5200, 68.8022, 0.1982
(18, 16): 0.1856, 4.4400, 71.3812, 0.1957
(18, 17): 0.1948, 4.4600, 69.1346, 0.1915
(18, 18): 0.1665, 4.5000, 69.4590, 0.2258
(18, 19): 0.1627, 4.5000, 72.6689, 0.3043
(18, 20): 0.1340, 4.4500, 73.9007, 0.2032
(18, 21): 0.2157, 4.4200, 65.0076, 0.1973
(18, 22): 0.2448, 4.4500, 63.5408, 0.1948
(18, 23): 0.2079, 4.4700, 67.4642, 0.1848
(18, 24): 0.2381, 4.4400, 64.5709, 0.1814
(18, 25): 0.2547, 4.4400, 57.2439, 0.1714
(18, 26): 0.1709, 4.4500, 15.2686, 0.2809
(18, 27): nan, nan, nan, 0.0000
(19, 1): nan, nan, nan, 0.0000
(19, 2): nan, nan, nan, 0.0000
(19, 3): nan, nan, nan, 0.0000
(19, 4): nan, nan, nan, 0.0000
(19, 5): nan, nan, nan, 0.0000
(19, 6): nan, nan, nan, 0.0000
(19, 7): nan, nan, nan, 0.0000
(19, 8): 0.3188, 4.4300, 32.3500, 0.2433
(19, 9): 0.4181, 4.4200, 56.1021, 0.4214
(19, 10): 0.4161, 4.4300, 58.6273, 0.2375
(19, 11): 0.3651, 4.4100, 61.2811, 0.2467
(19, 12): 0.3378, 4.4200, 63.0733, 0.1931
(1, 1): nan, nan, nan, 0.0000
(1, 2): nan, nan, nan, 0.0000
(1, 3): nan, nan, nan, 0.0000
(1, 4): nan, nan, nan, 0.0000
(1, 5): nan, nan, nan, 0.0000
(1, 6): nan, nan, nan, 0.0000
(1, 7): nan, nan, nan, 0.0000
(1, 8): nan, nan, nan, 0.0000
(1, 9): nan, nan, nan, 0.0000
(1, 10): nan, nan, nan, 0.0000
(1, 11): nan, nan, nan, 0.0000
(1, 12): nan, nan, nan, 0.0000
(1, 13): nan, nan, nan, 0.0000
(1, 14): nan, nan, nan, 0.0000
(1, 15): nan, nan, nan, 0.0000
(1, 16): nan, nan, nan, 0.0000
(1, 17): nan, nan, nan, 0.0000
(1, 18): nan, nan, nan, 0.0000
(1, 19): nan, nan, nan, 0.0000
(1, 20): nan, nan, nan, 0.0000
(1, 21): nan, nan, nan, 0.0000
(1, 22): nan, nan, nan, 0.0000
(1, 23): nan, nan, nan, 0.0000
(1, 24): nan, nan, nan, 0.0000
(1, 25): nan, nan, nan, 0.0000
(1, 26): nan, nan, nan, 0.0000
(1, 27): nan, nan, nan, 0.0000
(2, 1): nan, nan, nan, 0.0000
(2, 2): nan, nan, nan, 0.0000
(2, 3): nan, nan, nan, 0.0000
(2, 4): nan, nan, nan, 0.0000
(2, 5): nan, nan, nan, 0.0000
(2, 6): nan, nan, nan, 0.0000
(2, 7): nan, nan, nan, 0.0000
(2, 8): nan, nan, nan, 0.0000
(2, 9): nan, nan, nan, 0.0000
(2, 10): nan, nan, nan, 0.0000
(2, 11): nan, nan, nan, 0.0000
(2, 12): nan, nan, nan, 0.0000
(2, 13): nan, nan, nan, 0.0000
(2, 14): nan, nan, nan, 0.0000
(2, 15): nan, nan, nan, 0.0000
(2, 16): nan, nan, nan, 0.0000
(2, 17): nan, nan, nan, 0.0000
(2, 18): nan, nan, nan, 0.0000
(2, 19): nan, nan, nan, 0.0000
(2, 20): -0.0044, 4.4100, 12.0631, 0.3704
(2, 21): 0.1173, 4.4500, 10.8711, 0.3946
(2, 22): nan, nan, nan, 0.0000
(2, 23): nan, nan, nan, 0.0000
(2, 24): nan, nan, nan, 0.0000
(2, 25): nan, nan, nan, 0.0000
(2, 26): nan, nan, nan, 0.0000
(2, 27): nan, nan, nan, 0.0000
(3, 1): nan, nan, nan, 0.0000
(3, 2): nan, nan, nan, 0.0000
(3, 3): nan, nan, nan, 0.0000
(3, 4): nan, nan, nan, 0.0000
(3, 5): nan, nan, nan, 0.0000
(3, 6): nan, nan, nan, 0.0000
(3, 7): nan, nan, nan, 0.0000
(3, 8): nan, nan, nan, 0.0000
(3, 9): nan, nan, nan, 0.0000
(3, 10): nan, nan, nan, 0.0000
(3, 11): nan, nan, nan, 0.0000
(3, 12): nan, nan, nan, 0.0000
(3, 13): nan, nan, nan, 0.0000
(3, 14): nan, nan, nan, 0.0000
(3, 15): nan, nan, nan, 0.0000
(3, 16): 0.1483, 4.5100, 21.8261, 0.3562
(3, 17): 0.1145, 4.4600, 23.1006, 0.3436
(3, 18): 0.0207, 4.4100, 12.9592, 0.3863
(3, 19): 0.0290, 4.4200, 23.0312, 0.3328
(3, 20): 0.0061, 4.5400, 11.9396, 0.3788
(3, 21): -0.0213, 4.4600, 17.9652, 0.3303
(3, 22): 0.0696, 4.5500, 47.7131, 0.2809
(3, 23): 0.1315, 4.5900, 71.2744, 0.2843
(3, 24): 0.1736, 4.5800, 55.9365, 0.2717
(3, 25): nan, nan, nan, 0.0000
(3, 26): nan, nan, nan, 0.0000
(3, 27): nan, nan, nan, 0.0000
(4, 1): nan, nan, nan, 0.0000
(4, 2): nan, nan, nan, 0.0000
(4, 3): nan, nan, nan, 0.0000
(4, 4): nan, nan, nan, 0.0000
(4, 5): nan, nan, nan, 0.0000
(4, 6): nan, nan, nan, 0.0000
(4, 7): nan, nan, nan, 0.0000
(4, 8): nan, nan, nan, 0.0000
(4, 9): nan, nan, nan, 0.0000
(4, 10): nan, nan, nan, 0.0000
(4, 11): nan, nan, nan, 0.0000
(4, 12): nan, nan, nan, 0.0000
(4, 13): 0.2238, 4.4200, 14.5759, 0.3554
(4, 14): 0.2394, 4.4100, 31.9260, 0.3311
(4, 15): 0.1863, 4.4200, 15.2382, 0.3921
(4, 16): 0.0926, 4.4200, 17.9998, 0.3629
(4, 17): -0.0199, 4.4100, 19.1393, 0.3428
(4, 18): 0.1019, 4.4500, 52.5942, 0.2751
(4, 19): 0.1344, 4.4100, 66.6185, 0.2625
(4, 20): 0.0922, 4.4300, 78.4953, 0.2525
(4, 21): 0.1180, 4.4300, 76.5514, 0.2483
(4, 22): 0.0510, 4.4300, 86.9826, 0.2483
(4, 23): 0.0885, 4.4600, 81.0516, 0.2416
(4, 24): 0.1607, 4.5100, 71.9473, 0.2333
(4, 25): 0.1497, 4.4300, 44.6485, 0.2885
(4, 26): 0.0181, 4.4300, 11.7550, 0.3737
(4, 27): nan, nan, nan, 0.0000
(5, 1): nan, nan, nan, 0.0000
(5, 2): nan, nan, nan, 0.0000
(5, 3): nan, nan, nan, 0.0000
(5, 4): nan, nan, nan, 0.0000
(5, 5): nan, nan, nan, 0.0000
(5, 6): nan, nan, nan, 0.0000
(5, 7): nan, nan, nan, 0.0000
(5, 8): nan, nan, nan, 0.0000
(5, 9): nan, nan, nan, 0.0000
(5, 10): nan, nan, nan, 0.0000
(5, 11): nan, nan, nan, 0.0000
(5, 12): nan, nan, nan, 0.0000
(5, 13): 0.2719, 4.4300, 18.0636, 0.3319
(5, 14): nan, nan, nan, 0.0000
(5, 15): nan, nan, nan, 0.0000
(5, 16): 0.1760, 4.4100, 37.7100, 0.3211
(5, 17): 0.2603, 4.4300, 62.5401, 0.2876
(5, 18): 0.1856, 4.4100, 69.3605, 0.2525
(5, 19): 0.1618, 4.4400, 77.9672, 0.2508
(5, 20): 0.0949, 4.5200, 83.2806, 0.2542
(5, 21): 0.1170, 4.4700, 83.9759, 0.2458
(5, 22): 0.0531, 4.4600, 85.0708, 0.2517
(5, 23): 0.1142, 4.4200, 74.0387, 0.2517
(5, 24): 0.1458, 4.4600, 69.8187, 0.2600
(5, 25): 0.1600, 4.4600, 65.6777, 0.2684
(5, 26): 0.1931, 4.5300, 61.9785, 0.2709
(5, 27): 0.0558, 4.5100, 20.9523, 0.3470
(6, 1): nan, nan, nan, 0.0000
(6, 2): nan, nan, nan, 0.0000
(6, 3): nan, nan, nan, 0.0000
(6, 4): nan, nan, nan, 0.0000
(6, 5): nan, nan, nan, 0.0000
(6, 6): nan, nan, nan, 0.0000
(6, 7): nan, nan, nan, 0.0000
(6, 8): nan, nan, nan, 0.0000
(6, 9): nan, nan, nan, 0.0000
(6, 10): nan, nan, nan, 0.0000
(6, 11): 0.2835, 4.5500, 23.1135, 0.3035
(6, 12): 0.2579, 4.4400, 10.4703, 0.3746
(6, 13): nan, nan, nan, 0.0000
(6, 14): nan, nan, nan, 0.0000
(6, 15): 0.1904, 4.4600, 43.9458, 0.3737
(6, 16): 0.2651, 4.4400, 64.3963, 0.3278
(6, 17): 0.2751, 4.4300, 60.9573, 0.2943
(6, 18): 0.1772, 4.4500, 69.5750, 0.2559
(6, 19): 0.1413, 4.4700, 75.2278, 0.2584
(6, 20): 0.1080, 4.4200, 80.3716, 0.2299
(6, 21): 0.0941, 4.4100, 81.2538, 0.2274
(6, 22): 0.1057, 4.6200, 77.9611, 0.2751
(6, 23): 0.0923, 4.4017, 75.6174, 0.2625
(6, 24): 0.1295, 4.4400, 69.6364, 0.2625
(6, 25): 0.1873, 4.4200, 66.8135, 0.2634
(6, 26): 0.1993, 4.4400, 66.7211, 0.2416
(6, 27): 0.0277, 4.4600, 25.8230, 0.3411
(7, 1): nan, nan, nan, 0.0000
(7, 2): nan, nan, nan, 0.0000
(7, 3): nan, nan, nan, 0.0000
(7, 4): nan, nan, nan, 0.0000
(7, 5): nan, nan, nan, 0.0000
(7, 6): nan, nan, nan, 0.0000
(7, 7): nan, nan, nan, 0.0000
(7, 8): nan, nan, nan, 0.0000
(7, 9): nan, nan, nan, 0.0000
(7, 10): 0.1605, 4.4200, 5.6012, 0.4139
(7, 11): 0.1941, 4.4200, 24.3392, 0.3177
(7, 12): nan, nan, nan, 0.0000
(7, 13): nan, nan, nan, 0.0000
(7, 14): nan, nan, nan, 0.0000
(7, 15): 0.2527, 4.4100, 62.8257, 0.3888
(7, 16): 0.2492, 4.4100, 62.0067, 0.3119
(7, 17): 0.1865, 4.4100, 67.4319, 0.2651
(7, 18): 0.1429, 4.4400, 73.2255, 0.2768
(7, 19): 0.0845, 4.4400, 80.9845, 0.3018
(7, 20): 0.1221, 4.4200, 78.3894, 0.2575
(7, 21): 0.1284, 4.4400, 77.1664, 0.2383
(7, 22): 0.0748, 4.5200, 80.9462, 0.2584
(7, 23): 0.0941, 4.7700, 77.3985, 0.2425
(7, 24): 0.1501, 4.4800, 72.3591, 0.2207
(7, 25): 0.1867, 4.4300, 68.6132, 0.2408
(7, 26): 0.1846, 4.4800, 67.0538, 0.2157
(7, 27): 0.1443, 4.4500, 42.9177, 0.2676
(8, 1): nan, nan, nan, 0.0000
(8, 2): nan, nan, nan, 0.0000
(8, 3): nan, nan, nan, 0.0000
(8, 4): nan, nan, nan, 0.0000
(8, 5): nan, nan, nan, 0.0000
(8, 6): nan, nan, nan, 0.0000
(8, 7): nan, nan, nan, 0.0000
(8, 8): nan, nan, nan, 0.0000
(8, 9): nan, nan, nan, 0.0000
(8, 10): 0.2675, 4.4200, 32.8375, 0.2885
(8, 11): 0.2091, 4.6400, 33.8552, 0.2985
(8, 12): nan, nan, nan, 0.0000
(8, 13): nan, nan, nan, 0.0000
(8, 14): 0.0863, 4.4200, 20.6684, 0.3478
(8, 15): 0.3217, 4.4100, 54.8136, 0.3754
(8, 16): 0.1968, 4.4100, 68.3247, 0.3244
(8, 17): 0.1724, 4.4700, 68.1609, 0.2826
(8, 18): 0.0822, 4.4844, 81.3857, 0.2734
(8, 19): 0.1304, 4.4300, 76.1057, 0.2366
(8, 20): 0.1137, 4.4100, 81.5224, 0.2308
(8, 21): 0.1530, 4.5800, 76.0106, 0.2191
(8, 22): 0.1626, 4.4200, 71.9955, 0.2166
(8, 23): 0.1761, 4.4600, 73.3789, 0.2241
(8, 24): 0.2197, 4.4600, 68.4235, 0.2124
(8, 25): 0.1798, 4.4600, 70.0363, 0.2207
(8, 26): 0.2454, 4.4600, 63.6484, 0.2283
(8, 27): 0.1454, 4.4100, 38.6062, 0.2734
(9, 1): nan, nan, nan, 0.0000
(9, 2): nan, nan, nan, 0.0000
(9, 3): nan, nan, nan, 0.0000
(9, 4): nan, nan, nan, 0.0000
(9, 5): nan, nan, nan, 0.0000
(9, 6): nan, nan, nan, 0.0000
(9, 7): nan, nan, nan, 0.0000
(9, 8): nan, nan, nan, 0.0000
(9, 9): nan, nan, nan, 0.0000
(9, 10): 0.2956, 4.5500, 31.7685, 0.2776
(9, 11): 0.1451, 4.4100, 5.5897, 0.4097
(9, 12): nan, nan, nan, 0.0000
(9, 13): nan, nan, nan, 0.0000
(9, 14): nan, nan, nan, 0.0000
(9, 15): 0.2981, 4.4900, 51.8824, 0.3554
(9, 16): 0.2460, 4.4700, 65.2918, 0.3462
(9, 17): 0.1538, 4.4100, 73.5729, 0.2768
(9, 18): 0.1873, 4.4600, 71.7182, 0.2567
(9, 19): 0.1726, 4.5200, 73.9815, 0.2207
(9, 20): 0.1892, 4.5000, 72.2869, 0.2249
(9, 21): 0.2346, 4.5300, 69.0309, 0.2048
(9, 22): 0.1796, 4.4900, 67.5269, 0.2408
(9, 23): 0.1776, 4.4500, 71.1765, 0.2182
(9, 24): 0.2552, 4.4100, 67.0333, 0.2074
(9, 25): 0.2160, 4.4500, 68.3266, 0.1990
(9, 26): 0.2855, 4.4300, 58.4580, 0.2032
(9, 27): -0.0095, 4.4300, 16.9588, 0.3211
(10, 1): nan, nan, nan, 0.0000
(10, 2): nan, nan, nan, 0.0000
(10, 3): nan, nan, nan, 0.0000
(10, 4): nan, nan, nan, 0.0000
(10, 5): nan, nan, nan, 0.0000
(10, 6): nan, nan, nan, 0.0000
(19, 13): 0.2996, 4.4300, 61.5600, 0.1890
(19, 14): 0.1945, 4.4500, 69.4176, 0.1990
(19, 15): 0.1823, 4.5200, 69.1278, 0.2090
(19, 16): 0.2545, 4.4600, 62.5406, 0.1873
(19, 17): 0.2398, 4.5500, 63.6339, 0.1722
(19, 18): 0.1767, 4.4600, 69.4735, 0.1931
(19, 19): 0.1093, 4.4100, 75.2151, 0.3311
(19, 20): 0.1371, 4.4400, 70.1350, 0.2500
(19, 21): 0.1830, 4.6000, 67.5510, 0.1873
(19, 22): 0.1956, 4.4500, 67.2322, 0.1823
(19, 23): 0.2275, 4.4200, 65.2096, 0.1781
(19, 24): 0.3001, 4.4700, 60.5324, 0.1656
(19, 25): 0.2768, 4.5400, 40.9396, 0.2040
(19, 26): 0.1158, 4.4100, 6.0684, 0.3796
(19, 27): nan, nan, nan, 0.0000
(20, 1): nan, nan, nan, 0.0000
(20, 2): nan, nan, nan, 0.0000
(20, 3): nan, nan, nan, 0.0000
(20, 4): nan, nan, nan, 0.0000
(20, 5): nan, nan, nan, 0.0000
(20, 6): nan, nan, nan, 0.0000
(20, 7): 0.1420, 4.4800, 16.3632, 0.3035
(20, 8): 0.3221, 4.4200, 65.0680, 0.3378
(20, 9): 0.3279, 4.4700, 64.7902, 0.2985
(20, 10): 0.3475, 4.5200, 63.0273, 0.2090
(20, 11): 0.3200, 4.4500, 63.5210, 0.1881
(20, 12): 0.2540, 4.4600, 68.2217, 0.2007
(20, 13): 0.2297, 4.4700, 66.5382, 0.1948
(20, 14): 0.1726, 4.4400, 73.4217, 0.2057
(20, 15): 0.1515, 4.4600, 72.3342, 0.1940
(20, 16): 0.2313, 4.4200, 66.7978, 0.1865
(20, 17): 0.1845, 4.4100, 66.0977, 0.1823
(20, 18): 0.1461, 4.4100, 70.4176, 0.1931
(20, 19): 0.1481, 4.4400, 69.5736, 0.2759
(20, 20): 0.1859, 4.4300, 66.1449, 0.2492
(20, 21): 0.2453, 4.4100, 62.4653, 0.1747
(20, 22): 0.2739, 4.4800, 59.1578, 0.1731
(20, 23): 0.2575, 4.5000, 61.8011, 0.1722
(20, 24): 0.3353, 4.5700, 58.1373, 0.1789
(20, 25): 0.2814, 4.4200, 57.3779, 0.1839
(20, 26): 0.1096, 4.4200, 16.0558, 0.2701
(20, 27): nan, nan, nan, 0.0000
(21, 1): nan, nan, nan, 0.0000
(21, 2): nan, nan, nan, 0.0000
(21, 3): nan, nan, nan, 0.0000
(21, 4): nan, nan, nan, 0.0000
(21, 5): nan, nan, nan, 0.0000
(21, 6): 0.1789, 4.4200, 15.7403, 0.2926
(21, 7): 0.2947, 4.5100, 56.8644, 0.2533
(21, 8): 0.2732, 4.5400, 69.6805, 0.2475
(21, 9): 0.2664, 4.4300, 70.2664, 0.3018
(21, 10): 0.2749, 4.4400, 67.7583, 0.2366
(21, 11): 0.2392, 4.5100, 68.2415, 0.1823
(21, 12): 0.2016, 4.4300, 70.5685, 0.1923
(21, 13): 0.1930, 4.4500, 70.5999, 0.2007
(21, 14): 0.1402, 4.4800, 72.1761, 0.1923
(21, 15): 0.1572, 4.4600, 70.4552, 0.1890
(21, 16): 0.1768, 4.4100, 67.8844, 0.1839
(21, 17): 0.1446, 4.4700, 70.5661, 0.1898
(21, 18): 0.1787, 4.4100, 68.0030, 0.1990
(21, 19): 0.2368, 4.4200, 60.8091, 0.2015
(21, 20): 0.2710, 4.4300, 57.1731, 0.1756
(21, 21): 0.2111, 4.5100, 51.2392, 0.1890
(21, 22): 0.2571, 4.4100, 48.1745, 0.1940
(21, 23): 0.2208, 4.4300, 50.1591, 0.1906
(21, 24): 0.1673, 4.4600, 27.8750, 0.2408
(21, 25): nan, nan, nan, 0.0000
(21, 26): nan, nan, nan, 0.0000
(21, 27): nan, nan, nan, 0.0000
(22, 1): nan, nan, nan, 0.0000
(22, 2): nan, nan, nan, 0.0000
(22, 3): nan, nan, nan, 0.0000
(22, 4): nan, nan, nan, 0.0000
(22, 5): nan, nan, nan, 0.0000
(22, 6): 0.2209, 4.4700, 45.9767, 0.2768
(22, 7): 0.2734, 4.6700, 68.1186, 0.2768
(22, 8): 0.2305, 4.4500, 69.7968, 0.2517
(22, 9): 0.2563, 4.4100, 66.8461, 0.3604
(22, 10): 0.2731, 4.4100, 65.6012, 0.3863
(22, 11): 0.1573, 4.5200, 73.8512, 0.1998
(22, 12): 0.1351, 4.4500, 74.5147, 0.1890
(22, 13): 0.1937, 4.4000, 68.6912, 0.1915
(22, 14): 0.0965, 4.5300, 75.9743, 0.1973
(22, 15): 0.0671, 4.4100, 75.5042, 0.2082
(22, 16): 0.1601, 4.4200, 65.5516, 0.2023
(22, 17): 0.1718, 4.4400, 64.3973, 0.1973
(22, 18): 0.1992, 4.4400, 63.0558, 0.2492
(22, 19): 0.2292, 4.4300, 60.5991, 0.3161
(22, 20): 0.2362, 4.4700, 44.5771, 0.2483
(22, 21): 0.0743, 4.4300, 10.8210, 0.3227
(22, 22): nan, nan, nan, 0.0000
(22, 23): nan, nan, nan, 0.0000
(22, 24): nan, nan, nan, 0.0000
(22, 25): nan, nan, nan, 0.0000
(22, 26): nan, nan, nan, 0.0000
(22, 27): nan, nan, nan, 0.0000
(23, 1): nan, nan, nan, 0.0000
(23, 2): nan, nan, nan, 0.0000
(23, 3): nan, nan, nan, 0.0000
(23, 4): nan, nan, nan, 0.0000
(23, 5): 0.2299, 4.4200, 17.6945, 0.2776
(23, 6): 0.2536, 4.4900, 36.1208, 0.2517
(23, 7): 0.2265, 4.4400, 49.2488, 0.2258
(23, 8): 0.2514, 4.7302, 62.0680, 0.2575
(23, 9): 0.2493, 4.4400, 66.0397, 0.2441
(23, 10): 0.2500, 4.4500, 66.1977, 0.3361
(23, 11): 0.2355, 4.4100, 64.0167, 0.3804
(23, 12): 0.1062, 4.4900, 72.2238, 0.2400
(23, 13): 0.1457, 4.4700, 72.3599, 0.2090
(23, 14): 0.1258, 4.4400, 71.1198, 0.2040
(23, 15): 0.1243, 4.4300, 70.3916, 0.2082
(23, 16): 0.2114, 4.4400, 64.1228, 0.2324
(23, 17): 0.2204, 4.4200, 61.8696, 0.2659
(23, 18): 0.2625, 4.7500, 58.6331, 0.2726
(23, 19): 0.3067, 4.4900, 56.3283, 0.2467
(23, 20): 0.2574, 4.4500, 48.9201, 0.2433
(23, 21): nan, nan, nan, 0.0000
(23, 22): nan, nan, nan, 0.0000
(23, 23): nan, nan, nan, 0.0000
(23, 24): nan, nan, nan, 0.0000
(23, 25): nan, nan, nan, 0.0000
(23, 26): nan, nan, nan, 0.0000
(23, 27): nan, nan, nan, 0.0000
(24, 1): nan, nan, nan, 0.0000
(24, 2): nan, nan, nan, 0.0000
(24, 3): nan, nan, nan, 0.0000
(24, 4): 0.2438, 4.4200, 13.5621, 0.3035
(24, 5): 0.2375, 4.4600, 25.7511, 0.2609
(24, 6): 0.1754, 4.4500, 26.6464, 0.2542
(24, 7): 0.1857, 4.7300, 57.6037, 0.2467
(24, 8): 0.2170, 4.4200, 43.0941, 0.2258
(24, 9): 0.2002, 4.4700, 56.8748, 0.2299
(24, 10): 0.1256, 4.5200, 60.8262, 0.2375
(24, 11): 0.1804, 4.4600, 68.3151, 0.3319
(24, 12): 0.2148, 4.5000, 66.5503, 0.3236
(24, 13): 0.1519, 4.5300, 67.3911, 0.2241
(24, 14): 0.2028, 4.6700, 63.1926, 0.2475
(24, 15): 0.2010, 4.4300, 64.1356, 0.2952
(24, 16): 0.2423, 4.5700, 62.9075, 0.3303
(24, 17): 0.2171, 4.4400, 62.5467, 0.3027
(24, 18): 0.2186, 4.5700, 63.3803, 0.2592
(24, 19): 0.2454, 4.4100, 60.6356, 0.2182
(24, 20): 0.2660, 4.4100, 58.2594, 0.2291
(24, 21): 0.2353, 4.4900, 36.7066, 0.2266
(24, 22): nan, nan, nan, 0.0000
(24, 23): nan, nan, nan, 0.0000
(24, 24): nan, nan, nan, 0.0000
(24, 25): nan, nan, nan, 0.0000
(24, 26): nan, nan, nan, 0.0000
(24, 27): nan, nan, nan, 0.0000
(25, 1): nan, nan, nan, 0.0000
(25, 2): nan, nan, nan, 0.0000
(25, 3): nan, nan, nan, 0.0000
(25, 4): 0.2970, 4.4300, 34.4430, 0.2651
(25, 5): 0.2967, 4.4800, 40.5907, 0.2216
(25, 6): 0.2239, 4.5000, 55.3798, 0.2149
(25, 7): 0.1225, 4.5800, 33.5958, 0.2483
(25, 8): 0.2243, 4.4300, 53.7843, 0.2241
(25, 9): 0.1855, 4.4200, 66.8399, 0.2450
(25, 10): 0.1827, 4.4500, 70.2247, 0.2299
(25, 11): 0.2774, 4.4500, 65.6919, 0.2249
(25, 12): 0.2254, 4.4200, 66.4449, 0.2709
(25, 13): 0.2353, 4.4100, 61.4427, 0.2492
(25, 14): 0.2708, 4.4600, 57.9298, 0.2709
(25, 15): 0.2705, 4.4200, 58.7241, 0.2567
(25, 16): 0.2287, 4.4100, 61.0629, 0.2232
(25, 17): 0.2083, 4.4100, 63.5221, 0.2492
(25, 18): 0.2238, 4.4100, 62.6103, 0.2308
(25, 19): 0.2198, 4.5200, 62.8806, 0.2492
(25, 20): 0.2781, 4.4900, 55.8902, 0.2132
(25, 21): 0.3108, 4.4100, 52.0035, 0.2040
(25, 22): 0.2266, 4.4500, 24.6316, 0.2517
(25, 23): nan, nan, nan, 0.0000
(25, 24): nan, nan, nan, 0.0000
(25, 25): nan, nan, nan, 0.0000
(25, 26): nan, nan, nan, 0.0000
(25, 27): nan, nan, nan, 0.0000
(26, 1): nan, nan, nan, 0.0000
(26, 2): 0.2601, 4.4700, 4.7283, 0.3880
(26, 3): 0.2551, 4.4300, 23.9641, 0.2400
(26, 4): 0.2624, 4.4500, 34.7224, 0.2651
(26, 5): 0.2121, 4.4300, 35.1180, 0.2341
(26, 6): 0.1488, 4.4500, 31.9843, 0.2324
(26, 7): 0.1895, 4.4500, 57.3827, 0.2266
(26, 8): 0.2151, 4.4200, 65.7285, 0.2032
(26, 9): 0.1894, 4.4400, 70.1676, 0.2140
(26, 10): 0.2024, 4.4300, 68.1597, 0.2199
(26, 11): 0.2560, 4.4700, 65.3516, 0.2283
(26, 12): 0.2057, 4.4900, 67.0803, 0.2433
(26, 13): 0.1840, 4.4800, 63.7289, 0.2224
(26, 14): 0.2523, 4.4100, 59.5758, 0.2467
(26, 15): 0.2529, 4.5800, 58.5085, 0.2040
(26, 16): 0.1713, 4.4800, 64.7107, 0.2132
(26, 17): 0.2012, 4.4500, 62.7873, 0.2090
(26, 18): 0.2923, 4.4900, 55.9517, 0.2241
(26, 19): 0.2454, 4.4100, 58.4144, 0.2391
(26, 20): 0.2823, 4.5100, 53.2671, 0.2115
(26, 21): 0.3289, 4.4700, 51.6188, 0.1931
(26, 22): 0.3309, 4.4500, 39.2774, 0.1948
(26, 23): nan, nan, nan, 0.0000
(26, 24): nan, nan, nan, 0.0000
(26, 25): nan, nan, nan, 0.0000
(26, 26): nan, nan, nan, 0.0000
(26, 27): nan, nan, nan, 0.0000
(27, 1): nan, nan, nan, 0.0000
(27, 2): 0.2642, 4.4100, 23.4551, 0.2801
(27, 3): 0.2995, 4.4700, 55.2279, 0.2107
(27, 4): 0.2810, 4.4900, 59.7339, 0.2040
(27, 5): 0.2951, 4.4700, 60.4385, 0.1781
(27, 6): 0.2033, 4.5000, 52.7312, 0.2057
(27, 7): 0.1471, 4.4100, 23.0914, 0.2525
(27, 8): 0.1956, 4.5100, 54.4740, 0.2090
(27, 9): 0.1640, 4.6400, 52.9903, 0.2015
(27, 10): 0.2110, 4.4100, 52.4045, 0.2082
(27, 11): 0.2685, 4.4400, 48.0197, 0.2015
(27, 12): 0.1772, 4.4200, 30.7525, 0.2258
(27, 13): 0.2537, 4.4500, 49.6045, 0.1957
(27, 14): 0.1819, 4.4900, 41.9537, 0.2082
(27, 15): 0.2467, 4.4100, 59.1906, 0.1873
(27, 16): 0.1805, 4.4900, 65.6092, 0.2224
(27, 17): 0.2261, 4.4800, 61.3997, 0.2634
(27, 18): 0.2876, 4.4400, 56.4762, 0.2232
(27, 19): 0.3023, 4.5000, 54.3183, 0.2249
(27, 20): 0.3861, 4.4400, 47.8915, 0.1957
(27, 21): 0.3649, 4.4500, 51.7344, 0.1982
(27, 22): 0.2542, 4.4400, 46.8761, 0.2483
(27, 23): nan, nan, nan, 0.0000
(27, 24): nan, nan, nan, 0.0000
(27, 25): nan, nan, nan, 0.0000
(27, 26): nan, nan, nan, 0.0000
(27, 27): nan, nan, nan, 0.0000
(28, 1): nan, nan, nan, 0.0000
(28, 2): 0.2563, 4.4400, 5.2358, 0.3612
(28, 3): 0.2879, 4.4200, 27.5530, 0.2375
(28, 4): 0.2431, 4.4100, 31.2759, 0.2492
(28, 5): 0.2439, 4.4200, 52.4070, 0.1865
(28, 6): 0.1681, 4.5700, 32.0716, 0.2341
(28, 7): 0.1743, 4.4400, 32.8181, 0.2308
(28, 8): 0.1641, 4.4100, 50.5646, 0.2065
(28, 9): 0.2229, 4.4100, 37.8627, 0.2124
(28, 10): nan, nan, nan, 0.0000
(28, 11): nan, nan, nan, 0.0000
(28, 12): nan, nan, nan, 0.0000
(28, 13): nan, nan, nan, 0.0000
(28, 14): 0.1918, 4.4400, 13.8645, 0.2684
(28, 15): 0.3230, 4.6000, 52.5108, 0.2157
(28, 16): 0.2876, 4.4800, 57.1815, 0.2048
(28, 17): 0.2518, 4.4100, 60.8042, 0.1973
(28, 18): 0.3058, 4.5800, 55.6484, 0.2007
(28, 19): 0.3111, 4.4300, 53.5554, 0.1890
(28, 20): 0.3339, 4.4200, 51.6293, 0.1998
(28, 21): 0.3284, 4.4300, 54.9440, 0.1856
(28, 22): 0.2297, 4.4700, 27.0272, 0.2366
(28, 23): nan, nan, nan, 0.0000
(28, 24): nan, nan, nan, 0.0000
(28, 25): nan, nan, nan, 0.0000
(28, 26): nan, nan, nan, 0.0000
(28, 27): nan, nan, nan, 0.0000
(29, 1): nan, nan, nan, 0.0000
(29, 2): 0.4149, 4.4200, 47.9369, 0.2015
(29, 3): 0.3444, 4.4200, 59.6060, 0.1873
(29, 4): 0.3177, 4.4100, 51.5940, 0.1940
(29, 5): 0.3444, 4.4400, 40.6915, 0.1998
(29, 6): 0.3310, 4.4200, 59.8745, 0.1789
(29, 7): 0.2858, 4.5200, 50.2941, 0.1798
(29, 8): 0.1542, 4.4100, 5.4106, 0.3620
(29, 9): nan, nan, nan, 0.0000
(29, 10): nan, nan, nan, 0.0000
(29, 11): nan, nan, nan, 0.0000
(29, 12): nan, nan, nan, 0.0000
(29, 13): nan, nan, nan, 0.0000
(29, 14): nan, nan, nan, 0.0000
(29, 15): 0.1798, 4.4200, 11.1250, 0.3227
(29, 16): 0.2065, 4.4300, 27.1257, 0.2408
(29, 17): 0.0220, 4.4400, 6.3328, 0.3880
(29, 18): 0.2512, 4.4300, 47.8312, 0.2065
(29, 19): 0.2924, 4.4100, 55.8328, 0.1990
(29, 20): 0.3450, 4.5100, 52.1451, 0.1865
(29, 21): 0.2955, 4.5000, 57.5756, 0.1990
(29, 22): 0.1347, 4.4500, 15.6229, 0.2960
(29, 23): nan, nan, nan, 0.0000
(29, 24): nan, nan, nan, 0.0000
(29, 25): nan, nan, nan, 0.0000
(29, 26): nan, nan, nan, 0.0000
(29, 27): nan, nan, nan, 0.0000
(30, 1): nan, nan, nan, 0.0000
(30, 2): 0.4116, 4.4100, 30.7079, 0.2057
(30, 3): 0.3606, 4.4100, 15.1628, 0.2391
(30, 4): 0.2801, 4.4100, 14.5632, 0.2734
(30, 5): 0.3491, 4.4100, 50.6150, 0.1982
(30, 6): 0.3537, 4.4300, 44.7851, 0.1973
(30, 7): 0.1675, 4.4300, 16.0571, 0.2567
(30, 8): nan, nan, nan, 0.0000
(30, 9): nan, nan, nan, 0.0000
(30, 10): nan, nan, nan, 0.0000
(30, 11): nan, nan, nan, 0.0000
(30, 12): nan, nan, nan, 0.0000
(30, 13): nan, nan, nan, 0.0000
(30, 14): nan, nan, nan, 0.0000
(30, 15): nan, nan, nan, 0.0000
(30, 16): nan, nan, nan, 0.0000
(30, 17): nan, nan, nan, 0.0000
(30, 18): nan, nan, nan, 0.0000
(30, 19): 0.1548, 4.4300, 15.1843, 0.2759
(30, 20): 0.2822, 4.5400, 48.2941, 0.2366
(30, 21): 0.3155, 4.5000, 52.7566, 0.1890
(30, 22): 0.1552, 4.4100, 19.3171, 0.2717
(30, 23): nan, nan, nan, 0.0000
(30, 24): nan, nan, nan, 0.0000
(30, 25): nan, nan, nan, 0.0000
(30, 26): nan, nan, nan, 0.0000
(30, 27): nan, nan, nan, 0.0000
(31, 1): nan, nan, nan, 0.0000
(31, 2): nan, nan, nan, 0.0000
(31, 3): nan, nan, nan, 0.0000
(31, 4): nan, nan, nan, 0.0000
(31, 5): nan, nan, nan, 0.0000
(31, 6): nan, nan, nan, 0.0000
(31, 7): nan, nan, nan, 0.0000
(31, 8): nan, nan, nan, 0.0000
(31, 9): nan, nan, nan, 0.0000
(31, 10): nan, nan, nan, 0.0000
(31, 11): nan, nan, nan, 0.0000
(31, 12): nan, nan, nan, 0.0000
(31, 13): nan, nan, nan, 0.0000
(31, 14): nan, nan, nan, 0.0000
(31, 15): nan, nan, nan, 0.0000
(31, 16): nan, nan, nan, 0.0000
(31, 17): nan, nan, nan, 0.0000
(31, 18): nan, nan, nan, 0.0000
(31, 19): 0.1333, 4.4100, 10.1216, 0.2893
(31, 20): 0.2815, 4.5400, 51.5060, 0.2107
(31, 21): 0.1616, 4.4200, 15.2008, 0.2834
(31, 22): nan, nan, nan, 0.0000
(31, 23): nan, nan, nan, 0.0000
(31, 24): nan, nan, nan, 0.0000
(31, 25): nan, nan, nan, 0.0000
(31, 26): nan, nan, nan, 0.0000
(31, 27): nan, nan, nan, 0.0000
(32, 1): nan, nan, nan, 0.0000
(32, 2): nan, nan, nan, 0.0000
(32, 3): nan, nan, nan, 0.0000
(32, 4): nan, nan, nan, 0.0000
(32, 5): nan, nan, nan, 0.0000
(32, 6): nan, nan, nan, 0.0000
(32, 7): nan, nan, nan, 0.0000
(32, 8): nan, nan, nan, 0.0000
(32, 9): nan, nan, nan, 0.0000
(32, 10): nan, nan, nan, 0.0000
(32, 11): nan, nan, nan, 0.0000
(32, 12): nan, nan, nan, 0.0000
(32, 13): nan, nan, nan, 0.0000
(32, 14): nan, nan, nan, 0.0000
(32, 15): nan, nan, nan, 0.0000
(32, 16): nan, nan, nan, 0.0000
(32, 17): nan, nan, nan, 0.0000
(32, 18): nan, nan, nan, 0.0000
(32, 19): 0.1339, 4.4500, 15.5776, 0.2717
(32, 20): 0.2299, 4.4398, 64.3222, 0.2283
(32, 21): 0.1966, 4.4100, 43.8662, 0.2207
(32, 22): 0.1255, 4.4900, 11.0036, 0.3186
(32, 23): nan, nan, nan, 0.0000
(32, 24): nan, nan, nan, 0.0000
(32, 25): nan, nan, nan, 0.0000
(32, 26): nan, nan, nan, 0.0000
(32, 27): nan, nan, nan, 0.0000
(33, 1): nan, nan, nan, 0.0000
(33, 2): nan, nan, nan, 0.0000
(33, 3): nan, nan, nan, 0.0000
(33, 4): nan, nan, nan, 0.0000
(33, 5): nan, nan, nan, 0.0000
(33, 6): nan, nan, nan, 0.0000
(33, 7): nan, nan, nan, 0.0000
(33, 8): nan, nan, nan, 0.0000
(33, 9): nan, nan, nan, 0.0000
(33, 10): nan, nan, nan, 0.0000
(33, 11): nan, nan, nan, 0.0000
(33, 12): nan, nan, nan, 0.0000
(33, 13): nan, nan, nan, 0.0000
(33, 14): nan, nan, nan, 0.0000
(33, 15): nan, nan, nan, 0.0000
(33, 16): nan, nan, nan, 0.0000
(33, 17): nan, nan, nan, 0.0000
(33, 18): nan, nan, nan, 0.0000
(33, 19): 0.2517, 4.4221, 39.2849, 0.1982
(33, 20): 0.3307, 4.4700, 59.6412, 0.1789
(33, 21): 0.2798, 4.4600, 62.5280, 0.2283
(33, 22): 0.1603, 4.4100, 29.7109, 0.2458
(33, 23): nan, nan, nan, 0.0000
(33, 24): nan, nan, nan, 0.0000
(33, 25): nan, nan, nan, 0.0000
(33, 26): nan, nan, nan, 0.0000
(33, 27): nan, nan, nan, 0.0000
(34, 1): nan, nan, nan, 0.0000
(34, 2): nan, nan, nan, 0.0000
(34, 3): nan, nan, nan, 0.0000
(34, 4): nan, nan, nan, 0.0000
(34, 5): nan, nan, nan, 0.0000
(34, 6): nan, nan, nan, 0.0000
(34, 7): nan, nan, nan, 0.0000
(34, 8): nan, nan, nan, 0.0000
(34, 9): nan, nan, nan, 0.0000
(34, 10): nan, nan, nan, 0.0000
(34, 11): nan, nan, nan, 0.0000
(34, 12): nan, nan, nan, 0.0000
(34, 13): nan, nan, nan, 0.0000
(34, 14): nan, nan, nan, 0.0000
(34, 15): nan, nan, nan, 0.0000
(34, 16): nan, nan, nan, 0.0000
(34, 17): nan, nan, nan, 0.0000
(34, 18): nan, nan, nan, 0.0000
(34, 19): 0.2551, 4.4100, 33.9432, 0.1982
(34, 20): 0.2745, 4.4400, 65.0954, 0.1948
(34, 21): 0.2224, 4.4700, 67.2117, 0.2040
(34, 22): 0.1257, 4.4400, 11.4224, 0.3286
(34, 23): nan, nan, nan, 0.0000
(34, 24): nan, nan, nan, 0.0000
(34, 25): nan, nan, nan, 0.0000
(34, 26): nan, nan, nan, 0.0000
(34, 27): nan, nan, nan, 0.0000
(35, 1): nan, nan, nan, 0.0000
(35, 2): nan, nan, nan, 0.0000
(35, 3): nan, nan, nan, 0.0000
(35, 4): nan, nan, nan, 0.0000
(35, 5): nan, nan, nan, 0.0000
(35, 6): nan, nan, nan, 0.0000
(35, 7): nan, nan, nan, 0.0000
(35, 8): nan, nan, nan, 0.0000
(35, 9): nan, nan, nan, 0.0000
(35, 10): nan, nan, nan, 0.0000
(35, 11): nan, nan, nan, 0.0000
(35, 12): nan, nan, nan, 0.0000
(35, 13): nan, nan, nan, 0.0000
(35, 14): nan, nan, nan, 0.0000
(35, 15): nan, nan, nan, 0.0000
(35, 16): nan, nan, nan, 0.0000
(35, 17): nan, nan, nan, 0.0000
(35, 18): nan, nan, nan, 0.0000
(35, 19): nan, nan, nan, 0.0000
(35, 20): nan, nan, nan, 0.0000
(35, 21): nan, nan, nan, 0.0000
(35, 22): nan, nan, nan, 0.0000
(35, 23): nan, nan, nan, 0.0000
(35, 24): nan, nan, nan, 0.0000
(35, 25): nan, nan, nan, 0.0000
(35, 26): nan, nan, nan, 0.0000
(35, 27): nan, nan, nan, 0.0000
(36, 1): nan, nan, nan, 0.0000
(36, 2): nan, nan, nan, 0.0000
(36, 3): nan, nan, nan, 0.0000
(36, 4): nan, nan, nan, 0.0000
(36, 5): nan, nan, nan, 0.0000
(36, 6): nan, nan, nan, 0.0000
(36, 7): nan, nan, nan, 0.0000
(36, 8): nan, nan, nan, 0.0000
(36, 9): nan, nan, nan, 0.0000
(36, 10): nan, nan, nan, 0.0000
(36, 11): nan, nan, nan, 0.0000
(36, 12): nan, nan, nan, 0.0000
(36, 13): nan, nan, nan, 0.0000
(36, 14): nan, nan, nan, 0.0000
(36, 15): nan, nan, nan, 0.0000
(36, 16): nan, nan, nan, 0.0000
(36, 17): nan, nan, nan, 0.0000
(36, 18): nan, nan, nan, 0.0000
(36, 19): nan, nan, nan, 0.0000
(36, 20): nan, nan, nan, 0.0000
(36, 21): nan, nan, nan, 0.0000
(36, 22): nan, nan, nan, 0.0000
(36, 23): nan, nan, nan, 0.0000
(36, 24): nan, nan, nan, 0.0000
(36, 25): nan, nan, nan, 0.0000
(36, 26): nan, nan, nan, 0.0000
(36, 27): nan, nan, nan, 0.0000
(37, 1): nan, nan, nan, 0.0000
(37, 2): nan, nan, nan, 0.0000
(37, 3): nan, nan, nan, 0.0000
(37, 4): nan, nan, nan, 0.0000
(37, 5): nan, nan, nan, 0.0000
(37, 6): nan, nan, nan, 0.0000
(37, 7): nan, nan, nan, 0.0000
(37, 8): nan, nan, nan, 0.0000
(37, 9): nan, nan, nan, 0.0000
(37, 10): nan, nan, nan, 0.0000
(37, 11): nan, nan, nan, 0.0000
(37, 12): nan, nan, nan, 0.0000
(37, 13): nan, nan, nan, 0.0000
(37, 14): nan, nan, nan, 0.0000
(37, 15): nan, nan, nan, 0.0000
(37, 16): nan, nan, nan, 0.0000
(37, 17): nan, nan, nan, 0.0000
(37, 18): nan, nan, nan, 0.0000
(37, 19): nan, nan, nan, 0.0000
(37, 20): nan, nan, nan, 0.0000
(37, 21): nan, nan, nan, 0.0000
(37, 22): nan, nan, nan, 0.0000
(37, 23): nan, nan, nan, 0.0000
(37, 24): nan, nan, nan, 0.0000
(37, 25): nan, nan, nan, 0.0000
(37, 26): nan, nan, nan, 0.0000
(37, 27): nan, nan, nan, 0.0000
