(10, 10): 0.4057, 3.0500, 28.8976
(10, 11): 0.2100, 3.0100, 14.1971
(10, 12): 0.3455, 3.0300, 33.6784
(10, 14): 0.1614, 3.0200, 5.0873
(10, 15): 0.3494, 3.0200, 46.2583
(10, 16): 0.3102, 3.0300, 54.4125
(10, 17): 0.2265, 3.0800, 67.9655
(10, 18): 0.2367, 3.0100, 66.3746
(10, 19): 0.2904, 3.0300, 60.9241
(10, 20): 0.2870, 3.0200, 60.3108
(10, 21): 0.2990, 3.0500, 60.4461
(10, 22): 0.3044, 3.0500, 57.5767
(10, 23): 0.2005, 3.0400, 67.3305
(10, 24): 0.2538, 3.1000, 64.5761
(10, 25): 0.2272, 3.0500, 63.0232
(10, 26): 0.2592, 3.0600, 57.2232
(11, 10): 0.3715, 3.0100, 38.5007
(11, 11): 0.4094, 3.0400, 50.3621
(11, 12): 0.4624, 3.0300, 48.0900
(11, 13): 0.2138, 3.0800, 18.9958
(11, 16): 0.0527, 3.0200, 11.6996
(11, 17): 0.3364, 3.0500, 58.0590
(11, 18): 0.3357, 3.0200, 57.8783
(11, 19): 0.3335, 3.0100, 57.7064
(11, 20): 0.3560, 3.0100, 53.8985
(11, 21): 0.3126, 3.0300, 58.9444
(11, 22): 0.2669, 3.1900, 63.1273
(11, 23): 0.2321, 3.0200, 65.0372
(11, 24): 0.2279, 3.1300, 64.3348
(11, 25): 0.2384, 3.0100, 58.0809
(11, 26): 0.2811, 3.1100, 52.9941
(12, 10): 0.4799, 3.0100, 41.6633
(12, 11): 0.4049, 3.0700, 50.6047
(12, 12): 0.5650, 3.0100, 41.0251
(12, 13): 0.3544, 3.0400, 41.2802
(12, 14): 0.2330, 3.0100, 29.6881
(12, 16): 0.1323, 3.0200, 19.7572
(12, 17): 0.3083, 3.0400, 59.5145
(12, 18): 0.2955, 3.0200, 63.9735
(12, 19): 0.3779, 3.0100, 55.5426
(12, 20): 0.3113, 3.0100, 58.6464
(12, 21): 0.3126, 3.0500, 58.6960
(12, 22): 0.3217, 3.0300, 58.9676
(12, 23): 0.2639, 3.0299, 59.4731
(12, 24): 0.2695, 3.0700, 48.9790
(12, 25): 0.0714, 3.0900, 19.4217
(12, 26): 0.1125, 3.0100, 17.3887
(13, 10): 0.4676, 3.0300, 45.4394
(13, 11): 0.4395, 3.0200, 50.2136
(13, 12): 0.4070, 3.0400, 51.7540
(13, 13): 0.3869, 3.0200, 43.7817
(13, 14): 0.1301, 3.0700, 11.2998
(13, 16): -0.0041, 3.0200, 12.6689
(13, 17): 0.1942, 3.0100, 55.0509
(13, 18): 0.2818, 3.0100, 57.2872
(13, 19): 0.2540, 3.0100, 64.1024
(13, 20): 0.2887, 3.0100, 60.8623
(13, 21): 0.2329, 3.0600, 67.9336
(13, 22): 0.2951, 3.0300, 62.1856
(13, 23): 0.3140, 3.0500, 58.2850
(13, 24): 0.2641, 3.0200, 49.9022
(13, 25): 0.0311, 3.0200, 5.8726
(14, 10): 0.4374, 3.0800, 48.2623
(14, 11): 0.3675, 3.0400, 55.5157
(14, 12): 0.3992, 3.0400, 52.2032
(14, 13): 0.1292, 3.0200, 6.6192
(14, 15): 0.0930, 3.0100, 6.1675
(14, 16): 0.3925, 3.0200, 42.0097
(14, 17): 0.2374, 3.0100, 67.4241
(14, 18): 0.1609, 3.0200, 78.3275
(14, 19): 0.2152, 3.0600, 71.5104
(14, 20): 0.2492, 3.0100, 64.5491
(14, 21): 0.2671, 3.0200, 63.8940
(14, 22): 0.3016, 3.0500, 62.6309
(14, 23): 0.2703, 3.0100, 63.8722
(14, 24): 0.2536, 3.0100, 57.0845
(14, 25): 0.2607, 3.0400, 30.8908
(14, 26): 0.2753, 3.0200, 30.8679
(14, 27): 0.0839, 3.0300, 5.1836
(15, 9): 0.2050, 3.0100, 14.7139
(15, 10): 0.6102, 3.0100, 39.2909
(15, 11): 0.3990, 3.0100, 56.1017
(15, 12): 0.4991, 3.1200, 50.4785
(15, 13): 0.2110, 3.0200, 24.3001
(15, 14): 0.0614, 3.0400, 6.2651
(15, 15): 0.2522, 3.0100, 54.1833
(15, 16): 0.3698, 3.0400, 57.0370
(15, 17): 0.2850, 3.0100, 59.7296
(15, 18): 0.2404, 3.0100, 61.1746
(15, 19): 0.1997, 3.0900, 72.6759
(15, 20): 0.2021, 3.0200, 68.1819
(15, 21): 0.2563, 3.0300, 63.2222
(15, 22): 0.2922, 3.0100, 60.3681
(15, 23): 0.2735, 3.0500, 61.9834
(15, 24): 0.2988, 3.1900, 58.3842
(15, 25): 0.3166, 3.0600, 58.0968
(15, 26): 0.3391, 3.1500, 52.0627
(15, 27): 0.3750, 3.0400, 30.6274
(16, 9): 0.2886, 3.0100, 22.0049
(16, 10): 0.4613, 3.0300, 52.4114
(16, 11): 0.5525, 3.0600, 47.7133
(16, 12): 0.3471, 3.0100, 58.4465
(16, 13): 0.2334, 3.0200, 23.5702
(16, 14): 0.3938, 3.0700, 52.7770
(16, 15): 0.4066, 3.0300, 53.8694
(16, 16): 0.3761, 3.0800, 46.8561
(16, 17): 0.2008, 3.0300, 55.2795
(16, 18): 0.2207, 3.0600, 66.1306
(16, 19): 0.2619, 3.0700, 64.0383
(16, 20): 0.2012, 3.1000, 66.5516
(16, 21): 0.2337, 3.0200, 62.3200
(16, 22): 0.2710, 3.0600, 63.6852
(16, 23): 0.2922, 3.0100, 61.8530
(16, 24): 0.3194, 3.0300, 60.5834
(16, 25): 0.3399, 3.0300, 54.9114
(16, 26): 0.3094, 3.0400, 54.4422
(16, 27): 0.2556, 3.0400, 32.8974
(17, 9): 0.3811, 3.0900, 39.4584
(17, 10): 0.4486, 3.0100, 53.1277
(17, 11): 0.4665, 3.0100, 53.3548
(17, 12): 0.5113, 3.0200, 50.4249
(17, 13): 0.3234, 3.1000, 53.2721
(17, 14): 0.2940, 3.1300, 45.8326
(17, 15): 0.2669, 3.0300, 53.5041
(17, 16): 0.2174, 3.0200, 56.0134
(17, 17): 0.2939, 3.0500, 59.2485
(17, 18): 0.2203, 3.0100, 66.4201
(17, 19): 0.2687, 3.1400, 63.0581
(17, 20): 0.2476, 3.0800, 62.4386
(17, 21): 0.2753, 3.1200, 61.1387
(17, 22): 0.3175, 3.0700, 59.3313
(17, 23): 0.3381, 3.0300, 56.4768
(17, 24): 0.3114, 3.0800, 58.0963
(17, 25): 0.3213, 3.0100, 56.2559
(17, 26): 0.3802, 3.0200, 43.1090
(18, 8): 0.2079, 3.0600, 5.5352
(18, 9): 0.4328, 3.0600, 47.8040
(18, 10): 0.4339, 3.0300, 55.9482
(18, 11): 0.5026, 3.0300, 50.8460
(18, 12): 0.4348, 3.1100, 53.6916
(18, 13): 0.3420, 3.0700, 58.7088
(18, 14): 0.3385, 3.0300, 57.2960
(18, 15): 0.3092, 3.0297, 59.8305
(18, 16): 0.2486, 3.0100, 63.7378
(18, 17): 0.2534, 3.0400, 62.0168
(18, 18): 0.2337, 3.0600, 62.0432
(18, 19): 0.2292, 3.0300, 64.7264
(18, 20): 0.1954, 3.1100, 66.4063
(18, 21): 0.2869, 3.1200, 57.4034
(18, 22): 0.3096, 3.0300, 56.3786
(18, 23): 0.2751, 3.0500, 59.5005
(18, 24): 0.2871, 3.0100, 58.9327
(18, 25): 0.3016, 3.0400, 52.3741
(18, 26): 0.1852, 3.0600, 14.5971
(19, 8): 0.3546, 3.0100, 29.9304
(19, 9): 0.5399, 3.0490, 45.4622
(19, 10): 0.4471, 3.0300, 54.9800
(19, 11): 0.4324, 3.1200, 53.9230
(19, 12): 0.4100, 3.0100, 55.4310
(2, 20): 0.0131, 3.0100, 11.6950
(2, 21): 0.1116, 3.0100, 10.8329
(3, 16): 0.1852, 3.0400, 20.1927
(3, 17): 0.1576, 3.0400, 21.2519
(3, 18): 0.0582, 3.0300, 12.0641
(3, 19): 0.0498, 3.0300, 22.1270
(3, 20): 0.0192, 3.0400, 11.6624
(3, 21): -0.0185, 3.0100, 17.8952
(3, 22): 0.1035, 3.0200, 44.8467
(3, 23): 0.2284, 3.0500, 60.2198
(3, 24): 0.2730, 3.0400, 44.5014
(4, 13): 0.2436, 3.0900, 13.7100
(4, 14): 0.3162, 3.0700, 27.5661
(4, 15): 0.1899, 3.0100, 14.8834
(4, 16): 0.1120, 3.0300, 17.2457
(4, 17): 0.0097, 3.0100, 18.0285
(4, 18): 0.1465, 3.0100, 48.5728
(4, 19): 0.1932, 3.1100, 58.6121
(4, 20): 0.1847, 3.0400, 67.5722
(4, 21): 0.2136, 3.0200, 65.5329
(4, 22): 0.1315, 3.0100, 75.9481
(4, 23): 0.1404, 3.0100, 73.8844
(4, 24): 0.2267, 3.0100, 64.2901
(4, 25): 0.1951, 3.0400, 40.0220
(4, 26): 0.0659, 3.0200, 10.6662
(5, 13): 0.2930, 3.0200, 16.9585
(5, 16): 0.2401, 3.0500, 33.6563
(5, 17): 0.3122, 3.0100, 57.3684
(5, 18): 0.2372, 3.0900, 63.4320
(5, 19): 0.2051, 3.1500, 71.6520
(5, 20): 0.1765, 3.0500, 72.7910
(5, 21): 0.1647, 3.0400, 73.4123
(5, 22): 0.1185, 3.0100, 75.6675
(5, 23): 0.1425, 3.1200, 70.5413
(5, 24): 0.2023, 3.0100, 63.1490
(5, 25): 0.2400, 3.1300, 57.6641
(5, 26): 0.3048, 3.0200, 51.7344
(5, 27): 0.0563, 3.0500, 20.7844
(6, 11): 0.3377, 3.0100, 20.4870
(6, 12): 0.2656, 3.0300, 9.9543
(6, 15): 0.2941, 3.1000, 36.4971
(6, 16): 0.3504, 3.0100, 55.4035
(6, 17): 0.3286, 3.0300, 55.4252
(6, 18): 0.2346, 3.0400, 62.8404
(6, 19): 0.2174, 3.0500, 64.6408
(6, 20): 0.1610, 3.0400, 73.1490
(6, 21): 0.1842, 3.0100, 69.6082
(6, 22): 0.1629, 3.0400, 70.5749
(6, 23): 0.1551, 3.0100, 67.6448
(6, 24): 0.2012, 3.0300, 61.4424
(6, 25): 0.2850, 3.0200, 57.0448
(6, 26): 0.3052, 3.0200, 56.2652
(6, 27): 0.0483, 3.0500, 24.8291
(7, 10): 0.1876, 3.0200, 5.1023
(7, 11): 0.2732, 3.0500, 20.8773
(7, 15): 0.4277, 3.0400, 47.3390
(7, 16): 0.3433, 3.0400, 53.1924
(7, 17): 0.2383, 3.0300, 62.0963
(7, 18): 0.2167, 3.0100, 64.4856
(7, 19): 0.1702, 3.0500, 70.2458
(7, 20): 0.1713, 3.0600, 71.8610
(7, 21): 0.1773, 3.0600, 71.0859
(7, 22): 0.1506, 3.0400, 71.0042
(7, 23): 0.1259, 3.0100, 73.1368
(7, 24): 0.2154, 3.0200, 64.6842
(7, 25): 0.2847, 3.0400, 58.3807
(7, 26): 0.2628, 3.0400, 58.8019
(7, 27): 0.1847, 3.0700, 39.8135
(8, 10): 0.3106, 3.0200, 30.0087
(8, 11): 0.2926, 3.0100, 29.0366
(8, 14): 0.1555, 3.0100, 18.1670
(8, 15): 0.5158, 3.0100, 40.3619
(8, 16): 0.3022, 3.0800, 57.2903
(8, 17): 0.2472, 3.0600, 60.0887
(8, 18): 0.2228, 3.0400, 64.7712
(8, 19): 0.1900, 3.0700, 68.7845
(8, 20): 0.1739, 3.0400, 73.3339
(8, 21): 0.1753, 3.0100, 72.9555
(8, 22): 0.2054, 3.1400, 66.6733
(8, 23): 0.2387, 3.0400, 65.6138
(8, 24): 0.2530, 3.1700, 64.4356
(8, 25): 0.2583, 3.0300, 61.1517
(8, 26): 0.3034, 3.0100, 57.4705
(8, 27): 0.2018, 3.0300, 34.9750
(9, 10): 0.3580, 3.0300, 28.2578
(9, 11): 0.1182, 3.0100, 5.6747
(9, 15): 0.4248, 3.0100, 42.1021
(9, 16): 0.3136, 3.0400, 58.2149
(9, 17): 0.2116, 3.0400, 66.4609
(9, 18): 0.2631, 3.0200, 63.3117
(9, 19): 0.2508, 3.0200, 64.6804
(9, 20): 0.2376, 3.1300, 66.5361
(9, 21): 0.3048, 3.0900, 61.3082
(9, 22): 0.2351, 3.0700, 61.4376
(9, 23): 0.2491, 3.0900, 62.8693
(9, 24): 0.3122, 3.1000, 60.6281
(9, 25): 0.2844, 3.0400, 60.7579
(9, 26): 0.3018, 3.0400, 56.5507
(9, 27): 0.0183, 3.0100, 16.0408
(19, 13): 0.3257, 3.0700, 58.5677
(19, 14): 0.2406, 3.0300, 63.3846
(19, 15): 0.2463, 3.0100, 62.0509
(19, 16): 0.2732, 3.1195, 60.2685
(19, 17): 0.2955, 3.0300, 57.4576
(19, 18): 0.2195, 3.0100, 64.2509
(19, 19): 0.1722, 3.0300, 66.5279
(19, 20): 0.2017, 3.0300, 62.5434
(19, 21): 0.2457, 3.0500, 60.5770
(19, 22): 0.2444, 3.1100, 61.6269
(19, 23): 0.2856, 3.0100, 58.4164
(19, 24): 0.3372, 3.0500, 56.3615
(19, 25): 0.3196, 3.1500, 37.5889
(19, 26): 0.1401, 3.0200, 5.6501
(20, 7): 0.2048, 3.0400, 14.4234
(20, 8): 0.3888, 3.0100, 56.7102
(20, 9): 0.3907, 3.0100, 57.6699
(20, 10): 0.3817, 3.0200, 57.5714
(20, 11): 0.3531, 3.1700, 59.4855
(20, 12): 0.3324, 3.0100, 59.3802
(20, 13): 0.2766, 3.0200, 61.1754
(20, 14): 0.2199, 3.0200, 63.8257
(20, 15): 0.2243, 3.0600, 63.5242
(20, 16): 0.2624, 3.0700, 62.8705
(20, 17): 0.2416, 3.0100, 59.7478
(20, 18): 0.2169, 3.0500, 62.3551
(20, 19): 0.1761, 3.0700, 66.1117
(20, 20): 0.2896, 3.0200, 56.2175
(20, 21): 0.2732, 3.0200, 59.3100
(20, 22): 0.3335, 3.0600, 53.3393
(20, 23): 0.3174, 3.0700, 55.6500
(20, 24): 0.4023, 3.0300, 51.5302
(20, 25): 0.3579, 3.0300, 50.0999
(20, 26): 0.1346, 3.0400, 15.2150
(21, 6): 0.1977, 3.0300, 14.9346
(21, 7): 0.3414, 3.0100, 52.0831
(21, 8): 0.3065, 3.0300, 65.3280
(21, 9): 0.3264, 3.0300, 62.9319
(21, 10): 0.3229, 3.1000, 62.0611
(21, 11): 0.2811, 3.0100, 63.1399
(21, 12): 0.2834, 3.0300, 60.9867
(21, 13): 0.2787, 3.0100, 60.8579
(21, 14): 0.1872, 3.0400, 66.2516
(21, 15): 0.2003, 3.0100, 64.9786
(21, 16): 0.2346, 3.0500, 61.2089
(21, 17): 0.1983, 3.1900, 64.1445
(21, 18): 0.2195, 3.0400, 62.6202
(21, 19): 0.3068, 3.0400, 53.9720
(21, 20): 0.2906, 3.0800, 55.0175
(21, 21): 0.2864, 3.0600, 44.7564
(21, 22): 0.3105, 3.0100, 44.3654
(21, 23): 0.2677, 3.0800, 46.2666
(21, 24): 0.1866, 3.0200, 26.7416
(22, 6): 0.2538, 3.0200, 42.9373
(22, 7): 0.3492, 3.0200, 59.1384
(22, 8): 0.3275, 3.0300, 58.7741
(22, 9): 0.3178, 3.0300, 59.8662
(22, 10): 0.3749, 3.0200, 55.3788
(22, 11): 0.2030, 3.0200, 68.2045
(22, 12): 0.2313, 3.1000, 63.1259
(22, 13): 0.2386, 3.0200, 63.3516
(22, 14): 0.1903, 3.0300, 65.0492
(22, 15): 0.1302, 3.0400, 67.7105
(22, 16): 0.2027, 3.0200, 60.7236
(22, 17): 0.2329, 3.0100, 57.6255
(22, 18): 0.2729, 3.0400, 55.5054
(22, 19): 0.3103, 3.0500, 52.7266
(22, 20): 0.2857, 3.0200, 40.6459
(22, 21): 0.0864, 3.0300, 10.4603
(23, 5): 0.2661, 3.0300, 16.1692
(23, 6): 0.2515, 3.0500, 35.6301
(23, 7): 0.2675, 3.0700, 45.3066
(23, 8): 0.3464, 3.0100, 53.1577
(23, 9): 0.2717, 3.0200, 63.1320
(23, 10): 0.3572, 3.0300, 55.6604
(23, 11): 0.3445, 3.1700, 54.1840
(23, 12): 0.2292, 3.1700, 61.4543
(23, 13): 0.2126, 3.0100, 64.5597
(23, 14): 0.1776, 3.0100, 64.5293
(23, 15): 0.2152, 3.0100, 60.2937
(23, 16): 0.2988, 3.0300, 55.0923
(23, 17): 0.3045, 3.1800, 53.6635
(23, 18): 0.3187, 3.0500, 52.9615
(23, 19): 0.3657, 3.0300, 50.7735
(23, 20): 0.3158, 3.0800, 44.0606
(24, 4): 0.2317, 3.0200, 13.6427
(24, 5): 0.2693, 3.1500, 23.9021
(24, 6): 0.1975, 3.0900, 25.2705
(24, 7): 0.2219, 3.0400, 53.6743
(24, 8): 0.2458, 3.1400, 40.7356
(24, 9): 0.2643, 3.0600, 50.4870
(24, 10): 0.1782, 3.0200, 55.2669
(24, 11): 0.2937, 3.0200, 56.9141
(24, 12): 0.2833, 3.0400, 59.6091
(24, 13): 0.2120, 3.0100, 60.7584
(24, 14): 0.2514, 3.0100, 57.5132
(24, 15): 0.2458, 3.0600, 59.2380
(24, 16): 0.3519, 3.0500, 52.0676
(24, 17): 0.3134, 3.0100, 52.9443
(24, 18): 0.3204, 3.0200, 53.7903
(24, 19): 0.3133, 3.0300, 54.5070
(24, 20): 0.3587, 3.0100, 49.7974
(24, 21): 0.2708, 3.0400, 34.3226
(25, 4): 0.3464, 3.0100, 31.0984
(25, 5): 0.3122, 3.1600, 39.1010
(25, 6): 0.2702, 3.0500, 50.7356
(25, 7): 0.1546, 3.0400, 31.4423
(25, 8): 0.2485, 3.0200, 51.3152
(25, 9): 0.2398, 3.0200, 60.7351
(25, 10): 0.2569, 3.0200, 61.6202
(25, 11): 0.3398, 3.0200, 58.7986
(25, 12): 0.3104, 3.0200, 57.5188
(25, 13): 0.3165, 3.0500, 52.6463
(25, 14): 0.2948, 3.0100, 55.2229
(25, 15): 0.3325, 3.0100, 52.7785
(25, 16): 0.2613, 3.0100, 57.6824
(25, 17): 0.2785, 3.0900, 56.7483
(25, 18): 0.2930, 3.0500, 55.9867
(25, 19): 0.3035, 3.0300, 54.8216
(25, 20): 0.3434, 3.0800, 49.9921
(25, 21): 0.3637, 3.0600, 47.2786
(25, 22): 0.3056, 3.0700, 21.0934
(26, 2): 0.1973, 3.0300, 4.9501
(26, 3): 0.2550, 3.0300, 23.6394
(26, 4): 0.3003, 3.0200, 33.1692
(26, 5): 0.2381, 3.0200, 33.0398
(26, 6): 0.1809, 3.0300, 29.9228
(26, 7): 0.2762, 3.0200, 49.5015
(26, 8): 0.2674, 3.0100, 59.8675
(26, 9): 0.2542, 3.0400, 62.6450
(26, 10): 0.2594, 3.0100, 61.6109
(26, 11): 0.3251, 3.0100, 57.6556
(26, 12): 0.2872, 3.0900, 57.9735
(26, 13): 0.2857, 3.0200, 55.7254
(26, 14): 0.2928, 3.0500, 55.4015
(26, 15): 0.2890, 3.1500, 54.8377
(26, 16): 0.2209, 3.0099, 59.2898
(26, 17): 0.2462, 3.0500, 58.1415
(26, 18): 0.3626, 3.0300, 49.5175
(26, 19): 0.3528, 3.0100, 48.6243
(26, 20): 0.3264, 3.0400, 49.1355
(26, 21): 0.4160, 3.0800, 44.2032
(26, 22): 0.3826, 3.0600, 35.6214
(27, 2): 0.2557, 3.0300, 23.5022
(27, 3): 0.3351, 3.0100, 51.3223
(27, 4): 0.3487, 3.0200, 52.4532
(27, 5): 0.3170, 3.0400, 57.1301
(27, 6): 0.2415, 3.0600, 49.0732
(27, 7): 0.1748, 3.0400, 21.7982
(27, 8): 0.2201, 3.0700, 52.0434
(27, 9): 0.2047, 3.0400, 49.2424
(27, 10): 0.2386, 3.0100, 49.5610
(27, 11): 0.3210, 3.0100, 43.2311
(27, 12): 0.2073, 3.0200, 28.9083
(27, 13): 0.2719, 3.1000, 47.0231
(27, 14): 0.2530, 3.0400, 37.0160
(27, 15): 0.2997, 3.0600, 53.9387
(27, 16): 0.2373, 3.0100, 59.6531
(27, 17): 0.2859, 3.0100, 55.2693
(27, 18): 0.3869, 3.0300, 47.4613
(27, 19): 0.3572, 3.0600, 49.1417
(27, 20): 0.4078, 3.0300, 45.6400
(27, 21): 0.4029, 3.0100, 48.0209
(27, 22): 0.3171, 3.0400, 41.7632
(28, 2): 0.1813, 3.0200, 5.8592
(28, 3): 0.3359, 3.0200, 24.7744
(28, 4): 0.2925, 3.0100, 28.1138
(28, 5): 0.3059, 3.0100, 46.5235
(28, 6): 0.1917, 3.0100, 30.4838
(28, 7): 0.2016, 3.0100, 31.0051
(28, 8): 0.2266, 3.0200, 45.0534
(28, 9): 0.2840, 3.0700, 33.7935
(28, 14): 0.1933, 3.0800, 13.5504
(28, 15): 0.3548, 3.1200, 49.2982
(28, 16): 0.3412, 3.0500, 52.0505
(28, 17): 0.3464, 3.0300, 51.7249
(28, 18): 0.3601, 3.0095, 50.5392
(28, 19): 0.3606, 3.0100, 48.9461
(28, 20): 0.3585, 3.0100, 49.0323
(28, 21): 0.3499, 3.0400, 52.4179
(28, 22): 0.2655, 3.0300, 25.0109
(29, 2): 0.4785, 3.0200, 42.3292
(29, 3): 0.4052, 3.0500, 52.6709
(29, 4): 0.3550, 3.0600, 47.6599
(29, 5): 0.3563, 3.0400, 39.2893
(29, 6): 0.3671, 3.0100, 55.8339
(29, 7): 0.3360, 3.1500, 46.0136
(29, 8): 0.1058, 3.0300, 5.8343
(29, 15): 0.2279, 3.0100, 9.9138
(29, 16): 0.2665, 3.0200, 24.1274
(29, 17): 0.1170, 3.0200, 5.3226
(29, 18): 0.3208, 3.0900, 41.5833
(29, 19): 0.3629, 3.1199, 49.6349
(29, 20): 0.4077, 3.0700, 46.6266
(29, 21): 0.3349, 3.0800, 53.4347
(29, 22): 0.1624, 3.0400, 14.6365
(30, 2): 0.4401, 3.0300, 28.6431
(30, 3): 0.3456, 3.0300, 15.0048
(30, 4): 0.3230, 3.0300, 12.9306
(30, 5): 0.4142, 3.0300, 44.6084
(30, 6): 0.4094, 3.0600, 40.3583
(30, 7): 0.1915, 3.0000, 15.1489
(30, 19): 0.1859, 3.0100, 14.2038
(30, 20): 0.3610, 3.0200, 41.3318
(30, 21): 0.3807, 3.0500, 46.9011
(30, 22): 0.2092, 3.0100, 17.5105
(31, 19): 0.1334, 3.0600, 9.9671
(31, 20): 0.3062, 3.0500, 49.8038
(31, 21): 0.1805, 3.0900, 14.4764
(32, 19): 0.1445, 3.0100, 15.0875
(32, 20): 0.2705, 3.0100, 59.8008
(32, 21): 0.2501, 3.0600, 39.7478
(32, 22): 0.1501, 3.0200, 10.2573
(33, 19): 0.2921, 3.0600, 36.2937
(33, 20): 0.3712, 3.0400, 55.3998
(33, 21): 0.3473, 3.0500, 55.7406
(33, 22): 0.2110, 3.0200, 26.8330
(34, 19): 0.2956, 3.0300, 31.2488
(34, 20): 0.3190, 3.0200, 60.0415
(34, 21): 0.2872, 3.0100, 60.2036
(34, 22): 0.1551, 3.0800, 10.5886
