(1, 1): 0.1605, 4.4200, 5.6012
(1, 2): 0.1605, 4.4200, 5.6012
(1, 3): 0.1605, 4.4200, 5.6012
(1, 4): 0.1605, 4.4200, 5.6012
(1, 5): 0.2835, 4.5500, 23.1135
(1, 6): 0.2835, 4.5500, 23.1135
(1, 7): 0.2835, 4.5500, 23.1135
(1, 8): 0.2835, 4.5500, 23.1135
(1, 9): 0.2238, 4.4200, 14.5759
(1, 10): 0.2238, 4.4200, 14.5759
(1, 11): 0.2238, 4.4200, 14.5759
(1, 12): 0.2238, 4.4200, 14.5759
(1, 13): 0.2238, 4.4200, 14.5759
(1, 14): 0.1483, 4.5100, 21.8261
(1, 15): 0.1483, 4.5100, 21.8261
(1, 16): 0.1483, 4.5100, 21.8261
(1, 17): 0.1145, 4.4600, 23.1006
(1, 18): 0.0207, 4.4100, 12.9592
(1, 19): -0.0044, 4.4100, 12.0631
(1, 20): -0.0044, 4.4100, 12.0631
(1, 21): 0.1173, 4.4500, 10.8711
(1, 22): 0.1173, 4.4500, 10.8711
(1, 23): 0.1315, 4.5900, 71.2744
(1, 24): 0.1736, 4.5800, 55.9365
(1, 25): 0.1736, 4.5800, 55.9365
(1, 26): 0.1736, 4.5800, 55.9365
(1, 27): 0.0181, 4.4300, 11.7550
(2, 1): 0.1605, 4.4200, 5.6012
(2, 2): 0.1605, 4.4200, 5.6012
(2, 3): 0.1605, 4.4200, 5.6012
(2, 4): 0.1605, 4.4200, 5.6012
(2, 5): 0.1605, 4.4200, 5.6012
(2, 6): 0.2835, 4.5500, 23.1135
(2, 7): 0.2835, 4.5500, 23.1135
(2, 8): 0.2835, 4.5500, 23.1135
(2, 9): 0.2835, 4.5500, 23.1135
(2, 10): 0.2238, 4.4200, 14.5759
(2, 11): 0.2238, 4.4200, 14.5759
(2, 12): 0.2238, 4.4200, 14.5759
(2, 13): 0.2238, 4.4200, 14.5759
(2, 14): 0.2394, 4.4100, 31.9260
(2, 15): 0.1483, 4.5100, 21.8261
(2, 16): 0.1483, 4.5100, 21.8261
(2, 17): 0.1145, 4.4600, 23.1006
(2, 18): 0.0207, 4.4100, 12.9592
(2, 19): -0.0044, 4.4100, 12.0631
(2, 20): -0.0044, 4.4100, 12.0631
(2, 21): 0.1173, 4.4500, 10.8711
(2, 22): 0.0696, 4.5500, 47.7131
(2, 23): 0.1315, 4.5900, 71.2744
(2, 24): 0.1736, 4.5800, 55.9365
(2, 25): 0.1736, 4.5800, 55.9365
(2, 26): 0.0181, 4.4300, 11.7550
(2, 27): 0.0181, 4.4300, 11.7550
(3, 1): 0.1605, 4.4200, 5.6012
(3, 2): 0.1605, 4.4200, 5.6012
(3, 3): 0.1605, 4.4200, 5.6012
(3, 4): 0.1605, 4.4200, 5.6012
(3, 5): 0.1605, 4.4200, 5.6012
(3, 6): 0.1605, 4.4200, 5.6012
(3, 7): 0.2835, 4.5500, 23.1135
(3, 8): 0.2835, 4.5500, 23.1135
(3, 9): 0.2835, 4.5500, 23.1135
(3, 10): 0.2835, 4.5500, 23.1135
(3, 11): 0.2238, 4.4200, 14.5759
(3, 12): 0.2238, 4.4200, 14.5759
(3, 13): 0.2238, 4.4200, 14.5759
(3, 14): 0.2394, 4.4100, 31.9260
(3, 15): 0.1863, 4.4200, 15.2382
(3, 16): 0.1483, 4.5100, 21.8261
(3, 17): 0.1145, 4.4600, 23.1006
(3, 18): 0.0207, 4.4100, 12.9592
(3, 19): 0.0290, 4.4200, 23.0312
(3, 20): 0.0061, 4.5400, 11.9396
(3, 21): -0.0213, 4.4600, 17.9652
(3, 22): 0.0696, 4.5500, 47.7131
(3, 23): 0.1315, 4.5900, 71.2744
(3, 24): 0.1736, 4.5800, 55.9365
(3, 25): 0.1497, 4.4300, 44.6485
(3, 26): 0.0181, 4.4300, 11.7550
(3, 27): 0.0181, 4.4300, 11.7550
(4, 1): 0.1605, 4.4200, 5.6012
(4, 2): 0.1605, 4.4200, 5.6012
(4, 3): 0.1605, 4.4200, 5.6012
(4, 4): 0.1605, 4.4200, 5.6012
(4, 5): 0.1605, 4.4200, 5.6012
(4, 6): 0.1605, 4.4200, 5.6012
(4, 7): 0.1605, 4.4200, 5.6012
(4, 8): 0.2835, 4.5500, 23.1135
(4, 9): 0.2835, 4.5500, 23.1135
(4, 10): 0.2835, 4.5500, 23.1135
(4, 11): 0.2835, 4.5500, 23.1135
(4, 12): 0.2238, 4.4200, 14.5759
(4, 13): 0.2238, 4.4200, 14.5759
(4, 14): 0.2394, 4.4100, 31.9260
(4, 15): 0.1863, 4.4200, 15.2382
(4, 16): 0.0926, 4.4200, 17.9998
(4, 17): -0.0199, 4.4100, 19.1393
(4, 18): 0.1019, 4.4500, 52.5942
(4, 19): 0.1344, 4.4100, 66.6185
(4, 20): 0.0922, 4.4300, 78.4953
(4, 21): 0.1180, 4.4300, 76.5514
(4, 22): 0.0510, 4.4300, 86.9826
(4, 23): 0.0885, 4.4600, 81.0516
(4, 24): 0.1607, 4.5100, 71.9473
(4, 25): 0.1497, 4.4300, 44.6485
(4, 26): 0.0181, 4.4300, 11.7550
(4, 27): 0.0558, 4.5100, 20.9523
(5, 1): 0.1605, 4.4200, 5.6012
(5, 2): 0.1605, 4.4200, 5.6012
(5, 3): 0.1605, 4.4200, 5.6012
(5, 4): 0.1605, 4.4200, 5.6012
(5, 5): 0.1605, 4.4200, 5.6012
(5, 6): 0.1605, 4.4200, 5.6012
(5, 7): 0.1605, 4.4200, 5.6012
(5, 8): 0.1605, 4.4200, 5.6012
(5, 9): 0.2835, 4.5500, 23.1135
(5, 10): 0.2835, 4.5500, 23.1135
(5, 11): 0.2835, 4.5500, 23.1135
(5, 12): 0.2719, 4.4300, 18.0636
(5, 13): 0.2719, 4.4300, 18.0636
(5, 14): 0.2719, 4.4300, 18.0636
(5, 15): 0.1863, 4.4200, 15.2382
(5, 16): 0.1760, 4.4100, 37.7100
(5, 17): 0.2603, 4.4300, 62.5401
(5, 18): 0.1856, 4.4100, 69.3605
(5, 19): 0.1618, 4.4400, 77.9672
(5, 20): 0.0949, 4.5200, 83.2806
(5, 21): 0.1170, 4.4700, 83.9759
(5, 22): 0.0531, 4.4600, 85.0708
(5, 23): 0.1142, 4.4200, 74.0387
(5, 24): 0.1458, 4.4600, 69.8187
(5, 25): 0.1600, 4.4600, 65.6777
(5, 26): 0.1931, 4.5300, 61.9785
(5, 27): 0.0558, 4.5100, 20.9523
(6, 1): 0.1605, 4.4200, 5.6012
(6, 2): 0.1605, 4.4200, 5.6012
(6, 3): 0.1605, 4.4200, 5.6012
(6, 4): 0.1605, 4.4200, 5.6012
(6, 5): 0.1605, 4.4200, 5.6012
(6, 6): 0.1605, 4.4200, 5.6012
(6, 7): 0.1605, 4.4200, 5.6012
(6, 8): 0.1605, 4.4200, 5.6012
(6, 9): 0.1605, 4.4200, 5.6012
(6, 10): 0.2835, 4.5500, 23.1135
(6, 11): 0.2835, 4.5500, 23.1135
(6, 12): 0.2579, 4.4400, 10.4703
(6, 13): 0.2719, 4.4300, 18.0636
(6, 14): 0.1904, 4.4600, 43.9458
(6, 15): 0.1904, 4.4600, 43.9458
(6, 16): 0.2651, 4.4400, 64.3963
(6, 17): 0.2751, 4.4300, 60.9573
(6, 18): 0.1772, 4.4500, 69.5750
(6, 19): 0.1413, 4.4700, 75.2278
(6, 20): 0.1080, 4.4200, 80.3716
(6, 21): 0.0941, 4.4100, 81.2538
(6, 22): 0.1057, 4.6200, 77.9611
(6, 23): 0.0923, 4.4017, 75.6174
(6, 24): 0.1295, 4.4400, 69.6364
(6, 25): 0.1873, 4.4200, 66.8135
(6, 26): 0.1993, 4.4400, 66.7211
(6, 27): 0.0277, 4.4600, 25.8230
(7, 1): 0.1605, 4.4200, 5.6012
(7, 2): 0.1605, 4.4200, 5.6012
(7, 3): 0.1605, 4.4200, 5.6012
(7, 4): 0.1605, 4.4200, 5.6012
(7, 5): 0.1605, 4.4200, 5.6012
(7, 6): 0.1605, 4.4200, 5.6012
(7, 7): 0.1605, 4.4200, 5.6012
(7, 8): 0.1605, 4.4200, 5.6012
(7, 9): 0.1605, 4.4200, 5.6012
(7, 10): 0.1605, 4.4200, 5.6012
(7, 11): 0.1941, 4.4200, 24.3392
(7, 12): 0.1941, 4.4200, 24.3392
(7, 13): 0.2579, 4.4400, 10.4703
(7, 14): 0.2527, 4.4100, 62.8257
(7, 15): 0.2527, 4.4100, 62.8257
(7, 16): 0.2492, 4.4100, 62.0067
(7, 17): 0.1865, 4.4100, 67.4319
(7, 18): 0.1429, 4.4400, 73.2255
(7, 19): 0.0845, 4.4400, 80.9845
(7, 20): 0.1221, 4.4200, 78.3894
(7, 21): 0.1284, 4.4400, 77.1664
(7, 22): 0.0748, 4.5200, 80.9462
(7, 23): 0.0941, 4.7700, 77.3985
(7, 24): 0.1501, 4.4800, 72.3591
(7, 25): 0.1867, 4.4300, 68.6132
(7, 26): 0.1846, 4.4800, 67.0538
(7, 27): 0.1443, 4.4500, 42.9177
(8, 1): 0.2675, 4.4200, 32.8375
(8, 2): 0.2675, 4.4200, 32.8375
(8, 3): 0.2675, 4.4200, 32.8375
(8, 4): 0.2675, 4.4200, 32.8375
(8, 5): 0.2675, 4.4200, 32.8375
(8, 6): 0.2675, 4.4200, 32.8375
(8, 7): 0.2675, 4.4200, 32.8375
(8, 8): 0.2675, 4.4200, 32.8375
(8, 9): 0.2675, 4.4200, 32.8375
(8, 10): 0.2675, 4.4200, 32.8375
(8, 11): 0.2091, 4.6400, 33.8552
(8, 12): 0.2091, 4.6400, 33.8552
(8, 13): 0.0863, 4.4200, 20.6684
(8, 14): 0.0863, 4.4200, 20.6684
(8, 15): 0.3217, 4.4100, 54.8136
(8, 16): 0.1968, 4.4100, 68.3247
(8, 17): 0.1724, 4.4700, 68.1609
(8, 18): 0.0822, 4.4844, 81.3857
(8, 19): 0.1304, 4.4300, 76.1057
(8, 20): 0.1137, 4.4100, 81.5224
(8, 21): 0.1530, 4.5800, 76.0106
(8, 22): 0.1626, 4.4200, 71.9955
(8, 23): 0.1761, 4.4600, 73.3789
(8, 24): 0.2197, 4.4600, 68.4235
(8, 25): 0.1798, 4.4600, 70.0363
(8, 26): 0.2454, 4.4600, 63.6484
(8, 27): 0.1454, 4.4100, 38.6062
(9, 1): 0.2956, 4.5500, 31.7685
(9, 2): 0.2956, 4.5500, 31.7685
(9, 3): 0.2956, 4.5500, 31.7685
(9, 4): 0.2956, 4.5500, 31.7685
(9, 5): 0.2956, 4.5500, 31.7685
(9, 6): 0.2956, 4.5500, 31.7685
(9, 7): 0.2956, 4.5500, 31.7685
(9, 8): 0.2956, 4.5500, 31.7685
(9, 9): 0.2956, 4.5500, 31.7685
(9, 10): 0.2956, 4.5500, 31.7685
(9, 11): 0.1451, 4.4100, 5.5897
(9, 12): 0.2839, 4.4500, 37.7792
(9, 13): 0.2839, 4.4500, 37.7792
(9, 14): 0.0863, 4.4200, 20.6684
(9, 15): 0.2981, 4.4900, 51.8824
(9, 16): 0.2460, 4.4700, 65.2918
(9, 17): 0.1538, 4.4100, 73.5729
(9, 18): 0.1873, 4.4600, 71.7182
(9, 19): 0.1726, 4.5200, 73.9815
(9, 20): 0.1892, 4.5000, 72.2869
(9, 21): 0.2346, 4.5300, 69.0309
(9, 22): 0.1796, 4.4900, 67.5269
(9, 23): 0.1776, 4.4500, 71.1765
(9, 24): 0.2552, 4.4100, 67.0333
(9, 25): 0.2160, 4.4500, 68.3266
(9, 26): 0.2855, 4.4300, 58.4580
(9, 27): -0.0095, 4.4300, 16.9588
(10, 1): 0.3053, 4.4400, 34.5886
(10, 2): 0.3053, 4.4400, 34.5886
(10, 3): 0.3053, 4.4400, 34.5886
(10, 4): 0.3053, 4.4400, 34.5886
(10, 5): 0.3053, 4.4400, 34.5886
(10, 6): 0.3053, 4.4400, 34.5886
(10, 7): 0.3053, 4.4400, 34.5886
(10, 8): 0.3053, 4.4400, 34.5886
(10, 9): 0.3053, 4.4400, 34.5886
(10, 10): 0.3053, 4.4400, 34.5886
(10, 11): 0.1992, 4.4700, 14.7489
(10, 12): 0.2839, 4.4500, 37.7792
(10, 13): 0.1887, 4.4300, 20.1103
(10, 14): 0.1509, 4.4900, 5.3813
(10, 15): 0.2430, 4.4300, 55.6308
(10, 16): 0.2278, 4.4300, 62.5749
(10, 17): 0.1859, 4.4200, 71.5112
(10, 18): 0.1631, 4.5600, 75.1065
(10, 19): 0.2466, 4.4500, 65.8042
(10, 20): 0.2247, 4.4400, 67.0047
(10, 21): 0.2241, 4.4500, 68.4122
(10, 22): 0.2307, 4.4800, 64.7937
(10, 23): 0.1751, 4.4300, 70.6216
(10, 24): 0.1853, 4.4100, 72.5865
(10, 25): 0.1542, 4.4400, 71.5082
(10, 26): 0.2228, 4.4400, 60.0918
(10, 27): 0.2228, 4.4400, 60.0918
(11, 1): 0.1674, 4.4200, 16.0665
(11, 2): 0.2873, 4.4200, 44.8117
(11, 3): 0.2873, 4.4200, 44.8117
(11, 4): 0.2873, 4.4200, 44.8117
(11, 5): 0.2873, 4.4200, 44.8117
(11, 6): 0.2873, 4.4200, 44.8117
(11, 7): 0.2873, 4.4200, 44.8117
(11, 8): 0.2873, 4.4200, 44.8117
(11, 9): 0.2873, 4.4200, 44.8117
(11, 10): 0.2873, 4.4200, 44.8117
(11, 11): 0.3259, 4.4400, 58.2668
(11, 12): 0.3584, 4.4600, 57.4508
(11, 13): 0.1887, 4.4300, 20.1103
(11, 14): 0.1887, 4.4300, 20.1103
(11, 15): 0.2430, 4.4300, 55.6308
(11, 16): 0.0042, 4.4300, 12.8930
(11, 17): 0.2398, 4.4400, 68.0159
(11, 18): 0.2493, 4.4300, 66.8825
(11, 19): 0.2609, 4.4300, 65.6052
(11, 20): 0.2565, 4.4100, 63.3412
(11, 21): 0.2164, 4.4300, 68.9376
(11, 22): 0.2321, 4.4900, 67.1858
(11, 23): 0.1738, 4.4400, 71.7557
(11, 24): 0.1954, 4.4100, 68.0651
(11, 25): 0.1532, 4.4500, 66.7073
(11, 26): 0.2311, 4.5300, 57.7016
(11, 27): 0.2311, 4.5300, 57.7016
(12, 1): 0.1674, 4.4200, 16.0665
(12, 2): 0.1674, 4.4200, 16.0665
(12, 3): 0.1674, 4.4200, 16.0665
(12, 4): 0.1674, 4.4200, 16.0665
(12, 5): 0.3632, 4.4200, 51.0632
(12, 6): 0.3632, 4.4200, 51.0632
(12, 7): 0.3632, 4.4200, 51.0632
(12, 8): 0.3632, 4.4200, 51.0632
(12, 9): 0.3632, 4.4200, 51.0632
(12, 10): 0.3632, 4.4200, 51.0632
(12, 11): 0.3089, 4.4500, 59.7249
(12, 12): 0.3955, 4.4200, 54.2360
(12, 13): 0.2773, 4.5800, 47.3217
(12, 14): 0.2091, 4.4200, 31.2505
(12, 15): 0.2091, 4.4200, 31.2505
(12, 16): 0.1142, 4.4100, 20.5539
(12, 17): 0.2110, 4.4400, 70.1292
(12, 18): 0.2464, 4.4300, 69.6306
(12, 19): 0.2542, 4.4300, 67.9762
(12, 20): 0.2064, 4.4300, 69.2464
(12, 21): 0.1728, 4.4400, 71.5895
(12, 22): 0.2486, 4.4100, 66.5313
(12, 23): 0.1981, 4.4200, 66.4663
(12, 24): 0.1966, 4.4300, 55.2988
(12, 25): 0.0593, 4.4300, 19.9394
(12, 26): 0.0977, 4.4500, 17.9773
(12, 27): 0.0977, 4.4500, 17.9773
(13, 1): 0.1674, 4.4200, 16.0665
(13, 2): 0.1674, 4.4200, 16.0665
(13, 3): 0.1674, 4.4200, 16.0665
(13, 4): 0.1674, 4.4200, 16.0665
(13, 5): 0.1674, 4.4200, 16.0665
(13, 6): 0.1674, 4.4200, 16.0665
(13, 7): 0.1674, 4.4200, 16.0665
(13, 8): 0.3938, 4.4300, 51.9179
(13, 9): 0.3938, 4.4300, 51.9179
(13, 10): 0.3938, 4.4300, 51.9179
(13, 11): 0.3514, 4.6100, 58.6639
(13, 12): 0.3768, 4.4700, 54.9125
(13, 13): 0.3012, 4.4800, 48.0836
(13, 14): 0.0960, 4.4900, 12.1566
(13, 15): 0.0960, 4.4900, 12.1566
(13, 16): -0.0292, 4.4700, 13.2669
(13, 17): 0.1314, 4.4100, 61.1229
(13, 18): 0.2091, 4.4500, 66.8630
(13, 19): 0.1764, 4.5100, 72.9235
(13, 20): 0.2049, 4.4600, 70.0324
(13, 21): 0.1792, 4.4700, 73.5134
(13, 22): 0.2272, 4.5100, 70.0931
(13, 23): 0.2439, 4.4500, 65.6701
(13, 24): 0.2368, 4.4800, 54.0490
(13, 25): -0.0061, 4.4500, 6.3231
(13, 26): 0.0977, 4.4500, 17.9773
(13, 27): 0.0611, 4.4100, 5.5719
(14, 1): 0.1674, 4.4200, 16.0665
(14, 2): 0.1674, 4.4200, 16.0665
(14, 3): 0.1674, 4.4200, 16.0665
(14, 4): 0.1674, 4.4200, 16.0665
(14, 5): 0.1674, 4.4200, 16.0665
(14, 6): 0.1674, 4.4200, 16.0665
(14, 7): 0.1674, 4.4200, 16.0665
(14, 8): 0.1674, 4.4200, 16.0665
(14, 9): 0.3539, 4.4100, 55.9856
(14, 10): 0.3539, 4.4100, 55.9856
(14, 11): 0.3113, 4.4100, 61.4716
(14, 12): 0.3244, 4.4400, 59.5025
(14, 13): 0.0959, 4.4200, 7.2065
(14, 14): 0.0960, 4.4900, 12.1566
(14, 15): 0.0197, 4.4800, 7.1276
(14, 16): 0.3156, 4.4300, 47.8975
(14, 17): 0.1390, 4.4100, 79.0877
(14, 18): 0.1063, 4.4900, 86.1957
(14, 19): 0.1352, 4.8000, 82.2172
(14, 20): 0.1729, 4.5900, 72.9933
(14, 21): 0.1890, 4.4300, 73.1979
(14, 22): 0.1971, 4.4100, 74.1421
(14, 23): 0.1990, 4.4800, 72.2213
(14, 24): 0.2076, 4.5300, 62.3488
(14, 25): 0.1854, 4.4400, 35.3822
(14, 26): 0.1878, 4.4100, 35.9942
(14, 27): 0.0611, 4.4100, 5.5719
(15, 1): 0.2377, 4.4300, 5.4833
(15, 2): 0.2377, 4.4300, 5.4833
(15, 3): 0.2377, 4.4300, 5.4833
(15, 4): 0.1674, 4.4200, 16.0665
(15, 5): 0.1674, 4.4200, 16.0665
(15, 6): 0.1674, 4.4200, 16.0665
(15, 7): 0.1674, 4.4200, 16.0665
(15, 8): 0.1674, 4.4200, 16.0665
(15, 9): 0.1674, 4.4200, 16.0665
(15, 10): 0.4033, 4.4100, 54.8895
(15, 11): 0.3435, 4.4800, 62.0053
(15, 12): 0.3973, 4.4400, 59.8232
(15, 13): 0.1880, 4.4700, 25.5416
(15, 14): 0.0380, 4.4100, 6.5913
(15, 15): 0.2263, 4.4200, 56.6823
(15, 16): 0.2918, 4.4100, 64.7444
(15, 17): 0.1687, 4.5000, 72.2361
(15, 18): 0.2504, 4.4400, 62.8557
(15, 19): 0.1503, 4.5600, 79.5739
(15, 20): 0.1923, 4.4700, 73.9202
(15, 21): 0.1832, 4.4600, 71.9465
(15, 22): 0.2528, 4.4400, 65.7128
(15, 23): 0.2219, 4.4200, 68.0058
(15, 24): 0.2254, 4.4100, 66.4521
(15, 25): 0.2325, 4.4800, 67.0637
(15, 26): 0.2773, 4.4100, 58.0188
(15, 27): 0.2970, 4.4100, 35.2764
(16, 1): 0.1789, 4.4200, 15.7403
(16, 2): 0.2377, 4.4300, 5.4833
(16, 3): 0.2377, 4.4300, 5.4833
(16, 4): 0.2377, 4.4300, 5.4833
(16, 5): 0.2377, 4.4300, 5.4833
(16, 6): 0.2377, 4.4300, 5.4833
(16, 7): 0.2992, 4.4900, 22.0233
(16, 8): 0.2992, 4.4900, 22.0233
(16, 9): 0.2992, 4.4900, 22.0233
(16, 10): 0.3890, 4.4300, 59.7113
(16, 11): 0.4033, 4.4100, 60.7537
(16, 12): 0.3039, 4.4200, 63.2484
(16, 13): 0.1916, 4.5700, 25.6856
(16, 14): 0.2828, 4.6800, 63.5925
(16, 15): 0.2812, 4.4400, 65.8987
(16, 16): 0.2596, 4.4100, 56.3159
(16, 17): 0.1377, 4.4200, 61.7485
(16, 18): 0.1274, 4.5200, 77.4033
(16, 19): 0.1948, 4.4600, 71.5552
(16, 20): 0.1630, 4.4800, 71.2731
(16, 21): 0.2128, 4.4300, 64.9986
(16, 22): 0.2375, 4.4500, 68.0199
(16, 23): 0.2283, 4.4200, 69.3114
(16, 24): 0.2722, 4.5100, 65.8582
(16, 25): 0.2493, 4.4600, 64.0581
(16, 26): 0.2623, 4.4300, 59.2013
(16, 27): 0.2132, 4.5000, 35.7373
(17, 1): 0.1789, 4.4200, 15.7403
(17, 2): 0.1789, 4.4200, 15.7403
(17, 3): 0.1420, 4.4800, 16.3632
(17, 4): 0.2377, 4.4300, 5.4833
(17, 5): 0.2377, 4.4300, 5.4833
(17, 6): 0.2377, 4.4300, 5.4833
(17, 7): 0.2377, 4.4300, 5.4833
(17, 8): 0.3384, 4.5500, 43.0587
(17, 9): 0.3384, 4.5500, 43.0587
(17, 10): 0.3480, 4.4500, 63.1174
(17, 11): 0.3606, 4.4100, 64.2174
(17, 12): 0.3904, 4.4100, 61.7937
(17, 13): 0.2781, 4.4100, 58.0759
(17, 14): 0.2299, 4.4300, 51.5638
(17, 15): 0.1746, 4.4700, 63.9181
(17, 16): 0.1683, 4.4500, 61.2553
(17, 17): 0.2000, 4.5000, 69.5483
(17, 18): 0.1761, 4.4400, 71.6944
(17, 19): 0.2320, 4.4200, 67.3935
(17, 20): 0.2023, 4.4600, 67.6656
(17, 21): 0.2028, 4.4100, 69.5895
(17, 22): 0.2716, 4.4200, 64.3276
(17, 23): 0.1864, 4.4300, 73.3374
(17, 24): 0.2378, 4.4100, 66.0781
(17, 25): 0.2564, 4.4300, 63.0388
(17, 26): 0.2786, 4.4500, 51.2059
(17, 27): 0.2786, 4.4500, 51.2059
(18, 1): 0.1789, 4.4200, 15.7403
(18, 2): 0.1789, 4.4200, 15.7403
(18, 3): 0.1789, 4.4200, 15.7403
(18, 4): 0.1420, 4.4800, 16.3632
(18, 5): 0.1420, 4.4800, 16.3632
(18, 6): 0.2377, 4.4300, 5.4833
(18, 7): 0.2377, 4.4300, 5.4833
(18, 8): 0.2377, 4.4300, 5.4833
(18, 9): 0.3613, 4.4100, 54.5083
(18, 10): 0.3658, 4.4300, 63.3682
(18, 11): 0.3881, 4.4200, 62.1057
(18, 12): 0.3699, 4.5700, 60.4540
(18, 13): 0.3155, 4.4600, 61.9170
(18, 14): 0.2968, 4.5200, 61.5245
(18, 15): 0.2241, 4.5200, 68.8022
(18, 16): 0.1856, 4.4400, 71.3812
(18, 17): 0.1948, 4.4600, 69.1346
(18, 18): 0.1665, 4.5000, 69.4590
(18, 19): 0.1627, 4.5000, 72.6689
(18, 20): 0.1340, 4.4500, 73.9007
(18, 21): 0.2157, 4.4200, 65.0076
(18, 22): 0.2448, 4.4500, 63.5408
(18, 23): 0.2079, 4.4700, 67.4642
(18, 24): 0.2381, 4.4400, 64.5709
(18, 25): 0.2547, 4.4400, 57.2439
(18, 26): 0.1709, 4.4500, 15.2686
(18, 27): 0.1709, 4.4500, 15.2686
(19, 1): 0.1789, 4.4200, 15.7403
(19, 2): 0.1789, 4.4200, 15.7403
(19, 3): 0.1789, 4.4200, 15.7403
(19, 4): 0.1789, 4.4200, 15.7403
(19, 5): 0.1420, 4.4800, 16.3632
(19, 6): 0.1420, 4.4800, 16.3632
(19, 7): 0.3188, 4.4300, 32.3500
(19, 8): 0.3188, 4.4300, 32.3500
(19, 9): 0.4181, 4.4200, 56.1021
(19, 10): 0.4161, 4.4300, 58.6273
(19, 11): 0.3651, 4.4100, 61.2811
(19, 12): 0.3378, 4.4200, 63.0733
(19, 13): 0.2996, 4.4300, 61.5600
(19, 14): 0.1945, 4.4500, 69.4176
(19, 15): 0.1823, 4.5200, 69.1278
(19, 16): 0.2545, 4.4600, 62.5406
(19, 17): 0.2398, 4.5500, 63.6339
(19, 18): 0.1767, 4.4600, 69.4735
(19, 19): 0.1093, 4.4100, 75.2151
(19, 20): 0.1371, 4.4400, 70.1350
(19, 21): 0.1830, 4.6000, 67.5510
(19, 22): 0.1956, 4.4500, 67.2322
(19, 23): 0.2275, 4.4200, 65.2096
(19, 24): 0.3001, 4.4700, 60.5324
(19, 25): 0.2768, 4.5400, 40.9396
(19, 26): 0.1158, 4.4100, 6.0684
(19, 27): 0.1158, 4.4100, 6.0684
(20, 1): 0.2299, 4.4200, 17.6945
(20, 2): 0.1789, 4.4200, 15.7403
(20, 3): 0.1789, 4.4200, 15.7403
(20, 4): 0.1789, 4.4200, 15.7403
(20, 5): 0.1789, 4.4200, 15.7403
(20, 6): 0.1420, 4.4800, 16.3632
(20, 7): 0.1420, 4.4800, 16.3632
(20, 8): 0.3221, 4.4200, 65.0680
(20, 9): 0.3279, 4.4700, 64.7902
(20, 10): 0.3475, 4.5200, 63.0273
(20, 11): 0.3200, 4.4500, 63.5210
(20, 12): 0.2540, 4.4600, 68.2217
(20, 13): 0.2297, 4.4700, 66.5382
(20, 14): 0.1726, 4.4400, 73.4217
(20, 15): 0.1515, 4.4600, 72.3342
(20, 16): 0.2313, 4.4200, 66.7978
(20, 17): 0.1845, 4.4100, 66.0977
(20, 18): 0.1461, 4.4100, 70.4176
(20, 19): 0.1481, 4.4400, 69.5736
(20, 20): 0.1859, 4.4300, 66.1449
(20, 21): 0.2453, 4.4100, 62.4653
(20, 22): 0.2739, 4.4800, 59.1578
(20, 23): 0.2575, 4.5000, 61.8011
(20, 24): 0.3353, 4.5700, 58.1373
(20, 25): 0.2814, 4.4200, 57.3779
(20, 26): 0.1096, 4.4200, 16.0558
(20, 27): 0.1096, 4.4200, 16.0558
(21, 1): 0.2438, 4.4200, 13.5621
(21, 2): 0.2299, 4.4200, 17.6945
(21, 3): 0.2299, 4.4200, 17.6945
(21, 4): 0.1789, 4.4200, 15.7403
(21, 5): 0.1789, 4.4200, 15.7403
(21, 6): 0.1789, 4.4200, 15.7403
(21, 7): 0.2947, 4.5100, 56.8644
(21, 8): 0.2732, 4.5400, 69.6805
(21, 9): 0.2664, 4.4300, 70.2664
(21, 10): 0.2749, 4.4400, 67.7583
(21, 11): 0.2392, 4.5100, 68.2415
(21, 12): 0.2016, 4.4300, 70.5685
(21, 13): 0.1930, 4.4500, 70.5999
(21, 14): 0.1402, 4.4800, 72.1761
(21, 15): 0.1572, 4.4600, 70.4552
(21, 16): 0.1768, 4.4100, 67.8844
(21, 17): 0.1446, 4.4700, 70.5661
(21, 18): 0.1787, 4.4100, 68.0030
(21, 19): 0.2368, 4.4200, 60.8091
(21, 20): 0.2710, 4.4300, 57.1731
(21, 21): 0.2111, 4.5100, 51.2392
(21, 22): 0.2571, 4.4100, 48.1745
(21, 23): 0.2208, 4.4300, 50.1591
(21, 24): 0.1673, 4.4600, 27.8750
(21, 25): 0.1673, 4.4600, 27.8750
(21, 26): 0.1096, 4.4200, 16.0558
(21, 27): 0.1096, 4.4200, 16.0558
(22, 1): 0.2438, 4.4200, 13.5621
(22, 2): 0.2438, 4.4200, 13.5621
(22, 3): 0.2299, 4.4200, 17.6945
(22, 4): 0.2299, 4.4200, 17.6945
(22, 5): 0.2209, 4.4700, 45.9767
(22, 6): 0.2209, 4.4700, 45.9767
(22, 7): 0.2734, 4.6700, 68.1186
(22, 8): 0.2305, 4.4500, 69.7968
(22, 9): 0.2563, 4.4100, 66.8461
(22, 10): 0.2731, 4.4100, 65.6012
(22, 11): 0.1573, 4.5200, 73.8512
(22, 12): 0.1351, 4.4500, 74.5147
(22, 13): 0.1937, 4.4000, 68.6912
(22, 14): 0.0965, 4.5300, 75.9743
(22, 15): 0.0671, 4.4100, 75.5042
(22, 16): 0.1601, 4.4200, 65.5516
(22, 17): 0.1718, 4.4400, 64.3973
(22, 18): 0.1992, 4.4400, 63.0558
(22, 19): 0.2292, 4.4300, 60.5991
(22, 20): 0.2362, 4.4700, 44.5771
(22, 21): 0.0743, 4.4300, 10.8210
(22, 22): 0.2571, 4.4100, 48.1745
(22, 23): 0.2208, 4.4300, 50.1591
(22, 24): 0.1673, 4.4600, 27.8750
(22, 25): 0.1673, 4.4600, 27.8750
(22, 26): 0.1096, 4.4200, 16.0558
(22, 27): 0.1096, 4.4200, 16.0558
(23, 1): 0.2438, 4.4200, 13.5621
(23, 2): 0.2438, 4.4200, 13.5621
(23, 3): 0.2438, 4.4200, 13.5621
(23, 4): 0.2299, 4.4200, 17.6945
(23, 5): 0.2299, 4.4200, 17.6945
(23, 6): 0.2536, 4.4900, 36.1208
(23, 7): 0.2265, 4.4400, 49.2488
(23, 8): 0.2514, 4.7302, 62.0680
(23, 9): 0.2493, 4.4400, 66.0397
(23, 10): 0.2500, 4.4500, 66.1977
(23, 11): 0.2355, 4.4100, 64.0167
(23, 12): 0.1062, 4.4900, 72.2238
(23, 13): 0.1457, 4.4700, 72.3599
(23, 14): 0.1258, 4.4400, 71.1198
(23, 15): 0.1243, 4.4300, 70.3916
(23, 16): 0.2114, 4.4400, 64.1228
(23, 17): 0.2204, 4.4200, 61.8696
(23, 18): 0.2625, 4.7500, 58.6331
(23, 19): 0.3067, 4.4900, 56.3283
(23, 20): 0.2574, 4.4500, 48.9201
(23, 21): 0.0743, 4.4300, 10.8210
(23, 22): 0.0743, 4.4300, 10.8210
(23, 23): 0.2208, 4.4300, 50.1591
(23, 24): 0.1673, 4.4600, 27.8750
(23, 25): 0.1673, 4.4600, 27.8750
(23, 26): 0.1673, 4.4600, 27.8750
(23, 27): 0.1096, 4.4200, 16.0558
(24, 1): 0.2601, 4.4700, 4.7283
(24, 2): 0.2438, 4.4200, 13.5621
(24, 3): 0.2438, 4.4200, 13.5621
(24, 4): 0.2438, 4.4200, 13.5621
(24, 5): 0.2375, 4.4600, 25.7511
(24, 6): 0.1754, 4.4500, 26.6464
(24, 7): 0.1857, 4.7300, 57.6037
(24, 8): 0.2170, 4.4200, 43.0941
(24, 9): 0.2002, 4.4700, 56.8748
(24, 10): 0.1256, 4.5200, 60.8262
(24, 11): 0.1804, 4.4600, 68.3151
(24, 12): 0.2148, 4.5000, 66.5503
(24, 13): 0.1519, 4.5300, 67.3911
(24, 14): 0.2028, 4.6700, 63.1926
(24, 15): 0.2010, 4.4300, 64.1356
(24, 16): 0.2423, 4.5700, 62.9075
(24, 17): 0.2171, 4.4400, 62.5467
(24, 18): 0.2186, 4.5700, 63.3803
(24, 19): 0.2454, 4.4100, 60.6356
(24, 20): 0.2660, 4.4100, 58.2594
(24, 21): 0.2353, 4.4900, 36.7066
(24, 22): 0.2266, 4.4500, 24.6316
(24, 23): 0.2266, 4.4500, 24.6316
(24, 24): 0.2266, 4.4500, 24.6316
(24, 25): 0.2266, 4.4500, 24.6316
(24, 26): 0.1673, 4.4600, 27.8750
(24, 27): 0.1096, 4.4200, 16.0558
(25, 1): 0.2601, 4.4700, 4.7283
(25, 2): 0.2601, 4.4700, 4.7283
(25, 3): 0.2551, 4.4300, 23.9641
(25, 4): 0.2970, 4.4300, 34.4430
(25, 5): 0.2967, 4.4800, 40.5907
(25, 6): 0.2239, 4.5000, 55.3798
(25, 7): 0.1225, 4.5800, 33.5958
(25, 8): 0.2243, 4.4300, 53.7843
(25, 9): 0.1855, 4.4200, 66.8399
(25, 10): 0.1827, 4.4500, 70.2247
(25, 11): 0.2774, 4.4500, 65.6919
(25, 12): 0.2254, 4.4200, 66.4449
(25, 13): 0.2353, 4.4100, 61.4427
(25, 14): 0.2708, 4.4600, 57.9298
(25, 15): 0.2705, 4.4200, 58.7241
(25, 16): 0.2287, 4.4100, 61.0629
(25, 17): 0.2083, 4.4100, 63.5221
(25, 18): 0.2238, 4.4100, 62.6103
(25, 19): 0.2198, 4.5200, 62.8806
(25, 20): 0.2781, 4.4900, 55.8902
(25, 21): 0.3108, 4.4100, 52.0035
(25, 22): 0.2266, 4.4500, 24.6316
(25, 23): 0.2266, 4.4500, 24.6316
(25, 24): 0.2266, 4.4500, 24.6316
(25, 25): 0.2266, 4.4500, 24.6316
(25, 26): 0.2266, 4.4500, 24.6316
(25, 27): 0.2266, 4.4500, 24.6316
(26, 1): 0.2601, 4.4700, 4.7283
(26, 2): 0.2601, 4.4700, 4.7283
(26, 3): 0.2551, 4.4300, 23.9641
(26, 4): 0.2624, 4.4500, 34.7224
(26, 5): 0.2121, 4.4300, 35.1180
(26, 6): 0.1488, 4.4500, 31.9843
(26, 7): 0.1895, 4.4500, 57.3827
(26, 8): 0.2151, 4.4200, 65.7285
(26, 9): 0.1894, 4.4400, 70.1676
(26, 10): 0.2024, 4.4300, 68.1597
(26, 11): 0.2560, 4.4700, 65.3516
(26, 12): 0.2057, 4.4900, 67.0803
(26, 13): 0.1840, 4.4800, 63.7289
(26, 14): 0.2523, 4.4100, 59.5758
(26, 15): 0.2529, 4.5800, 58.5085
(26, 16): 0.1713, 4.4800, 64.7107
(26, 17): 0.2012, 4.4500, 62.7873
(26, 18): 0.2923, 4.4900, 55.9517
(26, 19): 0.2454, 4.4100, 58.4144
(26, 20): 0.2823, 4.5100, 53.2671
(26, 21): 0.3289, 4.4700, 51.6188
(26, 22): 0.3309, 4.4500, 39.2774
(26, 23): 0.3309, 4.4500, 39.2774
(26, 24): 0.3309, 4.4500, 39.2774
(26, 25): 0.3309, 4.4500, 39.2774
(26, 26): 0.3309, 4.4500, 39.2774
(26, 27): 0.3309, 4.4500, 39.2774
(27, 1): 0.2642, 4.4100, 23.4551
(27, 2): 0.2642, 4.4100, 23.4551
(27, 3): 0.2995, 4.4700, 55.2279
(27, 4): 0.2810, 4.4900, 59.7339
(27, 5): 0.2951, 4.4700, 60.4385
(27, 6): 0.2033, 4.5000, 52.7312
(27, 7): 0.1471, 4.4100, 23.0914
(27, 8): 0.1956, 4.5100, 54.4740
(27, 9): 0.1640, 4.6400, 52.9903
(27, 10): 0.2110, 4.4100, 52.4045
(27, 11): 0.2685, 4.4400, 48.0197
(27, 12): 0.1772, 4.4200, 30.7525
(27, 13): 0.2537, 4.4500, 49.6045
(27, 14): 0.1819, 4.4900, 41.9537
(27, 15): 0.2467, 4.4100, 59.1906
(27, 16): 0.1805, 4.4900, 65.6092
(27, 17): 0.2261, 4.4800, 61.3997
(27, 18): 0.2876, 4.4400, 56.4762
(27, 19): 0.3023, 4.5000, 54.3183
(27, 20): 0.3861, 4.4400, 47.8915
(27, 21): 0.3649, 4.4500, 51.7344
(27, 22): 0.2542, 4.4400, 46.8761
(27, 23): 0.2542, 4.4400, 46.8761
(27, 24): 0.2542, 4.4400, 46.8761
(27, 25): 0.2542, 4.4400, 46.8761
(27, 26): 0.2542, 4.4400, 46.8761
(27, 27): 0.2542, 4.4400, 46.8761
(28, 1): 0.2563, 4.4400, 5.2358
(28, 2): 0.2563, 4.4400, 5.2358
(28, 3): 0.2879, 4.4200, 27.5530
(28, 4): 0.2431, 4.4100, 31.2759
(28, 5): 0.2439, 4.4200, 52.4070
(28, 6): 0.1681, 4.5700, 32.0716
(28, 7): 0.1743, 4.4400, 32.8181
(28, 8): 0.1641, 4.4100, 50.5646
(28, 9): 0.2229, 4.4100, 37.8627
(28, 10): 0.2110, 4.4100, 52.4045
(28, 11): 0.2685, 4.4400, 48.0197
(28, 12): 0.1772, 4.4200, 30.7525
(28, 13): 0.1918, 4.4400, 13.8645
(28, 14): 0.1918, 4.4400, 13.8645
(28, 15): 0.3230, 4.6000, 52.5108
(28, 16): 0.2876, 4.4800, 57.1815
(28, 17): 0.2518, 4.4100, 60.8042
(28, 18): 0.3058, 4.5800, 55.6484
(28, 19): 0.3111, 4.4300, 53.5554
(28, 20): 0.3339, 4.4200, 51.6293
(28, 21): 0.3284, 4.4300, 54.9440
(28, 22): 0.2297, 4.4700, 27.0272
(28, 23): 0.2297, 4.4700, 27.0272
(28, 24): 0.2297, 4.4700, 27.0272
(28, 25): 0.2297, 4.4700, 27.0272
(28, 26): 0.2297, 4.4700, 27.0272
(28, 27): 0.2297, 4.4700, 27.0272
(29, 1): 0.4149, 4.4200, 47.9369
(29, 2): 0.4149, 4.4200, 47.9369
(29, 3): 0.3444, 4.4200, 59.6060
(29, 4): 0.3177, 4.4100, 51.5940
(29, 5): 0.3444, 4.4400, 40.6915
(29, 6): 0.3310, 4.4200, 59.8745
(29, 7): 0.2858, 4.5200, 50.2941
(29, 8): 0.1542, 4.4100, 5.4106
(29, 9): 0.2229, 4.4100, 37.8627
(29, 10): 0.2229, 4.4100, 37.8627
(29, 11): 0.2685, 4.4400, 48.0197
(29, 12): 0.1772, 4.4200, 30.7525
(29, 13): 0.1918, 4.4400, 13.8645
(29, 14): 0.1918, 4.4400, 13.8645
(29, 15): 0.1798, 4.4200, 11.1250
(29, 16): 0.2065, 4.4300, 27.1257
(29, 17): 0.0220, 4.4400, 6.3328
(29, 18): 0.2512, 4.4300, 47.8312
(29, 19): 0.2924, 4.4100, 55.8328
(29, 20): 0.3450, 4.5100, 52.1451
(29, 21): 0.2955, 4.5000, 57.5756
(29, 22): 0.1347, 4.4500, 15.6229
(29, 23): 0.1347, 4.4500, 15.6229
(29, 24): 0.1347, 4.4500, 15.6229
(29, 25): 0.1347, 4.4500, 15.6229
(29, 26): 0.1347, 4.4500, 15.6229
(29, 27): 0.1347, 4.4500, 15.6229
(30, 1): 0.4116, 4.4100, 30.7079
(30, 2): 0.4116, 4.4100, 30.7079
(30, 3): 0.3606, 4.4100, 15.1628
(30, 4): 0.2801, 4.4100, 14.5632
(30, 5): 0.3491, 4.4100, 50.6150
(30, 6): 0.3537, 4.4300, 44.7851
(30, 7): 0.1675, 4.4300, 16.0571
(30, 8): 0.1542, 4.4100, 5.4106
(30, 9): 0.1542, 4.4100, 5.4106
(30, 10): 0.2229, 4.4100, 37.8627
(30, 11): 0.2229, 4.4100, 37.8627
(30, 12): 0.1918, 4.4400, 13.8645
(30, 13): 0.1918, 4.4400, 13.8645
(30, 14): 0.1798, 4.4200, 11.1250
(30, 15): 0.1798, 4.4200, 11.1250
(30, 16): 0.2065, 4.4300, 27.1257
(30, 17): 0.0220, 4.4400, 6.3328
(30, 18): 0.1548, 4.4300, 15.1843
(30, 19): 0.1548, 4.4300, 15.1843
(30, 20): 0.2822, 4.5400, 48.2941
(30, 21): 0.3155, 4.5000, 52.7566
(30, 22): 0.1552, 4.4100, 19.3171
(30, 23): 0.1552, 4.4100, 19.3171
(30, 24): 0.1552, 4.4100, 19.3171
(30, 25): 0.1552, 4.4100, 19.3171
(30, 26): 0.1552, 4.4100, 19.3171
(30, 27): 0.1552, 4.4100, 19.3171
(31, 1): 0.4116, 4.4100, 30.7079
(31, 2): 0.4116, 4.4100, 30.7079
(31, 3): 0.3606, 4.4100, 15.1628
(31, 4): 0.2801, 4.4100, 14.5632
(31, 5): 0.3491, 4.4100, 50.6150
(31, 6): 0.3537, 4.4300, 44.7851
(31, 7): 0.1675, 4.4300, 16.0571
(31, 8): 0.1675, 4.4300, 16.0571
(31, 9): 0.1542, 4.4100, 5.4106
(31, 10): 0.1542, 4.4100, 5.4106
(31, 11): 0.2229, 4.4100, 37.8627
(31, 12): 0.1918, 4.4400, 13.8645
(31, 13): 0.1798, 4.4200, 11.1250
(31, 14): 0.1798, 4.4200, 11.1250
(31, 15): 0.1798, 4.4200, 11.1250
(31, 16): 0.2065, 4.4300, 27.1257
(31, 17): 0.0220, 4.4400, 6.3328
(31, 18): 0.1333, 4.4100, 10.1216
(31, 19): 0.1333, 4.4100, 10.1216
(31, 20): 0.2815, 4.5400, 51.5060
(31, 21): 0.1616, 4.4200, 15.2008
(31, 22): 0.1616, 4.4200, 15.2008
(31, 23): 0.1255, 4.4900, 11.0036
(31, 24): 0.1255, 4.4900, 11.0036
(31, 25): 0.1255, 4.4900, 11.0036
(31, 26): 0.1255, 4.4900, 11.0036
(31, 27): 0.1255, 4.4900, 11.0036
(32, 1): 0.4116, 4.4100, 30.7079
(32, 2): 0.4116, 4.4100, 30.7079
(32, 3): 0.3606, 4.4100, 15.1628
(32, 4): 0.2801, 4.4100, 14.5632
(32, 5): 0.3491, 4.4100, 50.6150
(32, 6): 0.3537, 4.4300, 44.7851
(32, 7): 0.1675, 4.4300, 16.0571
(32, 8): 0.1675, 4.4300, 16.0571
(32, 9): 0.1675, 4.4300, 16.0571
(32, 10): 0.1542, 4.4100, 5.4106
(32, 11): 0.1542, 4.4100, 5.4106
(32, 12): 0.1798, 4.4200, 11.1250
(32, 13): 0.1798, 4.4200, 11.1250
(32, 14): 0.1798, 4.4200, 11.1250
(32, 15): 0.1798, 4.4200, 11.1250
(32, 16): 0.2065, 4.4300, 27.1257
(32, 17): 0.1339, 4.4500, 15.5776
(32, 18): 0.1339, 4.4500, 15.5776
(32, 19): 0.1339, 4.4500, 15.5776
(32, 20): 0.2299, 4.4398, 64.3222
(32, 21): 0.1966, 4.4100, 43.8662
(32, 22): 0.1255, 4.4900, 11.0036
(32, 23): 0.1255, 4.4900, 11.0036
(32, 24): 0.1255, 4.4900, 11.0036
(32, 25): 0.1255, 4.4900, 11.0036
(32, 26): 0.1255, 4.4900, 11.0036
(32, 27): 0.1255, 4.4900, 11.0036
(33, 1): 0.4116, 4.4100, 30.7079
(33, 2): 0.4116, 4.4100, 30.7079
(33, 3): 0.3606, 4.4100, 15.1628
(33, 4): 0.2801, 4.4100, 14.5632
(33, 5): 0.3491, 4.4100, 50.6150
(33, 6): 0.3537, 4.4300, 44.7851
(33, 7): 0.1675, 4.4300, 16.0571
(33, 8): 0.1675, 4.4300, 16.0571
(33, 9): 0.1675, 4.4300, 16.0571
(33, 10): 0.1675, 4.4300, 16.0571
(33, 11): 0.1542, 4.4100, 5.4106
(33, 12): 0.1798, 4.4200, 11.1250
(33, 13): 0.1798, 4.4200, 11.1250
(33, 14): 0.1798, 4.4200, 11.1250
(33, 15): 0.1798, 4.4200, 11.1250
(33, 16): 0.2517, 4.4221, 39.2849
(33, 17): 0.2517, 4.4221, 39.2849
(33, 18): 0.2517, 4.4221, 39.2849
(33, 19): 0.2517, 4.4221, 39.2849
(33, 20): 0.3307, 4.4700, 59.6412
(33, 21): 0.2798, 4.4600, 62.5280
(33, 22): 0.1603, 4.4100, 29.7109
(33, 23): 0.1603, 4.4100, 29.7109
(33, 24): 0.1603, 4.4100, 29.7109
(33, 25): 0.1603, 4.4100, 29.7109
(33, 26): 0.1603, 4.4100, 29.7109
(33, 27): 0.1603, 4.4100, 29.7109
(34, 1): 0.4116, 4.4100, 30.7079
(34, 2): 0.4116, 4.4100, 30.7079
(34, 3): 0.3606, 4.4100, 15.1628
(34, 4): 0.2801, 4.4100, 14.5632
(34, 5): 0.3491, 4.4100, 50.6150
(34, 6): 0.3537, 4.4300, 44.7851
(34, 7): 0.1675, 4.4300, 16.0571
(34, 8): 0.1675, 4.4300, 16.0571
(34, 9): 0.1675, 4.4300, 16.0571
(34, 10): 0.1675, 4.4300, 16.0571
(34, 11): 0.1675, 4.4300, 16.0571
(34, 12): 0.1798, 4.4200, 11.1250
(34, 13): 0.1798, 4.4200, 11.1250
(34, 14): 0.2551, 4.4100, 33.9432
(34, 15): 0.2551, 4.4100, 33.9432
(34, 16): 0.2551, 4.4100, 33.9432
(34, 17): 0.2551, 4.4100, 33.9432
(34, 18): 0.2551, 4.4100, 33.9432
(34, 19): 0.2551, 4.4100, 33.9432
(34, 20): 0.2745, 4.4400, 65.0954
(34, 21): 0.2224, 4.4700, 67.2117
(34, 22): 0.1257, 4.4400, 11.4224
(34, 23): 0.1257, 4.4400, 11.4224
(34, 24): 0.1257, 4.4400, 11.4224
(34, 25): 0.1257, 4.4400, 11.4224
(34, 26): 0.1257, 4.4400, 11.4224
(34, 27): 0.1257, 4.4400, 11.4224
