(9, 1): 0.7106, 0.1005, 1.7995, 0.3804
(9, 2): 0.7106, 0.1005, 1.7995, 0.3804
(9, 3): 0.6337, 0.1024, 2.1434, 0.4449
(9, 4): 0.6226, 0.1000, 2.2963, 0.3775
(9, 5): 0.6226, 0.1000, 2.2963, 0.3775
(9, 6): 0.4587, 0.1006, 3.0586, 0.3920
(9, 7): 0.5211, 0.1001, 2.9535, 0.3975
(9, 8): 0.5211, 0.1001, 2.9535, 0.3975
(9, 9): 0.6565, 0.1001, 2.2593, 0.4384
(9, 10): 0.6604, 0.1016, 2.1920, 0.4196
(9, 11): 0.5696, 0.1010, 2.2932, 0.4243
(9, 12): 0.5696, 0.1010, 2.2932, 0.4243
(9, 13): 0.5727, 0.1013, 2.2296, 0.3989
(9, 14): 0.6340, 0.1009, 2.1361, 0.4083
(9, 15): 0.6340, 0.1009, 2.1361, 0.4083
(9, 16): 0.6467, 0.1011, 2.1423, 0.4478
(9, 17): 0.3850, 0.1055, 3.0316, 0.4377
(9, 18): 0.3850, 0.1055, 3.0316, 0.4377
(9, 19): 0.6064, 0.1000, 2.1378, 0.4409
(9, 20): 0.6102, 0.1010, 2.1287, 0.4127
(9, 21): 0.6046, 0.1013, 2.1020, 0.4500
(9, 22): 0.6046, 0.1013, 2.1020, 0.4500
(9, 23): 0.6000, 0.1016, 2.0564, 0.4460
(9, 24): 0.5493, 0.1006, 2.2970, 0.4707
(9, 25): 0.5493, 0.1006, 2.2970, 0.4707
(9, 26): 0.5505, 0.1001, 2.0980, 0.4326
(9, 27): 0.6552, 0.1015, 1.7552, 0.4112
(9, 28): 0.5425, 0.1029, 2.1209, 0.4120
(9, 29): 0.5425, 0.1029, 2.1209, 0.4120
(9, 30): 0.4121, 0.1009, 2.5154, 0.4507
(9, 31): 0.4208, 0.1001, 2.4632, 0.4123
(9, 32): 0.4208, 0.1001, 2.4632, 0.4123
(9, 33): 0.4955, 0.1008, 2.3786, 0.4304
(9, 34): 0.5144, 0.1015, 2.3844, 0.4105
(9, 35): 0.3210, 0.1015, 3.0850, 0.3862
(9, 36): 0.3210, 0.1015, 3.0850, 0.3862
(9, 37): 0.3244, 0.1005, 3.2090, 0.3913
(10, 1): 0.7079, 0.1002, 1.8292, 0.4196
(10, 2): 0.7079, 0.1002, 1.8292, 0.4196
(10, 3): 0.6738, 0.1013, 2.1850, 0.3812
(10, 4): 0.6128, 0.1013, 2.5229, 0.4663
(10, 5): 0.6128, 0.1013, 2.5229, 0.4663
(10, 6): 0.5566, 0.1006, 2.7029, 0.3728
(10, 7): 0.5678, 0.1007, 2.7801, 0.4094
(10, 8): 0.5678, 0.1007, 2.7801, 0.4094
(10, 9): 0.5640, 0.1004, 2.5600, 0.4011
(10, 10): 0.6288, 0.1005, 2.2051, 0.4417
(10, 11): 0.6179, 0.1000, 2.4682, 0.3598
(10, 12): 0.6179, 0.1000, 2.4682, 0.3598
(10, 13): 0.6146, 0.1012, 2.2423, 0.4486
(10, 14): 0.6209, 0.1038, 2.2417, 0.4149
(10, 15): 0.6209, 0.1038, 2.2417, 0.4149
(10, 16): 0.5969, 0.1015, 2.4222, 0.3953
(10, 17): 0.6378, 0.1004, 2.3400, 0.3996
(10, 18): 0.6793, 0.1007, 2.0140, 0.4062
(10, 19): 0.6793, 0.1007, 2.0140, 0.4062
(10, 20): 0.6613, 0.1013, 2.0195, 0.4601
(10, 21): 0.6152, 0.1024, 2.0690, 0.4083
(10, 22): 0.6152, 0.1024, 2.0690, 0.4083
(10, 23): 0.6877, 0.1009, 1.8342, 0.4424
(10, 24): 0.4997, 0.1003, 2.4059, 0.4141
(10, 25): 0.4997, 0.1003, 2.4059, 0.4141
(10, 26): 0.5259, 0.1014, 2.1634, 0.4370
(10, 27): 0.5255, 0.1011, 2.0425, 0.4478
(10, 28): 0.5049, 0.1022, 2.0850, 0.4199
(10, 29): 0.5049, 0.1022, 2.0850, 0.4199
(10, 30): 0.3354, 0.1005, 2.8510, 0.4330
(10, 31): 0.5210, 0.1012, 2.1473, 0.4098
(10, 32): 0.5210, 0.1012, 2.1473, 0.4098
(10, 33): 0.5398, 0.1012, 2.2525, 0.4243
(10, 34): 0.4556, 0.1009, 2.7903, 0.4351
(10, 35): 0.3868, 0.1007, 2.8811, 0.3844
(10, 36): 0.3868, 0.1007, 2.8811, 0.3844
(10, 37): 0.4729, 0.1001, 2.4354, 0.4018
(11, 1): 0.6055, 0.1005, 2.4930, 0.4362
(11, 2): 0.6055, 0.1005, 2.4930, 0.4362
(11, 3): 0.5902, 0.1002, 2.5957, 0.4308
(11, 4): 0.5491, 0.1011, 2.8616, 0.3656
(11, 5): 0.5491, 0.1011, 2.8616, 0.3656
(11, 6): 0.5531, 0.1011, 2.7901, 0.3924
(11, 7): 0.6300, 0.1035, 2.5081, 0.3598
(11, 8): 0.6300, 0.1035, 2.5081, 0.3598
(11, 9): 0.5334, 0.1008, 2.5089, 0.3822
(11, 10): 0.5554, 0.1001, 2.4529, 0.3902
(11, 11): 0.6126, 0.1008, 2.3097, 0.3746
(11, 12): 0.6126, 0.1008, 2.3097, 0.3746
(11, 13): 0.5601, 0.1005, 2.5392, 0.3344
(11, 14): 0.4698, 0.1011, 2.8952, 0.4087
(11, 15): 0.4698, 0.1011, 2.8952, 0.4087
(11, 16): 0.5766, 0.1000, 2.4603, 0.4384
(11, 17): 0.7069, 0.1002, 2.0492, 0.4134
(11, 18): 0.7146, 0.1007, 1.9332, 0.4025
(11, 19): 0.7146, 0.1007, 1.9332, 0.4025
(11, 20): 0.6274, 0.1005, 2.0404, 0.4275
(11, 21): 0.6936, 0.1026, 1.9167, 0.4493
(11, 22): 0.6936, 0.1026, 1.9167, 0.4493
(11, 23): 0.5996, 0.1001, 2.0994, 0.4120
(11, 24): 0.5984, 0.1000, 2.1771, 0.4348
(11, 25): 0.5984, 0.1000, 2.1771, 0.4348
(11, 26): 0.5387, 0.1002, 2.2915, 0.4326
(11, 27): 0.4733, 0.1006, 2.4148, 0.4348
(11, 28): 0.5738, 0.1029, 1.9062, 0.3670
(11, 29): 0.5738, 0.1029, 1.9062, 0.3670
(11, 30): 0.5264, 0.1002, 2.0934, 0.4221
(11, 31): 0.4650, 0.1003, 2.3647, 0.4569
(11, 32): 0.4650, 0.1003, 2.3647, 0.4569
(11, 33): 0.5202, 0.1001, 2.2986, 0.3949
(11, 34): 0.5364, 0.1001, 2.3546, 0.3949
(11, 35): 0.6009, 0.1002, 2.0728, 0.4040
(11, 36): 0.6009, 0.1002, 2.0728, 0.4040
(11, 37): 0.5527, 0.1009, 2.1495, 0.3866
(12, 1): 0.4992, 0.1021, 3.0165, 0.3659
(12, 2): 0.4992, 0.1021, 3.0165, 0.3659
(12, 3): 0.5103, 0.1005, 2.9935, 0.3565
(12, 4): 0.5023, 0.1037, 3.0258, 0.4185
(12, 5): 0.5023, 0.1037, 3.0258, 0.4185
(12, 6): 0.5478, 0.1001, 2.8098, 0.3920
(12, 7): 0.6367, 0.1014, 2.3664, 0.3928
(12, 8): 0.6367, 0.1014, 2.3664, 0.3928
(12, 9): 0.4998, 0.1007, 2.6240, 0.3866
(12, 10): 0.5480, 0.1003, 2.6551, 0.3946
(12, 11): 0.5955, 0.1007, 2.4800, 0.3978
(12, 12): 0.5955, 0.1007, 2.4800, 0.3978
(12, 13): 0.5603, 0.1001, 2.5487, 0.4130
(12, 14): 0.4820, 0.1009, 2.7244, 0.3920
(12, 15): 0.4820, 0.1009, 2.7244, 0.3920
(12, 16): 0.4047, 0.1006, 2.9758, 0.3652
(12, 17): 0.4922, 0.1025, 2.8226, 0.3743
(12, 18): 0.6367, 0.1002, 2.0848, 0.4225
(12, 19): 0.6367, 0.1002, 2.0848, 0.4225
(12, 20): 0.6988, 0.1015, 1.9133, 0.4239
(12, 21): 0.7335, 0.1001, 1.8882, 0.4138
(12, 22): 0.7335, 0.1001, 1.8882, 0.4138
(12, 23): 0.6016, 0.1002, 2.2031, 0.3989
(12, 24): 0.6867, 0.1024, 1.9842, 0.4511
(12, 25): 0.6867, 0.1024, 1.9842, 0.4511
(12, 26): 0.6040, 0.1006, 2.1560, 0.4214
(12, 27): 0.5453, 0.1011, 2.2575, 0.4047
(12, 28): 0.4790, 0.1012, 2.2702, 0.4308
(12, 29): 0.4790, 0.1012, 2.2702, 0.4308
(12, 30): 0.6785, 0.1003, 1.6781, 0.4130
(12, 31): 0.5844, 0.1005, 1.9236, 0.3764
(12, 32): 0.5844, 0.1005, 1.9236, 0.3764
(12, 33): 0.5462, 0.1010, 2.1632, 0.3989
(12, 34): 0.6442, 0.1011, 1.8529, 0.3750
(12, 35): 0.6442, 0.1011, 1.8529, 0.3750
(12, 36): 0.5842, 0.1000, 2.0830, 0.4181
(12, 37): 0.5114, 0.1004, 2.2805, 0.4301
(13, 1): 0.5089, 0.1003, 2.9245, 0.4413
(13, 2): 0.5089, 0.1003, 2.9245, 0.4413
(13, 3): 0.5151, 0.1001, 2.9122, 0.3569
(13, 4): 0.4645, 0.1012, 3.1406, 0.4239
(13, 5): 0.4645, 0.1012, 3.1406, 0.4239
(13, 6): 0.4773, 0.1013, 3.0630, 0.3514
(13, 7): 0.7025, 0.1030, 2.1412, 0.4007
(13, 8): 0.7025, 0.1030, 2.1412, 0.4007
(13, 9): 0.6608, 0.1011, 2.2804, 0.3931
(13, 10): 0.6829, 0.1004, 2.1957, 0.4333
(13, 11): 0.6368, 0.1000, 2.1975, 0.3888
(13, 12): 0.6368, 0.1000, 2.1975, 0.3888
(13, 13): 0.5603, 0.1001, 2.5487, 0.4130
(13, 14): 0.4820, 0.1009, 2.7244, 0.3920
(13, 15): 0.4820, 0.1009, 2.7244, 0.3920
(13, 16): 0.4047, 0.1006, 2.9758, 0.3652
(13, 17): 0.4922, 0.1025, 2.8226, 0.3743
(13, 18): 0.6367, 0.1002, 2.0848, 0.4225
(13, 19): 0.6367, 0.1002, 2.0848, 0.4225
(13, 20): 0.6988, 0.1015, 1.9133, 0.4239
(13, 21): 0.7335, 0.1001, 1.8882, 0.4138
(13, 22): 0.7335, 0.1001, 1.8882, 0.4138
(13, 23): 0.6016, 0.1002, 2.2031, 0.3989
(13, 24): 0.6867, 0.1024, 1.9842, 0.4511
(13, 25): 0.6867, 0.1024, 1.9842, 0.4511
(13, 26): 0.6040, 0.1006, 2.1560, 0.4214
(13, 27): 0.5453, 0.1011, 2.2575, 0.4047
(13, 28): 0.4790, 0.1012, 2.2702, 0.4308
(13, 29): 0.4790, 0.1012, 2.2702, 0.4308
(13, 30): 0.6785, 0.1003, 1.6781, 0.4130
(13, 31): 0.5062, 0.1000, 2.2257, 0.3746
(13, 32): 0.5062, 0.1000, 2.2257, 0.3746
(13, 33): 0.5812, 0.1006, 2.0620, 0.4246
(13, 34): 0.5192, 0.1011, 2.2024, 0.4025
(13, 35): 0.5192, 0.1011, 2.2024, 0.4025
(13, 36): 0.3217, 0.1011, 2.8878, 0.3837
(13, 37): 0.5098, 0.1000, 2.2234, 0.4014
(14, 1): 0.5348, 0.1006, 2.8372, 0.3569
(14, 2): 0.5348, 0.1006, 2.8372, 0.3569
(14, 3): 0.4924, 0.1013, 3.0007, 0.4134
(14, 4): 0.4981, 0.1009, 2.9546, 0.3692
(14, 5): 0.4981, 0.1009, 2.9546, 0.3692
(14, 6): 0.6692, 0.1039, 2.2413, 0.3674
(14, 7): 0.7025, 0.1030, 2.1412, 0.4007
(14, 8): 0.6608, 0.1011, 2.2804, 0.3931
(14, 9): 0.6608, 0.1011, 2.2804, 0.3931
(14, 10): 0.6829, 0.1004, 2.1957, 0.4333
(14, 11): 0.6368, 0.1000, 2.1975, 0.3888
(14, 12): 0.6368, 0.1000, 2.1975, 0.3888
(14, 13): 0.7451, 0.1007, 1.8639, 0.3801
(14, 14): 0.5975, 0.1009, 2.4175, 0.3522
(14, 15): 0.5975, 0.1009, 2.4175, 0.3522
(14, 16): 0.5805, 0.1009, 2.4697, 0.4370
(14, 17): 0.4530, 0.1021, 2.8747, 0.4275
(14, 18): 0.4946, 0.1004, 2.6468, 0.4435
(14, 19): 0.4946, 0.1004, 2.6468, 0.4435
(14, 20): 0.5730, 0.1005, 2.3749, 0.3786
(14, 21): 0.6768, 0.1008, 1.9451, 0.4366
(14, 22): 0.6768, 0.1008, 1.9451, 0.4366
(14, 23): 0.6225, 0.1005, 2.1137, 0.4178
(14, 24): 0.5516, 0.1016, 2.4782, 0.4627
(14, 25): 0.5516, 0.1016, 2.4782, 0.4627
(14, 26): 0.5271, 0.1007, 2.2315, 0.4214
(14, 27): 0.5355, 0.1002, 2.2181, 0.4257
(14, 28): 0.4566, 0.1000, 2.6344, 0.3975
(14, 29): 0.4566, 0.1000, 2.6344, 0.3975
(14, 30): 0.3782, 0.1014, 2.7721, 0.4257
(14, 31): 0.5062, 0.1000, 2.2257, 0.3746
(14, 32): 0.5062, 0.1000, 2.2257, 0.3746
(14, 33): 0.5812, 0.1006, 2.0620, 0.4246
(14, 34): 0.5192, 0.1011, 2.2024, 0.4025
(14, 35): 0.5192, 0.1011, 2.2024, 0.4025
(14, 36): 0.3217, 0.1011, 2.8878, 0.3837
(14, 37): 0.3290, 0.1027, 3.0120, 0.4047
(15, 1): 0.5159, 0.1022, 2.9152, 0.3768
(15, 2): 0.5159, 0.1022, 2.9152, 0.3768
(15, 3): 0.4924, 0.1013, 3.0007, 0.4134
(15, 4): 0.4981, 0.1009, 2.9546, 0.3692
(15, 5): 0.4981, 0.1009, 2.9546, 0.3692
(15, 6): 0.6692, 0.1039, 2.2413, 0.3674
(15, 7): 0.6672, 0.1009, 2.2608, 0.4656
(15, 8): 0.6626, 0.1001, 2.2971, 0.3851
(15, 9): 0.6626, 0.1001, 2.2971, 0.3851
(15, 10): 0.6114, 0.1034, 2.5695, 0.3572
(15, 11): 0.6584, 0.1012, 2.3595, 0.4072
(15, 12): 0.6584, 0.1012, 2.3595, 0.4072
(15, 13): 0.5969, 0.1001, 2.6022, 0.3790
(15, 14): 0.6292, 0.1006, 2.3432, 0.3678
(15, 15): 0.6292, 0.1006, 2.3432, 0.3678
(15, 16): 0.4478, 0.1001, 2.9324, 0.4333
(15, 17): 0.4959, 0.1019, 2.8425, 0.4076
(15, 18): 0.4572, 0.1008, 2.8408, 0.3681
(15, 19): 0.4572, 0.1008, 2.8408, 0.3681
(15, 20): 0.6462, 0.1000, 2.2096, 0.4301
(15, 21): 0.7310, 0.1007, 1.9428, 0.4192
(15, 22): 0.7310, 0.1007, 1.9428, 0.4192
(15, 23): 0.5190, 0.1002, 2.6829, 0.4250
(15, 24): 0.5320, 0.1001, 2.4373, 0.3938
(15, 25): 0.5320, 0.1001, 2.4373, 0.3938
(15, 26): 0.4090, 0.1028, 2.9350, 0.3891
(15, 27): 0.5035, 0.1032, 2.3900, 0.4087
(15, 28): 0.4311, 0.1005, 2.8343, 0.4409
(15, 29): 0.4311, 0.1005, 2.8343, 0.4409
(15, 30): 0.6643, 0.1011, 1.9099, 0.3924
(15, 31): 0.5078, 0.1001, 2.4284, 0.3891
(15, 32): 0.5078, 0.1001, 2.4284, 0.3891
(15, 33): 0.5234, 0.1008, 2.2396, 0.3873
(15, 34): 0.4640, 0.1001, 2.5175, 0.4591
(15, 35): 0.4640, 0.1001, 2.5175, 0.4591
(15, 36): 0.5968, 0.1001, 2.0675, 0.3797
(15, 37): 0.3290, 0.1027, 3.0120, 0.4047
(16, 1): 0.5159, 0.1022, 2.9152, 0.3768
(16, 2): 0.5159, 0.1022, 2.9152, 0.3768
(16, 3): 0.4616, 0.1012, 3.1406, 0.4355
(16, 4): 0.7402, 0.1003, 2.0672, 0.3623
(16, 5): 0.7402, 0.1003, 2.0672, 0.3623
(16, 6): 0.6444, 0.1006, 2.3424, 0.3855
(16, 7): 0.6801, 0.1009, 2.2456, 0.3692
(16, 8): 0.6379, 0.1004, 2.4400, 0.4471
(16, 9): 0.6379, 0.1004, 2.4400, 0.4471
(16, 10): 0.6562, 0.1013, 2.3915, 0.4293
(16, 11): 0.7892, 0.1015, 1.9164, 0.3978
(16, 12): 0.7892, 0.1015, 1.9164, 0.3978
(16, 13): 0.6478, 0.1002, 2.3788, 0.4192
(16, 14): 0.6579, 0.1002, 2.3446, 0.4098
(16, 15): 0.6579, 0.1002, 2.3446, 0.4098
(16, 16): 0.6266, 0.1005, 2.2941, 0.3808
(16, 17): 0.4923, 0.1006, 2.7826, 0.4254
(16, 18): 0.5010, 0.1003, 2.8779, 0.3775
(16, 19): 0.5010, 0.1003, 2.8779, 0.3775
(16, 20): 0.6825, 0.1005, 2.1374, 0.4011
(16, 21): 0.6545, 0.1002, 2.1370, 0.3855
(16, 22): 0.6545, 0.1002, 2.1370, 0.3855
(16, 23): 0.5810, 0.1003, 2.3976, 0.3525
(16, 24): 0.4568, 0.1005, 2.9218, 0.4167
(16, 25): 0.4568, 0.1005, 2.9218, 0.4167
(16, 26): 0.4850, 0.1004, 2.6178, 0.4297
(16, 27): 0.3947, 0.1002, 2.8590, 0.3768
(16, 28): 0.4089, 0.1012, 2.8787, 0.4199
(16, 29): 0.4089, 0.1012, 2.8787, 0.4199
(16, 30): 0.4329, 0.1000, 2.7250, 0.3866
(16, 31): 0.4526, 0.1000, 2.5944, 0.4054
(16, 32): 0.4526, 0.1000, 2.5944, 0.4054
(16, 33): 0.4825, 0.1008, 2.4020, 0.4054
(16, 34): 0.5131, 0.1002, 2.3088, 0.3957
(16, 35): 0.5131, 0.1002, 2.3088, 0.3957
(16, 36): 0.4315, 0.1012, 2.5559, 0.4112
(16, 37): 0.5506, 0.1006, 2.1538, 0.4312
(1, 1): 0.4692, 0.1006, 2.3925, 0.4518
(1, 2): 0.4692, 0.1006, 2.3925, 0.4518
(1, 3): 0.5576, 0.1008, 1.9369, 0.3949
(1, 4): 0.5576, 0.1008, 1.9369, 0.3949
(1, 5): 0.5489, 0.1003, 2.1219, 0.4464
(1, 6): 0.5034, 0.1008, 2.3427, 0.4105
(1, 7): 0.4657, 0.1026, 2.5341, 0.3790
(1, 8): 0.4657, 0.1026, 2.5341, 0.3790
(1, 9): 0.5469, 0.1005, 2.3538, 0.4308
(1, 10): 0.4488, 0.1014, 2.8087, 0.4388
(1, 11): 0.4488, 0.1014, 2.8087, 0.4388
(1, 12): 0.4692, 0.1003, 2.6641, 0.3891
(1, 13): 0.4035, 0.1011, 2.9782, 0.3986
(1, 14): 0.4683, 0.1010, 2.5462, 0.4246
(1, 15): 0.4683, 0.1010, 2.5462, 0.4246
(1, 16): 0.4854, 0.1001, 2.4456, 0.4236
(1, 17): 0.4406, 0.1001, 2.4029, 0.4257
(1, 18): 0.4406, 0.1001, 2.4029, 0.4257
(1, 19): 0.4116, 0.1007, 2.6216, 0.4123
(1, 20): 0.4879, 0.1001, 2.5320, 0.4145
(1, 21): 0.6211, 0.1000, 2.1775, 0.4000
(1, 22): 0.6211, 0.1000, 2.1775, 0.4000
(1, 23): 0.5725, 0.1006, 2.3988, 0.3964
(1, 24): 0.3472, 0.1003, 3.3819, 0.4170
(1, 25): 0.3260, 0.1007, 3.5292, 0.3558
(1, 26): 0.3260, 0.1007, 3.5292, 0.3558
(1, 27): 0.4606, 0.1011, 2.9776, 0.3841
(1, 28): 0.5069, 0.1001, 2.8920, 0.3783
(1, 29): 0.5069, 0.1001, 2.8920, 0.3783
(1, 30): 0.5941, 0.1002, 2.0897, 0.4482
(1, 31): 0.5929, 0.1009, 1.8590, 0.4297
(1, 32): 0.4819, 0.1000, 2.4548, 0.3884
(1, 33): 0.4819, 0.1000, 2.4548, 0.3884
(1, 34): 0.5313, 0.1001, 2.4688, 0.3993
(1, 35): 0.5897, 0.1007, 2.3702, 0.4522
(1, 36): 0.5897, 0.1007, 2.3702, 0.4522
(1, 37): 0.5454, 0.1014, 2.5604, 0.3946
(2, 1): 0.5399, 0.1006, 2.2978, 0.4507
(2, 2): 0.5399, 0.1006, 2.2978, 0.4507
(2, 3): 0.4744, 0.1013, 2.6244, 0.4895
(2, 4): 0.4744, 0.1013, 2.6244, 0.4895
(2, 5): 0.5418, 0.1021, 2.2914, 0.4123
(2, 6): 0.5834, 0.1009, 2.2968, 0.4457
(2, 7): 0.4961, 0.1001, 2.4101, 0.4475
(2, 8): 0.4961, 0.1001, 2.4101, 0.4475
(2, 9): 0.6670, 0.1008, 1.7741, 0.3746
(2, 10): 0.4420, 0.1001, 2.7327, 0.4000
(2, 11): 0.4420, 0.1001, 2.7327, 0.4000
(2, 12): 0.5576, 0.1003, 2.4153, 0.4257
(2, 13): 0.4035, 0.1011, 2.9782, 0.3986
(2, 14): 0.4683, 0.1010, 2.5462, 0.4246
(2, 15): 0.4683, 0.1010, 2.5462, 0.4246
(2, 16): 0.4854, 0.1001, 2.4456, 0.4236
(2, 17): 0.4406, 0.1001, 2.4029, 0.4257
(2, 18): 0.4406, 0.1001, 2.4029, 0.4257
(2, 19): 0.4116, 0.1007, 2.6216, 0.4123
(2, 20): 0.4879, 0.1001, 2.5320, 0.4145
(2, 21): 0.6211, 0.1000, 2.1775, 0.4000
(2, 22): 0.6211, 0.1000, 2.1775, 0.4000
(2, 23): 0.5725, 0.1006, 2.3988, 0.3964
(2, 24): 0.3472, 0.1003, 3.3819, 0.4170
(2, 25): 0.3260, 0.1007, 3.5292, 0.3558
(2, 26): 0.3260, 0.1007, 3.5292, 0.3558
(2, 27): 0.4606, 0.1011, 2.9776, 0.3841
(2, 28): 0.5069, 0.1001, 2.8920, 0.3783
(2, 29): 0.5069, 0.1001, 2.8920, 0.3783
(2, 30): 0.4747, 0.1010, 2.1345, 0.4022
(2, 31): 0.4104, 0.1001, 2.4200, 0.3504
(2, 32): 0.5589, 0.1005, 2.0558, 0.4435
(2, 33): 0.5589, 0.1005, 2.0558, 0.4435
(2, 34): 0.5003, 0.1003, 2.3770, 0.4286
(2, 35): 0.4943, 0.1032, 2.8441, 0.4072
(2, 36): 0.4943, 0.1032, 2.8441, 0.4072
(2, 37): 0.4363, 0.1002, 3.2160, 0.4120
(3, 1): 0.6475, 0.1007, 2.0616, 0.4254
(3, 2): 0.6475, 0.1007, 2.0616, 0.4254
(3, 3): 0.4684, 0.1000, 2.7792, 0.3975
(3, 4): 0.4684, 0.1000, 2.7792, 0.3975
(3, 5): 0.5112, 0.1006, 2.5186, 0.4207
(3, 6): 0.5203, 0.1011, 2.2978, 0.4192
(3, 7): 0.4961, 0.1001, 2.4101, 0.4475
(3, 8): 0.4961, 0.1001, 2.4101, 0.4475
(3, 9): 0.6670, 0.1008, 1.7741, 0.3746
(3, 10): 0.4420, 0.1001, 2.7327, 0.4000
(3, 11): 0.4420, 0.1001, 2.7327, 0.4000
(3, 12): 0.5576, 0.1003, 2.4153, 0.4257
(3, 13): 0.4801, 0.1013, 2.6235, 0.4210
(3, 14): 0.4317, 0.1041, 2.7686, 0.3931
(3, 15): 0.4317, 0.1041, 2.7686, 0.3931
(3, 16): 0.4721, 0.1002, 2.4063, 0.4123
(3, 17): 0.3915, 0.1008, 2.8462, 0.3942
(3, 18): 0.3915, 0.1008, 2.8462, 0.3942
(3, 19): 0.5756, 0.1004, 2.0808, 0.4257
(3, 20): 0.3880, 0.1004, 2.9587, 0.4058
(3, 21): 0.5250, 0.1003, 2.4242, 0.4087
(3, 22): 0.5250, 0.1003, 2.4242, 0.4087
(3, 23): 0.4942, 0.1004, 2.3302, 0.4264
(3, 24): 0.4694, 0.1003, 2.6792, 0.4033
(3, 25): 0.4694, 0.1003, 2.6792, 0.4033
(3, 26): 0.5502, 0.1002, 2.4117, 0.4319
(3, 27): 0.2354, 0.1006, 3.7044, 0.4178
(3, 28): 0.5366, 0.1010, 2.2996, 0.4243
(3, 29): 0.5366, 0.1010, 2.2996, 0.4243
(3, 30): 0.4747, 0.1010, 2.1345, 0.4022
(3, 31): 0.4104, 0.1001, 2.4200, 0.3504
(3, 32): 0.5589, 0.1005, 2.0558, 0.4435
(3, 33): 0.5589, 0.1005, 2.0558, 0.4435
(3, 34): 0.5003, 0.1003, 2.3770, 0.4286
(3, 35): 0.4943, 0.1032, 2.8441, 0.4072
(3, 36): 0.4943, 0.1032, 2.8441, 0.4072
(3, 37): 0.3657, 0.1010, 3.5909, 0.4297
(4, 1): 0.6232, 0.1003, 1.9812, 0.4221
(4, 2): 0.6232, 0.1003, 1.9812, 0.4221
(4, 3): 0.4684, 0.1000, 2.7792, 0.3975
(4, 4): 0.4684, 0.1000, 2.7792, 0.3975
(4, 5): 0.5112, 0.1006, 2.5186, 0.4207
(4, 6): 0.5203, 0.1011, 2.2978, 0.4192
(4, 7): 0.5145, 0.1001, 2.3092, 0.4257
(4, 8): 0.5145, 0.1001, 2.3092, 0.4257
(4, 9): 0.3962, 0.1010, 2.7488, 0.3841
(4, 10): 0.4651, 0.1005, 2.5669, 0.4464
(4, 11): 0.4651, 0.1005, 2.5669, 0.4464
(4, 12): 0.3992, 0.1001, 2.9591, 0.4696
(4, 13): 0.4125, 0.1011, 2.8956, 0.4127
(4, 14): 0.4571, 0.1008, 2.7040, 0.4529
(4, 15): 0.4571, 0.1008, 2.7040, 0.4529
(4, 16): 0.3809, 0.1014, 2.8508, 0.4062
(4, 17): 0.3633, 0.1010, 2.8842, 0.4275
(4, 18): 0.3633, 0.1010, 2.8842, 0.4275
(4, 19): 0.5243, 0.1007, 2.2165, 0.4167
(4, 20): 0.4207, 0.1004, 2.8652, 0.4301
(4, 21): 0.4816, 0.1012, 3.0389, 0.4196
(4, 22): 0.4816, 0.1012, 3.0389, 0.4196
(4, 23): 0.3932, 0.1004, 2.9014, 0.3989
(4, 24): 0.5192, 0.1006, 2.4914, 0.4355
(4, 25): 0.5192, 0.1006, 2.4914, 0.4355
(4, 26): 0.5024, 0.1005, 2.2202, 0.3728
(4, 27): 0.5314, 0.1003, 2.0116, 0.3844
(4, 28): 0.5833, 0.1005, 1.9245, 0.4018
(4, 29): 0.5833, 0.1005, 1.9245, 0.4018
(4, 30): 0.5169, 0.1005, 2.0256, 0.4062
(4, 31): 0.4690, 0.1008, 2.2897, 0.4424
(4, 32): 0.5596, 0.1011, 1.9441, 0.3793
(4, 33): 0.5596, 0.1011, 1.9441, 0.3793
(4, 34): 0.3644, 0.1003, 2.9995, 0.4290
(4, 35): 0.4499, 0.1006, 2.9080, 0.4286
(4, 36): 0.4499, 0.1006, 2.9080, 0.4286
(4, 37): 0.3657, 0.1010, 3.5909, 0.4297
(5, 1): 0.6232, 0.1003, 1.9812, 0.4221
(5, 2): 0.6232, 0.1003, 1.9812, 0.4221
(5, 3): 0.6276, 0.1014, 2.1716, 0.3993
(5, 4): 0.6276, 0.1014, 2.1716, 0.3993
(5, 5): 0.5104, 0.1004, 2.4710, 0.4475
(5, 6): 0.5317, 0.1002, 2.1966, 0.4109
(5, 7): 0.5563, 0.1001, 2.1041, 0.4058
(5, 8): 0.5563, 0.1001, 2.1041, 0.4058
(5, 9): 0.3712, 0.1002, 2.8810, 0.3793
(5, 10): 0.4126, 0.1010, 2.6865, 0.4442
(5, 11): 0.4126, 0.1010, 2.6865, 0.4442
(5, 12): 0.4669, 0.1018, 2.4694, 0.4196
(5, 13): 0.3533, 0.1017, 3.0406, 0.4457
(5, 14): 0.3914, 0.1000, 2.8541, 0.4409
(5, 15): 0.3914, 0.1000, 2.8541, 0.4409
(5, 16): 0.2898, 0.1031, 3.3195, 0.4757
(5, 17): 0.3910, 0.1034, 2.7575, 0.4159
(5, 18): 0.3910, 0.1034, 2.7575, 0.4159
(5, 19): 0.2972, 0.1009, 3.1212, 0.4127
(5, 20): 0.4467, 0.1014, 2.9157, 0.4605
(5, 21): 0.4710, 0.1001, 2.7744, 0.4554
(5, 22): 0.4710, 0.1001, 2.7744, 0.4554
(5, 23): 0.5036, 0.1014, 2.3172, 0.4420
(5, 24): 0.5777, 0.1009, 2.0728, 0.4127
(5, 25): 0.5777, 0.1009, 2.0728, 0.4127
(5, 26): 0.5237, 0.1013, 2.1085, 0.4018
(5, 27): 0.5283, 0.1001, 1.8967, 0.3953
(5, 28): 0.5594, 0.1008, 1.9660, 0.4315
(5, 29): 0.5594, 0.1008, 1.9660, 0.4315
(5, 30): 0.4909, 0.1015, 2.1852, 0.4105
(5, 31): 0.5579, 0.1003, 2.0580, 0.4264
(5, 32): 0.5579, 0.1003, 2.0580, 0.4264
(5, 33): 0.5361, 0.1002, 2.2991, 0.4319
(5, 34): 0.3866, 0.1011, 3.0283, 0.4293
(5, 35): 0.4291, 0.1002, 3.1992, 0.4025
(5, 36): 0.4291, 0.1002, 3.1992, 0.4025
(5, 37): 0.3327, 0.1014, 3.6764, 0.4033
(6, 1): 0.4667, 0.1012, 2.6481, 0.4312
(6, 2): 0.4667, 0.1012, 2.6481, 0.4312
(6, 3): 0.5625, 0.1002, 2.2566, 0.4196
(6, 4): 0.5625, 0.1002, 2.2566, 0.4196
(6, 5): 0.5387, 0.1000, 2.3549, 0.4170
(6, 6): 0.6301, 0.1002, 1.9937, 0.3841
(6, 7): 0.4802, 0.1015, 2.6145, 0.4558
(6, 8): 0.4802, 0.1015, 2.6145, 0.4558
(6, 9): 0.3747, 0.1014, 2.8599, 0.4540
(6, 10): 0.3489, 0.1004, 3.1490, 0.3986
(6, 11): 0.3489, 0.1004, 3.1490, 0.3986
(6, 12): 0.4852, 0.1012, 2.5077, 0.4286
(6, 13): 0.5949, 0.1015, 2.2120, 0.4351
(6, 14): 0.4464, 0.1005, 2.7145, 0.4319
(6, 15): 0.4464, 0.1005, 2.7145, 0.4319
(6, 16): 0.3763, 0.1011, 2.9036, 0.4449
(6, 17): 0.3903, 0.1006, 2.7494, 0.4464
(6, 18): 0.3903, 0.1006, 2.7494, 0.4464
(6, 19): 0.3918, 0.1036, 2.7198, 0.4569
(6, 20): 0.4326, 0.1001, 3.0162, 0.4254
(6, 21): 0.4470, 0.1027, 2.8382, 0.4167
(6, 22): 0.4470, 0.1027, 2.8382, 0.4167
(6, 23): 0.5160, 0.1004, 2.2103, 0.4221
(6, 24): 0.5255, 0.1002, 2.2338, 0.4152
(6, 25): 0.5255, 0.1002, 2.2338, 0.4152
(6, 26): 0.4600, 0.1008, 2.3901, 0.4181
(6, 27): 0.4343, 0.1025, 2.2020, 0.4449
(6, 28): 0.4117, 0.1012, 2.5292, 0.4054
(6, 29): 0.4117, 0.1012, 2.5292, 0.4054
(6, 30): 0.4455, 0.1007, 2.2474, 0.4228
(6, 31): 0.4283, 0.1006, 2.3956, 0.3957
(6, 32): 0.4283, 0.1006, 2.3956, 0.3957
(6, 33): 0.3520, 0.1013, 2.9944, 0.3525
(6, 34): 0.3566, 0.1004, 3.2107, 0.3554
(6, 35): 0.3355, 0.1004, 3.6510, 0.4120
(6, 36): 0.3355, 0.1004, 3.6510, 0.4120
(6, 37): 0.3953, 0.1002, 3.4720, 0.4221
(7, 1): 0.6316, 0.1004, 1.9268, 0.4127
(7, 2): 0.6316, 0.1004, 1.9268, 0.4127
(7, 3): 0.5104, 0.1002, 2.4242, 0.4221
(7, 4): 0.5975, 0.1013, 2.0711, 0.4018
(7, 5): 0.5975, 0.1013, 2.0711, 0.4018
(7, 6): 0.4659, 0.1004, 2.8200, 0.3587
(7, 7): 0.4754, 0.1018, 2.6155, 0.4181
(7, 8): 0.4754, 0.1018, 2.6155, 0.4181
(7, 9): 0.4505, 0.1014, 2.7723, 0.4591
(7, 10): 0.5792, 0.1010, 2.3571, 0.4192
(7, 11): 0.5211, 0.1006, 2.4970, 0.4362
(7, 12): 0.5211, 0.1006, 2.4970, 0.4362
(7, 13): 0.6191, 0.1016, 2.2081, 0.4138
(7, 14): 0.5366, 0.1005, 2.4141, 0.4192
(7, 15): 0.5366, 0.1005, 2.4141, 0.4192
(7, 16): 0.5044, 0.1005, 2.3821, 0.3920
(7, 17): 0.4753, 0.1004, 2.4880, 0.4257
(7, 18): 0.4753, 0.1004, 2.4880, 0.4257
(7, 19): 0.4860, 0.1024, 2.3815, 0.4134
(7, 20): 0.5402, 0.1001, 2.5046, 0.4362
(7, 21): 0.6635, 0.1002, 1.9440, 0.4522
(7, 22): 0.6635, 0.1002, 1.9440, 0.4522
(7, 23): 0.4269, 0.1019, 2.7318, 0.4601
(7, 24): 0.4605, 0.1007, 2.4516, 0.4308
(7, 25): 0.4605, 0.1007, 2.4516, 0.4308
(7, 26): 0.5953, 0.1002, 1.8462, 0.4261
(7, 27): 0.4651, 0.1008, 2.1975, 0.3938
(7, 28): 0.3399, 0.1010, 2.7174, 0.3623
(7, 29): 0.3399, 0.1010, 2.7174, 0.3623
(7, 30): 0.4559, 0.1008, 2.1721, 0.3957
(7, 31): 0.4863, 0.1004, 2.2573, 0.4283
(7, 32): 0.4863, 0.1004, 2.2573, 0.4283
(7, 33): 0.4226, 0.1006, 2.7319, 0.4457
(7, 34): 0.3395, 0.1006, 3.4127, 0.3569
(7, 35): 0.3367, 0.1003, 3.8379, 0.3757
(7, 36): 0.3367, 0.1003, 3.8379, 0.3757
(7, 37): 0.4095, 0.1002, 3.4499, 0.3591
(8, 1): 0.6502, 0.1000, 1.9975, 0.4014
(8, 2): 0.6502, 0.1000, 1.9975, 0.4014
(8, 3): 0.5729, 0.1014, 2.1646, 0.4094
(8, 4): 0.6336, 0.1004, 2.0605, 0.4094
(8, 5): 0.6336, 0.1004, 2.0605, 0.4094
(8, 6): 0.5788, 0.1016, 2.4364, 0.4547
(8, 7): 0.5563, 0.1003, 2.4984, 0.4094
(8, 8): 0.5563, 0.1003, 2.4984, 0.4094
(8, 9): 0.6798, 0.1003, 2.2140, 0.4348
(8, 10): 0.7109, 0.1011, 2.0160, 0.3942
(8, 11): 0.5696, 0.1001, 2.1825, 0.3967
(8, 12): 0.5696, 0.1001, 2.1825, 0.3967
(8, 13): 0.5393, 0.1004, 2.3354, 0.4083
(8, 14): 0.5673, 0.1009, 2.2366, 0.4116
(8, 15): 0.5673, 0.1009, 2.2366, 0.4116
(8, 16): 0.5891, 0.1003, 2.0856, 0.3721
(8, 17): 0.4480, 0.1004, 2.5269, 0.4047
(8, 18): 0.4480, 0.1004, 2.5269, 0.4047
(8, 19): 0.5427, 0.1008, 2.2415, 0.4091
(8, 20): 0.6104, 0.1008, 2.1272, 0.4297
(8, 21): 0.6762, 0.1000, 1.8148, 0.4058
(8, 22): 0.6762, 0.1000, 1.8148, 0.4058
(8, 23): 0.5168, 0.1004, 2.4234, 0.4493
(8, 24): 0.5071, 0.1003, 2.2389, 0.4145
(8, 25): 0.5071, 0.1003, 2.2389, 0.4145
(8, 26): 0.5953, 0.1000, 1.8764, 0.4145
(8, 27): 0.5150, 0.1016, 2.2139, 0.3909
(8, 28): 0.4847, 0.1005, 2.1890, 0.4377
(8, 29): 0.4847, 0.1005, 2.1890, 0.4377
(8, 30): 0.4536, 0.1001, 2.3096, 0.4283
(8, 31): 0.5363, 0.1005, 2.0613, 0.4105
(8, 32): 0.5363, 0.1005, 2.0613, 0.4105
(8, 33): 0.4746, 0.1009, 2.4970, 0.4152
(8, 34): 0.4580, 0.1002, 2.7889, 0.3971
(8, 35): 0.3210, 0.1010, 3.4703, 0.3993
(8, 36): 0.3210, 0.1010, 3.4703, 0.3993
(8, 37): 0.2720, 0.1001, 3.7643, 0.3764
(17, 1): 0.5226, 0.1006, 2.9084, 0.4025
(17, 2): 0.5226, 0.1006, 2.9084, 0.4025
(17, 3): 0.6086, 0.1003, 2.5054, 0.4062
(17, 4): 0.6524, 0.1002, 2.3418, 0.3786
(17, 5): 0.6524, 0.1002, 2.3418, 0.3786
(17, 6): 0.5903, 0.1009, 2.6535, 0.4417
(17, 7): 0.7032, 0.1002, 2.2591, 0.4199
(17, 8): 0.7865, 0.1003, 1.9155, 0.3754
(17, 9): 0.7865, 0.1003, 1.9155, 0.3754
(17, 10): 0.7534, 0.1007, 1.9682, 0.3899
(17, 11): 0.7121, 0.1004, 2.0465, 0.3989
(17, 12): 0.7121, 0.1004, 2.0465, 0.3989
(17, 13): 0.7133, 0.1003, 2.1124, 0.3739
(17, 14): 0.7521, 0.1019, 1.9883, 0.3830
(17, 15): 0.7521, 0.1019, 1.9883, 0.3830
(17, 16): 0.7335, 0.1004, 2.0088, 0.3902
(17, 17): 0.5855, 0.1022, 2.4941, 0.3866
(17, 18): 0.6147, 0.1001, 2.3495, 0.3949
(17, 19): 0.6147, 0.1001, 2.3495, 0.3949
(17, 20): 0.6192, 0.1014, 2.3704, 0.3826
(17, 21): 0.5650, 0.1007, 2.4288, 0.4022
(17, 22): 0.5650, 0.1007, 2.4288, 0.4022
(17, 23): 0.4156, 0.1005, 2.8930, 0.3928
(17, 24): 0.4794, 0.1011, 2.7613, 0.3967
(17, 25): 0.4794, 0.1011, 2.7613, 0.3967
(17, 26): 0.4287, 0.1002, 2.9703, 0.4058
(17, 27): 0.4574, 0.1000, 2.6440, 0.3837
(17, 28): 0.3872, 0.1005, 3.0469, 0.3866
(17, 29): 0.3872, 0.1005, 3.0469, 0.3866
(17, 30): 0.4257, 0.1004, 2.7550, 0.3920
(17, 31): 0.4848, 0.1006, 2.4746, 0.4051
(17, 32): 0.4848, 0.1006, 2.4746, 0.4051
(17, 33): 0.5120, 0.1004, 2.3559, 0.3982
(17, 34): 0.3843, 0.1005, 2.7428, 0.3862
(17, 35): 0.3843, 0.1005, 2.7428, 0.3862
(17, 36): 0.5480, 0.1011, 2.0502, 0.3957
(17, 37): 0.5760, 0.1003, 1.9055, 0.3754
(18, 1): 0.6400, 0.1014, 2.2257, 0.4308
(18, 2): 0.6400, 0.1014, 2.2257, 0.4308
(18, 3): 0.6733, 0.1004, 2.2869, 0.3620
(18, 4): 0.6319, 0.1006, 2.5134, 0.4471
(18, 5): 0.7061, 0.1032, 2.2325, 0.4112
(18, 6): 0.7061, 0.1032, 2.2325, 0.4112
(18, 7): 0.7370, 0.1027, 2.0365, 0.3942
(18, 8): 0.7354, 0.1000, 2.0366, 0.3960
(18, 9): 0.7354, 0.1000, 2.0366, 0.3960
(18, 10): 0.6187, 0.1024, 2.3607, 0.3815
(18, 11): 0.6485, 0.1009, 2.2907, 0.3804
(18, 12): 0.6485, 0.1009, 2.2907, 0.3804
(18, 13): 0.7052, 0.1011, 2.1839, 0.4246
(18, 14): 0.7821, 0.1003, 1.8436, 0.4004
(18, 15): 0.7821, 0.1003, 1.8436, 0.4004
(18, 16): 0.7586, 0.1005, 2.0908, 0.3525
(18, 17): 0.5872, 0.1001, 2.6341, 0.3518
(18, 18): 0.5490, 0.1010, 2.6138, 0.4065
(18, 19): 0.5490, 0.1010, 2.6138, 0.4065
(18, 20): 0.5669, 0.1001, 2.6717, 0.3681
(18, 21): 0.4299, 0.1002, 3.1004, 0.3837
(18, 22): 0.4299, 0.1002, 3.1004, 0.3837
(18, 23): 0.3150, 0.1014, 3.4699, 0.3601
(18, 24): 0.4860, 0.1005, 2.8315, 0.3967
(18, 25): 0.4860, 0.1005, 2.8315, 0.3967
(18, 26): 0.4178, 0.1010, 3.1052, 0.3870
(18, 27): 0.4243, 0.1014, 2.8137, 0.3888
(18, 28): 0.4243, 0.1014, 2.8137, 0.3888
(18, 29): 0.3406, 0.1001, 3.2686, 0.3536
(18, 30): 0.4879, 0.1001, 2.5951, 0.3822
(18, 31): 0.5886, 0.1003, 2.2112, 0.3971
(18, 32): 0.5886, 0.1003, 2.2112, 0.3971
(18, 33): 0.5925, 0.1001, 2.1272, 0.3967
(18, 34): 0.5293, 0.1005, 2.1562, 0.3971
(18, 35): 0.5293, 0.1005, 2.1562, 0.3971
(18, 36): 0.5135, 0.1004, 2.2589, 0.3757
(18, 37): 0.4761, 0.1023, 2.3726, 0.3656
(19, 1): 0.3111, 0.1022, 2.3072, 0.3859
(19, 2): 0.3111, 0.1022, 2.3072, 0.3859
(19, 3): 0.7514, 0.1005, 2.1470, 0.4054
(19, 4): 0.8147, 0.1005, 1.8874, 0.3804
(19, 5): 0.7476, 0.1009, 1.9887, 0.3906
(19, 6): 0.7476, 0.1009, 1.9887, 0.3906
(19, 7): 0.6207, 0.1015, 2.3221, 0.3551
(19, 8): 0.6135, 0.1016, 2.4196, 0.3764
(19, 9): 0.6135, 0.1016, 2.4196, 0.3764
(19, 10): 0.6546, 0.1010, 2.3326, 0.3406
(19, 11): 0.7399, 0.1008, 1.9323, 0.3917
(19, 12): 0.7399, 0.1008, 1.9323, 0.3917
(19, 13): 0.7152, 0.1001, 1.9543, 0.4105
(19, 14): 0.6244, 0.1006, 2.4242, 0.3743
(19, 15): 0.6244, 0.1006, 2.4242, 0.3743
(19, 16): 0.5822, 0.1001, 2.7049, 0.3982
(19, 17): 0.5921, 0.1003, 2.5371, 0.3460
(19, 18): 0.5390, 0.1005, 2.8011, 0.4047
(19, 19): 0.5390, 0.1005, 2.8011, 0.4047
(19, 20): 0.5924, 0.1002, 2.2931, 0.3319
(19, 21): 0.3963, 0.1018, 3.6208, 0.2717
(19, 22): 0.3963, 0.1018, 3.6208, 0.2717
(19, 23): 0.4914, 0.1001, 2.9694, 0.3406
(19, 24): 0.5356, 0.1035, 2.7259, 0.3670
(19, 25): 0.5356, 0.1035, 2.7259, 0.3670
(19, 26): 0.4331, 0.1009, 3.1146, 0.3616
(19, 27): 0.3803, 0.1004, 3.1516, 0.3819
(19, 28): 0.3803, 0.1004, 3.1516, 0.3819
(19, 29): 0.5475, 0.1015, 2.3440, 0.3736
(19, 30): 0.5136, 0.1017, 2.4391, 0.3906
(19, 31): 0.4036, 0.1001, 2.9146, 0.3536
(19, 32): 0.4036, 0.1001, 2.9146, 0.3536
(19, 33): 0.6197, 0.1004, 1.9998, 0.3812
(19, 34): 0.5271, 0.1017, 2.1624, 0.4112
(19, 35): 0.5271, 0.1017, 2.1624, 0.4112
(19, 36): 0.5632, 0.1003, 2.1813, 0.4228
(19, 37): 0.4478, 0.1008, 2.4832, 0.4149
(20, 1): 0.4992, 0.1001, 1.8689, 0.4054
(20, 2): 0.4992, 0.1001, 1.8689, 0.4054
(20, 3): 0.7624, 0.1009, 1.9008, 0.3909
(20, 4): 0.7525, 0.1014, 1.9607, 0.3920
(20, 5): 0.5958, 0.1005, 2.4491, 0.3576
(20, 6): 0.5958, 0.1005, 2.4491, 0.3576
(20, 7): 0.6594, 0.1001, 2.3095, 0.3928
(20, 8): 0.7525, 0.1010, 1.9300, 0.3819
(20, 9): 0.7525, 0.1010, 1.9300, 0.3819
(20, 10): 0.7518, 0.1008, 1.8822, 0.3786
(20, 11): 0.6956, 0.1003, 2.1085, 0.3793
(20, 12): 0.6956, 0.1003, 2.1085, 0.3793
(20, 13): 0.6710, 0.1007, 2.1962, 0.3935
(20, 14): 0.5337, 0.1003, 2.8453, 0.3188
(20, 15): 0.5337, 0.1003, 2.8453, 0.3188
(20, 16): 0.5326, 0.1001, 2.7678, 0.3322
(20, 17): 0.5785, 0.1004, 2.6818, 0.4207
(20, 18): 0.4938, 0.1001, 2.7490, 0.3696
(20, 19): 0.4938, 0.1001, 2.7490, 0.3696
(20, 20): 0.6303, 0.1010, 2.1516, 0.3757
(20, 21): 0.3827, 0.1088, 3.4782, 0.3293
(20, 22): 0.3827, 0.1088, 3.4782, 0.3293
(20, 23): 0.4808, 0.1006, 3.0547, 0.3696
(20, 24): 0.5437, 0.1001, 2.5713, 0.3196
(20, 25): 0.5437, 0.1001, 2.5713, 0.3196
(20, 26): 0.4693, 0.1005, 2.8542, 0.3960
(20, 27): 0.3433, 0.1014, 3.4576, 0.3659
(20, 28): 0.3433, 0.1014, 3.4576, 0.3659
(20, 29): 0.4967, 0.1007, 2.6288, 0.3710
(20, 30): 0.4258, 0.1007, 2.7992, 0.3746
(20, 31): 0.4124, 0.1019, 2.7002, 0.4014
(20, 32): 0.4124, 0.1019, 2.7002, 0.4014
(20, 33): 0.4904, 0.1002, 2.4646, 0.4054
(20, 34): 0.4063, 0.1001, 2.6037, 0.3797
(20, 35): 0.4063, 0.1001, 2.6037, 0.3797
(20, 36): 0.5225, 0.1001, 2.1973, 0.4236
(20, 37): 0.3896, 0.1008, 2.7147, 0.3543
(21, 1): 0.4570, 0.1014, 1.9177, 0.3996
(21, 2): 0.6025, 0.1013, 2.1157, 0.3547
(21, 3): 0.6025, 0.1013, 2.1157, 0.3547
(21, 4): 0.6927, 0.1010, 2.2131, 0.3739
(21, 5): 0.6405, 0.1000, 2.1885, 0.4134
(21, 6): 0.6405, 0.1000, 2.1885, 0.4134
(21, 7): 0.6452, 0.1003, 2.2259, 0.3812
(21, 8): 0.6740, 0.1023, 2.0572, 0.3967
(21, 9): 0.6740, 0.1023, 2.0572, 0.3967
(21, 10): 0.6373, 0.1004, 2.1521, 0.4000
(21, 11): 0.5307, 0.1018, 2.5239, 0.3688
(21, 12): 0.5307, 0.1018, 2.5239, 0.3688
(21, 13): 0.5732, 0.1018, 2.3807, 0.3634
(21, 14): 0.5672, 0.1005, 2.3965, 0.4094
(21, 15): 0.5672, 0.1005, 2.3965, 0.4094
(21, 16): 0.5358, 0.1001, 2.5277, 0.4243
(21, 17): 0.6327, 0.1001, 2.3251, 0.3562
(21, 18): 0.7183, 0.1016, 2.0427, 0.3975
(21, 19): 0.7183, 0.1016, 2.0427, 0.3975
(21, 20): 0.7032, 0.1006, 2.0731, 0.4304
(21, 21): 0.4528, 0.1001, 3.0147, 0.3380
(21, 22): 0.4528, 0.1001, 3.0147, 0.3380
(21, 23): 0.4853, 0.1007, 2.9885, 0.3373
(21, 24): 0.5316, 0.1014, 2.7114, 0.3522
(21, 25): 0.5316, 0.1014, 2.7114, 0.3522
(21, 26): 0.4279, 0.1002, 3.0616, 0.3598
(21, 27): 0.4836, 0.1006, 2.8018, 0.3891
(21, 28): 0.4836, 0.1006, 2.8018, 0.3891
(21, 29): 0.3550, 0.1001, 3.1598, 0.3670
(21, 30): 0.3768, 0.1010, 2.9402, 0.3344
(21, 31): 0.3530, 0.1008, 3.0314, 0.3935
(21, 32): 0.3530, 0.1008, 3.0314, 0.3935
(21, 33): 0.4217, 0.1013, 2.5927, 0.4080
(21, 34): 0.4190, 0.1000, 2.6285, 0.4109
(21, 35): 0.4190, 0.1000, 2.6285, 0.4109
(21, 36): 0.4586, 0.1013, 2.4454, 0.3866
(21, 37): 0.6177, 0.1014, 1.8417, 0.3685
(22, 1): 0.4539, 0.1018, 1.9293, 0.3891
(22, 2): 0.5037, 0.1015, 1.9082, 0.4036
(22, 3): 0.5037, 0.1015, 1.9082, 0.4036
(22, 4): 0.6543, 0.1032, 2.1811, 0.3652
(22, 5): 0.6010, 0.1011, 2.2385, 0.3449
(22, 6): 0.6010, 0.1011, 2.2385, 0.3449
(22, 7): 0.5985, 0.1008, 2.2770, 0.3920
(22, 8): 0.5748, 0.1014, 2.3456, 0.3475
(22, 9): 0.5748, 0.1014, 2.3456, 0.3475
(22, 10): 0.5335, 0.1001, 2.4890, 0.3471
(22, 11): 0.5262, 0.1002, 2.4822, 0.4025
(22, 12): 0.5262, 0.1002, 2.4822, 0.4025
(22, 13): 0.5142, 0.1006, 2.5418, 0.3583
(22, 14): 0.5647, 0.1043, 2.3519, 0.3591
(22, 15): 0.5955, 0.1003, 2.3413, 0.3935
(22, 16): 0.5955, 0.1003, 2.3413, 0.3935
(22, 17): 0.6586, 0.1002, 2.2442, 0.3873
(22, 18): 0.6580, 0.1002, 2.0808, 0.3500
(22, 19): 0.6580, 0.1002, 2.0808, 0.3500
(22, 20): 0.5679, 0.1013, 2.4766, 0.3221
(22, 21): 0.5342, 0.1001, 2.7342, 0.4203
(22, 22): 0.5342, 0.1001, 2.7342, 0.4203
(22, 23): 0.5940, 0.1020, 2.4251, 0.3243
(22, 24): 0.5875, 0.1010, 2.6142, 0.3884
(22, 25): 0.5875, 0.1010, 2.6142, 0.3884
(22, 26): 0.5402, 0.1015, 2.6861, 0.3380
(22, 27): 0.4288, 0.1002, 3.0318, 0.3417
(22, 28): 0.4288, 0.1002, 3.0318, 0.3417
(22, 29): 0.4352, 0.1001, 2.7630, 0.3612
(22, 30): 0.5049, 0.1005, 2.3871, 0.3775
(22, 31): 0.4162, 0.1006, 2.8393, 0.3554
(22, 32): 0.4162, 0.1006, 2.8393, 0.3554
(22, 33): 0.3766, 0.1006, 2.9783, 0.3862
(22, 34): 0.3815, 0.1006, 2.8747, 0.4022
(22, 35): 0.3815, 0.1006, 2.8747, 0.4022
(22, 36): 0.5516, 0.1003, 2.2349, 0.3739
(22, 37): 0.5958, 0.1018, 2.0308, 0.4072
(23, 1): 0.4308, 0.1001, 1.9966, 0.3696
(23, 2): 0.4057, 0.1001, 2.0203, 0.3696
(23, 3): 0.4057, 0.1001, 2.0203, 0.3696
(23, 4): 0.5742, 0.1011, 2.3724, 0.3953
(23, 5): 0.5838, 0.1010, 2.2962, 0.3562
(23, 6): 0.5838, 0.1010, 2.2962, 0.3562
(23, 7): 0.5493, 0.1006, 2.4479, 0.3500
(23, 8): 0.5477, 0.1005, 2.4471, 0.3453
(23, 9): 0.5477, 0.1005, 2.4471, 0.3453
(23, 10): 0.5256, 0.1003, 2.4966, 0.3377
(23, 11): 0.5934, 0.1002, 2.3137, 0.3138
(23, 12): 0.5934, 0.1002, 2.3137, 0.3138
(23, 13): 0.5795, 0.1007, 2.3599, 0.4000
(23, 14): 0.6150, 0.1020, 2.2280, 0.4036
(23, 15): 0.6491, 0.1002, 2.1206, 0.3091
(23, 16): 0.6491, 0.1002, 2.1206, 0.3091
(23, 17): 0.6739, 0.1001, 2.1867, 0.3786
(23, 18): 0.5923, 0.1004, 2.5729, 0.3848
(23, 19): 0.5923, 0.1004, 2.5729, 0.3848
(23, 20): 0.5631, 0.1007, 2.4155, 0.3464
(23, 21): 0.5324, 0.1003, 2.7586, 0.3257
(23, 22): 0.5324, 0.1003, 2.7586, 0.3257
(23, 23): 0.4998, 0.1011, 2.9046, 0.3449
(23, 24): 0.4545, 0.1002, 3.0871, 0.3819
(23, 25): 0.4545, 0.1002, 3.0871, 0.3819
(23, 26): 0.5329, 0.1001, 2.5848, 0.3511
(23, 27): 0.4557, 0.1000, 2.9515, 0.3656
(23, 28): 0.4557, 0.1000, 2.9515, 0.3656
(23, 29): 0.4366, 0.1010, 2.8725, 0.3377
(23, 30): 0.3589, 0.1006, 3.0654, 0.3797
(23, 31): 0.4725, 0.1000, 2.6550, 0.3674
(23, 32): 0.4725, 0.1000, 2.6550, 0.3674
(23, 33): 0.4123, 0.1012, 2.7816, 0.3728
(23, 34): 0.3957, 0.1003, 2.7639, 0.3710
(23, 35): 0.3957, 0.1003, 2.7639, 0.3710
(23, 36): 0.4567, 0.1015, 2.5109, 0.4210
(23, 37): 0.4843, 0.1003, 2.3725, 0.3533
(24, 1): 0.4338, 0.1005, 1.9971, 0.3678
(24, 2): 0.4145, 0.1002, 2.0133, 0.3688
(24, 3): 0.4145, 0.1002, 2.0133, 0.3688
(24, 4): 0.5676, 0.1004, 2.4163, 0.3496
(24, 5): 0.5005, 0.1001, 2.6275, 0.3500
(24, 6): 0.5005, 0.1001, 2.6275, 0.3500
(24, 7): 0.5192, 0.1010, 2.5359, 0.3504
(24, 8): 0.5243, 0.1024, 2.5270, 0.3399
(24, 9): 0.5243, 0.1024, 2.5270, 0.3399
(24, 10): 0.4804, 0.1003, 2.6584, 0.3877
(24, 11): 0.4708, 0.1007, 2.6899, 0.3986
(24, 12): 0.4708, 0.1007, 2.6899, 0.3986
(24, 13): 0.5795, 0.1007, 2.3599, 0.4000
(24, 14): 0.6150, 0.1020, 2.2280, 0.4036
(24, 15): 0.6491, 0.1002, 2.1206, 0.3091
(24, 16): 0.6491, 0.1002, 2.1206, 0.3091
(24, 17): 0.6739, 0.1001, 2.1867, 0.3786
(24, 18): 0.5923, 0.1004, 2.5729, 0.3848
(24, 19): 0.5923, 0.1004, 2.5729, 0.3848
(24, 20): 0.5631, 0.1007, 2.4155, 0.3464
(24, 21): 0.5324, 0.1003, 2.7586, 0.3257
(24, 22): 0.5324, 0.1003, 2.7586, 0.3257
(24, 23): 0.4998, 0.1011, 2.9046, 0.3449
(24, 24): 0.4545, 0.1002, 3.0871, 0.3819
(24, 25): 0.4545, 0.1002, 3.0871, 0.3819
(24, 26): 0.5329, 0.1001, 2.5848, 0.3511
(24, 27): 0.4557, 0.1000, 2.9515, 0.3656
(24, 28): 0.4557, 0.1000, 2.9515, 0.3656
(24, 29): 0.4366, 0.1010, 2.8725, 0.3377
(24, 30): 0.3589, 0.1006, 3.0654, 0.3797
(24, 31): 0.4740, 0.1003, 2.6704, 0.3656
(24, 32): 0.4791, 0.1009, 2.6460, 0.3993
(24, 33): 0.4662, 0.1005, 2.6364, 0.3645
(24, 34): 0.3774, 0.1004, 2.7177, 0.3971
(24, 35): 0.3774, 0.1004, 2.7177, 0.3971
(24, 36): 0.3592, 0.1007, 2.9493, 0.4011
(24, 37): 0.3726, 0.1013, 2.9434, 0.3899
(25, 1): 0.4394, 0.1004, 1.9914, 0.3540
(25, 2): 0.4196, 0.1002, 2.0311, 0.3587
(25, 3): 0.4196, 0.1002, 2.0311, 0.3587
(25, 4): 0.5874, 0.1015, 2.2400, 0.3319
(25, 5): 0.5746, 0.1033, 2.2612, 0.3507
(25, 6): 0.5746, 0.1033, 2.2612, 0.3507
(25, 7): 0.5192, 0.1010, 2.5359, 0.3504
(25, 8): 0.5243, 0.1024, 2.5270, 0.3399
(25, 9): 0.5243, 0.1024, 2.5270, 0.3399
(25, 10): 0.4804, 0.1003, 2.6584, 0.3877
(25, 11): 0.4708, 0.1007, 2.6899, 0.3986
(25, 12): 0.4708, 0.1007, 2.6899, 0.3986
(25, 13): 0.4889, 0.1015, 2.6523, 0.3862
(25, 14): 0.5096, 0.1004, 2.5896, 0.4243
(25, 15): 0.5210, 0.1004, 2.5593, 0.3692
(25, 16): 0.5210, 0.1004, 2.5593, 0.3692
(25, 17): 0.6356, 0.1008, 2.2893, 0.4185
(25, 18): 0.6113, 0.1002, 2.4967, 0.3953
(25, 19): 0.6113, 0.1002, 2.4967, 0.3953
(25, 20): 0.5134, 0.1004, 2.4994, 0.3308
(25, 21): 0.5277, 0.1001, 2.4529, 0.3533
(25, 22): 0.5277, 0.1001, 2.4529, 0.3533
(25, 23): 0.5226, 0.1015, 2.7174, 0.3583
(25, 24): 0.6792, 0.1005, 2.0703, 0.3442
(25, 25): 0.6792, 0.1005, 2.0703, 0.3442
(25, 26): 0.4396, 0.1000, 2.9872, 0.3620
(25, 27): 0.4532, 0.1001, 2.7813, 0.3775
(25, 28): 0.4532, 0.1001, 2.7813, 0.3775
(25, 29): 0.5004, 0.1006, 2.6693, 0.3627
(25, 30): 0.4740, 0.1003, 2.6704, 0.3656
(25, 31): 0.4740, 0.1003, 2.6704, 0.3656
(25, 32): 0.4791, 0.1009, 2.6460, 0.3993
(25, 33): 0.4662, 0.1005, 2.6364, 0.3645
(25, 34): 0.3774, 0.1004, 2.7177, 0.3971
(25, 35): 0.3774, 0.1004, 2.7177, 0.3971
(25, 36): 0.3592, 0.1007, 2.9493, 0.4011
(25, 37): 0.4721, 0.1006, 2.5030, 0.3507
(26, 1): 0.4113, 0.1006, 2.0881, 0.3562
(26, 2): 0.4196, 0.1002, 2.0311, 0.3587
(26, 3): 0.4196, 0.1002, 2.0311, 0.3587
(26, 4): 0.5874, 0.1015, 2.2400, 0.3319
(26, 5): 0.5746, 0.1033, 2.2612, 0.3507
(26, 6): 0.5746, 0.1033, 2.2612, 0.3507
(26, 7): 0.6258, 0.1028, 2.0760, 0.3297
(26, 8): 0.5989, 0.1025, 2.1431, 0.3297
(26, 9): 0.5989, 0.1025, 2.1431, 0.3297
(26, 10): 0.6178, 0.1002, 2.0554, 0.3254
(26, 11): 0.6208, 0.1021, 2.0634, 0.3348
(26, 12): 0.6208, 0.1021, 2.0634, 0.3348
(26, 13): 0.5876, 0.1019, 2.1998, 0.3464
(26, 14): 0.6005, 0.1002, 2.1770, 0.3377
(26, 15): 0.6425, 0.1004, 2.0612, 0.3732
(26, 16): 0.6425, 0.1004, 2.0612, 0.3732
(26, 17): 0.7168, 0.1002, 1.7287, 0.3565
(26, 18): 0.7094, 0.1006, 1.7262, 0.3431
(26, 19): 0.7094, 0.1006, 1.7262, 0.3431
(26, 20): 0.5546, 0.1007, 2.4444, 0.3094
(26, 21): 0.5482, 0.1001, 2.4364, 0.3844
(26, 22): 0.5482, 0.1001, 2.4364, 0.3844
(26, 23): 0.6460, 0.1005, 2.1627, 0.3580
(26, 24): 0.5072, 0.1001, 2.5843, 0.3036
(26, 25): 0.5072, 0.1001, 2.5843, 0.3036
(26, 26): 0.6091, 0.1010, 2.3032, 0.3536
(26, 27): 0.4734, 0.1001, 2.6897, 0.3826
(26, 28): 0.4734, 0.1001, 2.6897, 0.3826
(26, 29): 0.5092, 0.1013, 2.5280, 0.3380
(26, 30): 0.5049, 0.1004, 2.4561, 0.3486
(26, 31): 0.5049, 0.1004, 2.4561, 0.3486
(26, 32): 0.5593, 0.1003, 2.3057, 0.3221
(26, 33): 0.4316, 0.1004, 2.6590, 0.3746
(26, 34): 0.4190, 0.1003, 2.6017, 0.3830
(26, 35): 0.4190, 0.1003, 2.6017, 0.3830
(26, 36): 0.4258, 0.1008, 2.4685, 0.3598
(26, 37): 0.4721, 0.1006, 2.5030, 0.3507
(27, 1): 0.4113, 0.1006, 2.0881, 0.3562
(27, 2): 0.4574, 0.1002, 2.1239, 0.3518
(27, 3): 0.4574, 0.1002, 2.1239, 0.3518
(27, 4): 0.6117, 0.1002, 2.1117, 0.3620
(27, 5): 0.5794, 0.1008, 2.2117, 0.3355
(27, 6): 0.5794, 0.1008, 2.2117, 0.3355
(27, 7): 0.5525, 0.1013, 2.3031, 0.3344
(27, 8): 0.5883, 0.1013, 2.2075, 0.3279
(27, 9): 0.5883, 0.1013, 2.2075, 0.3279
(27, 10): 0.6100, 0.1001, 2.1218, 0.3851
(27, 11): 0.5993, 0.1000, 2.1419, 0.3293
(27, 12): 0.6001, 0.1016, 2.1553, 0.3946
(27, 13): 0.6001, 0.1016, 2.1553, 0.3946
(27, 14): 0.6650, 0.1017, 1.9620, 0.3815
(27, 15): 0.8241, 0.1025, 1.5562, 0.3739
(27, 16): 0.8241, 0.1025, 1.5562, 0.3739
(27, 17): 0.8129, 0.1001, 1.6004, 0.3507
(27, 18): 0.8067, 0.1004, 1.5804, 0.3486
(27, 19): 0.8067, 0.1004, 1.5804, 0.3486
(27, 20): 0.5880, 0.1016, 2.2426, 0.3493
(27, 21): 0.6088, 0.1001, 2.2098, 0.3717
(27, 22): 0.6088, 0.1001, 2.2098, 0.3717
(27, 23): 0.6897, 0.1017, 2.0845, 0.3362
(27, 24): 0.4470, 0.1005, 2.9079, 0.3924
(27, 25): 0.4470, 0.1005, 2.9079, 0.3924
(27, 26): 0.5487, 0.1004, 2.5755, 0.3522
(27, 27): 0.5789, 0.1014, 2.3442, 0.3395
(27, 28): 0.5789, 0.1014, 2.3442, 0.3395
(27, 29): 0.6351, 0.1021, 2.0795, 0.3489
(27, 30): 0.4961, 0.1003, 2.4906, 0.3786
(27, 31): 0.4961, 0.1003, 2.4906, 0.3786
(27, 32): 0.4672, 0.1012, 2.6655, 0.3529
(27, 33): 0.4672, 0.1012, 2.5451, 0.3692
(27, 34): 0.4672, 0.1012, 2.5451, 0.3692
(27, 35): 0.5097, 0.1008, 2.4171, 0.3957
(27, 36): 0.4322, 0.1008, 2.6471, 0.3518
(27, 37): 0.3529, 0.1023, 2.9335, 0.3399
(28, 1): 0.4133, 0.1000, 2.0833, 0.3536
(28, 2): 0.4430, 0.1007, 2.1302, 0.3525
(28, 3): 0.4430, 0.1007, 2.1302, 0.3525
(28, 4): 0.5704, 0.1004, 2.2165, 0.3236
(28, 5): 0.5549, 0.1002, 2.3051, 0.3279
(28, 6): 0.5549, 0.1002, 2.3051, 0.3279
(28, 7): 0.5387, 0.1016, 2.3651, 0.3312
(28, 8): 0.5698, 0.1005, 2.2471, 0.3207
(28, 9): 0.5698, 0.1005, 2.2471, 0.3207
(28, 10): 0.5771, 0.1005, 2.2244, 0.3257
(28, 11): 0.6328, 0.1026, 2.0610, 0.3801
(28, 12): 0.6852, 0.1007, 1.8785, 0.3641
(28, 13): 0.6852, 0.1007, 1.8785, 0.3641
(28, 14): 0.7500, 0.1031, 1.6873, 0.3591
(28, 15): 0.7738, 0.1014, 1.6553, 0.3591
(28, 16): 0.7738, 0.1014, 1.6553, 0.3591
(28, 17): 0.7847, 0.1002, 1.6473, 0.3580
(28, 18): 0.7233, 0.1000, 1.8425, 0.3551
(28, 19): 0.7233, 0.1000, 1.8425, 0.3551
(28, 20): 0.5755, 0.1003, 2.3699, 0.3290
(28, 21): 0.5679, 0.1002, 2.5395, 0.3272
(28, 22): 0.5679, 0.1002, 2.5395, 0.3272
(28, 23): 0.5242, 0.1001, 2.7648, 0.3112
(28, 24): 0.5996, 0.1003, 2.2927, 0.3304
(28, 25): 0.5996, 0.1003, 2.2927, 0.3304
(28, 26): 0.4723, 0.1000, 2.8231, 0.3583
(28, 27): 0.5601, 0.1010, 2.4622, 0.3703
(28, 28): 0.5601, 0.1010, 2.4622, 0.3703
(28, 29): 0.5129, 0.1004, 2.5211, 0.3174
(28, 30): 0.5053, 0.1001, 2.5941, 0.3634
(28, 31): 0.5053, 0.1001, 2.5941, 0.3634
(28, 32): 0.4778, 0.1012, 2.7338, 0.3326
(28, 33): 0.6308, 0.1005, 1.9853, 0.3391
(28, 34): 0.6308, 0.1005, 1.9853, 0.3391
(28, 35): 0.4887, 0.1005, 2.4289, 0.3250
(28, 36): 0.3565, 0.1015, 2.9804, 0.3370
(28, 37): 0.4787, 0.1000, 2.4179, 0.3630
(29, 1): 0.3892, 0.1020, 2.1685, 0.3547
(29, 2): 0.4537, 0.1013, 2.2292, 0.3507
(29, 3): 0.4537, 0.1013, 2.2292, 0.3507
(29, 4): 0.5751, 0.1012, 2.2498, 0.3279
(29, 5): 0.5746, 0.1019, 2.2619, 0.3851
(29, 6): 0.5746, 0.1019, 2.2619, 0.3851
(29, 7): 0.5665, 0.1000, 2.2468, 0.3196
(29, 8): 0.5770, 0.1001, 2.2084, 0.3721
(29, 9): 0.6086, 0.1002, 2.1241, 0.3714
(29, 10): 0.6086, 0.1002, 2.1241, 0.3714
(29, 11): 0.7693, 0.1009, 1.6587, 0.3493
(29, 12): 0.7442, 0.1001, 1.7210, 0.3525
(29, 13): 0.7442, 0.1001, 1.7210, 0.3525
(29, 14): 0.7321, 0.1011, 1.7458, 0.3489
(29, 15): 0.7610, 0.1000, 1.6573, 0.3431
(29, 16): 0.7610, 0.1000, 1.6573, 0.3431
(29, 17): 0.7359, 0.1002, 1.7240, 0.3486
(29, 18): 0.6338, 0.1004, 2.1572, 0.3645
(29, 19): 0.6338, 0.1004, 2.1572, 0.3645
(29, 20): 0.5171, 0.1010, 2.7028, 0.3558
(29, 21): 0.4757, 0.1026, 2.7743, 0.3246
(29, 22): 0.4757, 0.1026, 2.7743, 0.3246
(29, 23): 0.4395, 0.1009, 3.0165, 0.3924
(29, 24): 0.4263, 0.1002, 3.0044, 0.3322
(29, 25): 0.4263, 0.1002, 3.0044, 0.3322
(29, 26): 0.3864, 0.1002, 3.2365, 0.3105
(29, 27): 0.5013, 0.1001, 2.7470, 0.3355
(29, 28): 0.5013, 0.1001, 2.7470, 0.3355
(29, 29): 0.5031, 0.1003, 2.6604, 0.3221
(29, 30): 0.5056, 0.1000, 2.7326, 0.3739
(29, 31): 0.5056, 0.1000, 2.7326, 0.3739
(29, 32): 0.5076, 0.1006, 2.7280, 0.3351
(29, 33): 0.4843, 0.1004, 2.5317, 0.3587
(29, 34): 0.4843, 0.1004, 2.5317, 0.3587
(29, 35): 0.4661, 0.1010, 2.5203, 0.3167
(29, 36): 0.6094, 0.1003, 2.0914, 0.3522
(29, 37): 0.6094, 0.1003, 2.0914, 0.3522
(30, 1): 0.4008, 0.1014, 2.1252, 0.3471
(30, 2): 0.5923, 0.1010, 2.3182, 0.3627
(30, 3): 0.5923, 0.1010, 2.3182, 0.3627
(30, 4): 0.5846, 0.1013, 2.2318, 0.3442
(30, 5): 0.6251, 0.1008, 2.1135, 0.3069
(30, 6): 0.6616, 0.1004, 1.9510, 0.3652
(30, 7): 0.6616, 0.1004, 1.9510, 0.3652
(30, 8): 0.7064, 0.1002, 1.8129, 0.3514
(30, 9): 0.7256, 0.1003, 1.7599, 0.3471
(30, 10): 0.7256, 0.1003, 1.7599, 0.3471
(30, 11): 0.7833, 0.1021, 1.6542, 0.3355
(30, 12): 0.7553, 0.1004, 1.7089, 0.3464
(30, 13): 0.7553, 0.1004, 1.7089, 0.3464
(30, 14): 0.7040, 0.1002, 1.8212, 0.3467
(30, 15): 0.7252, 0.1007, 1.7582, 0.3395
(30, 16): 0.7252, 0.1007, 1.7582, 0.3395
(30, 17): 0.7353, 0.1011, 1.7346, 0.3464
(30, 18): 0.6217, 0.1018, 2.1061, 0.3525
(30, 19): 0.6217, 0.1018, 2.1061, 0.3525
(30, 20): 0.5226, 0.1010, 2.6657, 0.3359
(30, 21): 0.4858, 0.1016, 2.7656, 0.3467
(30, 22): 0.4858, 0.1016, 2.7656, 0.3467
(30, 23): 0.3973, 0.1033, 3.0894, 0.3399
(30, 24): 0.4664, 0.1001, 2.8115, 0.3482
(30, 25): 0.4664, 0.1001, 2.8115, 0.3482
(30, 26): 0.3882, 0.1005, 3.1732, 0.3214
(30, 27): 0.5547, 0.1015, 2.5130, 0.3254
(30, 28): 0.5547, 0.1015, 2.5130, 0.3254
(30, 29): 0.4906, 0.1003, 2.7072, 0.3438
(30, 30): 0.5175, 0.1006, 2.7112, 0.3120
(30, 31): 0.5175, 0.1006, 2.7112, 0.3120
(30, 32): 0.5818, 0.1002, 2.6117, 0.3268
(30, 33): 0.3949, 0.1004, 2.7993, 0.3551
(30, 34): 0.3949, 0.1004, 2.7993, 0.3551
(30, 35): 0.4811, 0.1012, 2.5197, 0.3772
(30, 36): 0.5747, 0.1000, 2.1564, 0.3486
(30, 37): 0.5747, 0.1000, 2.1564, 0.3486
(31, 1): 0.4008, 0.1014, 2.1252, 0.3471
(31, 2): 0.5923, 0.1010, 2.3182, 0.3627
(31, 3): 0.5846, 0.1013, 2.2318, 0.3442
(31, 4): 0.5846, 0.1013, 2.2318, 0.3442
(31, 5): 0.6251, 0.1008, 2.1135, 0.3069
(31, 6): 0.6616, 0.1004, 1.9510, 0.3652
(31, 7): 0.6616, 0.1004, 1.9510, 0.3652
(31, 8): 0.7064, 0.1002, 1.8129, 0.3514
(31, 9): 0.7256, 0.1003, 1.7599, 0.3471
(31, 10): 0.7256, 0.1003, 1.7599, 0.3471
(31, 11): 0.7833, 0.1021, 1.6542, 0.3355
(31, 12): 0.7553, 0.1004, 1.7089, 0.3464
(31, 13): 0.7553, 0.1004, 1.7089, 0.3464
(31, 14): 0.7040, 0.1002, 1.8212, 0.3467
(31, 15): 0.7252, 0.1007, 1.7582, 0.3395
(31, 16): 0.7252, 0.1007, 1.7582, 0.3395
(31, 17): 0.7353, 0.1011, 1.7346, 0.3464
(31, 18): 0.6217, 0.1018, 2.1061, 0.3525
(31, 19): 0.6217, 0.1018, 2.1061, 0.3525
(31, 20): 0.5226, 0.1010, 2.6657, 0.3359
(31, 21): 0.4858, 0.1016, 2.7656, 0.3467
(31, 22): 0.4858, 0.1016, 2.7656, 0.3467
(31, 23): 0.3973, 0.1033, 3.0894, 0.3399
(31, 24): 0.4664, 0.1001, 2.8115, 0.3482
(31, 25): 0.4664, 0.1001, 2.8115, 0.3482
(31, 26): 0.3882, 0.1005, 3.1732, 0.3214
(31, 27): 0.5547, 0.1015, 2.5130, 0.3254
(31, 28): 0.5547, 0.1015, 2.5130, 0.3254
(31, 29): 0.4906, 0.1003, 2.7072, 0.3438
(31, 30): 0.5175, 0.1006, 2.7112, 0.3120
(31, 31): 0.5175, 0.1006, 2.7112, 0.3120
(31, 32): 0.5818, 0.1002, 2.6117, 0.3268
(31, 33): 0.3949, 0.1004, 2.7993, 0.3551
(31, 34): 0.3949, 0.1004, 2.7993, 0.3551
(31, 35): 0.4811, 0.1012, 2.5197, 0.3772
(31, 36): 0.5747, 0.1000, 2.1564, 0.3486
(31, 37): 0.5747, 0.1000, 2.1564, 0.3486
(32, 1): 0.4008, 0.1014, 2.1252, 0.3471
(32, 2): 0.5923, 0.1010, 2.3182, 0.3627
(32, 3): 0.5846, 0.1013, 2.2318, 0.3442
(32, 4): 0.5846, 0.1013, 2.2318, 0.3442
(32, 5): 0.6251, 0.1008, 2.1135, 0.3069
(32, 6): 0.6616, 0.1004, 1.9510, 0.3652
(32, 7): 0.6616, 0.1004, 1.9510, 0.3652
(32, 8): 0.7064, 0.1002, 1.8129, 0.3514
(32, 9): 0.7256, 0.1003, 1.7599, 0.3471
(32, 10): 0.7256, 0.1003, 1.7599, 0.3471
(32, 11): 0.7833, 0.1021, 1.6542, 0.3355
(32, 12): 0.7553, 0.1004, 1.7089, 0.3464
(32, 13): 0.7553, 0.1004, 1.7089, 0.3464
(32, 14): 0.7040, 0.1002, 1.8212, 0.3467
(32, 15): 0.7252, 0.1007, 1.7582, 0.3395
(32, 16): 0.7252, 0.1007, 1.7582, 0.3395
(32, 17): 0.7353, 0.1011, 1.7346, 0.3464
(32, 18): 0.6217, 0.1018, 2.1061, 0.3525
(32, 19): 0.6217, 0.1018, 2.1061, 0.3525
(32, 20): 0.5226, 0.1010, 2.6657, 0.3359
(32, 21): 0.4858, 0.1016, 2.7656, 0.3467
(32, 22): 0.4858, 0.1016, 2.7656, 0.3467
(32, 23): 0.3973, 0.1033, 3.0894, 0.3399
(32, 24): 0.4664, 0.1001, 2.8115, 0.3482
(32, 25): 0.4664, 0.1001, 2.8115, 0.3482
(32, 26): 0.3882, 0.1005, 3.1732, 0.3214
(32, 27): 0.5547, 0.1015, 2.5130, 0.3254
(32, 28): 0.5547, 0.1015, 2.5130, 0.3254
(32, 29): 0.4906, 0.1003, 2.7072, 0.3438
(32, 30): 0.5175, 0.1006, 2.7112, 0.3120
(32, 31): 0.5175, 0.1006, 2.7112, 0.3120
(32, 32): 0.5818, 0.1002, 2.6117, 0.3268
(32, 33): 0.3949, 0.1004, 2.7993, 0.3551
(32, 34): 0.3949, 0.1004, 2.7993, 0.3551
(32, 35): 0.4811, 0.1012, 2.5197, 0.3772
(32, 36): 0.5747, 0.1000, 2.1564, 0.3486
(32, 37): 0.5747, 0.1000, 2.1564, 0.3486
