(9, 1): 0.1691, 11.0212, 5.9055
(9, 2): 0.1691, 11.0212, 5.9055
(9, 3): 0.1786, 11.0314, 7.6158
(9, 4): 0.1132, 11.0242, 8.7609
(9, 5): 0.1132, 11.0242, 8.7609
(9, 6): 0.1762, 11.0689, 7.1937
(9, 7): 0.0843, 11.0028, 8.6215
(9, 8): 0.0843, 11.0028, 8.6215
(9, 9): 0.0200, 11.0291, 7.6273
(9, 10): 0.0426, 11.0430, 7.7584
(9, 11): -0.1388, 11.0168, 7.1299
(9, 12): -0.1388, 11.0168, 7.1299
(9, 13): -0.1399, 11.0310, 7.1807
(9, 14): -0.0357, 11.0089, 6.8437
(9, 15): -0.0357, 11.0089, 6.8437
(9, 16): -0.0670, 11.0112, 7.0531
(9, 17): 0.0603, 11.1014, 5.6805
(9, 18): 0.0603, 11.1014, 5.6805
(9, 19): 0.2367, 11.0725, 5.4295
(9, 20): 0.3014, 11.0068, 6.1530
(9, 21): 0.3042, 11.0305, 6.1760
(9, 22): 0.3042, 11.0305, 6.1760
(9, 23): 0.1814, 11.0936, 7.2843
(9, 24): 0.0489, 11.0197, 7.5776
(9, 25): 0.0489, 11.0197, 7.5776
(9, 26): 0.1273, 11.0135, 7.4638
(9, 27): 0.1750, 11.1176, 6.7902
(9, 28): 0.1414, 11.0476, 6.3569
(9, 29): 0.1414, 11.0476, 6.3569
(9, 30): 0.0940, 11.0298, 5.2798
(9, 31): 0.1067, 11.0498, 4.7781
(9, 32): 0.1067, 11.0498, 4.7781
(9, 33): 0.1968, 11.0485, 5.4185
(9, 34): 0.0792, 11.0054, 5.9527
(9, 35): 0.0085, 11.1489, 5.7174
(9, 36): 0.0085, 11.1489, 5.7174
(9, 37): 0.0205, 11.0127, 6.8415
(10, 1): 0.1537, 11.0118, 6.2495
(10, 2): 0.1537, 11.0118, 6.2495
(10, 3): 0.1758, 11.0108, 8.2103
(10, 4): 0.1191, 11.1006, 8.1065
(10, 5): 0.1191, 11.1006, 8.1065
(10, 6): 0.0307, 11.0039, 8.3315
(10, 7): 0.1178, 11.0167, 8.2033
(10, 8): 0.1178, 11.0167, 8.2033
(10, 9): 0.0639, 11.0013, 6.4791
(10, 10): 0.0294, 11.0480, 6.3861
(10, 11): -0.0070, 11.0059, 7.4171
(10, 12): -0.0070, 11.0059, 7.4171
(10, 13): -0.1314, 11.0178, 7.8462
(10, 14): -0.0593, 11.0173, 7.5111
(10, 15): -0.0593, 11.0173, 7.5111
(10, 16): -0.0878, 11.0302, 8.3339
(10, 17): -0.0364, 11.0070, 8.4192
(10, 18): 0.0224, 11.0117, 6.8186
(10, 19): 0.0224, 11.0117, 6.8186
(10, 20): 0.2047, 11.0842, 6.1352
(10, 21): 0.1426, 11.0881, 6.3812
(10, 22): 0.1426, 11.0881, 6.3812
(10, 23): 0.1526, 11.0777, 6.5964
(10, 24): 0.0689, 11.0201, 6.8171
(10, 25): 0.0689, 11.0201, 6.8171
(10, 26): 0.0819, 11.0681, 6.6780
(10, 27): 0.1764, 11.0499, 6.6011
(10, 28): 0.2394, 11.0510, 5.1740
(10, 29): 0.2394, 11.0510, 5.1740
(10, 30): 0.1569, 11.1420, 5.4100
(10, 31): 0.2389, 11.0095, 4.8847
(10, 32): 0.2389, 11.0095, 4.8847
(10, 33): 0.2884, 11.0224, 5.2188
(10, 34): 0.2679, 11.0150, 5.7853
(10, 35): 0.1798, 11.0321, 5.3573
(10, 36): 0.1798, 11.0321, 5.3573
(10, 37): -0.0112, 11.0348, 6.6782
(11, 1): 0.1526, 11.0088, 7.3147
(11, 2): 0.1526, 11.0088, 7.3147
(11, 3): 0.2367, 11.0001, 6.7950
(11, 4): 0.1433, 11.0281, 7.9870
(11, 5): 0.1433, 11.0281, 7.9870
(11, 6): 0.0987, 11.0704, 7.8255
(11, 7): 0.1664, 11.0107, 7.9732
(11, 8): 0.1664, 11.0107, 7.9732
(11, 9): 0.0398, 11.0160, 7.1244
(11, 10): -0.0178, 11.0003, 6.6363
(11, 11): -0.0232, 11.1063, 6.5591
(11, 12): -0.0232, 11.1063, 6.5591
(11, 13): 0.0001, 11.0798, 7.3310
(11, 14): -0.0389, 11.0104, 7.3584
(11, 15): -0.0389, 11.0104, 7.3584
(11, 16): -0.0512, 11.0241, 7.5227
(11, 17): -0.0452, 11.0171, 7.6451
(11, 18): 0.0532, 11.0019, 6.4757
(11, 19): 0.0532, 11.0019, 6.4757
(11, 20): 0.1350, 11.0012, 5.6673
(11, 21): 0.1559, 11.0166, 6.2797
(11, 22): 0.1559, 11.0166, 6.2797
(11, 23): 0.1527, 11.0366, 5.1961
(11, 24): 0.1600, 11.0021, 6.4009
(11, 25): 0.1600, 11.0021, 6.4009
(11, 26): 0.1745, 11.0183, 5.9512
(11, 27): 0.0439, 11.1067, 7.1256
(11, 28): 0.1687, 11.0213, 6.0023
(11, 29): 0.1687, 11.0213, 6.0023
(11, 30): 0.1260, 11.0104, 5.3163
(11, 31): 0.1760, 11.0022, 5.0550
(11, 32): 0.1760, 11.0022, 5.0550
(11, 33): 0.2285, 11.0836, 5.0547
(11, 34): 0.1736, 11.0169, 6.2331
(11, 35): 0.1568, 11.0544, 5.5913
(11, 36): 0.1568, 11.0544, 5.5913
(11, 37): 0.0516, 11.0072, 5.7702
(12, 1): 0.2468, 11.0040, 6.3585
(12, 2): 0.2468, 11.0040, 6.3585
(12, 3): 0.1826, 11.0576, 7.2135
(12, 4): 0.1857, 11.0639, 7.0126
(12, 5): 0.1857, 11.0639, 7.0126
(12, 6): 0.1483, 11.0087, 7.3842
(12, 7): 0.1818, 11.0368, 7.5410
(12, 8): 0.1818, 11.0368, 7.5410
(12, 9): 0.0699, 11.3232, 7.0600
(12, 10): 0.0127, 11.0157, 8.1418
(12, 11): 0.0776, 11.0388, 6.4657
(12, 12): 0.0776, 11.0388, 6.4657
(12, 13): 0.1128, 11.0074, 6.4587
(12, 14): -0.0260, 11.0198, 7.0023
(12, 15): -0.0260, 11.0198, 7.0023
(12, 16): -0.0791, 11.0072, 6.0666
(12, 17): -0.0348, 11.0800, 6.9200
(12, 18): 0.0520, 11.0066, 5.6920
(12, 19): 0.0520, 11.0066, 5.6920
(12, 20): 0.1171, 11.0055, 6.0555
(12, 21): 0.1542, 11.0025, 6.5562
(12, 22): 0.1542, 11.0025, 6.5562
(12, 23): 0.0721, 11.0407, 6.0292
(12, 24): -0.0267, 11.0033, 6.9128
(12, 25): -0.0267, 11.0033, 6.9128
(12, 26): 0.0799, 11.0138, 7.1328
(12, 27): 0.1945, 11.0609, 6.6947
(12, 28): 0.1154, 11.0037, 6.1270
(12, 29): 0.1154, 11.0037, 6.1270
(12, 30): 0.1425, 11.0839, 5.7247
(12, 31): -0.0379, 11.0766, 5.4537
(12, 32): -0.0379, 11.0766, 5.4537
(12, 33): 0.0632, 11.0388, 6.0168
(12, 34): 0.0501, 11.0452, 5.3698
(12, 35): 0.0501, 11.0452, 5.3698
(12, 36): 0.1219, 11.0154, 5.5826
(12, 37): 0.1232, 11.0054, 5.3925
(13, 1): 0.2466, 11.0513, 6.5440
(13, 2): 0.2466, 11.0513, 6.5440
(13, 3): 0.2188, 11.0613, 6.5718
(13, 4): 0.2053, 11.0202, 6.2700
(13, 5): 0.2053, 11.0202, 6.2700
(13, 6): 0.1758, 11.0058, 6.7431
(13, 7): 0.2434, 11.0026, 7.6949
(13, 8): 0.2434, 11.0026, 7.6949
(13, 9): 0.1300, 11.0383, 8.6385
(13, 10): 0.1364, 11.1289, 7.5569
(13, 11): 0.1808, 11.1106, 5.9990
(13, 12): 0.1808, 11.1106, 5.9990
(13, 13): 0.1128, 11.0074, 6.4587
(13, 14): -0.0260, 11.0198, 7.0023
(13, 15): -0.0260, 11.0198, 7.0023
(13, 16): -0.0791, 11.0072, 6.0666
(13, 17): -0.0348, 11.0800, 6.9200
(13, 18): 0.0520, 11.0066, 5.6920
(13, 19): 0.0520, 11.0066, 5.6920
(13, 20): 0.1171, 11.0055, 6.0555
(13, 21): 0.1542, 11.0025, 6.5562
(13, 22): 0.1542, 11.0025, 6.5562
(13, 23): 0.0721, 11.0407, 6.0292
(13, 24): -0.0267, 11.0033, 6.9128
(13, 25): -0.0267, 11.0033, 6.9128
(13, 26): 0.0799, 11.0138, 7.1328
(13, 27): 0.1945, 11.0609, 6.6947
(13, 28): 0.1154, 11.0037, 6.1270
(13, 29): 0.1154, 11.0037, 6.1270
(13, 30): 0.1425, 11.0839, 5.7247
(13, 31): 0.1939, 11.0074, 4.9810
(13, 32): 0.1939, 11.0074, 4.9810
(13, 33): 0.0950, 11.0419, 5.1887
(13, 34): -0.0119, 11.0440, 5.7300
(13, 35): -0.0119, 11.0440, 5.7300
(13, 36): 0.0379, 11.0046, 4.6142
(13, 37): 0.1210, 11.0103, 4.5096
(14, 1): 0.2096, 11.0178, 6.6593
(14, 2): 0.2096, 11.0178, 6.6593
(14, 3): 0.2761, 11.0134, 5.8162
(14, 4): 0.1969, 11.0268, 6.0935
(14, 5): 0.1969, 11.0268, 6.0935
(14, 6): 0.2773, 11.0516, 7.2624
(14, 7): 0.2434, 11.0026, 7.6949
(14, 8): 0.1300, 11.0383, 8.6385
(14, 9): 0.1300, 11.0383, 8.6385
(14, 10): 0.1364, 11.1289, 7.5569
(14, 11): 0.1808, 11.1106, 5.9990
(14, 12): 0.1808, 11.1106, 5.9990
(14, 13): 0.0618, 11.0204, 6.5659
(14, 14): 0.0115, 11.0582, 7.1904
(14, 15): 0.0115, 11.0582, 7.1904
(14, 16): 0.0101, 11.0025, 6.8082
(14, 17): 0.0020, 11.1023, 6.3773
(14, 18): 0.0828, 11.0260, 5.9986
(14, 19): 0.0828, 11.0260, 5.9986
(14, 20): 0.1275, 11.0135, 5.7969
(14, 21): 0.2045, 11.0013, 5.9257
(14, 22): 0.2045, 11.0013, 5.9257
(14, 23): 0.1988, 11.0601, 5.3495
(14, 24): 0.0651, 11.0100, 6.2554
(14, 25): 0.0651, 11.0100, 6.2554
(14, 26): 0.1002, 11.0164, 5.7499
(14, 27): 0.1112, 11.0069, 5.4460
(14, 28): 0.1162, 11.0025, 6.3243
(14, 29): 0.1162, 11.0025, 6.3243
(14, 30): 0.1543, 11.0189, 5.6264
(14, 31): 0.1939, 11.0074, 4.9810
(14, 32): 0.1939, 11.0074, 4.9810
(14, 33): 0.0950, 11.0419, 5.1887
(14, 34): -0.0119, 11.0440, 5.7300
(14, 35): -0.0119, 11.0440, 5.7300
(14, 36): 0.0379, 11.0046, 4.6142
(14, 37): 0.1860, 11.0471, 4.7172
(15, 1): 0.1786, 11.0143, 6.4282
(15, 2): 0.1786, 11.0143, 6.4282
(15, 3): 0.2761, 11.0134, 5.8162
(15, 4): 0.1969, 11.0268, 6.0935
(15, 5): 0.1969, 11.0268, 6.0935
(15, 6): 0.2773, 11.0516, 7.2624
(15, 7): 0.2344, 11.0468, 8.2592
(15, 8): 0.1966, 11.0105, 8.0195
(15, 9): 0.1966, 11.0105, 8.0195
(15, 10): 0.0836, 11.0225, 8.0829
(15, 11): 0.1367, 11.0314, 7.2208
(15, 12): 0.1367, 11.0314, 7.2208
(15, 13): 0.1444, 11.0055, 7.4532
(15, 14): 0.0232, 11.0294, 7.9035
(15, 15): 0.0232, 11.0294, 7.9035
(15, 16): 0.2366, 11.0123, 5.6366
(15, 17): 0.1192, 11.0648, 6.5028
(15, 18): 0.0925, 11.0188, 6.2809
(15, 19): 0.0925, 11.0188, 6.2809
(15, 20): 0.1059, 11.0347, 6.4433
(15, 21): 0.1970, 11.0518, 6.0099
(15, 22): 0.1970, 11.0518, 6.0099
(15, 23): 0.2175, 11.0222, 6.0200
(15, 24): 0.0834, 11.0157, 5.9658
(15, 25): 0.0834, 11.0157, 5.9658
(15, 26): 0.0758, 11.0037, 5.5785
(15, 27): 0.0690, 11.0417, 5.2793
(15, 28): 0.1597, 11.0204, 5.6530
(15, 29): 0.1597, 11.0204, 5.6530
(15, 30): 0.1672, 11.0296, 5.3839
(15, 31): 0.2538, 11.0015, 4.6986
(15, 32): 0.2538, 11.0015, 4.6986
(15, 33): 0.1852, 11.0727, 4.4465
(15, 34): 0.1362, 11.0410, 4.6621
(15, 35): 0.1362, 11.0410, 4.6621
(15, 36): 0.0662, 11.0247, 5.6640
(15, 37): 0.1860, 11.0471, 4.7172
(16, 1): 0.1786, 11.0143, 6.4282
(16, 2): 0.1786, 11.0143, 6.4282
(16, 3): 0.1887, 11.0368, 6.0135
(16, 4): 0.2802, 11.0213, 6.5587
(16, 5): 0.2802, 11.0213, 6.5587
(16, 6): 0.2267, 11.0714, 7.2627
(16, 7): 0.2670, 11.0293, 6.6708
(16, 8): 0.1450, 11.0016, 7.3083
(16, 9): 0.1450, 11.0016, 7.3083
(16, 10): 0.1236, 11.0324, 7.3677
(16, 11): 0.1034, 11.0764, 8.1449
(16, 12): 0.1034, 11.0764, 8.1449
(16, 13): 0.1943, 11.0110, 6.1638
(16, 14): 0.0460, 11.0248, 7.9074
(16, 15): 0.0460, 11.0248, 7.9074
(16, 16): 0.1252, 11.0539, 6.8053
(16, 17): 0.2210, 11.0293, 5.7008
(16, 18): 0.1873, 11.0448, 6.8569
(16, 19): 0.1873, 11.0448, 6.8569
(16, 20): 0.0974, 11.0077, 6.2322
(16, 21): 0.1358, 11.1096, 6.4253
(16, 22): 0.1358, 11.1096, 6.4253
(16, 23): 0.1652, 11.0626, 5.5260
(16, 24): 0.1480, 11.0137, 5.7258
(16, 25): 0.1480, 11.0137, 5.7258
(16, 26): 0.0824, 11.0018, 5.5307
(16, 27): 0.1114, 11.1951, 5.7323
(16, 28): 0.0319, 11.0881, 6.0350
(16, 29): 0.0319, 11.0881, 6.0350
(16, 30): 0.1299, 11.0083, 5.5176
(16, 31): 0.0786, 11.0103, 5.7567
(16, 32): 0.0786, 11.0103, 5.7567
(16, 33): 0.1990, 11.0079, 4.8407
(16, 34): 0.1232, 11.0030, 4.8158
(16, 35): 0.1232, 11.0030, 4.8158
(16, 36): 0.1903, 11.0180, 4.9166
(16, 37): 0.2750, 11.0306, 5.0806
(1, 1): 0.2557, 11.0526, 5.4091
(1, 2): 0.2557, 11.0526, 5.4091
(1, 3): 0.1997, 11.0216, 5.3602
(1, 4): 0.1997, 11.0216, 5.3602
(1, 5): 0.2594, 11.0187, 4.7919
(1, 6): 0.2528, 11.1165, 4.6508
(1, 7): 0.3068, 11.0028, 4.3749
(1, 8): 0.3068, 11.0028, 4.3749
(1, 9): 0.3860, 11.0530, 4.5351
(1, 10): 0.2917, 11.0149, 5.3873
(1, 11): 0.2917, 11.0149, 5.3873
(1, 12): 0.3893, 11.0721, 4.6694
(1, 13): 0.3327, 11.0030, 5.0317
(1, 14): 0.3227, 11.0193, 5.2851
(1, 15): 0.3227, 11.0193, 5.2851
(1, 16): 0.3906, 11.0541, 4.7121
(1, 17): 0.2215, 11.0120, 4.7262
(1, 18): 0.2215, 11.0120, 4.7262
(1, 19): 0.4443, 11.0441, 4.1061
(1, 20): 0.3518, 11.0250, 5.9086
(1, 21): 0.2326, 11.1415, 7.1512
(1, 22): 0.2326, 11.1415, 7.1512
(1, 23): 0.3958, 11.0463, 5.4698
(1, 24): 0.2775, 11.0286, 6.0105
(1, 25): 0.3731, 11.0215, 5.2302
(1, 26): 0.3731, 11.0215, 5.2302
(1, 27): 0.2818, 11.0506, 5.4403
(1, 28): 0.4106, 11.0282, 5.9969
(1, 29): 0.4106, 11.0282, 5.9969
(1, 30): 0.3056, 11.1057, 5.7668
(1, 31): 0.3423, 11.0030, 4.7949
(1, 32): 0.2030, 11.0531, 7.2628
(1, 33): 0.2030, 11.0531, 7.2628
(1, 34): 0.2408, 11.0726, 7.1013
(1, 35): 0.1845, 11.0002, 7.3462
(1, 36): 0.1845, 11.0002, 7.3462
(1, 37): 0.1499, 11.0346, 7.1706
(2, 1): 0.2678, 11.0200, 5.4670
(2, 2): 0.2678, 11.0200, 5.4670
(2, 3): 0.2349, 11.0335, 5.6174
(2, 4): 0.2349, 11.0335, 5.6174
(2, 5): 0.1883, 11.0554, 6.1498
(2, 6): 0.2329, 11.0847, 5.4322
(2, 7): 0.3660, 11.1197, 4.1187
(2, 8): 0.3660, 11.1197, 4.1187
(2, 9): 0.3686, 11.0255, 4.9957
(2, 10): 0.4182, 11.0446, 4.3970
(2, 11): 0.4182, 11.0446, 4.3970
(2, 12): 0.3318, 11.1354, 5.2935
(2, 13): 0.3327, 11.0030, 5.0317
(2, 14): 0.3227, 11.0193, 5.2851
(2, 15): 0.3227, 11.0193, 5.2851
(2, 16): 0.3906, 11.0541, 4.7121
(2, 17): 0.2215, 11.0120, 4.7262
(2, 18): 0.2215, 11.0120, 4.7262
(2, 19): 0.4443, 11.0441, 4.1061
(2, 20): 0.3518, 11.0250, 5.9086
(2, 21): 0.2326, 11.1415, 7.1512
(2, 22): 0.2326, 11.1415, 7.1512
(2, 23): 0.3958, 11.0463, 5.4698
(2, 24): 0.2775, 11.0286, 6.0105
(2, 25): 0.3731, 11.0215, 5.2302
(2, 26): 0.3731, 11.0215, 5.2302
(2, 27): 0.2818, 11.0506, 5.4403
(2, 28): 0.4106, 11.0282, 5.9969
(2, 29): 0.4106, 11.0282, 5.9969
(2, 30): 0.1851, 11.0856, 5.4606
(2, 31): 0.2534, 11.1198, 4.9875
(2, 32): 0.2549, 11.0008, 5.2039
(2, 33): 0.2549, 11.0008, 5.2039
(2, 34): 0.1993, 11.0151, 6.1645
(2, 35): 0.3081, 11.0022, 6.8298
(2, 36): 0.3081, 11.0022, 6.8298
(2, 37): 0.2925, 11.0785, 6.2615
(3, 1): 0.1928, 11.0528, 7.0639
(3, 2): 0.1928, 11.0528, 7.0639
(3, 3): 0.2473, 11.0543, 5.8499
(3, 4): 0.2473, 11.0543, 5.8499
(3, 5): 0.2638, 11.0803, 5.9229
(3, 6): 0.3061, 11.0318, 4.5508
(3, 7): 0.3660, 11.1197, 4.1187
(3, 8): 0.3660, 11.1197, 4.1187
(3, 9): 0.3686, 11.0255, 4.9957
(3, 10): 0.4182, 11.0446, 4.3970
(3, 11): 0.4182, 11.0446, 4.3970
(3, 12): 0.3318, 11.1354, 5.2935
(3, 13): 0.2558, 11.0631, 6.0111
(3, 14): 0.3459, 11.0136, 5.5797
(3, 15): 0.3459, 11.0136, 5.5797
(3, 16): 0.2774, 11.0391, 5.4256
(3, 17): 0.2319, 11.1524, 5.9084
(3, 18): 0.2319, 11.1524, 5.9084
(3, 19): 0.3640, 11.0193, 5.5712
(3, 20): 0.4074, 11.0398, 5.2077
(3, 21): 0.1898, 11.0172, 7.0051
(3, 22): 0.1898, 11.0172, 7.0051
(3, 23): 0.1449, 11.0266, 7.2848
(3, 24): 0.4584, 11.0093, 6.0603
(3, 25): 0.4584, 11.0093, 6.0603
(3, 26): 0.4947, 11.0319, 4.8442
(3, 27): 0.2625, 11.0098, 5.4464
(3, 28): 0.0878, 11.0448, 8.8155
(3, 29): 0.0878, 11.0448, 8.8155
(3, 30): 0.1851, 11.0856, 5.4606
(3, 31): 0.2534, 11.1198, 4.9875
(3, 32): 0.2549, 11.0008, 5.2039
(3, 33): 0.2549, 11.0008, 5.2039
(3, 34): 0.1993, 11.0151, 6.1645
(3, 35): 0.3081, 11.0022, 6.8298
(3, 36): 0.3081, 11.0022, 6.8298
(3, 37): 0.1856, 11.0025, 7.3183
(4, 1): 0.2264, 11.0110, 5.8672
(4, 2): 0.2264, 11.0110, 5.8672
(4, 3): 0.2473, 11.0543, 5.8499
(4, 4): 0.2473, 11.0543, 5.8499
(4, 5): 0.2638, 11.0803, 5.9229
(4, 6): 0.3061, 11.0318, 4.5508
(4, 7): 0.3042, 11.0069, 4.2769
(4, 8): 0.3042, 11.0069, 4.2769
(4, 9): 0.4377, 11.0123, 4.0603
(4, 10): 0.4288, 11.0090, 4.3129
(4, 11): 0.4288, 11.0090, 4.3129
(4, 12): 0.3233, 11.0732, 5.0741
(4, 13): 0.2964, 11.0300, 5.1350
(4, 14): 0.3667, 11.0655, 5.1596
(4, 15): 0.3667, 11.0655, 5.1596
(4, 16): 0.4102, 11.0531, 4.4080
(4, 17): 0.4898, 11.3797, 4.2724
(4, 18): 0.4898, 11.3797, 4.2724
(4, 19): 0.3135, 11.0223, 4.9691
(4, 20): 0.2643, 11.0289, 6.7387
(4, 21): 0.2858, 11.1114, 7.1753
(4, 22): 0.2858, 11.1114, 7.1753
(4, 23): 0.1014, 11.0325, 7.0704
(4, 24): 0.2825, 11.0946, 6.1444
(4, 25): 0.2825, 11.0946, 6.1444
(4, 26): 0.2873, 11.0256, 6.4469
(4, 27): 0.1489, 11.0573, 5.9964
(4, 28): 0.1059, 11.0981, 6.5795
(4, 29): 0.1059, 11.0981, 6.5795
(4, 30): -0.0206, 11.1000, 7.7722
(4, 31): 0.0390, 11.1250, 6.3168
(4, 32): 0.0743, 11.0030, 6.4219
(4, 33): 0.0743, 11.0030, 6.4219
(4, 34): 0.2441, 11.0791, 5.5093
(4, 35): 0.3290, 11.0022, 5.4458
(4, 36): 0.3290, 11.0022, 5.4458
(4, 37): 0.1856, 11.0025, 7.3183
(5, 1): 0.2264, 11.0110, 5.8672
(5, 2): 0.2264, 11.0110, 5.8672
(5, 3): 0.1802, 11.0403, 7.1037
(5, 4): 0.1802, 11.0403, 7.1037
(5, 5): 0.2609, 11.0033, 6.0700
(5, 6): 0.2132, 11.0432, 5.2853
(5, 7): 0.2556, 11.0090, 4.8480
(5, 8): 0.2556, 11.0090, 4.8480
(5, 9): 0.2654, 11.0232, 4.4780
(5, 10): 0.3093, 11.0085, 3.7321
(5, 11): 0.3093, 11.0085, 3.7321
(5, 12): 0.3403, 11.1117, 3.6871
(5, 13): 0.3051, 11.0270, 4.7971
(5, 14): 0.3188, 11.0815, 5.0045
(5, 15): 0.3188, 11.0815, 5.0045
(5, 16): 0.3572, 11.0199, 4.8237
(5, 17): 0.3360, 11.0456, 5.8494
(5, 18): 0.3360, 11.0456, 5.8494
(5, 19): 0.2985, 11.0566, 6.2457
(5, 20): 0.2042, 11.0240, 6.7541
(5, 21): 0.2410, 11.0012, 6.4101
(5, 22): 0.2410, 11.0012, 6.4101
(5, 23): 0.1466, 11.0262, 6.6435
(5, 24): 0.1067, 11.0416, 7.6731
(5, 25): 0.1067, 11.0416, 7.6731
(5, 26): 0.0675, 11.0595, 6.8616
(5, 27): 0.0138, 11.0096, 6.2616
(5, 28): 0.1114, 11.0773, 6.8370
(5, 29): 0.1114, 11.0773, 6.8370
(5, 30): -0.0313, 11.0479, 7.6342
(5, 31): -0.0383, 11.0500, 7.6850
(5, 32): -0.0383, 11.0500, 7.6850
(5, 33): 0.0903, 11.0428, 6.7124
(5, 34): 0.1250, 11.0050, 6.6695
(5, 35): 0.1044, 11.0680, 6.8253
(5, 36): 0.1044, 11.0680, 6.8253
(5, 37): 0.1429, 11.0102, 7.1465
(6, 1): 0.3359, 11.0203, 5.2201
(6, 2): 0.3359, 11.0203, 5.2201
(6, 3): 0.2839, 11.1362, 5.5783
(6, 4): 0.2839, 11.1362, 5.5783
(6, 5): 0.1648, 11.0031, 7.1222
(6, 6): 0.1776, 11.0573, 6.2671
(6, 7): 0.2733, 11.0254, 4.7856
(6, 8): 0.2733, 11.0254, 4.7856
(6, 9): 0.1854, 11.0727, 4.8077
(6, 10): 0.2221, 11.0363, 4.6324
(6, 11): 0.2221, 11.0363, 4.6324
(6, 12): 0.1401, 11.0108, 4.9524
(6, 13): 0.1678, 11.0561, 5.3353
(6, 14): 0.2639, 11.0419, 4.9670
(6, 15): 0.2639, 11.0419, 4.9670
(6, 16): 0.2741, 11.0848, 5.7062
(6, 17): 0.3041, 11.0190, 5.6612
(6, 18): 0.3041, 11.0190, 5.6612
(6, 19): 0.4161, 11.0222, 5.5305
(6, 20): 0.3202, 11.0844, 5.3010
(6, 21): 0.2892, 11.0089, 5.5922
(6, 22): 0.2892, 11.0089, 5.5922
(6, 23): 0.3846, 11.0116, 4.6819
(6, 24): 0.2839, 11.0252, 6.4704
(6, 25): 0.2839, 11.0252, 6.4704
(6, 26): 0.1782, 11.1020, 7.1535
(6, 27): 0.0310, 11.1234, 6.1289
(6, 28): 0.1678, 11.0073, 5.1906
(6, 29): 0.1678, 11.0073, 5.1906
(6, 30): 0.2761, 11.0976, 4.0411
(6, 31): -0.0255, 11.0592, 6.4572
(6, 32): -0.0255, 11.0592, 6.4572
(6, 33): 0.1161, 11.0842, 6.5038
(6, 34): 0.0821, 11.0539, 6.3794
(6, 35): 0.1237, 11.0148, 6.1634
(6, 36): 0.1237, 11.0148, 6.1634
(6, 37): 0.0544, 11.0021, 7.7070
(7, 1): 0.2588, 11.0200, 5.1041
(7, 2): 0.2588, 11.0200, 5.1041
(7, 3): 0.2655, 11.0348, 5.6656
(7, 4): 0.2544, 11.0236, 6.1756
(7, 5): 0.2544, 11.0236, 6.1756
(7, 6): 0.1099, 11.0011, 7.4762
(7, 7): 0.0862, 11.0080, 6.0018
(7, 8): 0.0862, 11.0080, 6.0018
(7, 9): 0.1079, 11.0025, 6.1045
(7, 10): 0.1587, 11.1639, 6.3135
(7, 11): 0.1569, 11.0138, 5.3518
(7, 12): 0.1569, 11.0138, 5.3518
(7, 13): 0.0556, 11.0308, 6.1717
(7, 14): 0.1719, 11.0276, 5.1627
(7, 15): 0.1719, 11.0276, 5.1627
(7, 16): 0.2505, 11.0322, 5.3989
(7, 17): 0.2998, 11.0316, 4.9173
(7, 18): 0.2998, 11.0316, 4.9173
(7, 19): 0.3438, 11.0056, 6.0783
(7, 20): 0.3347, 11.0101, 5.8154
(7, 21): 0.4175, 11.1039, 4.8855
(7, 22): 0.4175, 11.1039, 4.8855
(7, 23): 0.3434, 11.0517, 5.0577
(7, 24): 0.3365, 11.0271, 5.6529
(7, 25): 0.3365, 11.0271, 5.6529
(7, 26): 0.3239, 11.0821, 5.7919
(7, 27): 0.1554, 11.0058, 5.0476
(7, 28): 0.2451, 11.0159, 3.6716
(7, 29): 0.2451, 11.0159, 3.6716
(7, 30): 0.2342, 11.0367, 3.9505
(7, 31): 0.1096, 11.0856, 4.6968
(7, 32): 0.1096, 11.0856, 4.6968
(7, 33): 0.0963, 11.0505, 6.7831
(7, 34): 0.1311, 11.0401, 5.9185
(7, 35): 0.0226, 11.0072, 7.1591
(7, 36): 0.0226, 11.0072, 7.1591
(7, 37): 0.0955, 11.0035, 6.5773
(8, 1): 0.2809, 11.0839, 5.5731
(8, 2): 0.2809, 11.0839, 5.5731
(8, 3): 0.2264, 11.0053, 6.1346
(8, 4): 0.1832, 11.0334, 6.8924
(8, 5): 0.1832, 11.0334, 6.8924
(8, 6): -0.0033, 11.0023, 8.6971
(8, 7): -0.0453, 11.0292, 8.3331
(8, 8): -0.0453, 11.0292, 8.3331
(8, 9): -0.0176, 11.0303, 7.4905
(8, 10): 0.0699, 11.1124, 6.8258
(8, 11): -0.0274, 11.0638, 6.2231
(8, 12): -0.0274, 11.0638, 6.2231
(8, 13): -0.0274, 11.0333, 6.1023
(8, 14): 0.0854, 11.0247, 5.4110
(8, 15): 0.0854, 11.0247, 5.4110
(8, 16): 0.1536, 11.0234, 5.2334
(8, 17): 0.1641, 11.1006, 5.0807
(8, 18): 0.1641, 11.1006, 5.0807
(8, 19): 0.2633, 11.0018, 5.8589
(8, 20): 0.3533, 11.0151, 5.9060
(8, 21): 0.3497, 11.0306, 5.6998
(8, 22): 0.3497, 11.0306, 5.6998
(8, 23): 0.2371, 11.0414, 7.0226
(8, 24): 0.2609, 11.0140, 5.9576
(8, 25): 0.2609, 11.0140, 5.9576
(8, 26): 0.1316, 11.0611, 8.0687
(8, 27): 0.0779, 11.0032, 6.4915
(8, 28): 0.2661, 11.0137, 4.3929
(8, 29): 0.2661, 11.0137, 4.3929
(8, 30): 0.2767, 11.0016, 4.1421
(8, 31): 0.1385, 11.0604, 4.2063
(8, 32): 0.1385, 11.0604, 4.2063
(8, 33): 0.1802, 11.0018, 5.1538
(8, 34): 0.1158, 11.0069, 5.7937
(8, 35): 0.1114, 11.0697, 5.2131
(8, 36): 0.1114, 11.0697, 5.2131
(8, 37): 0.1081, 11.0092, 5.6828
(17, 1): 0.2480, 11.1085, 6.3752
(17, 2): 0.2480, 11.1085, 6.3752
(17, 3): 0.3523, 11.1772, 5.7674
(17, 4): 0.2476, 11.0349, 6.3546
(17, 5): 0.2476, 11.0349, 6.3546
(17, 6): 0.1002, 11.0007, 7.1395
(17, 7): 0.1427, 11.0136, 7.1841
(17, 8): 0.1726, 11.0102, 7.6139
(17, 9): 0.1726, 11.0102, 7.6139
(17, 10): 0.1029, 11.0699, 7.7452
(17, 11): 0.0905, 11.0695, 6.7122
(17, 12): 0.0905, 11.0695, 6.7122
(17, 13): 0.0820, 11.0110, 6.9043
(17, 14): 0.0111, 11.0484, 7.6874
(17, 15): 0.0111, 11.0484, 7.6874
(17, 16): -0.0085, 11.0176, 7.8629
(17, 17): 0.0774, 11.0119, 7.4538
(17, 18): 0.2071, 11.0239, 6.2104
(17, 19): 0.2071, 11.0239, 6.2104
(17, 20): 0.2010, 11.0340, 6.1078
(17, 21): 0.1673, 11.0109, 6.1375
(17, 22): 0.1673, 11.0109, 6.1375
(17, 23): 0.1252, 11.0027, 5.5027
(17, 24): 0.1542, 11.0018, 5.1901
(17, 25): 0.1542, 11.0018, 5.1901
(17, 26): 0.0879, 11.0715, 6.0938
(17, 27): -0.0491, 11.0177, 6.8340
(17, 28): -0.0021, 11.0166, 7.3850
(17, 29): -0.0021, 11.0166, 7.3850
(17, 30): 0.1004, 11.0333, 5.5999
(17, 31): 0.0755, 11.0219, 6.1356
(17, 32): 0.0755, 11.0219, 6.1356
(17, 33): 0.1825, 11.0465, 5.3446
(17, 34): 0.0840, 11.0191, 5.8526
(17, 35): 0.0840, 11.0191, 5.8526
(17, 36): 0.1636, 11.0133, 5.8216
(17, 37): 0.1485, 11.0085, 5.4863
(18, 1): 0.2911, 11.0401, 5.7689
(18, 2): 0.2911, 11.0401, 5.7689
(18, 3): 0.1761, 11.0307, 7.0520
(18, 4): 0.0708, 11.0237, 7.2265
(18, 5): 0.1116, 11.0818, 7.3506
(18, 6): 0.1116, 11.0818, 7.3506
(18, 7): 0.1064, 11.0406, 7.3543
(18, 8): 0.1177, 11.0001, 7.3828
(18, 9): 0.1177, 11.0001, 7.3828
(18, 10): 0.0845, 11.0009, 6.6155
(18, 11): 0.0723, 11.0391, 6.6667
(18, 12): 0.0723, 11.0391, 6.6667
(18, 13): 0.0459, 11.0516, 7.0989
(18, 14): 0.1031, 11.0235, 6.9588
(18, 15): 0.1031, 11.0235, 6.9588
(18, 16): -0.0010, 11.0133, 8.0004
(18, 17): 0.0707, 11.0251, 6.9272
(18, 18): 0.1328, 11.0482, 6.7971
(18, 19): 0.1328, 11.0482, 6.7971
(18, 20): 0.1678, 11.0096, 7.1740
(18, 21): 0.1409, 11.0420, 5.9974
(18, 22): 0.1409, 11.0420, 5.9974
(18, 23): 0.1290, 11.0014, 5.2840
(18, 24): 0.1348, 11.0429, 5.6575
(18, 25): 0.1348, 11.0429, 5.6575
(18, 26): 0.1038, 11.0048, 6.0359
(18, 27): -0.0290, 11.0667, 5.6607
(18, 28): -0.0290, 11.0667, 5.6607
(18, 29): 0.1086, 11.0342, 5.3442
(18, 30): 0.1450, 11.0108, 5.2510
(18, 31): 0.1630, 11.0047, 5.4022
(18, 32): 0.1630, 11.0047, 5.4022
(18, 33): 0.2240, 11.0241, 5.0469
(18, 34): 0.1273, 11.0004, 5.7231
(18, 35): 0.1273, 11.0004, 5.7231
(18, 36): 0.1137, 11.0167, 6.3538
(18, 37): 0.0795, 11.0589, 5.8736
(19, 1): 0.3264, 11.0910, 3.3657
(19, 2): 0.3264, 11.0910, 3.3657
(19, 3): 0.0825, 11.0230, 8.0107
(19, 4): 0.0796, 11.0086, 7.9564
(19, 5): 0.0429, 11.0733, 7.3750
(19, 6): 0.0429, 11.0733, 7.3750
(19, 7): 0.0221, 11.0074, 6.5867
(19, 8): 0.0960, 11.0994, 6.3423
(19, 9): 0.0960, 11.0994, 6.3423
(19, 10): 0.1082, 11.0672, 6.7258
(19, 11): 0.1841, 11.0916, 6.3227
(19, 12): 0.1841, 11.0916, 6.3227
(19, 13): 0.1693, 11.0032, 6.4517
(19, 14): 0.1488, 11.0074, 6.6454
(19, 15): 0.1488, 11.0074, 6.6454
(19, 16): 0.0168, 11.0557, 8.3727
(19, 17): 0.0261, 11.0081, 7.5011
(19, 18): 0.0670, 11.0570, 7.1047
(19, 19): 0.0670, 11.0570, 7.1047
(19, 20): 0.1873, 11.0280, 6.0471
(19, 21): 0.1864, 11.0219, 6.7225
(19, 22): 0.1864, 11.0219, 6.7225
(19, 23): 0.1006, 11.0086, 7.1847
(19, 24): 0.1817, 11.1256, 5.9683
(19, 25): 0.1817, 11.1256, 5.9683
(19, 26): 0.1416, 11.0396, 5.8066
(19, 27): 0.1344, 11.0038, 5.4822
(19, 28): 0.1344, 11.0038, 5.4822
(19, 29): 0.1467, 11.0274, 5.2836
(19, 30): 0.1319, 11.0162, 5.0168
(19, 31): 0.1105, 11.0024, 5.3334
(19, 32): 0.1105, 11.0024, 5.3334
(19, 33): 0.2007, 11.0041, 4.8286
(19, 34): 0.1885, 11.1698, 4.7199
(19, 35): 0.1885, 11.1698, 4.7199
(19, 36): 0.2186, 11.1871, 5.5810
(19, 37): 0.1534, 11.0306, 5.4775
(20, 1): 0.1566, 11.0908, 4.5085
(20, 2): 0.1566, 11.0908, 4.5085
(20, 3): 0.1270, 11.0337, 7.0255
(20, 4): 0.0601, 11.0339, 7.5610
(20, 5): -0.0219, 11.0454, 7.0895
(20, 6): -0.0219, 11.0454, 7.0895
(20, 7): -0.0500, 11.0058, 7.3183
(20, 8): 0.0649, 11.0388, 6.6793
(20, 9): 0.0649, 11.0388, 6.6793
(20, 10): 0.1931, 11.0554, 5.7751
(20, 11): 0.1238, 11.0624, 6.4558
(20, 12): 0.1238, 11.0624, 6.4558
(20, 13): 0.0344, 11.0711, 7.1493
(20, 14): -0.0212, 11.0570, 7.7560
(20, 15): -0.0212, 11.0570, 7.7560
(20, 16): -0.0554, 11.0237, 7.6450
(20, 17): -0.0131, 11.0138, 8.2041
(20, 18): 0.0606, 11.0194, 6.6483
(20, 19): 0.0606, 11.0194, 6.6483
(20, 20): 0.0550, 11.0895, 7.9271
(20, 21): 0.1541, 11.0057, 6.4490
(20, 22): 0.1541, 11.0057, 6.4490
(20, 23): 0.1409, 11.0485, 6.3041
(20, 24): 0.1823, 11.0283, 5.5972
(20, 25): 0.1823, 11.0283, 5.5972
(20, 26): 0.1980, 11.0138, 5.0091
(20, 27): 0.1778, 11.0816, 5.1430
(20, 28): 0.1778, 11.0816, 5.1430
(20, 29): 0.1460, 11.0119, 5.0176
(20, 30): 0.0877, 11.0071, 5.4085
(20, 31): 0.0833, 11.0690, 4.7285
(20, 32): 0.0833, 11.0690, 4.7285
(20, 33): 0.1510, 11.0167, 4.7607
(20, 34): 0.1710, 11.0672, 4.1326
(20, 35): 0.1710, 11.0672, 4.1326
(20, 36): 0.3069, 11.0200, 4.7507
(20, 37): 0.2285, 11.0094, 4.7403
(21, 1): 0.0828, 11.0249, 4.8704
(21, 2): 0.1475, 11.0256, 5.2835
(21, 3): 0.1475, 11.0256, 5.2835
(21, 4): 0.0242, 11.1036, 7.7038
(21, 5): 0.0575, 11.0016, 7.1058
(21, 6): 0.0575, 11.0016, 7.1058
(21, 7): 0.0139, 11.0149, 7.3411
(21, 8): 0.0683, 11.0383, 6.6361
(21, 9): 0.0683, 11.0383, 6.6361
(21, 10): 0.0938, 11.0044, 6.5870
(21, 11): 0.0711, 11.0055, 6.7286
(21, 12): 0.0711, 11.0055, 6.7286
(21, 13): 0.0158, 11.0278, 7.6029
(21, 14): 0.0671, 11.0288, 6.4679
(21, 15): 0.0671, 11.0288, 6.4679
(21, 16): -0.0382, 11.0761, 7.0472
(21, 17): 0.0404, 11.0080, 7.6092
(21, 18): 0.2018, 11.0722, 6.9321
(21, 19): 0.2018, 11.0722, 6.9321
(21, 20): 0.1815, 11.0140, 6.9732
(21, 21): 0.0679, 11.0003, 7.0607
(21, 22): 0.0679, 11.0003, 7.0607
(21, 23): 0.1962, 11.0195, 6.2388
(21, 24): 0.1819, 11.0033, 6.7854
(21, 25): 0.1819, 11.0033, 6.7854
(21, 26): 0.2464, 11.0453, 4.7875
(21, 27): 0.2539, 11.0218, 4.6695
(21, 28): 0.2539, 11.0218, 4.6695
(21, 29): 0.1409, 11.0153, 4.7798
(21, 30): 0.0783, 11.0514, 4.6668
(21, 31): -0.0143, 11.0066, 5.2315
(21, 32): -0.0143, 11.0066, 5.2315
(21, 33): 0.1237, 11.0061, 5.1819
(21, 34): 0.0922, 11.0108, 4.2836
(21, 35): 0.0922, 11.0108, 4.2836
(21, 36): 0.3484, 11.0137, 4.7311
(21, 37): 0.2535, 11.0152, 4.8867
(22, 1): 0.0626, 11.0710, 4.7356
(22, 2): 0.1494, 11.2403, 4.1998
(22, 3): 0.1494, 11.2403, 4.1998
(22, 4): 0.0599, 11.0994, 7.5323
(22, 5): 0.1049, 11.0239, 7.2431
(22, 6): 0.1049, 11.0239, 7.2431
(22, 7): 0.1026, 11.0432, 7.0002
(22, 8): 0.0854, 11.0106, 7.0853
(22, 9): 0.0854, 11.0106, 7.0853
(22, 10): 0.0957, 11.0062, 6.7079
(22, 11): 0.1452, 11.0513, 6.1477
(22, 12): 0.1452, 11.0513, 6.1477
(22, 13): 0.0388, 11.0516, 7.2460
(22, 14): -0.0025, 11.0623, 6.9686
(22, 15): 0.0788, 11.0745, 6.7468
(22, 16): 0.0788, 11.0745, 6.7468
(22, 17): 0.0843, 11.0087, 6.5279
(22, 18): 0.2175, 11.0111, 6.0590
(22, 19): 0.2175, 11.0111, 6.0590
(22, 20): 0.0967, 11.0693, 7.1047
(22, 21): 0.2446, 11.1126, 6.3181
(22, 22): 0.2446, 11.1126, 6.3181
(22, 23): 0.1536, 11.0116, 6.0211
(22, 24): 0.1397, 11.0658, 7.6248
(22, 25): 0.1397, 11.0658, 7.6248
(22, 26): 0.1515, 11.0022, 6.5445
(22, 27): 0.1511, 11.0360, 5.0657
(22, 28): 0.1511, 11.0360, 5.0657
(22, 29): 0.0916, 11.0028, 4.7265
(22, 30): 0.0672, 11.0170, 5.5991
(22, 31): 0.0705, 11.0269, 5.6202
(22, 32): 0.0705, 11.0269, 5.6202
(22, 33): 0.1302, 11.0704, 5.3570
(22, 34): 0.1987, 11.0183, 4.8250
(22, 35): 0.1987, 11.0183, 4.8250
(22, 36): 0.2008, 11.0069, 6.6182
(22, 37): 0.2172, 11.0427, 5.5819
(23, 1): 0.0468, 11.0255, 4.7679
(23, 2): 0.0499, 11.0090, 4.7545
(23, 3): 0.0499, 11.0090, 4.7545
(23, 4): 0.0836, 11.0110, 7.4205
(23, 5): 0.1404, 11.0608, 6.8905
(23, 6): 0.1404, 11.0608, 6.8905
(23, 7): 0.1304, 11.0072, 7.1397
(23, 8): 0.0935, 11.0815, 7.5037
(23, 9): 0.0935, 11.0815, 7.5037
(23, 10): 0.1081, 11.0184, 6.9655
(23, 11): 0.1033, 11.0541, 7.4894
(23, 12): 0.1033, 11.0541, 7.4894
(23, 13): 0.0925, 11.0223, 7.5669
(23, 14): 0.1004, 11.0105, 6.7376
(23, 15): 0.1035, 11.0172, 6.8929
(23, 16): 0.1035, 11.0172, 6.8929
(23, 17): 0.1218, 11.0062, 6.8691
(23, 18): 0.0813, 11.0076, 8.2659
(23, 19): 0.0813, 11.0076, 8.2659
(23, 20): 0.0948, 11.0074, 6.7612
(23, 21): 0.2102, 11.0014, 6.5155
(23, 22): 0.2102, 11.0014, 6.5155
(23, 23): 0.1737, 11.0321, 6.3208
(23, 24): 0.1964, 11.0189, 6.2987
(23, 25): 0.1964, 11.0189, 6.2987
(23, 26): 0.1621, 11.0566, 6.4577
(23, 27): 0.2396, 11.0042, 6.1898
(23, 28): 0.2396, 11.0042, 6.1898
(23, 29): 0.0602, 11.0185, 5.3663
(23, 30): 0.0061, 11.0118, 5.8876
(23, 31): 0.0083, 11.0121, 6.1012
(23, 32): 0.0083, 11.0121, 6.1012
(23, 33): 0.1303, 11.0345, 5.1707
(23, 34): 0.1102, 11.0083, 4.8116
(23, 35): 0.1102, 11.0083, 4.8116
(23, 36): 0.0877, 11.0233, 5.5765
(23, 37): 0.2525, 11.0011, 5.1361
(24, 1): 0.0518, 11.0681, 5.0489
(24, 2): 0.0985, 11.0242, 4.7844
(24, 3): 0.0985, 11.0242, 4.7844
(24, 4): 0.0880, 11.0057, 7.6737
(24, 5): 0.1137, 11.0083, 7.1099
(24, 6): 0.1137, 11.0083, 7.1099
(24, 7): 0.1241, 11.0040, 6.8750
(24, 8): 0.1014, 11.0307, 6.8628
(24, 9): 0.1014, 11.0307, 6.8628
(24, 10): 0.0085, 11.0142, 7.9067
(24, 11): 0.1025, 11.2267, 7.1725
(24, 12): 0.1025, 11.2267, 7.1725
(24, 13): 0.0925, 11.0223, 7.5669
(24, 14): 0.1004, 11.0105, 6.7376
(24, 15): 0.1035, 11.0172, 6.8929
(24, 16): 0.1035, 11.0172, 6.8929
(24, 17): 0.1218, 11.0062, 6.8691
(24, 18): 0.0813, 11.0076, 8.2659
(24, 19): 0.0813, 11.0076, 8.2659
(24, 20): 0.0948, 11.0074, 6.7612
(24, 21): 0.2102, 11.0014, 6.5155
(24, 22): 0.2102, 11.0014, 6.5155
(24, 23): 0.1737, 11.0321, 6.3208
(24, 24): 0.1964, 11.0189, 6.2987
(24, 25): 0.1964, 11.0189, 6.2987
(24, 26): 0.1621, 11.0566, 6.4577
(24, 27): 0.2396, 11.0042, 6.1898
(24, 28): 0.2396, 11.0042, 6.1898
(24, 29): 0.0602, 11.0185, 5.3663
(24, 30): 0.0061, 11.0118, 5.8876
(24, 31): 0.2124, 11.0098, 5.0429
(24, 32): 0.1121, 11.0070, 6.0386
(24, 33): 0.0950, 11.0086, 5.5626
(24, 34): 0.1304, 11.0056, 4.8892
(24, 35): 0.1304, 11.0056, 4.8892
(24, 36): 0.2388, 11.1381, 4.5683
(24, 37): 0.2023, 11.0228, 5.6542
(25, 1): 0.1959, 11.0412, 4.6649
(25, 2): 0.2512, 11.0585, 4.1062
(25, 3): 0.2512, 11.0585, 4.1062
(25, 4): 0.1933, 11.0239, 7.5480
(25, 5): 0.2047, 11.0328, 7.5302
(25, 6): 0.2047, 11.0328, 7.5302
(25, 7): 0.1241, 11.0040, 6.8750
(25, 8): 0.1014, 11.0307, 6.8628
(25, 9): 0.1014, 11.0307, 6.8628
(25, 10): 0.0085, 11.0142, 7.9067
(25, 11): 0.1025, 11.2267, 7.1725
(25, 12): 0.1025, 11.2267, 7.1725
(25, 13): 0.1392, 11.0294, 7.0215
(25, 14): 0.1063, 11.0552, 6.9389
(25, 15): 0.1441, 11.0100, 6.2656
(25, 16): 0.1441, 11.0100, 6.2656
(25, 17): 0.1502, 11.0923, 6.5523
(25, 18): 0.1536, 11.0445, 7.3449
(25, 19): 0.1536, 11.0445, 7.3449
(25, 20): 0.2196, 11.0237, 5.3968
(25, 21): 0.1799, 11.0097, 5.8754
(25, 22): 0.1799, 11.0097, 5.8754
(25, 23): 0.2639, 11.0608, 6.0186
(25, 24): 0.2486, 11.0627, 5.6435
(25, 25): 0.2486, 11.0627, 5.6435
(25, 26): 0.2069, 11.0262, 5.9630
(25, 27): 0.2432, 11.0199, 5.5075
(25, 28): 0.2432, 11.0199, 5.5075
(25, 29): 0.3092, 11.0125, 5.0752
(25, 30): 0.2124, 11.0098, 5.0429
(25, 31): 0.2124, 11.0098, 5.0429
(25, 32): 0.1121, 11.0070, 6.0386
(25, 33): 0.0950, 11.0086, 5.5626
(25, 34): 0.1304, 11.0056, 4.8892
(25, 35): 0.1304, 11.0056, 4.8892
(25, 36): 0.2388, 11.1381, 4.5683
(25, 37): 0.2356, 11.1687, 4.7628
(26, 1): 0.0706, 11.0084, 6.0134
(26, 2): 0.2512, 11.0585, 4.1062
(26, 3): 0.2512, 11.0585, 4.1062
(26, 4): 0.1933, 11.0239, 7.5480
(26, 5): 0.2047, 11.0328, 7.5302
(26, 6): 0.2047, 11.0328, 7.5302
(26, 7): 0.3522, 11.0216, 6.0552
(26, 8): 0.2469, 11.1872, 6.8163
(26, 9): 0.2469, 11.1872, 6.8163
(26, 10): 0.2144, 11.0037, 7.2254
(26, 11): 0.2474, 11.1012, 7.4064
(26, 12): 0.2474, 11.1012, 7.4064
(26, 13): 0.2336, 11.0001, 7.6023
(26, 14): 0.2086, 11.0228, 7.2581
(26, 15): 0.2287, 11.0144, 6.8393
(26, 16): 0.2287, 11.0144, 6.8393
(26, 17): 0.2240, 11.0369, 6.4380
(26, 18): 0.2333, 11.0287, 6.4016
(26, 19): 0.2333, 11.0287, 6.4016
(26, 20): 0.2637, 11.0290, 6.0838
(26, 21): 0.2910, 11.0410, 5.8816
(26, 22): 0.2910, 11.0410, 5.8816
(26, 23): 0.3986, 11.0279, 5.0815
(26, 24): 0.1928, 11.0948, 6.1243
(26, 25): 0.1928, 11.0948, 6.1243
(26, 26): 0.2720, 11.0296, 5.6720
(26, 27): 0.2116, 11.0725, 5.7947
(26, 28): 0.2116, 11.0725, 5.7947
(26, 29): 0.3144, 11.0779, 5.6982
(26, 30): 0.5354, 11.0510, 3.7801
(26, 31): 0.5354, 11.0510, 3.7801
(26, 32): 0.2814, 11.0253, 5.4960
(26, 33): 0.2454, 11.0136, 5.0524
(26, 34): 0.3101, 11.0315, 4.4358
(26, 35): 0.3101, 11.0315, 4.4358
(26, 36): 0.2327, 11.0193, 4.0848
(26, 37): 0.2356, 11.1687, 4.7628
(27, 1): 0.0706, 11.0084, 6.0134
(27, 2): 0.4043, 11.2196, 4.1601
(27, 3): 0.4043, 11.2196, 4.1601
(27, 4): 0.2826, 11.1055, 6.4429
(27, 5): 0.3070, 11.0349, 6.4203
(27, 6): 0.3070, 11.0349, 6.4203
(27, 7): 0.3175, 11.0084, 6.4264
(27, 8): 0.2773, 11.0800, 7.2939
(27, 9): 0.2773, 11.0800, 7.2939
(27, 10): 0.3082, 11.0032, 6.7121
(27, 11): 0.3226, 11.1299, 6.7170
(27, 12): 0.2483, 11.1200, 7.4021
(27, 13): 0.2483, 11.1200, 7.4021
(27, 14): 0.3022, 11.0797, 6.2801
(27, 15): 0.2784, 11.0221, 6.4059
(27, 16): 0.2784, 11.0221, 6.4059
(27, 17): 0.3446, 11.1235, 6.0132
(27, 18): 0.3380, 11.0601, 6.3179
(27, 19): 0.3380, 11.0601, 6.3179
(27, 20): 0.3068, 11.0308, 5.3538
(27, 21): 0.2925, 11.0098, 5.6959
(27, 22): 0.2925, 11.0098, 5.6959
(27, 23): 0.1856, 11.0576, 7.1933
(27, 24): 0.2694, 11.0424, 5.8968
(27, 25): 0.2694, 11.0424, 5.8968
(27, 26): 0.2671, 11.0294, 5.7909
(27, 27): 0.2437, 11.0036, 5.6258
(27, 28): 0.2437, 11.0036, 5.6258
(27, 29): 0.3215, 11.1730, 4.5287
(27, 30): 0.3565, 11.0259, 4.3813
(27, 31): 0.3565, 11.0259, 4.3813
(27, 32): 0.2783, 11.0166, 4.8820
(27, 33): 0.3698, 11.0109, 4.3207
(27, 34): 0.3698, 11.0109, 4.3207
(27, 35): 0.3575, 11.0809, 4.4354
(27, 36): 0.2324, 11.0096, 5.2697
(27, 37): 0.2878, 11.0306, 4.3448
(28, 1): 0.1353, 11.5800, 5.3463
(28, 2): 0.2446, 11.0916, 5.7795
(28, 3): 0.2446, 11.0916, 5.7795
(28, 4): 0.3205, 11.0108, 6.2506
(28, 5): 0.4614, 11.0553, 4.9487
(28, 6): 0.4614, 11.0553, 4.9487
(28, 7): 0.3763, 11.0240, 6.0231
(28, 8): 0.4257, 11.0005, 5.7426
(28, 9): 0.4257, 11.0005, 5.7426
(28, 10): 0.3978, 11.0476, 5.9503
(28, 11): 0.3319, 11.0213, 6.1422
(28, 12): 0.3043, 11.1015, 6.3993
(28, 13): 0.3043, 11.1015, 6.3993
(28, 14): 0.2381, 11.0350, 6.8177
(28, 15): 0.2958, 11.0083, 6.1033
(28, 16): 0.2958, 11.0083, 6.1033
(28, 17): 0.3537, 11.0464, 5.7928
(28, 18): 0.4102, 11.1027, 5.3501
(28, 19): 0.4102, 11.1027, 5.3501
(28, 20): 0.3262, 11.0230, 5.3056
(28, 21): 0.3254, 11.0135, 5.3573
(28, 22): 0.3254, 11.0135, 5.3573
(28, 23): 0.2349, 11.0335, 6.6502
(28, 24): 0.2593, 11.0319, 5.6071
(28, 25): 0.2593, 11.0319, 5.6071
(28, 26): 0.1593, 11.0422, 5.4790
(28, 27): 0.1795, 11.0018, 6.1629
(28, 28): 0.1795, 11.0018, 6.1629
(28, 29): 0.2828, 11.0127, 4.1744
(28, 30): 0.2847, 11.0011, 4.9352
(28, 31): 0.2847, 11.0011, 4.9352
(28, 32): 0.3472, 11.0057, 4.8514
(28, 33): 0.2500, 11.0080, 4.9276
(28, 34): 0.2500, 11.0080, 4.9276
(28, 35): 0.2868, 11.0085, 4.5440
(28, 36): 0.2456, 11.0197, 4.7778
(28, 37): 0.2681, 11.0623, 4.6531
(29, 1): 0.1624, 11.0190, 5.8126
(29, 2): 0.3504, 11.0402, 5.1290
(29, 3): 0.3504, 11.0402, 5.1290
(29, 4): 0.4092, 11.0494, 5.8360
(29, 5): 0.4149, 11.0706, 5.7532
(29, 6): 0.4149, 11.0706, 5.7532
(29, 7): 0.4498, 11.0171, 5.3599
(29, 8): 0.4632, 11.0155, 5.1981
(29, 9): 0.4329, 11.0079, 5.2348
(29, 10): 0.4329, 11.0079, 5.2348
(29, 11): 0.2895, 11.0100, 6.1216
(29, 12): 0.2621, 11.0571, 6.3651
(29, 13): 0.2621, 11.0571, 6.3651
(29, 14): 0.2103, 11.0246, 7.1251
(29, 15): 0.2892, 11.0353, 6.0238
(29, 16): 0.2892, 11.0353, 6.0238
(29, 17): 0.2991, 11.0330, 6.2498
(29, 18): 0.3122, 11.0139, 5.7803
(29, 19): 0.3122, 11.0139, 5.7803
(29, 20): 0.3285, 11.0465, 5.3684
(29, 21): 0.2660, 11.0445, 5.6537
(29, 22): 0.2660, 11.0445, 5.6537
(29, 23): 0.2198, 11.0054, 5.7373
(29, 24): 0.1922, 11.0017, 5.0563
(29, 25): 0.1922, 11.0017, 5.0563
(29, 26): 0.1664, 11.0827, 5.2740
(29, 27): 0.1933, 11.0289, 6.0684
(29, 28): 0.1933, 11.0289, 6.0684
(29, 29): 0.2701, 11.0384, 5.1214
(29, 30): 0.2247, 11.0147, 5.7615
(29, 31): 0.2247, 11.0147, 5.7615
(29, 32): 0.2509, 11.0275, 5.4990
(29, 33): 0.2103, 11.0169, 4.8955
(29, 34): 0.2103, 11.0169, 4.8955
(29, 35): 0.2992, 11.0151, 3.7558
(29, 36): 0.2779, 11.0145, 4.2729
(29, 37): 0.2779, 11.0145, 4.2729
(30, 1): 0.3276, 11.0774, 4.6439
(30, 2): 0.5290, 11.0044, 5.3002
(30, 3): 0.5290, 11.0044, 5.3002
(30, 4): 0.3639, 11.0037, 7.0743
(30, 5): 0.3393, 11.0427, 6.7617
(30, 6): 0.3655, 11.0321, 6.8711
(30, 7): 0.3655, 11.0321, 6.8711
(30, 8): 0.3368, 11.0849, 6.5766
(30, 9): 0.3317, 11.0050, 5.8767
(30, 10): 0.3317, 11.0050, 5.8767
(30, 11): 0.3040, 11.0070, 5.9137
(30, 12): 0.2329, 11.0195, 6.5795
(30, 13): 0.2329, 11.0195, 6.5795
(30, 14): 0.2148, 11.0012, 6.7591
(30, 15): 0.2473, 11.0327, 6.8186
(30, 16): 0.2473, 11.0327, 6.8186
(30, 17): 0.2871, 11.0191, 6.1544
(30, 18): 0.3306, 11.0393, 5.4877
(30, 19): 0.3306, 11.0393, 5.4877
(30, 20): 0.2645, 11.0063, 5.7803
(30, 21): 0.2934, 11.1128, 5.2878
(30, 22): 0.2934, 11.1128, 5.2878
(30, 23): 0.1642, 11.0018, 4.9145
(30, 24): 0.1900, 11.0129, 5.1726
(30, 25): 0.1900, 11.0129, 5.1726
(30, 26): 0.2942, 11.0189, 4.5626
(30, 27): 0.2530, 11.0235, 5.5829
(30, 28): 0.2530, 11.0235, 5.5829
(30, 29): 0.2873, 11.0283, 5.2298
(30, 30): 0.2290, 11.0188, 6.2087
(30, 31): 0.2290, 11.0188, 6.2087
(30, 32): 0.2309, 11.0294, 6.4872
(30, 33): 0.3297, 11.0791, 4.7855
(30, 34): 0.3297, 11.0791, 4.7855
(30, 35): 0.3217, 11.0452, 4.5691
(30, 36): 0.2574, 11.0155, 4.5785
(30, 37): 0.2574, 11.0155, 4.5785
(31, 1): 0.3276, 11.0774, 4.6439
(31, 2): 0.5290, 11.0044, 5.3002
(31, 3): 0.3639, 11.0037, 7.0743
(31, 4): 0.3639, 11.0037, 7.0743
(31, 5): 0.3393, 11.0427, 6.7617
(31, 6): 0.3655, 11.0321, 6.8711
(31, 7): 0.3655, 11.0321, 6.8711
(31, 8): 0.3368, 11.0849, 6.5766
(31, 9): 0.3317, 11.0050, 5.8767
(31, 10): 0.3317, 11.0050, 5.8767
(31, 11): 0.3040, 11.0070, 5.9137
(31, 12): 0.2329, 11.0195, 6.5795
(31, 13): 0.2329, 11.0195, 6.5795
(31, 14): 0.2148, 11.0012, 6.7591
(31, 15): 0.2473, 11.0327, 6.8186
(31, 16): 0.2473, 11.0327, 6.8186
(31, 17): 0.2871, 11.0191, 6.1544
(31, 18): 0.3306, 11.0393, 5.4877
(31, 19): 0.3306, 11.0393, 5.4877
(31, 20): 0.2645, 11.0063, 5.7803
(31, 21): 0.2934, 11.1128, 5.2878
(31, 22): 0.2934, 11.1128, 5.2878
(31, 23): 0.1642, 11.0018, 4.9145
(31, 24): 0.1900, 11.0129, 5.1726
(31, 25): 0.1900, 11.0129, 5.1726
(31, 26): 0.2942, 11.0189, 4.5626
(31, 27): 0.2530, 11.0235, 5.5829
(31, 28): 0.2530, 11.0235, 5.5829
(31, 29): 0.2873, 11.0283, 5.2298
(31, 30): 0.2290, 11.0188, 6.2087
(31, 31): 0.2290, 11.0188, 6.2087
(31, 32): 0.2309, 11.0294, 6.4872
(31, 33): 0.3297, 11.0791, 4.7855
(31, 34): 0.3297, 11.0791, 4.7855
(31, 35): 0.3217, 11.0452, 4.5691
(31, 36): 0.2574, 11.0155, 4.5785
(31, 37): 0.2574, 11.0155, 4.5785
(32, 1): 0.3276, 11.0774, 4.6439
(32, 2): 0.5290, 11.0044, 5.3002
(32, 3): 0.3639, 11.0037, 7.0743
(32, 4): 0.3639, 11.0037, 7.0743
(32, 5): 0.3393, 11.0427, 6.7617
(32, 6): 0.3655, 11.0321, 6.8711
(32, 7): 0.3655, 11.0321, 6.8711
(32, 8): 0.3368, 11.0849, 6.5766
(32, 9): 0.3317, 11.0050, 5.8767
(32, 10): 0.3317, 11.0050, 5.8767
(32, 11): 0.3040, 11.0070, 5.9137
(32, 12): 0.2329, 11.0195, 6.5795
(32, 13): 0.2329, 11.0195, 6.5795
(32, 14): 0.2148, 11.0012, 6.7591
(32, 15): 0.2473, 11.0327, 6.8186
(32, 16): 0.2473, 11.0327, 6.8186
(32, 17): 0.2871, 11.0191, 6.1544
(32, 18): 0.3306, 11.0393, 5.4877
(32, 19): 0.3306, 11.0393, 5.4877
(32, 20): 0.2645, 11.0063, 5.7803
(32, 21): 0.2934, 11.1128, 5.2878
(32, 22): 0.2934, 11.1128, 5.2878
(32, 23): 0.1642, 11.0018, 4.9145
(32, 24): 0.1900, 11.0129, 5.1726
(32, 25): 0.1900, 11.0129, 5.1726
(32, 26): 0.2942, 11.0189, 4.5626
(32, 27): 0.2530, 11.0235, 5.5829
(32, 28): 0.2530, 11.0235, 5.5829
(32, 29): 0.2873, 11.0283, 5.2298
(32, 30): 0.2290, 11.0188, 6.2087
(32, 31): 0.2290, 11.0188, 6.2087
(32, 32): 0.2309, 11.0294, 6.4872
(32, 33): 0.3297, 11.0791, 4.7855
(32, 34): 0.3297, 11.0791, 4.7855
(32, 35): 0.3217, 11.0452, 4.5691
(32, 36): 0.2574, 11.0155, 4.5785
(32, 37): 0.2574, 11.0155, 4.5785
