(1, 1): 0.7233, 0.0200, 1.4892, 0.0164
(1, 2): 0.7233, 0.0200, 1.4892, 0.0164
(1, 3): 0.7233, 0.0200, 1.4892, 0.0164
(1, 4): 0.7233, 0.0200, 1.4892, 0.0164
(1, 5): 0.7233, 0.0200, 1.4892, 0.0164
(1, 6): 1.0266, 0.0200, 4.8406, 0.0110
(1, 7): 1.0266, 0.0200, 4.8406, 0.0110
(1, 8): 1.0653, 0.0200, 2.8924, 0.0145
(1, 9): 1.0653, 0.0200, 2.8924, 0.0145
(1, 10): 1.0653, 0.0200, 2.8924, 0.0145
(1, 11): 1.0653, 0.0200, 2.8924, 0.0145
(1, 12): 1.0653, 0.0200, 2.8924, 0.0145
(1, 13): 1.0653, 0.0200, 2.8924, 0.0145
(1, 14): 1.1014, 0.0200, 3.6867, 0.0101
(1, 15): 1.1014, 0.0200, 3.6867, 0.0101
(1, 16): 1.1014, 0.0200, 3.6867, 0.0101
(1, 17): 1.0642, 0.0200, 3.8707, 0.0152
(1, 18): 0.9133, 0.0200, 2.3384, 0.0196
(1, 19): 0.9566, 0.0200, 2.0894, 0.0078
(1, 20): 0.9566, 0.0200, 2.0894, 0.0078
(1, 21): 1.0897, 0.0200, 1.6836, 0.0131
(1, 22): 1.0897, 0.0200, 1.6836, 0.0131
(1, 23): 1.5504, 0.0200, 7.8425, 0.0112
(1, 24): 1.3361, 0.0200, 8.2284, 0.0105
(1, 25): 1.3361, 0.0200, 8.2284, 0.0105
(1, 26): 1.3361, 0.0200, 8.2284, 0.0105
(1, 27): 0.8572, 0.0200, 2.4275, 0.0141
(2, 1): 0.7233, 0.0200, 1.4892, 0.0164
(2, 2): 0.7233, 0.0200, 1.4892, 0.0164
(2, 3): 0.7233, 0.0200, 1.4892, 0.0164
(2, 4): 0.7233, 0.0200, 1.4892, 0.0164
(2, 5): 0.7233, 0.0200, 1.4892, 0.0164
(2, 6): 0.7233, 0.0200, 1.4892, 0.0164
(2, 7): 1.0266, 0.0200, 4.8406, 0.0110
(2, 8): 1.0266, 0.0200, 4.8406, 0.0110
(2, 9): 1.0653, 0.0200, 2.8924, 0.0145
(2, 10): 1.0653, 0.0200, 2.8924, 0.0145
(2, 11): 1.0653, 0.0200, 2.8924, 0.0145
(2, 12): 1.0653, 0.0200, 2.8924, 0.0145
(2, 13): 1.0653, 0.0200, 2.8924, 0.0145
(2, 14): 1.3275, 0.0200, 4.7703, 0.0122
(2, 15): 1.1014, 0.0200, 3.6867, 0.0101
(2, 16): 1.1014, 0.0200, 3.6867, 0.0101
(2, 17): 1.0642, 0.0200, 3.8707, 0.0152
(2, 18): 0.9133, 0.0200, 2.3384, 0.0196
(2, 19): 1.0615, 0.0200, 3.6943, 0.0095
(2, 20): 0.9566, 0.0200, 2.0894, 0.0078
(2, 21): 1.0897, 0.0200, 1.6836, 0.0131
(2, 22): 1.0933, 0.0200, 8.5348, 0.0141
(2, 23): 1.5504, 0.0200, 7.8425, 0.0112
(2, 24): 1.3361, 0.0200, 8.2284, 0.0105
(2, 25): 1.3361, 0.0200, 8.2284, 0.0105
(2, 26): 0.8572, 0.0200, 2.4275, 0.0141
(2, 27): 0.8572, 0.0200, 2.4275, 0.0141
(3, 1): 0.7233, 0.0200, 1.4892, 0.0164
(3, 2): 0.7233, 0.0200, 1.4892, 0.0164
(3, 3): 0.7233, 0.0200, 1.4892, 0.0164
(3, 4): 0.7233, 0.0200, 1.4892, 0.0164
(3, 5): 0.7233, 0.0200, 1.4892, 0.0164
(3, 6): 0.7233, 0.0200, 1.4892, 0.0164
(3, 7): 0.7233, 0.0200, 1.4892, 0.0164
(3, 8): 1.0266, 0.0200, 4.8406, 0.0110
(3, 9): 1.0266, 0.0200, 4.8406, 0.0110
(3, 10): 1.0653, 0.0200, 2.8924, 0.0145
(3, 11): 1.0653, 0.0200, 2.8924, 0.0145
(3, 12): 1.0653, 0.0200, 2.8924, 0.0145
(3, 13): 1.0653, 0.0200, 2.8924, 0.0145
(3, 14): 1.3275, 0.0200, 4.7703, 0.0122
(3, 15): 1.1020, 0.0200, 2.6859, 0.0198
(3, 16): 1.1014, 0.0200, 3.6867, 0.0101
(3, 17): 1.0642, 0.0200, 3.8707, 0.0152
(3, 18): 0.9133, 0.0200, 2.3384, 0.0196
(3, 19): 1.0615, 0.0200, 3.6943, 0.0095
(3, 20): 0.9051, 0.0200, 2.2366, 0.0145
(3, 21): 0.8860, 0.0200, 3.6627, 0.0154
(3, 22): 1.0933, 0.0200, 8.5348, 0.0141
(3, 23): 1.5504, 0.0200, 7.8425, 0.0112
(3, 24): 1.3361, 0.0200, 8.2284, 0.0105
(3, 25): 1.3543, 0.0195, 6.2905, 0.0110
(3, 26): 0.8572, 0.0200, 2.4275, 0.0141
(3, 27): 0.8572, 0.0200, 2.4275, 0.0141
(4, 1): 0.7233, 0.0200, 1.4892, 0.0164
(4, 2): 0.7233, 0.0200, 1.4892, 0.0164
(4, 3): 0.7233, 0.0200, 1.4892, 0.0164
(4, 4): 0.7233, 0.0200, 1.4892, 0.0164
(4, 5): 0.7233, 0.0200, 1.4892, 0.0164
(4, 6): 0.7233, 0.0200, 1.4892, 0.0164
(4, 7): 0.7233, 0.0200, 1.4892, 0.0164
(4, 8): 0.7233, 0.0200, 1.4892, 0.0164
(4, 9): 1.0266, 0.0200, 4.8406, 0.0110
(4, 10): 1.0266, 0.0200, 4.8406, 0.0110
(4, 11): 1.0653, 0.0200, 2.8924, 0.0145
(4, 12): 1.0653, 0.0200, 2.8924, 0.0145
(4, 13): 1.0653, 0.0200, 2.8924, 0.0145
(4, 14): 1.3275, 0.0200, 4.7703, 0.0122
(4, 15): 1.1020, 0.0200, 2.6859, 0.0198
(4, 16): 1.0173, 0.0200, 3.1807, 0.0162
(4, 17): 0.9944, 0.0200, 3.3292, 0.0164
(4, 18): 1.2418, 0.0200, 7.9402, 0.0128
(4, 19): 1.1755, 0.0200, 11.2216, 0.0131
(4, 20): 1.2025, 0.0200, 13.2041, 0.0143
(4, 21): 1.2937, 0.0200, 11.8915, 0.0093
(4, 22): 1.2283, 0.0200, 13.2098, 0.0093
(4, 23): 1.2556, 0.0200, 12.3837, 0.0097
(4, 24): 1.2482, 0.0200, 12.0008, 0.0118
(4, 25): 1.3543, 0.0195, 6.2905, 0.0110
(4, 26): 0.8572, 0.0200, 2.4275, 0.0141
(4, 27): 1.2052, 0.0200, 2.9614, 0.0137
(5, 1): 0.7233, 0.0200, 1.4892, 0.0164
(5, 2): 0.7233, 0.0200, 1.4892, 0.0164
(5, 3): 0.7233, 0.0200, 1.4892, 0.0164
(5, 4): 0.7233, 0.0200, 1.4892, 0.0164
(5, 5): 0.7233, 0.0200, 1.4892, 0.0164
(5, 6): 0.7233, 0.0200, 1.4892, 0.0164
(5, 7): 0.7233, 0.0200, 1.4892, 0.0164
(5, 8): 0.7233, 0.0200, 1.4892, 0.0164
(5, 9): 0.7233, 0.0200, 1.4892, 0.0164
(5, 10): 1.0266, 0.0200, 4.8406, 0.0110
(5, 11): 1.0266, 0.0200, 4.8406, 0.0110
(5, 12): 1.0951, 0.0200, 3.7141, 0.0095
(5, 13): 1.0951, 0.0200, 3.7141, 0.0095
(5, 14): 1.0951, 0.0200, 3.7141, 0.0095
(5, 15): 1.9985, 0.0200, 2.6984, 0.0196
(5, 16): 1.3700, 0.0200, 5.3005, 0.0150
(5, 17): 1.6517, 0.0200, 7.5636, 0.0126
(5, 18): 1.2727, 0.0200, 12.1666, 0.0162
(5, 19): 1.2596, 0.0200, 13.2920, 0.0124
(5, 20): 1.3263, 0.0200, 12.1458, 0.0112
(5, 21): 1.2257, 0.0200, 13.3791, 0.0114
(5, 22): 1.2720, 0.0200, 12.5751, 0.0118
(5, 23): 1.3797, 0.0200, 10.6647, 0.0147
(5, 24): 1.4846, 0.0200, 8.9888, 0.0126
(5, 25): 1.7391, 0.0200, 6.5502, 0.0116
(5, 26): 1.5712, 0.0200, 7.4589, 0.0135
(5, 27): 1.2052, 0.0200, 2.9614, 0.0137
(6, 1): 0.7233, 0.0200, 1.4892, 0.0164
(6, 2): 0.7233, 0.0200, 1.4892, 0.0164
(6, 3): 0.7233, 0.0200, 1.4892, 0.0164
(6, 4): 0.7233, 0.0200, 1.4892, 0.0164
(6, 5): 0.7233, 0.0200, 1.4892, 0.0164
(6, 6): 0.7233, 0.0200, 1.4892, 0.0164
(6, 7): 0.7233, 0.0200, 1.4892, 0.0164
(6, 8): 0.7233, 0.0200, 1.4892, 0.0164
(6, 9): 0.7233, 0.0200, 1.4892, 0.0164
(6, 10): 0.7233, 0.0200, 1.4892, 0.0164
(6, 11): 1.0266, 0.0200, 4.8406, 0.0110
(6, 12): 0.9207, 0.0200, 2.3444, 0.0128
(6, 13): 1.0951, 0.0200, 3.7141, 0.0095
(6, 14): 1.9985, 0.0200, 2.6984, 0.0196
(6, 15): 1.9985, 0.0200, 2.6984, 0.0196
(6, 16): 2.1382, 0.0200, 3.9350, 0.0183
(6, 17): 1.6158, 0.0200, 7.8224, 0.0168
(6, 18): 1.2636, 0.0200, 12.4795, 0.0120
(6, 19): 1.3118, 0.0200, 12.1885, 0.0122
(6, 20): 1.1288, 0.0200, 15.4216, 0.0086
(6, 21): 1.1975, 0.0200, 14.2037, 0.0076
(6, 22): 1.5696, 0.0200, 8.9147, 0.0147
(6, 23): 1.5563, 0.0200, 8.7576, 0.0126
(6, 24): 1.5534, 0.0200, 8.2177, 0.0120
(6, 25): 1.5063, 0.0200, 9.1021, 0.0175
(6, 26): 1.3026, 0.0200, 11.4288, 0.0141
(6, 27): 1.2201, 0.0200, 3.5969, 0.0143
(7, 1): 0.7233, 0.0200, 1.4892, 0.0164
(7, 2): 0.7233, 0.0200, 1.4892, 0.0164
(7, 3): 0.7233, 0.0200, 1.4892, 0.0164
(7, 4): 0.7233, 0.0200, 1.4892, 0.0164
(7, 5): 0.7233, 0.0200, 1.4892, 0.0164
(7, 6): 0.7233, 0.0200, 1.4892, 0.0164
(7, 7): 0.7233, 0.0200, 1.4892, 0.0164
(7, 8): 0.7233, 0.0200, 1.4892, 0.0164
(7, 9): 0.7233, 0.0200, 1.4892, 0.0164
(7, 10): 0.7233, 0.0200, 1.4892, 0.0164
(7, 11): 1.0776, 0.0200, 4.5777, 0.0124
(7, 12): 1.0776, 0.0200, 4.5777, 0.0124
(7, 13): 0.9207, 0.0200, 2.3444, 0.0128
(7, 14): 2.0768, 0.0200, 3.3560, 0.0198
(7, 15): 2.0768, 0.0200, 3.3560, 0.0198
(7, 16): 2.0171, 0.0200, 4.3375, 0.0152
(7, 17): 1.3716, 0.0200, 10.5893, 0.0139
(7, 18): 1.3374, 0.0200, 11.4730, 0.0137
(7, 19): 1.5494, 0.0200, 9.0495, 0.0143
(7, 20): 1.2664, 0.0200, 12.9506, 0.0086
(7, 21): 1.2740, 0.0200, 13.1818, 0.0105
(7, 22): 1.4167, 0.0200, 11.5627, 0.0101
(7, 23): 1.3637, 0.0200, 11.5777, 0.0133
(7, 24): 1.2005, 0.0200, 13.5678, 0.0103
(7, 25): 1.2316, 0.0200, 12.6138, 0.0164
(7, 26): 1.1335, 0.0200, 13.8949, 0.0116
(7, 27): 1.2798, 0.0200, 6.7054, 0.0141
(8, 1): 1.0532, 0.0200, 7.6041, 0.0093
(8, 2): 1.0532, 0.0200, 7.6041, 0.0093
(8, 3): 1.0532, 0.0200, 7.6041, 0.0093
(8, 4): 1.0532, 0.0200, 7.6041, 0.0093
(8, 5): 1.0532, 0.0200, 7.6041, 0.0093
(8, 6): 1.0532, 0.0200, 7.6041, 0.0093
(8, 7): 1.0532, 0.0200, 7.6041, 0.0093
(8, 8): 1.0532, 0.0200, 7.6041, 0.0093
(8, 9): 1.0532, 0.0200, 7.6041, 0.0093
(8, 10): 1.0532, 0.0200, 7.6041, 0.0093
(8, 11): 1.0460, 0.0200, 7.0009, 0.0088
(8, 12): 1.0460, 0.0200, 7.0009, 0.0088
(8, 13): 1.0864, 0.0200, 3.3992, 0.0158
(8, 14): 1.0864, 0.0200, 3.3992, 0.0158
(8, 15): 1.8194, 0.0200, 4.4642, 0.0122
(8, 16): 2.1120, 0.0200, 4.0092, 0.0145
(8, 17): 1.6703, 0.0200, 7.2530, 0.0141
(8, 18): 1.4149, 0.0200, 10.5361, 0.0112
(8, 19): 1.1614, 0.0200, 14.6808, 0.0114
(8, 20): 1.1399, 0.0200, 15.5535, 0.0097
(8, 21): 1.2645, 0.0200, 13.4376, 0.0076
(8, 22): 1.1858, 0.0200, 14.6086, 0.0110
(8, 23): 1.2157, 0.0200, 14.0945, 0.0112
(8, 24): 1.1412, 0.0200, 15.0731, 0.0082
(8, 25): 1.1640, 0.0200, 14.0313, 0.0126
(8, 26): 1.2899, 0.0200, 11.6439, 0.0124
(8, 27): 1.3216, 0.0200, 5.6658, 0.0126
(9, 1): 0.9968, 0.0200, 8.2538, 0.0078
(9, 2): 0.9968, 0.0200, 8.2538, 0.0078
(9, 3): 0.9968, 0.0200, 8.2538, 0.0078
(9, 4): 0.9968, 0.0200, 8.2538, 0.0078
(9, 5): 0.9968, 0.0200, 8.2538, 0.0078
(9, 6): 0.9968, 0.0200, 8.2538, 0.0078
(9, 7): 0.9968, 0.0200, 8.2538, 0.0078
(9, 8): 0.9968, 0.0200, 8.2538, 0.0078
(9, 9): 0.9968, 0.0200, 8.2538, 0.0078
(9, 10): 0.9968, 0.0200, 8.2538, 0.0078
(9, 11): 0.7179, 0.0200, 1.5578, 0.0156
(9, 12): 1.0837, 0.0200, 8.1782, 0.0091
(9, 13): 1.0864, 0.0200, 3.3992, 0.0158
(9, 14): 1.0864, 0.0200, 3.3992, 0.0158
(9, 15): 1.6899, 0.0200, 5.0577, 0.0086
(9, 16): 2.3403, 0.0200, 3.0912, 0.0179
(9, 17): 1.6518, 0.0200, 7.4307, 0.0133
(9, 18): 1.4174, 0.0200, 10.3790, 0.0120
(9, 19): 1.0962, 0.0200, 15.8662, 0.0067
(9, 20): 1.1302, 0.0200, 15.4054, 0.0126
(9, 21): 1.1754, 0.0200, 14.7926, 0.0076
(9, 22): 1.5240, 0.0200, 9.3726, 0.0114
(9, 23): 1.2328, 0.0200, 13.8493, 0.0110
(9, 24): 1.1230, 0.0200, 15.7276, 0.0112
(9, 25): 1.1517, 0.0200, 14.7442, 0.0078
(9, 26): 1.2087, 0.0200, 12.7116, 0.0093
(9, 27): 0.9366, 0.0200, 3.2660, 0.0131
(10, 1): 1.0610, 0.0200, 8.2802, 0.0139
(10, 2): 1.0610, 0.0200, 8.2802, 0.0139
(10, 3): 1.0610, 0.0200, 8.2802, 0.0139
(10, 4): 1.0610, 0.0200, 8.2802, 0.0139
(10, 5): 1.0610, 0.0200, 8.2802, 0.0139
(10, 6): 1.0610, 0.0200, 8.2802, 0.0139
(10, 7): 1.0610, 0.0200, 8.2802, 0.0139
(10, 8): 1.0610, 0.0200, 8.2802, 0.0139
(10, 9): 1.0610, 0.0200, 8.2802, 0.0139
(10, 10): 1.0610, 0.0200, 8.2802, 0.0139
(10, 11): 0.9007, 0.0200, 3.5790, 0.0093
(10, 12): 1.0837, 0.0200, 8.1782, 0.0091
(10, 13): 1.0163, 0.0200, 4.1503, 0.0118
(10, 14): 0.7269, 0.0200, 1.4694, 0.0156
(10, 15): 1.6246, 0.0200, 6.0771, 0.0133
(10, 16): 1.7810, 0.0200, 5.6767, 0.0143
(10, 17): 1.5762, 0.0200, 8.2281, 0.0135
(10, 18): 1.2513, 0.0200, 12.7197, 0.0110
(10, 19): 1.2277, 0.0200, 13.1583, 0.0112
(10, 20): 1.1822, 0.0200, 13.9748, 0.0091
(10, 21): 1.0855, 0.0200, 16.3475, 0.0091
(10, 22): 1.2501, 0.0200, 13.5132, 0.0082
(10, 23): 1.4318, 0.0200, 10.7860, 0.0107
(10, 24): 1.1051, 0.0200, 16.2505, 0.0088
(10, 25): 1.0200, 0.0200, 17.3303, 0.0112
(10, 26): 1.0702, 0.0200, 14.7179, 0.0095
(10, 27): 1.0702, 0.0200, 14.7179, 0.0095
(11, 1): 1.2106, 0.0200, 2.5956, 0.0154
(11, 2): 1.1031, 0.0200, 10.8516, 0.0105
(11, 3): 1.1031, 0.0200, 10.8516, 0.0105
(11, 4): 1.1031, 0.0200, 10.8516, 0.0105
(11, 5): 1.1031, 0.0200, 10.8516, 0.0105
(11, 6): 1.1031, 0.0200, 10.8516, 0.0105
(11, 7): 1.1031, 0.0200, 10.8516, 0.0105
(11, 8): 1.1031, 0.0200, 10.8516, 0.0105
(11, 9): 1.1031, 0.0200, 10.8516, 0.0105
(11, 10): 1.1031, 0.0200, 10.8516, 0.0105
(11, 11): 1.2625, 0.0200, 11.9411, 0.0116
(11, 12): 1.3364, 0.0200, 10.8326, 0.0116
(11, 13): 1.0163, 0.0200, 4.1503, 0.0118
(11, 14): 1.0163, 0.0200, 4.1503, 0.0118
(11, 15): 1.6246, 0.0200, 6.0771, 0.0133
(11, 16): 0.8861, 0.0200, 2.4094, 0.0171
(11, 17): 1.2679, 0.0200, 11.9766, 0.0145
(11, 18): 1.2401, 0.0200, 12.5545, 0.0137
(11, 19): 1.2096, 0.0200, 13.1920, 0.0093
(11, 20): 1.1617, 0.0200, 13.9141, 0.0112
(11, 21): 1.0838, 0.0200, 16.1745, 0.0086
(11, 22): 1.2242, 0.0200, 13.8219, 0.0099
(11, 23): 1.1295, 0.0200, 15.3927, 0.0145
(11, 24): 1.0473, 0.0200, 16.8460, 0.0074
(11, 25): 1.0196, 0.0200, 16.5308, 0.0070
(11, 26): 1.0994, 0.0200, 13.5931, 0.0122
(11, 27): 1.0994, 0.0200, 13.5931, 0.0122
(12, 1): 1.2106, 0.0200, 2.5956, 0.0154
(12, 2): 1.2106, 0.0200, 2.5956, 0.0154
(12, 3): 1.2106, 0.0200, 2.5956, 0.0154
(12, 4): 1.2106, 0.0200, 2.5956, 0.0154
(12, 5): 1.1997, 0.0200, 12.2872, 0.0099
(12, 6): 1.1997, 0.0200, 12.2872, 0.0099
(12, 7): 1.1997, 0.0200, 12.2872, 0.0099
(12, 8): 1.1997, 0.0200, 12.2872, 0.0099
(12, 9): 1.1997, 0.0200, 12.2872, 0.0099
(12, 10): 1.1997, 0.0200, 12.2872, 0.0099
(12, 11): 1.3465, 0.0200, 11.0475, 0.0145
(12, 12): 1.5483, 0.0200, 8.2103, 0.0103
(12, 13): 1.2979, 0.0200, 8.8706, 0.0097
(12, 14): 1.1098, 0.0200, 6.6040, 0.0112
(12, 15): 1.1098, 0.0200, 6.6040, 0.0112
(12, 16): 1.4923, 0.0200, 2.0600, 0.0175
(12, 17): 1.7028, 0.0200, 6.8669, 0.0166
(12, 18): 1.2963, 0.0200, 12.1447, 0.0116
(12, 19): 1.2394, 0.0200, 12.8286, 0.0114
(12, 20): 1.1181, 0.0200, 15.1974, 0.0082
(12, 21): 1.1352, 0.0200, 15.0172, 0.0070
(12, 22): 1.0640, 0.0200, 17.0014, 0.0082
(12, 23): 1.0708, 0.0200, 15.9759, 0.0063
(12, 24): 1.0086, 0.0200, 14.2773, 0.0128
(12, 25): 0.8616, 0.0200, 4.9216, 0.0122
(12, 26): 1.0851, 0.0200, 3.5711, 0.0105
(12, 27): 1.0851, 0.0200, 3.5711, 0.0105
(13, 1): 1.2106, 0.0200, 2.5956, 0.0154
(13, 2): 1.2106, 0.0200, 2.5956, 0.0154
(13, 3): 1.2106, 0.0200, 2.5956, 0.0154
(13, 4): 1.2106, 0.0200, 2.5956, 0.0154
(13, 5): 1.2106, 0.0200, 2.5956, 0.0154
(13, 6): 1.2106, 0.0200, 2.5956, 0.0154
(13, 7): 1.2106, 0.0200, 2.5956, 0.0154
(13, 8): 1.1246, 0.0200, 14.7032, 0.0097
(13, 9): 1.1246, 0.0200, 14.7032, 0.0097
(13, 10): 1.1246, 0.0200, 14.7032, 0.0097
(13, 11): 1.3455, 0.0200, 11.5253, 0.0091
(13, 12): 1.2640, 0.0200, 12.1601, 0.0088
(13, 13): 1.3356, 0.0200, 9.1758, 0.0088
(13, 14): 0.8150, 0.0200, 2.9298, 0.0135
(13, 15): 0.8150, 0.0200, 2.9298, 0.0135
(13, 16): 1.1656, 0.0200, 1.6282, 0.0206
(13, 17): 1.8714, 0.0200, 4.2034, 0.0164
(13, 18): 1.2119, 0.0200, 11.1808, 0.0135
(13, 19): 1.2110, 0.0200, 13.4392, 0.0116
(13, 20): 1.1037, 0.0200, 15.3441, 0.0088
(13, 21): 1.1142, 0.0200, 15.4620, 0.0122
(13, 22): 0.9955, 0.0200, 18.0611, 0.0076
(13, 23): 1.0214, 0.0200, 16.9419, 0.0099
(13, 24): 1.0367, 0.0200, 13.8674, 0.0095
(13, 25): 0.6685, 0.0200, 1.5200, 0.0183
(13, 26): 0.6685, 0.0200, 1.5200, 0.0183
(13, 27): 0.5486, 0.0200, 1.7050, 0.0152
(14, 1): 1.2106, 0.0200, 2.5956, 0.0154
(14, 2): 1.2106, 0.0200, 2.5956, 0.0154
(14, 3): 1.2106, 0.0200, 2.5956, 0.0154
(14, 4): 1.2106, 0.0200, 2.5956, 0.0154
(14, 5): 1.2106, 0.0200, 2.5956, 0.0154
(14, 6): 1.2106, 0.0200, 2.5956, 0.0154
(14, 7): 1.2106, 0.0200, 2.5956, 0.0154
(14, 8): 1.2106, 0.0200, 2.5956, 0.0154
(14, 9): 1.2563, 0.0200, 12.8664, 0.0107
(14, 10): 1.2563, 0.0200, 12.8664, 0.0107
(14, 11): 1.5312, 0.0200, 9.5134, 0.0139
(14, 12): 1.6147, 0.0200, 8.0859, 0.0139
(14, 13): 0.9138, 0.0200, 1.3291, 0.0187
(14, 14): 0.8150, 0.0200, 2.9298, 0.0135
(14, 15): 0.7229, 0.0200, 1.6020, 0.0255
(14, 16): 1.8236, 0.0200, 4.1294, 0.0175
(14, 17): 2.1881, 0.0200, 3.7980, 0.0175
(14, 18): 1.6572, 0.0200, 8.1141, 0.0150
(14, 19): 1.1012, 0.0200, 16.0673, 0.0126
(14, 20): 1.2499, 0.0200, 13.0033, 0.0147
(14, 21): 1.0267, 0.0200, 16.9955, 0.0093
(14, 22): 1.0033, 0.0200, 17.5153, 0.0133
(14, 23): 0.9575, 0.0200, 18.1885, 0.0065
(14, 24): 0.9421, 0.0200, 16.5069, 0.0051
(14, 25): 0.7957, 0.0200, 10.5418, 0.0055
(14, 26): 0.8180, 0.0200, 10.9235, 0.0086
(14, 27): 0.5486, 0.0200, 1.7050, 0.0152
(15, 1): 0.6918, 0.0200, 1.7807, 0.0177
(15, 2): 0.6918, 0.0200, 1.7807, 0.0177
(15, 3): 0.6918, 0.0200, 1.7807, 0.0177
(15, 4): 1.2106, 0.0200, 2.5956, 0.0154
(15, 5): 1.2106, 0.0200, 2.5956, 0.0154
(15, 6): 1.2106, 0.0200, 2.5956, 0.0154
(15, 7): 1.2106, 0.0200, 2.5956, 0.0154
(15, 8): 1.2106, 0.0200, 2.5956, 0.0154
(15, 9): 1.2106, 0.0200, 2.5956, 0.0154
(15, 10): 2.3187, 0.0200, 3.1611, 0.0202
(15, 11): 2.7443, 0.0200, 2.0799, 0.0280
(15, 12): 2.0184, 0.0200, 4.4194, 0.0131
(15, 13): 1.6594, 0.0200, 2.4933, 0.0154
(15, 14): 0.7175, 0.0200, 1.6846, 0.0185
(15, 15): 1.5300, 0.0200, 7.1923, 0.0145
(15, 16): 2.1864, 0.0200, 3.8425, 0.0211
(15, 17): 2.1204, 0.0200, 3.8350, 0.0154
(15, 18): 2.0513, 0.0200, 4.3186, 0.0166
(15, 19): 1.1241, 0.0200, 15.7958, 0.0122
(15, 20): 1.0661, 0.0200, 16.4291, 0.0091
(15, 21): 0.9283, 0.0200, 18.9217, 0.0103
(15, 22): 0.9167, 0.0200, 19.2085, 0.0091
(15, 23): 0.8737, 0.0200, 20.2210, 0.0084
(15, 24): 0.9931, 0.0200, 17.0609, 0.0059
(15, 25): 0.9874, 0.0200, 17.5146, 0.0048
(15, 26): 0.9382, 0.0200, 17.6570, 0.0053
(15, 27): 0.9536, 0.0200, 10.1282, 0.0093
(16, 1): 0.8878, 0.0200, 4.0954, 0.0139
(16, 2): 0.6918, 0.0200, 1.7807, 0.0177
(16, 3): 0.6918, 0.0200, 1.7807, 0.0177
(16, 4): 0.6918, 0.0200, 1.7807, 0.0177
(16, 5): 0.6918, 0.0200, 1.7807, 0.0177
(16, 6): 0.6918, 0.0200, 1.7807, 0.0177
(16, 7): 1.1182, 0.0200, 4.8757, 0.0181
(16, 8): 1.1182, 0.0200, 4.8757, 0.0181
(16, 9): 1.1182, 0.0200, 4.8757, 0.0181
(16, 10): 2.5735, 0.0200, 2.1696, 0.0194
(16, 11): 2.6108, 0.0200, 2.0292, 0.0152
(16, 12): 1.5122, 0.0200, 9.4718, 0.0128
(16, 13): 1.0430, 0.0200, 5.5633, 0.0099
(16, 14): 1.5177, 0.0200, 8.8522, 0.0105
(16, 15): 1.7552, 0.0200, 6.6402, 0.0147
(16, 16): 1.7647, 0.0200, 5.4367, 0.0128
(16, 17): 1.7761, 0.0200, 5.4799, 0.0177
(16, 18): 1.3176, 0.0200, 12.4454, 0.0147
(16, 19): 0.9686, 0.0200, 19.3604, 0.0107
(16, 20): 0.9171, 0.0200, 19.4351, 0.0055
(16, 21): 0.8964, 0.0200, 19.3725, 0.0078
(16, 22): 0.9075, 0.0200, 19.7976, 0.0055
(16, 23): 0.8661, 0.0200, 21.0445, 0.0067
(16, 24): 0.9230, 0.0200, 19.5126, 0.0072
(16, 25): 0.9857, 0.0200, 17.7173, 0.0076
(16, 26): 1.0563, 0.0200, 17.1867, 0.0091
(16, 27): 0.8590, 0.0200, 10.7175, 0.0065
(17, 1): 0.8878, 0.0200, 4.0954, 0.0139
(17, 2): 0.8878, 0.0200, 4.0954, 0.0139
(17, 3): 0.7977, 0.0200, 4.5589, 0.0133
(17, 4): 0.6918, 0.0200, 1.7807, 0.0177
(17, 5): 0.6918, 0.0200, 1.7807, 0.0177
(17, 6): 0.6918, 0.0200, 1.7807, 0.0177
(17, 7): 0.6918, 0.0200, 1.7807, 0.0177
(17, 8): 1.6428, 0.0200, 5.4646, 0.0190
(17, 9): 1.6428, 0.0200, 5.4646, 0.0190
(17, 10): 2.1746, 0.0200, 4.0709, 0.0162
(17, 11): 1.5182, 0.0200, 9.9477, 0.0160
(17, 12): 2.0044, 0.0200, 5.1041, 0.0143
(17, 13): 1.1836, 0.0200, 12.1163, 0.0103
(17, 14): 1.1156, 0.0200, 11.9995, 0.0093
(17, 15): 1.5090, 0.0200, 8.2558, 0.0112
(17, 16): 1.2219, 0.0200, 12.2140, 0.0126
(17, 17): 1.0682, 0.0200, 17.0536, 0.0101
(17, 18): 1.3758, 0.0200, 11.8481, 0.0143
(17, 19): 1.5753, 0.0200, 9.2565, 0.0133
(17, 20): 0.9809, 0.0200, 18.2182, 0.0122
(17, 21): 1.0551, 0.0200, 16.4175, 0.0120
(17, 22): 0.9840, 0.0200, 17.8299, 0.0059
(17, 23): 0.9097, 0.0200, 19.3151, 0.0061
(17, 24): 0.8856, 0.0200, 19.9222, 0.0053
(17, 25): 0.9822, 0.0200, 17.7620, 0.0141
(17, 26): 1.0867, 0.0200, 12.7225, 0.0135
(17, 27): 1.0867, 0.0200, 12.7225, 0.0135
(18, 1): 0.8878, 0.0200, 4.0954, 0.0139
(18, 2): 0.8878, 0.0200, 4.0954, 0.0139
(18, 3): 0.8878, 0.0200, 4.0954, 0.0139
(18, 4): 0.7977, 0.0200, 4.5589, 0.0133
(18, 5): 0.7977, 0.0200, 4.5589, 0.0133
(18, 6): 0.6918, 0.0200, 1.7807, 0.0177
(18, 7): 0.6918, 0.0200, 1.7807, 0.0177
(18, 8): 0.6918, 0.0200, 1.7807, 0.0177
(18, 9): 1.9783, 0.0200, 5.0051, 0.0246
(18, 10): 2.2844, 0.0200, 3.9113, 0.0204
(18, 11): 1.7372, 0.0200, 7.5909, 0.0171
(18, 12): 1.1319, 0.0200, 15.5670, 0.0076
(18, 13): 1.0584, 0.0200, 17.0028, 0.0120
(18, 14): 1.1300, 0.0200, 15.6668, 0.0126
(18, 15): 1.0157, 0.0200, 18.3748, 0.0074
(18, 16): 0.9522, 0.0200, 19.4297, 0.0070
(18, 17): 0.9397, 0.0200, 19.6665, 0.0074
(18, 18): 1.2067, 0.0200, 14.3885, 0.0093
(18, 19): 1.9634, 0.0200, 5.8121, 0.0187
(18, 20): 0.8890, 0.0200, 21.2602, 0.0107
(18, 21): 0.9339, 0.0200, 18.4851, 0.0110
(18, 22): 0.9605, 0.0200, 17.8463, 0.0072
(18, 23): 0.9496, 0.0200, 18.4687, 0.0067
(18, 24): 0.8742, 0.0200, 20.1956, 0.0078
(18, 25): 0.8341, 0.0200, 18.6550, 0.0067
(18, 26): 0.7517, 0.0200, 4.5018, 0.0065
(18, 27): 0.7517, 0.0200, 4.5018, 0.0065
(19, 1): 0.8878, 0.0200, 4.0954, 0.0139
(19, 2): 0.8878, 0.0200, 4.0954, 0.0139
(19, 3): 0.8878, 0.0200, 4.0954, 0.0139
(19, 4): 0.8878, 0.0200, 4.0954, 0.0139
(19, 5): 0.7977, 0.0200, 4.5589, 0.0133
(19, 6): 0.7977, 0.0200, 4.5589, 0.0133
(19, 7): 0.9803, 0.0200, 9.6082, 0.0110
(19, 8): 0.9803, 0.0200, 9.6082, 0.0110
(19, 9): 2.6513, 0.0200, 2.0795, 0.0187
(19, 10): 1.1626, 0.0200, 15.5597, 0.0179
(19, 11): 1.4530, 0.0200, 10.3573, 0.0179
(19, 12): 1.0610, 0.0200, 16.8603, 0.0101
(19, 13): 1.0169, 0.0200, 17.5720, 0.0112
(19, 14): 1.0768, 0.0200, 16.4478, 0.0074
(19, 15): 1.0508, 0.0200, 17.3422, 0.0107
(19, 16): 0.9126, 0.0200, 20.6886, 0.0080
(19, 17): 0.8347, 0.0200, 22.0898, 0.0078
(19, 18): 0.9018, 0.0200, 21.1051, 0.0097
(19, 19): 2.1807, 0.0200, 4.3167, 0.0190
(19, 20): 1.1613, 0.0200, 15.0047, 0.0162
(19, 21): 0.9033, 0.0200, 19.7564, 0.0072
(19, 22): 0.9449, 0.0200, 18.7392, 0.0055
(19, 23): 0.9356, 0.0200, 19.4141, 0.0078
(19, 24): 0.8537, 0.0200, 21.2717, 0.0065
(19, 25): 0.8545, 0.0200, 13.3336, 0.0059
(19, 26): 0.5842, 0.0200, 1.9489, 0.0137
(19, 27): 0.5842, 0.0200, 1.9489, 0.0137
(20, 1): 0.7927, 0.0200, 5.6793, 0.0150
(20, 2): 0.8878, 0.0200, 4.0954, 0.0139
(20, 3): 0.8878, 0.0200, 4.0954, 0.0139
(20, 4): 0.8878, 0.0200, 4.0954, 0.0139
(20, 5): 0.8878, 0.0200, 4.0954, 0.0139
(20, 6): 0.7977, 0.0200, 4.5589, 0.0133
(20, 7): 0.7977, 0.0200, 4.5589, 0.0133
(20, 8): 1.8699, 0.0200, 6.2794, 0.0227
(20, 9): 1.7285, 0.0200, 7.8046, 0.0128
(20, 10): 0.9552, 0.0200, 20.1725, 0.0114
(20, 11): 1.0054, 0.0200, 18.4276, 0.0084
(20, 12): 1.0459, 0.0200, 17.2012, 0.0093
(20, 13): 1.0809, 0.0200, 16.0095, 0.0076
(20, 14): 1.0859, 0.0200, 15.7593, 0.0084
(20, 15): 0.9520, 0.0200, 19.2119, 0.0070
(20, 16): 0.9656, 0.0200, 18.9433, 0.0070
(20, 17): 0.9249, 0.0200, 19.4409, 0.0070
(20, 18): 0.9859, 0.0200, 18.7809, 0.0101
(20, 19): 1.5420, 0.0200, 9.6241, 0.0171
(20, 20): 1.1771, 0.0200, 14.5895, 0.0166
(20, 21): 0.9305, 0.0200, 19.4011, 0.0074
(20, 22): 0.9892, 0.0200, 17.9423, 0.0084
(20, 23): 0.9734, 0.0200, 18.5700, 0.0070
(20, 24): 1.0258, 0.0200, 17.5619, 0.0048
(20, 25): 0.8942, 0.0200, 19.3103, 0.0067
(20, 26): 0.7023, 0.0200, 4.9914, 0.0088
(20, 27): 0.7023, 0.0200, 4.9914, 0.0088
(21, 1): 0.8256, 0.0200, 3.9652, 0.0128
(21, 2): 0.7927, 0.0200, 5.6793, 0.0150
(21, 3): 0.7927, 0.0200, 5.6793, 0.0150
(21, 4): 0.8878, 0.0200, 4.0954, 0.0139
(21, 5): 0.8878, 0.0200, 4.0954, 0.0139
(21, 6): 0.8878, 0.0200, 4.0954, 0.0139
(21, 7): 1.2836, 0.0200, 11.2975, 0.0166
(21, 8): 1.3131, 0.0200, 13.2135, 0.0158
(21, 9): 1.7063, 0.0200, 8.1972, 0.0145
(21, 10): 1.2273, 0.0200, 14.4829, 0.0120
(21, 11): 0.9393, 0.0200, 19.9473, 0.0076
(21, 12): 0.9592, 0.0200, 18.7799, 0.0067
(21, 13): 1.0181, 0.0200, 17.2673, 0.0070
(21, 14): 0.9484, 0.0200, 18.7363, 0.0067
(21, 15): 0.9277, 0.0200, 19.1885, 0.0067
(21, 16): 1.0110, 0.0200, 17.0990, 0.0065
(21, 17): 1.0758, 0.0200, 15.6899, 0.0046
(21, 18): 1.1696, 0.0200, 14.4354, 0.0091
(21, 19): 1.1235, 0.0200, 15.0857, 0.0097
(21, 20): 1.0375, 0.0200, 16.6128, 0.0078
(21, 21): 0.9797, 0.0200, 14.3722, 0.0088
(21, 22): 1.1130, 0.0200, 12.1493, 0.0086
(21, 23): 1.0354, 0.0200, 13.3379, 0.0067
(21, 24): 0.8720, 0.0200, 7.9453, 0.0078
(21, 25): 0.8720, 0.0200, 7.9453, 0.0078
(21, 26): 0.7023, 0.0200, 4.9914, 0.0088
(21, 27): 0.7023, 0.0200, 4.9914, 0.0088
(22, 1): 0.8256, 0.0200, 3.9652, 0.0128
(22, 2): 0.8256, 0.0200, 3.9652, 0.0128
(22, 3): 0.7927, 0.0200, 5.6793, 0.0150
(22, 4): 0.7927, 0.0200, 5.6793, 0.0150
(22, 5): 1.3469, 0.0200, 7.4616, 0.0152
(22, 6): 1.3469, 0.0200, 7.4616, 0.0152
(22, 7): 1.4533, 0.0200, 10.4008, 0.0156
(22, 8): 1.1816, 0.0200, 14.5986, 0.0156
(22, 9): 2.5737, 0.0200, 2.8543, 0.0295
(22, 10): 2.2845, 0.0200, 3.2980, 0.0097
(22, 11): 1.0256, 0.0200, 17.9735, 0.0082
(22, 12): 0.9350, 0.0200, 19.3056, 0.0059
(22, 13): 1.0655, 0.0200, 16.3446, 0.0065
(22, 14): 0.9863, 0.0200, 17.9143, 0.0065
(22, 15): 0.9970, 0.0200, 17.0673, 0.0067
(22, 16): 1.0856, 0.0200, 15.1329, 0.0072
(22, 17): 1.0695, 0.0200, 14.9757, 0.0095
(22, 18): 1.5140, 0.0200, 8.7956, 0.0112
(22, 19): 1.8784, 0.0200, 5.7165, 0.0177
(22, 20): 1.1587, 0.0200, 10.2529, 0.0156
(22, 21): 0.8093, 0.0200, 2.7822, 0.0137
(22, 22): 1.1130, 0.0200, 12.1493, 0.0086
(22, 23): 1.0354, 0.0200, 13.3379, 0.0067
(22, 24): 0.8720, 0.0200, 7.9453, 0.0078
(22, 25): 0.8720, 0.0200, 7.9453, 0.0078
(22, 26): 0.7023, 0.0200, 4.9914, 0.0088
(22, 27): 0.7023, 0.0200, 4.9914, 0.0088
(23, 1): 0.6639, 0.0200, 1.6759, 0.0162
(23, 2): 0.8256, 0.0200, 3.9652, 0.0128
(23, 3): 0.8256, 0.0200, 3.9652, 0.0128
(23, 4): 0.7927, 0.0200, 5.6793, 0.0150
(23, 5): 0.7927, 0.0200, 5.6793, 0.0150
(23, 6): 1.0235, 0.0200, 9.4473, 0.0143
(23, 7): 1.0089, 0.0200, 12.8024, 0.0122
(23, 8): 1.0773, 0.0200, 15.6688, 0.0223
(23, 9): 1.0702, 0.0200, 16.6863, 0.0164
(23, 10): 1.8443, 0.0200, 6.2058, 0.0131
(23, 11): 2.0140, 0.0200, 4.3033, 0.0095
(23, 12): 1.3148, 0.0200, 12.0648, 0.0120
(23, 13): 1.0861, 0.0200, 15.8489, 0.0097
(23, 14): 1.0482, 0.0200, 16.2356, 0.0095
(23, 15): 1.1382, 0.0200, 14.3449, 0.0099
(23, 16): 1.3734, 0.0200, 10.6223, 0.0128
(23, 17): 1.7085, 0.0200, 6.7819, 0.0112
(23, 18): 1.7037, 0.0200, 6.8202, 0.0103
(23, 19): 1.2868, 0.0200, 11.7607, 0.0122
(23, 20): 1.1971, 0.0200, 10.8521, 0.0128
(23, 21): 0.8093, 0.0200, 2.7822, 0.0137
(23, 22): 0.8093, 0.0200, 2.7822, 0.0137
(23, 23): 1.0354, 0.0200, 13.3379, 0.0067
(23, 24): 0.8720, 0.0200, 7.9453, 0.0078
(23, 25): 0.8720, 0.0200, 7.9453, 0.0078
(23, 26): 0.8720, 0.0200, 7.9453, 0.0078
(23, 27): 0.7023, 0.0200, 4.9914, 0.0088
(24, 1): 0.6639, 0.0200, 1.6759, 0.0162
(24, 2): 0.6639, 0.0200, 1.6759, 0.0162
(24, 3): 0.8256, 0.0200, 3.9652, 0.0128
(24, 4): 0.8256, 0.0200, 3.9652, 0.0128
(24, 5): 0.8876, 0.0200, 7.2607, 0.0147
(24, 6): 0.8447, 0.0200, 7.7379, 0.0152
(24, 7): 1.1164, 0.0200, 12.8185, 0.0131
(24, 8): 0.9403, 0.0200, 11.9773, 0.0099
(24, 9): 1.0208, 0.0200, 14.1488, 0.0116
(24, 10): 1.0982, 0.0200, 12.5868, 0.0091
(24, 11): 1.9504, 0.0200, 5.1115, 0.0171
(24, 12): 2.0190, 0.0200, 4.9916, 0.0179
(24, 13): 1.2073, 0.0200, 13.2386, 0.0128
(24, 14): 1.4997, 0.0200, 9.1815, 0.0118
(24, 15): 2.0136, 0.0200, 4.8172, 0.0128
(24, 16): 2.0958, 0.0200, 4.1472, 0.0120
(24, 17): 1.8427, 0.0200, 5.7006, 0.0137
(24, 18): 1.4771, 0.0200, 9.3807, 0.0162
(24, 19): 1.2879, 0.0200, 11.9157, 0.0133
(24, 20): 1.2539, 0.0200, 12.1148, 0.0116
(24, 21): 1.0497, 0.0200, 9.0665, 0.0107
(24, 22): 0.9636, 0.0200, 6.4993, 0.0101
(24, 23): 0.9636, 0.0200, 6.4993, 0.0101
(24, 24): 0.9636, 0.0200, 6.4993, 0.0101
(24, 25): 0.9636, 0.0200, 6.4993, 0.0101
(24, 26): 0.8720, 0.0200, 7.9453, 0.0078
(24, 27): 0.7023, 0.0200, 4.9914, 0.0088
(25, 1): 0.6639, 0.0200, 1.6759, 0.0162
(25, 2): 0.6639, 0.0200, 1.6759, 0.0162
(25, 3): 0.8404, 0.0200, 7.7391, 0.0097
(25, 4): 1.0920, 0.0200, 8.2088, 0.0122
(25, 5): 0.9820, 0.0200, 11.6046, 0.0099
(25, 6): 0.9759, 0.0200, 15.1056, 0.0128
(25, 7): 0.9024, 0.0200, 8.8430, 0.0105
(25, 8): 1.1228, 0.0200, 12.2487, 0.0124
(25, 9): 1.3037, 0.0200, 11.3805, 0.0112
(25, 10): 1.1763, 0.0200, 14.0696, 0.0141
(25, 11): 1.2597, 0.0200, 12.8747, 0.0107
(25, 12): 1.4080, 0.0200, 10.7880, 0.0150
(25, 13): 1.3187, 0.0200, 11.3920, 0.0139
(25, 14): 1.5854, 0.0200, 8.3612, 0.0158
(25, 15): 1.6591, 0.0200, 7.6623, 0.0091
(25, 16): 1.3255, 0.0200, 11.2511, 0.0101
(25, 17): 1.6790, 0.0200, 7.3952, 0.0171
(25, 18): 1.4459, 0.0200, 9.7595, 0.0137
(25, 19): 1.4837, 0.0200, 9.2170, 0.0128
(25, 20): 1.2435, 0.0200, 12.2556, 0.0093
(25, 21): 1.2143, 0.0200, 12.4123, 0.0093
(25, 22): 0.9636, 0.0200, 6.4993, 0.0101
(25, 23): 0.9636, 0.0200, 6.4993, 0.0101
(25, 24): 0.9636, 0.0200, 6.4993, 0.0101
(25, 25): 0.9636, 0.0200, 6.4993, 0.0101
(25, 26): 0.9636, 0.0200, 6.4993, 0.0101
(25, 27): 0.9636, 0.0200, 6.4993, 0.0101
(26, 1): 0.6639, 0.0200, 1.6759, 0.0162
(26, 2): 0.6639, 0.0200, 1.6759, 0.0162
(26, 3): 0.8404, 0.0200, 7.7391, 0.0097
(26, 4): 1.0708, 0.0200, 8.5299, 0.0166
(26, 5): 0.8136, 0.0200, 11.2350, 0.0105
(26, 6): 0.8380, 0.0200, 9.5905, 0.0110
(26, 7): 1.0654, 0.0200, 13.6131, 0.0093
(26, 8): 1.0325, 0.0200, 16.6729, 0.0082
(26, 9): 1.1132, 0.0200, 15.5195, 0.0076
(26, 10): 1.1159, 0.0200, 15.4346, 0.0128
(26, 11): 1.2099, 0.0200, 13.7873, 0.0107
(26, 12): 1.2184, 0.0200, 13.3336, 0.0133
(26, 13): 1.1450, 0.0200, 14.2788, 0.0120
(26, 14): 1.3240, 0.0200, 11.6996, 0.0160
(26, 15): 1.0910, 0.0200, 15.4076, 0.0097
(26, 16): 1.1979, 0.0200, 13.2384, 0.0086
(26, 17): 1.2210, 0.0200, 12.7569, 0.0076
(26, 18): 1.3114, 0.0200, 11.1179, 0.0107
(26, 19): 1.4117, 0.0200, 9.7409, 0.0143
(26, 20): 1.2196, 0.0200, 12.2284, 0.0122
(26, 21): 1.0930, 0.0200, 14.3745, 0.0076
(26, 22): 0.9832, 0.0200, 12.4655, 0.0099
(26, 23): 0.9832, 0.0200, 12.4655, 0.0099
(26, 24): 0.9832, 0.0200, 12.4655, 0.0099
(26, 25): 0.9832, 0.0200, 12.4655, 0.0099
(26, 26): 0.9832, 0.0200, 12.4655, 0.0099
(26, 27): 0.9832, 0.0200, 12.4655, 0.0099
(27, 1): 1.0133, 0.0200, 6.0239, 0.0124
(27, 2): 1.0133, 0.0200, 6.0239, 0.0124
(27, 3): 1.0770, 0.0200, 14.6778, 0.0133
(27, 4): 0.9508, 0.0200, 18.6673, 0.0103
(27, 5): 0.9066, 0.0200, 21.0855, 0.0067
(27, 6): 0.9901, 0.0200, 14.2827, 0.0067
(27, 7): 0.8148, 0.0200, 6.7688, 0.0118
(27, 8): 1.0015, 0.0200, 14.1988, 0.0063
(27, 9): 0.9857, 0.0200, 13.5950, 0.0097
(27, 10): 1.0202, 0.0200, 13.4632, 0.0091
(27, 11): 0.9517, 0.0200, 14.3496, 0.0088
(27, 12): 0.8975, 0.0200, 8.4842, 0.0070
(27, 13): 1.0443, 0.0200, 13.1643, 0.0114
(27, 14): 0.9576, 0.0200, 11.7054, 0.0086
(27, 15): 1.0885, 0.0200, 15.5558, 0.0105
(27, 16): 1.2401, 0.0200, 12.5434, 0.0128
(27, 17): 1.5565, 0.0200, 8.2689, 0.0143
(27, 18): 1.2180, 0.0200, 12.5786, 0.0137
(27, 19): 1.2725, 0.0200, 11.7091, 0.0128
(27, 20): 1.1115, 0.0200, 14.0139, 0.0107
(27, 21): 1.0806, 0.0200, 14.7316, 0.0107
(27, 22): 1.2933, 0.0200, 8.6519, 0.0118
(27, 23): 1.2933, 0.0200, 8.6519, 0.0118
(27, 24): 1.2933, 0.0200, 8.6519, 0.0118
(27, 25): 1.2933, 0.0200, 8.6519, 0.0118
(27, 26): 1.2933, 0.0200, 8.6519, 0.0118
(27, 27): 1.2933, 0.0200, 8.6519, 0.0118
(28, 1): 0.5127, 0.0200, 2.1430, 0.0131
(28, 2): 0.5127, 0.0200, 2.1430, 0.0131
(28, 3): 0.8330, 0.0200, 9.4407, 0.0152
(28, 4): 0.8974, 0.0200, 9.3896, 0.0145
(28, 5): 0.8501, 0.0200, 16.8458, 0.0059
(28, 6): 0.8639, 0.0200, 9.0596, 0.0074
(28, 7): 0.8589, 0.0200, 9.4442, 0.0114
(28, 8): 0.8863, 0.0200, 14.0121, 0.0095
(28, 9): 0.9126, 0.0200, 10.6503, 0.0112
(28, 10): 1.0202, 0.0200, 13.4632, 0.0091
(28, 11): 0.9517, 0.0200, 14.3496, 0.0088
(28, 12): 0.8975, 0.0200, 8.4842, 0.0070
(28, 13): 0.7915, 0.0200, 4.4458, 0.0084
(28, 14): 0.7915, 0.0200, 4.4458, 0.0084
(28, 15): 1.2811, 0.0200, 11.5404, 0.0122
(28, 16): 1.2051, 0.0200, 13.2966, 0.0101
(28, 17): 1.0696, 0.0200, 15.4084, 0.0078
(28, 18): 1.0308, 0.0200, 15.7494, 0.0120
(28, 19): 1.0452, 0.0200, 15.2813, 0.0091
(28, 20): 1.0755, 0.0200, 14.7220, 0.0147
(28, 21): 1.0601, 0.0200, 15.2986, 0.0095
(28, 22): 0.9114, 0.0200, 7.2078, 0.0116
(28, 23): 0.9114, 0.0200, 7.2078, 0.0116
(28, 24): 0.9114, 0.0200, 7.2078, 0.0116
(28, 25): 0.9114, 0.0200, 7.2078, 0.0116
(28, 26): 0.9114, 0.0200, 7.2078, 0.0116
(28, 27): 0.9114, 0.0200, 7.2078, 0.0116
(29, 1): 1.0541, 0.0200, 15.3833, 0.0120
(29, 2): 1.0541, 0.0200, 15.3833, 0.0120
(29, 3): 0.9187, 0.0200, 20.7582, 0.0101
(29, 4): 0.8836, 0.0200, 17.7715, 0.0112
(29, 5): 0.9775, 0.0200, 12.7108, 0.0103
(29, 6): 0.8977, 0.0200, 20.7300, 0.0046
(29, 7): 0.8488, 0.0200, 17.3723, 0.0084
(29, 8): 0.5827, 0.0200, 1.9182, 0.0116
(29, 9): 0.9126, 0.0200, 10.6503, 0.0112
(29, 10): 0.9126, 0.0200, 10.6503, 0.0112
(29, 11): 0.9517, 0.0200, 14.3496, 0.0088
(29, 12): 0.8975, 0.0200, 8.4842, 0.0070
(29, 13): 0.7915, 0.0200, 4.4458, 0.0084
(29, 14): 0.7915, 0.0200, 4.4458, 0.0084
(29, 15): 0.8506, 0.0200, 2.8601, 0.0116
(29, 16): 0.9847, 0.0200, 6.8609, 0.0061
(29, 17): 0.6587, 0.0200, 1.7052, 0.0139
(29, 18): 1.1063, 0.0200, 10.9894, 0.0107
(29, 19): 1.0987, 0.0200, 14.4704, 0.0101
(29, 20): 1.0865, 0.0200, 14.5348, 0.0128
(29, 21): 1.1427, 0.0200, 13.6312, 0.0137
(29, 22): 0.8691, 0.0200, 3.7182, 0.0152
(29, 23): 0.8691, 0.0200, 3.7182, 0.0152
(29, 24): 0.8691, 0.0200, 3.7182, 0.0152
(29, 25): 0.8691, 0.0200, 3.7182, 0.0152
(29, 26): 0.8691, 0.0200, 3.7182, 0.0152
(29, 27): 0.8691, 0.0200, 3.7182, 0.0152
(30, 1): 0.8846, 0.0200, 11.6543, 0.0126
(30, 2): 0.8846, 0.0200, 11.6543, 0.0126
(30, 3): 0.6729, 0.0200, 6.6418, 0.0114
(30, 4): 0.7285, 0.0200, 5.1132, 0.0084
(30, 5): 1.0423, 0.0200, 14.5341, 0.0091
(30, 6): 0.9976, 0.0200, 13.6067, 0.0072
(30, 7): 0.7152, 0.0200, 5.0275, 0.0053
(30, 8): 0.5827, 0.0200, 1.9182, 0.0116
(30, 9): 0.5827, 0.0200, 1.9182, 0.0116
(30, 10): 0.9126, 0.0200, 10.6503, 0.0112
(30, 11): 0.9126, 0.0200, 10.6503, 0.0112
(30, 12): 0.7915, 0.0200, 4.4458, 0.0084
(30, 13): 0.7915, 0.0200, 4.4458, 0.0084
(30, 14): 0.8506, 0.0200, 2.8601, 0.0116
(30, 15): 0.8506, 0.0200, 2.8601, 0.0116
(30, 16): 0.9847, 0.0200, 6.8609, 0.0061
(30, 17): 0.6587, 0.0200, 1.7052, 0.0139
(30, 18): 1.1063, 0.0200, 10.9894, 0.0107
(30, 19): 0.7997, 0.0200, 4.0624, 0.0084
(30, 20): 1.2612, 0.0200, 9.1712, 0.0114
(30, 21): 1.0566, 0.0200, 13.8043, 0.0105
(30, 22): 0.8778, 0.0200, 4.7142, 0.0156
(30, 23): 0.8778, 0.0200, 4.7142, 0.0156
(30, 24): 0.8778, 0.0200, 4.7142, 0.0156
(30, 25): 0.8778, 0.0200, 4.7142, 0.0156
(30, 26): 0.8778, 0.0200, 4.7142, 0.0156
(30, 27): 0.8778, 0.0200, 4.7142, 0.0156
(31, 1): 0.8846, 0.0200, 11.6543, 0.0126
(31, 2): 0.8846, 0.0200, 11.6543, 0.0126
(31, 3): 0.6729, 0.0200, 6.6418, 0.0114
(31, 4): 0.7285, 0.0200, 5.1132, 0.0084
(31, 5): 1.0423, 0.0200, 14.5341, 0.0091
(31, 6): 0.9976, 0.0200, 13.6067, 0.0072
(31, 7): 0.7152, 0.0200, 5.0275, 0.0053
(31, 8): 0.7152, 0.0200, 5.0275, 0.0053
(31, 9): 0.5827, 0.0200, 1.9182, 0.0116
(31, 10): 0.5827, 0.0200, 1.9182, 0.0116
(31, 11): 0.9126, 0.0200, 10.6503, 0.0112
(31, 12): 0.7915, 0.0200, 4.4458, 0.0084
(31, 13): 0.8506, 0.0200, 2.8601, 0.0116
(31, 14): 0.8506, 0.0200, 2.8601, 0.0116
(31, 15): 0.8506, 0.0200, 2.8601, 0.0116
(31, 16): 0.9847, 0.0200, 6.8609, 0.0061
(31, 17): 0.6587, 0.0200, 1.7052, 0.0139
(31, 18): 0.7276, 0.0200, 3.0800, 0.0084
(31, 19): 0.7276, 0.0200, 3.0800, 0.0084
(31, 20): 1.0052, 0.0200, 14.1438, 0.0126
(31, 21): 0.7988, 0.0200, 4.0115, 0.0091
(31, 22): 0.7988, 0.0200, 4.0115, 0.0091
(31, 23): 0.7397, 0.0200, 3.0973, 0.0154
(31, 24): 0.7397, 0.0200, 3.0973, 0.0154
(31, 25): 0.7397, 0.0200, 3.0973, 0.0154
(31, 26): 0.7397, 0.0200, 3.0973, 0.0154
(31, 27): 0.7397, 0.0200, 3.0973, 0.0154
(32, 1): 0.8846, 0.0200, 11.6543, 0.0126
(32, 2): 0.8846, 0.0200, 11.6543, 0.0126
(32, 3): 0.6729, 0.0200, 6.6418, 0.0114
(32, 4): 0.7285, 0.0200, 5.1132, 0.0084
(32, 5): 1.0423, 0.0200, 14.5341, 0.0091
(32, 6): 0.9976, 0.0200, 13.6067, 0.0072
(32, 7): 0.7152, 0.0200, 5.0275, 0.0053
(32, 8): 0.7152, 0.0200, 5.0275, 0.0053
(32, 9): 0.7152, 0.0200, 5.0275, 0.0053
(32, 10): 0.5827, 0.0200, 1.9182, 0.0116
(32, 11): 0.5827, 0.0200, 1.9182, 0.0116
(32, 12): 0.8506, 0.0200, 2.8601, 0.0116
(32, 13): 0.8506, 0.0200, 2.8601, 0.0116
(32, 14): 0.8506, 0.0200, 2.8601, 0.0116
(32, 15): 0.8506, 0.0200, 2.8601, 0.0116
(32, 16): 0.9847, 0.0200, 6.8609, 0.0061
(32, 17): 0.7457, 0.0200, 4.7207, 0.0095
(32, 18): 0.7457, 0.0200, 4.7207, 0.0095
(32, 19): 0.7457, 0.0200, 4.7207, 0.0095
(32, 20): 1.1316, 0.0200, 14.6100, 0.0183
(32, 21): 0.9497, 0.0200, 11.6069, 0.0107
(32, 22): 0.7397, 0.0200, 3.0973, 0.0154
(32, 23): 0.7397, 0.0200, 3.0973, 0.0154
(32, 24): 0.7397, 0.0200, 3.0973, 0.0154
(32, 25): 0.7397, 0.0200, 3.0973, 0.0154
(32, 26): 0.7397, 0.0200, 3.0973, 0.0154
(32, 27): 0.7397, 0.0200, 3.0973, 0.0154
(33, 1): 0.8846, 0.0200, 11.6543, 0.0126
(33, 2): 0.8846, 0.0200, 11.6543, 0.0126
(33, 3): 0.6729, 0.0200, 6.6418, 0.0114
(33, 4): 0.7285, 0.0200, 5.1132, 0.0084
(33, 5): 1.0423, 0.0200, 14.5341, 0.0091
(33, 6): 0.9976, 0.0200, 13.6067, 0.0072
(33, 7): 0.7152, 0.0200, 5.0275, 0.0053
(33, 8): 0.7152, 0.0200, 5.0275, 0.0053
(33, 9): 0.7152, 0.0200, 5.0275, 0.0053
(33, 10): 0.7152, 0.0200, 5.0275, 0.0053
(33, 11): 0.5827, 0.0200, 1.9182, 0.0116
(33, 12): 0.8506, 0.0200, 2.8601, 0.0116
(33, 13): 0.8506, 0.0200, 2.8601, 0.0116
(33, 14): 0.8506, 0.0200, 2.8601, 0.0116
(33, 15): 0.8506, 0.0200, 2.8601, 0.0116
(33, 16): 0.8751, 0.0200, 11.9455, 0.0072
(33, 17): 0.8751, 0.0200, 11.9455, 0.0072
(33, 18): 0.8751, 0.0200, 11.9455, 0.0072
(33, 19): 0.8751, 0.0200, 11.9455, 0.0072
(33, 20): 1.0006, 0.0200, 18.1159, 0.0126
(33, 21): 1.2451, 0.0200, 12.9433, 0.0196
(33, 22): 0.9588, 0.0200, 6.9807, 0.0116
(33, 23): 0.9588, 0.0200, 6.9807, 0.0116
(33, 24): 0.9588, 0.0200, 6.9807, 0.0116
(33, 25): 0.9588, 0.0200, 6.9807, 0.0116
(33, 26): 0.9588, 0.0200, 6.9807, 0.0116
(33, 27): 0.9588, 0.0200, 6.9807, 0.0116
(34, 1): 0.8846, 0.0200, 11.6543, 0.0126
(34, 2): 0.8846, 0.0200, 11.6543, 0.0126
(34, 3): 0.6729, 0.0200, 6.6418, 0.0114
(34, 4): 0.7285, 0.0200, 5.1132, 0.0084
(34, 5): 1.0423, 0.0200, 14.5341, 0.0091
(34, 6): 0.9976, 0.0200, 13.6067, 0.0072
(34, 7): 0.7152, 0.0200, 5.0275, 0.0053
(34, 8): 0.7152, 0.0200, 5.0275, 0.0053
(34, 9): 0.7152, 0.0200, 5.0275, 0.0053
(34, 10): 0.7152, 0.0200, 5.0275, 0.0053
(34, 11): 0.7152, 0.0200, 5.0275, 0.0053
(34, 12): 0.8506, 0.0200, 2.8601, 0.0116
(34, 13): 0.8506, 0.0200, 2.8601, 0.0116
(34, 14): 0.8877, 0.0200, 10.1556, 0.0095
(34, 15): 0.8877, 0.0200, 10.1556, 0.0095
(34, 16): 0.8877, 0.0200, 10.1556, 0.0095
(34, 17): 0.8877, 0.0200, 10.1556, 0.0095
(34, 18): 0.8877, 0.0200, 10.1556, 0.0095
(34, 19): 0.8877, 0.0200, 10.1556, 0.0095
(34, 20): 1.1266, 0.0200, 15.3577, 0.0118
(34, 21): 1.1152, 0.0200, 15.0922, 0.0198
(34, 22): 0.8626, 0.0200, 2.7683, 0.0192
(34, 23): 0.8626, 0.0200, 2.7683, 0.0192
(34, 24): 0.8626, 0.0200, 2.7683, 0.0192
(34, 25): 0.8626, 0.0200, 2.7683, 0.0192
(34, 26): 0.8626, 0.0200, 2.7683, 0.0192
(34, 27): 0.8626, 0.0200, 2.7683, 0.0192
(35, 1): 0.8846, 0.0200, 11.6543, 0.0126
(35, 2): 0.8846, 0.0200, 11.6543, 0.0126
(35, 3): 0.6729, 0.0200, 6.6418, 0.0114
(35, 4): 0.7285, 0.0200, 5.1132, 0.0084
(35, 5): 1.0423, 0.0200, 14.5341, 0.0091
(35, 6): 0.9976, 0.0200, 13.6067, 0.0072
(35, 7): 0.7152, 0.0200, 5.0275, 0.0053
(35, 8): 0.7152, 0.0200, 5.0275, 0.0053
(35, 9): 0.7152, 0.0200, 5.0275, 0.0053
(35, 10): 0.7152, 0.0200, 5.0275, 0.0053
(35, 11): 0.7152, 0.0200, 5.0275, 0.0053
(35, 12): 0.8506, 0.0200, 2.8601, 0.0116
(35, 13): 0.8877, 0.0200, 10.1556, 0.0095
(35, 14): 0.8877, 0.0200, 10.1556, 0.0095
(35, 15): 0.8877, 0.0200, 10.1556, 0.0095
(35, 16): 0.8877, 0.0200, 10.1556, 0.0095
(35, 17): 0.8877, 0.0200, 10.1556, 0.0095
(35, 18): 0.8877, 0.0200, 10.1556, 0.0095
(35, 19): 0.8877, 0.0200, 10.1556, 0.0095
(35, 20): 1.1266, 0.0200, 15.3577, 0.0118
(35, 21): 1.1152, 0.0200, 15.0922, 0.0198
(35, 22): 0.8626, 0.0200, 2.7683, 0.0192
(35, 23): 0.8626, 0.0200, 2.7683, 0.0192
(35, 24): 0.8626, 0.0200, 2.7683, 0.0192
(35, 25): 0.8626, 0.0200, 2.7683, 0.0192
(35, 26): 0.8626, 0.0200, 2.7683, 0.0192
(35, 27): 0.8626, 0.0200, 2.7683, 0.0192
(36, 1): 0.8846, 0.0200, 11.6543, 0.0126
(36, 2): 0.8846, 0.0200, 11.6543, 0.0126
(36, 3): 0.6729, 0.0200, 6.6418, 0.0114
(36, 4): 0.7285, 0.0200, 5.1132, 0.0084
(36, 5): 1.0423, 0.0200, 14.5341, 0.0091
(36, 6): 0.9976, 0.0200, 13.6067, 0.0072
(36, 7): 0.7152, 0.0200, 5.0275, 0.0053
(36, 8): 0.7152, 0.0200, 5.0275, 0.0053
(36, 9): 0.7152, 0.0200, 5.0275, 0.0053
(36, 10): 0.7152, 0.0200, 5.0275, 0.0053
(36, 11): 0.7152, 0.0200, 5.0275, 0.0053
(36, 12): 0.8877, 0.0200, 10.1556, 0.0095
(36, 13): 0.8877, 0.0200, 10.1556, 0.0095
(36, 14): 0.8877, 0.0200, 10.1556, 0.0095
(36, 15): 0.8877, 0.0200, 10.1556, 0.0095
(36, 16): 0.8877, 0.0200, 10.1556, 0.0095
(36, 17): 0.8877, 0.0200, 10.1556, 0.0095
(36, 18): 0.8877, 0.0200, 10.1556, 0.0095
(36, 19): 0.8877, 0.0200, 10.1556, 0.0095
(36, 20): 1.1266, 0.0200, 15.3577, 0.0118
(36, 21): 1.1152, 0.0200, 15.0922, 0.0198
(36, 22): 0.8626, 0.0200, 2.7683, 0.0192
(36, 23): 0.8626, 0.0200, 2.7683, 0.0192
(36, 24): 0.8626, 0.0200, 2.7683, 0.0192
(36, 25): 0.8626, 0.0200, 2.7683, 0.0192
(36, 26): 0.8626, 0.0200, 2.7683, 0.0192
(36, 27): 0.8626, 0.0200, 2.7683, 0.0192
(37, 1): 0.8846, 0.0200, 11.6543, 0.0126
(37, 2): 0.8846, 0.0200, 11.6543, 0.0126
(37, 3): 0.6729, 0.0200, 6.6418, 0.0114
(37, 4): 0.7285, 0.0200, 5.1132, 0.0084
(37, 5): 1.0423, 0.0200, 14.5341, 0.0091
(37, 6): 0.9976, 0.0200, 13.6067, 0.0072
(37, 7): 0.7152, 0.0200, 5.0275, 0.0053
(37, 8): 0.7152, 0.0200, 5.0275, 0.0053
(37, 9): 0.7152, 0.0200, 5.0275, 0.0053
(37, 10): 0.7152, 0.0200, 5.0275, 0.0053
(37, 11): 0.7152, 0.0200, 5.0275, 0.0053
(37, 12): 0.8877, 0.0200, 10.1556, 0.0095
(37, 13): 0.8877, 0.0200, 10.1556, 0.0095
(37, 14): 0.8877, 0.0200, 10.1556, 0.0095
(37, 15): 0.8877, 0.0200, 10.1556, 0.0095
(37, 16): 0.8877, 0.0200, 10.1556, 0.0095
(37, 17): 0.8877, 0.0200, 10.1556, 0.0095
(37, 18): 0.8877, 0.0200, 10.1556, 0.0095
(37, 19): 0.8877, 0.0200, 10.1556, 0.0095
(37, 20): 1.1266, 0.0200, 15.3577, 0.0118
(37, 21): 1.1152, 0.0200, 15.0922, 0.0198
(37, 22): 0.8626, 0.0200, 2.7683, 0.0192
(37, 23): 0.8626, 0.0200, 2.7683, 0.0192
(37, 24): 0.8626, 0.0200, 2.7683, 0.0192
(37, 25): 0.8626, 0.0200, 2.7683, 0.0192
(37, 26): 0.8626, 0.0200, 2.7683, 0.0192
(37, 27): 0.8626, 0.0200, 2.7683, 0.0192
