(1, 1): 0.1880, 4.4100, 4.4358, 0.4282
(1, 2): 0.1880, 4.4100, 4.4358, 0.4282
(1, 3): 0.1880, 4.4100, 4.4358, 0.4282
(1, 4): 0.1880, 4.4100, 4.4358, 0.4282
(1, 5): 0.2378, 4.4100, 18.2288, 0.2719
(1, 6): 0.2378, 4.4100, 18.2288, 0.2719
(1, 7): 0.2378, 4.4100, 18.2288, 0.2719
(1, 8): 0.2378, 4.4100, 18.2288, 0.2719
(1, 9): 0.1655, 4.4100, 12.6252, 0.3212
(1, 10): 0.1655, 4.4100, 12.6252, 0.3212
(1, 11): 0.1655, 4.4100, 12.6252, 0.3212
(1, 12): 0.1655, 4.4100, 12.6252, 0.3212
(1, 13): 0.1655, 4.4100, 12.6252, 0.3212
(1, 14): 0.1191, 4.4100, 17.4956, 0.3098
(1, 15): 0.1191, 4.4100, 17.4956, 0.3098
(1, 16): 0.1191, 4.4100, 17.4956, 0.3098
(1, 17): 0.1264, 4.4100, 17.3247, 0.3098
(1, 18): 0.0968, 4.4100, 9.1480, 0.3688
(1, 19): 0.0842, 4.4100, 8.7505, 0.3631
(1, 20): 0.0842, 4.4100, 8.7505, 0.3631
(1, 21): 0.1167, 4.4100, 8.8695, 0.3778
(1, 22): 0.1167, 4.4100, 8.8695, 0.3778
(1, 23): 0.1684, 4.4600, 54.2010, 0.2304
(1, 24): 0.1802, 4.4200, 44.6454, 0.2355
(1, 25): 0.1802, 4.4200, 44.6454, 0.2355
(1, 26): 0.1802, 4.4200, 44.6454, 0.2355
(1, 27): 0.0531, 4.4100, 9.0988, 0.3357
(2, 1): 0.1880, 4.4100, 4.4358, 0.4282
(2, 2): 0.1880, 4.4100, 4.4358, 0.4282
(2, 3): 0.1880, 4.4100, 4.4358, 0.4282
(2, 4): 0.1880, 4.4100, 4.4358, 0.4282
(2, 5): 0.1880, 4.4100, 4.4358, 0.4282
(2, 6): 0.2378, 4.4100, 18.2288, 0.2719
(2, 7): 0.2378, 4.4100, 18.2288, 0.2719
(2, 8): 0.2378, 4.4100, 18.2288, 0.2719
(2, 9): 0.2378, 4.4100, 18.2288, 0.2719
(2, 10): 0.1655, 4.4100, 12.6252, 0.3212
(2, 11): 0.1655, 4.4100, 12.6252, 0.3212
(2, 12): 0.1655, 4.4100, 12.6252, 0.3212
(2, 13): 0.1655, 4.4100, 12.6252, 0.3212
(2, 14): 0.1925, 4.4100, 27.2556, 0.2770
(2, 15): 0.1191, 4.4100, 17.4956, 0.3098
(2, 16): 0.1191, 4.4100, 17.4956, 0.3098
(2, 17): 0.1264, 4.4100, 17.3247, 0.3098
(2, 18): 0.0968, 4.4100, 9.1480, 0.3688
(2, 19): 0.0842, 4.4100, 8.7505, 0.3631
(2, 20): 0.0842, 4.4100, 8.7505, 0.3631
(2, 21): 0.1167, 4.4100, 8.8695, 0.3778
(2, 22): 0.1128, 4.4100, 36.6247, 0.2334
(2, 23): 0.1684, 4.4600, 54.2010, 0.2304
(2, 24): 0.1802, 4.4200, 44.6454, 0.2355
(2, 25): 0.1802, 4.4200, 44.6454, 0.2355
(2, 26): 0.0531, 4.4100, 9.0988, 0.3357
(2, 27): 0.0531, 4.4100, 9.0988, 0.3357
(3, 1): 0.1880, 4.4100, 4.4358, 0.4282
(3, 2): 0.1880, 4.4100, 4.4358, 0.4282
(3, 3): 0.1880, 4.4100, 4.4358, 0.4282
(3, 4): 0.1880, 4.4100, 4.4358, 0.4282
(3, 5): 0.1880, 4.4100, 4.4358, 0.4282
(3, 6): 0.1880, 4.4100, 4.4358, 0.4282
(3, 7): 0.2378, 4.4100, 18.2288, 0.2719
(3, 8): 0.2378, 4.4100, 18.2288, 0.2719
(3, 9): 0.2378, 4.4100, 18.2288, 0.2719
(3, 10): 0.2378, 4.4100, 18.2288, 0.2719
(3, 11): 0.1655, 4.4100, 12.6252, 0.3212
(3, 12): 0.1655, 4.4100, 12.6252, 0.3212
(3, 13): 0.1655, 4.4100, 12.6252, 0.3212
(3, 14): 0.1925, 4.4100, 27.2556, 0.2770
(3, 15): 0.1447, 4.4100, 12.8322, 0.3473
(3, 16): 0.1191, 4.4100, 17.4956, 0.3098
(3, 17): 0.1264, 4.4100, 17.3247, 0.3098
(3, 18): 0.0968, 4.4100, 9.1480, 0.3688
(3, 19): 0.0985, 4.4200, 16.8344, 0.3052
(3, 20): 0.0827, 4.4200, 8.8242, 0.3650
(3, 21): 0.0708, 4.4100, 13.3174, 0.3067
(3, 22): 0.1128, 4.4100, 36.6247, 0.2334
(3, 23): 0.1684, 4.4600, 54.2010, 0.2304
(3, 24): 0.1802, 4.4200, 44.6454, 0.2355
(3, 25): 0.1416, 4.4100, 37.1948, 0.2504
(3, 26): 0.0531, 4.4100, 9.0988, 0.3357
(3, 27): 0.0531, 4.4100, 9.0988, 0.3357
(4, 1): 0.1880, 4.4100, 4.4358, 0.4282
(4, 2): 0.1880, 4.4100, 4.4358, 0.4282
(4, 3): 0.1880, 4.4100, 4.4358, 0.4282
(4, 4): 0.1880, 4.4100, 4.4358, 0.4282
(4, 5): 0.1880, 4.4100, 4.4358, 0.4282
(4, 6): 0.1880, 4.4100, 4.4358, 0.4282
(4, 7): 0.1880, 4.4100, 4.4358, 0.4282
(4, 8): 0.2378, 4.4100, 18.2288, 0.2719
(4, 9): 0.2378, 4.4100, 18.2288, 0.2719
(4, 10): 0.2378, 4.4100, 18.2288, 0.2719
(4, 11): 0.2378, 4.4100, 18.2288, 0.2719
(4, 12): 0.1655, 4.4100, 12.6252, 0.3212
(4, 13): 0.1655, 4.4100, 12.6252, 0.3212
(4, 14): 0.1925, 4.4100, 27.2556, 0.2770
(4, 15): 0.1447, 4.4100, 12.8322, 0.3473
(4, 16): 0.1095, 4.4200, 13.7634, 0.3298
(4, 17): 0.0610, 4.4100, 14.6498, 0.3265
(4, 18): 0.1572, 4.4200, 39.1753, 0.2407
(4, 19): 0.1801, 4.4100, 48.6191, 0.2195
(4, 20): 0.1720, 4.4300, 58.3432, 0.2098
(4, 21): 0.1838, 4.4300, 57.8800, 0.2070
(4, 22): 0.1624, 4.4300, 60.1231, 0.2005
(4, 23): 0.1604, 4.4400, 59.0310, 0.2039
(4, 24): 0.1806, 4.4100, 56.1270, 0.2066
(4, 25): 0.1416, 4.4100, 37.1948, 0.2504
(4, 26): 0.0531, 4.4100, 9.0988, 0.3357
(4, 27): 0.0664, 4.4300, 16.8644, 0.3062
(5, 1): 0.1880, 4.4100, 4.4358, 0.4282
(5, 2): 0.1880, 4.4100, 4.4358, 0.4282
(5, 3): 0.1880, 4.4100, 4.4358, 0.4282
(5, 4): 0.1880, 4.4100, 4.4358, 0.4282
(5, 5): 0.1880, 4.4100, 4.4358, 0.4282
(5, 6): 0.1880, 4.4100, 4.4358, 0.4282
(5, 7): 0.1880, 4.4100, 4.4358, 0.4282
(5, 8): 0.1880, 4.4100, 4.4358, 0.4282
(5, 9): 0.2378, 4.4100, 18.2288, 0.2719
(5, 10): 0.2378, 4.4100, 18.2288, 0.2719
(5, 11): 0.2378, 4.4100, 18.2288, 0.2719
(5, 12): 0.1901, 4.4100, 16.1228, 0.2925
(5, 13): 0.1901, 4.4100, 16.1228, 0.2925
(5, 14): 0.1901, 4.4100, 16.1228, 0.2925
(5, 15): 0.1447, 4.4100, 12.8322, 0.3473
(5, 16): 0.1608, 4.4100, 31.1850, 0.2717
(5, 17): 0.2384, 4.4300, 53.1252, 0.2323
(5, 18): 0.2100, 4.4100, 55.9981, 0.2125
(5, 19): 0.2057, 4.4400, 60.0876, 0.2045
(5, 20): 0.1842, 4.4100, 60.9916, 0.2087
(5, 21): 0.1792, 4.4200, 60.2107, 0.2041
(5, 22): 0.1681, 4.4300, 60.5318, 0.2062
(5, 23): 0.1656, 4.4200, 58.7996, 0.2140
(5, 24): 0.1954, 4.4100, 53.5538, 0.2190
(5, 25): 0.1791, 4.4300, 56.6665, 0.2376
(5, 26): 0.1794, 4.4100, 52.0077, 0.2283
(5, 27): 0.0664, 4.4300, 16.8644, 0.3062
(6, 1): 0.1880, 4.4100, 4.4358, 0.4282
(6, 2): 0.1880, 4.4100, 4.4358, 0.4282
(6, 3): 0.1880, 4.4100, 4.4358, 0.4282
(6, 4): 0.1880, 4.4100, 4.4358, 0.4282
(6, 5): 0.1880, 4.4100, 4.4358, 0.4282
(6, 6): 0.1880, 4.4100, 4.4358, 0.4282
(6, 7): 0.1880, 4.4100, 4.4358, 0.4282
(6, 8): 0.1880, 4.4100, 4.4358, 0.4282
(6, 9): 0.1880, 4.4100, 4.4358, 0.4282
(6, 10): 0.2378, 4.4100, 18.2288, 0.2719
(6, 11): 0.2378, 4.4100, 18.2288, 0.2719
(6, 12): 0.1902, 4.4100, 8.5936, 0.3540
(6, 13): 0.1901, 4.4100, 16.1228, 0.2925
(6, 14): 0.2066, 4.4100, 34.2964, 0.3111
(6, 15): 0.2066, 4.4100, 34.2964, 0.3111
(6, 16): 0.2593, 4.4100, 51.9478, 0.2730
(6, 17): 0.2332, 4.4100, 53.9478, 0.2355
(6, 18): 0.1943, 4.4100, 57.5535, 0.2083
(6, 19): 0.1881, 4.4100, 59.9704, 0.2115
(6, 20): 0.1921, 4.4200, 59.9868, 0.1908
(6, 21): 0.1772, 4.4100, 61.5163, 0.1963
(6, 22): 0.1651, 4.4200, 62.1590, 0.2279
(6, 23): 0.1588, 4.4100, 60.5372, 0.2254
(6, 24): 0.1776, 4.4200, 56.4335, 0.2281
(6, 25): 0.2150, 4.4100, 55.0041, 0.2186
(6, 26): 0.1999, 4.4200, 55.4511, 0.2035
(6, 27): 0.0760, 4.4200, 20.2915, 0.2947
(7, 1): 0.1880, 4.4100, 4.4358, 0.4282
(7, 2): 0.1880, 4.4100, 4.4358, 0.4282
(7, 3): 0.1880, 4.4100, 4.4358, 0.4282
(7, 4): 0.1880, 4.4100, 4.4358, 0.4282
(7, 5): 0.1880, 4.4100, 4.4358, 0.4282
(7, 6): 0.1880, 4.4100, 4.4358, 0.4282
(7, 7): 0.1880, 4.4100, 4.4358, 0.4282
(7, 8): 0.1880, 4.4100, 4.4358, 0.4282
(7, 9): 0.1880, 4.4100, 4.4358, 0.4282
(7, 10): 0.1880, 4.4100, 4.4358, 0.4282
(7, 11): 0.1949, 4.4100, 19.2034, 0.2826
(7, 12): 0.1949, 4.4100, 19.2034, 0.2826
(7, 13): 0.1902, 4.4100, 8.5936, 0.3540
(7, 14): 0.2518, 4.4100, 50.2178, 0.3439
(7, 15): 0.2518, 4.4100, 50.2178, 0.3439
(7, 16): 0.2331, 4.4100, 52.5213, 0.2770
(7, 17): 0.2128, 4.4100, 54.7043, 0.2134
(7, 18): 0.1823, 4.4400, 58.9115, 0.2146
(7, 19): 0.1696, 4.4100, 61.5301, 0.2310
(7, 20): 0.2009, 4.4200, 59.7101, 0.2024
(7, 21): 0.2008, 4.4200, 61.1056, 0.2007
(7, 22): 0.1536, 4.4800, 64.8605, 0.2115
(7, 23): 0.1629, 4.4300, 62.4596, 0.2096
(7, 24): 0.1953, 4.4100, 58.2808, 0.1963
(7, 25): 0.2032, 4.4200, 55.9143, 0.2045
(7, 26): 0.2095, 4.4300, 53.9591, 0.1893
(7, 27): 0.1632, 4.4200, 34.6389, 0.2350
(8, 1): 0.2033, 4.4100, 29.3388, 0.2395
(8, 2): 0.2033, 4.4100, 29.3388, 0.2395
(8, 3): 0.2033, 4.4100, 29.3388, 0.2395
(8, 4): 0.2033, 4.4100, 29.3388, 0.2395
(8, 5): 0.2033, 4.4100, 29.3388, 0.2395
(8, 6): 0.2033, 4.4100, 29.3388, 0.2395
(8, 7): 0.2033, 4.4100, 29.3388, 0.2395
(8, 8): 0.2033, 4.4100, 29.3388, 0.2395
(8, 9): 0.2033, 4.4100, 29.3388, 0.2395
(8, 10): 0.2033, 4.4100, 29.3388, 0.2395
(8, 11): 0.1849, 4.4300, 27.6676, 0.2466
(8, 12): 0.1849, 4.4300, 27.6676, 0.2466
(8, 13): 0.0964, 4.4200, 16.4513, 0.3123
(8, 14): 0.0964, 4.4200, 16.4513, 0.3123
(8, 15): 0.2700, 4.4100, 48.7077, 0.3435
(8, 16): 0.2166, 4.4100, 55.2176, 0.2852
(8, 17): 0.2155, 4.4100, 55.0879, 0.2361
(8, 18): 0.1972, 4.4400, 58.9356, 0.2157
(8, 19): 0.2050, 4.4100, 58.6990, 0.1946
(8, 20): 0.1926, 4.4100, 61.0796, 0.1900
(8, 21): 0.2027, 4.4200, 60.8008, 0.1931
(8, 22): 0.1849, 4.4100, 61.4309, 0.1929
(8, 23): 0.1846, 4.4100, 62.4664, 0.1980
(8, 24): 0.2063, 4.4300, 59.3357, 0.1879
(8, 25): 0.2283, 4.4100, 55.0607, 0.1898
(8, 26): 0.2417, 4.4300, 53.0849, 0.1973
(8, 27): 0.1708, 4.4100, 31.4306, 0.2483
(9, 1): 0.1942, 4.4100, 29.8385, 0.2317
(9, 2): 0.1942, 4.4100, 29.8385, 0.2317
(9, 3): 0.1942, 4.4100, 29.8385, 0.2317
(9, 4): 0.1942, 4.4100, 29.8385, 0.2317
(9, 5): 0.1942, 4.4100, 29.8385, 0.2317
(9, 6): 0.1942, 4.4100, 29.8385, 0.2317
(9, 7): 0.1942, 4.4100, 29.8385, 0.2317
(9, 8): 0.1942, 4.4100, 29.8385, 0.2317
(9, 9): 0.1942, 4.4100, 29.8385, 0.2317
(9, 10): 0.1942, 4.4100, 29.8385, 0.2317
(9, 11): 0.1397, 4.4100, 4.7039, 0.4164
(9, 12): 0.2027, 4.4500, 32.7087, 0.2372
(9, 13): 0.2027, 4.4500, 32.7087, 0.2372
(9, 14): 0.0964, 4.4200, 16.4513, 0.3123
(9, 15): 0.2581, 4.4100, 44.9078, 0.3119
(9, 16): 0.2404, 4.4100, 53.6737, 0.2835
(9, 17): 0.2170, 4.4100, 55.4525, 0.2365
(9, 18): 0.2391, 4.4200, 55.8916, 0.2157
(9, 19): 0.2200, 4.4100, 57.4674, 0.1843
(9, 20): 0.2069, 4.4200, 58.8734, 0.1914
(9, 21): 0.2146, 4.4100, 59.4291, 0.1847
(9, 22): 0.1808, 4.4100, 60.4315, 0.2195
(9, 23): 0.1874, 4.4100, 61.9049, 0.1955
(9, 24): 0.2352, 4.4100, 57.9433, 0.1830
(9, 25): 0.2326, 4.4400, 56.8260, 0.1818
(9, 26): 0.2532, 4.4100, 51.9093, 0.1889
(9, 27): 0.0838, 4.4100, 12.9447, 0.3010
(10, 1): 0.2136, 4.4300, 31.8843, 0.2401
(10, 2): 0.2136, 4.4300, 31.8843, 0.2401
(10, 3): 0.2136, 4.4300, 31.8843, 0.2401
(10, 4): 0.2136, 4.4300, 31.8843, 0.2401
(10, 5): 0.2136, 4.4300, 31.8843, 0.2401
(10, 6): 0.2136, 4.4300, 31.8843, 0.2401
(10, 7): 0.2136, 4.4300, 31.8843, 0.2401
(10, 8): 0.2136, 4.4300, 31.8843, 0.2401
(10, 9): 0.2136, 4.4300, 31.8843, 0.2401
(10, 10): 0.2136, 4.4300, 31.8843, 0.2401
(10, 11): 0.1450, 4.4200, 12.8708, 0.3069
(10, 12): 0.2027, 4.4500, 32.7087, 0.2372
(10, 13): 0.1414, 4.4300, 17.0578, 0.2921
(10, 14): 0.1277, 4.4200, 4.6773, 0.4288
(10, 15): 0.2294, 4.4100, 46.3955, 0.2641
(10, 16): 0.2427, 4.4300, 50.0642, 0.2557
(10, 17): 0.2304, 4.4100, 54.6495, 0.2279
(10, 18): 0.2301, 4.4400, 55.6686, 0.1997
(10, 19): 0.2327, 4.4500, 55.4885, 0.1973
(10, 20): 0.2235, 4.4200, 56.4232, 0.1912
(10, 21): 0.1976, 4.4500, 60.8273, 0.1788
(10, 22): 0.1986, 4.4100, 60.3408, 0.1904
(10, 23): 0.2148, 4.4100, 58.8187, 0.2003
(10, 24): 0.2193, 4.4100, 59.4236, 0.1790
(10, 25): 0.2065, 4.4100, 57.9038, 0.1794
(10, 26): 0.2270, 4.4100, 51.7647, 0.1818
(10, 27): 0.2270, 4.4100, 51.7647, 0.1818
(11, 1): 0.0948, 4.4200, 14.8160, 0.3315
(11, 2): 0.2120, 4.4200, 42.4291, 0.2152
(11, 3): 0.2120, 4.4200, 42.4291, 0.2152
(11, 4): 0.2120, 4.4200, 42.4291, 0.2152
(11, 5): 0.2120, 4.4200, 42.4291, 0.2152
(11, 6): 0.2120, 4.4200, 42.4291, 0.2152
(11, 7): 0.2120, 4.4200, 42.4291, 0.2152
(11, 8): 0.2120, 4.4200, 42.4291, 0.2152
(11, 9): 0.2120, 4.4200, 42.4291, 0.2152
(11, 10): 0.2120, 4.4200, 42.4291, 0.2152
(11, 11): 0.2420, 4.4100, 54.4449, 0.2142
(11, 12): 0.2665, 4.4300, 52.7859, 0.2193
(11, 13): 0.1414, 4.4300, 17.0578, 0.2921
(11, 14): 0.1414, 4.4300, 17.0578, 0.2921
(11, 15): 0.2294, 4.4100, 46.3955, 0.2641
(11, 16): 0.1123, 4.4100, 8.9900, 0.3538
(11, 17): 0.2603, 4.4100, 52.5004, 0.2064
(11, 18): 0.2471, 4.4200, 53.8426, 0.2043
(11, 19): 0.2531, 4.4100, 53.6199, 0.1938
(11, 20): 0.2304, 4.4100, 54.8753, 0.1952
(11, 21): 0.2211, 4.4100, 57.4012, 0.1786
(11, 22): 0.2147, 4.4100, 58.8638, 0.1891
(11, 23): 0.2041, 4.4100, 58.9053, 0.1877
(11, 24): 0.2070, 4.4100, 57.7470, 0.1725
(11, 25): 0.2010, 4.4300, 55.3425, 0.1729
(11, 26): 0.2172, 4.4300, 49.9606, 0.1866
(11, 27): 0.2172, 4.4300, 49.9606, 0.1866
(12, 1): 0.0948, 4.4200, 14.8160, 0.3315
(12, 2): 0.0948, 4.4200, 14.8160, 0.3315
(12, 3): 0.0948, 4.4200, 14.8160, 0.3315
(12, 4): 0.0948, 4.4200, 14.8160, 0.3315
(12, 5): 0.2566, 4.4200, 50.4338, 0.2039
(12, 6): 0.2566, 4.4200, 50.4338, 0.2039
(12, 7): 0.2566, 4.4200, 50.4338, 0.2039
(12, 8): 0.2566, 4.4200, 50.4338, 0.2039
(12, 9): 0.2566, 4.4200, 50.4338, 0.2039
(12, 10): 0.2566, 4.4200, 50.4338, 0.2039
(12, 11): 0.2727, 4.4300, 53.1329, 0.2140
(12, 12): 0.2805, 4.4200, 52.9255, 0.2426
(12, 13): 0.2168, 4.4100, 43.6671, 0.2211
(12, 14): 0.1595, 4.4200, 28.5678, 0.2460
(12, 15): 0.1595, 4.4200, 28.5678, 0.2460
(12, 16): 0.1336, 4.4100, 16.4748, 0.3578
(12, 17): 0.2425, 4.4300, 53.4433, 0.2403
(12, 18): 0.2332, 4.4200, 56.1991, 0.2018
(12, 19): 0.2420, 4.4100, 55.3350, 0.1995
(12, 20): 0.2165, 4.4300, 56.4657, 0.1856
(12, 21): 0.2162, 4.4200, 57.6863, 0.1839
(12, 22): 0.2169, 4.4100, 58.9026, 0.1738
(12, 23): 0.2087, 4.4200, 56.1654, 0.1731
(12, 24): 0.2008, 4.4100, 47.6926, 0.1856
(12, 25): 0.1095, 4.4200, 16.4976, 0.2643
(12, 26): 0.1214, 4.4100, 15.2067, 0.2628
(12, 27): 0.1214, 4.4100, 15.2067, 0.2628
(13, 1): 0.0948, 4.4200, 14.8160, 0.3315
(13, 2): 0.0948, 4.4200, 14.8160, 0.3315
(13, 3): 0.0948, 4.4200, 14.8160, 0.3315
(13, 4): 0.0948, 4.4200, 14.8160, 0.3315
(13, 5): 0.0948, 4.4200, 14.8160, 0.3315
(13, 6): 0.0948, 4.4200, 14.8160, 0.3315
(13, 7): 0.0948, 4.4200, 14.8160, 0.3315
(13, 8): 0.2810, 4.4100, 52.9536, 0.1904
(13, 9): 0.2810, 4.4100, 52.9536, 0.1904
(13, 10): 0.2810, 4.4100, 52.9536, 0.1904
(13, 11): 0.2632, 4.4300, 55.6314, 0.2043
(13, 12): 0.2534, 4.4200, 53.6709, 0.1982
(13, 13): 0.2183, 4.4500, 45.1671, 0.2157
(13, 14): 0.1114, 4.4100, 9.7909, 0.3227
(13, 15): 0.1114, 4.4100, 9.7909, 0.3227
(13, 16): 0.0627, 4.4100, 9.4986, 0.3972
(13, 17): 0.1729, 4.4100, 45.9497, 0.2778
(13, 18): 0.2031, 4.4100, 52.1252, 0.2081
(13, 19): 0.2125, 4.4200, 56.8902, 0.1948
(13, 20): 0.2165, 4.4100, 56.6015, 0.1841
(13, 21): 0.2101, 4.4300, 57.9310, 0.1870
(13, 22): 0.2201, 4.4100, 57.5169, 0.1719
(13, 23): 0.2237, 4.4200, 54.5450, 0.1748
(13, 24): 0.1981, 4.4200, 46.4863, 0.1826
(13, 25): 0.0792, 4.4100, 4.6335, 0.4164
(13, 26): 0.1214, 4.4100, 15.2067, 0.2628
(13, 27): 0.0873, 4.4100, 4.3125, 0.3997
(14, 1): 0.0948, 4.4200, 14.8160, 0.3315
(14, 2): 0.0948, 4.4200, 14.8160, 0.3315
(14, 3): 0.0948, 4.4200, 14.8160, 0.3315
(14, 4): 0.0948, 4.4200, 14.8160, 0.3315
(14, 5): 0.0948, 4.4200, 14.8160, 0.3315
(14, 6): 0.0948, 4.4200, 14.8160, 0.3315
(14, 7): 0.0948, 4.4200, 14.8160, 0.3315
(14, 8): 0.0948, 4.4200, 14.8160, 0.3315
(14, 9): 0.2689, 4.4100, 55.0579, 0.1971
(14, 10): 0.2689, 4.4100, 55.0579, 0.1971
(14, 11): 0.2498, 4.4100, 58.3539, 0.2165
(14, 12): 0.2512, 4.4100, 55.0141, 0.2216
(14, 13): 0.1035, 4.4100, 5.5199, 0.4233
(14, 14): 0.1114, 4.4100, 9.7909, 0.3227
(14, 15): 0.0733, 4.4400, 5.2210, 0.4217
(14, 16): 0.2753, 4.4200, 41.2418, 0.3102
(14, 17): 0.1897, 4.4100, 59.6489, 0.2812
(14, 18): 0.1659, 4.4100, 62.9724, 0.2285
(14, 19): 0.1682, 4.4100, 62.6369, 0.1921
(14, 20): 0.1894, 4.4400, 59.0061, 0.2020
(14, 21): 0.2047, 4.4100, 57.4918, 0.1784
(14, 22): 0.1989, 4.4100, 58.0377, 0.1811
(14, 23): 0.1782, 4.4300, 58.4668, 0.1723
(14, 24): 0.1651, 4.4100, 53.0117, 0.1757
(14, 25): 0.1266, 4.4100, 30.5552, 0.2005
(14, 26): 0.1434, 4.4100, 31.8515, 0.1995
(14, 27): 0.0873, 4.4100, 4.3125, 0.3997
(15, 1): 0.1176, 4.4100, 5.1221, 0.3943
(15, 2): 0.1176, 4.4100, 5.1221, 0.3943
(15, 3): 0.1176, 4.4100, 5.1221, 0.3943
(15, 4): 0.0948, 4.4200, 14.8160, 0.3315
(15, 5): 0.0948, 4.4200, 14.8160, 0.3315
(15, 6): 0.0948, 4.4200, 14.8160, 0.3315
(15, 7): 0.0948, 4.4200, 14.8160, 0.3315
(15, 8): 0.0948, 4.4200, 14.8160, 0.3315
(15, 9): 0.0948, 4.4200, 14.8160, 0.3315
(15, 10): 0.2624, 4.4100, 57.1727, 0.3062
(15, 11): 0.2635, 4.4200, 57.8474, 0.3003
(15, 12): 0.2802, 4.4400, 57.3115, 0.3012
(15, 13): 0.1458, 4.4100, 22.4289, 0.3104
(15, 14): 0.0384, 4.4000, 5.5607, 0.4016
(15, 15): 0.2181, 4.4200, 46.6512, 0.2323
(15, 16): 0.2322, 4.4100, 56.2726, 0.2767
(15, 17): 0.1887, 4.4100, 56.1653, 0.2871
(15, 18): 0.1772, 4.4100, 54.5229, 0.2605
(15, 19): 0.1671, 4.4300, 63.1091, 0.1921
(15, 20): 0.1555, 4.4600, 61.5185, 0.1847
(15, 21): 0.1700, 4.4200, 58.6354, 0.1742
(15, 22): 0.1969, 4.4100, 56.6691, 0.1689
(15, 23): 0.1749, 4.4100, 58.2213, 0.1676
(15, 24): 0.1545, 4.4100, 59.1834, 0.1797
(15, 25): 0.1561, 4.4200, 60.0113, 0.1757
(15, 26): 0.1878, 4.4100, 54.5855, 0.1695
(15, 27): 0.1914, 4.4100, 33.5444, 0.2045
(16, 1): 0.1414, 4.4100, 14.3094, 0.2866
(16, 2): 0.1176, 4.4100, 5.1221, 0.3943
(16, 3): 0.1176, 4.4100, 5.1221, 0.3943
(16, 4): 0.1176, 4.4100, 5.1221, 0.3943
(16, 5): 0.1176, 4.4100, 5.1221, 0.3943
(16, 6): 0.1176, 4.4100, 5.1221, 0.3943
(16, 7): 0.1557, 4.4100, 21.5257, 0.2677
(16, 8): 0.1557, 4.4100, 21.5257, 0.2677
(16, 9): 0.1557, 4.4100, 21.5257, 0.2677
(16, 10): 0.2490, 4.4100, 58.8153, 0.3355
(16, 11): 0.2731, 4.4100, 58.7150, 0.3557
(16, 12): 0.2387, 4.4200, 57.2925, 0.2165
(16, 13): 0.1416, 4.4100, 22.6507, 0.2561
(16, 14): 0.2444, 4.4700, 54.9609, 0.2207
(16, 15): 0.2512, 4.4100, 56.6927, 0.2506
(16, 16): 0.2370, 4.4100, 49.1530, 0.2753
(16, 17): 0.1617, 4.4200, 51.4310, 0.2574
(16, 18): 0.1532, 4.4300, 64.0970, 0.2108
(16, 19): 0.1709, 4.4300, 62.7455, 0.1761
(16, 20): 0.1637, 4.4500, 59.7979, 0.1668
(16, 21): 0.1797, 4.4200, 56.5052, 0.1655
(16, 22): 0.1936, 4.4200, 58.0096, 0.1645
(16, 23): 0.1700, 4.4200, 60.3953, 0.1658
(16, 24): 0.1938, 4.4400, 58.3575, 0.1670
(16, 25): 0.1791, 4.4100, 58.5753, 0.1748
(16, 26): 0.1848, 4.4100, 56.0778, 0.1721
(16, 27): 0.1603, 4.4300, 32.4162, 0.1971
(17, 1): 0.1414, 4.4100, 14.3094, 0.2866
(17, 2): 0.1414, 4.4100, 14.3094, 0.2866
(17, 3): 0.1246, 4.4100, 14.0730, 0.2786
(17, 4): 0.1176, 4.4100, 5.1221, 0.3943
(17, 5): 0.1176, 4.4100, 5.1221, 0.3943
(17, 6): 0.1176, 4.4100, 5.1221, 0.3943
(17, 7): 0.1176, 4.4100, 5.1221, 0.3943
(17, 8): 0.2055, 4.4700, 42.1642, 0.2555
(17, 9): 0.2055, 4.4700, 42.1642, 0.2555
(17, 10): 0.2495, 4.4200, 58.4573, 0.2751
(17, 11): 0.2580, 4.4100, 59.6041, 0.2205
(17, 12): 0.2754, 4.4100, 58.8973, 0.2759
(17, 13): 0.2365, 4.4100, 49.4893, 0.2003
(17, 14): 0.2025, 4.4200, 46.8911, 0.2011
(17, 15): 0.1904, 4.4100, 53.9941, 0.2298
(17, 16): 0.1829, 4.4100, 53.5150, 0.2045
(17, 17): 0.1857, 4.4100, 62.1196, 0.1862
(17, 18): 0.1673, 4.4400, 63.7639, 0.2096
(17, 19): 0.1935, 4.4100, 61.5403, 0.2150
(17, 20): 0.1894, 4.4100, 59.2766, 0.1729
(17, 21): 0.1822, 4.4100, 58.9924, 0.1834
(17, 22): 0.2012, 4.4200, 57.6902, 0.1725
(17, 23): 0.1778, 4.4100, 58.2448, 0.1695
(17, 24): 0.1970, 4.4100, 56.2311, 0.1611
(17, 25): 0.2313, 4.4300, 54.7818, 0.1767
(17, 26): 0.1925, 4.4100, 47.9037, 0.1952
(17, 27): 0.1925, 4.4100, 47.9037, 0.1952
(18, 1): 0.1414, 4.4100, 14.3094, 0.2866
(18, 2): 0.1414, 4.4100, 14.3094, 0.2866
(18, 3): 0.1414, 4.4100, 14.3094, 0.2866
(18, 4): 0.1246, 4.4100, 14.0730, 0.2786
(18, 5): 0.1246, 4.4100, 14.0730, 0.2786
(18, 6): 0.1176, 4.4100, 5.1221, 0.3943
(18, 7): 0.1176, 4.4100, 5.1221, 0.3943
(18, 8): 0.1176, 4.4100, 5.1221, 0.3943
(18, 9): 0.2342, 4.4100, 55.3403, 0.2635
(18, 10): 0.2518, 4.4300, 59.2252, 0.2591
(18, 11): 0.2639, 4.4200, 58.1841, 0.2308
(18, 12): 0.2621, 4.4300, 57.0354, 0.1839
(18, 13): 0.2398, 4.4400, 57.6886, 0.1813
(18, 14): 0.2356, 4.4600, 58.3895, 0.1860
(18, 15): 0.2218, 4.5000, 59.7601, 0.1704
(18, 16): 0.1879, 4.4100, 60.7197, 0.1698
(18, 17): 0.1813, 4.4100, 60.9384, 0.1729
(18, 18): 0.1705, 4.4200, 62.4810, 0.1938
(18, 19): 0.1709, 4.4100, 64.0786, 0.2485
(18, 20): 0.1471, 4.4300, 63.7555, 0.1700
(18, 21): 0.1747, 4.4200, 58.5943, 0.1788
(18, 22): 0.1901, 4.4100, 56.8982, 0.1752
(18, 23): 0.1639, 4.4100, 59.8460, 0.1757
(18, 24): 0.1834, 4.4400, 57.5794, 0.1653
(18, 25): 0.1921, 4.4400, 50.7538, 0.1676
(18, 26): 0.1238, 4.4100, 13.1317, 0.2683
(18, 27): 0.1238, 4.4100, 13.1317, 0.2683
(19, 1): 0.1414, 4.4100, 14.3094, 0.2866
(19, 2): 0.1414, 4.4100, 14.3094, 0.2866
(19, 3): 0.1414, 4.4100, 14.3094, 0.2866
(19, 4): 0.1414, 4.4100, 14.3094, 0.2866
(19, 5): 0.1246, 4.4100, 14.0730, 0.2786
(19, 6): 0.1246, 4.4100, 14.0730, 0.2786
(19, 7): 0.1810, 4.4100, 33.1384, 0.2138
(19, 8): 0.1810, 4.4100, 33.1384, 0.2138
(19, 9): 0.2715, 4.4200, 57.7546, 0.3273
(19, 10): 0.2771, 4.4300, 57.4647, 0.1900
(19, 11): 0.2657, 4.4100, 55.9527, 0.2134
(19, 12): 0.2631, 4.4100, 55.9204, 0.1778
(19, 13): 0.2468, 4.4200, 55.5432, 0.1733
(19, 14): 0.2108, 4.4200, 58.4227, 0.1735
(19, 15): 0.2077, 4.4100, 59.2495, 0.1731
(19, 16): 0.2062, 4.4100, 59.0887, 0.1636
(19, 17): 0.2014, 4.4200, 58.2130, 0.1607
(19, 18): 0.1725, 4.4100, 62.4349, 0.1683
(19, 19): 0.1414, 4.4100, 65.9112, 0.2553
(19, 20): 0.1500, 4.4400, 62.9477, 0.1959
(19, 21): 0.1736, 4.4500, 59.1655, 0.1679
(19, 22): 0.1663, 4.4300, 59.9758, 0.1714
(19, 23): 0.1619, 4.4200, 61.6519, 0.1727
(19, 24): 0.2053, 4.4400, 57.9303, 0.1609
(19, 25): 0.1862, 4.4200, 38.3822, 0.1849
(19, 26): 0.1415, 4.4100, 4.6782, 0.3772
(19, 27): 0.1415, 4.4100, 4.6782, 0.3772
(20, 1): 0.1608, 4.4100, 16.6136, 0.2576
(20, 2): 0.1414, 4.4100, 14.3094, 0.2866
(20, 3): 0.1414, 4.4100, 14.3094, 0.2866
(20, 4): 0.1414, 4.4100, 14.3094, 0.2866
(20, 5): 0.1414, 4.4100, 14.3094, 0.2866
(20, 6): 0.1246, 4.4100, 14.0730, 0.2786
(20, 7): 0.1246, 4.4100, 14.0730, 0.2786
(20, 8): 0.2237, 4.4200, 61.6782, 0.2475
(20, 9): 0.2248, 4.4200, 62.1402, 0.2296
(20, 10): 0.2430, 4.4300, 59.3483, 0.1698
(20, 11): 0.2454, 4.4100, 57.9213, 0.1712
(20, 12): 0.2357, 4.4200, 57.2500, 0.1742
(20, 13): 0.2290, 4.4100, 55.7314, 0.1738
(20, 14): 0.1949, 4.4200, 57.8370, 0.1797
(20, 15): 0.1867, 4.4100, 60.1598, 0.1683
(20, 16): 0.2153, 4.4200, 58.2085, 0.1658
(20, 17): 0.1847, 4.4100, 58.6196, 0.1660
(20, 18): 0.1705, 4.4100, 61.7061, 0.1729
(20, 19): 0.1464, 4.4200, 64.4318, 0.2178
(20, 20): 0.1520, 4.4200, 62.8858, 0.1982
(20, 21): 0.1965, 4.4100, 57.9255, 0.1636
(20, 22): 0.1831, 4.4200, 59.4566, 0.1744
(20, 23): 0.1805, 4.4100, 60.3541, 0.1704
(20, 24): 0.2122, 4.4100, 59.1722, 0.1704
(20, 25): 0.2111, 4.4200, 55.0452, 0.1641
(20, 26): 0.1130, 4.4200, 13.5526, 0.2576
(20, 27): 0.1130, 4.4200, 13.5526, 0.2576
(21, 1): 0.1535, 4.4100, 12.7224, 0.2873
(21, 2): 0.1608, 4.4100, 16.6136, 0.2576
(21, 3): 0.1608, 4.4100, 16.6136, 0.2576
(21, 4): 0.1414, 4.4100, 14.3094, 0.2866
(21, 5): 0.1414, 4.4100, 14.3094, 0.2866
(21, 6): 0.1414, 4.4100, 14.3094, 0.2866
(21, 7): 0.2445, 4.4200, 51.2958, 0.2064
(21, 8): 0.2322, 4.4500, 61.7703, 0.1995
(21, 9): 0.2205, 4.4200, 62.8734, 0.2222
(21, 10): 0.2440, 4.4100, 60.0843, 0.1883
(21, 11): 0.2358, 4.4300, 58.2691, 0.1647
(21, 12): 0.2352, 4.4100, 55.8851, 0.1647
(21, 13): 0.2145, 4.4400, 56.9269, 0.1727
(21, 14): 0.1786, 4.4400, 58.7064, 0.1681
(21, 15): 0.1857, 4.4200, 58.0974, 0.1660
(21, 16): 0.1862, 4.4100, 57.3297, 0.1708
(21, 17): 0.1685, 4.4100, 58.8127, 0.1784
(21, 18): 0.1758, 4.4100, 60.1647, 0.1868
(21, 19): 0.1862, 4.4200, 58.6103, 0.1841
(21, 20): 0.1916, 4.4300, 57.4597, 0.1748
(21, 21): 0.1595, 4.4100, 49.0495, 0.1877
(21, 22): 0.1749, 4.4100, 48.7332, 0.1929
(21, 23): 0.2062, 4.4100, 45.9165, 0.1813
(21, 24): 0.1339, 4.4100, 25.7076, 0.2186
(21, 25): 0.1339, 4.4100, 25.7076, 0.2186
(21, 26): 0.1130, 4.4200, 13.5526, 0.2576
(21, 27): 0.1130, 4.4200, 13.5526, 0.2576
(22, 1): 0.1535, 4.4100, 12.7224, 0.2873
(22, 2): 0.1535, 4.4100, 12.7224, 0.2873
(22, 3): 0.1608, 4.4100, 16.6136, 0.2576
(22, 4): 0.1608, 4.4100, 16.6136, 0.2576
(22, 5): 0.2075, 4.4100, 39.7011, 0.2348
(22, 6): 0.2075, 4.4100, 39.7011, 0.2348
(22, 7): 0.2445, 4.4200, 58.6941, 0.2171
(22, 8): 0.2212, 4.4500, 59.7113, 0.1952
(22, 9): 0.2179, 4.4100, 60.4295, 0.2687
(22, 10): 0.2389, 4.4100, 58.9599, 0.2999
(22, 11): 0.2094, 4.4300, 59.9170, 0.1733
(22, 12): 0.2131, 4.4100, 57.0261, 0.1624
(22, 13): 0.2024, 4.4000, 57.6162, 0.1727
(22, 14): 0.1653, 4.4200, 59.7135, 0.1702
(22, 15): 0.1386, 4.4100, 60.5060, 0.1782
(22, 16): 0.1609, 4.4100, 57.8844, 0.1813
(22, 17): 0.1795, 4.4100, 56.8478, 0.1843
(22, 18): 0.2036, 4.4100, 55.6302, 0.2152
(22, 19): 0.2029, 4.4100, 56.1700, 0.2407
(22, 20): 0.1823, 4.4400, 43.2847, 0.2129
(22, 21): 0.0729, 4.4100, 9.4366, 0.3235
(22, 22): 0.1749, 4.4100, 48.7332, 0.1929
(22, 23): 0.2062, 4.4100, 45.9165, 0.1813
(22, 24): 0.1339, 4.4100, 25.7076, 0.2186
(22, 25): 0.1339, 4.4100, 25.7076, 0.2186
(22, 26): 0.1130, 4.4200, 13.5526, 0.2576
(22, 27): 0.1130, 4.4200, 13.5526, 0.2576
(23, 1): 0.1535, 4.4100, 12.7224, 0.2873
(23, 2): 0.1535, 4.4100, 12.7224, 0.2873
(23, 3): 0.1535, 4.4100, 12.7224, 0.2873
(23, 4): 0.1608, 4.4100, 16.6136, 0.2576
(23, 5): 0.1608, 4.4100, 16.6136, 0.2576
(23, 6): 0.2130, 4.4300, 33.1994, 0.2161
(23, 7): 0.2171, 4.4100, 43.1973, 0.1965
(23, 8): 0.2231, 4.4200, 55.9077, 0.1965
(23, 9): 0.2155, 4.4100, 59.1578, 0.1881
(23, 10): 0.2151, 4.4100, 59.6255, 0.2481
(23, 11): 0.2295, 4.4100, 56.5036, 0.2980
(23, 12): 0.1906, 4.4100, 58.9851, 0.1986
(23, 13): 0.1753, 4.4700, 59.8232, 0.1828
(23, 14): 0.1589, 4.4300, 59.1922, 0.1801
(23, 15): 0.1404, 4.4300, 60.7403, 0.1925
(23, 16): 0.1834, 4.4100, 58.0572, 0.2089
(23, 17): 0.2125, 4.4100, 55.4638, 0.2306
(23, 18): 0.2320, 4.4100, 54.0328, 0.2273
(23, 19): 0.2534, 4.4100, 53.2108, 0.1978
(23, 20): 0.2071, 4.4100, 46.7672, 0.2056
(23, 21): 0.0729, 4.4100, 9.4366, 0.3235
(23, 22): 0.0729, 4.4100, 9.4366, 0.3235
(23, 23): 0.2062, 4.4100, 45.9165, 0.1813
(23, 24): 0.1339, 4.4100, 25.7076, 0.2186
(23, 25): 0.1339, 4.4100, 25.7076, 0.2186
(23, 26): 0.1339, 4.4100, 25.7076, 0.2186
(23, 27): 0.1130, 4.4200, 13.5526, 0.2576
(24, 1): 0.1331, 4.4200, 4.6320, 0.3875
(24, 2): 0.1535, 4.4100, 12.7224, 0.2873
(24, 3): 0.1535, 4.4100, 12.7224, 0.2873
(24, 4): 0.1535, 4.4100, 12.7224, 0.2873
(24, 5): 0.1835, 4.4200, 22.8877, 0.2357
(24, 6): 0.1799, 4.4100, 22.9916, 0.2317
(24, 7): 0.2059, 4.4800, 49.5911, 0.1986
(24, 8): 0.1805, 4.4100, 38.8090, 0.1988
(24, 9): 0.1725, 4.4700, 50.4760, 0.1957
(24, 10): 0.1537, 4.4200, 49.9945, 0.1959
(24, 11): 0.1910, 4.4200, 57.3027, 0.2565
(24, 12): 0.1957, 4.4400, 59.1940, 0.2500
(24, 13): 0.1693, 4.4100, 58.0454, 0.1929
(24, 14): 0.1940, 4.4100, 58.1355, 0.2127
(24, 15): 0.1944, 4.4200, 57.1548, 0.2445
(24, 16): 0.1964, 4.4400, 56.9809, 0.2690
(24, 17): 0.2081, 4.4100, 56.2402, 0.2426
(24, 18): 0.2052, 4.4100, 57.0492, 0.2152
(24, 19): 0.2130, 4.4100, 56.3599, 0.1986
(24, 20): 0.2299, 4.4100, 53.9377, 0.1965
(24, 21): 0.1764, 4.4100, 34.6742, 0.2140
(24, 22): 0.1547, 4.4100, 23.8738, 0.2416
(24, 23): 0.1547, 4.4100, 23.8738, 0.2416
(24, 24): 0.1547, 4.4100, 23.8738, 0.2416
(24, 25): 0.1547, 4.4100, 23.8738, 0.2416
(24, 26): 0.1339, 4.4100, 25.7076, 0.2186
(24, 27): 0.1130, 4.4200, 13.5526, 0.2576
(25, 1): 0.1331, 4.4200, 4.6320, 0.3875
(25, 2): 0.1331, 4.4200, 4.6320, 0.3875
(25, 3): 0.1729, 4.4100, 23.0308, 0.2178
(25, 4): 0.2137, 4.4100, 31.9442, 0.2216
(25, 5): 0.2154, 4.4300, 38.2601, 0.1984
(25, 6): 0.2176, 4.4200, 48.3557, 0.1879
(25, 7): 0.1384, 4.4100, 29.3650, 0.2228
(25, 8): 0.1958, 4.4100, 48.2778, 0.2009
(25, 9): 0.1895, 4.4200, 55.9736, 0.2051
(25, 10): 0.1857, 4.4100, 58.4916, 0.1936
(25, 11): 0.2179, 4.4100, 57.6975, 0.1927
(25, 12): 0.1865, 4.4100, 59.4778, 0.2072
(25, 13): 0.1913, 4.4100, 56.1801, 0.2016
(25, 14): 0.2074, 4.4100, 56.2063, 0.2171
(25, 15): 0.2168, 4.4200, 55.9985, 0.2150
(25, 16): 0.2063, 4.4100, 56.4741, 0.2005
(25, 17): 0.2157, 4.4100, 55.5632, 0.2201
(25, 18): 0.1983, 4.4100, 59.1856, 0.2096
(25, 19): 0.2143, 4.4400, 55.8166, 0.2121
(25, 20): 0.2247, 4.4100, 54.4994, 0.1940
(25, 21): 0.2524, 4.4100, 51.0827, 0.1898
(25, 22): 0.1547, 4.4100, 23.8738, 0.2416
(25, 23): 0.1547, 4.4100, 23.8738, 0.2416
(25, 24): 0.1547, 4.4100, 23.8738, 0.2416
(25, 25): 0.1547, 4.4100, 23.8738, 0.2416
(25, 26): 0.1547, 4.4100, 23.8738, 0.2416
(25, 27): 0.1547, 4.4100, 23.8738, 0.2416
(26, 1): 0.1331, 4.4200, 4.6320, 0.3875
(26, 2): 0.1331, 4.4200, 4.6320, 0.3875
(26, 3): 0.1729, 4.4100, 23.0308, 0.2178
(26, 4): 0.1859, 4.4100, 32.8710, 0.2245
(26, 5): 0.1644, 4.4100, 31.8431, 0.2018
(26, 6): 0.1446, 4.4100, 28.8823, 0.2148
(26, 7): 0.1950, 4.4200, 50.2877, 0.1946
(26, 8): 0.1903, 4.4100, 58.4342, 0.1824
(26, 9): 0.1699, 4.4300, 62.2772, 0.1896
(26, 10): 0.1856, 4.4300, 59.6913, 0.1891
(26, 11): 0.1969, 4.4100, 59.0667, 0.1883
(26, 12): 0.1734, 4.4100, 59.6472, 0.1959
(26, 13): 0.2379, 4.4100, 54.5051, 0.1868
(26, 14): 0.2433, 4.4100, 54.7717, 0.1986
(26, 15): 0.2055, 4.4200, 56.6003, 0.1801
(26, 16): 0.1879, 4.4200, 57.6975, 0.1921
(26, 17): 0.2028, 4.4100, 55.9514, 0.1900
(26, 18): 0.2184, 4.4100, 54.7764, 0.2049
(26, 19): 0.2230, 4.4100, 53.5688, 0.2125
(26, 20): 0.2326, 4.4100, 52.6016, 0.1976
(26, 21): 0.2471, 4.4200, 51.5309, 0.1816
(26, 22): 0.2456, 4.4300, 39.1272, 0.1866
(26, 23): 0.2456, 4.4300, 39.1272, 0.1866
(26, 24): 0.2456, 4.4300, 39.1272, 0.1866
(26, 25): 0.2456, 4.4300, 39.1272, 0.1866
(26, 26): 0.2456, 4.4300, 39.1272, 0.1866
(26, 27): 0.2456, 4.4300, 39.1272, 0.1866
(27, 1): 0.1515, 4.4100, 23.3274, 0.2403
(27, 2): 0.1515, 4.4100, 23.3274, 0.2403
(27, 3): 0.2098, 4.4200, 53.7142, 0.1870
(27, 4): 0.2111, 4.4400, 57.5850, 0.1744
(27, 5): 0.2016, 4.4300, 61.2438, 0.1628
(27, 6): 0.1561, 4.4400, 49.7208, 0.1874
(27, 7): 0.1463, 4.4100, 20.0086, 0.2365
(27, 8): 0.1843, 4.4200, 48.8690, 0.1874
(27, 9): 0.1761, 4.4100, 46.1954, 0.1917
(27, 10): 0.1787, 4.4100, 47.5916, 0.1925
(27, 11): 0.1874, 4.4100, 46.3426, 0.1881
(27, 12): 0.1236, 4.4100, 28.7505, 0.2171
(27, 13): 0.2065, 4.4100, 46.2035, 0.1860
(27, 14): 0.1506, 4.4200, 40.2907, 0.1984
(27, 15): 0.2151, 4.4100, 56.0469, 0.1778
(27, 16): 0.2015, 4.4100, 56.2569, 0.1957
(27, 17): 0.2055, 4.4200, 55.5936, 0.2247
(27, 18): 0.2284, 4.4100, 53.5208, 0.1965
(27, 19): 0.2155, 4.4100, 54.4801, 0.2005
(27, 20): 0.2591, 4.4100, 50.2231, 0.1816
(27, 21): 0.2673, 4.4300, 50.2987, 0.1780
(27, 22): 0.2110, 4.4100, 42.4976, 0.2159
(27, 23): 0.2110, 4.4100, 42.4976, 0.2159
(27, 24): 0.2110, 4.4100, 42.4976, 0.2159
(27, 25): 0.2110, 4.4100, 42.4976, 0.2159
(27, 26): 0.2110, 4.4100, 42.4976, 0.2159
(27, 27): 0.2110, 4.4100, 42.4976, 0.2159
(28, 1): 0.1440, 4.4100, 4.6585, 0.3614
(28, 2): 0.1440, 4.4100, 4.6585, 0.3614
(28, 3): 0.1635, 4.4100, 27.7809, 0.2127
(28, 4): 0.1590, 4.4100, 30.2053, 0.2195
(28, 5): 0.1811, 4.4200, 48.3596, 0.1733
(28, 6): 0.1291, 4.4300, 28.7263, 0.2136
(28, 7): 0.1442, 4.4300, 29.0764, 0.2125
(28, 8): 0.1893, 4.4100, 41.6140, 0.1862
(28, 9): 0.1903, 4.4100, 33.3133, 0.2051
(28, 10): 0.1787, 4.4100, 47.5916, 0.1925
(28, 11): 0.1874, 4.4100, 46.3426, 0.1881
(28, 12): 0.1236, 4.4100, 28.7505, 0.2171
(28, 13): 0.1155, 4.4100, 13.7355, 0.2683
(28, 14): 0.1155, 4.4100, 13.7355, 0.2683
(28, 15): 0.2413, 4.4200, 52.0373, 0.1944
(28, 16): 0.2306, 4.4100, 54.6793, 0.1845
(28, 17): 0.2172, 4.4100, 54.6735, 0.1775
(28, 18): 0.2276, 4.4200, 52.8790, 0.1801
(28, 19): 0.2267, 4.4100, 51.9986, 0.1761
(28, 20): 0.2474, 4.4100, 50.7987, 0.1822
(28, 21): 0.2717, 4.4100, 50.0360, 0.1717
(28, 22): 0.1668, 4.4100, 24.1025, 0.2319
(28, 23): 0.1668, 4.4100, 24.1025, 0.2319
(28, 24): 0.1668, 4.4100, 24.1025, 0.2319
(28, 25): 0.1668, 4.4100, 24.1025, 0.2319
(28, 26): 0.1668, 4.4100, 24.1025, 0.2319
(28, 27): 0.1668, 4.4100, 24.1025, 0.2319
(29, 1): 0.2599, 4.4100, 51.0285, 0.1754
(29, 2): 0.2599, 4.4100, 51.0285, 0.1754
(29, 3): 0.2131, 4.4100, 61.2581, 0.1660
(29, 4): 0.2034, 4.4100, 49.8721, 0.1735
(29, 5): 0.1951, 4.4400, 42.2731, 0.1919
(29, 6): 0.2142, 4.4200, 59.0677, 0.1588
(29, 7): 0.1971, 4.4200, 48.1296, 0.1704
(29, 8): 0.1629, 4.4100, 4.5273, 0.3774
(29, 9): 0.1903, 4.4100, 33.3133, 0.2051
(29, 10): 0.1903, 4.4100, 33.3133, 0.2051
(29, 11): 0.1874, 4.4100, 46.3426, 0.1881
(29, 12): 0.1236, 4.4100, 28.7505, 0.2171
(29, 13): 0.1155, 4.4100, 13.7355, 0.2683
(29, 14): 0.1155, 4.4100, 13.7355, 0.2683
(29, 15): 0.1073, 4.4200, 10.2936, 0.3111
(29, 16): 0.1669, 4.4300, 25.1197, 0.2254
(29, 17): 0.1084, 4.4300, 4.6807, 0.3837
(29, 18): 0.1968, 4.4200, 42.6439, 0.1971
(29, 19): 0.2309, 4.4100, 52.1365, 0.1799
(29, 20): 0.2626, 4.4100, 49.4537, 0.1782
(29, 21): 0.2409, 4.4100, 51.7760, 0.1881
(29, 22): 0.1161, 4.4100, 13.0923, 0.2930
(29, 23): 0.1161, 4.4100, 13.0923, 0.2930
(29, 24): 0.1161, 4.4100, 13.0923, 0.2930
(29, 25): 0.1161, 4.4100, 13.0923, 0.2930
(29, 26): 0.1161, 4.4100, 13.0923, 0.2930
(29, 27): 0.1161, 4.4100, 13.0923, 0.2930
(30, 1): 0.2321, 4.4100, 33.3935, 0.1917
(30, 2): 0.2321, 4.4100, 33.3935, 0.1917
(30, 3): 0.1702, 4.4100, 16.2999, 0.2344
(30, 4): 0.1455, 4.4100, 13.8601, 0.2544
(30, 5): 0.1996, 4.4100, 51.7217, 0.1845
(30, 6): 0.2102, 4.4100, 45.2323, 0.1818
(30, 7): 0.1517, 4.4200, 13.1851, 0.2471
(30, 8): 0.1629, 4.4100, 4.5273, 0.3774
(30, 9): 0.1629, 4.4100, 4.5273, 0.3774
(30, 10): 0.1903, 4.4100, 33.3133, 0.2051
(30, 11): 0.1903, 4.4100, 33.3133, 0.2051
(30, 12): 0.1155, 4.4100, 13.7355, 0.2683
(30, 13): 0.1155, 4.4100, 13.7355, 0.2683
(30, 14): 0.1073, 4.4200, 10.2936, 0.3111
(30, 15): 0.1073, 4.4200, 10.2936, 0.3111
(30, 16): 0.1669, 4.4300, 25.1197, 0.2254
(30, 17): 0.1084, 4.4300, 4.6807, 0.3837
(30, 18): 0.1209, 4.4200, 12.8417, 0.2776
(30, 19): 0.1209, 4.4200, 12.8417, 0.2776
(30, 20): 0.2205, 4.4300, 43.0173, 0.2146
(30, 21): 0.2520, 4.4100, 46.8421, 0.1824
(30, 22): 0.1446, 4.4100, 16.0812, 0.2727
(30, 23): 0.1446, 4.4100, 16.0812, 0.2727
(30, 24): 0.1446, 4.4100, 16.0812, 0.2727
(30, 25): 0.1446, 4.4100, 16.0812, 0.2727
(30, 26): 0.1446, 4.4100, 16.0812, 0.2727
(30, 27): 0.1446, 4.4100, 16.0812, 0.2727
(31, 1): 0.2321, 4.4100, 33.3935, 0.1917
(31, 2): 0.2321, 4.4100, 33.3935, 0.1917
(31, 3): 0.1702, 4.4100, 16.2999, 0.2344
(31, 4): 0.1455, 4.4100, 13.8601, 0.2544
(31, 5): 0.1996, 4.4100, 51.7217, 0.1845
(31, 6): 0.2102, 4.4100, 45.2323, 0.1818
(31, 7): 0.1517, 4.4200, 13.1851, 0.2471
(31, 8): 0.1517, 4.4200, 13.1851, 0.2471
(31, 9): 0.1629, 4.4100, 4.5273, 0.3774
(31, 10): 0.1629, 4.4100, 4.5273, 0.3774
(31, 11): 0.1903, 4.4100, 33.3133, 0.2051
(31, 12): 0.1155, 4.4100, 13.7355, 0.2683
(31, 13): 0.1073, 4.4200, 10.2936, 0.3111
(31, 14): 0.1073, 4.4200, 10.2936, 0.3111
(31, 15): 0.1073, 4.4200, 10.2936, 0.3111
(31, 16): 0.1669, 4.4300, 25.1197, 0.2254
(31, 17): 0.1084, 4.4300, 4.6807, 0.3837
(31, 18): 0.1093, 4.4100, 8.9746, 0.3027
(31, 19): 0.1093, 4.4100, 8.9746, 0.3027
(31, 20): 0.2120, 4.4200, 48.0004, 0.1906
(31, 21): 0.1225, 4.4100, 12.7961, 0.2814
(31, 22): 0.1225, 4.4100, 12.7961, 0.2814
(31, 23): 0.0813, 4.4100, 9.6084, 0.3134
(31, 24): 0.0813, 4.4100, 9.6084, 0.3134
(31, 25): 0.0813, 4.4100, 9.6084, 0.3134
(31, 26): 0.0813, 4.4100, 9.6084, 0.3134
(31, 27): 0.0813, 4.4100, 9.6084, 0.3134
(32, 1): 0.2321, 4.4100, 33.3935, 0.1917
(32, 2): 0.2321, 4.4100, 33.3935, 0.1917
(32, 3): 0.1702, 4.4100, 16.2999, 0.2344
(32, 4): 0.1455, 4.4100, 13.8601, 0.2544
(32, 5): 0.1996, 4.4100, 51.7217, 0.1845
(32, 6): 0.2102, 4.4100, 45.2323, 0.1818
(32, 7): 0.1517, 4.4200, 13.1851, 0.2471
(32, 8): 0.1517, 4.4200, 13.1851, 0.2471
(32, 9): 0.1517, 4.4200, 13.1851, 0.2471
(32, 10): 0.1629, 4.4100, 4.5273, 0.3774
(32, 11): 0.1629, 4.4100, 4.5273, 0.3774
(32, 12): 0.1073, 4.4200, 10.2936, 0.3111
(32, 13): 0.1073, 4.4200, 10.2936, 0.3111
(32, 14): 0.1073, 4.4200, 10.2936, 0.3111
(32, 15): 0.1073, 4.4200, 10.2936, 0.3111
(32, 16): 0.1669, 4.4300, 25.1197, 0.2254
(32, 17): 0.1105, 4.4400, 13.7947, 0.2639
(32, 18): 0.1105, 4.4400, 13.7947, 0.2639
(32, 19): 0.1105, 4.4400, 13.7947, 0.2639
(32, 20): 0.2204, 4.4200, 55.6486, 0.1910
(32, 21): 0.1661, 4.4100, 38.3358, 0.1957
(32, 22): 0.0813, 4.4100, 9.6084, 0.3134
(32, 23): 0.0813, 4.4100, 9.6084, 0.3134
(32, 24): 0.0813, 4.4100, 9.6084, 0.3134
(32, 25): 0.0813, 4.4100, 9.6084, 0.3134
(32, 26): 0.0813, 4.4100, 9.6084, 0.3134
(32, 27): 0.0813, 4.4100, 9.6084, 0.3134
(33, 1): 0.2321, 4.4100, 33.3935, 0.1917
(33, 2): 0.2321, 4.4100, 33.3935, 0.1917
(33, 3): 0.1702, 4.4100, 16.2999, 0.2344
(33, 4): 0.1455, 4.4100, 13.8601, 0.2544
(33, 5): 0.1996, 4.4100, 51.7217, 0.1845
(33, 6): 0.2102, 4.4100, 45.2323, 0.1818
(33, 7): 0.1517, 4.4200, 13.1851, 0.2471
(33, 8): 0.1517, 4.4200, 13.1851, 0.2471
(33, 9): 0.1517, 4.4200, 13.1851, 0.2471
(33, 10): 0.1517, 4.4200, 13.1851, 0.2471
(33, 11): 0.1629, 4.4100, 4.5273, 0.3774
(33, 12): 0.1073, 4.4200, 10.2936, 0.3111
(33, 13): 0.1073, 4.4200, 10.2936, 0.3111
(33, 14): 0.1073, 4.4200, 10.2936, 0.3111
(33, 15): 0.1073, 4.4200, 10.2936, 0.3111
(33, 16): 0.1834, 4.4100, 35.7401, 0.1889
(33, 17): 0.1834, 4.4100, 35.7401, 0.1889
(33, 18): 0.1834, 4.4100, 35.7401, 0.1889
(33, 19): 0.1834, 4.4100, 35.7401, 0.1889
(33, 20): 0.2330, 4.4200, 57.0763, 0.1702
(33, 21): 0.2200, 4.4600, 56.5641, 0.1978
(33, 22): 0.1308, 4.4091, 25.5077, 0.2291
(33, 23): 0.1308, 4.4091, 25.5077, 0.2291
(33, 24): 0.1308, 4.4091, 25.5077, 0.2291
(33, 25): 0.1308, 4.4091, 25.5077, 0.2291
(33, 26): 0.1308, 4.4091, 25.5077, 0.2291
(33, 27): 0.1308, 4.4091, 25.5077, 0.2291
(34, 1): 0.2321, 4.4100, 33.3935, 0.1917
(34, 2): 0.2321, 4.4100, 33.3935, 0.1917
(34, 3): 0.1702, 4.4100, 16.2999, 0.2344
(34, 4): 0.1455, 4.4100, 13.8601, 0.2544
(34, 5): 0.1996, 4.4100, 51.7217, 0.1845
(34, 6): 0.2102, 4.4100, 45.2323, 0.1818
(34, 7): 0.1517, 4.4200, 13.1851, 0.2471
(34, 8): 0.1517, 4.4200, 13.1851, 0.2471
(34, 9): 0.1517, 4.4200, 13.1851, 0.2471
(34, 10): 0.1517, 4.4200, 13.1851, 0.2471
(34, 11): 0.1517, 4.4200, 13.1851, 0.2471
(34, 12): 0.1073, 4.4200, 10.2936, 0.3111
(34, 13): 0.1073, 4.4200, 10.2936, 0.3111
(34, 14): 0.1922, 4.4100, 30.8845, 0.2018
(34, 15): 0.1922, 4.4100, 30.8845, 0.2018
(34, 16): 0.1922, 4.4100, 30.8845, 0.2018
(34, 17): 0.1922, 4.4100, 30.8845, 0.2018
(34, 18): 0.1922, 4.4100, 30.8845, 0.2018
(34, 19): 0.1922, 4.4100, 30.8845, 0.2018
(34, 20): 0.2246, 4.4100, 57.8791, 0.1811
(34, 21): 0.2235, 4.4500, 57.2434, 0.1834
(34, 22): 0.0994, 4.4200, 9.9211, 0.3197
(34, 23): 0.0994, 4.4200, 9.9211, 0.3197
(34, 24): 0.0994, 4.4200, 9.9211, 0.3197
(34, 25): 0.0994, 4.4200, 9.9211, 0.3197
(34, 26): 0.0994, 4.4200, 9.9211, 0.3197
(34, 27): 0.0994, 4.4200, 9.9211, 0.3197
(35, 1): 0.2321, 4.4100, 33.3935, 0.1917
(35, 2): 0.2321, 4.4100, 33.3935, 0.1917
(35, 3): 0.1702, 4.4100, 16.2999, 0.2344
(35, 4): 0.1455, 4.4100, 13.8601, 0.2544
(35, 5): 0.1996, 4.4100, 51.7217, 0.1845
(35, 6): 0.2102, 4.4100, 45.2323, 0.1818
(35, 7): 0.1517, 4.4200, 13.1851, 0.2471
(35, 8): 0.1517, 4.4200, 13.1851, 0.2471
(35, 9): 0.1517, 4.4200, 13.1851, 0.2471
(35, 10): 0.1517, 4.4200, 13.1851, 0.2471
(35, 11): 0.1517, 4.4200, 13.1851, 0.2471
(35, 12): 0.1073, 4.4200, 10.2936, 0.3111
(35, 13): 0.1922, 4.4100, 30.8845, 0.2018
(35, 14): 0.1922, 4.4100, 30.8845, 0.2018
(35, 15): 0.1922, 4.4100, 30.8845, 0.2018
(35, 16): 0.1922, 4.4100, 30.8845, 0.2018
(35, 17): 0.1922, 4.4100, 30.8845, 0.2018
(35, 18): 0.1922, 4.4100, 30.8845, 0.2018
(35, 19): 0.1922, 4.4100, 30.8845, 0.2018
(35, 20): 0.2246, 4.4100, 57.8791, 0.1811
(35, 21): 0.2235, 4.4500, 57.2434, 0.1834
(35, 22): 0.0994, 4.4200, 9.9211, 0.3197
(35, 23): 0.0994, 4.4200, 9.9211, 0.3197
(35, 24): 0.0994, 4.4200, 9.9211, 0.3197
(35, 25): 0.0994, 4.4200, 9.9211, 0.3197
(35, 26): 0.0994, 4.4200, 9.9211, 0.3197
(35, 27): 0.0994, 4.4200, 9.9211, 0.3197
(36, 1): 0.2321, 4.4100, 33.3935, 0.1917
(36, 2): 0.2321, 4.4100, 33.3935, 0.1917
(36, 3): 0.1702, 4.4100, 16.2999, 0.2344
(36, 4): 0.1455, 4.4100, 13.8601, 0.2544
(36, 5): 0.1996, 4.4100, 51.7217, 0.1845
(36, 6): 0.2102, 4.4100, 45.2323, 0.1818
(36, 7): 0.1517, 4.4200, 13.1851, 0.2471
(36, 8): 0.1517, 4.4200, 13.1851, 0.2471
(36, 9): 0.1517, 4.4200, 13.1851, 0.2471
(36, 10): 0.1517, 4.4200, 13.1851, 0.2471
(36, 11): 0.1517, 4.4200, 13.1851, 0.2471
(36, 12): 0.1922, 4.4100, 30.8845, 0.2018
(36, 13): 0.1922, 4.4100, 30.8845, 0.2018
(36, 14): 0.1922, 4.4100, 30.8845, 0.2018
(36, 15): 0.1922, 4.4100, 30.8845, 0.2018
(36, 16): 0.1922, 4.4100, 30.8845, 0.2018
(36, 17): 0.1922, 4.4100, 30.8845, 0.2018
(36, 18): 0.1922, 4.4100, 30.8845, 0.2018
(36, 19): 0.1922, 4.4100, 30.8845, 0.2018
(36, 20): 0.2246, 4.4100, 57.8791, 0.1811
(36, 21): 0.2235, 4.4500, 57.2434, 0.1834
(36, 22): 0.0994, 4.4200, 9.9211, 0.3197
(36, 23): 0.0994, 4.4200, 9.9211, 0.3197
(36, 24): 0.0994, 4.4200, 9.9211, 0.3197
(36, 25): 0.0994, 4.4200, 9.9211, 0.3197
(36, 26): 0.0994, 4.4200, 9.9211, 0.3197
(36, 27): 0.0994, 4.4200, 9.9211, 0.3197
(37, 1): 0.2321, 4.4100, 33.3935, 0.1917
(37, 2): 0.2321, 4.4100, 33.3935, 0.1917
(37, 3): 0.1702, 4.4100, 16.2999, 0.2344
(37, 4): 0.1455, 4.4100, 13.8601, 0.2544
(37, 5): 0.1996, 4.4100, 51.7217, 0.1845
(37, 6): 0.2102, 4.4100, 45.2323, 0.1818
(37, 7): 0.1517, 4.4200, 13.1851, 0.2471
(37, 8): 0.1517, 4.4200, 13.1851, 0.2471
(37, 9): 0.1517, 4.4200, 13.1851, 0.2471
(37, 10): 0.1517, 4.4200, 13.1851, 0.2471
(37, 11): 0.1517, 4.4200, 13.1851, 0.2471
(37, 12): 0.1922, 4.4100, 30.8845, 0.2018
(37, 13): 0.1922, 4.4100, 30.8845, 0.2018
(37, 14): 0.1922, 4.4100, 30.8845, 0.2018
(37, 15): 0.1922, 4.4100, 30.8845, 0.2018
(37, 16): 0.1922, 4.4100, 30.8845, 0.2018
(37, 17): 0.1922, 4.4100, 30.8845, 0.2018
(37, 18): 0.1922, 4.4100, 30.8845, 0.2018
(37, 19): 0.1922, 4.4100, 30.8845, 0.2018
(37, 20): 0.2246, 4.4100, 57.8791, 0.1811
(37, 21): 0.2235, 4.4500, 57.2434, 0.1834
(37, 22): 0.0994, 4.4200, 9.9211, 0.3197
(37, 23): 0.0994, 4.4200, 9.9211, 0.3197
(37, 24): 0.0994, 4.4200, 9.9211, 0.3197
(37, 25): 0.0994, 4.4200, 9.9211, 0.3197
(37, 26): 0.0994, 4.4200, 9.9211, 0.3197
(37, 27): 0.0994, 4.4200, 9.9211, 0.3197
