(1, 1): 0.1865, 3.0100, 4.1718
(1, 2): 0.1865, 3.0100, 4.1718
(1, 3): 0.1865, 3.0100, 4.1718
(1, 4): 0.1865, 3.0100, 4.1718
(1, 5): 0.2566, 3.0100, 17.2589
(1, 6): 0.2566, 3.0100, 17.2589
(1, 7): 0.2566, 3.0100, 17.2589
(1, 8): 0.2566, 3.0100, 17.2589
(1, 9): 0.1793, 3.0100, 12.0533
(1, 10): 0.1793, 3.0100, 12.0533
(1, 11): 0.1793, 3.0100, 12.0533
(1, 12): 0.1793, 3.0100, 12.0533
(1, 13): 0.1793, 3.0100, 12.0533
(1, 14): 0.1563, 3.0100, 16.1237
(1, 15): 0.1563, 3.0100, 16.1237
(1, 16): 0.1563, 3.0100, 16.1237
(1, 17): 0.1584, 3.0100, 16.1440
(1, 18): 0.1130, 3.0100, 8.7218
(1, 19): 0.0776, 3.0100, 8.7200
(1, 20): 0.0776, 3.0100, 8.7200
(1, 21): 0.1310, 3.0100, 8.4488
(1, 22): 0.1310, 3.0100, 8.4488
(1, 23): 0.2302, 3.0100, 48.4986
(1, 24): 0.2445, 3.0200, 39.6022
(1, 25): 0.2445, 3.0200, 39.6022
(1, 26): 0.2445, 3.0200, 39.6022
(1, 27): 0.0679, 3.0100, 8.7682
(2, 1): 0.1865, 3.0100, 4.1718
(2, 2): 0.1865, 3.0100, 4.1718
(2, 3): 0.1865, 3.0100, 4.1718
(2, 4): 0.1865, 3.0100, 4.1718
(2, 5): 0.1865, 3.0100, 4.1718
(2, 6): 0.2566, 3.0100, 17.2589
(2, 7): 0.2566, 3.0100, 17.2589
(2, 8): 0.2566, 3.0100, 17.2589
(2, 9): 0.2566, 3.0100, 17.2589
(2, 10): 0.1793, 3.0100, 12.0533
(2, 11): 0.1793, 3.0100, 12.0533
(2, 12): 0.1793, 3.0100, 12.0533
(2, 13): 0.1793, 3.0100, 12.0533
(2, 14): 0.2394, 3.0300, 24.7618
(2, 15): 0.1563, 3.0100, 16.1237
(2, 16): 0.1563, 3.0100, 16.1237
(2, 17): 0.1584, 3.0100, 16.1440
(2, 18): 0.1130, 3.0100, 8.7218
(2, 19): 0.0776, 3.0100, 8.7200
(2, 20): 0.0776, 3.0100, 8.7200
(2, 21): 0.1310, 3.0100, 8.4488
(2, 22): 0.1478, 3.0200, 34.2256
(2, 23): 0.2302, 3.0100, 48.4986
(2, 24): 0.2445, 3.0200, 39.6022
(2, 25): 0.2445, 3.0200, 39.6022
(2, 26): 0.0679, 3.0100, 8.7682
(2, 27): 0.0679, 3.0100, 8.7682
(3, 1): 0.1865, 3.0100, 4.1718
(3, 2): 0.1865, 3.0100, 4.1718
(3, 3): 0.1865, 3.0100, 4.1718
(3, 4): 0.1865, 3.0100, 4.1718
(3, 5): 0.1865, 3.0100, 4.1718
(3, 6): 0.1865, 3.0100, 4.1718
(3, 7): 0.2566, 3.0100, 17.2589
(3, 8): 0.2566, 3.0100, 17.2589
(3, 9): 0.2566, 3.0100, 17.2589
(3, 10): 0.2566, 3.0100, 17.2589
(3, 11): 0.1793, 3.0100, 12.0533
(3, 12): 0.1793, 3.0100, 12.0533
(3, 13): 0.1793, 3.0100, 12.0533
(3, 14): 0.2394, 3.0300, 24.7618
(3, 15): 0.1662, 3.0100, 12.2852
(3, 16): 0.1563, 3.0100, 16.1237
(3, 17): 0.1584, 3.0100, 16.1440
(3, 18): 0.1130, 3.0100, 8.7218
(3, 19): 0.1280, 3.0200, 15.8060
(3, 20): 0.0884, 3.0300, 8.6270
(3, 21): 0.1140, 3.0100, 12.5830
(3, 22): 0.1478, 3.0200, 34.2256
(3, 23): 0.2302, 3.0100, 48.4986
(3, 24): 0.2445, 3.0200, 39.6022
(3, 25): 0.1952, 3.0100, 33.6096
(3, 26): 0.0679, 3.0100, 8.7682
(3, 27): 0.0679, 3.0100, 8.7682
(4, 1): 0.1865, 3.0100, 4.1718
(4, 2): 0.1865, 3.0100, 4.1718
(4, 3): 0.1865, 3.0100, 4.1718
(4, 4): 0.1865, 3.0100, 4.1718
(4, 5): 0.1865, 3.0100, 4.1718
(4, 6): 0.1865, 3.0100, 4.1718
(4, 7): 0.1865, 3.0100, 4.1718
(4, 8): 0.2566, 3.0100, 17.2589
(4, 9): 0.2566, 3.0100, 17.2589
(4, 10): 0.2566, 3.0100, 17.2589
(4, 11): 0.2566, 3.0100, 17.2589
(4, 12): 0.1793, 3.0100, 12.0533
(4, 13): 0.1793, 3.0100, 12.0533
(4, 14): 0.2394, 3.0300, 24.7618
(4, 15): 0.1662, 3.0100, 12.2852
(4, 16): 0.1336, 3.0100, 12.9944
(4, 17): 0.0880, 3.0100, 13.4386
(4, 18): 0.1967, 3.0100, 36.2761
(4, 19): 0.2211, 3.0100, 44.9742
(4, 20): 0.2272, 3.0287, 52.5291
(4, 21): 0.2454, 3.0100, 51.8949
(4, 22): 0.2188, 3.0100, 54.5329
(4, 23): 0.2106, 3.0100, 53.8711
(4, 24): 0.2549, 3.0100, 49.2759
(4, 25): 0.1952, 3.0100, 33.6096
(4, 26): 0.0679, 3.0100, 8.7682
(4, 27): 0.0756, 3.0100, 16.4762
(5, 1): 0.1865, 3.0100, 4.1718
(5, 2): 0.1865, 3.0100, 4.1718
(5, 3): 0.1865, 3.0100, 4.1718
(5, 4): 0.1865, 3.0100, 4.1718
(5, 5): 0.1865, 3.0100, 4.1718
(5, 6): 0.1865, 3.0100, 4.1718
(5, 7): 0.1865, 3.0100, 4.1718
(5, 8): 0.1865, 3.0100, 4.1718
(5, 9): 0.2566, 3.0100, 17.2589
(5, 10): 0.2566, 3.0100, 17.2589
(5, 11): 0.2566, 3.0100, 17.2589
(5, 12): 0.1991, 3.0200, 15.5780
(5, 13): 0.1991, 3.0200, 15.5780
(5, 14): 0.1991, 3.0200, 15.5780
(5, 15): 0.1662, 3.0100, 12.2852
(5, 16): 0.2102, 3.0100, 28.3497
(5, 17): 0.2696, 3.0100, 50.6378
(5, 18): 0.2690, 3.0200, 50.4041
(5, 19): 0.2561, 3.0100, 54.8337
(5, 20): 0.2387, 3.0100, 55.3376
(5, 21): 0.2396, 3.0300, 54.0769
(5, 22): 0.2278, 3.0100, 54.4549
(5, 23): 0.2159, 3.0300, 53.7909
(5, 24): 0.2249, 3.0100, 51.7323
(5, 25): 0.2459, 3.0200, 50.4214
(5, 26): 0.2544, 3.0100, 46.2633
(5, 27): 0.0756, 3.0100, 16.4762
(6, 1): 0.1865, 3.0100, 4.1718
(6, 2): 0.1865, 3.0100, 4.1718
(6, 3): 0.1865, 3.0100, 4.1718
(6, 4): 0.1865, 3.0100, 4.1718
(6, 5): 0.1865, 3.0100, 4.1718
(6, 6): 0.1865, 3.0100, 4.1718
(6, 7): 0.1865, 3.0100, 4.1718
(6, 8): 0.1865, 3.0100, 4.1718
(6, 9): 0.1865, 3.0100, 4.1718
(6, 10): 0.2566, 3.0100, 17.2589
(6, 11): 0.2566, 3.0100, 17.2589
(6, 12): 0.1913, 3.0100, 8.3190
(6, 13): 0.1991, 3.0200, 15.5780
(6, 14): 0.2672, 3.0200, 30.6246
(6, 15): 0.2672, 3.0200, 30.6246
(6, 16): 0.3080, 3.0100, 47.3045
(6, 17): 0.2824, 3.0100, 49.3163
(6, 18): 0.2442, 3.0100, 52.5723
(6, 19): 0.2354, 3.0100, 55.0230
(6, 20): 0.2416, 3.0300, 54.7933
(6, 21): 0.2795, 3.0100, 53.8189
(6, 22): 0.2266, 3.0100, 55.7147
(6, 23): 0.2091, 3.0100, 55.3128
(6, 24): 0.2395, 3.0300, 50.5806
(6, 25): 0.2634, 3.0100, 50.4818
(6, 26): 0.2741, 3.0200, 48.7321
(6, 27): 0.1056, 3.0100, 19.4401
(7, 1): 0.1865, 3.0100, 4.1718
(7, 2): 0.1865, 3.0100, 4.1718
(7, 3): 0.1865, 3.0100, 4.1718
(7, 4): 0.1865, 3.0100, 4.1718
(7, 5): 0.1865, 3.0100, 4.1718
(7, 6): 0.1865, 3.0100, 4.1718
(7, 7): 0.1865, 3.0100, 4.1718
(7, 8): 0.1865, 3.0100, 4.1718
(7, 9): 0.1865, 3.0100, 4.1718
(7, 10): 0.1865, 3.0100, 4.1718
(7, 11): 0.2153, 3.0100, 18.1854
(7, 12): 0.2153, 3.0100, 18.1854
(7, 13): 0.1913, 3.0100, 8.3190
(7, 14): 0.3612, 3.0100, 41.6936
(7, 15): 0.3612, 3.0100, 41.6936
(7, 16): 0.3009, 3.0400, 46.6999
(7, 17): 0.2539, 3.0300, 50.8095
(7, 18): 0.2346, 3.0100, 53.6357
(7, 19): 0.2359, 3.0200, 54.8734
(7, 20): 0.2627, 3.0100, 53.5778
(7, 21): 0.2929, 3.0100, 52.3986
(7, 22): 0.2202, 3.0400, 57.7501
(7, 23): 0.2202, 3.0100, 56.3852
(7, 24): 0.2483, 3.0100, 52.8706
(7, 25): 0.2602, 3.0200, 50.4762
(7, 26): 0.2635, 3.0300, 48.9083
(7, 27): 0.1953, 3.0100, 32.4920
(8, 1): 0.2369, 3.0200, 27.2554
(8, 2): 0.2369, 3.0200, 27.2554
(8, 3): 0.2369, 3.0200, 27.2554
(8, 4): 0.2369, 3.0200, 27.2554
(8, 5): 0.2369, 3.0200, 27.2554
(8, 6): 0.2369, 3.0200, 27.2554
(8, 7): 0.2369, 3.0200, 27.2554
(8, 8): 0.2369, 3.0200, 27.2554
(8, 9): 0.2369, 3.0200, 27.2554
(8, 10): 0.2369, 3.0200, 27.2554
(8, 11): 0.2261, 3.0000, 25.3332
(8, 12): 0.2261, 3.0000, 25.3332
(8, 13): 0.1315, 3.0100, 15.4024
(8, 14): 0.1315, 3.0100, 15.4024
(8, 15): 0.4225, 3.0100, 37.9794
(8, 16): 0.2969, 3.0200, 49.0891
(8, 17): 0.2686, 3.0200, 49.6188
(8, 18): 0.2604, 3.0100, 52.7791
(8, 19): 0.2535, 3.0100, 53.8205
(8, 20): 0.2527, 3.0100, 54.5775
(8, 21): 0.2487, 3.0100, 56.0021
(8, 22): 0.2376, 3.0100, 55.8839
(8, 23): 0.2559, 3.0100, 54.9787
(8, 24): 0.2585, 3.0100, 54.0999
(8, 25): 0.2758, 3.0100, 50.5367
(8, 26): 0.3079, 3.0100, 47.1418
(8, 27): 0.2255, 3.0300, 28.3437
(9, 1): 0.2383, 3.0100, 27.2534
(9, 2): 0.2383, 3.0100, 27.2534
(9, 3): 0.2383, 3.0100, 27.2534
(9, 4): 0.2383, 3.0100, 27.2534
(9, 5): 0.2383, 3.0100, 27.2534
(9, 6): 0.2383, 3.0100, 27.2534
(9, 7): 0.2383, 3.0100, 27.2534
(9, 8): 0.2383, 3.0100, 27.2534
(9, 9): 0.2383, 3.0100, 27.2534
(9, 10): 0.2383, 3.0100, 27.2534
(9, 11): 0.1390, 3.0100, 4.5572
(9, 12): 0.2397, 3.0100, 30.2830
(9, 13): 0.2397, 3.0100, 30.2830
(9, 14): 0.1315, 3.0100, 15.4024
(9, 15): 0.3694, 3.0100, 37.1433
(9, 16): 0.3021, 3.0100, 48.0578
(9, 17): 0.2787, 3.0100, 49.6383
(9, 18): 0.3077, 3.0100, 49.6105
(9, 19): 0.2801, 3.0200, 51.6884
(9, 20): 0.2513, 3.0100, 54.1297
(9, 21): 0.2494, 3.0100, 55.7555
(9, 22): 0.2339, 3.0300, 55.5272
(9, 23): 0.2571, 3.0100, 54.7636
(9, 24): 0.2800, 3.0200, 53.3383
(9, 25): 0.2919, 3.0200, 51.0923
(9, 26): 0.2948, 3.0100, 48.0311
(9, 27): 0.1038, 3.0100, 12.3705
(10, 1): 0.2702, 3.0100, 28.4918
(10, 2): 0.2702, 3.0100, 28.4918
(10, 3): 0.2702, 3.0100, 28.4918
(10, 4): 0.2702, 3.0100, 28.4918
(10, 5): 0.2702, 3.0100, 28.4918
(10, 6): 0.2702, 3.0100, 28.4918
(10, 7): 0.2702, 3.0100, 28.4918
(10, 8): 0.2702, 3.0100, 28.4918
(10, 9): 0.2702, 3.0100, 28.4918
(10, 10): 0.2702, 3.0100, 28.4918
(10, 11): 0.1631, 3.0100, 12.2084
(10, 12): 0.2397, 3.0100, 30.2830
(10, 13): 0.1604, 3.0200, 16.2710
(10, 14): 0.1567, 3.0000, 4.2283
(10, 15): 0.3046, 3.0200, 41.1704
(10, 16): 0.3109, 3.0100, 44.3254
(10, 17): 0.2849, 3.0400, 49.5389
(10, 18): 0.2768, 3.0100, 51.2054
(10, 19): 0.2801, 3.0300, 50.9106
(10, 20): 0.2589, 3.0100, 52.5187
(10, 21): 0.2568, 3.0200, 54.2259
(10, 22): 0.2558, 3.0500, 54.5961
(10, 23): 0.2409, 3.0100, 55.9862
(10, 24): 0.2662, 3.0300, 54.4425
(10, 25): 0.2646, 3.0100, 52.0899
(10, 26): 0.2748, 3.0300, 47.3270
(10, 27): 0.2748, 3.0300, 47.3270
(11, 1): 0.1266, 3.0100, 13.8111
(11, 2): 0.2622, 3.0100, 38.5601
(11, 3): 0.2622, 3.0100, 38.5601
(11, 4): 0.2622, 3.0100, 38.5601
(11, 5): 0.2622, 3.0100, 38.5601
(11, 6): 0.2622, 3.0100, 38.5601
(11, 7): 0.2622, 3.0100, 38.5601
(11, 8): 0.2622, 3.0100, 38.5601
(11, 9): 0.2622, 3.0100, 38.5601
(11, 10): 0.2622, 3.0100, 38.5601
(11, 11): 0.2957, 3.0200, 49.2830
(11, 12): 0.3356, 3.0100, 46.6200
(11, 13): 0.1604, 3.0200, 16.2710
(11, 14): 0.1604, 3.0200, 16.2710
(11, 15): 0.3046, 3.0200, 41.1704
(11, 16): 0.1149, 3.0200, 8.7850
(11, 17): 0.3135, 3.0200, 47.6880
(11, 18): 0.3075, 3.0100, 48.3495
(11, 19): 0.3056, 3.0100, 48.8350
(11, 20): 0.3040, 3.0100, 48.3121
(11, 21): 0.2735, 3.0300, 52.3411
(11, 22): 0.2576, 3.0200, 54.5018
(11, 23): 0.2614, 3.0200, 53.2116
(11, 24): 0.2590, 3.0100, 52.0204
(11, 25): 0.2522, 3.0100, 50.4693
(11, 26): 0.2548, 3.0200, 46.5300
(11, 27): 0.2548, 3.0200, 46.5300
(12, 1): 0.1266, 3.0100, 13.8111
(12, 2): 0.1266, 3.0100, 13.8111
(12, 3): 0.1266, 3.0100, 13.8111
(12, 4): 0.1266, 3.0100, 13.8111
(12, 5): 0.3279, 3.0100, 44.3654
(12, 6): 0.3279, 3.0100, 44.3654
(12, 7): 0.3279, 3.0100, 44.3654
(12, 8): 0.3279, 3.0100, 44.3654
(12, 9): 0.3279, 3.0100, 44.3654
(12, 10): 0.3279, 3.0100, 44.3654
(12, 11): 0.3186, 3.0200, 48.8137
(12, 12): 0.3622, 3.0092, 45.8932
(12, 13): 0.2623, 3.0100, 40.0640
(12, 14): 0.1848, 3.0100, 27.0728
(12, 15): 0.1848, 3.0100, 27.0728
(12, 16): 0.1707, 3.0100, 15.1824
(12, 17): 0.3106, 3.0400, 47.3489
(12, 18): 0.2859, 3.0100, 51.0997
(12, 19): 0.3088, 3.0100, 49.1836
(12, 20): 0.2995, 3.0100, 49.0203
(12, 21): 0.2831, 3.0100, 51.3855
(12, 22): 0.2742, 3.0200, 53.2310
(12, 23): 0.2485, 3.0300, 52.2919
(12, 24): 0.2428, 3.0300, 44.1332
(12, 25): 0.1165, 3.0200, 16.1228
(12, 26): 0.1371, 3.0100, 14.5901
(12, 27): 0.1371, 3.0100, 14.5901
(13, 1): 0.1266, 3.0100, 13.8111
(13, 2): 0.1266, 3.0100, 13.8111
(13, 3): 0.1266, 3.0100, 13.8111
(13, 4): 0.1266, 3.0100, 13.8111
(13, 5): 0.1266, 3.0100, 13.8111
(13, 6): 0.1266, 3.0100, 13.8111
(13, 7): 0.1266, 3.0100, 13.8111
(13, 8): 0.3406, 3.0300, 47.3629
(13, 9): 0.3406, 3.0300, 47.3629
(13, 10): 0.3406, 3.0300, 47.3629
(13, 11): 0.3152, 3.0100, 50.5748
(13, 12): 0.2774, 3.0100, 51.1946
(13, 13): 0.2664, 3.0200, 41.2712
(13, 14): 0.1215, 3.0200, 9.4483
(13, 15): 0.1215, 3.0200, 9.4483
(13, 16): 0.0806, 3.0100, 9.0839
(13, 17): 0.2303, 3.0100, 41.4247
(13, 18): 0.2576, 3.0100, 47.2141
(13, 19): 0.2729, 3.0100, 51.1616
(13, 20): 0.2764, 3.0100, 50.9241
(13, 21): 0.2636, 3.0200, 52.7146
(13, 22): 0.2700, 3.0100, 52.4004
(13, 23): 0.2588, 3.0400, 50.6647
(13, 24): 0.2396, 3.0200, 42.9636
(13, 25): 0.1066, 3.0100, 4.2539
(13, 26): 0.1371, 3.0100, 14.5901
(13, 27): 0.1080, 3.0100, 4.0039
(14, 1): 0.1266, 3.0100, 13.8111
(14, 2): 0.1266, 3.0100, 13.8111
(14, 3): 0.1266, 3.0100, 13.8111
(14, 4): 0.1266, 3.0100, 13.8111
(14, 5): 0.1266, 3.0100, 13.8111
(14, 6): 0.1266, 3.0100, 13.8111
(14, 7): 0.1266, 3.0100, 13.8111
(14, 8): 0.1266, 3.0100, 13.8111
(14, 9): 0.3267, 3.0100, 49.5845
(14, 10): 0.3267, 3.0100, 49.5845
(14, 11): 0.2985, 3.0200, 53.3734
(14, 12): 0.2951, 3.0200, 50.7136
(14, 13): 0.1122, 3.0100, 5.2902
(14, 14): 0.1215, 3.0200, 9.4483
(14, 15): 0.1092, 3.0100, 4.7552
(14, 16): 0.3671, 3.0100, 35.1865
(14, 17): 0.2727, 3.0100, 51.7606
(14, 18): 0.2325, 3.0100, 56.3098
(14, 19): 0.2370, 3.0100, 55.4563
(14, 20): 0.2419, 3.0100, 53.7681
(14, 21): 0.2733, 3.0100, 50.9460
(14, 22): 0.2560, 3.0400, 52.3708
(14, 23): 0.2289, 3.0100, 53.2028
(14, 24): 0.2044, 3.0100, 49.1631
(14, 25): 0.1631, 3.0300, 28.3969
(14, 26): 0.1874, 3.0100, 29.2279
(14, 27): 0.1080, 3.0100, 4.0039
(15, 1): 0.0869, 3.0100, 5.3450
(15, 2): 0.0869, 3.0100, 5.3450
(15, 3): 0.0869, 3.0100, 5.3450
(15, 4): 0.1266, 3.0100, 13.8111
(15, 5): 0.1266, 3.0100, 13.8111
(15, 6): 0.1266, 3.0100, 13.8111
(15, 7): 0.1266, 3.0100, 13.8111
(15, 8): 0.1266, 3.0100, 13.8111
(15, 9): 0.1266, 3.0100, 13.8111
(15, 10): 0.3528, 3.0100, 48.9765
(15, 11): 0.2958, 3.0100, 54.4396
(15, 12): 0.3630, 3.0100, 49.5054
(15, 13): 0.1712, 3.0200, 21.2554
(15, 14): 0.0881, 3.0100, 4.9975
(15, 15): 0.2612, 3.0089, 43.0269
(15, 16): 0.3060, 3.0100, 49.5330
(15, 17): 0.2581, 3.0100, 49.9876
(15, 18): 0.2123, 3.0100, 51.0367
(15, 19): 0.2127, 3.0000, 58.2360
(15, 20): 0.1974, 3.0100, 57.0811
(15, 21): 0.2131, 3.0100, 54.2017
(15, 22): 0.2323, 3.0100, 53.0226
(15, 23): 0.2237, 3.0300, 53.2545
(15, 24): 0.2100, 3.0700, 53.4700
(15, 25): 0.2172, 3.0100, 53.6744
(15, 26): 0.2392, 3.0100, 49.6734
(15, 27): 0.2524, 3.0100, 29.7981
(16, 1): 0.1567, 3.0100, 13.5366
(16, 2): 0.0869, 3.0100, 5.3450
(16, 3): 0.0869, 3.0100, 5.3450
(16, 4): 0.0869, 3.0100, 5.3450
(16, 5): 0.0869, 3.0100, 5.3450
(16, 6): 0.0869, 3.0100, 5.3450
(16, 7): 0.1744, 3.0100, 20.6406
(16, 8): 0.1744, 3.0100, 20.6406
(16, 9): 0.1744, 3.0100, 20.6406
(16, 10): 0.2957, 3.0200, 53.9749
(16, 11): 0.3522, 3.0100, 51.2844
(16, 12): 0.2751, 3.0100, 53.5541
(16, 13): 0.1815, 3.0200, 20.8445
(16, 14): 0.3294, 3.0200, 47.3955
(16, 15): 0.3437, 3.0300, 48.4106
(16, 16): 0.3264, 3.0100, 42.2961
(16, 17): 0.2151, 3.0300, 46.7261
(16, 18): 0.2199, 3.0100, 57.0845
(16, 19): 0.2108, 3.0200, 58.3822
(16, 20): 0.2060, 3.0200, 55.4373
(16, 21): 0.2097, 3.0200, 53.4032
(16, 22): 0.2324, 3.0100, 53.5984
(16, 23): 0.2091, 3.0100, 56.1420
(16, 24): 0.2424, 3.0200, 53.4267
(16, 25): 0.2546, 3.0200, 51.2368
(16, 26): 0.2380, 3.0100, 50.9198
(16, 27): 0.1971, 3.0300, 29.9244
(17, 1): 0.1567, 3.0100, 13.5366
(17, 2): 0.1567, 3.0100, 13.5366
(17, 3): 0.1408, 3.0100, 13.4470
(17, 4): 0.0869, 3.0100, 5.3450
(17, 5): 0.0869, 3.0100, 5.3450
(17, 6): 0.0869, 3.0100, 5.3450
(17, 7): 0.0869, 3.0100, 5.3450
(17, 8): 0.2318, 3.0700, 39.9405
(17, 9): 0.2318, 3.0700, 39.9405
(17, 10): 0.2972, 3.0100, 53.5692
(17, 11): 0.3163, 3.0100, 53.5882
(17, 12): 0.3540, 3.0100, 51.4029
(17, 13): 0.2851, 3.0200, 46.2238
(17, 14): 0.2614, 3.0100, 42.2251
(17, 15): 0.2543, 3.0100, 48.1300
(17, 16): 0.2252, 3.0200, 49.4823
(17, 17): 0.2409, 3.0100, 56.2923
(17, 18): 0.2114, 3.0100, 58.9243
(17, 19): 0.2253, 3.0400, 57.9922
(17, 20): 0.2238, 3.0400, 55.6573
(17, 21): 0.2265, 3.0100, 54.4012
(17, 22): 0.2466, 3.0200, 53.0550
(17, 23): 0.2359, 3.0200, 52.4227
(17, 24): 0.2509, 3.0300, 51.0249
(17, 25): 0.2564, 3.0100, 51.5900
(17, 26): 0.2539, 3.0200, 42.8954
(17, 27): 0.2539, 3.0200, 42.8954
(18, 1): 0.1567, 3.0100, 13.5366
(18, 2): 0.1567, 3.0100, 13.5366
(18, 3): 0.1567, 3.0100, 13.5366
(18, 4): 0.1408, 3.0100, 13.4470
(18, 5): 0.1408, 3.0100, 13.4470
(18, 6): 0.0869, 3.0100, 5.3450
(18, 7): 0.0869, 3.0100, 5.3450
(18, 8): 0.0869, 3.0100, 5.3450
(18, 9): 0.2755, 3.0100, 51.1394
(18, 10): 0.2901, 3.0100, 55.2133
(18, 11): 0.3121, 3.0300, 53.2420
(18, 12): 0.3340, 3.0200, 50.2295
(18, 13): 0.2915, 3.0100, 52.5156
(18, 14): 0.2913, 3.0100, 52.8670
(18, 15): 0.2738, 3.0200, 54.5012
(18, 16): 0.2281, 3.0100, 56.3137
(18, 17): 0.2342, 3.0100, 55.3280
(18, 18): 0.2117, 3.0400, 57.9772
(18, 19): 0.2177, 3.0200, 58.9134
(18, 20): 0.1991, 3.0300, 58.0298
(18, 21): 0.2224, 3.0300, 53.6146
(18, 22): 0.2449, 3.0100, 51.4198
(18, 23): 0.2182, 3.0100, 54.0115
(18, 24): 0.2331, 3.0100, 52.4810
(18, 25): 0.2467, 3.0100, 45.7739
(18, 26): 0.1316, 3.0100, 12.7516
(18, 27): 0.1316, 3.0100, 12.7516
(19, 1): 0.1567, 3.0100, 13.5366
(19, 2): 0.1567, 3.0100, 13.5366
(19, 3): 0.1567, 3.0100, 13.5366
(19, 4): 0.1567, 3.0100, 13.5366
(19, 5): 0.1408, 3.0100, 13.4470
(19, 6): 0.1408, 3.0100, 13.4470
(19, 7): 0.2075, 3.0100, 29.5437
(19, 8): 0.2075, 3.0100, 29.5437
(19, 9): 0.3162, 3.0100, 53.2347
(19, 10): 0.3114, 3.0200, 53.7792
(19, 11): 0.3040, 3.0300, 51.5951
(19, 12): 0.3276, 3.0100, 50.7231
(19, 13): 0.2947, 3.0100, 50.9731
(19, 14): 0.2692, 3.0300, 52.7010
(19, 15): 0.2320, 3.0100, 56.3367
(19, 16): 0.2420, 3.0400, 55.3091
(19, 17): 0.2457, 3.0100, 53.6246
(19, 18): 0.2126, 3.0100, 57.9867
(19, 19): 0.1950, 3.0200, 59.8448
(19, 20): 0.1852, 3.0100, 58.9712
(19, 21): 0.2152, 3.0200, 54.7667
(19, 22): 0.2226, 3.0400, 54.1190
(19, 23): 0.2149, 3.0100, 55.8187
(19, 24): 0.2380, 3.0300, 54.3493
(19, 25): 0.2159, 3.0200, 36.0741
(19, 26): 0.1380, 3.0100, 4.5275
(19, 27): 0.1380, 3.0100, 4.5275
(20, 1): 0.1871, 3.0100, 15.4969
(20, 2): 0.1567, 3.0100, 13.5366
(20, 3): 0.1567, 3.0100, 13.5366
(20, 4): 0.1567, 3.0100, 13.5366
(20, 5): 0.1567, 3.0100, 13.5366
(20, 6): 0.1408, 3.0100, 13.4470
(20, 7): 0.1408, 3.0100, 13.4470
(20, 8): 0.2846, 3.0100, 55.2428
(20, 9): 0.2717, 3.0100, 56.8875
(20, 10): 0.2855, 3.0200, 54.7362
(20, 11): 0.2967, 3.0400, 52.6263
(20, 12): 0.2687, 3.0100, 52.8896
(20, 13): 0.2765, 3.0200, 51.1687
(20, 14): 0.2609, 3.0100, 51.5379
(20, 15): 0.2506, 3.0200, 53.7209
(20, 16): 0.2488, 3.0400, 54.7001
(20, 17): 0.2290, 3.0100, 55.3933
(20, 18): 0.2185, 3.0100, 56.6306
(20, 19): 0.1893, 3.0100, 59.5665
(20, 20): 0.2079, 3.0200, 56.9118
(20, 21): 0.2370, 3.0200, 53.7729
(20, 22): 0.2421, 3.0200, 53.4576
(20, 23): 0.2338, 3.0100, 54.7712
(20, 24): 0.2584, 3.0100, 54.2801
(20, 25): 0.2620, 3.0100, 50.0744
(20, 26): 0.1219, 3.0100, 13.1696
(20, 27): 0.1219, 3.0100, 13.1696
(21, 1): 0.1703, 3.0100, 12.0709
(21, 2): 0.1871, 3.0100, 15.4969
(21, 3): 0.1871, 3.0100, 15.4969
(21, 4): 0.1567, 3.0100, 13.5366
(21, 5): 0.1567, 3.0100, 13.5366
(21, 6): 0.1567, 3.0100, 13.5366
(21, 7): 0.2637, 3.0100, 49.2362
(21, 8): 0.2632, 3.0200, 57.9732
(21, 9): 0.2567, 3.0100, 58.6886
(21, 10): 0.2903, 3.0500, 55.1489
(21, 11): 0.2805, 3.0100, 53.6156
(21, 12): 0.2841, 3.0200, 51.0811
(21, 13): 0.2687, 3.0100, 51.6037
(21, 14): 0.2254, 3.0100, 53.9424
(21, 15): 0.2474, 3.0100, 52.4216
(21, 16): 0.2303, 3.0100, 53.2455
(21, 17): 0.2174, 3.0200, 53.8282
(21, 18): 0.2343, 3.0100, 54.1270
(21, 19): 0.2521, 3.0100, 52.1561
(21, 20): 0.2291, 3.0100, 53.4273
(21, 21): 0.2099, 3.0100, 44.6373
(21, 22): 0.2255, 3.0100, 44.4566
(21, 23): 0.2448, 3.0200, 42.7564
(21, 24): 0.1543, 3.0100, 24.5121
(21, 25): 0.1543, 3.0100, 24.5121
(21, 26): 0.1219, 3.0100, 13.1696
(21, 27): 0.1219, 3.0100, 13.1696
(22, 1): 0.1703, 3.0100, 12.0709
(22, 2): 0.1703, 3.0100, 12.0709
(22, 3): 0.1871, 3.0100, 15.4969
(22, 4): 0.1871, 3.0100, 15.4969
(22, 5): 0.2395, 3.0100, 37.0955
(22, 6): 0.2395, 3.0100, 37.0955
(22, 7): 0.2989, 3.0100, 53.7059
(22, 8): 0.2735, 3.0100, 54.1458
(22, 9): 0.2646, 3.0200, 55.4446
(22, 10): 0.3030, 3.0200, 52.6099
(22, 11): 0.2532, 3.0200, 55.2754
(22, 12): 0.2586, 3.0100, 52.4186
(22, 13): 0.2385, 3.0100, 53.8554
(22, 14): 0.2164, 3.0100, 54.5403
(22, 15): 0.1885, 3.0400, 55.3731
(22, 16): 0.2128, 3.0200, 52.7028
(22, 17): 0.2376, 3.0100, 51.1362
(22, 18): 0.2528, 3.0300, 50.7662
(22, 19): 0.2577, 3.0200, 50.8360
(22, 20): 0.2381, 3.0200, 38.9079
(22, 21): 0.0683, 3.0200, 9.2770
(22, 22): 0.2255, 3.0100, 44.4566
(22, 23): 0.2448, 3.0200, 42.7564
(22, 24): 0.1543, 3.0100, 24.5121
(22, 25): 0.1543, 3.0100, 24.5121
(22, 26): 0.1219, 3.0100, 13.1696
(22, 27): 0.1219, 3.0100, 13.1696
(23, 1): 0.1703, 3.0100, 12.0709
(23, 2): 0.1703, 3.0100, 12.0709
(23, 3): 0.1703, 3.0100, 12.0709
(23, 4): 0.1871, 3.0100, 15.4969
(23, 5): 0.1871, 3.0100, 15.4969
(23, 6): 0.2309, 3.0300, 31.7912
(23, 7): 0.2484, 3.0000, 40.4775
(23, 8): 0.2317, 3.0100, 54.4045
(23, 9): 0.2567, 3.0100, 54.6967
(23, 10): 0.2751, 3.0100, 53.5347
(23, 11): 0.3021, 3.0100, 49.8185
(23, 12): 0.2508, 3.0300, 53.0761
(23, 13): 0.2430, 3.0100, 53.0878
(23, 14): 0.2044, 3.0100, 54.4761
(23, 15): 0.2122, 3.0100, 53.5301
(23, 16): 0.2611, 3.0300, 50.6242
(23, 17): 0.2895, 3.0300, 48.5023
(23, 18): 0.2863, 3.0100, 48.9704
(23, 19): 0.3064, 3.0100, 48.3577
(23, 20): 0.2644, 3.0300, 42.3710
(23, 21): 0.0683, 3.0200, 9.2770
(23, 22): 0.0683, 3.0200, 9.2770
(23, 23): 0.2448, 3.0200, 42.7564
(23, 24): 0.1543, 3.0100, 24.5121
(23, 25): 0.1543, 3.0100, 24.5121
(23, 26): 0.1543, 3.0100, 24.5121
(23, 27): 0.1219, 3.0100, 13.1696
(24, 1): 0.1246, 3.0100, 4.5417
(24, 2): 0.1703, 3.0100, 12.0709
(24, 3): 0.1703, 3.0100, 12.0709
(24, 4): 0.1703, 3.0100, 12.0709
(24, 5): 0.2050, 3.0100, 21.6582
(24, 6): 0.1920, 3.0200, 22.2038
(24, 7): 0.2595, 3.0052, 45.4686
(24, 8): 0.2100, 3.0100, 36.4835
(24, 9): 0.2147, 3.0200, 46.4373
(24, 10): 0.1868, 3.0100, 46.5294
(24, 11): 0.2462, 3.0100, 52.0470
(24, 12): 0.2398, 3.0400, 54.4792
(24, 13): 0.2019, 3.0100, 54.6384
(24, 14): 0.2258, 3.0100, 52.6309
(24, 15): 0.2432, 3.0300, 52.3600
(24, 16): 0.2851, 3.0100, 48.9270
(24, 17): 0.2833, 3.0100, 49.3600
(24, 18): 0.2750, 3.0200, 50.5263
(24, 19): 0.2757, 3.0300, 50.4878
(24, 20): 0.3029, 3.0100, 47.3923
(24, 21): 0.2167, 3.0200, 31.8166
(24, 22): 0.2008, 3.0200, 21.7105
(24, 23): 0.2008, 3.0200, 21.7105
(24, 24): 0.2008, 3.0200, 21.7105
(24, 25): 0.2008, 3.0200, 21.7105
(24, 26): 0.1543, 3.0100, 24.5121
(24, 27): 0.1219, 3.0100, 13.1696
(25, 1): 0.1246, 3.0100, 4.5417
(25, 2): 0.1246, 3.0100, 4.5417
(25, 3): 0.1868, 3.0100, 22.1857
(25, 4): 0.2630, 3.0100, 28.4120
(25, 5): 0.2490, 3.0200, 35.6645
(25, 6): 0.2501, 3.0100, 45.3108
(25, 7): 0.1717, 3.0200, 27.3440
(25, 8): 0.2265, 3.0100, 45.4162
(25, 9): 0.2350, 3.0100, 51.3870
(25, 10): 0.2365, 3.0100, 53.2557
(25, 11): 0.2608, 3.0200, 53.2614
(25, 12): 0.2495, 3.0200, 53.0978
(25, 13): 0.2554, 3.0500, 50.4566
(25, 14): 0.2532, 3.0100, 51.6862
(25, 15): 0.2805, 3.0100, 50.0407
(25, 16): 0.2663, 3.0100, 50.7534
(25, 17): 0.2647, 3.0100, 50.9270
(25, 18): 0.2689, 3.0200, 50.7693
(25, 19): 0.2739, 3.0287, 50.2824
(25, 20): 0.2931, 3.0100, 48.1064
(25, 21): 0.3023, 3.0100, 46.6121
(25, 22): 0.2008, 3.0200, 21.7105
(25, 23): 0.2008, 3.0200, 21.7105
(25, 24): 0.2008, 3.0200, 21.7105
(25, 25): 0.2008, 3.0200, 21.7105
(25, 26): 0.2008, 3.0200, 21.7105
(25, 27): 0.2008, 3.0200, 21.7105
(26, 1): 0.1246, 3.0100, 4.5417
(26, 2): 0.1246, 3.0100, 4.5417
(26, 3): 0.1868, 3.0100, 22.1857
(26, 4): 0.2078, 3.0100, 31.2851
(26, 5): 0.1916, 3.0200, 30.3251
(26, 6): 0.1653, 3.0100, 27.5789
(26, 7): 0.2412, 3.0100, 46.0302
(26, 8): 0.2426, 3.0100, 53.1415
(26, 9): 0.2417, 3.0100, 54.6070
(26, 10): 0.2391, 3.0068, 53.9940
(26, 11): 0.2333, 3.0100, 55.1295
(26, 12): 0.2354, 3.0100, 53.3299
(26, 13): 0.2429, 3.0200, 52.0951
(26, 14): 0.2531, 3.0200, 52.8543
(26, 15): 0.2629, 3.0300, 50.9721
(26, 16): 0.2497, 3.0100, 51.3112
(26, 17): 0.2573, 3.0100, 50.7573
(26, 18): 0.2837, 3.0200, 48.6543
(26, 19): 0.2981, 3.0100, 46.9209
(26, 20): 0.2786, 3.0200, 47.6237
(26, 21): 0.3189, 3.0200, 45.2989
(26, 22): 0.2964, 3.0300, 35.5437
(26, 23): 0.2964, 3.0300, 35.5437
(26, 24): 0.2964, 3.0300, 35.5437
(26, 25): 0.2964, 3.0300, 35.5437
(26, 26): 0.2964, 3.0300, 35.5437
(26, 27): 0.2964, 3.0300, 35.5437
(27, 1): 0.1734, 3.0200, 22.1005
(27, 2): 0.1734, 3.0200, 22.1005
(27, 3): 0.2543, 3.0100, 49.3180
(27, 4): 0.2592, 3.0100, 52.5370
(27, 5): 0.2342, 3.0100, 57.5153
(27, 6): 0.1902, 3.0100, 46.7455
(27, 7): 0.1584, 3.0200, 19.3542
(27, 8): 0.2272, 3.0200, 44.9922
(27, 9): 0.2205, 3.0100, 42.4120
(27, 10): 0.2284, 3.0100, 43.2008
(27, 11): 0.2413, 3.0100, 42.3468
(27, 12): 0.1605, 3.0100, 26.6759
(27, 13): 0.2318, 3.0400, 43.9432
(27, 14): 0.2165, 3.0200, 35.6589
(27, 15): 0.2655, 3.0100, 51.1856
(27, 16): 0.2521, 3.0100, 51.3543
(27, 17): 0.2744, 3.0100, 49.0794
(27, 18): 0.2867, 3.0100, 48.1126
(27, 19): 0.2667, 3.0100, 49.5977
(27, 20): 0.2837, 3.0100, 47.7647
(27, 21): 0.3242, 3.0100, 45.3040
(27, 22): 0.2686, 3.0100, 38.1027
(27, 23): 0.2686, 3.0100, 38.1027
(27, 24): 0.2686, 3.0100, 38.1027
(27, 25): 0.2686, 3.0100, 38.1027
(27, 26): 0.2686, 3.0100, 38.1027
(27, 27): 0.2686, 3.0100, 38.1027
(28, 1): 0.1228, 3.0100, 4.6927
(28, 2): 0.1228, 3.0100, 4.6927
(28, 3): 0.1794, 3.0100, 26.7051
(28, 4): 0.1888, 3.0100, 28.3298
(28, 5): 0.2130, 3.0100, 45.3357
(28, 6): 0.1562, 3.0100, 27.0838
(28, 7): 0.1688, 3.0100, 27.5242
(28, 8): 0.2300, 3.0200, 38.3483
(28, 9): 0.2361, 3.0300, 30.3800
(28, 10): 0.2284, 3.0100, 43.2008
(28, 11): 0.2413, 3.0100, 42.3468
(28, 12): 0.1605, 3.0100, 26.6759
(28, 13): 0.1205, 3.0100, 13.4379
(28, 14): 0.1205, 3.0100, 13.4379
(28, 15): 0.2995, 3.0200, 46.8504
(28, 16): 0.2692, 3.0300, 50.9292
(28, 17): 0.2666, 3.0100, 49.9408
(28, 18): 0.2809, 3.0100, 47.9507
(28, 19): 0.2772, 3.0100, 47.4153
(28, 20): 0.2977, 3.0100, 46.5125
(28, 21): 0.3017, 3.0100, 47.1885
(28, 22): 0.2005, 3.0100, 22.3711
(28, 23): 0.2005, 3.0100, 22.3711
(28, 24): 0.2005, 3.0100, 22.3711
(28, 25): 0.2005, 3.0100, 22.3711
(28, 26): 0.2005, 3.0100, 22.3711
(28, 27): 0.2005, 3.0100, 22.3711
(29, 1): 0.3051, 3.0200, 46.8147
(29, 2): 0.3051, 3.0200, 46.8147
(29, 3): 0.2640, 3.0100, 55.6491
(29, 4): 0.2142, 3.0200, 48.8115
(29, 5): 0.2058, 3.0100, 41.1341
(29, 6): 0.2531, 3.0100, 54.8158
(29, 7): 0.2374, 3.0100, 45.3721
(29, 8): 0.1398, 3.0100, 4.5398
(29, 9): 0.2361, 3.0300, 30.3800
(29, 10): 0.2361, 3.0300, 30.3800
(29, 11): 0.2413, 3.0100, 42.3468
(29, 12): 0.1605, 3.0100, 26.6759
(29, 13): 0.1205, 3.0100, 13.4379
(29, 14): 0.1205, 3.0100, 13.4379
(29, 15): 0.1186, 3.0100, 9.9093
(29, 16): 0.2060, 3.0200, 23.1580
(29, 17): 0.0924, 3.0100, 4.6979
(29, 18): 0.2481, 3.0200, 38.7727
(29, 19): 0.2827, 3.0200, 47.4873
(29, 20): 0.3026, 3.0100, 45.8946
(29, 21): 0.2861, 3.0100, 47.5663
(29, 22): 0.0980, 3.0100, 13.0215
(29, 23): 0.0980, 3.0100, 13.0215
(29, 24): 0.0980, 3.0100, 13.0215
(29, 25): 0.0980, 3.0100, 13.0215
(29, 26): 0.0980, 3.0100, 13.0215
(29, 27): 0.0980, 3.0100, 13.0215
(30, 1): 0.2735, 3.0100, 30.6145
(30, 2): 0.2735, 3.0100, 30.6145
(30, 3): 0.1874, 3.0100, 15.4940
(30, 4): 0.1531, 3.0100, 13.4334
(30, 5): 0.2561, 3.0100, 46.4702
(30, 6): 0.2445, 3.0100, 42.2146
(30, 7): 0.1568, 3.0000, 12.8419
(30, 8): 0.1398, 3.0100, 4.5398
(30, 9): 0.1398, 3.0100, 4.5398
(30, 10): 0.2361, 3.0300, 30.3800
(30, 11): 0.2361, 3.0300, 30.3800
(30, 12): 0.1205, 3.0100, 13.4379
(30, 13): 0.1205, 3.0100, 13.4379
(30, 14): 0.1186, 3.0100, 9.9093
(30, 15): 0.1186, 3.0100, 9.9093
(30, 16): 0.2060, 3.0200, 23.1580
(30, 17): 0.0924, 3.0100, 4.6979
(30, 18): 0.1243, 3.0100, 12.6004
(30, 19): 0.1243, 3.0100, 12.6004
(30, 20): 0.2826, 3.0100, 38.3001
(30, 21): 0.2983, 3.0400, 42.9361
(30, 22): 0.1745, 3.0100, 15.0268
(30, 23): 0.1745, 3.0100, 15.0268
(30, 24): 0.1745, 3.0100, 15.0268
(30, 25): 0.1745, 3.0100, 15.0268
(30, 26): 0.1745, 3.0100, 15.0268
(30, 27): 0.1745, 3.0100, 15.0268
(31, 1): 0.2735, 3.0100, 30.6145
(31, 2): 0.2735, 3.0100, 30.6145
(31, 3): 0.1874, 3.0100, 15.4940
(31, 4): 0.1531, 3.0100, 13.4334
(31, 5): 0.2561, 3.0100, 46.4702
(31, 6): 0.2445, 3.0100, 42.2146
(31, 7): 0.1568, 3.0000, 12.8419
(31, 8): 0.1568, 3.0000, 12.8419
(31, 9): 0.1398, 3.0100, 4.5398
(31, 10): 0.1398, 3.0100, 4.5398
(31, 11): 0.2361, 3.0300, 30.3800
(31, 12): 0.1205, 3.0100, 13.4379
(31, 13): 0.1186, 3.0100, 9.9093
(31, 14): 0.1186, 3.0100, 9.9093
(31, 15): 0.1186, 3.0100, 9.9093
(31, 16): 0.2060, 3.0200, 23.1580
(31, 17): 0.0924, 3.0100, 4.6979
(31, 18): 0.1020, 3.0100, 8.9623
(31, 19): 0.1020, 3.0100, 8.9623
(31, 20): 0.2763, 3.0100, 42.6475
(31, 21): 0.1482, 3.0100, 11.9812
(31, 22): 0.1482, 3.0100, 11.9812
(31, 23): 0.0934, 3.0200, 9.2544
(31, 24): 0.0934, 3.0200, 9.2544
(31, 25): 0.0934, 3.0200, 9.2544
(31, 26): 0.0934, 3.0200, 9.2544
(31, 27): 0.0934, 3.0200, 9.2544
(32, 1): 0.2735, 3.0100, 30.6145
(32, 2): 0.2735, 3.0100, 30.6145
(32, 3): 0.1874, 3.0100, 15.4940
(32, 4): 0.1531, 3.0100, 13.4334
(32, 5): 0.2561, 3.0100, 46.4702
(32, 6): 0.2445, 3.0100, 42.2146
(32, 7): 0.1568, 3.0000, 12.8419
(32, 8): 0.1568, 3.0000, 12.8419
(32, 9): 0.1568, 3.0000, 12.8419
(32, 10): 0.1398, 3.0100, 4.5398
(32, 11): 0.1398, 3.0100, 4.5398
(32, 12): 0.1186, 3.0100, 9.9093
(32, 13): 0.1186, 3.0100, 9.9093
(32, 14): 0.1186, 3.0100, 9.9093
(32, 15): 0.1186, 3.0100, 9.9093
(32, 16): 0.2060, 3.0200, 23.1580
(32, 17): 0.1149, 3.0100, 13.5367
(32, 18): 0.1149, 3.0100, 13.5367
(32, 19): 0.1149, 3.0100, 13.5367
(32, 20): 0.2631, 3.0100, 51.5204
(32, 21): 0.2023, 3.0200, 35.7427
(32, 22): 0.0934, 3.0200, 9.2544
(32, 23): 0.0934, 3.0200, 9.2544
(32, 24): 0.0934, 3.0200, 9.2544
(32, 25): 0.0934, 3.0200, 9.2544
(32, 26): 0.0934, 3.0200, 9.2544
(32, 27): 0.0934, 3.0200, 9.2544
(33, 1): 0.2735, 3.0100, 30.6145
(33, 2): 0.2735, 3.0100, 30.6145
(33, 3): 0.1874, 3.0100, 15.4940
(33, 4): 0.1531, 3.0100, 13.4334
(33, 5): 0.2561, 3.0100, 46.4702
(33, 6): 0.2445, 3.0100, 42.2146
(33, 7): 0.1568, 3.0000, 12.8419
(33, 8): 0.1568, 3.0000, 12.8419
(33, 9): 0.1568, 3.0000, 12.8419
(33, 10): 0.1568, 3.0000, 12.8419
(33, 11): 0.1398, 3.0100, 4.5398
(33, 12): 0.1186, 3.0100, 9.9093
(33, 13): 0.1186, 3.0100, 9.9093
(33, 14): 0.1186, 3.0100, 9.9093
(33, 15): 0.1186, 3.0100, 9.9093
(33, 16): 0.2211, 3.0100, 33.1587
(33, 17): 0.2211, 3.0100, 33.1587
(33, 18): 0.2211, 3.0100, 33.1587
(33, 19): 0.2211, 3.0100, 33.1587
(33, 20): 0.2677, 3.0100, 53.4939
(33, 21): 0.2645, 3.0100, 52.1828
(33, 22): 0.1565, 3.0100, 24.1390
(33, 23): 0.1565, 3.0100, 24.1390
(33, 24): 0.1565, 3.0100, 24.1390
(33, 25): 0.1565, 3.0100, 24.1390
(33, 26): 0.1565, 3.0100, 24.1390
(33, 27): 0.1565, 3.0100, 24.1390
(34, 1): 0.2735, 3.0100, 30.6145
(34, 2): 0.2735, 3.0100, 30.6145
(34, 3): 0.1874, 3.0100, 15.4940
(34, 4): 0.1531, 3.0100, 13.4334
(34, 5): 0.2561, 3.0100, 46.4702
(34, 6): 0.2445, 3.0100, 42.2146
(34, 7): 0.1568, 3.0000, 12.8419
(34, 8): 0.1568, 3.0000, 12.8419
(34, 9): 0.1568, 3.0000, 12.8419
(34, 10): 0.1568, 3.0000, 12.8419
(34, 11): 0.1568, 3.0000, 12.8419
(34, 12): 0.1186, 3.0100, 9.9093
(34, 13): 0.1186, 3.0100, 9.9093
(34, 14): 0.2340, 3.0300, 28.3301
(34, 15): 0.2340, 3.0300, 28.3301
(34, 16): 0.2340, 3.0300, 28.3301
(34, 17): 0.2340, 3.0300, 28.3301
(34, 18): 0.2340, 3.0300, 28.3301
(34, 19): 0.2340, 3.0300, 28.3301
(34, 20): 0.2733, 3.0200, 52.9276
(34, 21): 0.2575, 3.0100, 53.7569
(34, 22): 0.1033, 3.0200, 9.7128
(34, 23): 0.1033, 3.0200, 9.7128
(34, 24): 0.1033, 3.0200, 9.7128
(34, 25): 0.1033, 3.0200, 9.7128
(34, 26): 0.1033, 3.0200, 9.7128
(34, 27): 0.1033, 3.0200, 9.7128
