(1, 1): 0.1880, 4.4100, 4.4358
(1, 2): 0.1880, 4.4100, 4.4358
(1, 3): 0.1880, 4.4100, 4.4358
(1, 4): 0.1880, 4.4100, 4.4358
(1, 5): 0.2378, 4.4100, 18.2288
(1, 6): 0.2378, 4.4100, 18.2288
(1, 7): 0.2378, 4.4100, 18.2288
(1, 8): 0.2378, 4.4100, 18.2288
(1, 9): 0.1655, 4.4100, 12.6252
(1, 10): 0.1655, 4.4100, 12.6252
(1, 11): 0.1655, 4.4100, 12.6252
(1, 12): 0.1655, 4.4100, 12.6252
(1, 13): 0.1655, 4.4100, 12.6252
(1, 14): 0.1191, 4.4100, 17.4956
(1, 15): 0.1191, 4.4100, 17.4956
(1, 16): 0.1191, 4.4100, 17.4956
(1, 17): 0.1264, 4.4100, 17.3247
(1, 18): 0.0968, 4.4100, 9.1480
(1, 19): 0.0842, 4.4100, 8.7505
(1, 20): 0.0842, 4.4100, 8.7505
(1, 21): 0.1167, 4.4100, 8.8695
(1, 22): 0.1167, 4.4100, 8.8695
(1, 23): 0.1684, 4.4600, 54.2010
(1, 24): 0.1802, 4.4200, 44.6454
(1, 25): 0.1802, 4.4200, 44.6454
(1, 26): 0.1802, 4.4200, 44.6454
(1, 27): 0.0531, 4.4100, 9.0988
(2, 1): 0.1880, 4.4100, 4.4358
(2, 2): 0.1880, 4.4100, 4.4358
(2, 3): 0.1880, 4.4100, 4.4358
(2, 4): 0.1880, 4.4100, 4.4358
(2, 5): 0.1880, 4.4100, 4.4358
(2, 6): 0.2378, 4.4100, 18.2288
(2, 7): 0.2378, 4.4100, 18.2288
(2, 8): 0.2378, 4.4100, 18.2288
(2, 9): 0.2378, 4.4100, 18.2288
(2, 10): 0.1655, 4.4100, 12.6252
(2, 11): 0.1655, 4.4100, 12.6252
(2, 12): 0.1655, 4.4100, 12.6252
(2, 13): 0.1655, 4.4100, 12.6252
(2, 14): 0.1925, 4.4100, 27.2556
(2, 15): 0.1191, 4.4100, 17.4956
(2, 16): 0.1191, 4.4100, 17.4956
(2, 17): 0.1264, 4.4100, 17.3247
(2, 18): 0.0968, 4.4100, 9.1480
(2, 19): 0.0842, 4.4100, 8.7505
(2, 20): 0.0842, 4.4100, 8.7505
(2, 21): 0.1167, 4.4100, 8.8695
(2, 22): 0.1128, 4.4100, 36.6247
(2, 23): 0.1684, 4.4600, 54.2010
(2, 24): 0.1802, 4.4200, 44.6454
(2, 25): 0.1802, 4.4200, 44.6454
(2, 26): 0.0531, 4.4100, 9.0988
(2, 27): 0.0531, 4.4100, 9.0988
(3, 1): 0.1880, 4.4100, 4.4358
(3, 2): 0.1880, 4.4100, 4.4358
(3, 3): 0.1880, 4.4100, 4.4358
(3, 4): 0.1880, 4.4100, 4.4358
(3, 5): 0.1880, 4.4100, 4.4358
(3, 6): 0.1880, 4.4100, 4.4358
(3, 7): 0.2378, 4.4100, 18.2288
(3, 8): 0.2378, 4.4100, 18.2288
(3, 9): 0.2378, 4.4100, 18.2288
(3, 10): 0.2378, 4.4100, 18.2288
(3, 11): 0.1655, 4.4100, 12.6252
(3, 12): 0.1655, 4.4100, 12.6252
(3, 13): 0.1655, 4.4100, 12.6252
(3, 14): 0.1925, 4.4100, 27.2556
(3, 15): 0.1447, 4.4100, 12.8322
(3, 16): 0.1191, 4.4100, 17.4956
(3, 17): 0.1264, 4.4100, 17.3247
(3, 18): 0.0968, 4.4100, 9.1480
(3, 19): 0.0985, 4.4200, 16.8344
(3, 20): 0.0827, 4.4200, 8.8242
(3, 21): 0.0708, 4.4100, 13.3174
(3, 22): 0.1128, 4.4100, 36.6247
(3, 23): 0.1684, 4.4600, 54.2010
(3, 24): 0.1802, 4.4200, 44.6454
(3, 25): 0.1416, 4.4100, 37.1948
(3, 26): 0.0531, 4.4100, 9.0988
(3, 27): 0.0531, 4.4100, 9.0988
(4, 1): 0.1880, 4.4100, 4.4358
(4, 2): 0.1880, 4.4100, 4.4358
(4, 3): 0.1880, 4.4100, 4.4358
(4, 4): 0.1880, 4.4100, 4.4358
(4, 5): 0.1880, 4.4100, 4.4358
(4, 6): 0.1880, 4.4100, 4.4358
(4, 7): 0.1880, 4.4100, 4.4358
(4, 8): 0.2378, 4.4100, 18.2288
(4, 9): 0.2378, 4.4100, 18.2288
(4, 10): 0.2378, 4.4100, 18.2288
(4, 11): 0.2378, 4.4100, 18.2288
(4, 12): 0.1655, 4.4100, 12.6252
(4, 13): 0.1655, 4.4100, 12.6252
(4, 14): 0.1925, 4.4100, 27.2556
(4, 15): 0.1447, 4.4100, 12.8322
(4, 16): 0.1095, 4.4200, 13.7634
(4, 17): 0.0610, 4.4100, 14.6498
(4, 18): 0.1572, 4.4200, 39.1753
(4, 19): 0.1801, 4.4100, 48.6191
(4, 20): 0.1720, 4.4300, 58.3432
(4, 21): 0.1838, 4.4300, 57.8800
(4, 22): 0.1624, 4.4300, 60.1231
(4, 23): 0.1604, 4.4400, 59.0310
(4, 24): 0.1806, 4.4100, 56.1270
(4, 25): 0.1416, 4.4100, 37.1948
(4, 26): 0.0531, 4.4100, 9.0988
(4, 27): 0.0664, 4.4300, 16.8644
(5, 1): 0.1880, 4.4100, 4.4358
(5, 2): 0.1880, 4.4100, 4.4358
(5, 3): 0.1880, 4.4100, 4.4358
(5, 4): 0.1880, 4.4100, 4.4358
(5, 5): 0.1880, 4.4100, 4.4358
(5, 6): 0.1880, 4.4100, 4.4358
(5, 7): 0.1880, 4.4100, 4.4358
(5, 8): 0.1880, 4.4100, 4.4358
(5, 9): 0.2378, 4.4100, 18.2288
(5, 10): 0.2378, 4.4100, 18.2288
(5, 11): 0.2378, 4.4100, 18.2288
(5, 12): 0.1901, 4.4100, 16.1228
(5, 13): 0.1901, 4.4100, 16.1228
(5, 14): 0.1901, 4.4100, 16.1228
(5, 15): 0.1447, 4.4100, 12.8322
(5, 16): 0.1608, 4.4100, 31.1850
(5, 17): 0.2384, 4.4300, 53.1252
(5, 18): 0.2100, 4.4100, 55.9981
(5, 19): 0.2057, 4.4400, 60.0876
(5, 20): 0.1842, 4.4100, 60.9916
(5, 21): 0.1792, 4.4200, 60.2107
(5, 22): 0.1681, 4.4300, 60.5318
(5, 23): 0.1656, 4.4200, 58.7996
(5, 24): 0.1954, 4.4100, 53.5538
(5, 25): 0.1791, 4.4300, 56.6665
(5, 26): 0.1794, 4.4100, 52.0077
(5, 27): 0.0664, 4.4300, 16.8644
(6, 1): 0.1880, 4.4100, 4.4358
(6, 2): 0.1880, 4.4100, 4.4358
(6, 3): 0.1880, 4.4100, 4.4358
(6, 4): 0.1880, 4.4100, 4.4358
(6, 5): 0.1880, 4.4100, 4.4358
(6, 6): 0.1880, 4.4100, 4.4358
(6, 7): 0.1880, 4.4100, 4.4358
(6, 8): 0.1880, 4.4100, 4.4358
(6, 9): 0.1880, 4.4100, 4.4358
(6, 10): 0.2378, 4.4100, 18.2288
(6, 11): 0.2378, 4.4100, 18.2288
(6, 12): 0.1902, 4.4100, 8.5936
(6, 13): 0.1901, 4.4100, 16.1228
(6, 14): 0.2066, 4.4100, 34.2964
(6, 15): 0.2066, 4.4100, 34.2964
(6, 16): 0.2593, 4.4100, 51.9478
(6, 17): 0.2332, 4.4100, 53.9478
(6, 18): 0.1943, 4.4100, 57.5535
(6, 19): 0.1881, 4.4100, 59.9704
(6, 20): 0.1921, 4.4200, 59.9868
(6, 21): 0.1772, 4.4100, 61.5163
(6, 22): 0.1651, 4.4200, 62.1590
(6, 23): 0.1588, 4.4100, 60.5372
(6, 24): 0.1776, 4.4200, 56.4335
(6, 25): 0.2150, 4.4100, 55.0041
(6, 26): 0.1999, 4.4200, 55.4511
(6, 27): 0.0760, 4.4200, 20.2915
(7, 1): 0.1880, 4.4100, 4.4358
(7, 2): 0.1880, 4.4100, 4.4358
(7, 3): 0.1880, 4.4100, 4.4358
(7, 4): 0.1880, 4.4100, 4.4358
(7, 5): 0.1880, 4.4100, 4.4358
(7, 6): 0.1880, 4.4100, 4.4358
(7, 7): 0.1880, 4.4100, 4.4358
(7, 8): 0.1880, 4.4100, 4.4358
(7, 9): 0.1880, 4.4100, 4.4358
(7, 10): 0.1880, 4.4100, 4.4358
(7, 11): 0.1949, 4.4100, 19.2034
(7, 12): 0.1949, 4.4100, 19.2034
(7, 13): 0.1902, 4.4100, 8.5936
(7, 14): 0.2518, 4.4100, 50.2178
(7, 15): 0.2518, 4.4100, 50.2178
(7, 16): 0.2331, 4.4100, 52.5213
(7, 17): 0.2128, 4.4100, 54.7043
(7, 18): 0.1823, 4.4400, 58.9115
(7, 19): 0.1696, 4.4100, 61.5301
(7, 20): 0.2009, 4.4200, 59.7101
(7, 21): 0.2008, 4.4200, 61.1056
(7, 22): 0.1536, 4.4800, 64.8605
(7, 23): 0.1629, 4.4300, 62.4596
(7, 24): 0.1953, 4.4100, 58.2808
(7, 25): 0.2032, 4.4200, 55.9143
(7, 26): 0.2095, 4.4300, 53.9591
(7, 27): 0.1632, 4.4200, 34.6389
(8, 1): 0.2033, 4.4100, 29.3388
(8, 2): 0.2033, 4.4100, 29.3388
(8, 3): 0.2033, 4.4100, 29.3388
(8, 4): 0.2033, 4.4100, 29.3388
(8, 5): 0.2033, 4.4100, 29.3388
(8, 6): 0.2033, 4.4100, 29.3388
(8, 7): 0.2033, 4.4100, 29.3388
(8, 8): 0.2033, 4.4100, 29.3388
(8, 9): 0.2033, 4.4100, 29.3388
(8, 10): 0.2033, 4.4100, 29.3388
(8, 11): 0.1849, 4.4300, 27.6676
(8, 12): 0.1849, 4.4300, 27.6676
(8, 13): 0.0964, 4.4200, 16.4513
(8, 14): 0.0964, 4.4200, 16.4513
(8, 15): 0.2700, 4.4100, 48.7077
(8, 16): 0.2166, 4.4100, 55.2176
(8, 17): 0.2155, 4.4100, 55.0879
(8, 18): 0.1972, 4.4400, 58.9356
(8, 19): 0.2050, 4.4100, 58.6990
(8, 20): 0.1926, 4.4100, 61.0796
(8, 21): 0.2027, 4.4200, 60.8008
(8, 22): 0.1849, 4.4100, 61.4309
(8, 23): 0.1846, 4.4100, 62.4664
(8, 24): 0.2063, 4.4300, 59.3357
(8, 25): 0.2283, 4.4100, 55.0607
(8, 26): 0.2417, 4.4300, 53.0849
(8, 27): 0.1708, 4.4100, 31.4306
(9, 1): 0.1942, 4.4100, 29.8385
(9, 2): 0.1942, 4.4100, 29.8385
(9, 3): 0.1942, 4.4100, 29.8385
(9, 4): 0.1942, 4.4100, 29.8385
(9, 5): 0.1942, 4.4100, 29.8385
(9, 6): 0.1942, 4.4100, 29.8385
(9, 7): 0.1942, 4.4100, 29.8385
(9, 8): 0.1942, 4.4100, 29.8385
(9, 9): 0.1942, 4.4100, 29.8385
(9, 10): 0.1942, 4.4100, 29.8385
(9, 11): 0.1397, 4.4100, 4.7039
(9, 12): 0.2027, 4.4500, 32.7087
(9, 13): 0.2027, 4.4500, 32.7087
(9, 14): 0.0964, 4.4200, 16.4513
(9, 15): 0.2581, 4.4100, 44.9078
(9, 16): 0.2404, 4.4100, 53.6737
(9, 17): 0.2170, 4.4100, 55.4525
(9, 18): 0.2391, 4.4200, 55.8916
(9, 19): 0.2200, 4.4100, 57.4674
(9, 20): 0.2069, 4.4200, 58.8734
(9, 21): 0.2146, 4.4100, 59.4291
(9, 22): 0.1808, 4.4100, 60.4315
(9, 23): 0.1874, 4.4100, 61.9049
(9, 24): 0.2352, 4.4100, 57.9433
(9, 25): 0.2326, 4.4400, 56.8260
(9, 26): 0.2532, 4.4100, 51.9093
(9, 27): 0.0838, 4.4100, 12.9447
(10, 1): 0.2136, 4.4300, 31.8843
(10, 2): 0.2136, 4.4300, 31.8843
(10, 3): 0.2136, 4.4300, 31.8843
(10, 4): 0.2136, 4.4300, 31.8843
(10, 5): 0.2136, 4.4300, 31.8843
(10, 6): 0.2136, 4.4300, 31.8843
(10, 7): 0.2136, 4.4300, 31.8843
(10, 8): 0.2136, 4.4300, 31.8843
(10, 9): 0.2136, 4.4300, 31.8843
(10, 10): 0.2136, 4.4300, 31.8843
(10, 11): 0.1450, 4.4200, 12.8708
(10, 12): 0.2027, 4.4500, 32.7087
(10, 13): 0.1414, 4.4300, 17.0578
(10, 14): 0.1277, 4.4200, 4.6773
(10, 15): 0.2294, 4.4100, 46.3955
(10, 16): 0.2427, 4.4300, 50.0642
(10, 17): 0.2304, 4.4100, 54.6495
(10, 18): 0.2301, 4.4400, 55.6686
(10, 19): 0.2327, 4.4500, 55.4885
(10, 20): 0.2235, 4.4200, 56.4232
(10, 21): 0.1976, 4.4500, 60.8273
(10, 22): 0.1986, 4.4100, 60.3408
(10, 23): 0.2148, 4.4100, 58.8187
(10, 24): 0.2193, 4.4100, 59.4236
(10, 25): 0.2065, 4.4100, 57.9038
(10, 26): 0.2270, 4.4100, 51.7647
(10, 27): 0.2270, 4.4100, 51.7647
(11, 1): 0.0948, 4.4200, 14.8160
(11, 2): 0.2120, 4.4200, 42.4291
(11, 3): 0.2120, 4.4200, 42.4291
(11, 4): 0.2120, 4.4200, 42.4291
(11, 5): 0.2120, 4.4200, 42.4291
(11, 6): 0.2120, 4.4200, 42.4291
(11, 7): 0.2120, 4.4200, 42.4291
(11, 8): 0.2120, 4.4200, 42.4291
(11, 9): 0.2120, 4.4200, 42.4291
(11, 10): 0.2120, 4.4200, 42.4291
(11, 11): 0.2420, 4.4100, 54.4449
(11, 12): 0.2665, 4.4300, 52.7859
(11, 13): 0.1414, 4.4300, 17.0578
(11, 14): 0.1414, 4.4300, 17.0578
(11, 15): 0.2294, 4.4100, 46.3955
(11, 16): 0.1123, 4.4100, 8.9900
(11, 17): 0.2603, 4.4100, 52.5004
(11, 18): 0.2471, 4.4200, 53.8426
(11, 19): 0.2531, 4.4100, 53.6199
(11, 20): 0.2304, 4.4100, 54.8753
(11, 21): 0.2211, 4.4100, 57.4012
(11, 22): 0.2147, 4.4100, 58.8638
(11, 23): 0.2041, 4.4100, 58.9053
(11, 24): 0.2070, 4.4100, 57.7470
(11, 25): 0.2010, 4.4300, 55.3425
(11, 26): 0.2172, 4.4300, 49.9606
(11, 27): 0.2172, 4.4300, 49.9606
(12, 1): 0.0948, 4.4200, 14.8160
(12, 2): 0.0948, 4.4200, 14.8160
(12, 3): 0.0948, 4.4200, 14.8160
(12, 4): 0.0948, 4.4200, 14.8160
(12, 5): 0.2566, 4.4200, 50.4338
(12, 6): 0.2566, 4.4200, 50.4338
(12, 7): 0.2566, 4.4200, 50.4338
(12, 8): 0.2566, 4.4200, 50.4338
(12, 9): 0.2566, 4.4200, 50.4338
(12, 10): 0.2566, 4.4200, 50.4338
(12, 11): 0.2727, 4.4300, 53.1329
(12, 12): 0.2805, 4.4200, 52.9255
(12, 13): 0.2168, 4.4100, 43.6671
(12, 14): 0.1595, 4.4200, 28.5678
(12, 15): 0.1595, 4.4200, 28.5678
(12, 16): 0.1336, 4.4100, 16.4748
(12, 17): 0.2425, 4.4300, 53.4433
(12, 18): 0.2332, 4.4200, 56.1991
(12, 19): 0.2420, 4.4100, 55.3350
(12, 20): 0.2165, 4.4300, 56.4657
(12, 21): 0.2162, 4.4200, 57.6863
(12, 22): 0.2169, 4.4100, 58.9026
(12, 23): 0.2087, 4.4200, 56.1654
(12, 24): 0.2008, 4.4100, 47.6926
(12, 25): 0.1095, 4.4200, 16.4976
(12, 26): 0.1214, 4.4100, 15.2067
(12, 27): 0.1214, 4.4100, 15.2067
(13, 1): 0.0948, 4.4200, 14.8160
(13, 2): 0.0948, 4.4200, 14.8160
(13, 3): 0.0948, 4.4200, 14.8160
(13, 4): 0.0948, 4.4200, 14.8160
(13, 5): 0.0948, 4.4200, 14.8160
(13, 6): 0.0948, 4.4200, 14.8160
(13, 7): 0.0948, 4.4200, 14.8160
(13, 8): 0.2810, 4.4100, 52.9536
(13, 9): 0.2810, 4.4100, 52.9536
(13, 10): 0.2810, 4.4100, 52.9536
(13, 11): 0.2632, 4.4300, 55.6314
(13, 12): 0.2534, 4.4200, 53.6709
(13, 13): 0.2183, 4.4500, 45.1671
(13, 14): 0.1114, 4.4100, 9.7909
(13, 15): 0.1114, 4.4100, 9.7909
(13, 16): 0.0627, 4.4100, 9.4986
(13, 17): 0.1729, 4.4100, 45.9497
(13, 18): 0.2031, 4.4100, 52.1252
(13, 19): 0.2125, 4.4200, 56.8902
(13, 20): 0.2165, 4.4100, 56.6015
(13, 21): 0.2101, 4.4300, 57.9310
(13, 22): 0.2201, 4.4100, 57.5169
(13, 23): 0.2237, 4.4200, 54.5450
(13, 24): 0.1981, 4.4200, 46.4863
(13, 25): 0.0792, 4.4100, 4.6335
(13, 26): 0.1214, 4.4100, 15.2067
(13, 27): 0.0873, 4.4100, 4.3125
(14, 1): 0.0948, 4.4200, 14.8160
(14, 2): 0.0948, 4.4200, 14.8160
(14, 3): 0.0948, 4.4200, 14.8160
(14, 4): 0.0948, 4.4200, 14.8160
(14, 5): 0.0948, 4.4200, 14.8160
(14, 6): 0.0948, 4.4200, 14.8160
(14, 7): 0.0948, 4.4200, 14.8160
(14, 8): 0.0948, 4.4200, 14.8160
(14, 9): 0.2689, 4.4100, 55.0579
(14, 10): 0.2689, 4.4100, 55.0579
(14, 11): 0.2498, 4.4100, 58.3539
(14, 12): 0.2512, 4.4100, 55.0141
(14, 13): 0.1035, 4.4100, 5.5199
(14, 14): 0.1114, 4.4100, 9.7909
(14, 15): 0.0733, 4.4400, 5.2210
(14, 16): 0.2753, 4.4200, 41.2418
(14, 17): 0.1897, 4.4100, 59.6489
(14, 18): 0.1659, 4.4100, 62.9724
(14, 19): 0.1682, 4.4100, 62.6369
(14, 20): 0.1894, 4.4400, 59.0061
(14, 21): 0.2047, 4.4100, 57.4918
(14, 22): 0.1989, 4.4100, 58.0377
(14, 23): 0.1782, 4.4300, 58.4668
(14, 24): 0.1651, 4.4100, 53.0117
(14, 25): 0.1266, 4.4100, 30.5552
(14, 26): 0.1434, 4.4100, 31.8515
(14, 27): 0.0873, 4.4100, 4.3125
(15, 1): 0.1176, 4.4100, 5.1221
(15, 2): 0.1176, 4.4100, 5.1221
(15, 3): 0.1176, 4.4100, 5.1221
(15, 4): 0.0948, 4.4200, 14.8160
(15, 5): 0.0948, 4.4200, 14.8160
(15, 6): 0.0948, 4.4200, 14.8160
(15, 7): 0.0948, 4.4200, 14.8160
(15, 8): 0.0948, 4.4200, 14.8160
(15, 9): 0.0948, 4.4200, 14.8160
(15, 10): 0.2624, 4.4100, 57.1727
(15, 11): 0.2635, 4.4200, 57.8474
(15, 12): 0.2802, 4.4400, 57.3115
(15, 13): 0.1458, 4.4100, 22.4289
(15, 14): 0.0384, 4.4000, 5.5607
(15, 15): 0.2181, 4.4200, 46.6512
(15, 16): 0.2322, 4.4100, 56.2726
(15, 17): 0.1887, 4.4100, 56.1653
(15, 18): 0.1772, 4.4100, 54.5229
(15, 19): 0.1671, 4.4300, 63.1091
(15, 20): 0.1555, 4.4600, 61.5185
(15, 21): 0.1700, 4.4200, 58.6354
(15, 22): 0.1969, 4.4100, 56.6691
(15, 23): 0.1749, 4.4100, 58.2213
(15, 24): 0.1545, 4.4100, 59.1834
(15, 25): 0.1561, 4.4200, 60.0113
(15, 26): 0.1878, 4.4100, 54.5855
(15, 27): 0.1914, 4.4100, 33.5444
(16, 1): 0.1414, 4.4100, 14.3094
(16, 2): 0.1176, 4.4100, 5.1221
(16, 3): 0.1176, 4.4100, 5.1221
(16, 4): 0.1176, 4.4100, 5.1221
(16, 5): 0.1176, 4.4100, 5.1221
(16, 6): 0.1176, 4.4100, 5.1221
(16, 7): 0.1557, 4.4100, 21.5257
(16, 8): 0.1557, 4.4100, 21.5257
(16, 9): 0.1557, 4.4100, 21.5257
(16, 10): 0.2490, 4.4100, 58.8153
(16, 11): 0.2731, 4.4100, 58.7150
(16, 12): 0.2387, 4.4200, 57.2925
(16, 13): 0.1416, 4.4100, 22.6507
(16, 14): 0.2444, 4.4700, 54.9609
(16, 15): 0.2512, 4.4100, 56.6927
(16, 16): 0.2370, 4.4100, 49.1530
(16, 17): 0.1617, 4.4200, 51.4310
(16, 18): 0.1532, 4.4300, 64.0970
(16, 19): 0.1709, 4.4300, 62.7455
(16, 20): 0.1637, 4.4500, 59.7979
(16, 21): 0.1797, 4.4200, 56.5052
(16, 22): 0.1936, 4.4200, 58.0096
(16, 23): 0.1700, 4.4200, 60.3953
(16, 24): 0.1938, 4.4400, 58.3575
(16, 25): 0.1791, 4.4100, 58.5753
(16, 26): 0.1848, 4.4100, 56.0778
(16, 27): 0.1603, 4.4300, 32.4162
(17, 1): 0.1414, 4.4100, 14.3094
(17, 2): 0.1414, 4.4100, 14.3094
(17, 3): 0.1246, 4.4100, 14.0730
(17, 4): 0.1176, 4.4100, 5.1221
(17, 5): 0.1176, 4.4100, 5.1221
(17, 6): 0.1176, 4.4100, 5.1221
(17, 7): 0.1176, 4.4100, 5.1221
(17, 8): 0.2055, 4.4700, 42.1642
(17, 9): 0.2055, 4.4700, 42.1642
(17, 10): 0.2495, 4.4200, 58.4573
(17, 11): 0.2580, 4.4100, 59.6041
(17, 12): 0.2754, 4.4100, 58.8973
(17, 13): 0.2365, 4.4100, 49.4893
(17, 14): 0.2025, 4.4200, 46.8911
(17, 15): 0.1904, 4.4100, 53.9941
(17, 16): 0.1829, 4.4100, 53.5150
(17, 17): 0.1857, 4.4100, 62.1196
(17, 18): 0.1673, 4.4400, 63.7639
(17, 19): 0.1935, 4.4100, 61.5403
(17, 20): 0.1894, 4.4100, 59.2766
(17, 21): 0.1822, 4.4100, 58.9924
(17, 22): 0.2012, 4.4200, 57.6902
(17, 23): 0.1778, 4.4100, 58.2448
(17, 24): 0.1970, 4.4100, 56.2311
(17, 25): 0.2313, 4.4300, 54.7818
(17, 26): 0.1925, 4.4100, 47.9037
(17, 27): 0.1925, 4.4100, 47.9037
(18, 1): 0.1414, 4.4100, 14.3094
(18, 2): 0.1414, 4.4100, 14.3094
(18, 3): 0.1414, 4.4100, 14.3094
(18, 4): 0.1246, 4.4100, 14.0730
(18, 5): 0.1246, 4.4100, 14.0730
(18, 6): 0.1176, 4.4100, 5.1221
(18, 7): 0.1176, 4.4100, 5.1221
(18, 8): 0.1176, 4.4100, 5.1221
(18, 9): 0.2342, 4.4100, 55.3403
(18, 10): 0.2518, 4.4300, 59.2252
(18, 11): 0.2639, 4.4200, 58.1841
(18, 12): 0.2621, 4.4300, 57.0354
(18, 13): 0.2398, 4.4400, 57.6886
(18, 14): 0.2356, 4.4600, 58.3895
(18, 15): 0.2218, 4.5000, 59.7601
(18, 16): 0.1879, 4.4100, 60.7197
(18, 17): 0.1813, 4.4100, 60.9384
(18, 18): 0.1705, 4.4200, 62.4810
(18, 19): 0.1709, 4.4100, 64.0786
(18, 20): 0.1471, 4.4300, 63.7555
(18, 21): 0.1747, 4.4200, 58.5943
(18, 22): 0.1901, 4.4100, 56.8982
(18, 23): 0.1639, 4.4100, 59.8460
(18, 24): 0.1834, 4.4400, 57.5794
(18, 25): 0.1921, 4.4400, 50.7538
(18, 26): 0.1238, 4.4100, 13.1317
(18, 27): 0.1238, 4.4100, 13.1317
(19, 1): 0.1414, 4.4100, 14.3094
(19, 2): 0.1414, 4.4100, 14.3094
(19, 3): 0.1414, 4.4100, 14.3094
(19, 4): 0.1414, 4.4100, 14.3094
(19, 5): 0.1246, 4.4100, 14.0730
(19, 6): 0.1246, 4.4100, 14.0730
(19, 7): 0.1810, 4.4100, 33.1384
(19, 8): 0.1810, 4.4100, 33.1384
(19, 9): 0.2715, 4.4200, 57.7546
(19, 10): 0.2771, 4.4300, 57.4647
(19, 11): 0.2657, 4.4100, 55.9527
(19, 12): 0.2631, 4.4100, 55.9204
(19, 13): 0.2468, 4.4200, 55.5432
(19, 14): 0.2108, 4.4200, 58.4227
(19, 15): 0.2077, 4.4100, 59.2495
(19, 16): 0.2062, 4.4100, 59.0887
(19, 17): 0.2014, 4.4200, 58.2130
(19, 18): 0.1725, 4.4100, 62.4349
(19, 19): 0.1414, 4.4100, 65.9112
(19, 20): 0.1500, 4.4400, 62.9477
(19, 21): 0.1736, 4.4500, 59.1655
(19, 22): 0.1663, 4.4300, 59.9758
(19, 23): 0.1619, 4.4200, 61.6519
(19, 24): 0.2053, 4.4400, 57.9303
(19, 25): 0.1862, 4.4200, 38.3822
(19, 26): 0.1415, 4.4100, 4.6782
(19, 27): 0.1415, 4.4100, 4.6782
(20, 1): 0.1608, 4.4100, 16.6136
(20, 2): 0.1414, 4.4100, 14.3094
(20, 3): 0.1414, 4.4100, 14.3094
(20, 4): 0.1414, 4.4100, 14.3094
(20, 5): 0.1414, 4.4100, 14.3094
(20, 6): 0.1246, 4.4100, 14.0730
(20, 7): 0.1246, 4.4100, 14.0730
(20, 8): 0.2237, 4.4200, 61.6782
(20, 9): 0.2248, 4.4200, 62.1402
(20, 10): 0.2430, 4.4300, 59.3483
(20, 11): 0.2454, 4.4100, 57.9213
(20, 12): 0.2357, 4.4200, 57.2500
(20, 13): 0.2290, 4.4100, 55.7314
(20, 14): 0.1949, 4.4200, 57.8370
(20, 15): 0.1867, 4.4100, 60.1598
(20, 16): 0.2153, 4.4200, 58.2085
(20, 17): 0.1847, 4.4100, 58.6196
(20, 18): 0.1705, 4.4100, 61.7061
(20, 19): 0.1464, 4.4200, 64.4318
(20, 20): 0.1520, 4.4200, 62.8858
(20, 21): 0.1965, 4.4100, 57.9255
(20, 22): 0.1831, 4.4200, 59.4566
(20, 23): 0.1805, 4.4100, 60.3541
(20, 24): 0.2122, 4.4100, 59.1722
(20, 25): 0.2111, 4.4200, 55.0452
(20, 26): 0.1130, 4.4200, 13.5526
(20, 27): 0.1130, 4.4200, 13.5526
(21, 1): 0.1535, 4.4100, 12.7224
(21, 2): 0.1608, 4.4100, 16.6136
(21, 3): 0.1608, 4.4100, 16.6136
(21, 4): 0.1414, 4.4100, 14.3094
(21, 5): 0.1414, 4.4100, 14.3094
(21, 6): 0.1414, 4.4100, 14.3094
(21, 7): 0.2445, 4.4200, 51.2958
(21, 8): 0.2322, 4.4500, 61.7703
(21, 9): 0.2205, 4.4200, 62.8734
(21, 10): 0.2440, 4.4100, 60.0843
(21, 11): 0.2358, 4.4300, 58.2691
(21, 12): 0.2352, 4.4100, 55.8851
(21, 13): 0.2145, 4.4400, 56.9269
(21, 14): 0.1786, 4.4400, 58.7064
(21, 15): 0.1857, 4.4200, 58.0974
(21, 16): 0.1862, 4.4100, 57.3297
(21, 17): 0.1685, 4.4100, 58.8127
(21, 18): 0.1758, 4.4100, 60.1647
(21, 19): 0.1862, 4.4200, 58.6103
(21, 20): 0.1916, 4.4300, 57.4597
(21, 21): 0.1595, 4.4100, 49.0495
(21, 22): 0.1749, 4.4100, 48.7332
(21, 23): 0.2062, 4.4100, 45.9165
(21, 24): 0.1339, 4.4100, 25.7076
(21, 25): 0.1339, 4.4100, 25.7076
(21, 26): 0.1130, 4.4200, 13.5526
(21, 27): 0.1130, 4.4200, 13.5526
(22, 1): 0.1535, 4.4100, 12.7224
(22, 2): 0.1535, 4.4100, 12.7224
(22, 3): 0.1608, 4.4100, 16.6136
(22, 4): 0.1608, 4.4100, 16.6136
(22, 5): 0.2075, 4.4100, 39.7011
(22, 6): 0.2075, 4.4100, 39.7011
(22, 7): 0.2445, 4.4200, 58.6941
(22, 8): 0.2212, 4.4500, 59.7113
(22, 9): 0.2179, 4.4100, 60.4295
(22, 10): 0.2389, 4.4100, 58.9599
(22, 11): 0.2094, 4.4300, 59.9170
(22, 12): 0.2131, 4.4100, 57.0261
(22, 13): 0.2024, 4.4000, 57.6162
(22, 14): 0.1653, 4.4200, 59.7135
(22, 15): 0.1386, 4.4100, 60.5060
(22, 16): 0.1609, 4.4100, 57.8844
(22, 17): 0.1795, 4.4100, 56.8478
(22, 18): 0.2036, 4.4100, 55.6302
(22, 19): 0.2029, 4.4100, 56.1700
(22, 20): 0.1823, 4.4400, 43.2847
(22, 21): 0.0729, 4.4100, 9.4366
(22, 22): 0.1749, 4.4100, 48.7332
(22, 23): 0.2062, 4.4100, 45.9165
(22, 24): 0.1339, 4.4100, 25.7076
(22, 25): 0.1339, 4.4100, 25.7076
(22, 26): 0.1130, 4.4200, 13.5526
(22, 27): 0.1130, 4.4200, 13.5526
(23, 1): 0.1535, 4.4100, 12.7224
(23, 2): 0.1535, 4.4100, 12.7224
(23, 3): 0.1535, 4.4100, 12.7224
(23, 4): 0.1608, 4.4100, 16.6136
(23, 5): 0.1608, 4.4100, 16.6136
(23, 6): 0.2130, 4.4300, 33.1994
(23, 7): 0.2171, 4.4100, 43.1973
(23, 8): 0.2231, 4.4200, 55.9077
(23, 9): 0.2155, 4.4100, 59.1578
(23, 10): 0.2151, 4.4100, 59.6255
(23, 11): 0.2295, 4.4100, 56.5036
(23, 12): 0.1906, 4.4100, 58.9851
(23, 13): 0.1753, 4.4700, 59.8232
(23, 14): 0.1589, 4.4300, 59.1922
(23, 15): 0.1404, 4.4300, 60.7403
(23, 16): 0.1834, 4.4100, 58.0572
(23, 17): 0.2125, 4.4100, 55.4638
(23, 18): 0.2320, 4.4100, 54.0328
(23, 19): 0.2534, 4.4100, 53.2108
(23, 20): 0.2071, 4.4100, 46.7672
(23, 21): 0.0729, 4.4100, 9.4366
(23, 22): 0.0729, 4.4100, 9.4366
(23, 23): 0.2062, 4.4100, 45.9165
(23, 24): 0.1339, 4.4100, 25.7076
(23, 25): 0.1339, 4.4100, 25.7076
(23, 26): 0.1339, 4.4100, 25.7076
(23, 27): 0.1130, 4.4200, 13.5526
(24, 1): 0.1331, 4.4200, 4.6320
(24, 2): 0.1535, 4.4100, 12.7224
(24, 3): 0.1535, 4.4100, 12.7224
(24, 4): 0.1535, 4.4100, 12.7224
(24, 5): 0.1835, 4.4200, 22.8877
(24, 6): 0.1799, 4.4100, 22.9916
(24, 7): 0.2059, 4.4800, 49.5911
(24, 8): 0.1805, 4.4100, 38.8090
(24, 9): 0.1725, 4.4700, 50.4760
(24, 10): 0.1537, 4.4200, 49.9945
(24, 11): 0.1910, 4.4200, 57.3027
(24, 12): 0.1957, 4.4400, 59.1940
(24, 13): 0.1693, 4.4100, 58.0454
(24, 14): 0.1940, 4.4100, 58.1355
(24, 15): 0.1944, 4.4200, 57.1548
(24, 16): 0.1964, 4.4400, 56.9809
(24, 17): 0.2081, 4.4100, 56.2402
(24, 18): 0.2052, 4.4100, 57.0492
(24, 19): 0.2130, 4.4100, 56.3599
(24, 20): 0.2299, 4.4100, 53.9377
(24, 21): 0.1764, 4.4100, 34.6742
(24, 22): 0.1547, 4.4100, 23.8738
(24, 23): 0.1547, 4.4100, 23.8738
(24, 24): 0.1547, 4.4100, 23.8738
(24, 25): 0.1547, 4.4100, 23.8738
(24, 26): 0.1339, 4.4100, 25.7076
(24, 27): 0.1130, 4.4200, 13.5526
(25, 1): 0.1331, 4.4200, 4.6320
(25, 2): 0.1331, 4.4200, 4.6320
(25, 3): 0.1729, 4.4100, 23.0308
(25, 4): 0.2137, 4.4100, 31.9442
(25, 5): 0.2154, 4.4300, 38.2601
(25, 6): 0.2176, 4.4200, 48.3557
(25, 7): 0.1384, 4.4100, 29.3650
(25, 8): 0.1958, 4.4100, 48.2778
(25, 9): 0.1895, 4.4200, 55.9736
(25, 10): 0.1857, 4.4100, 58.4916
(25, 11): 0.2179, 4.4100, 57.6975
(25, 12): 0.1865, 4.4100, 59.4778
(25, 13): 0.1913, 4.4100, 56.1801
(25, 14): 0.2074, 4.4100, 56.2063
(25, 15): 0.2168, 4.4200, 55.9985
(25, 16): 0.2063, 4.4100, 56.4741
(25, 17): 0.2157, 4.4100, 55.5632
(25, 18): 0.1983, 4.4100, 59.1856
(25, 19): 0.2143, 4.4400, 55.8166
(25, 20): 0.2247, 4.4100, 54.4994
(25, 21): 0.2524, 4.4100, 51.0827
(25, 22): 0.1547, 4.4100, 23.8738
(25, 23): 0.1547, 4.4100, 23.8738
(25, 24): 0.1547, 4.4100, 23.8738
(25, 25): 0.1547, 4.4100, 23.8738
(25, 26): 0.1547, 4.4100, 23.8738
(25, 27): 0.1547, 4.4100, 23.8738
(26, 1): 0.1331, 4.4200, 4.6320
(26, 2): 0.1331, 4.4200, 4.6320
(26, 3): 0.1729, 4.4100, 23.0308
(26, 4): 0.1859, 4.4100, 32.8710
(26, 5): 0.1644, 4.4100, 31.8431
(26, 6): 0.1446, 4.4100, 28.8823
(26, 7): 0.1950, 4.4200, 50.2877
(26, 8): 0.1903, 4.4100, 58.4342
(26, 9): 0.1699, 4.4300, 62.2772
(26, 10): 0.1856, 4.4300, 59.6913
(26, 11): 0.1969, 4.4100, 59.0667
(26, 12): 0.1734, 4.4100, 59.6472
(26, 13): 0.2379, 4.4100, 54.5051
(26, 14): 0.2433, 4.4100, 54.7717
(26, 15): 0.2055, 4.4200, 56.6003
(26, 16): 0.1879, 4.4200, 57.6975
(26, 17): 0.2028, 4.4100, 55.9514
(26, 18): 0.2184, 4.4100, 54.7764
(26, 19): 0.2230, 4.4100, 53.5688
(26, 20): 0.2326, 4.4100, 52.6016
(26, 21): 0.2471, 4.4200, 51.5309
(26, 22): 0.2456, 4.4300, 39.1272
(26, 23): 0.2456, 4.4300, 39.1272
(26, 24): 0.2456, 4.4300, 39.1272
(26, 25): 0.2456, 4.4300, 39.1272
(26, 26): 0.2456, 4.4300, 39.1272
(26, 27): 0.2456, 4.4300, 39.1272
(27, 1): 0.1515, 4.4100, 23.3274
(27, 2): 0.1515, 4.4100, 23.3274
(27, 3): 0.2098, 4.4200, 53.7142
(27, 4): 0.2111, 4.4400, 57.5850
(27, 5): 0.2016, 4.4300, 61.2438
(27, 6): 0.1561, 4.4400, 49.7208
(27, 7): 0.1463, 4.4100, 20.0086
(27, 8): 0.1843, 4.4200, 48.8690
(27, 9): 0.1761, 4.4100, 46.1954
(27, 10): 0.1787, 4.4100, 47.5916
(27, 11): 0.1874, 4.4100, 46.3426
(27, 12): 0.1236, 4.4100, 28.7505
(27, 13): 0.2065, 4.4100, 46.2035
(27, 14): 0.1506, 4.4200, 40.2907
(27, 15): 0.2151, 4.4100, 56.0469
(27, 16): 0.2015, 4.4100, 56.2569
(27, 17): 0.2055, 4.4200, 55.5936
(27, 18): 0.2284, 4.4100, 53.5208
(27, 19): 0.2155, 4.4100, 54.4801
(27, 20): 0.2591, 4.4100, 50.2231
(27, 21): 0.2673, 4.4300, 50.2987
(27, 22): 0.2110, 4.4100, 42.4976
(27, 23): 0.2110, 4.4100, 42.4976
(27, 24): 0.2110, 4.4100, 42.4976
(27, 25): 0.2110, 4.4100, 42.4976
(27, 26): 0.2110, 4.4100, 42.4976
(27, 27): 0.2110, 4.4100, 42.4976
(28, 1): 0.1440, 4.4100, 4.6585
(28, 2): 0.1440, 4.4100, 4.6585
(28, 3): 0.1635, 4.4100, 27.7809
(28, 4): 0.1590, 4.4100, 30.2053
(28, 5): 0.1811, 4.4200, 48.3596
(28, 6): 0.1291, 4.4300, 28.7263
(28, 7): 0.1442, 4.4300, 29.0764
(28, 8): 0.1893, 4.4100, 41.6140
(28, 9): 0.1903, 4.4100, 33.3133
(28, 10): 0.1787, 4.4100, 47.5916
(28, 11): 0.1874, 4.4100, 46.3426
(28, 12): 0.1236, 4.4100, 28.7505
(28, 13): 0.1155, 4.4100, 13.7355
(28, 14): 0.1155, 4.4100, 13.7355
(28, 15): 0.2413, 4.4200, 52.0373
(28, 16): 0.2306, 4.4100, 54.6793
(28, 17): 0.2172, 4.4100, 54.6735
(28, 18): 0.2276, 4.4200, 52.8790
(28, 19): 0.2267, 4.4100, 51.9986
(28, 20): 0.2474, 4.4100, 50.7987
(28, 21): 0.2717, 4.4100, 50.0360
(28, 22): 0.1668, 4.4100, 24.1025
(28, 23): 0.1668, 4.4100, 24.1025
(28, 24): 0.1668, 4.4100, 24.1025
(28, 25): 0.1668, 4.4100, 24.1025
(28, 26): 0.1668, 4.4100, 24.1025
(28, 27): 0.1668, 4.4100, 24.1025
(29, 1): 0.2599, 4.4100, 51.0285
(29, 2): 0.2599, 4.4100, 51.0285
(29, 3): 0.2131, 4.4100, 61.2581
(29, 4): 0.2034, 4.4100, 49.8721
(29, 5): 0.1951, 4.4400, 42.2731
(29, 6): 0.2142, 4.4200, 59.0677
(29, 7): 0.1971, 4.4200, 48.1296
(29, 8): 0.1629, 4.4100, 4.5273
(29, 9): 0.1903, 4.4100, 33.3133
(29, 10): 0.1903, 4.4100, 33.3133
(29, 11): 0.1874, 4.4100, 46.3426
(29, 12): 0.1236, 4.4100, 28.7505
(29, 13): 0.1155, 4.4100, 13.7355
(29, 14): 0.1155, 4.4100, 13.7355
(29, 15): 0.1073, 4.4200, 10.2936
(29, 16): 0.1669, 4.4300, 25.1197
(29, 17): 0.1084, 4.4300, 4.6807
(29, 18): 0.1968, 4.4200, 42.6439
(29, 19): 0.2309, 4.4100, 52.1365
(29, 20): 0.2626, 4.4100, 49.4537
(29, 21): 0.2409, 4.4100, 51.7760
(29, 22): 0.1161, 4.4100, 13.0923
(29, 23): 0.1161, 4.4100, 13.0923
(29, 24): 0.1161, 4.4100, 13.0923
(29, 25): 0.1161, 4.4100, 13.0923
(29, 26): 0.1161, 4.4100, 13.0923
(29, 27): 0.1161, 4.4100, 13.0923
(30, 1): 0.2321, 4.4100, 33.3935
(30, 2): 0.2321, 4.4100, 33.3935
(30, 3): 0.1702, 4.4100, 16.2999
(30, 4): 0.1455, 4.4100, 13.8601
(30, 5): 0.1996, 4.4100, 51.7217
(30, 6): 0.2102, 4.4100, 45.2323
(30, 7): 0.1517, 4.4200, 13.1851
(30, 8): 0.1629, 4.4100, 4.5273
(30, 9): 0.1629, 4.4100, 4.5273
(30, 10): 0.1903, 4.4100, 33.3133
(30, 11): 0.1903, 4.4100, 33.3133
(30, 12): 0.1155, 4.4100, 13.7355
(30, 13): 0.1155, 4.4100, 13.7355
(30, 14): 0.1073, 4.4200, 10.2936
(30, 15): 0.1073, 4.4200, 10.2936
(30, 16): 0.1669, 4.4300, 25.1197
(30, 17): 0.1084, 4.4300, 4.6807
(30, 18): 0.1209, 4.4200, 12.8417
(30, 19): 0.1209, 4.4200, 12.8417
(30, 20): 0.2205, 4.4300, 43.0173
(30, 21): 0.2520, 4.4100, 46.8421
(30, 22): 0.1446, 4.4100, 16.0812
(30, 23): 0.1446, 4.4100, 16.0812
(30, 24): 0.1446, 4.4100, 16.0812
(30, 25): 0.1446, 4.4100, 16.0812
(30, 26): 0.1446, 4.4100, 16.0812
(30, 27): 0.1446, 4.4100, 16.0812
(31, 1): 0.2321, 4.4100, 33.3935
(31, 2): 0.2321, 4.4100, 33.3935
(31, 3): 0.1702, 4.4100, 16.2999
(31, 4): 0.1455, 4.4100, 13.8601
(31, 5): 0.1996, 4.4100, 51.7217
(31, 6): 0.2102, 4.4100, 45.2323
(31, 7): 0.1517, 4.4200, 13.1851
(31, 8): 0.1517, 4.4200, 13.1851
(31, 9): 0.1629, 4.4100, 4.5273
(31, 10): 0.1629, 4.4100, 4.5273
(31, 11): 0.1903, 4.4100, 33.3133
(31, 12): 0.1155, 4.4100, 13.7355
(31, 13): 0.1073, 4.4200, 10.2936
(31, 14): 0.1073, 4.4200, 10.2936
(31, 15): 0.1073, 4.4200, 10.2936
(31, 16): 0.1669, 4.4300, 25.1197
(31, 17): 0.1084, 4.4300, 4.6807
(31, 18): 0.1093, 4.4100, 8.9746
(31, 19): 0.1093, 4.4100, 8.9746
(31, 20): 0.2120, 4.4200, 48.0004
(31, 21): 0.1225, 4.4100, 12.7961
(31, 22): 0.1225, 4.4100, 12.7961
(31, 23): 0.0813, 4.4100, 9.6084
(31, 24): 0.0813, 4.4100, 9.6084
(31, 25): 0.0813, 4.4100, 9.6084
(31, 26): 0.0813, 4.4100, 9.6084
(31, 27): 0.0813, 4.4100, 9.6084
(32, 1): 0.2321, 4.4100, 33.3935
(32, 2): 0.2321, 4.4100, 33.3935
(32, 3): 0.1702, 4.4100, 16.2999
(32, 4): 0.1455, 4.4100, 13.8601
(32, 5): 0.1996, 4.4100, 51.7217
(32, 6): 0.2102, 4.4100, 45.2323
(32, 7): 0.1517, 4.4200, 13.1851
(32, 8): 0.1517, 4.4200, 13.1851
(32, 9): 0.1517, 4.4200, 13.1851
(32, 10): 0.1629, 4.4100, 4.5273
(32, 11): 0.1629, 4.4100, 4.5273
(32, 12): 0.1073, 4.4200, 10.2936
(32, 13): 0.1073, 4.4200, 10.2936
(32, 14): 0.1073, 4.4200, 10.2936
(32, 15): 0.1073, 4.4200, 10.2936
(32, 16): 0.1669, 4.4300, 25.1197
(32, 17): 0.1105, 4.4400, 13.7947
(32, 18): 0.1105, 4.4400, 13.7947
(32, 19): 0.1105, 4.4400, 13.7947
(32, 20): 0.2204, 4.4200, 55.6486
(32, 21): 0.1661, 4.4100, 38.3358
(32, 22): 0.0813, 4.4100, 9.6084
(32, 23): 0.0813, 4.4100, 9.6084
(32, 24): 0.0813, 4.4100, 9.6084
(32, 25): 0.0813, 4.4100, 9.6084
(32, 26): 0.0813, 4.4100, 9.6084
(32, 27): 0.0813, 4.4100, 9.6084
(33, 1): 0.2321, 4.4100, 33.3935
(33, 2): 0.2321, 4.4100, 33.3935
(33, 3): 0.1702, 4.4100, 16.2999
(33, 4): 0.1455, 4.4100, 13.8601
(33, 5): 0.1996, 4.4100, 51.7217
(33, 6): 0.2102, 4.4100, 45.2323
(33, 7): 0.1517, 4.4200, 13.1851
(33, 8): 0.1517, 4.4200, 13.1851
(33, 9): 0.1517, 4.4200, 13.1851
(33, 10): 0.1517, 4.4200, 13.1851
(33, 11): 0.1629, 4.4100, 4.5273
(33, 12): 0.1073, 4.4200, 10.2936
(33, 13): 0.1073, 4.4200, 10.2936
(33, 14): 0.1073, 4.4200, 10.2936
(33, 15): 0.1073, 4.4200, 10.2936
(33, 16): 0.1834, 4.4100, 35.7401
(33, 17): 0.1834, 4.4100, 35.7401
(33, 18): 0.1834, 4.4100, 35.7401
(33, 19): 0.1834, 4.4100, 35.7401
(33, 20): 0.2330, 4.4200, 57.0763
(33, 21): 0.2200, 4.4600, 56.5641
(33, 22): 0.1308, 4.4091, 25.5077
(33, 23): 0.1308, 4.4091, 25.5077
(33, 24): 0.1308, 4.4091, 25.5077
(33, 25): 0.1308, 4.4091, 25.5077
(33, 26): 0.1308, 4.4091, 25.5077
(33, 27): 0.1308, 4.4091, 25.5077
(34, 1): 0.2321, 4.4100, 33.3935
(34, 2): 0.2321, 4.4100, 33.3935
(34, 3): 0.1702, 4.4100, 16.2999
(34, 4): 0.1455, 4.4100, 13.8601
(34, 5): 0.1996, 4.4100, 51.7217
(34, 6): 0.2102, 4.4100, 45.2323
(34, 7): 0.1517, 4.4200, 13.1851
(34, 8): 0.1517, 4.4200, 13.1851
(34, 9): 0.1517, 4.4200, 13.1851
(34, 10): 0.1517, 4.4200, 13.1851
(34, 11): 0.1517, 4.4200, 13.1851
(34, 12): 0.1073, 4.4200, 10.2936
(34, 13): 0.1073, 4.4200, 10.2936
(34, 14): 0.1922, 4.4100, 30.8845
(34, 15): 0.1922, 4.4100, 30.8845
(34, 16): 0.1922, 4.4100, 30.8845
(34, 17): 0.1922, 4.4100, 30.8845
(34, 18): 0.1922, 4.4100, 30.8845
(34, 19): 0.1922, 4.4100, 30.8845
(34, 20): 0.2246, 4.4100, 57.8791
(34, 21): 0.2235, 4.4500, 57.2434
(34, 22): 0.0994, 4.4200, 9.9211
(34, 23): 0.0994, 4.4200, 9.9211
(34, 24): 0.0994, 4.4200, 9.9211
(34, 25): 0.0994, 4.4200, 9.9211
(34, 26): 0.0994, 4.4200, 9.9211
(34, 27): 0.0994, 4.4200, 9.9211
