(20, 13): 1.6000, 0.0200, 7.9648, 0.0176
(20, 14): 1.6640, 0.0200, 7.8096, 0.0201
(20, 15): 1.8988, 0.0200, 7.2829, 0.0109
(20, 16): 2.0867, 0.0200, 5.4965, 0.0209
(20, 17): 2.3302, 0.0200, 3.9485, 0.0100
(20, 18): 2.1223, 0.0200, 5.5467, 0.0167
(20, 19): 1.7123, 0.0200, 9.0858, 0.0276
(20, 20): 1.4649, 0.0200, 11.3593, 0.0176
(20, 21): 1.1504, 0.0200, 14.5638, 0.0092
(20, 22): 1.5844, 0.0200, 8.1066, 0.0125
(20, 23): 1.3250, 0.0200, 10.9036, 0.0100
(20, 24): 1.8669, 0.0200, 5.8732, 0.0151
(20, 25): 1.5507, 0.0200, 9.1421, 0.0109
(20, 26): 0.9327, 0.0200, 3.8684, 0.0125
(20, 27): nan, nan, nan, 0.0000
(26, 16): 2.3222, 0.0200, 3.9075, 0.0301
(26, 17): 1.8964, 0.0200, 6.4863, 0.0176
(26, 18): 1.8583, 0.0200, 6.7762, 0.0167
(26, 19): 1.8127, 0.0200, 7.4401, 0.0209
(26, 20): 2.0241, 0.0200, 5.6532, 0.0176
(26, 21): 1.6935, 0.0200, 8.5578, 0.0067
(26, 22): 1.4028, 0.0200, 8.9972, 0.0109
(26, 23): nan, nan, nan, 0.0000
(26, 24): nan, nan, nan, 0.0000
(26, 25): nan, nan, nan, 0.0000
(26, 26): nan, nan, nan, 0.0000
(26, 27): nan, nan, nan, 0.0000
(27, 1): nan, nan, nan, 0.0000
(27, 2): 2.2185, 0.0200, 1.3752, 0.0318
(27, 3): 2.6421, 0.0200, 2.3749, 0.0125
(24, 25): nan, nan, nan, 0.0000
(24, 26): nan, nan, nan, 0.0000
(24, 27): nan, nan, nan, 0.0000
(25, 1): nan, nan, nan, 0.0000
(25, 2): nan, nan, nan, 0.0000
(25, 3): nan, nan, nan, 0.0000
(25, 4): 2.2442, 0.0200, 2.0362, 0.0100
(25, 5): 2.3573, 0.0200, 2.4022, 0.0142
(25, 6): 2.5508, 0.0200, 2.4568, 0.0209
(25, 7): 2.4602, 0.0200, 1.2764, 0.0242
(25, 8): 2.7778, 0.0200, 1.6230, 0.0209
(25, 9): 2.4454, 0.0200, 2.6024, 0.0192
(25, 10): 2.4114, 0.0200, 2.3102, 0.0075
(25, 11): 2.8331, 0.0200, 1.6349, 0.0184
(25, 12): 2.3731, 0.0200, 3.1563, 0.0159
(7, 4): nan, nan, nan, 0.0000
(7, 5): nan, nan, nan, 0.0000
(7, 6): nan, nan, nan, 0.0000
(7, 7): nan, nan, nan, 0.0000
(7, 8): nan, nan, nan, 0.0000
(7, 9): nan, nan, nan, 0.0000
(7, 10): 1.0888, 0.0200, 1.1926, 0.0159
(7, 11): 1.8343, 0.0200, 2.0072, 0.0151
(7, 12): nan, nan, nan, 0.0000
(7, 13): nan, nan, nan, 0.0000
(7, 14): nan, nan, nan, 0.0000
(7, 15): 2.3733, 0.0200, 2.5366, 0.0125
(7, 16): 2.7232, 0.0200, 1.7809, 0.0142
(7, 17): 2.5068, 0.0200, 2.9241, 0.0151
(7, 18): 2.3136, 0.0200, 4.0475, 0.0109
(37, 4): nan, nan, nan, 0.0000
(37, 5): nan, nan, nan, 0.0000
(37, 6): nan, nan, nan, 0.0000
(37, 7): nan, nan, nan, 0.0000
(37, 8): nan, nan, nan, 0.0000
(37, 9): nan, nan, nan, 0.0000
(37, 10): nan, nan, nan, 0.0000
(37, 11): nan, nan, nan, 0.0000
(37, 12): nan, nan, nan, 0.0000
(37, 13): nan, nan, nan, 0.0000
(37, 14): nan, nan, nan, 0.0000
(37, 15): nan, nan, nan, 0.0000
(37, 16): nan, nan, nan, 0.0000
(37, 17): nan, nan, nan, 0.0000
(37, 18): nan, nan, nan, 0.0000
(37, 19): nan, nan, nan, 0.0000
(37, 20): nan, nan, nan, 0.0000
(37, 21): nan, nan, nan, 0.0000
(37, 22): nan, nan, nan, 0.0000
(37, 23): nan, nan, nan, 0.0000
(37, 24): nan, nan, nan, 0.0000
(37, 25): nan, nan, nan, 0.0000
(37, 26): nan, nan, nan, 0.0000
(37, 27): nan, nan, nan, 0.0000
(2, 19): nan, nan, nan, 0.0000
(2, 20): 1.4565, 0.0200, 1.4713, 0.0100
(2, 21): 1.5917, 0.0200, 1.2974, 0.0217
(2, 22): nan, nan, nan, 0.0000
(2, 23): nan, nan, nan, 0.0000
(2, 24): nan, nan, nan, 0.0000
(2, 25): nan, nan, nan, 0.0000
(2, 26): nan, nan, nan, 0.0000
(2, 27): nan, nan, nan, 0.0000
(3, 1): nan, nan, nan, 0.0000
(3, 2): nan, nan, nan, 0.0000
(3, 3): nan, nan, nan, 0.0000
(3, 4): nan, nan, nan, 0.0000
(3, 5): nan, nan, nan, 0.0000
(3, 6): nan, nan, nan, 0.0000
(32, 19): 1.2858, 0.0200, 3.0286, 0.0109
(32, 20): 2.1395, 0.0200, 4.8028, 0.0134
(32, 21): 2.0068, 0.0200, 3.9682, 0.0109
(32, 22): 1.1945, 0.0200, 2.2182, 0.0184
(32, 23): nan, nan, nan, 0.0000
(32, 24): nan, nan, nan, 0.0000
(32, 25): nan, nan, nan, 0.0000
(32, 26): nan, nan, nan, 0.0000
(32, 27): nan, nan, nan, 0.0000
(33, 1): nan, nan, nan, 0.0000
(33, 2): nan, nan, nan, 0.0000
(33, 3): nan, nan, nan, 0.0000
(33, 4): nan, nan, nan, 0.0000
(33, 5): nan, nan, nan, 0.0000
(33, 6): nan, nan, nan, 0.0000
(4, 10): nan, nan, nan, 0.0000
(4, 11): nan, nan, nan, 0.0000
(4, 12): nan, nan, nan, 0.0000
(4, 13): 1.9368, 0.0200, 1.1232, 0.0209
(4, 14): 2.3631, 0.0200, 1.3936, 0.0201
(4, 15): 1.7945, 0.0200, 1.4334, 0.0176
(4, 16): 1.9837, 0.0200, 1.2610, 0.0184
(4, 17): 1.8861, 0.0200, 1.2763, 0.0209
(4, 18): 2.1188, 0.0200, 3.0571, 0.0234
(4, 19): 1.8888, 0.0200, 5.0732, 0.0125
(4, 20): 2.0038, 0.0200, 5.5875, 0.0100
(4, 21): 2.2528, 0.0200, 4.5813, 0.0125
(4, 22): 1.9267, 0.0200, 6.3801, 0.0134
(4, 23): 1.9977, 0.0200, 5.7018, 0.0100
(4, 24): 2.0880, 0.0200, 5.4790, 0.0151
(32, 4): nan, nan, nan, 0.0000
(32, 5): nan, nan, nan, 0.0000
(32, 6): nan, nan, nan, 0.0000
(32, 7): nan, nan, nan, 0.0000
(32, 8): nan, nan, nan, 0.0000
(32, 9): nan, nan, nan, 0.0000
(32, 10): nan, nan, nan, 0.0000
(32, 11): nan, nan, nan, 0.0000
(32, 12): nan, nan, nan, 0.0000
(32, 13): nan, nan, nan, 0.0000
(32, 14): nan, nan, nan, 0.0000
(32, 15): nan, nan, nan, 0.0000
(32, 16): nan, nan, nan, 0.0000
(32, 17): nan, nan, nan, 0.0000
(32, 18): nan, nan, nan, 0.0000
(36, 16): nan, nan, nan, 0.0000
(36, 17): nan, nan, nan, 0.0000
(36, 18): nan, nan, nan, 0.0000
(36, 19): nan, nan, nan, 0.0000
(36, 20): nan, nan, nan, 0.0000
(36, 21): nan, nan, nan, 0.0000
(36, 22): nan, nan, nan, 0.0000
(36, 23): nan, nan, nan, 0.0000
(36, 24): nan, nan, nan, 0.0000
(36, 25): nan, nan, nan, 0.0000
(36, 26): nan, nan, nan, 0.0000
(36, 27): nan, nan, nan, 0.0000
(37, 1): nan, nan, nan, 0.0000
(37, 2): nan, nan, nan, 0.0000
(37, 3): nan, nan, nan, 0.0000
(13, 22): 1.6168, 0.0200, 9.0719, 0.0109
(13, 23): 1.6948, 0.0200, 8.4365, 0.0142
(13, 24): 1.5953, 0.0200, 8.4104, 0.0092
(13, 25): 0.8205, 0.0200, 1.6672, 0.0234
(13, 26): nan, nan, nan, 0.0000
(13, 27): nan, nan, nan, 0.0000
(14, 1): nan, nan, nan, 0.0000
(14, 2): nan, nan, nan, 0.0000
(14, 3): nan, nan, nan, 0.0000
(14, 4): nan, nan, nan, 0.0000
(14, 5): nan, nan, nan, 0.0000
(14, 6): nan, nan, nan, 0.0000
(14, 7): nan, nan, nan, 0.0000
(14, 8): nan, nan, nan, 0.0000
(14, 9): nan, nan, nan, 0.0000
(11, 1): nan, nan, nan, 0.0000
(11, 2): nan, nan, nan, 0.0000
(11, 3): nan, nan, nan, 0.0000
(11, 4): nan, nan, nan, 0.0000
(11, 5): nan, nan, nan, 0.0000
(11, 6): nan, nan, nan, 0.0000
(11, 7): nan, nan, nan, 0.0000
(11, 8): nan, nan, nan, 0.0000
(11, 9): nan, nan, nan, 0.0000
(11, 10): 2.2319, 0.0200, 2.9206, 0.0159
(11, 11): 1.9971, 0.0200, 4.7929, 0.0192
(11, 12): 2.1180, 0.0200, 4.0209, 0.0192
(11, 13): 1.2685, 0.0200, 3.1648, 0.0192
(11, 14): nan, nan, nan, 0.0000
(11, 15): nan, nan, nan, 0.0000
(1, 16): nan, nan, nan, 0.0000
(1, 17): nan, nan, nan, 0.0000
(1, 18): nan, nan, nan, 0.0000
(1, 19): nan, nan, nan, 0.0000
(1, 20): nan, nan, nan, 0.0000
(1, 21): nan, nan, nan, 0.0000
(1, 22): nan, nan, nan, 0.0000
(1, 23): nan, nan, nan, 0.0000
(1, 24): nan, nan, nan, 0.0000
(1, 25): nan, nan, nan, 0.0000
(1, 26): nan, nan, nan, 0.0000
(1, 27): nan, nan, nan, 0.0000
(2, 1): nan, nan, nan, 0.0000
(2, 2): nan, nan, nan, 0.0000
(2, 3): nan, nan, nan, 0.0000
(17, 19): 1.9517, 0.0200, 6.4591, 0.0109
(17, 20): 1.8960, 0.0200, 6.5410, 0.0117
(17, 21): 1.8408, 0.0200, 6.3951, 0.0167
(17, 22): 1.4388, 0.0200, 10.7118, 0.0125
(17, 23): 1.5469, 0.0200, 9.7561, 0.0109
(17, 24): 1.3828, 0.0200, 12.3710, 0.0142
(17, 25): 1.7428, 0.0200, 8.3490, 0.0142
(17, 26): 1.7055, 0.0200, 6.7515, 0.0167
(17, 27): nan, nan, nan, 0.0000
(18, 1): nan, nan, nan, 0.0000
(18, 2): nan, nan, nan, 0.0000
(18, 3): nan, nan, nan, 0.0000
(18, 4): nan, nan, nan, 0.0000
(18, 5): nan, nan, nan, 0.0000
(18, 6): nan, nan, nan, 0.0000
(11, 16): 1.1902, 0.0200, 1.9577, 0.0201
(11, 17): 2.5972, 0.0200, 2.1868, 0.0201
(11, 18): 2.2306, 0.0200, 4.7520, 0.0176
(11, 19): 2.1447, 0.0200, 5.2980, 0.0134
(11, 20): 1.9796, 0.0200, 6.1448, 0.0234
(11, 21): 2.1482, 0.0200, 5.0853, 0.0117
(11, 22): 1.9096, 0.0200, 6.3524, 0.0159
(11, 23): 1.7079, 0.0200, 9.0421, 0.0259
(11, 24): 1.6167, 0.0200, 10.2913, 0.0125
(11, 25): 1.8079, 0.0200, 8.0686, 0.0151
(11, 26): 1.7963, 0.0200, 7.7294, 0.0092
(11, 27): nan, nan, nan, 0.0000
(12, 1): nan, nan, nan, 0.0000
(12, 2): nan, nan, nan, 0.0000
(12, 3): nan, nan, nan, 0.0000
(9, 25): 1.7410, 0.0200, 8.6520, 0.0151
(9, 26): 1.6819, 0.0200, 9.0557, 0.0176
(9, 27): 1.4706, 0.0200, 2.1497, 0.0159
(10, 1): nan, nan, nan, 0.0000
(10, 2): nan, nan, nan, 0.0000
(10, 3): nan, nan, nan, 0.0000
(10, 4): nan, nan, nan, 0.0000
(10, 5): nan, nan, nan, 0.0000
(10, 6): nan, nan, nan, 0.0000
(10, 7): nan, nan, nan, 0.0000
(10, 8): nan, nan, nan, 0.0000
(10, 9): nan, nan, nan, 0.0000
(10, 10): 1.8631, 0.0200, 3.4302, 0.0100
(10, 11): 1.7633, 0.0200, 1.4899, 0.0226
(10, 12): 2.0748, 0.0200, 2.4740, 0.0109
(12, 19): 2.2369, 0.0200, 4.5525, 0.0159
(12, 20): 2.2336, 0.0200, 4.6837, 0.0151
(12, 21): 2.2680, 0.0200, 4.5125, 0.0125
(12, 22): 1.7117, 0.0200, 9.0020, 0.0142
(12, 23): 1.4132, 0.0200, 12.3878, 0.0151
(12, 24): 1.6063, 0.0200, 8.2390, 0.0192
(12, 25): 1.1083, 0.0200, 4.4754, 0.0192
(12, 26): 1.0783, 0.0200, 4.6341, 0.0067
(12, 27): nan, nan, nan, 0.0000
(13, 1): nan, nan, nan, 0.0000
(13, 2): nan, nan, nan, 0.0000
(13, 3): nan, nan, nan, 0.0000
(13, 4): nan, nan, nan, 0.0000
(13, 5): nan, nan, nan, 0.0000
(13, 6): nan, nan, nan, 0.0000
(36, 1): nan, nan, nan, 0.0000
(36, 2): nan, nan, nan, 0.0000
(36, 3): nan, nan, nan, 0.0000
(36, 4): nan, nan, nan, 0.0000
(36, 5): nan, nan, nan, 0.0000
(36, 6): nan, nan, nan, 0.0000
(36, 7): nan, nan, nan, 0.0000
(36, 8): nan, nan, nan, 0.0000
(36, 9): nan, nan, nan, 0.0000
(36, 10): nan, nan, nan, 0.0000
(36, 11): nan, nan, nan, 0.0000
(36, 12): nan, nan, nan, 0.0000
(36, 13): nan, nan, nan, 0.0000
(36, 14): nan, nan, nan, 0.0000
(36, 15): nan, nan, nan, 0.0000
(13, 7): nan, nan, nan, 0.0000
(13, 8): nan, nan, nan, 0.0000
(13, 9): nan, nan, nan, 0.0000
(13, 10): 2.2766, 0.0200, 3.8365, 0.0176
(13, 11): 2.3561, 0.0200, 3.5248, 0.0201
(13, 12): 2.3384, 0.0200, 3.2025, 0.0184
(13, 13): 2.2197, 0.0200, 2.7767, 0.0184
(13, 14): 1.8632, 0.0200, 0.8067, 0.0176
(13, 15): nan, nan, nan, 0.0000
(13, 16): 1.6639, 0.0200, 0.8924, 0.0268
(13, 17): 2.6249, 0.0200, 1.5544, 0.0167
(13, 18): 2.2916, 0.0200, 3.7193, 0.0151
(13, 19): 2.2489, 0.0200, 4.2913, 0.0109
(13, 20): 2.1595, 0.0200, 4.9441, 0.0134
(13, 21): 2.4456, 0.0200, 2.9089, 0.0125
(21, 1): nan, nan, nan, 0.0000
(21, 2): nan, nan, nan, 0.0000
(21, 3): nan, nan, nan, 0.0000
(21, 4): nan, nan, nan, 0.0000
(21, 5): nan, nan, nan, 0.0000
(21, 6): 1.1067, 0.0200, 3.3354, 0.0167
(21, 7): 2.5205, 0.0200, 2.1635, 0.0176
(21, 8): 2.5003, 0.0200, 2.6821, 0.0100
(21, 9): 2.2668, 0.0200, 3.9702, 0.0209
(21, 10): 2.0261, 0.0200, 4.9008, 0.0226
(21, 11): 2.3586, 0.0200, 3.4026, 0.0125
(21, 12): 2.5367, 0.0200, 2.4980, 0.0109
(21, 13): 2.2006, 0.0200, 3.9267, 0.0100
(21, 14): 2.2096, 0.0200, 3.9729, 0.0100
(21, 15): 2.0704, 0.0200, 5.5209, 0.0142
(12, 4): nan, nan, nan, 0.0000
(12, 5): nan, nan, nan, 0.0000
(12, 6): nan, nan, nan, 0.0000
(12, 7): nan, nan, nan, 0.0000
(12, 8): nan, nan, nan, 0.0000
(12, 9): nan, nan, nan, 0.0000
(12, 10): 2.3244, 0.0200, 2.9029, 0.0184
(12, 11): 2.4188, 0.0200, 2.6535, 0.0176
(12, 12): 2.2286, 0.0200, 3.3850, 0.0159
(12, 13): 2.2304, 0.0200, 2.6581, 0.0176
(12, 14): 2.1507, 0.0200, 1.8114, 0.0092
(12, 15): nan, nan, nan, 0.0000
(12, 16): 1.4192, 0.0200, 2.6661, 0.0234
(12, 17): 2.7750, 0.0200, 2.0197, 0.0167
(12, 18): 2.5743, 0.0200, 3.1084, 0.0176
(29, 25): nan, nan, nan, 0.0000
(29, 26): nan, nan, nan, 0.0000
(29, 27): nan, nan, nan, 0.0000
(30, 1): nan, nan, nan, 0.0000
(30, 2): 1.5730, 0.0200, 5.3448, 0.0176
(30, 3): 1.4365, 0.0200, 2.7609, 0.0176
(30, 4): 1.3952, 0.0200, 2.2405, 0.0142
(30, 5): 2.3962, 0.0200, 2.5660, 0.0125
(30, 6): 2.0757, 0.0200, 3.7752, 0.0134
(30, 7): 1.3205, 0.0200, 2.5999, 0.0176
(30, 8): nan, nan, nan, 0.0000
(30, 9): nan, nan, nan, 0.0000
(30, 10): nan, nan, nan, 0.0000
(30, 11): nan, nan, nan, 0.0000
(30, 12): nan, nan, nan, 0.0000
(5, 13): 1.9736, 0.0200, 1.3875, 0.0217
(5, 14): nan, nan, nan, 0.0000
(5, 15): nan, nan, nan, 0.0000
(5, 16): 2.4174, 0.0200, 1.7450, 0.0201
(5, 17): 2.5026, 0.0200, 2.8594, 0.0134
(5, 18): 2.5672, 0.0200, 2.8101, 0.0192
(5, 19): 1.9861, 0.0200, 6.1718, 0.0176
(5, 20): 2.1234, 0.0200, 5.1943, 0.0167
(5, 21): 1.9852, 0.0200, 6.2023, 0.0134
(5, 22): 2.3515, 0.0200, 3.4510, 0.0217
(5, 23): 2.3983, 0.0200, 3.4744, 0.0201
(5, 24): 1.7049, 0.0200, 9.1064, 0.0176
(5, 25): 2.2310, 0.0200, 3.9624, 0.0092
(5, 26): 1.6023, 0.0200, 8.5063, 0.0159
(5, 27): 1.3826, 0.0200, 2.8910, 0.0167
(35, 13): nan, nan, nan, 0.0000
(35, 14): nan, nan, nan, 0.0000
(35, 15): nan, nan, nan, 0.0000
(35, 16): nan, nan, nan, 0.0000
(35, 17): nan, nan, nan, 0.0000
(35, 18): nan, nan, nan, 0.0000
(35, 19): nan, nan, nan, 0.0000
(35, 20): nan, nan, nan, 0.0000
(35, 21): nan, nan, nan, 0.0000
(35, 22): nan, nan, nan, 0.0000
(35, 23): nan, nan, nan, 0.0000
(35, 24): nan, nan, nan, 0.0000
(35, 25): nan, nan, nan, 0.0000
(35, 26): nan, nan, nan, 0.0000
(35, 27): nan, nan, nan, 0.0000
(24, 10): 2.6618, 0.0200, 2.1318, 0.0134
(24, 11): 2.4552, 0.0200, 3.2283, 0.0192
(24, 12): 2.3441, 0.0200, 3.2362, 0.0234
(24, 13): 2.1080, 0.0200, 4.4391, 0.0100
(24, 14): 2.0611, 0.0200, 4.7648, 0.0117
(24, 15): 1.9978, 0.0200, 4.8061, 0.0209
(24, 16): 2.1790, 0.0200, 4.1069, 0.0159
(24, 17): 1.8947, 0.0200, 6.3705, 0.0151
(24, 18): 2.0145, 0.0200, 5.6240, 0.0142
(24, 19): 1.5695, 0.0200, 10.0775, 0.0159
(24, 20): 1.4141, 0.0200, 11.7663, 0.0084
(24, 21): 1.2929, 0.0200, 7.7999, 0.0075
(24, 22): nan, nan, nan, 0.0000
(24, 23): nan, nan, nan, 0.0000
(24, 24): nan, nan, nan, 0.0000
(28, 7): 1.7923, 0.0200, 3.1089, 0.0184
(28, 8): 2.1868, 0.0200, 2.5411, 0.0184
(28, 9): 1.5885, 0.0200, 4.7842, 0.0134
(28, 10): nan, nan, nan, 0.0000
(28, 11): nan, nan, nan, 0.0000
(28, 12): nan, nan, nan, 0.0000
(28, 13): nan, nan, nan, 0.0000
(28, 14): 1.4112, 0.0200, 2.4656, 0.0176
(28, 15): 2.0634, 0.0200, 4.9159, 0.0184
(28, 16): 1.4890, 0.0200, 10.5003, 0.0159
(28, 17): 1.4836, 0.0200, 10.5518, 0.0109
(28, 18): 1.3156, 0.0200, 13.4700, 0.0125
(28, 19): 1.2891, 0.0200, 13.5445, 0.0084
(28, 20): 2.0267, 0.0200, 5.2247, 0.0142
(28, 21): 1.5435, 0.0200, 9.5672, 0.0176
(25, 13): 2.2742, 0.0200, 3.4355, 0.0318
(25, 14): 2.5725, 0.0200, 2.3525, 0.0242
(25, 15): 2.0231, 0.0200, 5.7333, 0.0176
(25, 16): 1.7737, 0.0200, 7.6935, 0.0142
(25, 17): 2.2509, 0.0200, 3.7844, 0.0217
(25, 18): 1.7465, 0.0200, 7.8734, 0.0167
(25, 19): 1.4578, 0.0200, 11.2911, 0.0109
(25, 20): 1.7278, 0.0200, 7.8128, 0.0151
(25, 21): 1.8409, 0.0200, 6.7361, 0.0167
(25, 22): 1.5132, 0.0200, 3.8973, 0.0159
(25, 23): nan, nan, nan, 0.0000
(25, 24): nan, nan, nan, 0.0000
(25, 25): nan, nan, nan, 0.0000
(25, 26): nan, nan, nan, 0.0000
(25, 27): nan, nan, nan, 0.0000
(4, 25): 1.7284, 0.0200, 4.2103, 0.0109
(4, 26): 1.3351, 0.0200, 1.5554, 0.0192
(4, 27): nan, nan, nan, 0.0000
(5, 1): nan, nan, nan, 0.0000
(5, 2): nan, nan, nan, 0.0000
(5, 3): nan, nan, nan, 0.0000
(5, 4): nan, nan, nan, 0.0000
(5, 5): nan, nan, nan, 0.0000
(5, 6): nan, nan, nan, 0.0000
(5, 7): nan, nan, nan, 0.0000
(5, 8): nan, nan, nan, 0.0000
(5, 9): nan, nan, nan, 0.0000
(5, 10): nan, nan, nan, 0.0000
(5, 11): nan, nan, nan, 0.0000
(5, 12): nan, nan, nan, 0.0000
(16, 16): 2.0544, 0.0200, 3.1805, 0.0167
(16, 17): 2.8195, 0.0200, 1.4839, 0.0100
(16, 18): 2.2349, 0.0200, 4.7149, 0.0184
(16, 19): 2.1494, 0.0200, 5.1328, 0.0176
(16, 20): 1.5751, 0.0200, 9.8901, 0.0134
(16, 21): 1.6608, 0.0200, 8.6400, 0.0092
(16, 22): 1.8812, 0.0200, 6.4739, 0.0084
(16, 23): 1.5301, 0.0200, 9.9914, 0.0100
(16, 24): 1.5031, 0.0200, 10.5111, 0.0109
(16, 25): 1.5820, 0.0200, 9.4337, 0.0142
(16, 26): 1.7174, 0.0200, 7.9824, 0.0159
(16, 27): 1.0036, 0.0200, 11.0872, 0.0109
(17, 1): nan, nan, nan, 0.0000
(17, 2): nan, nan, nan, 0.0000
(17, 3): nan, nan, nan, 0.0000
(8, 7): nan, nan, nan, 0.0000
(8, 8): nan, nan, nan, 0.0000
(8, 9): nan, nan, nan, 0.0000
(8, 10): 1.4695, 0.0200, 5.2910, 0.0251
(8, 11): 1.7833, 0.0200, 3.0782, 0.0159
(8, 12): nan, nan, nan, 0.0000
(8, 13): nan, nan, nan, 0.0000
(8, 14): 2.0765, 0.0200, 1.2008, 0.0176
(8, 15): 2.6564, 0.0200, 1.9885, 0.0151
(8, 16): 2.8017, 0.0200, 1.6579, 0.0176
(8, 17): 2.6254, 0.0200, 2.6028, 0.0176
(8, 18): 2.4913, 0.0200, 3.2476, 0.0192
(8, 19): 2.1054, 0.0200, 5.6465, 0.0184
(8, 20): 2.0024, 0.0200, 6.1865, 0.0117
(8, 21): 2.0539, 0.0200, 5.6909, 0.0092
(14, 10): 2.6168, 0.0200, 2.4443, 0.0192
(14, 11): 2.4651, 0.0200, 3.0148, 0.0142
(14, 12): 2.7344, 0.0200, 2.1949, 0.0134
(14, 13): 1.3133, 0.0200, 0.9653, 0.0226
(14, 14): nan, nan, nan, 0.0000
(14, 15): 1.5556, 0.0200, 0.6173, 0.0368
(14, 16): 1.4271, 0.0200, 6.6025, 0.0092
(14, 17): 2.5682, 0.0200, 2.1365, 0.0159
(14, 18): 2.7502, 0.0200, 1.9888, 0.0192
(14, 19): 2.0101, 0.0200, 5.8448, 0.0192
(14, 20): 2.3505, 0.0200, 3.5736, 0.0142
(14, 21): 1.8088, 0.0200, 7.4310, 0.0159
(14, 22): 2.1879, 0.0200, 4.5433, 0.0159
(14, 23): 1.6778, 0.0200, 8.4072, 0.0109
(14, 24): 1.3914, 0.0200, 11.0881, 0.0084
(27, 19): 1.5234, 0.0200, 10.6041, 0.0159
(27, 20): 1.5872, 0.0200, 9.6188, 0.0134
(27, 21): 1.6064, 0.0200, 8.9087, 0.0167
(27, 22): 1.9054, 0.0200, 4.4823, 0.0259
(27, 23): nan, nan, nan, 0.0000
(27, 24): nan, nan, nan, 0.0000
(27, 25): nan, nan, nan, 0.0000
(27, 26): nan, nan, nan, 0.0000
(27, 27): nan, nan, nan, 0.0000
(28, 1): nan, nan, nan, 0.0000
(28, 2): 1.2788, 0.0200, 0.9332, 0.0176
(28, 3): 2.1149, 0.0200, 2.0644, 0.0226
(28, 4): 2.0324, 0.0200, 2.0853, 0.0176
(28, 5): 1.7718, 0.0200, 5.8884, 0.0159
(28, 6): 1.6915, 0.0200, 3.3020, 0.0151
(18, 22): 1.3630, 0.0200, 12.4226, 0.0100
(18, 23): 1.6934, 0.0200, 8.6810, 0.0134
(18, 24): 1.4929, 0.0200, 11.4555, 0.0134
(18, 25): 1.3307, 0.0200, 12.0542, 0.0084
(18, 26): 1.0123, 0.0200, 3.8983, 0.0134
(18, 27): nan, nan, nan, 0.0000
(19, 1): nan, nan, nan, 0.0000
(19, 2): nan, nan, nan, 0.0000
(19, 3): nan, nan, nan, 0.0000
(19, 4): nan, nan, nan, 0.0000
(19, 5): nan, nan, nan, 0.0000
(19, 6): nan, nan, nan, 0.0000
(19, 7): nan, nan, nan, 0.0000
(19, 8): 2.2223, 0.0200, 2.0202, 0.0251
(19, 9): 2.6128, 0.0200, 2.4117, 0.0234
(1, 1): nan, nan, nan, 0.0000
(1, 2): nan, nan, nan, 0.0000
(1, 3): nan, nan, nan, 0.0000
(1, 4): nan, nan, nan, 0.0000
(1, 5): nan, nan, nan, 0.0000
(1, 6): nan, nan, nan, 0.0000
(1, 7): nan, nan, nan, 0.0000
(1, 8): nan, nan, nan, 0.0000
(1, 9): nan, nan, nan, 0.0000
(1, 10): nan, nan, nan, 0.0000
(1, 11): nan, nan, nan, 0.0000
(1, 12): nan, nan, nan, 0.0000
(1, 13): nan, nan, nan, 0.0000
(1, 14): nan, nan, nan, 0.0000
(1, 15): nan, nan, nan, 0.0000
(23, 22): nan, nan, nan, 0.0000
(23, 23): nan, nan, nan, 0.0000
(23, 24): nan, nan, nan, 0.0000
(23, 25): nan, nan, nan, 0.0000
(23, 26): nan, nan, nan, 0.0000
(23, 27): nan, nan, nan, 0.0000
(24, 1): nan, nan, nan, 0.0000
(24, 2): nan, nan, nan, 0.0000
(24, 3): nan, nan, nan, 0.0000
(24, 4): 1.7980, 0.0200, 1.2667, 0.0192
(24, 5): 1.9885, 0.0200, 2.1209, 0.0217
(24, 6): 2.0522, 0.0200, 2.0063, 0.0217
(24, 7): 2.7077, 0.0200, 2.0883, 0.0184
(24, 8): 2.0591, 0.0200, 3.6734, 0.0201
(24, 9): 2.5113, 0.0200, 2.8174, 0.0100
(31, 16): nan, nan, nan, 0.0000
(31, 17): nan, nan, nan, 0.0000
(31, 18): nan, nan, nan, 0.0000
(31, 19): 1.0048, 0.0200, 2.7655, 0.0125
(31, 20): 1.5191, 0.0200, 9.4919, 0.0092
(31, 21): 1.0351, 0.0200, 3.6533, 0.0176
(31, 22): nan, nan, nan, 0.0000
(31, 23): nan, nan, nan, 0.0000
(31, 24): nan, nan, nan, 0.0000
(31, 25): nan, nan, nan, 0.0000
(31, 26): nan, nan, nan, 0.0000
(31, 27): nan, nan, nan, 0.0000
(32, 1): nan, nan, nan, 0.0000
(32, 2): nan, nan, nan, 0.0000
(32, 3): nan, nan, nan, 0.0000
(15, 13): 2.1567, 0.0200, 1.6901, 0.0134
(15, 14): 1.2022, 0.0200, 1.0363, 0.0284
(15, 15): 2.7577, 0.0200, 1.5696, 0.0167
(15, 16): 3.1848, 0.0200, 1.0901, 0.0151
(15, 17): 2.5217, 0.0200, 1.8244, 0.0151
(15, 18): 2.8624, 0.0200, 1.5642, 0.0201
(15, 19): 2.3781, 0.0200, 3.8758, 0.0201
(15, 20): 2.3407, 0.0200, 3.7931, 0.0117
(15, 21): 1.5885, 0.0200, 9.6859, 0.0167
(15, 22): 1.6830, 0.0200, 8.1790, 0.0142
(15, 23): 1.5251, 0.0200, 9.6046, 0.0092
(15, 24): 1.7393, 0.0200, 7.4880, 0.0159
(15, 25): 1.5293, 0.0200, 10.1537, 0.0075
(15, 26): 1.5351, 0.0200, 10.3039, 0.0134
(15, 27): 1.3285, 0.0200, 8.1873, 0.0084
(18, 7): nan, nan, nan, 0.0000
(18, 8): 1.3937, 0.0200, 0.7641, 0.0360
(18, 9): 2.7377, 0.0200, 1.9392, 0.0293
(18, 10): 2.4791, 0.0200, 3.1020, 0.0176
(18, 11): 2.9095, 0.0200, 1.6425, 0.0151
(18, 12): 2.1937, 0.0200, 4.4627, 0.0167
(18, 13): 2.3100, 0.0200, 3.7718, 0.0159
(18, 14): 2.6719, 0.0200, 2.3596, 0.0159
(18, 15): 2.2921, 0.0200, 4.1493, 0.0159
(18, 16): 2.4296, 0.0200, 3.6104, 0.0184
(18, 17): 2.4612, 0.0200, 3.6240, 0.0109
(18, 18): 1.4697, 0.0200, 11.7051, 0.0142
(18, 19): 2.1901, 0.0200, 4.8765, 0.0125
(18, 20): 1.3276, 0.0200, 12.8635, 0.0092
(18, 21): 1.7832, 0.0200, 7.2732, 0.0176
(10, 13): nan, nan, nan, 0.0000
(10, 14): 1.3414, 0.0200, 0.8171, 0.0293
(10, 15): 2.2820, 0.0200, 3.3110, 0.0134
(10, 16): 2.7944, 0.0200, 1.9515, 0.0201
(10, 17): 2.5070, 0.0200, 2.8922, 0.0259
(10, 18): 2.0866, 0.0200, 5.4473, 0.0117
(10, 19): 2.3120, 0.0200, 4.2592, 0.0092
(10, 20): 1.8430, 0.0200, 7.5783, 0.0125
(10, 21): 2.0268, 0.0200, 6.2859, 0.0084
(10, 22): 2.1868, 0.0200, 5.0821, 0.0134
(10, 23): 1.9851, 0.0200, 6.5099, 0.0159
(10, 24): 1.4885, 0.0200, 12.1024, 0.0109
(10, 25): 1.7208, 0.0200, 8.9771, 0.0192
(10, 26): 1.6021, 0.0200, 10.1026, 0.0050
(10, 27): nan, nan, nan, 0.0000
(30, 13): nan, nan, nan, 0.0000
(30, 14): nan, nan, nan, 0.0000
(30, 15): nan, nan, nan, 0.0000
(30, 16): nan, nan, nan, 0.0000
(30, 17): nan, nan, nan, 0.0000
(30, 18): nan, nan, nan, 0.0000
(30, 19): 1.1021, 0.0200, 3.3708, 0.0201
(30, 20): 1.5473, 0.0200, 8.1032, 0.0184
(30, 21): 1.4095, 0.0200, 11.0286, 0.0109
(30, 22): 1.0058, 0.0200, 4.8770, 0.0100
(30, 23): nan, nan, nan, 0.0000
(30, 24): nan, nan, nan, 0.0000
(30, 25): nan, nan, nan, 0.0000
(30, 26): nan, nan, nan, 0.0000
(30, 27): nan, nan, nan, 0.0000
(29, 10): nan, nan, nan, 0.0000
(29, 11): nan, nan, nan, 0.0000
(29, 12): nan, nan, nan, 0.0000
(29, 13): nan, nan, nan, 0.0000
(29, 14): nan, nan, nan, 0.0000
(29, 15): 1.1587, 0.0200, 2.1460, 0.0142
(29, 16): 1.2679, 0.0200, 5.3562, 0.0117
(29, 17): 0.9744, 0.0200, 1.4073, 0.0217
(29, 18): 1.4897, 0.0200, 8.1574, 0.0151
(29, 19): 1.5826, 0.0200, 9.4102, 0.0134
(29, 20): 1.3182, 0.0200, 13.2063, 0.0117
(29, 21): 1.4235, 0.0200, 11.2637, 0.0109
(29, 22): 1.0519, 0.0200, 3.4141, 0.0201
(29, 23): nan, nan, nan, 0.0000
(29, 24): nan, nan, nan, 0.0000
(22, 19): 2.5504, 0.0200, 2.1126, 0.0100
(22, 20): 1.7186, 0.0200, 6.0384, 0.0167
(22, 21): 1.0876, 0.0200, 2.3297, 0.0167
(22, 22): nan, nan, nan, 0.0000
(22, 23): nan, nan, nan, 0.0000
(22, 24): nan, nan, nan, 0.0000
(22, 25): nan, nan, nan, 0.0000
(22, 26): nan, nan, nan, 0.0000
(22, 27): nan, nan, nan, 0.0000
(23, 1): nan, nan, nan, 0.0000
(23, 2): nan, nan, nan, 0.0000
(23, 3): nan, nan, nan, 0.0000
(23, 4): nan, nan, nan, 0.0000
(23, 5): 1.9055, 0.0200, 1.5957, 0.0234
(23, 6): 2.3548, 0.0200, 1.9656, 0.0159
(23, 7): 2.0115, 0.0200, 4.3883, 0.0184
(23, 8): 2.7187, 0.0200, 1.8931, 0.0234
(23, 9): 2.6936, 0.0200, 2.8255, 0.0167
(23, 10): 2.4881, 0.0200, 2.9730, 0.0159
(23, 11): 2.1937, 0.0200, 4.1675, 0.0176
(23, 12): 2.3899, 0.0200, 2.9865, 0.0067
(23, 13): 2.0305, 0.0200, 4.6445, 0.0134
(23, 14): 2.0310, 0.0200, 5.1644, 0.0117
(23, 15): 2.0112, 0.0200, 4.9975, 0.0100
(23, 16): 1.8458, 0.0200, 6.4716, 0.0117
(23, 17): 1.7953, 0.0200, 6.8966, 0.0125
(23, 18): 1.7553, 0.0200, 7.8705, 0.0201
(23, 19): 1.8989, 0.0200, 6.7400, 0.0201
(23, 20): 1.7210, 0.0200, 6.8218, 0.0092
(23, 21): nan, nan, nan, 0.0000
(8, 22): 1.8984, 0.0200, 7.1964, 0.0109
(8, 23): 1.8657, 0.0200, 7.6523, 0.0033
(8, 24): 1.7244, 0.0200, 8.9989, 0.0167
(8, 25): 2.0829, 0.0200, 5.5130, 0.0176
(8, 26): 1.9432, 0.0200, 6.2490, 0.0209
(8, 27): 1.9332, 0.0200, 3.3792, 0.0117
(9, 1): nan, nan, nan, 0.0000
(9, 2): nan, nan, nan, 0.0000
(9, 3): nan, nan, nan, 0.0000
(9, 4): nan, nan, nan, 0.0000
(9, 5): nan, nan, nan, 0.0000
(9, 6): nan, nan, nan, 0.0000
(9, 7): nan, nan, nan, 0.0000
(9, 8): nan, nan, nan, 0.0000
(9, 9): nan, nan, nan, 0.0000
(7, 19): 2.2679, 0.0200, 4.3489, 0.0159
(7, 20): 1.9356, 0.0200, 6.9177, 0.0100
(7, 21): 1.7670, 0.0200, 7.8633, 0.0125
(7, 22): 1.5977, 0.0200, 9.9641, 0.0084
(7, 23): 1.5976, 0.0200, 10.8167, 0.0059
(7, 24): 1.5544, 0.0200, 10.8604, 0.0159
(7, 25): 1.8829, 0.0200, 6.9966, 0.0134
(7, 26): 1.5888, 0.0200, 9.7812, 0.0092
(7, 27): 1.8678, 0.0200, 3.9185, 0.0134
(8, 1): nan, nan, nan, 0.0000
(8, 2): nan, nan, nan, 0.0000
(8, 3): nan, nan, nan, 0.0000
(8, 4): nan, nan, nan, 0.0000
(8, 5): nan, nan, nan, 0.0000
(8, 6): nan, nan, nan, 0.0000
(16, 1): nan, nan, nan, 0.0000
(16, 2): nan, nan, nan, 0.0000
(16, 3): nan, nan, nan, 0.0000
(16, 4): nan, nan, nan, 0.0000
(16, 5): nan, nan, nan, 0.0000
(16, 6): nan, nan, nan, 0.0000
(16, 7): nan, nan, nan, 0.0000
(16, 8): nan, nan, nan, 0.0000
(16, 9): 2.2486, 0.0200, 1.2158, 0.0192
(16, 10): 2.9176, 0.0200, 1.0790, 0.0176
(16, 11): 1.5208, 0.0200, 7.4766, 0.0092
(16, 12): 2.2727, 0.0200, 3.0281, 0.0226
(16, 13): 2.4318, 0.0200, 0.9974, 0.0217
(16, 14): 2.6894, 0.0200, 1.7610, 0.0100
(16, 15): 2.2753, 0.0200, 2.6379, 0.0125
(31, 1): nan, nan, nan, 0.0000
(31, 2): nan, nan, nan, 0.0000
(31, 3): nan, nan, nan, 0.0000
(31, 4): nan, nan, nan, 0.0000
(31, 5): nan, nan, nan, 0.0000
(31, 6): nan, nan, nan, 0.0000
(31, 7): nan, nan, nan, 0.0000
(31, 8): nan, nan, nan, 0.0000
(31, 9): nan, nan, nan, 0.0000
(31, 10): nan, nan, nan, 0.0000
(31, 11): nan, nan, nan, 0.0000
(31, 12): nan, nan, nan, 0.0000
(31, 13): nan, nan, nan, 0.0000
(31, 14): nan, nan, nan, 0.0000
(31, 15): nan, nan, nan, 0.0000
(2, 4): nan, nan, nan, 0.0000
(2, 5): nan, nan, nan, 0.0000
(2, 6): nan, nan, nan, 0.0000
(2, 7): nan, nan, nan, 0.0000
(2, 8): nan, nan, nan, 0.0000
(2, 9): nan, nan, nan, 0.0000
(2, 10): nan, nan, nan, 0.0000
(2, 11): nan, nan, nan, 0.0000
(2, 12): nan, nan, nan, 0.0000
(2, 13): nan, nan, nan, 0.0000
(2, 14): nan, nan, nan, 0.0000
(2, 15): nan, nan, nan, 0.0000
(2, 16): nan, nan, nan, 0.0000
(2, 17): nan, nan, nan, 0.0000
(2, 18): nan, nan, nan, 0.0000
(22, 4): nan, nan, nan, 0.0000
(22, 5): nan, nan, nan, 0.0000
(22, 6): 1.2622, 0.0200, 8.7105, 0.0209
(22, 7): 2.1716, 0.0200, 3.2851, 0.0217
(22, 8): 2.7687, 0.0200, 1.6539, 0.0167
(22, 9): 1.9208, 0.0200, 5.5760, 0.0184
(22, 10): 2.0841, 0.0200, 4.6839, 0.0117
(22, 11): 2.1678, 0.0200, 4.3384, 0.0142
(22, 12): 2.3737, 0.0200, 3.2614, 0.0176
(22, 13): 2.3087, 0.0200, 3.4455, 0.0134
(22, 14): 2.1239, 0.0200, 4.6598, 0.0192
(22, 15): 1.9931, 0.0200, 5.5862, 0.0092
(22, 16): 1.8439, 0.0200, 6.3338, 0.0142
(22, 17): 1.6767, 0.0200, 8.2973, 0.0092
(22, 18): 1.8778, 0.0200, 6.5940, 0.0159
(9, 10): 1.7786, 0.0200, 3.5935, 0.0209
(9, 11): 1.2557, 0.0200, 0.9770, 0.0226
(9, 12): nan, nan, nan, 0.0000
(9, 13): nan, nan, nan, 0.0000
(9, 14): nan, nan, nan, 0.0000
(9, 15): 2.3550, 0.0200, 2.9124, 0.0209
(9, 16): 2.8378, 0.0200, 1.8591, 0.0234
(9, 17): 2.5449, 0.0200, 2.9804, 0.0167
(9, 18): 2.4513, 0.0200, 3.3523, 0.0167
(9, 19): 2.4127, 0.0200, 3.9045, 0.0134
(9, 20): 1.8598, 0.0200, 7.2734, 0.0125
(9, 21): 2.2880, 0.0200, 4.2990, 0.0084
(9, 22): 2.1790, 0.0200, 4.4807, 0.0159
(9, 23): 1.9236, 0.0200, 7.3107, 0.0075
(9, 24): 1.6699, 0.0200, 9.9489, 0.0084
(34, 10): nan, nan, nan, 0.0000
(34, 11): nan, nan, nan, 0.0000
(34, 12): nan, nan, nan, 0.0000
(34, 13): nan, nan, nan, 0.0000
(34, 14): nan, nan, nan, 0.0000
(34, 15): nan, nan, nan, 0.0000
(34, 16): nan, nan, nan, 0.0000
(34, 17): nan, nan, nan, 0.0000
(34, 18): nan, nan, nan, 0.0000
(34, 19): 1.6864, 0.0200, 4.7146, 0.0142
(34, 20): 1.8163, 0.0200, 7.8987, 0.0142
(34, 21): 2.0619, 0.0200, 6.4914, 0.0092
(34, 22): 1.2374, 0.0200, 2.3181, 0.0184
(34, 23): nan, nan, nan, 0.0000
(34, 24): nan, nan, nan, 0.0000
(21, 16): 2.1763, 0.0200, 5.2261, 0.0084
(21, 17): 2.2442, 0.0200, 4.2641, 0.0176
(21, 18): 1.8498, 0.0200, 6.8518, 0.0159
(21, 19): 1.7533, 0.0200, 7.4437, 0.0192
(21, 20): 1.3029, 0.0200, 12.9104, 0.0117
(21, 21): 1.2717, 0.0200, 10.5188, 0.0092
(21, 22): 2.2258, 0.0200, 3.2972, 0.0184
(21, 23): 1.7401, 0.0200, 6.4275, 0.0125
(21, 24): 1.4047, 0.0200, 4.9337, 0.0125
(21, 25): nan, nan, nan, 0.0000
(21, 26): nan, nan, nan, 0.0000
(21, 27): nan, nan, nan, 0.0000
(22, 1): nan, nan, nan, 0.0000
(22, 2): nan, nan, nan, 0.0000
(22, 3): nan, nan, nan, 0.0000
(33, 7): nan, nan, nan, 0.0000
(33, 8): nan, nan, nan, 0.0000
(33, 9): nan, nan, nan, 0.0000
(33, 10): nan, nan, nan, 0.0000
(33, 11): nan, nan, nan, 0.0000
(33, 12): nan, nan, nan, 0.0000
(33, 13): nan, nan, nan, 0.0000
(33, 14): nan, nan, nan, 0.0000
(33, 15): nan, nan, nan, 0.0000
(33, 16): nan, nan, nan, 0.0000
(33, 17): nan, nan, nan, 0.0000
(33, 18): nan, nan, nan, 0.0000
(33, 19): 1.4878, 0.0200, 7.0100, 0.0151
(33, 20): 2.0750, 0.0200, 5.8004, 0.0176
(33, 21): 2.3662, 0.0200, 3.9550, 0.0142
(14, 25): 1.3554, 0.0200, 6.1837, 0.0059
(14, 26): 1.2487, 0.0200, 8.2906, 0.0142
(14, 27): 0.7515, 0.0200, 1.7806, 0.0251
(15, 1): nan, nan, nan, 0.0000
(15, 2): nan, nan, nan, 0.0000
(15, 3): nan, nan, nan, 0.0000
(15, 4): nan, nan, nan, 0.0000
(15, 5): nan, nan, nan, 0.0000
(15, 6): nan, nan, nan, 0.0000
(15, 7): nan, nan, nan, 0.0000
(15, 8): nan, nan, nan, 0.0000
(15, 9): 2.2488, 0.0200, 0.5874, 0.0242
(15, 10): 2.6167, 0.0200, 1.6247, 0.0192
(15, 11): 3.0708, 0.0200, 1.4919, 0.0276
(15, 12): 2.3064, 0.0200, 3.8169, 0.0184
(19, 25): 1.3305, 0.0200, 6.9904, 0.0075
(19, 26): 0.8912, 0.0200, 1.2519, 0.0184
(19, 27): nan, nan, nan, 0.0000
(20, 1): nan, nan, nan, 0.0000
(20, 2): nan, nan, nan, 0.0000
(20, 3): nan, nan, nan, 0.0000
(20, 4): nan, nan, nan, 0.0000
(20, 5): nan, nan, nan, 0.0000
(20, 6): nan, nan, nan, 0.0000
(20, 7): 1.7328, 0.0200, 1.3678, 0.0184
(20, 8): 2.3325, 0.0200, 2.6466, 0.0092
(20, 9): 2.3975, 0.0200, 3.4536, 0.0184
(20, 10): 2.3725, 0.0200, 3.7803, 0.0184
(20, 11): 2.5401, 0.0200, 2.5185, 0.0234
(20, 12): 2.2322, 0.0200, 3.8137, 0.0209
(33, 22): 1.7159, 0.0200, 3.4317, 0.0176
(33, 23): nan, nan, nan, 0.0000
(33, 24): nan, nan, nan, 0.0000
(33, 25): nan, nan, nan, 0.0000
(33, 26): nan, nan, nan, 0.0000
(33, 27): nan, nan, nan, 0.0000
(34, 1): nan, nan, nan, 0.0000
(34, 2): nan, nan, nan, 0.0000
(34, 3): nan, nan, nan, 0.0000
(34, 4): nan, nan, nan, 0.0000
(34, 5): nan, nan, nan, 0.0000
(34, 6): nan, nan, nan, 0.0000
(34, 7): nan, nan, nan, 0.0000
(34, 8): nan, nan, nan, 0.0000
(34, 9): nan, nan, nan, 0.0000
(28, 22): 1.1139, 0.0200, 5.9995, 0.0117
(28, 23): nan, nan, nan, 0.0000
(28, 24): nan, nan, nan, 0.0000
(28, 25): nan, nan, nan, 0.0000
(28, 26): nan, nan, nan, 0.0000
(28, 27): nan, nan, nan, 0.0000
(29, 1): nan, nan, nan, 0.0000
(29, 2): 1.9518, 0.0200, 5.1935, 0.0159
(29, 3): 2.0880, 0.0200, 4.7860, 0.0109
(29, 4): 2.0542, 0.0200, 3.9906, 0.0142
(29, 5): 2.1415, 0.0200, 2.6819, 0.0259
(29, 6): 2.1511, 0.0200, 4.3054, 0.0075
(29, 7): 1.6504, 0.0200, 6.7405, 0.0117
(29, 8): 0.9970, 0.0200, 1.2956, 0.0201
(29, 9): nan, nan, nan, 0.0000
(6, 16): 2.4356, 0.0200, 2.9236, 0.0142
(6, 17): 2.5793, 0.0200, 2.4778, 0.0201
(6, 18): 2.3950, 0.0200, 3.7898, 0.0109
(6, 19): 2.0878, 0.0200, 5.3969, 0.0176
(6, 20): 1.8890, 0.0200, 7.1503, 0.0117
(6, 21): 1.7376, 0.0200, 8.1006, 0.0125
(6, 22): 2.3502, 0.0200, 3.4031, 0.0251
(6, 23): 2.4684, 0.0200, 3.3555, 0.0176
(6, 24): 1.6720, 0.0200, 9.1053, 0.0134
(6, 25): 1.7941, 0.0200, 7.2669, 0.0184
(6, 26): 1.6365, 0.0200, 9.1991, 0.0167
(6, 27): 1.3364, 0.0200, 3.6961, 0.0142
(7, 1): nan, nan, nan, 0.0000
(7, 2): nan, nan, nan, 0.0000
(7, 3): nan, nan, nan, 0.0000
(17, 4): nan, nan, nan, 0.0000
(17, 5): nan, nan, nan, 0.0000
(17, 6): nan, nan, nan, 0.0000
(17, 7): nan, nan, nan, 0.0000
(17, 8): nan, nan, nan, 0.0000
(17, 9): 2.2006, 0.0200, 3.0692, 0.0176
(17, 10): 2.4132, 0.0200, 3.1636, 0.0184
(17, 11): 2.1828, 0.0200, 3.9552, 0.0151
(17, 12): 2.0779, 0.0200, 4.1737, 0.0134
(17, 13): 2.3607, 0.0200, 2.6349, 0.0192
(17, 14): 2.6249, 0.0200, 1.9197, 0.0167
(17, 15): 2.1326, 0.0200, 2.8058, 0.0142
(17, 16): 2.4471, 0.0200, 2.0159, 0.0151
(17, 17): 2.3337, 0.0200, 4.1639, 0.0234
(17, 18): 1.7160, 0.0200, 9.0408, 0.0109
(27, 4): 2.8123, 0.0200, 1.8460, 0.0201
(27, 5): 2.4514, 0.0200, 3.1898, 0.0117
(27, 6): 1.8829, 0.0200, 4.6807, 0.0125
(27, 7): 1.6570, 0.0200, 2.6405, 0.0092
(27, 8): 2.1949, 0.0200, 3.3998, 0.0159
(27, 9): 1.9535, 0.0200, 4.4146, 0.0084
(27, 10): 1.7770, 0.0200, 5.5631, 0.0184
(27, 11): 2.3855, 0.0200, 2.3652, 0.0276
(27, 12): 1.3734, 0.0200, 5.6395, 0.0184
(27, 13): 1.8208, 0.0200, 5.6017, 0.0234
(27, 14): 1.6712, 0.0200, 5.6761, 0.0134
(27, 15): 1.7169, 0.0200, 8.6068, 0.0109
(27, 16): 2.0907, 0.0200, 5.2598, 0.0117
(27, 17): 2.4047, 0.0200, 3.1962, 0.0209
(27, 18): 1.7630, 0.0200, 7.5513, 0.0117
(19, 10): 2.3641, 0.0200, 3.4476, 0.0184
(19, 11): 3.2052, 0.0200, 1.0353, 0.0192
(19, 12): 2.4414, 0.0200, 3.0927, 0.0159
(19, 13): 1.7024, 0.0200, 7.0419, 0.0151
(19, 14): 2.0831, 0.0200, 4.6665, 0.0201
(19, 15): 2.5760, 0.0200, 2.7627, 0.0251
(19, 16): 2.5665, 0.0200, 3.0334, 0.0167
(19, 17): 1.9403, 0.0200, 6.7900, 0.0109
(19, 18): 1.6321, 0.0200, 9.9250, 0.0151
(19, 19): 2.3056, 0.0200, 4.6385, 0.0201
(19, 20): 2.1304, 0.0200, 5.3525, 0.0167
(19, 21): 1.2680, 0.0200, 14.3523, 0.0109
(19, 22): 1.3747, 0.0200, 12.2555, 0.0125
(19, 23): 1.4445, 0.0200, 10.7626, 0.0125
(19, 24): 1.2501, 0.0200, 13.3915, 0.0092
(6, 1): nan, nan, nan, 0.0000
(6, 2): nan, nan, nan, 0.0000
(6, 3): nan, nan, nan, 0.0000
(6, 4): nan, nan, nan, 0.0000
(6, 5): nan, nan, nan, 0.0000
(6, 6): nan, nan, nan, 0.0000
(6, 7): nan, nan, nan, 0.0000
(6, 8): nan, nan, nan, 0.0000
(6, 9): nan, nan, nan, 0.0000
(6, 10): nan, nan, nan, 0.0000
(6, 11): 1.5690, 0.0200, 2.8180, 0.0192
(6, 12): 1.3556, 0.0200, 1.6536, 0.0192
(6, 13): nan, nan, nan, 0.0000
(6, 14): nan, nan, nan, 0.0000
(6, 15): 2.4650, 0.0200, 1.5003, 0.0176
(34, 25): nan, nan, nan, 0.0000
(34, 26): nan, nan, nan, 0.0000
(34, 27): nan, nan, nan, 0.0000
(35, 1): nan, nan, nan, 0.0000
(35, 2): nan, nan, nan, 0.0000
(35, 3): nan, nan, nan, 0.0000
(35, 4): nan, nan, nan, 0.0000
(35, 5): nan, nan, nan, 0.0000
(35, 6): nan, nan, nan, 0.0000
(35, 7): nan, nan, nan, 0.0000
(35, 8): nan, nan, nan, 0.0000
(35, 9): nan, nan, nan, 0.0000
(35, 10): nan, nan, nan, 0.0000
(35, 11): nan, nan, nan, 0.0000
(35, 12): nan, nan, nan, 0.0000
(3, 22): 1.8777, 0.0200, 4.0775, 0.0167
(3, 23): 2.4594, 0.0200, 2.6612, 0.0142
(3, 24): 1.7119, 0.0200, 5.2614, 0.0109
(3, 25): nan, nan, nan, 0.0000
(3, 26): nan, nan, nan, 0.0000
(3, 27): nan, nan, nan, 0.0000
(4, 1): nan, nan, nan, 0.0000
(4, 2): nan, nan, nan, 0.0000
(4, 3): nan, nan, nan, 0.0000
(4, 4): nan, nan, nan, 0.0000
(4, 5): nan, nan, nan, 0.0000
(4, 6): nan, nan, nan, 0.0000
(4, 7): nan, nan, nan, 0.0000
(4, 8): nan, nan, nan, 0.0000
(4, 9): nan, nan, nan, 0.0000
(26, 1): nan, nan, nan, 0.0000
(26, 2): 1.4382, 0.0200, 0.7237, 0.0259
(26, 3): 2.0189, 0.0200, 1.9998, 0.0142
(26, 4): 2.2142, 0.0200, 2.0759, 0.0276
(26, 5): 2.0775, 0.0200, 2.7100, 0.0176
(26, 6): 2.0524, 0.0200, 2.2122, 0.0184
(26, 7): 2.5552, 0.0200, 2.1270, 0.0159
(26, 8): 1.9818, 0.0200, 5.7381, 0.0176
(26, 9): 2.4148, 0.0200, 3.1408, 0.0117
(26, 10): 2.5977, 0.0200, 2.6465, 0.0209
(26, 11): 2.5595, 0.0200, 2.8242, 0.0268
(26, 12): 2.5226, 0.0200, 3.0320, 0.0393
(26, 13): 2.7930, 0.0200, 2.0398, 0.0268
(26, 14): 2.6530, 0.0200, 2.2336, 0.0242
(26, 15): 3.0128, 0.0200, 1.4494, 0.0125
(3, 7): nan, nan, nan, 0.0000
(3, 8): nan, nan, nan, 0.0000
(3, 9): nan, nan, nan, 0.0000
(3, 10): nan, nan, nan, 0.0000
(3, 11): nan, nan, nan, 0.0000
(3, 12): nan, nan, nan, 0.0000
(3, 13): nan, nan, nan, 0.0000
(3, 14): nan, nan, nan, 0.0000
(3, 15): nan, nan, nan, 0.0000
(3, 16): 1.9367, 0.0200, 1.6745, 0.0167
(3, 17): 2.1080, 0.0200, 1.3904, 0.0259
(3, 18): 1.5924, 0.0200, 1.2468, 0.0217
(3, 19): 1.5621, 0.0200, 2.3686, 0.0159
(3, 20): 1.4242, 0.0200, 1.5171, 0.0226
(3, 21): 1.4212, 0.0200, 2.4516, 0.0176
