(10, 7): nan, nan, nan, 0.0000
(10, 8): nan, nan, nan, 0.0000
(10, 9): nan, nan, nan, 0.0000
(10, 10): 0.4288, 4.4200, 32.8378, 0.2751
(10, 11): 0.1705, 4.4200, 17.4099, 0.3328
(10, 12): 0.3373, 4.4100, 36.2088, 0.3286
(10, 13): nan, nan, nan, 0.0000
(10, 14): 0.1624, 4.4100, 6.2236, 0.4331
(10, 15): 0.3803, 4.4500, 52.2742, 0.2768
(10, 16): 0.2972, 4.4500, 64.5158, 0.3010
(10, 17): 0.3290, 4.4600, 60.6165, 0.2876
(10, 18): 0.2382, 4.4100, 68.8437, 0.2416
(10, 19): 0.2912, 4.4100, 66.6390, 0.2433
(10, 20): 0.2523, 4.4800, 67.0904, 0.2157
(10, 21): 0.2231, 4.4700, 72.4379, 0.2216
(10, 22): 0.2778, 4.4300, 66.6168, 0.2341
(10, 23): 0.2539, 4.4600, 68.1488, 0.2283
(10, 24): 0.1928, 4.4600, 72.6741, 0.1965
(10, 25): 0.2158, 4.4500, 69.4553, 0.2149
(10, 26): 0.2726, 4.4200, 64.0366, 0.1940
(10, 27): nan, nan, nan, 0.0000
(11, 1): nan, nan, nan, 0.0000
(11, 2): nan, nan, nan, 0.0000
(11, 3): nan, nan, nan, 0.0000
(11, 4): nan, nan, nan, 0.0000
(11, 5): nan, nan, nan, 0.0000
(11, 6): nan, nan, nan, 0.0000
(11, 7): nan, nan, nan, 0.0000
(11, 8): nan, nan, nan, 0.0000
(11, 9): nan, nan, nan, 0.0000
(11, 10): 0.3429, 4.4400, 46.7788, 0.2801
(11, 11): 0.4713, 4.4500, 49.1557, 0.2834
(11, 12): 0.4501, 4.4100, 49.4019, 0.3102
(11, 13): 0.2013, 4.4100, 18.5687, 0.3980
(11, 14): nan, nan, nan, 0.0000
(11, 15): nan, nan, nan, 0.0000
(11, 16): 0.1565, 4.4300, 10.6338, 0.4632
(11, 17): 0.2973, 4.4900, 61.7313, 0.3370
(11, 18): 0.2520, 4.4100, 69.8258, 0.2483
(11, 19): 0.2711, 4.4500, 68.1563, 0.2349
(11, 20): 0.3254, 4.4600, 60.3469, 0.2349
(11, 21): 0.2871, 4.4293, 65.2835, 0.2316
(11, 22): 0.1746, 4.4300, 75.2158, 0.2383
(11, 23): 0.2177, 4.5200, 68.2208, 0.2207
(11, 24): 0.1702, 4.4600, 74.3671, 0.2015
(11, 25): 0.1927, 4.4600, 70.0382, 0.2157
(11, 26): 0.2445, 4.4100, 63.8700, 0.2099
(11, 27): nan, nan, nan, 0.0000
(12, 1): nan, nan, nan, 0.0000
(12, 2): nan, nan, nan, 0.0000
(12, 3): nan, nan, nan, 0.0000
(12, 4): nan, nan, nan, 0.0000
(12, 5): nan, nan, nan, 0.0000
(12, 6): nan, nan, nan, 0.0000
(12, 7): nan, nan, nan, 0.0000
(12, 8): nan, nan, nan, 0.0000
(12, 9): nan, nan, nan, 0.0000
(12, 10): 0.3024, 4.4300, 59.1943, 0.3119
(12, 11): 0.3172, 4.4800, 61.7388, 0.3127
(12, 12): 0.3870, 4.4071, 53.3391, 0.3144
(12, 13): 0.2513, 4.4200, 53.3810, 0.3294
(12, 14): 0.2144, 4.4600, 35.6022, 0.3336
(12, 15): nan, nan, nan, 0.0000
(12, 16): 0.2043, 4.4100, 18.0871, 0.4214
(12, 17): 0.2216, 4.5000, 68.5833, 0.3161
(12, 18): 0.2176, 4.4100, 72.7009, 0.2667
(12, 19): 0.2251, 4.4400, 68.5310, 0.2450
(12, 20): 0.2532, 4.6200, 68.1714, 0.2458
(12, 21): 0.2382, 4.5300, 70.2951, 0.2458
(12, 22): 0.1854, 4.4199, 72.5567, 0.2182
(12, 23): 0.2592, 4.4700, 63.0947, 0.1965
(12, 24): 0.2732, 4.4500, 54.5640, 0.2283
(12, 25): 0.1357, 4.4200, 20.4439, 0.2793
(12, 26): 0.1736, 4.7200, 19.4719, 0.2634
(12, 27): nan, nan, nan, 0.0000
(13, 1): nan, nan, nan, 0.0000
(13, 2): nan, nan, nan, 0.0000
(13, 3): nan, nan, nan, 0.0000
(13, 4): nan, nan, nan, 0.0000
(13, 5): nan, nan, nan, 0.0000
(13, 6): nan, nan, nan, 0.0000
(13, 7): nan, nan, nan, 0.0000
(13, 8): nan, nan, nan, 0.0000
(13, 9): nan, nan, nan, 0.0000
(13, 10): 0.3129, 4.4200, 63.5877, 0.2676
(13, 11): 0.3224, 4.4200, 63.2196, 0.2717
(13, 12): 0.3043, 4.4100, 59.7514, 0.2818
(13, 13): 0.2620, 4.4400, 51.7311, 0.3110
(13, 14): 0.1589, 4.4100, 12.2374, 0.3921
(13, 15): nan, nan, nan, 0.0000
(13, 16): 0.0863, 4.4100, 11.5558, 0.5092
(13, 17): 0.1581, 4.4100, 58.4155, 0.3938
(13, 18): 0.1582, 4.4900, 64.5883, 0.2634
(13, 19): 0.2013, 4.4300, 68.5154, 0.2550
(13, 20): 0.2548, 4.4300, 65.6028, 0.2450
(13, 21): 0.2986, 4.4900, 61.7395, 0.3018
(13, 22): 0.2547, 4.4100, 61.7470, 0.2149
(13, 23): 0.2614, 4.4300, 62.1318, 0.2182
(13, 24): 0.2765, 4.4200, 54.2784, 0.2090
(13, 25): 0.1987, 4.5200, 5.3982, 0.3896
(13, 26): nan, nan, nan, 0.0000
(13, 27): nan, nan, nan, 0.0000
(14, 1): nan, nan, nan, 0.0000
(14, 2): nan, nan, nan, 0.0000
(14, 3): nan, nan, nan, 0.0000
(14, 4): nan, nan, nan, 0.0000
(14, 5): nan, nan, nan, 0.0000
(14, 6): nan, nan, nan, 0.0000
(14, 7): nan, nan, nan, 0.0000
(14, 8): nan, nan, nan, 0.0000
(14, 9): nan, nan, nan, 0.0000
(14, 10): 0.3474, 4.4100, 62.8077, 0.2851
(14, 11): 0.3147, 4.4100, 66.0103, 0.2801
(14, 12): 0.2711, 4.4800, 65.0862, 0.2701
(14, 13): 0.0458, 4.4100, 7.3902, 0.3963
(14, 14): nan, nan, nan, 0.0000
(14, 15): 0.0452, 4.5600, 7.1912, 0.5050
(14, 16): 0.5354, 4.4100, 31.9675, 0.3453
(14, 17): 0.2988, 4.4300, 61.1941, 0.3737
(14, 18): 0.2217, 4.4600, 65.4204, 0.3161
(14, 19): 0.2570, 4.5500, 64.5520, 0.2467
(14, 20): 0.3101, 4.4800, 61.2739, 0.2759
(14, 21): 0.2343, 4.4200, 65.2559, 0.2283
(14, 22): 0.1993, 4.6600, 66.8182, 0.2575
(14, 23): 0.1850, 4.4800, 65.5206, 0.2207
(14, 24): 0.2741, 4.5600, 54.1635, 0.1982
(14, 25): 0.1711, 4.5200, 36.2059, 0.2383
(14, 26): 0.3069, 4.4300, 35.9303, 0.2166
(14, 27): 0.3040, 4.4100, 5.3166, 0.3855
(15, 1): nan, nan, nan, 0.0000
(15, 2): nan, nan, nan, 0.0000
(15, 3): nan, nan, nan, 0.0000
(15, 4): nan, nan, nan, 0.0000
(15, 5): nan, nan, nan, 0.0000
(15, 6): nan, nan, nan, 0.0000
(15, 7): nan, nan, nan, 0.0000
(15, 8): nan, nan, nan, 0.0000
(15, 9): 0.2557, 4.4300, 14.7180, 0.4490
(15, 10): 0.4080, 4.4400, 57.8315, 0.4089
(15, 11): 0.3184, 4.4600, 67.4027, 0.3060
(15, 12): 0.3294, 4.4800, 65.5863, 0.2776
(15, 13): 0.1430, 4.4800, 27.9474, 0.3010
(15, 14): 0.0145, 4.4900, 6.8444, 0.4147
(15, 15): 0.2593, 4.4600, 52.9408, 0.3177
(15, 16): 0.2277, 4.4100, 65.8340, 0.3420
(15, 17): 0.2712, 4.4600, 62.4927, 0.4189
(15, 18): 0.2093, 4.4300, 59.8700, 0.3244
(15, 19): 0.2069, 4.3989, 71.5540, 0.2642
(15, 20): 0.2254, 4.4100, 66.1512, 0.2492
(15, 21): 0.1376, 4.4700, 69.9020, 0.2191
(15, 22): 0.1937, 4.5400, 63.9034, 0.2291
(15, 23): 0.2137, 4.4300, 60.8591, 0.2124
(15, 24): 0.1935, 4.4700, 64.4099, 0.2333
(15, 25): 0.2477, 4.4300, 62.2049, 0.2015
(15, 26): 0.3096, 4.4100, 58.9485, 0.2007
(15, 27): 0.3252, 4.4200, 37.6433, 0.2099
(16, 1): nan, nan, nan, 0.0000
(16, 2): nan, nan, nan, 0.0000
(16, 3): nan, nan, nan, 0.0000
(16, 4): nan, nan, nan, 0.0000
(16, 5): nan, nan, nan, 0.0000
(16, 6): nan, nan, nan, 0.0000
(16, 7): nan, nan, nan, 0.0000
(16, 8): nan, nan, nan, 0.0000
(16, 9): 0.2714, 4.4100, 23.2648, 0.3319
(16, 10): 0.3626, 4.4800, 60.0363, 0.4239
(16, 11): 0.7007, 4.4100, 34.8064, 0.3303
(16, 12): 0.4621, 4.5300, 47.0931, 0.3378
(16, 13): 0.1337, 4.4700, 26.9209, 0.3629
(16, 14): 0.2994, 4.4700, 58.3287, 0.3344
(16, 15): 0.4210, 4.4300, 50.0335, 0.3771
(16, 16): 0.2604, 4.4800, 55.0125, 0.3913
(16, 17): 0.1565, 4.6000, 58.9542, 0.3236
(16, 18): 0.2597, 4.4300, 65.2398, 0.2408
(16, 19): 0.3001, 4.9400, 61.3254, 0.2358
(16, 20): 0.2748, 4.4200, 61.7489, 0.2065
(16, 21): 0.1929, 4.4100, 64.9447, 0.2090
(16, 22): 0.1935, 4.5500, 63.2603, 0.2249
(16, 23): 0.2129, 4.4100, 61.5496, 0.2032
(16, 24): 0.2088, 4.4700, 63.6298, 0.2032
(16, 25): 0.3085, 4.4500, 57.6688, 0.2065
(16, 26): 0.2973, 4.5600, 58.9000, 0.2258
(16, 27): 0.2698, 4.4200, 35.8967, 0.1990
(17, 1): nan, nan, nan, 0.0000
(17, 2): nan, nan, nan, 0.0000
(17, 3): nan, nan, nan, 0.0000
(17, 4): nan, nan, nan, 0.0000
(17, 5): nan, nan, nan, 0.0000
(17, 6): nan, nan, nan, 0.0000
(17, 7): nan, nan, nan, 0.0000
(17, 8): nan, nan, nan, 0.0000
(17, 9): 0.2779, 4.4400, 48.1771, 0.2709
(17, 10): 0.3084, 4.4500, 64.7020, 0.2926
(17, 11): 0.4633, 4.5000, 51.0066, 0.2968
(17, 12): 0.4696, 4.4600, 47.9823, 0.3211
(17, 13): 0.2608, 4.4500, 54.4961, 0.3177
(17, 14): 0.2522, 4.4500, 50.6107, 0.2968
(17, 15): 0.2223, 4.4500, 58.2232, 0.3988
(17, 16): 0.1749, 4.5400, 62.7117, 0.3829
(17, 17): 0.1314, 4.4400, 74.1665, 0.2567
(17, 18): 0.2644, 4.4100, 65.6884, 0.2082
(17, 19): 0.2724, 4.4100, 64.3777, 0.2258
(17, 20): 0.2593, 4.4800, 62.7993, 0.2274
(17, 21): 0.2434, 4.4600, 58.0476, 0.2324
(17, 22): 0.1726, 4.6500, 62.0814, 0.2057
(17, 23): 0.2111, 4.4600, 63.4385, 0.2132
(17, 24): 0.2565, 4.6100, 62.4685, 0.2015
(17, 25): 0.3089, 4.4200, 61.5873, 0.2157
(17, 26): 0.3101, 4.4600, 49.2024, 0.2333
(17, 27): nan, nan, nan, 0.0000
(18, 1): nan, nan, nan, 0.0000
(18, 2): nan, nan, nan, 0.0000
(18, 3): nan, nan, nan, 0.0000
(18, 4): nan, nan, nan, 0.0000
(18, 5): nan, nan, nan, 0.0000
(18, 6): nan, nan, nan, 0.0000
(18, 7): nan, nan, nan, 0.0000
(18, 8): 0.0198, 4.4500, 8.1441, 0.4691
(18, 9): 0.2970, 4.4400, 63.3920, 0.3236
(18, 10): 0.3060, 4.4500, 64.6271, 0.2768
(18, 11): 0.3595, 4.4900, 59.1679, 0.3102
(18, 12): 0.3026, 4.4400, 63.0514, 0.2575
(18, 13): 0.3004, 4.4700, 61.0182, 0.2625
(18, 14): 0.2389, 4.4052, 65.8968, 0.2960
(18, 15): 0.1870, 4.4400, 70.1844, 0.2542
(18, 16): 0.1841, 4.5800, 69.2548, 0.2533
(18, 17): 0.1903, 4.4700, 68.0997, 0.2349
(18, 18): 0.1954, 4.4900, 69.0925, 0.2074
(18, 19): 0.2763, 4.4100, 64.3622, 0.2349
(18, 20): 0.2602, 4.4100, 59.9656, 0.1915
(18, 21): 0.2015, 4.4600, 64.0491, 0.2299
(18, 22): 0.1880, 4.4200, 66.5603, 0.2015
(18, 23): 0.2798, 4.5100, 61.3759, 0.2107
(18, 24): 0.2989, 4.4300, 62.6116, 0.2007
(18, 25): 0.3374, 4.4200, 53.2255, 0.1923
(18, 26): 0.2756, 4.4400, 13.7723, 0.2726
(18, 27): nan, nan, nan, 0.0000
(19, 1): nan, nan, nan, 0.0000
(19, 2): nan, nan, nan, 0.0000
(19, 3): nan, nan, nan, 0.0000
(19, 4): nan, nan, nan, 0.0000
(19, 5): nan, nan, nan, 0.0000
(19, 6): nan, nan, nan, 0.0000
(19, 7): nan, nan, nan, 0.0000
(19, 8): 0.3357, 4.4500, 33.1683, 0.3186
(19, 9): 0.3783, 4.4300, 57.7710, 0.3102
(19, 10): 0.3076, 4.4300, 62.9529, 0.2860
(19, 11): 0.3055, 4.4300, 62.4500, 0.3487
(19, 12): 0.2917, 4.5600, 61.6493, 0.2784
(1, 1): nan, nan, nan, 0.0000
(1, 2): nan, nan, nan, 0.0000
(1, 3): nan, nan, nan, 0.0000
(1, 4): nan, nan, nan, 0.0000
(1, 5): nan, nan, nan, 0.0000
(1, 6): nan, nan, nan, 0.0000
(1, 7): nan, nan, nan, 0.0000
(1, 8): nan, nan, nan, 0.0000
(1, 9): nan, nan, nan, 0.0000
(1, 10): nan, nan, nan, 0.0000
(1, 11): nan, nan, nan, 0.0000
(1, 12): nan, nan, nan, 0.0000
(1, 13): nan, nan, nan, 0.0000
(1, 14): nan, nan, nan, 0.0000
(1, 15): nan, nan, nan, 0.0000
(1, 16): nan, nan, nan, 0.0000
(1, 17): nan, nan, nan, 0.0000
(1, 18): nan, nan, nan, 0.0000
(1, 19): nan, nan, nan, 0.0000
(1, 20): nan, nan, nan, 0.0000
(1, 21): nan, nan, nan, 0.0000
(1, 22): nan, nan, nan, 0.0000
(1, 23): nan, nan, nan, 0.0000
(1, 24): nan, nan, nan, 0.0000
(1, 25): nan, nan, nan, 0.0000
(1, 26): nan, nan, nan, 0.0000
(1, 27): nan, nan, nan, 0.0000
(2, 1): nan, nan, nan, 0.0000
(2, 2): nan, nan, nan, 0.0000
(2, 3): nan, nan, nan, 0.0000
(2, 4): nan, nan, nan, 0.0000
(2, 5): nan, nan, nan, 0.0000
(2, 6): nan, nan, nan, 0.0000
(2, 7): nan, nan, nan, 0.0000
(2, 8): nan, nan, nan, 0.0000
(2, 9): nan, nan, nan, 0.0000
(2, 10): nan, nan, nan, 0.0000
(2, 11): nan, nan, nan, 0.0000
(2, 12): nan, nan, nan, 0.0000
(2, 13): nan, nan, nan, 0.0000
(2, 14): nan, nan, nan, 0.0000
(2, 15): nan, nan, nan, 0.0000
(2, 16): nan, nan, nan, 0.0000
(2, 17): nan, nan, nan, 0.0000
(2, 18): nan, nan, nan, 0.0000
(2, 19): nan, nan, nan, 0.0000
(2, 20): 0.1470, 4.4400, 11.1913, 0.3495
(2, 21): 0.1020, 4.6100, 13.5100, 0.3746
(2, 22): nan, nan, nan, 0.0000
(2, 23): nan, nan, nan, 0.0000
(2, 24): nan, nan, nan, 0.0000
(2, 25): nan, nan, nan, 0.0000
(2, 26): nan, nan, nan, 0.0000
(2, 27): nan, nan, nan, 0.0000
(3, 1): nan, nan, nan, 0.0000
(3, 2): nan, nan, nan, 0.0000
(3, 3): nan, nan, nan, 0.0000
(3, 4): nan, nan, nan, 0.0000
(3, 5): nan, nan, nan, 0.0000
(3, 6): nan, nan, nan, 0.0000
(3, 7): nan, nan, nan, 0.0000
(3, 8): nan, nan, nan, 0.0000
(3, 9): nan, nan, nan, 0.0000
(3, 10): nan, nan, nan, 0.0000
(3, 11): nan, nan, nan, 0.0000
(3, 12): nan, nan, nan, 0.0000
(3, 13): nan, nan, nan, 0.0000
(3, 14): nan, nan, nan, 0.0000
(3, 15): nan, nan, nan, 0.0000
(3, 16): -0.0027, 4.4800, 29.4248, 0.3386
(3, 17): 0.0800, 4.4800, 25.6064, 0.3411
(3, 18): 0.0591, 4.4800, 12.9166, 0.3779
(3, 19): 0.0590, 4.4300, 22.5430, 0.3219
(3, 20): 0.1227, 4.4200, 11.2557, 0.3537
(3, 21): 0.0466, 4.4100, 17.8721, 0.3135
(3, 22): 0.1479, 4.5500, 46.0774, 0.2701
(3, 23): 0.1950, 4.4800, 63.3243, 0.2952
(3, 24): 0.3652, 4.4500, 41.6584, 0.2985
(3, 25): nan, nan, nan, 0.0000
(3, 26): nan, nan, nan, 0.0000
(3, 27): nan, nan, nan, 0.0000
(4, 1): nan, nan, nan, 0.0000
(4, 2): nan, nan, nan, 0.0000
(4, 3): nan, nan, nan, 0.0000
(4, 4): nan, nan, nan, 0.0000
(4, 5): nan, nan, nan, 0.0000
(4, 6): nan, nan, nan, 0.0000
(4, 7): nan, nan, nan, 0.0000
(4, 8): nan, nan, nan, 0.0000
(4, 9): nan, nan, nan, 0.0000
(4, 10): nan, nan, nan, 0.0000
(4, 11): nan, nan, nan, 0.0000
(4, 12): nan, nan, nan, 0.0000
(4, 13): 0.1610, 4.6390, 15.6767, 0.3261
(4, 14): 0.1577, 4.5100, 37.2232, 0.3328
(4, 15): 0.0209, 4.4200, 21.2760, 0.3478
(4, 16): 0.0198, 4.4800, 22.1523, 0.3462
(4, 17): 0.0392, 4.4200, 20.0066, 0.3813
(4, 18): 0.1876, 4.4500, 48.1136, 0.3027
(4, 19): 0.1540, 4.4400, 58.3192, 0.2575
(4, 20): 0.2429, 4.4300, 64.2717, 0.2408
(4, 21): 0.2258, 4.4300, 69.5399, 0.2458
(4, 22): 0.1927, 4.4700, 67.5364, 0.2324
(4, 23): 0.1260, 4.4100, 71.5760, 0.2349
(4, 24): 0.2000, 4.4400, 70.5828, 0.2467
(4, 25): 0.2861, 4.4300, 37.6923, 0.3186
(4, 26): 0.1450, 4.4300, 10.3108, 0.3804
(4, 27): nan, nan, nan, 0.0000
(5, 1): nan, nan, nan, 0.0000
(5, 2): nan, nan, nan, 0.0000
(5, 3): nan, nan, nan, 0.0000
(5, 4): nan, nan, nan, 0.0000
(5, 5): nan, nan, nan, 0.0000
(5, 6): nan, nan, nan, 0.0000
(5, 7): nan, nan, nan, 0.0000
(5, 8): nan, nan, nan, 0.0000
(5, 9): nan, nan, nan, 0.0000
(5, 10): nan, nan, nan, 0.0000
(5, 11): nan, nan, nan, 0.0000
(5, 12): nan, nan, nan, 0.0000
(5, 13): 0.1979, 4.5700, 20.0635, 0.3169
(5, 14): nan, nan, nan, 0.0000
(5, 15): nan, nan, nan, 0.0000
(5, 16): 0.2362, 4.4200, 40.2234, 0.3194
(5, 17): 0.3052, 4.4600, 66.6568, 0.2960
(5, 18): 0.2104, 4.4200, 70.7663, 0.2918
(5, 19): 0.2095, 4.4100, 68.3184, 0.2358
(5, 20): 0.2673, 4.4300, 66.8597, 0.2517
(5, 21): 0.1909, 4.4200, 70.3742, 0.2375
(5, 22): 0.1973, 4.4700, 62.0523, 0.2659
(5, 23): 0.1894, 4.4700, 66.8386, 0.2667
(5, 24): 0.2392, 4.5300, 68.3836, 0.2224
(5, 25): 0.3285, 4.4300, 58.3696, 0.2768
(5, 26): 0.3119, 4.4300, 52.9960, 0.2174
(5, 27): 0.0766, 4.4400, 20.7501, 0.3186
(6, 1): nan, nan, nan, 0.0000
(6, 2): nan, nan, nan, 0.0000
(6, 3): nan, nan, nan, 0.0000
(6, 4): nan, nan, nan, 0.0000
(6, 5): nan, nan, nan, 0.0000
(6, 6): nan, nan, nan, 0.0000
(6, 7): nan, nan, nan, 0.0000
(6, 8): nan, nan, nan, 0.0000
(6, 9): nan, nan, nan, 0.0000
(6, 10): nan, nan, nan, 0.0000
(6, 11): 0.2404, 4.4300, 24.1546, 0.2860
(6, 12): 0.1257, 4.6100, 12.6259, 0.3361
(6, 13): nan, nan, nan, 0.0000
(6, 14): nan, nan, nan, 0.0000
(6, 15): 0.2109, 4.4100, 47.7477, 0.3779
(6, 16): 0.2936, 4.4900, 67.9898, 0.3102
(6, 17): 0.3175, 4.4199, 66.3269, 0.3236
(6, 18): 0.2337, 4.4300, 74.1965, 0.2600
(6, 19): 0.3089, 4.5200, 64.7991, 0.2508
(6, 20): 0.2478, 4.4100, 69.2739, 0.2341
(6, 21): 0.2173, 4.4300, 65.0029, 0.2207
(6, 22): 0.1961, 4.4200, 62.1646, 0.2801
(6, 23): 0.1879, 4.5800, 69.3887, 0.2701
(6, 24): 0.2610, 4.4400, 64.5532, 0.2157
(6, 25): 0.3009, 4.4300, 59.5777, 0.2425
(6, 26): 0.2803, 4.4200, 62.1545, 0.2166
(6, 27): 0.1208, 4.4500, 24.5734, 0.3186
(7, 1): nan, nan, nan, 0.0000
(7, 2): nan, nan, nan, 0.0000
(7, 3): nan, nan, nan, 0.0000
(7, 4): nan, nan, nan, 0.0000
(7, 5): nan, nan, nan, 0.0000
(7, 6): nan, nan, nan, 0.0000
(7, 7): nan, nan, nan, 0.0000
(7, 8): nan, nan, nan, 0.0000
(7, 9): nan, nan, nan, 0.0000
(7, 10): 0.0483, 4.4100, 7.1558, 0.3604
(7, 11): 0.2264, 4.4100, 24.8380, 0.3010
(7, 12): nan, nan, nan, 0.0000
(7, 13): nan, nan, nan, 0.0000
(7, 14): nan, nan, nan, 0.0000
(7, 15): 0.3118, 4.4200, 65.4365, 0.3746
(7, 16): 0.2819, 4.4400, 70.2317, 0.3629
(7, 17): 0.2714, 4.4200, 71.2381, 0.2985
(7, 18): 0.3024, 4.4200, 66.6660, 0.2550
(7, 19): 0.3020, 4.4100, 66.5440, 0.2617
(7, 20): 0.2993, 4.4500, 65.3554, 0.2207
(7, 21): 0.2201, 4.5600, 65.4867, 0.2191
(7, 22): 0.1938, 4.4700, 67.6630, 0.2023
(7, 23): 0.1857, 4.4500, 74.0986, 0.1990
(7, 24): 0.2870, 4.4800, 66.1628, 0.2099
(7, 25): 0.2272, 4.4600, 69.0062, 0.2333
(7, 26): 0.2859, 4.4700, 60.4698, 0.1990
(7, 27): 0.1624, 4.4100, 42.9438, 0.2717
(8, 1): nan, nan, nan, 0.0000
(8, 2): nan, nan, nan, 0.0000
(8, 3): nan, nan, nan, 0.0000
(8, 4): nan, nan, nan, 0.0000
(8, 5): nan, nan, nan, 0.0000
(8, 6): nan, nan, nan, 0.0000
(8, 7): nan, nan, nan, 0.0000
(8, 8): nan, nan, nan, 0.0000
(8, 9): nan, nan, nan, 0.0000
(8, 10): 0.3079, 4.4300, 32.7914, 0.2492
(8, 11): 0.2696, 4.4100, 32.1713, 0.2809
(8, 12): nan, nan, nan, 0.0000
(8, 13): nan, nan, nan, 0.0000
(8, 14): 0.1167, 4.5000, 22.4385, 0.3579
(8, 15): 0.2869, 4.4200, 66.7297, 0.3478
(8, 16): 0.2872, 4.4500, 67.3531, 0.3554
(8, 17): 0.2893, 4.4100, 67.2120, 0.2893
(8, 18): 0.2196, 4.4200, 73.9322, 0.2776
(8, 19): 0.2703, 4.4300, 68.0890, 0.2408
(8, 20): 0.2946, 4.4300, 64.5250, 0.2291
(8, 21): 0.2718, 4.4300, 65.8939, 0.2258
(8, 22): 0.2099, 4.4100, 73.6573, 0.2283
(8, 23): 0.1775, 4.5200, 76.9813, 0.2224
(8, 24): 0.2181, 4.4300, 71.5511, 0.2199
(8, 25): 0.2516, 4.4300, 65.5405, 0.2391
(8, 26): 0.1996, 4.4500, 66.2519, 0.2366
(8, 27): 0.1793, 4.4100, 40.2801, 0.2851
(9, 1): nan, nan, nan, 0.0000
(9, 2): nan, nan, nan, 0.0000
(9, 3): nan, nan, nan, 0.0000
(9, 4): nan, nan, nan, 0.0000
(9, 5): nan, nan, nan, 0.0000
(9, 6): nan, nan, nan, 0.0000
(9, 7): nan, nan, nan, 0.0000
(9, 8): nan, nan, nan, 0.0000
(9, 9): nan, nan, nan, 0.0000
(9, 10): 0.2394, 4.5400, 37.8474, 0.2784
(9, 11): -0.0472, 4.4400, 8.3396, 0.3980
(9, 12): nan, nan, nan, 0.0000
(9, 13): nan, nan, nan, 0.0000
(9, 14): nan, nan, nan, 0.0000
(9, 15): 0.4346, 4.4100, 47.7058, 0.2910
(9, 16): 0.3573, 4.4700, 61.8492, 0.3119
(9, 17): 0.3369, 4.4400, 62.4897, 0.2709
(9, 18): 0.3438, 4.4400, 60.4478, 0.2676
(9, 19): 0.2866, 4.4300, 65.3895, 0.2433
(9, 20): 0.2745, 4.4200, 64.6895, 0.2157
(9, 21): 0.2451, 4.4100, 70.1538, 0.2408
(9, 22): 0.2527, 4.4200, 68.0100, 0.2768
(9, 23): 0.1789, 4.4900, 74.5824, 0.2199
(9, 24): 0.1496, 4.4200, 76.6374, 0.2023
(9, 25): 0.1811, 4.4900, 70.9983, 0.2132
(9, 26): 0.2523, 4.4600, 64.4498, 0.2166
(9, 27): 0.0982, 4.4200, 16.6677, 0.3294
(10, 1): nan, nan, nan, 0.0000
(10, 2): nan, nan, nan, 0.0000
(10, 3): nan, nan, nan, 0.0000
(10, 4): nan, nan, nan, 0.0000
(10, 5): nan, nan, nan, 0.0000
(10, 6): nan, nan, nan, 0.0000
(19, 13): 0.3757, 4.4100, 51.2891, 0.2609
(19, 14): 0.2447, 4.4100, 63.0096, 0.2893
(19, 15): 0.1574, 4.5500, 74.8550, 0.3010
(19, 16): 0.1901, 4.6100, 69.1996, 0.2642
(19, 17): 0.2111, 4.5800, 68.1686, 0.2191
(19, 18): 0.1918, 4.6700, 71.1888, 0.2132
(19, 19): 0.2492, 4.4500, 69.3585, 0.2358
(19, 20): 0.2391, 4.4500, 67.0171, 0.2308
(19, 21): 0.2726, 4.5000, 59.9856, 0.1789
(19, 22): 0.2706, 4.5400, 60.6291, 0.1957
(19, 23): 0.3239, 4.6200, 54.5688, 0.1973
(19, 24): 0.3486, 4.4700, 53.7127, 0.1865
(19, 25): 0.3556, 4.4600, 32.3919, 0.2174
(19, 26): 0.1352, 4.4100, 5.6785, 0.4005
(19, 27): nan, nan, nan, 0.0000
(20, 1): nan, nan, nan, 0.0000
(20, 2): nan, nan, nan, 0.0000
(20, 3): nan, nan, nan, 0.0000
(20, 4): nan, nan, nan, 0.0000
(20, 5): nan, nan, nan, 0.0000
(20, 6): nan, nan, nan, 0.0000
(20, 7): 0.0695, 4.4100, 20.5729, 0.4147
(20, 8): 0.5364, 4.4100, 47.6555, 0.3712
(20, 9): 0.2729, 4.5400, 68.5856, 0.2843
(20, 10): 0.2775, 4.4300, 64.0713, 0.2793
(20, 11): 0.3079, 4.4900, 60.3668, 0.3069
(20, 12): 0.2386, 4.4500, 63.2847, 0.2851
(20, 13): 0.3740, 4.4400, 49.2463, 0.2533
(20, 14): 0.3195, 4.4300, 55.3022, 0.2625
(20, 15): 0.1341, 4.4200, 77.7352, 0.2241
(20, 16): 0.2104, 4.4200, 70.7509, 0.2458
(20, 17): 0.2516, 4.4200, 65.7853, 0.2467
(20, 18): 0.2430, 4.4100, 69.3781, 0.2358
(20, 19): 0.3313, 4.4800, 64.1608, 0.2249
(20, 20): 0.2708, 4.4400, 62.1433, 0.2007
(20, 21): 0.2751, 4.4700, 54.5961, 0.1789
(20, 22): 0.3576, 4.4800, 47.7153, 0.2007
(20, 23): 0.3322, 4.4100, 48.1228, 0.1881
(20, 24): 0.3270, 4.4800, 52.8459, 0.2358
(20, 25): 0.3145, 4.5400, 54.5289, 0.2099
(20, 26): 0.2072, 4.4700, 13.1749, 0.2793
(20, 27): nan, nan, nan, 0.0000
(21, 1): nan, nan, nan, 0.0000
(21, 2): nan, nan, nan, 0.0000
(21, 3): nan, nan, nan, 0.0000
(21, 4): nan, nan, nan, 0.0000
(21, 5): nan, nan, nan, 0.0000
(21, 6): 0.2856, 4.4700, 14.1836, 0.3645
(21, 7): 0.2392, 4.4600, 63.6634, 0.3328
(21, 8): 0.3398, 4.4600, 60.5995, 0.3010
(21, 9): 0.1971, 4.5200, 71.1977, 0.2818
(21, 10): 0.3103, 4.4100, 59.0971, 0.2801
(21, 11): 0.2691, 4.4800, 63.6782, 0.2759
(21, 12): 0.2578, 4.4300, 61.4709, 0.3018
(21, 13): 0.2700, 4.5100, 58.9618, 0.2751
(21, 14): 0.2264, 4.4900, 66.5082, 0.2734
(21, 15): 0.2226, 4.4800, 71.3227, 0.2450
(21, 16): 0.2599, 4.5700, 65.0959, 0.2316
(21, 17): 0.3550, 4.4500, 57.1669, 0.2450
(21, 18): 0.3331, 4.4200, 58.0409, 0.2249
(21, 19): 0.3133, 4.4100, 57.7915, 0.2249
(21, 20): 0.2768, 4.4200, 56.9336, 0.1823
(21, 21): 0.2206, 4.4100, 49.5649, 0.1973
(21, 22): 0.3745, 4.4100, 46.4390, 0.2609
(21, 23): 0.3293, 4.4600, 49.5601, 0.2283
(21, 24): 0.2363, 4.5200, 29.6299, 0.2533
(21, 25): nan, nan, nan, 0.0000
(21, 26): nan, nan, nan, 0.0000
(21, 27): nan, nan, nan, 0.0000
(22, 1): nan, nan, nan, 0.0000
(22, 2): nan, nan, nan, 0.0000
(22, 3): nan, nan, nan, 0.0000
(22, 4): nan, nan, nan, 0.0000
(22, 5): nan, nan, nan, 0.0000
(22, 6): 0.2881, 4.5000, 39.0987, 0.2818
(22, 7): 0.4984, 4.4100, 44.2435, 0.3353
(22, 8): 0.3168, 4.5000, 57.3097, 0.3554
(22, 9): 0.3803, 4.4500, 51.2034, 0.2793
(22, 10): 0.2796, 4.4800, 62.3408, 0.2793
(22, 11): 0.2626, 4.5200, 65.7815, 0.2717
(22, 12): 0.2082, 4.5000, 64.2365, 0.2860
(22, 13): 0.3073, 4.4100, 58.2064, 0.2759
(22, 14): 0.2125, 4.5500, 68.9985, 0.2742
(22, 15): 0.2733, 4.4400, 64.9536, 0.2467
(22, 16): 0.3202, 4.4400, 59.0496, 0.2391
(22, 17): 0.3982, 4.4300, 53.8912, 0.2074
(22, 18): 0.4271, 4.4300, 52.0405, 0.2174
(22, 19): 0.4393, 4.4400, 50.0021, 0.3411
(22, 20): 0.2423, 4.4100, 49.6619, 0.2383
(22, 21): 0.1520, 4.4500, 11.6014, 0.3261
(22, 22): nan, nan, nan, 0.0000
(22, 23): nan, nan, nan, 0.0000
(22, 24): nan, nan, nan, 0.0000
(22, 25): nan, nan, nan, 0.0000
(22, 26): nan, nan, nan, 0.0000
(22, 27): nan, nan, nan, 0.0000
(23, 1): nan, nan, nan, 0.0000
(23, 2): nan, nan, nan, 0.0000
(23, 3): nan, nan, nan, 0.0000
(23, 4): nan, nan, nan, 0.0000
(23, 5): 0.0846, 4.4500, 25.0204, 0.3278
(23, 6): 0.2008, 4.5000, 43.3526, 0.2960
(23, 7): 0.1816, 4.5100, 53.7360, 0.2408
(23, 8): 0.2076, 4.5000, 66.7736, 0.3403
(23, 9): 0.0856, 4.5100, 82.1127, 0.2533
(23, 10): 0.1192, 4.4300, 78.9657, 0.2952
(23, 11): 0.3477, 4.4300, 60.1887, 0.2860
(23, 12): 0.4241, 4.4400, 52.2172, 0.2834
(23, 13): 0.3988, 4.4200, 52.3891, 0.2709
(23, 14): 0.3124, 4.5200, 60.5191, 0.2467
(23, 15): 0.3913, 4.4100, 54.8698, 0.2542
(23, 16): 0.3935, 4.4700, 54.9088, 0.2324
(23, 17): 0.4251, 4.4200, 52.5566, 0.2283
(23, 18): 0.3744, 4.4900, 55.4661, 0.2149
(23, 19): 0.3283, 4.4100, 59.6162, 0.2199
(23, 20): 0.2754, 4.6500, 52.9398, 0.2182
(23, 21): nan, nan, nan, 0.0000
(23, 22): nan, nan, nan, 0.0000
(23, 23): nan, nan, nan, 0.0000
(23, 24): nan, nan, nan, 0.0000
(23, 25): nan, nan, nan, 0.0000
(23, 26): nan, nan, nan, 0.0000
(23, 27): nan, nan, nan, 0.0000
(24, 1): nan, nan, nan, 0.0000
(24, 2): nan, nan, nan, 0.0000
(24, 3): nan, nan, nan, 0.0000
(24, 4): 0.1796, 4.4200, 16.4320, 0.3528
(24, 5): 0.1919, 4.4400, 30.9211, 0.3102
(24, 6): 0.1659, 4.5600, 31.2357, 0.3035
(24, 7): 0.1897, 4.4900, 67.5741, 0.2935
(24, 8): 0.2070, 4.5000, 47.5617, 0.2559
(24, 9): 0.1826, 4.4300, 62.1701, 0.2467
(24, 10): 0.1817, 4.4200, 61.4284, 0.2768
(24, 11): 0.2430, 4.4300, 69.7171, 0.2726
(24, 12): 0.3505, 4.4700, 57.2691, 0.2901
(24, 13): 0.3288, 4.4600, 58.6920, 0.2575
(24, 14): 0.2818, 4.4098, 62.4585, 0.2617
(24, 15): 0.5011, 4.4400, 45.0505, 0.2717
(24, 16): 0.4735, 4.4100, 49.8275, 0.2625
(24, 17): 0.3974, 4.4500, 54.7412, 0.2249
(24, 18): 0.3573, 4.4700, 57.4534, 0.2241
(24, 19): 0.3006, 4.4200, 62.5752, 0.2074
(24, 20): 0.3557, 4.4700, 56.9798, 0.1915
(24, 21): 0.3054, 4.5000, 35.9361, 0.2099
(24, 22): nan, nan, nan, 0.0000
(24, 23): nan, nan, nan, 0.0000
(24, 24): nan, nan, nan, 0.0000
(24, 25): nan, nan, nan, 0.0000
(24, 26): nan, nan, nan, 0.0000
(24, 27): nan, nan, nan, 0.0000
(25, 1): nan, nan, nan, 0.0000
(25, 2): nan, nan, nan, 0.0000
(25, 3): nan, nan, nan, 0.0000
(25, 4): 0.2769, 4.5100, 39.3157, 0.3035
(25, 5): 0.2647, 4.4300, 47.4302, 0.2768
(25, 6): 0.2859, 4.4300, 57.6535, 0.2776
(25, 7): 0.1411, 4.4600, 36.3454, 0.3520
(25, 8): 0.2235, 4.4700, 57.7308, 0.3094
(25, 9): 0.3272, 4.5800, 57.9326, 0.3094
(25, 10): 0.3487, 4.4100, 55.4628, 0.3503
(25, 11): 0.2915, 4.4700, 62.8762, 0.3261
(25, 12): 0.3373, 4.4500, 59.8284, 0.2818
(25, 13): 0.3061, 4.4200, 63.5912, 0.3144
(25, 14): 0.3638, 4.4100, 56.3606, 0.3135
(25, 15): 0.4099, 4.4100, 57.2171, 0.2308
(25, 16): 0.4458, 4.4700, 55.0701, 0.2157
(25, 17): 0.4476, 4.4600, 51.4474, 0.2684
(25, 18): 0.3328, 4.4500, 60.2944, 0.2199
(25, 19): 0.3549, 4.4100, 57.1419, 0.1915
(25, 20): 0.3699, 4.4200, 56.1192, 0.2166
(25, 21): 0.3827, 4.4600, 55.0656, 0.2199
(25, 22): 0.2695, 4.4700, 26.5488, 0.2651
(25, 23): nan, nan, nan, 0.0000
(25, 24): nan, nan, nan, 0.0000
(25, 25): nan, nan, nan, 0.0000
(25, 26): nan, nan, nan, 0.0000
(25, 27): nan, nan, nan, 0.0000
(26, 1): nan, nan, nan, 0.0000
(26, 2): 0.1374, 4.4200, 6.5396, 0.4139
(26, 3): 0.1752, 4.4700, 30.7065, 0.2960
(26, 4): 0.2709, 4.5400, 37.9217, 0.3344
(26, 5): 0.1535, 4.5100, 41.2688, 0.2751
(26, 6): 0.1740, 4.4500, 33.2807, 0.2985
(26, 7): 0.2696, 4.4200, 53.1812, 0.2910
(26, 8): 0.3082, 4.4999, 61.4543, 0.2299
(26, 9): 0.2758, 4.4300, 63.6959, 0.2592
(26, 10): 0.1936, 4.4200, 68.2531, 0.2659
(26, 11): 0.1864, 4.4400, 72.9552, 0.2809
(26, 12): 0.1929, 4.5100, 75.2195, 0.2935
(26, 13): 0.2685, 4.4300, 63.5015, 0.2885
(26, 14): 0.3616, 4.4300, 56.5200, 0.2943
(26, 15): 0.4141, 4.4900, 57.0061, 0.3035
(26, 16): 0.3866, 4.4500, 58.5734, 0.2592
(26, 17): 0.3793, 4.4100, 57.3488, 0.2258
(26, 18): 0.3747, 4.4500, 58.5340, 0.2291
(26, 19): 0.4001, 4.4700, 56.9660, 0.2191
(26, 20): 0.3587, 4.4100, 59.6974, 0.2299
(26, 21): 0.3475, 4.4200, 59.0969, 0.1973
(26, 22): 0.2989, 4.4400, 47.2286, 0.2065
(26, 23): nan, nan, nan, 0.0000
(26, 24): nan, nan, nan, 0.0000
(26, 25): nan, nan, nan, 0.0000
(26, 26): nan, nan, nan, 0.0000
(26, 27): nan, nan, nan, 0.0000
(27, 1): nan, nan, nan, 0.0000
(27, 2): 0.2544, 4.5400, 27.8278, 0.3428
(27, 3): 0.2758, 4.4200, 64.8694, 0.2659
(27, 4): 0.2547, 4.4700, 69.4478, 0.3069
(27, 5): 0.1722, 4.4200, 75.8159, 0.2667
(27, 6): 0.2236, 4.4600, 52.2408, 0.2592
(27, 7): 0.1442, 4.5100, 24.3963, 0.2759
(27, 8): 0.2159, 4.4300, 55.8741, 0.2642
(27, 9): 0.1789, 4.4100, 52.6851, 0.2375
(27, 10): 0.1258, 4.4700, 56.5690, 0.2416
(27, 11): 0.1490, 4.4400, 58.3331, 0.3152
(27, 12): 0.1890, 4.4200, 33.2664, 0.2383
(27, 13): 0.3468, 4.4200, 48.2280, 0.2349
(27, 14): 0.2839, 4.5100, 44.7873, 0.2333
(27, 15): 0.3899, 4.4300, 59.7927, 0.2023
(27, 16): 0.3740, 4.4100, 58.7149, 0.2249
(27, 17): 0.4356, 4.5900, 54.1975, 0.2759
(27, 18): 0.3817, 4.4200, 57.6225, 0.2157
(27, 19): 0.4002, 4.4400, 55.7162, 0.1931
(27, 20): 0.3407, 4.4600, 57.8759, 0.1973
(27, 21): 0.3453, 4.4600, 54.8176, 0.2074
(27, 22): 0.3131, 4.5100, 43.6731, 0.2600
(27, 23): nan, nan, nan, 0.0000
(27, 24): nan, nan, nan, 0.0000
(27, 25): nan, nan, nan, 0.0000
(27, 26): nan, nan, nan, 0.0000
(27, 27): nan, nan, nan, 0.0000
(28, 1): nan, nan, nan, 0.0000
(28, 2): 0.1248, 4.4100, 5.9515, 0.3871
(28, 3): 0.1860, 4.5000, 34.3380, 0.3069
(28, 4): 0.4855, 4.4800, 20.9791, 0.3420
(28, 5): 0.2052, 4.4200, 55.4162, 0.2349
(28, 6): 0.1695, 4.4200, 32.5438, 0.2843
(28, 7): 0.0867, 4.5100, 35.9965, 0.2759
(28, 8): 0.2698, 4.4200, 42.6898, 0.3035
(28, 9): 0.1917, 4.4800, 38.4279, 0.2475
(28, 10): nan, nan, nan, 0.0000
(28, 11): nan, nan, nan, 0.0000
(28, 12): nan, nan, nan, 0.0000
(28, 13): nan, nan, nan, 0.0000
(28, 14): 0.2528, 4.4100, 16.5402, 0.2885
(28, 15): 0.4305, 4.4400, 50.6650, 0.2283
(28, 16): 0.4007, 4.4800, 53.4645, 0.1948
(28, 17): 0.3974, 4.6500, 53.9264, 0.1931
(28, 18): 0.3845, 4.8100, 55.4486, 0.1814
(28, 19): 0.3879, 4.4100, 53.0486, 0.1731
(28, 20): 0.3054, 4.4900, 57.9085, 0.2375
(28, 21): 0.2981, 4.4200, 56.9498, 0.2082
(28, 22): 0.2918, 4.4400, 22.6772, 0.2333
(28, 23): nan, nan, nan, 0.0000
(28, 24): nan, nan, nan, 0.0000
(28, 25): nan, nan, nan, 0.0000
(28, 26): nan, nan, nan, 0.0000
(28, 27): nan, nan, nan, 0.0000
(29, 1): nan, nan, nan, 0.0000
(29, 2): 0.2824, 4.4600, 57.7170, 0.2467
(29, 3): 0.1950, 4.4300, 69.1889, 0.2274
(29, 4): 0.2176, 4.4800, 56.2964, 0.2676
(29, 5): 0.2723, 4.4200, 41.7408, 0.3102
(29, 6): 0.2841, 4.5400, 61.2149, 0.2408
(29, 7): 0.3128, 4.4300, 47.2213, 0.2099
(29, 8): 0.1055, 4.4700, 5.7542, 0.3687
(29, 9): nan, nan, nan, 0.0000
(29, 10): nan, nan, nan, 0.0000
(29, 11): nan, nan, nan, 0.0000
(29, 12): nan, nan, nan, 0.0000
(29, 13): nan, nan, nan, 0.0000
(29, 14): nan, nan, nan, 0.0000
(29, 15): 0.1455, 4.4300, 11.5852, 0.3085
(29, 16): 0.2668, 4.4600, 26.3575, 0.2324
(29, 17): 0.1770, 4.4100, 6.3287, 0.3704
(29, 18): 0.3142, 4.4100, 46.3077, 0.2065
(29, 19): 0.3166, 4.5300, 57.1228, 0.1982
(29, 20): 0.2823, 4.5200, 59.6944, 0.1839
(29, 21): 0.3412, 4.4600, 55.4487, 0.1923
(29, 22): 0.1697, 4.4100, 14.7120, 0.2876
(29, 23): nan, nan, nan, 0.0000
(29, 24): nan, nan, nan, 0.0000
(29, 25): nan, nan, nan, 0.0000
(29, 26): nan, nan, nan, 0.0000
(29, 27): nan, nan, nan, 0.0000
(30, 1): nan, nan, nan, 0.0000
(30, 2): 0.1853, 4.6000, 40.5739, 0.2358
(30, 3): 0.0229, 4.4100, 22.8314, 0.2893
(30, 4): -0.0644, 4.4100, 19.9005, 0.3110
(30, 5): 0.2295, 4.5500, 55.6902, 0.2751
(30, 6): 0.2207, 4.4400, 51.2715, 0.2408
(30, 7): 0.1723, 4.4700, 16.0912, 0.2768
(30, 8): nan, nan, nan, 0.0000
(30, 9): nan, nan, nan, 0.0000
(30, 10): nan, nan, nan, 0.0000
(30, 11): nan, nan, nan, 0.0000
(30, 12): nan, nan, nan, 0.0000
(30, 13): nan, nan, nan, 0.0000
(30, 14): nan, nan, nan, 0.0000
(30, 15): nan, nan, nan, 0.0000
(30, 16): nan, nan, nan, 0.0000
(30, 17): nan, nan, nan, 0.0000
(30, 18): nan, nan, nan, 0.0000
(30, 19): 0.1646, 4.4200, 15.5795, 0.2834
(30, 20): 0.3577, 4.4600, 46.6394, 0.2115
(30, 21): 0.3300, 4.4200, 53.4594, 0.1873
(30, 22): 0.2426, 4.4400, 17.7269, 0.2458
(30, 23): nan, nan, nan, 0.0000
(30, 24): nan, nan, nan, 0.0000
(30, 25): nan, nan, nan, 0.0000
(30, 26): nan, nan, nan, 0.0000
(30, 27): nan, nan, nan, 0.0000
(31, 1): nan, nan, nan, 0.0000
(31, 2): nan, nan, nan, 0.0000
(31, 3): nan, nan, nan, 0.0000
(31, 4): nan, nan, nan, 0.0000
(31, 5): nan, nan, nan, 0.0000
(31, 6): nan, nan, nan, 0.0000
(31, 7): nan, nan, nan, 0.0000
(31, 8): nan, nan, nan, 0.0000
(31, 9): nan, nan, nan, 0.0000
(31, 10): nan, nan, nan, 0.0000
(31, 11): nan, nan, nan, 0.0000
(31, 12): nan, nan, nan, 0.0000
(31, 13): nan, nan, nan, 0.0000
(31, 14): nan, nan, nan, 0.0000
(31, 15): nan, nan, nan, 0.0000
(31, 16): nan, nan, nan, 0.0000
(31, 17): nan, nan, nan, 0.0000
(31, 18): nan, nan, nan, 0.0000
(31, 19): 0.2540, 4.4200, 10.5295, 0.2926
(31, 20): 0.3641, 4.4500, 53.1069, 0.1990
(31, 21): 0.2243, 4.4400, 14.3346, 0.2751
(31, 22): nan, nan, nan, 0.0000
(31, 23): nan, nan, nan, 0.0000
(31, 24): nan, nan, nan, 0.0000
(31, 25): nan, nan, nan, 0.0000
(31, 26): nan, nan, nan, 0.0000
(31, 27): nan, nan, nan, 0.0000
(32, 1): nan, nan, nan, 0.0000
(32, 2): nan, nan, nan, 0.0000
(32, 3): nan, nan, nan, 0.0000
(32, 4): nan, nan, nan, 0.0000
(32, 5): nan, nan, nan, 0.0000
(32, 6): nan, nan, nan, 0.0000
(32, 7): nan, nan, nan, 0.0000
(32, 8): nan, nan, nan, 0.0000
(32, 9): nan, nan, nan, 0.0000
(32, 10): nan, nan, nan, 0.0000
(32, 11): nan, nan, nan, 0.0000
(32, 12): nan, nan, nan, 0.0000
(32, 13): nan, nan, nan, 0.0000
(32, 14): nan, nan, nan, 0.0000
(32, 15): nan, nan, nan, 0.0000
(32, 16): nan, nan, nan, 0.0000
(32, 17): nan, nan, nan, 0.0000
(32, 18): nan, nan, nan, 0.0000
(32, 19): 0.2371, 4.4800, 15.9717, 0.2818
(32, 20): 0.4039, 4.4098, 58.4370, 0.2508
(32, 21): 0.2900, 4.4300, 44.6764, 0.2458
(32, 22): 0.2425, 4.4100, 10.4296, 0.3052
(32, 23): nan, nan, nan, 0.0000
(32, 24): nan, nan, nan, 0.0000
(32, 25): nan, nan, nan, 0.0000
(32, 26): nan, nan, nan, 0.0000
(32, 27): nan, nan, nan, 0.0000
(33, 1): nan, nan, nan, 0.0000
(33, 2): nan, nan, nan, 0.0000
(33, 3): nan, nan, nan, 0.0000
(33, 4): nan, nan, nan, 0.0000
(33, 5): nan, nan, nan, 0.0000
(33, 6): nan, nan, nan, 0.0000
(33, 7): nan, nan, nan, 0.0000
(33, 8): nan, nan, nan, 0.0000
(33, 9): nan, nan, nan, 0.0000
(33, 10): nan, nan, nan, 0.0000
(33, 11): nan, nan, nan, 0.0000
(33, 12): nan, nan, nan, 0.0000
(33, 13): nan, nan, nan, 0.0000
(33, 14): nan, nan, nan, 0.0000
(33, 15): nan, nan, nan, 0.0000
(33, 16): nan, nan, nan, 0.0000
(33, 17): nan, nan, nan, 0.0000
(33, 18): nan, nan, nan, 0.0000
(33, 19): 0.3738, 4.4900, 38.9229, 0.2157
(33, 20): 0.4308, 4.4500, 60.4531, 0.2241
(33, 21): 0.3306, 4.5100, 66.3911, 0.2475
(33, 22): 0.2585, 4.4500, 30.7631, 0.2609
(33, 23): nan, nan, nan, 0.0000
(33, 24): nan, nan, nan, 0.0000
(33, 25): nan, nan, nan, 0.0000
(33, 26): nan, nan, nan, 0.0000
(33, 27): nan, nan, nan, 0.0000
(34, 1): nan, nan, nan, 0.0000
(34, 2): nan, nan, nan, 0.0000
(34, 3): nan, nan, nan, 0.0000
(34, 4): nan, nan, nan, 0.0000
(34, 5): nan, nan, nan, 0.0000
(34, 6): nan, nan, nan, 0.0000
(34, 7): nan, nan, nan, 0.0000
(34, 8): nan, nan, nan, 0.0000
(34, 9): nan, nan, nan, 0.0000
(34, 10): nan, nan, nan, 0.0000
(34, 11): nan, nan, nan, 0.0000
(34, 12): nan, nan, nan, 0.0000
(34, 13): nan, nan, nan, 0.0000
(34, 14): nan, nan, nan, 0.0000
(34, 15): nan, nan, nan, 0.0000
(34, 16): nan, nan, nan, 0.0000
(34, 17): nan, nan, nan, 0.0000
(34, 18): nan, nan, nan, 0.0000
(34, 19): 0.3149, 4.5000, 37.1072, 0.2400
(34, 20): 0.3081, 4.6500, 69.7887, 0.2065
(34, 21): 0.2649, 4.4100, 75.0272, 0.2048
(34, 22): 0.1163, 4.4400, 12.7433, 0.2901
(34, 23): nan, nan, nan, 0.0000
(34, 24): nan, nan, nan, 0.0000
(34, 25): nan, nan, nan, 0.0000
(34, 26): nan, nan, nan, 0.0000
(34, 27): nan, nan, nan, 0.0000
(35, 1): nan, nan, nan, 0.0000
(35, 2): nan, nan, nan, 0.0000
(35, 3): nan, nan, nan, 0.0000
(35, 4): nan, nan, nan, 0.0000
(35, 5): nan, nan, nan, 0.0000
(35, 6): nan, nan, nan, 0.0000
(35, 7): nan, nan, nan, 0.0000
(35, 8): nan, nan, nan, 0.0000
(35, 9): nan, nan, nan, 0.0000
(35, 10): nan, nan, nan, 0.0000
(35, 11): nan, nan, nan, 0.0000
(35, 12): nan, nan, nan, 0.0000
(35, 13): nan, nan, nan, 0.0000
(35, 14): nan, nan, nan, 0.0000
(35, 15): nan, nan, nan, 0.0000
(35, 16): nan, nan, nan, 0.0000
(35, 17): nan, nan, nan, 0.0000
(35, 18): nan, nan, nan, 0.0000
(35, 19): nan, nan, nan, 0.0000
(35, 20): nan, nan, nan, 0.0000
(35, 21): nan, nan, nan, 0.0000
(35, 22): nan, nan, nan, 0.0000
(35, 23): nan, nan, nan, 0.0000
(35, 24): nan, nan, nan, 0.0000
(35, 25): nan, nan, nan, 0.0000
(35, 26): nan, nan, nan, 0.0000
(35, 27): nan, nan, nan, 0.0000
(36, 1): nan, nan, nan, 0.0000
(36, 2): nan, nan, nan, 0.0000
(36, 3): nan, nan, nan, 0.0000
(36, 4): nan, nan, nan, 0.0000
(36, 5): nan, nan, nan, 0.0000
(36, 6): nan, nan, nan, 0.0000
(36, 7): nan, nan, nan, 0.0000
(36, 8): nan, nan, nan, 0.0000
(36, 9): nan, nan, nan, 0.0000
(36, 10): nan, nan, nan, 0.0000
(36, 11): nan, nan, nan, 0.0000
(36, 12): nan, nan, nan, 0.0000
(36, 13): nan, nan, nan, 0.0000
(36, 14): nan, nan, nan, 0.0000
(36, 15): nan, nan, nan, 0.0000
(36, 16): nan, nan, nan, 0.0000
(36, 17): nan, nan, nan, 0.0000
(36, 18): nan, nan, nan, 0.0000
(36, 19): nan, nan, nan, 0.0000
(36, 20): nan, nan, nan, 0.0000
(36, 21): nan, nan, nan, 0.0000
(36, 22): nan, nan, nan, 0.0000
(36, 23): nan, nan, nan, 0.0000
(36, 24): nan, nan, nan, 0.0000
(36, 25): nan, nan, nan, 0.0000
(36, 26): nan, nan, nan, 0.0000
(36, 27): nan, nan, nan, 0.0000
(37, 1): nan, nan, nan, 0.0000
(37, 2): nan, nan, nan, 0.0000
(37, 3): nan, nan, nan, 0.0000
(37, 4): nan, nan, nan, 0.0000
(37, 5): nan, nan, nan, 0.0000
(37, 6): nan, nan, nan, 0.0000
(37, 7): nan, nan, nan, 0.0000
(37, 8): nan, nan, nan, 0.0000
(37, 9): nan, nan, nan, 0.0000
(37, 10): nan, nan, nan, 0.0000
(37, 11): nan, nan, nan, 0.0000
(37, 12): nan, nan, nan, 0.0000
(37, 13): nan, nan, nan, 0.0000
(37, 14): nan, nan, nan, 0.0000
(37, 15): nan, nan, nan, 0.0000
(37, 16): nan, nan, nan, 0.0000
(37, 17): nan, nan, nan, 0.0000
(37, 18): nan, nan, nan, 0.0000
(37, 19): nan, nan, nan, 0.0000
(37, 20): nan, nan, nan, 0.0000
(37, 21): nan, nan, nan, 0.0000
(37, 22): nan, nan, nan, 0.0000
(37, 23): nan, nan, nan, 0.0000
(37, 24): nan, nan, nan, 0.0000
(37, 25): nan, nan, nan, 0.0000
(37, 26): nan, nan, nan, 0.0000
(37, 27): nan, nan, nan, 0.0000
