(10, 10): 0.5164, 3.0300, 28.0343
(10, 11): 0.2235, 3.0200, 15.6592
(10, 12): 0.4574, 3.0900, 29.5778
(10, 14): 0.1832, 3.0400, 5.7364
(10, 15): 0.4781, 3.0600, 44.3158
(10, 16): 0.3984, 3.0500, 54.6460
(10, 17): 0.4498, 3.0200, 50.1512
(10, 18): 0.2956, 3.0400, 62.6151
(10, 19): 0.3812, 3.1600, 57.5078
(10, 20): 0.3406, 3.0300, 58.1039
(10, 21): 0.3019, 3.0600, 63.7275
(10, 22): 0.3239, 3.0800, 61.5474
(10, 23): 0.3152, 3.0100, 61.8161
(10, 24): 0.2855, 3.0200, 62.1292
(10, 25): 0.2757, 3.0400, 62.8678
(10, 26): 0.2995, 3.2200, 60.9699
(11, 10): 0.4719, 3.0100, 39.7918
(11, 11): 0.5832, 3.0100, 40.7458
(11, 12): 0.5519, 3.0300, 41.6354
(11, 13): 0.2550, 3.0300, 16.5297
(11, 16): 0.1611, 3.0200, 10.3185
(11, 17): 0.4090, 3.0400, 51.1250
(11, 18): 0.3168, 3.0100, 62.7233
(11, 19): 0.3907, 3.0100, 56.1667
(11, 20): 0.3795, 3.0300, 54.5307
(11, 21): 0.3612, 3.1600, 57.4520
(11, 22): 0.2590, 3.0500, 65.7178
(11, 23): 0.2494, 3.0500, 64.2594
(11, 24): 0.2305, 3.0100, 67.7070
(11, 25): 0.2272, 3.1600, 65.7226
(11, 26): 0.3109, 3.0200, 56.7062
(12, 10): 0.4446, 3.0100, 46.6869
(12, 11): 0.4123, 3.0600, 52.5817
(12, 12): 0.5317, 3.0500, 42.4796
(12, 13): 0.4142, 3.0300, 40.9312
(12, 14): 0.2815, 3.0600, 31.3278
(12, 16): 0.2518, 3.0700, 16.4126
(12, 17): 0.3078, 3.0700, 59.2208
(12, 18): 0.2706, 3.0900, 65.5865
(12, 19): 0.2878, 3.1600, 61.8056
(12, 20): 0.3189, 3.0300, 60.5517
(12, 21): 0.3305, 3.0500, 60.6237
(12, 22): 0.2556, 3.0200, 64.3511
(12, 23): 0.3120, 3.0100, 57.5903
(12, 24): 0.3390, 3.0600, 48.6064
(12, 25): 0.1813, 3.0100, 18.4828
(12, 26): 0.1733, 3.0100, 19.4335
(13, 10): 0.3956, 3.0100, 55.1359
(13, 11): 0.3970, 3.1600, 55.6638
(13, 12): 0.3222, 3.1100, 57.6004
(13, 13): 0.3820, 3.1000, 42.2868
(13, 14): 0.1541, 3.0400, 12.1407
(13, 16): 0.1150, 3.0300, 10.8180
(13, 17): 0.2489, 3.0400, 49.8905
(13, 18): 0.2142, 3.0100, 58.1152
(13, 19): 0.2846, 3.0200, 59.5913
(13, 20): 0.3214, 3.1296, 58.3931
(13, 21): 0.3907, 3.0700, 53.0236
(13, 22): 0.3221, 3.0100, 54.7937
(13, 23): 0.3134, 3.0500, 56.6952
(13, 24): 0.3171, 3.1500, 50.3391
(13, 25): 0.1723, 3.0300, 5.4340
(14, 10): 0.4302, 3.0900, 53.8007
(14, 11): 0.4178, 3.0200, 55.5341
(14, 12): 0.3432, 3.0100, 57.2676
(14, 13): 0.0775, 3.0100, 6.8853
(14, 15): 0.1355, 3.0100, 6.1492
(14, 16): 0.7069, 3.0100, 23.7618
(14, 17): 0.4709, 3.0100, 46.4059
(14, 18): 0.2696, 3.0200, 60.1148
(14, 19): 0.3286, 3.0300, 57.1723
(14, 20): 0.3888, 3.0400, 53.6047
(14, 21): 0.3054, 3.0500, 56.7182
(14, 22): 0.2768, 3.0700, 58.1172
(14, 23): 0.2582, 3.0500, 57.3830
(14, 24): 0.2801, 3.0200, 51.9223
(14, 25): 0.2185, 3.0500, 32.8935
(14, 26): 0.3603, 3.0900, 32.1524
(14, 27): 0.2862, 3.0100, 5.1016
(15, 9): 0.2829, 3.0500, 13.6280
(15, 10): 0.5445, 3.0600, 46.0127
(15, 11): 0.3616, 3.1100, 62.1873
(15, 12): 0.4134, 3.0100, 56.7960
(15, 13): 0.1843, 3.0200, 25.7667
(15, 14): 0.0580, 3.0500, 6.3220
(15, 15): 0.2930, 3.0900, 50.1069
(15, 16): 0.2866, 3.0700, 59.2248
(15, 17): 0.4052, 3.0500, 49.3202
(15, 18): 0.2528, 3.0300, 55.3189
(15, 19): 0.2620, 3.0200, 64.4475
(15, 20): 0.3012, 3.0200, 58.0573
(15, 21): 0.1759, 3.0300, 64.9572
(15, 22): 0.2526, 3.0100, 57.3013
(15, 23): 0.2968, 3.0300, 52.6255
(15, 24): 0.2730, 3.1300, 55.6899
(15, 25): 0.3338, 3.0300, 53.2745
(15, 26): 0.3643, 3.0200, 53.2100
(15, 27): 0.3548, 3.0200, 35.2178
(16, 9): 0.2916, 3.0300, 22.0378
(16, 10): 0.4542, 3.0400, 51.0201
(16, 11): 0.8898, 3.0400, 25.3213
(16, 12): 0.5405, 3.0600, 41.0152
(16, 13): 0.1750, 3.0100, 24.7948
(16, 14): 0.3640, 3.0300, 52.1116
(16, 15): 0.5595, 3.0200, 39.9017
(16, 16): 0.4535, 3.0200, 40.1923
(16, 17): 0.2162, 3.0200, 53.1978
(16, 18): 0.3537, 3.0500, 57.1367
(16, 19): 0.3197, 3.0200, 58.9881
(16, 20): 0.3367, 3.1400, 55.5832
(16, 21): 0.2262, 3.2100, 61.3401
(16, 22): 0.2519, 3.0600, 57.1033
(16, 23): 0.2637, 3.0400, 56.5943
(16, 24): 0.2618, 3.1000, 57.7261
(16, 25): 0.3456, 3.0100, 53.6354
(16, 26): 0.3430, 3.0400, 53.8020
(16, 27): 0.3211, 3.0200, 32.2947
(17, 9): 0.3290, 3.0700, 43.6336
(17, 10): 0.3873, 3.0200, 56.3269
(17, 11): 0.5963, 3.0200, 40.3561
(17, 12): 0.5528, 3.0400, 41.4346
(17, 13): 0.3604, 3.0200, 46.0309
(17, 14): 0.2844, 3.0400, 47.5574
(17, 15): 0.3851, 3.0200, 44.7226
(17, 16): 0.2609, 3.0200, 54.1595
(17, 17): 0.1996, 3.0100, 66.0339
(17, 18): 0.2784, 3.1000, 63.7921
(17, 19): 0.3550, 3.0400, 56.0899
(17, 20): 0.3246, 3.0700, 56.0141
(17, 21): 0.3102, 3.0500, 51.7260
(17, 22): 0.2174, 3.0100, 57.2798
(17, 23): 0.2971, 3.0600, 54.3992
(17, 24): 0.3114, 3.0600, 56.2287
(17, 25): 0.3545, 3.0200, 56.2362
(17, 26): 0.3393, 3.0300, 46.2642
(18, 8): 0.1594, 3.0200, 6.2177
(18, 9): 0.3377, 3.0200, 58.8238
(18, 10): 0.3400, 3.0400, 60.5961
(18, 11): 0.4238, 3.1000, 52.8795
(18, 12): 0.3940, 3.0100, 53.5818
(18, 13): 0.3445, 3.0300, 56.2571
(18, 14): 0.3091, 3.0400, 58.7468
(18, 15): 0.2382, 3.0100, 64.1979
(18, 16): 0.2308, 3.0100, 63.8154
(18, 17): 0.2039, 3.0400, 66.2971
(18, 18): 0.2435, 3.0100, 63.3731
(18, 19): 0.3414, 3.0500, 57.7045
(18, 20): 0.3082, 3.0100, 54.9232
(18, 21): 0.2838, 3.0300, 55.5741
(18, 22): 0.2948, 3.0700, 55.3609
(18, 23): 0.3221, 3.0200, 56.6613
(18, 24): 0.3702, 3.1300, 54.8457
(18, 25): 0.4017, 3.1800, 47.2025
(18, 26): 0.2646, 3.0100, 13.6709
(19, 8): 0.3868, 3.0600, 29.9974
(19, 9): 0.4980, 3.0200, 47.3852
(19, 10): 0.3537, 3.0200, 57.5908
(19, 11): 0.3571, 3.0800, 55.4365
(19, 12): 0.3618, 3.0100, 54.1876
(2, 20): 0.1388, 3.0100, 11.1558
(2, 21): 0.1308, 3.0100, 12.7430
(3, 16): 0.0777, 3.0400, 25.4466
(3, 17): 0.0999, 3.0100, 24.5838
(3, 18): 0.0371, 3.0900, 12.8846
(3, 19): 0.1142, 3.0100, 20.3939
(3, 20): 0.0908, 3.0400, 11.8084
(3, 21): 0.0725, 3.0700, 17.0130
(3, 22): 0.2003, 3.0600, 41.9842
(3, 23): 0.3010, 3.0100, 53.3561
(3, 24): 0.4888, 3.0400, 33.7411
(4, 13): 0.1397, 3.1700, 16.0648
(4, 14): 0.2268, 3.0100, 33.1463
(4, 15): 0.1226, 3.0600, 17.8671
(4, 16): 0.0433, 3.1500, 21.1980
(4, 17): 0.0946, 3.0600, 18.0730
(4, 18): 0.2798, 3.0100, 41.2250
(4, 19): 0.2595, 3.1200, 49.0757
(4, 20): 0.3493, 3.0100, 54.0241
(4, 21): 0.2846, 3.0400, 63.2005
(4, 22): 0.2768, 3.0400, 58.9068
(4, 23): 0.2021, 3.0300, 63.0148
(4, 24): 0.2744, 3.0300, 61.7803
(4, 25): 0.3997, 3.0200, 30.8031
(4, 26): 0.1355, 3.0100, 10.3255
(5, 13): 0.1700, 3.0700, 20.5740
(5, 16): 0.2673, 3.0300, 37.8511
(5, 17): 0.4287, 3.0200, 54.9333
(5, 18): 0.3068, 3.0200, 59.4690
(5, 19): 0.3003, 3.0100, 58.6524
(5, 20): 0.3520, 3.0300, 58.1413
(5, 21): 0.2718, 3.1300, 61.7822
(5, 22): 0.2679, 3.1600, 54.9834
(5, 23): 0.2454, 3.0300, 60.5722
(5, 24): 0.3018, 3.0100, 61.2606
(5, 25): 0.4319, 3.0100, 49.1656
(5, 26): 0.3479, 3.0600, 49.5842
(5, 27): 0.0961, 3.0300, 19.9031
(6, 11): 0.3148, 3.0900, 20.9873
(6, 12): 0.2229, 3.1000, 10.4508
(6, 15): 0.2856, 3.0189, 42.0068
(6, 16): 0.3770, 3.0300, 59.1423
(6, 17): 0.4722, 3.0500, 52.1006
(6, 18): 0.3316, 3.0500, 62.7716
(6, 19): 0.3940, 3.0800, 56.2054
(6, 20): 0.3239, 3.0300, 60.9196
(6, 21): 0.2848, 3.0100, 57.9685
(6, 22): 0.2581, 3.0500, 55.2012
(6, 23): 0.2601, 3.0100, 60.3977
(6, 24): 0.3398, 3.0300, 56.8680
(6, 25): 0.3773, 3.0000, 52.3065
(6, 26): 0.3628, 3.0300, 53.3985
(6, 27): 0.1666, 3.0400, 22.4025
(7, 10): 0.0107, 3.0100, 7.6120
(7, 11): 0.3279, 3.0300, 20.6835
(7, 15): 0.4829, 3.0600, 50.0934
(7, 16): 0.4070, 3.0800, 57.0489
(7, 17): 0.3662, 3.0700, 60.7452
(7, 18): 0.3683, 3.1200, 59.5066
(7, 19): 0.3840, 3.1800, 57.9748
(7, 20): 0.3377, 3.0300, 60.9712
(7, 21): 0.2760, 3.0100, 59.3860
(7, 22): 0.2240, 3.0200, 64.0988
(7, 23): 0.2457, 3.0100, 66.6271
(7, 24): 0.3742, 3.0500, 56.9613
(7, 25): 0.3180, 3.0200, 59.4100
(7, 26): 0.3533, 3.0100, 53.9949
(7, 27): 0.2136, 3.0600, 38.9836
(8, 10): 0.3728, 3.0200, 29.1162
(8, 11): 0.3665, 3.0100, 27.1549
(8, 14): 0.1373, 3.0100, 21.4992
(8, 15): 0.4748, 3.0200, 49.4282
(8, 16): 0.3964, 3.1400, 55.9361
(8, 17): 0.3785, 3.0500, 57.8526
(8, 18): 0.3349, 3.0400, 60.6877
(8, 19): 0.3540, 3.0700, 59.3499
(8, 20): 0.3809, 3.0100, 56.0731
(8, 21): 0.3927, 3.0100, 54.0541
(8, 22): 0.3063, 3.0600, 62.6852
(8, 23): 0.2856, 3.0100, 64.1532
(8, 24): 0.3037, 3.0200, 62.0003
(8, 25): 0.3200, 3.0100, 58.6182
(8, 26): 0.2623, 3.0500, 59.7025
(8, 27): 0.2233, 3.0100, 36.7470
(9, 10): 0.3658, 3.0100, 30.5564
(9, 11): 0.0220, 3.0200, 7.3858
(9, 15): 0.5117, 3.0300, 41.5913
(9, 16): 0.3948, 3.0200, 57.6910
(9, 17): 0.4013, 3.2100, 56.0160
(9, 18): 0.4044, 3.0100, 54.6385
(9, 19): 0.3224, 3.0300, 61.3211
(9, 20): 0.3451, 3.0500, 57.5914
(9, 21): 0.3249, 3.0700, 61.6208
(9, 22): 0.3983, 3.0400, 54.3195
(9, 23): 0.2333, 3.0100, 68.2303
(9, 24): 0.1962, 3.0300, 70.7910
(9, 25): 0.2258, 3.0200, 65.7878
(9, 26): 0.2833, 3.0100, 60.4269
(9, 27): 0.0988, 3.0100, 16.5189
(19, 13): 0.5068, 3.0200, 41.2599
(19, 14): 0.3717, 3.0200, 51.8579
(19, 15): 0.2102, 3.0100, 66.2726
(19, 16): 0.2406, 3.1300, 63.1298
(19, 17): 0.2428, 3.0100, 64.2195
(19, 18): 0.2287, 3.0455, 66.4759
(19, 19): 0.2875, 3.0300, 64.6270
(19, 20): 0.2916, 3.0500, 61.1133
(19, 21): 0.3057, 3.1500, 56.3187
(19, 22): 0.3288, 3.0800, 54.4433
(19, 23): 0.3505, 3.0500, 51.5457
(19, 24): 0.4100, 3.0700, 47.5887
(19, 25): 0.3825, 3.0300, 30.9080
(19, 26): 0.2067, 3.0200, 4.7198
(20, 7): 0.1576, 3.0800, 17.6146
(20, 8): 0.6695, 3.0200, 38.4567
(20, 9): 0.3423, 3.0100, 61.0270
(20, 10): 0.3475, 3.0100, 56.8187
(20, 11): 0.3832, 3.0400, 52.8267
(20, 12): 0.3462, 3.0200, 52.3122
(20, 13): 0.4887, 3.0100, 40.4794
(20, 14): 0.4197, 3.0300, 46.8212
(20, 15): 0.2172, 3.0700, 67.5490
(20, 16): 0.2867, 3.0300, 62.2407
(20, 17): 0.2751, 3.0100, 61.7857
(20, 18): 0.2766, 3.0100, 64.7312
(20, 19): 0.4014, 3.0700, 56.6437
(20, 20): 0.3269, 3.0200, 55.7325
(20, 21): 0.3289, 3.0393, 49.1989
(20, 22): 0.3839, 3.2500, 45.2161
(20, 23): 0.3755, 3.0200, 44.0311
(20, 24): 0.4017, 3.0300, 46.1382
(20, 25): 0.3481, 3.0100, 50.9351
(20, 26): 0.2217, 3.0300, 12.5383
(21, 6): 0.3219, 3.0200, 12.8819
(21, 7): 0.3274, 3.0700, 55.3988
(21, 8): 0.4101, 3.0800, 54.0793
(21, 9): 0.2937, 3.1600, 61.0654
(21, 10): 0.4346, 3.0100, 48.3389
(21, 11): 0.3456, 3.0600, 55.6471
(21, 12): 0.3693, 3.1200, 50.7711
(21, 13): 0.3727, 3.0100, 49.5833
(21, 14): 0.3801, 3.0500, 52.0633
(21, 15): 0.3472, 3.0200, 58.0809
(21, 16): 0.3619, 3.0200, 54.9931
(21, 17): 0.3787, 3.0672, 54.2925
(21, 18): 0.3800, 3.0700, 53.4083
(21, 19): 0.4021, 3.0500, 50.0812
(21, 20): 0.3600, 3.0700, 49.5799
(21, 21): 0.2687, 3.0100, 45.3123
(21, 22): 0.3969, 3.0500, 43.3965
(21, 23): 0.4166, 3.0200, 42.3998
(21, 24): 0.2747, 3.0900, 27.2023
(22, 6): 0.3351, 3.0800, 35.6724
(22, 7): 0.7028, 3.0100, 32.3346
(22, 8): 0.4719, 3.0600, 45.1145
(22, 9): 0.4608, 3.0500, 44.8942
(22, 10): 0.4111, 3.0100, 50.7576
(22, 11): 0.3983, 3.0500, 52.9851
(22, 12): 0.3112, 3.0100, 56.8782
(22, 13): 0.4397, 3.0100, 46.9040
(22, 14): 0.3418, 3.0400, 55.2755
(22, 15): 0.3511, 3.0700, 56.6635
(22, 16): 0.4023, 3.0400, 51.1668
(22, 17): 0.4708, 3.0500, 47.3211
(22, 18): 0.4583, 3.0100, 48.9762
(22, 19): 0.5317, 3.0300, 42.7823
(22, 20): 0.3385, 3.0300, 42.0339
(22, 21): 0.2194, 3.0100, 10.0122
(23, 5): 0.1870, 3.0300, 20.9262
(23, 6): 0.2315, 3.0200, 40.9001
(23, 7): 0.2126, 3.1000, 50.8190
(23, 8): 0.2994, 3.0100, 57.7551
(23, 9): 0.1238, 3.0600, 77.1540
(23, 10): 0.2123, 3.0100, 67.7354
(23, 11): 0.5087, 3.0400, 46.4856
(23, 12): 0.5470, 3.0200, 42.6872
(23, 13): 0.5277, 3.0300, 42.3361
(23, 14): 0.3643, 3.0600, 55.2673
(23, 15): 0.5224, 3.0100, 44.1747
(23, 16): 0.5100, 3.0200, 45.1509
(23, 17): 0.5719, 3.0200, 41.3061
(23, 18): 0.4344, 3.0200, 50.2636
(23, 19): 0.3998, 3.0500, 53.1886
(23, 20): 0.3301, 3.0100, 47.9038
(24, 4): 0.1997, 3.0300, 15.5913
(24, 5): 0.2435, 3.0500, 27.9769
(24, 6): 0.1844, 3.1100, 29.9889
(24, 7): 0.3036, 3.0800, 55.6031
(24, 8): 0.2638, 3.0500, 42.9231
(24, 9): 0.2084, 3.1500, 59.3049
(24, 10): 0.2362, 3.0200, 55.6392
(24, 11): 0.3251, 3.0100, 61.8042
(24, 12): 0.5051, 3.0300, 44.5256
(24, 13): 0.4422, 3.0500, 48.1414
(24, 14): 0.4099, 3.0500, 50.3530
(24, 15): 0.5690, 3.0100, 39.6300
(24, 16): 0.5537, 3.0100, 43.2065
(24, 17): 0.4506, 3.0100, 49.7295
(24, 18): 0.4213, 3.1000, 51.4121
(24, 19): 0.3794, 3.0200, 54.5464
(24, 20): 0.4547, 3.0600, 47.8758
(24, 21): 0.3536, 3.0100, 32.6581
(25, 4): 0.3426, 3.0100, 34.8080
(25, 5): 0.3328, 3.0400, 42.8128
(25, 6): 0.3460, 3.0300, 51.7946
(25, 7): 0.2390, 3.0100, 30.5336
(25, 8): 0.3642, 3.0100, 45.9960
(25, 9): 0.4654, 3.0100, 46.5228
(25, 10): 0.5250, 3.0500, 42.8897
(25, 11): 0.3900, 3.0100, 53.7520
(25, 12): 0.5059, 3.0100, 46.0178
(25, 13): 0.5428, 3.0100, 43.1956
(25, 14): 0.5161, 3.0500, 43.7800
(25, 15): 0.5071, 3.1100, 48.8741
(25, 16): 0.5532, 3.0200, 45.8506
(25, 17): 0.5442, 3.0200, 43.5441
(25, 18): 0.4100, 3.0400, 52.6669
(25, 19): 0.4099, 3.0900, 51.7269
(25, 20): 0.4272, 3.0800, 50.3205
(25, 21): 0.4382, 3.0200, 49.7295
(25, 22): 0.3132, 3.0300, 24.1938
(26, 2): 0.1669, 3.0300, 5.9985
(26, 3): 0.2120, 3.1200, 28.5870
(26, 4): 0.3084, 3.0800, 34.9027
(26, 5): 0.1691, 3.0100, 39.9010
(26, 6): 0.2110, 3.0600, 31.0710
(26, 7): 0.3259, 3.0200, 48.1613
(26, 8): 0.4069, 3.0700, 52.1735
(26, 9): 0.3560, 3.0900, 55.5767
(26, 10): 0.2266, 3.0100, 64.4682
(26, 11): 0.3308, 3.0200, 58.2262
(26, 12): 0.3159, 3.0600, 61.2401
(26, 13): 0.3611, 3.0600, 54.2777
(26, 14): 0.4515, 3.0300, 48.5467
(26, 15): 0.4630, 3.0100, 51.5138
(26, 16): 0.5162, 3.0100, 47.2269
(26, 17): 0.4639, 3.1100, 49.5556
(26, 18): 0.4704, 3.0700, 49.3403
(26, 19): 0.4496, 3.0400, 51.9427
(26, 20): 0.4021, 3.0500, 54.9853
(26, 21): 0.4502, 3.0200, 49.7249
(26, 22): 0.3601, 3.0500, 42.0968
(27, 2): 0.2894, 3.0100, 25.8098
(27, 3): 0.3624, 3.0200, 56.0304
(27, 4): 0.3208, 3.0100, 62.0490
(27, 5): 0.1957, 3.0300, 70.5895
(27, 6): 0.3311, 3.0300, 43.8230
(27, 7): 0.1487, 3.0400, 23.9945
(27, 8): 0.2896, 3.0400, 49.0952
(27, 9): 0.2550, 3.0048, 46.3801
(27, 10): 0.1885, 3.0200, 50.9352
(27, 11): 0.2550, 3.0100, 49.0219
(27, 12): 0.2457, 3.0800, 29.9960
(27, 13): 0.4275, 3.0200, 40.9712
(27, 14): 0.3852, 3.0400, 37.4005
(27, 15): 0.4932, 3.1600, 49.9165
(27, 16): 0.4602, 3.0300, 50.6333
(27, 17): 0.5154, 3.0200, 46.8094
(27, 18): 0.4644, 3.0400, 49.5272
(27, 19): 0.4499, 3.0400, 50.5512
(27, 20): 0.4029, 3.0900, 51.8832
(27, 21): 0.3889, 3.0100, 50.6274
(27, 22): 0.3713, 3.0300, 39.0746
(28, 2): 0.0844, 3.0400, 6.3026
(28, 3): 0.2191, 3.0200, 32.1244
(28, 4): 0.2599, 3.0100, 28.5720
(28, 5): 0.2404, 3.0800, 52.1344
(28, 6): 0.1984, 3.0500, 30.4736
(28, 7): 0.1388, 3.0500, 32.9603
(28, 8): 0.3489, 3.1000, 37.1797
(28, 9): 0.2824, 3.0300, 32.6326
(28, 14): 0.2818, 3.0100, 15.3371
(28, 15): 0.4968, 3.0600, 44.9823
(28, 16): 0.4840, 3.1700, 46.0781
(28, 17): 0.4537, 3.0100, 48.3074
(28, 18): 0.4463, 3.0300, 49.6177
(28, 19): 0.4506, 3.1200, 47.3589
(28, 20): 0.3452, 3.0200, 53.5825
(28, 21): 0.3459, 3.0100, 52.8157
(28, 22): 0.3212, 3.0100, 21.0905
(29, 2): 0.4142, 3.0300, 46.5192
(29, 3): 0.2564, 3.0500, 62.4188
(29, 4): 0.3538, 3.0100, 45.4852
(29, 5): 0.3680, 3.0700, 35.6347
(29, 6): 0.3930, 3.0400, 51.0631
(29, 7): 0.3704, 3.0900, 42.5531
(29, 8): 0.0923, 3.0600, 5.7823
(29, 15): 0.1008, 3.0800, 11.8206
(29, 16): 0.3049, 3.0700, 24.1190
(29, 17): 0.2360, 3.0200, 5.3314
(29, 18): 0.3834, 3.1800, 40.8584
(29, 19): 0.3756, 3.0100, 51.3190
(29, 20): 0.3254, 3.1600, 55.0935
(29, 21): 0.3812, 3.0100, 51.2943
(29, 22): 0.2063, 3.0200, 13.4835
(30, 2): 0.2692, 3.1100, 34.6257
(30, 3): 0.0682, 3.0100, 20.9332
(30, 4): 0.0380, 3.0200, 16.7703
(30, 5): 0.3620, 3.0200, 44.7937
(30, 6): 0.2761, 3.0500, 45.5836
(30, 7): 0.1789, 3.0200, 15.4339
(30, 19): 0.1985, 3.0300, 14.2656
(30, 20): 0.4136, 3.0100, 42.0210
(30, 21): 0.3872, 3.0100, 48.1819
(30, 22): 0.2805, 3.0200, 16.2376
(31, 19): 0.2242, 3.0100, 10.8241
(31, 20): 0.4494, 3.0100, 45.2147
(31, 21): 0.2463, 3.0400, 13.4774
(32, 19): 0.2341, 3.0400, 15.3886
(32, 20): 0.4703, 3.0200, 51.6977
(32, 21): 0.3703, 3.0200, 38.5025
(32, 22): 0.2404, 3.0200, 10.1589
(33, 19): 0.4065, 3.0300, 36.2119
(33, 20): 0.4764, 3.1300, 55.5217
(33, 21): 0.4095, 3.0400, 57.6920
(33, 22): 0.2674, 3.0800, 28.2872
(34, 19): 0.3894, 3.0300, 32.0924
(34, 20): 0.3625, 3.0100, 62.8410
(34, 21): 0.3106, 3.0100, 68.8958
(34, 22): 0.1079, 3.0300, 12.8440
