(10, 10): 0.4288, 4.4200, 32.8378
(10, 11): 0.1705, 4.4200, 17.4099
(10, 12): 0.3373, 4.4100, 36.2088
(10, 14): 0.1624, 4.4100, 6.2236
(10, 15): 0.3803, 4.4500, 52.2742
(10, 16): 0.2972, 4.4500, 64.5158
(10, 17): 0.3290, 4.4600, 60.6165
(10, 18): 0.2382, 4.4100, 68.8437
(10, 19): 0.2912, 4.4100, 66.6390
(10, 20): 0.2523, 4.4800, 67.0904
(10, 21): 0.2231, 4.4700, 72.4379
(10, 22): 0.2778, 4.4300, 66.6168
(10, 23): 0.2539, 4.4600, 68.1488
(10, 24): 0.1928, 4.4600, 72.6741
(10, 25): 0.2158, 4.4500, 69.4553
(10, 26): 0.2726, 4.4200, 64.0366
(11, 10): 0.3429, 4.4400, 46.7788
(11, 11): 0.4713, 4.4500, 49.1557
(11, 12): 0.4501, 4.4100, 49.4019
(11, 13): 0.2013, 4.4100, 18.5687
(11, 16): 0.1565, 4.4300, 10.6338
(11, 17): 0.2973, 4.4900, 61.7313
(11, 18): 0.2520, 4.4100, 69.8258
(11, 19): 0.2711, 4.4500, 68.1563
(11, 20): 0.3254, 4.4600, 60.3469
(11, 21): 0.2871, 4.4293, 65.2835
(11, 22): 0.1746, 4.4300, 75.2158
(11, 23): 0.2177, 4.5200, 68.2208
(11, 24): 0.1702, 4.4600, 74.3671
(11, 25): 0.1927, 4.4600, 70.0382
(11, 26): 0.2445, 4.4100, 63.8700
(12, 10): 0.3024, 4.4300, 59.1943
(12, 11): 0.3172, 4.4800, 61.7388
(12, 12): 0.3870, 4.4071, 53.3391
(12, 13): 0.2513, 4.4200, 53.3810
(12, 14): 0.2144, 4.4600, 35.6022
(12, 16): 0.2043, 4.4100, 18.0871
(12, 17): 0.2216, 4.5000, 68.5833
(12, 18): 0.2176, 4.4100, 72.7009
(12, 19): 0.2251, 4.4400, 68.5310
(12, 20): 0.2532, 4.6200, 68.1714
(12, 21): 0.2382, 4.5300, 70.2951
(12, 22): 0.1854, 4.4199, 72.5567
(12, 23): 0.2592, 4.4700, 63.0947
(12, 24): 0.2732, 4.4500, 54.5640
(12, 25): 0.1357, 4.4200, 20.4439
(12, 26): 0.1736, 4.7200, 19.4719
(13, 10): 0.3129, 4.4200, 63.5877
(13, 11): 0.3224, 4.4200, 63.2196
(13, 12): 0.3043, 4.4100, 59.7514
(13, 13): 0.2620, 4.4400, 51.7311
(13, 14): 0.1589, 4.4100, 12.2374
(13, 16): 0.0863, 4.4100, 11.5558
(13, 17): 0.1581, 4.4100, 58.4155
(13, 18): 0.1582, 4.4900, 64.5883
(13, 19): 0.2013, 4.4300, 68.5154
(13, 20): 0.2548, 4.4300, 65.6028
(13, 21): 0.2986, 4.4900, 61.7395
(13, 22): 0.2547, 4.4100, 61.7470
(13, 23): 0.2614, 4.4300, 62.1318
(13, 24): 0.2765, 4.4200, 54.2784
(13, 25): 0.1987, 4.5200, 5.3982
(14, 10): 0.3474, 4.4100, 62.8077
(14, 11): 0.3147, 4.4100, 66.0103
(14, 12): 0.2711, 4.4800, 65.0862
(14, 13): 0.0458, 4.4100, 7.3902
(14, 15): 0.0452, 4.5600, 7.1912
(14, 16): 0.5354, 4.4100, 31.9675
(14, 17): 0.2988, 4.4300, 61.1941
(14, 18): 0.2217, 4.4600, 65.4204
(14, 19): 0.2570, 4.5500, 64.5520
(14, 20): 0.3101, 4.4800, 61.2739
(14, 21): 0.2343, 4.4200, 65.2559
(14, 22): 0.1993, 4.6600, 66.8182
(14, 23): 0.1850, 4.4800, 65.5206
(14, 24): 0.2741, 4.5600, 54.1635
(14, 25): 0.1711, 4.5200, 36.2059
(14, 26): 0.3069, 4.4300, 35.9303
(14, 27): 0.3040, 4.4100, 5.3166
(15, 9): 0.2557, 4.4300, 14.7180
(15, 10): 0.4080, 4.4400, 57.8315
(15, 11): 0.3184, 4.4600, 67.4027
(15, 12): 0.3294, 4.4800, 65.5863
(15, 13): 0.1430, 4.4800, 27.9474
(15, 14): 0.0145, 4.4900, 6.8444
(15, 15): 0.2593, 4.4600, 52.9408
(15, 16): 0.2277, 4.4100, 65.8340
(15, 17): 0.2712, 4.4600, 62.4927
(15, 18): 0.2093, 4.4300, 59.8700
(15, 19): 0.2069, 4.3989, 71.5540
(15, 20): 0.2254, 4.4100, 66.1512
(15, 21): 0.1376, 4.4700, 69.9020
(15, 22): 0.1937, 4.5400, 63.9034
(15, 23): 0.2137, 4.4300, 60.8591
(15, 24): 0.1935, 4.4700, 64.4099
(15, 25): 0.2477, 4.4300, 62.2049
(15, 26): 0.3096, 4.4100, 58.9485
(15, 27): 0.3252, 4.4200, 37.6433
(16, 9): 0.2714, 4.4100, 23.2648
(16, 10): 0.3626, 4.4800, 60.0363
(16, 11): 0.7007, 4.4100, 34.8064
(16, 12): 0.4621, 4.5300, 47.0931
(16, 13): 0.1337, 4.4700, 26.9209
(16, 14): 0.2994, 4.4700, 58.3287
(16, 15): 0.4210, 4.4300, 50.0335
(16, 16): 0.2604, 4.4800, 55.0125
(16, 17): 0.1565, 4.6000, 58.9542
(16, 18): 0.2597, 4.4300, 65.2398
(16, 19): 0.3001, 4.9400, 61.3254
(16, 20): 0.2748, 4.4200, 61.7489
(16, 21): 0.1929, 4.4100, 64.9447
(16, 22): 0.1935, 4.5500, 63.2603
(16, 23): 0.2129, 4.4100, 61.5496
(16, 24): 0.2088, 4.4700, 63.6298
(16, 25): 0.3085, 4.4500, 57.6688
(16, 26): 0.2973, 4.5600, 58.9000
(16, 27): 0.2698, 4.4200, 35.8967
(17, 9): 0.2779, 4.4400, 48.1771
(17, 10): 0.3084, 4.4500, 64.7020
(17, 11): 0.4633, 4.5000, 51.0066
(17, 12): 0.4696, 4.4600, 47.9823
(17, 13): 0.2608, 4.4500, 54.4961
(17, 14): 0.2522, 4.4500, 50.6107
(17, 15): 0.2223, 4.4500, 58.2232
(17, 16): 0.1749, 4.5400, 62.7117
(17, 17): 0.1314, 4.4400, 74.1665
(17, 18): 0.2644, 4.4100, 65.6884
(17, 19): 0.2724, 4.4100, 64.3777
(17, 20): 0.2593, 4.4800, 62.7993
(17, 21): 0.2434, 4.4600, 58.0476
(17, 22): 0.1726, 4.6500, 62.0814
(17, 23): 0.2111, 4.4600, 63.4385
(17, 24): 0.2565, 4.6100, 62.4685
(17, 25): 0.3089, 4.4200, 61.5873
(17, 26): 0.3101, 4.4600, 49.2024
(18, 8): 0.0198, 4.4500, 8.1441
(18, 9): 0.2970, 4.4400, 63.3920
(18, 10): 0.3060, 4.4500, 64.6271
(18, 11): 0.3595, 4.4900, 59.1679
(18, 12): 0.3026, 4.4400, 63.0514
(18, 13): 0.3004, 4.4700, 61.0182
(18, 14): 0.2389, 4.4052, 65.8968
(18, 15): 0.1870, 4.4400, 70.1844
(18, 16): 0.1841, 4.5800, 69.2548
(18, 17): 0.1903, 4.4700, 68.0997
(18, 18): 0.1954, 4.4900, 69.0925
(18, 19): 0.2763, 4.4100, 64.3622
(18, 20): 0.2602, 4.4100, 59.9656
(18, 21): 0.2015, 4.4600, 64.0491
(18, 22): 0.1880, 4.4200, 66.5603
(18, 23): 0.2798, 4.5100, 61.3759
(18, 24): 0.2989, 4.4300, 62.6116
(18, 25): 0.3374, 4.4200, 53.2255
(18, 26): 0.2756, 4.4400, 13.7723
(19, 8): 0.3357, 4.4500, 33.1683
(19, 9): 0.3783, 4.4300, 57.7710
(19, 10): 0.3076, 4.4300, 62.9529
(19, 11): 0.3055, 4.4300, 62.4500
(19, 12): 0.2917, 4.5600, 61.6493
(2, 20): 0.1470, 4.4400, 11.1913
(2, 21): 0.1020, 4.6100, 13.5100
(3, 16): -0.0027, 4.4800, 29.4248
(3, 17): 0.0800, 4.4800, 25.6064
(3, 18): 0.0591, 4.4800, 12.9166
(3, 19): 0.0590, 4.4300, 22.5430
(3, 20): 0.1227, 4.4200, 11.2557
(3, 21): 0.0466, 4.4100, 17.8721
(3, 22): 0.1479, 4.5500, 46.0774
(3, 23): 0.1950, 4.4800, 63.3243
(3, 24): 0.3652, 4.4500, 41.6584
(4, 13): 0.1610, 4.6390, 15.6767
(4, 14): 0.1577, 4.5100, 37.2232
(4, 15): 0.0209, 4.4200, 21.2760
(4, 16): 0.0198, 4.4800, 22.1523
(4, 17): 0.0392, 4.4200, 20.0066
(4, 18): 0.1876, 4.4500, 48.1136
(4, 19): 0.1540, 4.4400, 58.3192
(4, 20): 0.2429, 4.4300, 64.2717
(4, 21): 0.2258, 4.4300, 69.5399
(4, 22): 0.1927, 4.4700, 67.5364
(4, 23): 0.1260, 4.4100, 71.5760
(4, 24): 0.2000, 4.4400, 70.5828
(4, 25): 0.2861, 4.4300, 37.6923
(4, 26): 0.1450, 4.4300, 10.3108
(5, 13): 0.1979, 4.5700, 20.0635
(5, 16): 0.2362, 4.4200, 40.2234
(5, 17): 0.3052, 4.4600, 66.6568
(5, 18): 0.2104, 4.4200, 70.7663
(5, 19): 0.2095, 4.4100, 68.3184
(5, 20): 0.2673, 4.4300, 66.8597
(5, 21): 0.1909, 4.4200, 70.3742
(5, 22): 0.1973, 4.4700, 62.0523
(5, 23): 0.1894, 4.4700, 66.8386
(5, 24): 0.2392, 4.5300, 68.3836
(5, 25): 0.3285, 4.4300, 58.3696
(5, 26): 0.3119, 4.4300, 52.9960
(5, 27): 0.0766, 4.4400, 20.7501
(6, 11): 0.2404, 4.4300, 24.1546
(6, 12): 0.1257, 4.6100, 12.6259
(6, 15): 0.2109, 4.4100, 47.7477
(6, 16): 0.2936, 4.4900, 67.9898
(6, 17): 0.3175, 4.4199, 66.3269
(6, 18): 0.2337, 4.4300, 74.1965
(6, 19): 0.3089, 4.5200, 64.7991
(6, 20): 0.2478, 4.4100, 69.2739
(6, 21): 0.2173, 4.4300, 65.0029
(6, 22): 0.1961, 4.4200, 62.1646
(6, 23): 0.1879, 4.5800, 69.3887
(6, 24): 0.2610, 4.4400, 64.5532
(6, 25): 0.3009, 4.4300, 59.5777
(6, 26): 0.2803, 4.4200, 62.1545
(6, 27): 0.1208, 4.4500, 24.5734
(7, 10): 0.0483, 4.4100, 7.1558
(7, 11): 0.2264, 4.4100, 24.8380
(7, 15): 0.3118, 4.4200, 65.4365
(7, 16): 0.2819, 4.4400, 70.2317
(7, 17): 0.2714, 4.4200, 71.2381
(7, 18): 0.3024, 4.4200, 66.6660
(7, 19): 0.3020, 4.4100, 66.5440
(7, 20): 0.2993, 4.4500, 65.3554
(7, 21): 0.2201, 4.5600, 65.4867
(7, 22): 0.1938, 4.4700, 67.6630
(7, 23): 0.1857, 4.4500, 74.0986
(7, 24): 0.2870, 4.4800, 66.1628
(7, 25): 0.2272, 4.4600, 69.0062
(7, 26): 0.2859, 4.4700, 60.4698
(7, 27): 0.1624, 4.4100, 42.9438
(8, 10): 0.3079, 4.4300, 32.7914
(8, 11): 0.2696, 4.4100, 32.1713
(8, 14): 0.1167, 4.5000, 22.4385
(8, 15): 0.2869, 4.4200, 66.7297
(8, 16): 0.2872, 4.4500, 67.3531
(8, 17): 0.2893, 4.4100, 67.2120
(8, 18): 0.2196, 4.4200, 73.9322
(8, 19): 0.2703, 4.4300, 68.0890
(8, 20): 0.2946, 4.4300, 64.5250
(8, 21): 0.2718, 4.4300, 65.8939
(8, 22): 0.2099, 4.4100, 73.6573
(8, 23): 0.1775, 4.5200, 76.9813
(8, 24): 0.2181, 4.4300, 71.5511
(8, 25): 0.2516, 4.4300, 65.5405
(8, 26): 0.1996, 4.4500, 66.2519
(8, 27): 0.1793, 4.4100, 40.2801
(9, 10): 0.2394, 4.5400, 37.8474
(9, 11): -0.0472, 4.4400, 8.3396
(9, 15): 0.4346, 4.4100, 47.7058
(9, 16): 0.3573, 4.4700, 61.8492
(9, 17): 0.3369, 4.4400, 62.4897
(9, 18): 0.3438, 4.4400, 60.4478
(9, 19): 0.2866, 4.4300, 65.3895
(9, 20): 0.2745, 4.4200, 64.6895
(9, 21): 0.2451, 4.4100, 70.1538
(9, 22): 0.2527, 4.4200, 68.0100
(9, 23): 0.1789, 4.4900, 74.5824
(9, 24): 0.1496, 4.4200, 76.6374
(9, 25): 0.1811, 4.4900, 70.9983
(9, 26): 0.2523, 4.4600, 64.4498
(9, 27): 0.0982, 4.4200, 16.6677
(19, 13): 0.3757, 4.4100, 51.2891
(19, 14): 0.2447, 4.4100, 63.0096
(19, 15): 0.1574, 4.5500, 74.8550
(19, 16): 0.1901, 4.6100, 69.1996
(19, 17): 0.2111, 4.5800, 68.1686
(19, 18): 0.1918, 4.6700, 71.1888
(19, 19): 0.2492, 4.4500, 69.3585
(19, 20): 0.2391, 4.4500, 67.0171
(19, 21): 0.2726, 4.5000, 59.9856
(19, 22): 0.2706, 4.5400, 60.6291
(19, 23): 0.3239, 4.6200, 54.5688
(19, 24): 0.3486, 4.4700, 53.7127
(19, 25): 0.3556, 4.4600, 32.3919
(19, 26): 0.1352, 4.4100, 5.6785
(20, 7): 0.0695, 4.4100, 20.5729
(20, 8): 0.5364, 4.4100, 47.6555
(20, 9): 0.2729, 4.5400, 68.5856
(20, 10): 0.2775, 4.4300, 64.0713
(20, 11): 0.3079, 4.4900, 60.3668
(20, 12): 0.2386, 4.4500, 63.2847
(20, 13): 0.3740, 4.4400, 49.2463
(20, 14): 0.3195, 4.4300, 55.3022
(20, 15): 0.1341, 4.4200, 77.7352
(20, 16): 0.2104, 4.4200, 70.7509
(20, 17): 0.2516, 4.4200, 65.7853
(20, 18): 0.2430, 4.4100, 69.3781
(20, 19): 0.3313, 4.4800, 64.1608
(20, 20): 0.2708, 4.4400, 62.1433
(20, 21): 0.2751, 4.4700, 54.5961
(20, 22): 0.3576, 4.4800, 47.7153
(20, 23): 0.3322, 4.4100, 48.1228
(20, 24): 0.3270, 4.4800, 52.8459
(20, 25): 0.3145, 4.5400, 54.5289
(20, 26): 0.2072, 4.4700, 13.1749
(21, 6): 0.2856, 4.4700, 14.1836
(21, 7): 0.2392, 4.4600, 63.6634
(21, 8): 0.3398, 4.4600, 60.5995
(21, 9): 0.1971, 4.5200, 71.1977
(21, 10): 0.3103, 4.4100, 59.0971
(21, 11): 0.2691, 4.4800, 63.6782
(21, 12): 0.2578, 4.4300, 61.4709
(21, 13): 0.2700, 4.5100, 58.9618
(21, 14): 0.2264, 4.4900, 66.5082
(21, 15): 0.2226, 4.4800, 71.3227
(21, 16): 0.2599, 4.5700, 65.0959
(21, 17): 0.3550, 4.4500, 57.1669
(21, 18): 0.3331, 4.4200, 58.0409
(21, 19): 0.3133, 4.4100, 57.7915
(21, 20): 0.2768, 4.4200, 56.9336
(21, 21): 0.2206, 4.4100, 49.5649
(21, 22): 0.3745, 4.4100, 46.4390
(21, 23): 0.3293, 4.4600, 49.5601
(21, 24): 0.2363, 4.5200, 29.6299
(22, 6): 0.2881, 4.5000, 39.0987
(22, 7): 0.4984, 4.4100, 44.2435
(22, 8): 0.3168, 4.5000, 57.3097
(22, 9): 0.3803, 4.4500, 51.2034
(22, 10): 0.2796, 4.4800, 62.3408
(22, 11): 0.2626, 4.5200, 65.7815
(22, 12): 0.2082, 4.5000, 64.2365
(22, 13): 0.3073, 4.4100, 58.2064
(22, 14): 0.2125, 4.5500, 68.9985
(22, 15): 0.2733, 4.4400, 64.9536
(22, 16): 0.3202, 4.4400, 59.0496
(22, 17): 0.3982, 4.4300, 53.8912
(22, 18): 0.4271, 4.4300, 52.0405
(22, 19): 0.4393, 4.4400, 50.0021
(22, 20): 0.2423, 4.4100, 49.6619
(22, 21): 0.1520, 4.4500, 11.6014
(23, 5): 0.0846, 4.4500, 25.0204
(23, 6): 0.2008, 4.5000, 43.3526
(23, 7): 0.1816, 4.5100, 53.7360
(23, 8): 0.2076, 4.5000, 66.7736
(23, 9): 0.0856, 4.5100, 82.1127
(23, 10): 0.1192, 4.4300, 78.9657
(23, 11): 0.3477, 4.4300, 60.1887
(23, 12): 0.4241, 4.4400, 52.2172
(23, 13): 0.3988, 4.4200, 52.3891
(23, 14): 0.3124, 4.5200, 60.5191
(23, 15): 0.3913, 4.4100, 54.8698
(23, 16): 0.3935, 4.4700, 54.9088
(23, 17): 0.4251, 4.4200, 52.5566
(23, 18): 0.3744, 4.4900, 55.4661
(23, 19): 0.3283, 4.4100, 59.6162
(23, 20): 0.2754, 4.6500, 52.9398
(24, 4): 0.1796, 4.4200, 16.4320
(24, 5): 0.1919, 4.4400, 30.9211
(24, 6): 0.1659, 4.5600, 31.2357
(24, 7): 0.1897, 4.4900, 67.5741
(24, 8): 0.2070, 4.5000, 47.5617
(24, 9): 0.1826, 4.4300, 62.1701
(24, 10): 0.1817, 4.4200, 61.4284
(24, 11): 0.2430, 4.4300, 69.7171
(24, 12): 0.3505, 4.4700, 57.2691
(24, 13): 0.3288, 4.4600, 58.6920
(24, 14): 0.2818, 4.4098, 62.4585
(24, 15): 0.5011, 4.4400, 45.0505
(24, 16): 0.4735, 4.4100, 49.8275
(24, 17): 0.3974, 4.4500, 54.7412
(24, 18): 0.3573, 4.4700, 57.4534
(24, 19): 0.3006, 4.4200, 62.5752
(24, 20): 0.3557, 4.4700, 56.9798
(24, 21): 0.3054, 4.5000, 35.9361
(25, 4): 0.2769, 4.5100, 39.3157
(25, 5): 0.2647, 4.4300, 47.4302
(25, 6): 0.2859, 4.4300, 57.6535
(25, 7): 0.1411, 4.4600, 36.3454
(25, 8): 0.2235, 4.4700, 57.7308
(25, 9): 0.3272, 4.5800, 57.9326
(25, 10): 0.3487, 4.4100, 55.4628
(25, 11): 0.2915, 4.4700, 62.8762
(25, 12): 0.3373, 4.4500, 59.8284
(25, 13): 0.3061, 4.4200, 63.5912
(25, 14): 0.3638, 4.4100, 56.3606
(25, 15): 0.4099, 4.4100, 57.2171
(25, 16): 0.4458, 4.4700, 55.0701
(25, 17): 0.4476, 4.4600, 51.4474
(25, 18): 0.3328, 4.4500, 60.2944
(25, 19): 0.3549, 4.4100, 57.1419
(25, 20): 0.3699, 4.4200, 56.1192
(25, 21): 0.3827, 4.4600, 55.0656
(25, 22): 0.2695, 4.4700, 26.5488
(26, 2): 0.1374, 4.4200, 6.5396
(26, 3): 0.1752, 4.4700, 30.7065
(26, 4): 0.2709, 4.5400, 37.9217
(26, 5): 0.1535, 4.5100, 41.2688
(26, 6): 0.1740, 4.4500, 33.2807
(26, 7): 0.2696, 4.4200, 53.1812
(26, 8): 0.3082, 4.4999, 61.4543
(26, 9): 0.2758, 4.4300, 63.6959
(26, 10): 0.1936, 4.4200, 68.2531
(26, 11): 0.1864, 4.4400, 72.9552
(26, 12): 0.1929, 4.5100, 75.2195
(26, 13): 0.2685, 4.4300, 63.5015
(26, 14): 0.3616, 4.4300, 56.5200
(26, 15): 0.4141, 4.4900, 57.0061
(26, 16): 0.3866, 4.4500, 58.5734
(26, 17): 0.3793, 4.4100, 57.3488
(26, 18): 0.3747, 4.4500, 58.5340
(26, 19): 0.4001, 4.4700, 56.9660
(26, 20): 0.3587, 4.4100, 59.6974
(26, 21): 0.3475, 4.4200, 59.0969
(26, 22): 0.2989, 4.4400, 47.2286
(27, 2): 0.2544, 4.5400, 27.8278
(27, 3): 0.2758, 4.4200, 64.8694
(27, 4): 0.2547, 4.4700, 69.4478
(27, 5): 0.1722, 4.4200, 75.8159
(27, 6): 0.2236, 4.4600, 52.2408
(27, 7): 0.1442, 4.5100, 24.3963
(27, 8): 0.2159, 4.4300, 55.8741
(27, 9): 0.1789, 4.4100, 52.6851
(27, 10): 0.1258, 4.4700, 56.5690
(27, 11): 0.1490, 4.4400, 58.3331
(27, 12): 0.1890, 4.4200, 33.2664
(27, 13): 0.3468, 4.4200, 48.2280
(27, 14): 0.2839, 4.5100, 44.7873
(27, 15): 0.3899, 4.4300, 59.7927
(27, 16): 0.3740, 4.4100, 58.7149
(27, 17): 0.4356, 4.5900, 54.1975
(27, 18): 0.3817, 4.4200, 57.6225
(27, 19): 0.4002, 4.4400, 55.7162
(27, 20): 0.3407, 4.4600, 57.8759
(27, 21): 0.3453, 4.4600, 54.8176
(27, 22): 0.3131, 4.5100, 43.6731
(28, 2): 0.1248, 4.4100, 5.9515
(28, 3): 0.1860, 4.5000, 34.3380
(28, 4): 0.4855, 4.4800, 20.9791
(28, 5): 0.2052, 4.4200, 55.4162
(28, 6): 0.1695, 4.4200, 32.5438
(28, 7): 0.0867, 4.5100, 35.9965
(28, 8): 0.2698, 4.4200, 42.6898
(28, 9): 0.1917, 4.4800, 38.4279
(28, 14): 0.2528, 4.4100, 16.5402
(28, 15): 0.4305, 4.4400, 50.6650
(28, 16): 0.4007, 4.4800, 53.4645
(28, 17): 0.3974, 4.6500, 53.9264
(28, 18): 0.3845, 4.8100, 55.4486
(28, 19): 0.3879, 4.4100, 53.0486
(28, 20): 0.3054, 4.4900, 57.9085
(28, 21): 0.2981, 4.4200, 56.9498
(28, 22): 0.2918, 4.4400, 22.6772
(29, 2): 0.2824, 4.4600, 57.7170
(29, 3): 0.1950, 4.4300, 69.1889
(29, 4): 0.2176, 4.4800, 56.2964
(29, 5): 0.2723, 4.4200, 41.7408
(29, 6): 0.2841, 4.5400, 61.2149
(29, 7): 0.3128, 4.4300, 47.2213
(29, 8): 0.1055, 4.4700, 5.7542
(29, 15): 0.1455, 4.4300, 11.5852
(29, 16): 0.2668, 4.4600, 26.3575
(29, 17): 0.1770, 4.4100, 6.3287
(29, 18): 0.3142, 4.4100, 46.3077
(29, 19): 0.3166, 4.5300, 57.1228
(29, 20): 0.2823, 4.5200, 59.6944
(29, 21): 0.3412, 4.4600, 55.4487
(29, 22): 0.1697, 4.4100, 14.7120
(30, 2): 0.1853, 4.6000, 40.5739
(30, 3): 0.0229, 4.4100, 22.8314
(30, 4): -0.0644, 4.4100, 19.9005
(30, 5): 0.2295, 4.5500, 55.6902
(30, 6): 0.2207, 4.4400, 51.2715
(30, 7): 0.1723, 4.4700, 16.0912
(30, 19): 0.1646, 4.4200, 15.5795
(30, 20): 0.3577, 4.4600, 46.6394
(30, 21): 0.3300, 4.4200, 53.4594
(30, 22): 0.2426, 4.4400, 17.7269
(31, 19): 0.2540, 4.4200, 10.5295
(31, 20): 0.3641, 4.4500, 53.1069
(31, 21): 0.2243, 4.4400, 14.3346
(32, 19): 0.2371, 4.4800, 15.9717
(32, 20): 0.4039, 4.4098, 58.4370
(32, 21): 0.2900, 4.4300, 44.6764
(32, 22): 0.2425, 4.4100, 10.4296
(33, 19): 0.3738, 4.4900, 38.9229
(33, 20): 0.4308, 4.4500, 60.4531
(33, 21): 0.3306, 4.5100, 66.3911
(33, 22): 0.2585, 4.4500, 30.7631
(34, 19): 0.3149, 4.5000, 37.1072
(34, 20): 0.3081, 4.6500, 69.7887
(34, 21): 0.2649, 4.4100, 75.0272
(34, 22): 0.1163, 4.4400, 12.7433
