(5, 17): 0.8082, 0.0200, 20.9419, 0.0043
(5, 18): 0.7800, 0.0200, 21.4128, 0.0085
(5, 19): 0.8502, 0.0200, 20.6513, 0.0051
(5, 20): 0.8756, 0.0200, 19.5389, 0.0051
(5, 21): 0.8204, 0.0200, 20.2759, 0.0051
(5, 22): 0.7535, 0.0200, 22.1552, 0.0068
(5, 23): 0.8942, 0.0200, 17.8659, 0.0085
(5, 24): 0.8651, 0.0200, 17.4748, 0.0034
(5, 25): 0.8504, 0.0200, 18.3440, 0.0060
(5, 26): 0.9415, 0.0200, 15.1706, 0.0111
(5, 27): 0.7961, 0.0200, 4.5147, 0.0102
(6, 1): nan, nan, nan, 0.0000
(6, 2): nan, nan, nan, 0.0000
(6, 3): nan, nan, nan, 0.0000
(6, 4): nan, nan, nan, 0.0000
(6, 5): nan, nan, nan, 0.0000
(6, 6): nan, nan, nan, 0.0000
(6, 7): nan, nan, nan, 0.0000
(6, 8): nan, nan, nan, 0.0000
(6, 9): nan, nan, nan, 0.0000
(6, 10): nan, nan, nan, 0.0000
(6, 11): 0.6211, 0.0200, 7.9402, 0.0051
(6, 12): 0.4817, 0.0200, 4.0448, 0.0068
(6, 13): nan, nan, nan, 0.0000
(6, 14): nan, nan, nan, 0.0000
(6, 15): 0.9543, 0.0200, 10.0645, 0.0102
(6, 16): 0.9228, 0.0200, 17.7424, 0.0179
(6, 17): 0.7510, 0.0200, 22.7094, 0.0051
(6, 18): 0.7917, 0.0200, 21.8568, 0.0026
(6, 19): 0.8481, 0.0200, 20.8128, 0.0085
(6, 20): 0.7942, 0.0200, 22.1295, 0.0026
(33, 5): nan, nan, nan, 0.0000
(33, 6): nan, nan, nan, 0.0000
(33, 7): nan, nan, nan, 0.0000
(33, 8): nan, nan, nan, 0.0000
(33, 9): nan, nan, nan, 0.0000
(33, 10): nan, nan, nan, 0.0000
(33, 11): nan, nan, nan, 0.0000
(33, 12): nan, nan, nan, 0.0000
(33, 13): nan, nan, nan, 0.0000
(33, 14): nan, nan, nan, 0.0000
(33, 15): nan, nan, nan, 0.0000
(33, 16): nan, nan, nan, 0.0000
(33, 17): nan, nan, nan, 0.0000
(33, 18): nan, nan, nan, 0.0000
(33, 19): 0.5578, 0.0200, 17.1009, 0.0077
(33, 20): 0.5729, 0.0200, 29.6588, 0.0051
(33, 21): 0.6669, 0.0200, 25.4093, 0.0136
(33, 22): 0.6302, 0.0200, 9.9306, 0.0034
(33, 23): nan, nan, nan, 0.0000
(33, 24): nan, nan, nan, 0.0000
(33, 25): nan, nan, nan, 0.0000
(33, 26): nan, nan, nan, 0.0000
(33, 27): nan, nan, nan, 0.0000
(34, 1): nan, nan, nan, 0.0000
(34, 2): nan, nan, nan, 0.0000
(34, 3): nan, nan, nan, 0.0000
(34, 4): nan, nan, nan, 0.0000
(34, 5): nan, nan, nan, 0.0000
(34, 6): nan, nan, nan, 0.0000
(34, 7): nan, nan, nan, 0.0000
(34, 8): nan, nan, nan, 0.0000
(29, 20): 0.7740, 0.0200, 20.7468, 0.0051
(29, 21): 0.7292, 0.0200, 21.6488, 0.0085
(29, 22): 0.6646, 0.0200, 4.2993, 0.0094
(29, 23): nan, nan, nan, 0.0000
(29, 24): nan, nan, nan, 0.0000
(29, 25): nan, nan, nan, 0.0000
(29, 26): nan, nan, nan, 0.0000
(29, 27): nan, nan, nan, 0.0000
(30, 1): nan, nan, nan, 0.0000
(30, 2): 0.7058, 0.0200, 14.7163, 0.0119
(30, 3): 0.5345, 0.0200, 7.8206, 0.0111
(30, 4): 0.5150, 0.0200, 6.6097, 0.0068
(30, 5): 0.8192, 0.0200, 19.1113, 0.0068
(30, 6): 0.7708, 0.0200, 17.8933, 0.0051
(30, 7): 0.4604, 0.0200, 6.6240, 0.0051
(30, 8): nan, nan, nan, 0.0000
(30, 9): nan, nan, nan, 0.0000
(30, 10): nan, nan, nan, 0.0000
(30, 11): nan, nan, nan, 0.0000
(30, 12): nan, nan, nan, 0.0000
(30, 13): nan, nan, nan, 0.0000
(30, 14): nan, nan, nan, 0.0000
(30, 15): nan, nan, nan, 0.0000
(30, 16): nan, nan, nan, 0.0000
(30, 17): nan, nan, nan, 0.0000
(30, 18): nan, nan, nan, 0.0000
(30, 19): 0.5575, 0.0200, 5.1446, 0.0034
(30, 20): 0.7971, 0.0200, 15.8733, 0.0077
(30, 21): 0.7681, 0.0200, 18.3754, 0.0111
(30, 22): 0.6797, 0.0200, 5.4441, 0.0119
(30, 23): nan, nan, nan, 0.0000
(9, 2): nan, nan, nan, 0.0000
(9, 3): nan, nan, nan, 0.0000
(9, 4): nan, nan, nan, 0.0000
(9, 5): nan, nan, nan, 0.0000
(9, 6): nan, nan, nan, 0.0000
(9, 7): nan, nan, nan, 0.0000
(9, 8): nan, nan, nan, 0.0000
(9, 9): nan, nan, nan, 0.0000
(9, 10): 0.6216, 0.0200, 13.1780, 0.0068
(9, 11): 0.4372, 0.0200, 2.1639, 0.0128
(9, 12): nan, nan, nan, 0.0000
(9, 13): nan, nan, nan, 0.0000
(9, 14): nan, nan, nan, 0.0000
(9, 15): 1.4115, 0.0200, 8.1235, 0.0060
(9, 16): 1.1040, 0.0200, 14.0864, 0.0094
(9, 17): 0.8950, 0.0200, 18.2346, 0.0094
(9, 18): 0.9001, 0.0200, 19.2532, 0.0102
(9, 19): 0.7485, 0.0200, 23.6545, 0.0060
(9, 20): 0.7426, 0.0200, 23.9805, 0.0085
(9, 21): 0.8267, 0.0200, 22.2111, 0.0051
(9, 22): 0.9700, 0.0200, 18.9785, 0.0094
(9, 23): 0.8794, 0.0200, 21.6366, 0.0060
(9, 24): 0.7695, 0.0200, 24.2549, 0.0068
(9, 25): 0.8684, 0.0200, 20.7669, 0.0060
(9, 26): 0.8855, 0.0200, 18.7707, 0.0060
(9, 27): 0.7194, 0.0200, 4.1163, 0.0119
(10, 1): nan, nan, nan, 0.0000
(10, 2): nan, nan, nan, 0.0000
(10, 3): nan, nan, nan, 0.0000
(10, 4): nan, nan, nan, 0.0000
(10, 5): nan, nan, nan, 0.0000
(7, 25): 0.8060, 0.0200, 19.9382, 0.0128
(7, 26): 0.8313, 0.0200, 18.8970, 0.0077
(7, 27): 0.9166, 0.0200, 9.6531, 0.0094
(8, 1): nan, nan, nan, 0.0000
(8, 2): nan, nan, nan, 0.0000
(8, 3): nan, nan, nan, 0.0000
(8, 4): nan, nan, nan, 0.0000
(8, 5): nan, nan, nan, 0.0000
(8, 6): nan, nan, nan, 0.0000
(8, 7): nan, nan, nan, 0.0000
(8, 8): nan, nan, nan, 0.0000
(8, 9): nan, nan, nan, 0.0000
(8, 10): 0.5906, 0.0200, 13.7113, 0.0060
(8, 11): 0.5647, 0.0200, 12.6731, 0.0060
(8, 12): nan, nan, nan, 0.0000
(8, 13): nan, nan, nan, 0.0000
(8, 14): 0.7149, 0.0200, 5.4804, 0.0085
(8, 15): 1.7455, 0.0200, 5.8769, 0.0153
(8, 16): 1.3077, 0.0200, 10.9567, 0.0111
(8, 17): 1.0083, 0.0200, 16.0362, 0.0068
(8, 18): 0.8232, 0.0200, 21.1781, 0.0085
(8, 19): 0.7836, 0.0200, 22.6631, 0.0119
(8, 20): 0.8063, 0.0200, 22.5983, 0.0034
(8, 21): 0.9129, 0.0200, 19.8765, 0.0026
(8, 22): 0.8467, 0.0200, 21.7881, 0.0085
(8, 23): 0.9105, 0.0200, 20.0643, 0.0051
(8, 24): 0.8432, 0.0200, 21.3076, 0.0051
(8, 25): 0.8298, 0.0200, 20.5352, 0.0043
(8, 26): 0.9927, 0.0200, 15.9134, 0.0051
(8, 27): 0.9352, 0.0200, 8.6972, 0.0077
(9, 1): nan, nan, nan, 0.0000
(12, 14): 0.6866, 0.0200, 11.1929, 0.0085
(12, 15): nan, nan, nan, 0.0000
(12, 16): 0.8251, 0.0200, 4.6324, 0.0179
(12, 17): 0.9734, 0.0200, 15.9041, 0.0111
(12, 18): 0.8906, 0.0200, 18.4588, 0.0077
(12, 19): 0.9168, 0.0200, 17.8038, 0.0077
(12, 20): 0.8299, 0.0200, 20.1293, 0.0043
(12, 21): 0.8367, 0.0200, 20.6232, 0.0034
(12, 22): 0.8462, 0.0200, 21.6607, 0.0068
(12, 23): 0.8515, 0.0200, 20.0491, 0.0017
(12, 24): 0.7166, 0.0200, 19.1381, 0.0077
(12, 25): 0.6650, 0.0200, 5.8974, 0.0068
(12, 26): 0.6983, 0.0200, 5.2107, 0.0043
(12, 27): nan, nan, nan, 0.0000
(13, 1): nan, nan, nan, 0.0000
(13, 2): nan, nan, nan, 0.0000
(13, 3): nan, nan, nan, 0.0000
(13, 4): nan, nan, nan, 0.0000
(13, 5): nan, nan, nan, 0.0000
(13, 6): nan, nan, nan, 0.0000
(13, 7): nan, nan, nan, 0.0000
(13, 8): nan, nan, nan, 0.0000
(13, 9): nan, nan, nan, 0.0000
(13, 10): 0.6469, 0.0200, 26.3830, 0.0051
(13, 11): 0.6755, 0.0200, 25.9266, 0.0060
(13, 12): 0.8277, 0.0200, 20.1195, 0.0051
(13, 13): 0.8454, 0.0200, 15.8232, 0.0043
(13, 14): 0.6058, 0.0200, 3.6358, 0.0077
(13, 15): nan, nan, nan, 0.0000
(13, 16): 0.6596, 0.0200, 2.8972, 0.0179
(13, 17): 1.0198, 0.0200, 11.2101, 0.0102
(6, 21): 0.8784, 0.0200, 20.1826, 0.0068
(6, 22): 1.0143, 0.0200, 16.8937, 0.0077
(6, 23): 0.9630, 0.0200, 17.3201, 0.0077
(6, 24): 0.9407, 0.0200, 16.6527, 0.0068
(6, 25): 0.9517, 0.0200, 16.7851, 0.0085
(6, 26): 0.8613, 0.0200, 18.3908, 0.0119
(6, 27): 0.8311, 0.0200, 5.4784, 0.0085
(7, 1): nan, nan, nan, 0.0000
(7, 2): nan, nan, nan, 0.0000
(7, 3): nan, nan, nan, 0.0000
(7, 4): nan, nan, nan, 0.0000
(7, 5): nan, nan, nan, 0.0000
(7, 6): nan, nan, nan, 0.0000
(7, 7): nan, nan, nan, 0.0000
(7, 8): nan, nan, nan, 0.0000
(7, 9): nan, nan, nan, 0.0000
(7, 10): 0.4819, 0.0200, 1.9519, 0.0102
(7, 11): 0.6287, 0.0200, 7.9687, 0.0085
(7, 12): nan, nan, nan, 0.0000
(7, 13): nan, nan, nan, 0.0000
(7, 14): nan, nan, nan, 0.0000
(7, 15): 1.5704, 0.0200, 7.0604, 0.0128
(7, 16): 1.1097, 0.0200, 13.7517, 0.0102
(7, 17): 0.7187, 0.0200, 23.6398, 0.0094
(7, 18): 0.7556, 0.0200, 23.0656, 0.0094
(7, 19): 0.8483, 0.0200, 20.5124, 0.0068
(7, 20): 0.8571, 0.0200, 20.6483, 0.0026
(7, 21): 0.9639, 0.0200, 18.5943, 0.0043
(7, 22): 0.9853, 0.0200, 18.4672, 0.0077
(7, 23): 1.0069, 0.0200, 17.3272, 0.0060
(7, 24): 0.7963, 0.0200, 21.2306, 0.0034
(19, 11): 0.7982, 0.0200, 21.0840, 0.0111
(19, 12): 0.6722, 0.0200, 24.7981, 0.0068
(19, 13): 0.6673, 0.0200, 25.2913, 0.0077
(19, 14): 0.7003, 0.0200, 24.9069, 0.0034
(19, 15): 0.6207, 0.0200, 28.8359, 0.0060
(19, 16): 0.6436, 0.0200, 28.5966, 0.0026
(19, 17): 0.6311, 0.0200, 27.3216, 0.0060
(19, 18): 0.7074, 0.0200, 25.7838, 0.0043
(19, 19): 1.0482, 0.0200, 17.5496, 0.0051
(19, 20): 0.7245, 0.0200, 25.7275, 0.0051
(19, 21): 0.7041, 0.0200, 24.5808, 0.0051
(19, 22): 0.7539, 0.0200, 22.2868, 0.0060
(19, 23): 0.7306, 0.0200, 23.5959, 0.0043
(19, 24): 0.6291, 0.0200, 26.1413, 0.0034
(19, 25): 0.5945, 0.0200, 16.6915, 0.0017
(19, 26): 0.3944, 0.0200, 2.1569, 0.0145
(19, 27): nan, nan, nan, 0.0000
(20, 1): nan, nan, nan, 0.0000
(20, 2): nan, nan, nan, 0.0000
(20, 3): nan, nan, nan, 0.0000
(20, 4): nan, nan, nan, 0.0000
(20, 5): nan, nan, nan, 0.0000
(20, 6): nan, nan, nan, 0.0000
(20, 7): 0.5346, 0.0200, 6.0315, 0.0043
(20, 8): 0.7355, 0.0200, 24.8353, 0.0119
(20, 9): 0.7801, 0.0200, 23.3248, 0.0102
(20, 10): 0.5352, 0.0200, 31.8598, 0.0068
(20, 11): 0.6242, 0.0200, 27.2323, 0.0060
(20, 12): 0.6864, 0.0200, 24.5122, 0.0068
(20, 13): 0.7709, 0.0200, 21.6429, 0.0051
(20, 14): 0.6606, 0.0200, 24.8456, 0.0085
(22, 23): nan, nan, nan, 0.0000
(22, 24): nan, nan, nan, 0.0000
(22, 25): nan, nan, nan, 0.0000
(22, 26): nan, nan, nan, 0.0000
(22, 27): nan, nan, nan, 0.0000
(23, 1): nan, nan, nan, 0.0000
(23, 2): nan, nan, nan, 0.0000
(23, 3): nan, nan, nan, 0.0000
(23, 4): nan, nan, nan, 0.0000
(23, 5): 0.4977, 0.0200, 7.9778, 0.0043
(23, 6): 0.5670, 0.0200, 16.2503, 0.0043
(23, 7): 0.6662, 0.0200, 18.6158, 0.0060
(23, 8): 0.6143, 0.0200, 26.5581, 0.0102
(23, 9): 0.6498, 0.0200, 26.7748, 0.0060
(23, 10): 0.8560, 0.0200, 20.5627, 0.0102
(23, 11): 1.1485, 0.0200, 13.3904, 0.0077
(23, 12): 0.7262, 0.0200, 24.2697, 0.0085
(23, 13): 0.6682, 0.0200, 25.3530, 0.0043
(23, 14): 0.6762, 0.0200, 24.4779, 0.0051
(23, 15): 0.7954, 0.0200, 20.6944, 0.0034
(23, 16): 0.9726, 0.0200, 16.7922, 0.0060
(23, 17): 1.0957, 0.0200, 14.1812, 0.0085
(23, 18): 1.1161, 0.0200, 13.7338, 0.0068
(23, 19): 0.8938, 0.0200, 18.6484, 0.0068
(23, 20): 0.8789, 0.0200, 15.9423, 0.0077
(23, 21): nan, nan, nan, 0.0000
(23, 22): nan, nan, nan, 0.0000
(23, 23): nan, nan, nan, 0.0000
(23, 24): nan, nan, nan, 0.0000
(23, 25): nan, nan, nan, 0.0000
(23, 26): nan, nan, nan, 0.0000
(32, 1): nan, nan, nan, 0.0000
(32, 2): nan, nan, nan, 0.0000
(32, 3): nan, nan, nan, 0.0000
(32, 4): nan, nan, nan, 0.0000
(32, 5): nan, nan, nan, 0.0000
(32, 6): nan, nan, nan, 0.0000
(32, 7): nan, nan, nan, 0.0000
(32, 8): nan, nan, nan, 0.0000
(32, 9): nan, nan, nan, 0.0000
(32, 10): nan, nan, nan, 0.0000
(32, 11): nan, nan, nan, 0.0000
(32, 12): nan, nan, nan, 0.0000
(32, 13): nan, nan, nan, 0.0000
(32, 14): nan, nan, nan, 0.0000
(32, 15): nan, nan, nan, 0.0000
(32, 16): nan, nan, nan, 0.0000
(32, 17): nan, nan, nan, 0.0000
(32, 18): nan, nan, nan, 0.0000
(32, 19): 0.5483, 0.0200, 5.8377, 0.0068
(32, 20): 0.6696, 0.0200, 25.3397, 0.0111
(32, 21): 0.5850, 0.0200, 17.5352, 0.0026
(32, 22): 0.4778, 0.0200, 3.9781, 0.0102
(32, 23): nan, nan, nan, 0.0000
(32, 24): nan, nan, nan, 0.0000
(32, 25): nan, nan, nan, 0.0000
(32, 26): nan, nan, nan, 0.0000
(32, 27): nan, nan, nan, 0.0000
(33, 1): nan, nan, nan, 0.0000
(33, 2): nan, nan, nan, 0.0000
(33, 3): nan, nan, nan, 0.0000
(33, 4): nan, nan, nan, 0.0000
(27, 12): 0.7270, 0.0200, 10.3349, 0.0068
(27, 13): 0.7586, 0.0200, 18.8579, 0.0094
(27, 14): 0.6550, 0.0200, 17.3921, 0.0034
(27, 15): 0.7590, 0.0200, 23.8649, 0.0068
(27, 16): 0.8088, 0.0200, 21.5600, 0.0068
(27, 17): 0.9129, 0.0200, 18.4231, 0.0085
(27, 18): 0.8627, 0.0200, 19.8247, 0.0102
(27, 19): 0.8448, 0.0200, 20.0131, 0.0068
(27, 20): 0.8078, 0.0200, 20.2686, 0.0068
(27, 21): 0.6817, 0.0200, 23.7877, 0.0068
(27, 22): 0.7360, 0.0200, 16.6455, 0.0034
(27, 23): nan, nan, nan, 0.0000
(27, 24): nan, nan, nan, 0.0000
(27, 25): nan, nan, nan, 0.0000
(27, 26): nan, nan, nan, 0.0000
(27, 27): nan, nan, nan, 0.0000
(28, 1): nan, nan, nan, 0.0000
(28, 2): 0.3958, 0.0200, 2.4197, 0.0128
(28, 3): 0.6277, 0.0200, 12.0120, 0.0068
(28, 4): 0.5929, 0.0200, 13.7899, 0.0077
(28, 5): 0.6306, 0.0200, 21.3843, 0.0017
(28, 6): 0.5564, 0.0200, 12.5671, 0.0034
(28, 7): 0.4923, 0.0200, 14.1281, 0.0094
(28, 8): 0.5910, 0.0200, 19.2330, 0.0051
(28, 9): 0.6285, 0.0200, 14.4855, 0.0111
(28, 10): nan, nan, nan, 0.0000
(28, 11): nan, nan, nan, 0.0000
(28, 12): nan, nan, nan, 0.0000
(28, 13): nan, nan, nan, 0.0000
(28, 14): 0.6096, 0.0200, 5.7977, 0.0034
(28, 15): 0.8002, 0.0200, 21.8667, 0.0051
(13, 18): 0.8690, 0.0200, 16.7106, 0.0043
(13, 19): 0.9861, 0.0200, 16.5219, 0.0026
(13, 20): 0.9377, 0.0200, 17.9475, 0.0034
(13, 21): 0.7600, 0.0200, 22.5565, 0.0128
(13, 22): 0.8147, 0.0200, 21.2686, 0.0026
(13, 23): 0.8505, 0.0200, 19.2590, 0.0060
(13, 24): 0.7829, 0.0200, 16.7275, 0.0085
(13, 25): 0.4417, 0.0200, 1.7832, 0.0111
(13, 26): nan, nan, nan, 0.0000
(13, 27): nan, nan, nan, 0.0000
(14, 1): nan, nan, nan, 0.0000
(14, 2): nan, nan, nan, 0.0000
(14, 3): nan, nan, nan, 0.0000
(14, 4): nan, nan, nan, 0.0000
(14, 5): nan, nan, nan, 0.0000
(14, 6): nan, nan, nan, 0.0000
(14, 7): nan, nan, nan, 0.0000
(14, 8): nan, nan, nan, 0.0000
(14, 9): nan, nan, nan, 0.0000
(14, 10): 0.6821, 0.0200, 25.6770, 0.0043
(14, 11): 0.7394, 0.0200, 24.2488, 0.0077
(14, 12): 0.8956, 0.0200, 18.8066, 0.0060
(14, 13): 0.6178, 0.0200, 1.8597, 0.0111
(14, 14): nan, nan, nan, 0.0000
(14, 15): 0.4939, 0.0200, 1.9327, 0.0247
(14, 16): 1.1076, 0.0200, 10.5384, 0.0153
(14, 17): 1.1649, 0.0200, 12.7001, 0.0128
(14, 18): 1.0307, 0.0200, 15.7932, 0.0043
(14, 19): 0.8496, 0.0200, 20.3525, 0.0051
(14, 20): 0.8359, 0.0200, 20.5879, 0.0094
(14, 21): 0.7606, 0.0200, 21.8046, 0.0051
(21, 19): 0.9099, 0.0200, 19.4451, 0.0060
(21, 20): 0.8376, 0.0200, 20.9699, 0.0060
(21, 21): 0.9166, 0.0200, 15.2705, 0.0085
(21, 22): 0.9370, 0.0200, 15.0454, 0.0043
(21, 23): 0.8630, 0.0200, 15.9753, 0.0043
(21, 24): 0.6768, 0.0200, 9.6108, 0.0026
(21, 25): nan, nan, nan, 0.0000
(21, 26): nan, nan, nan, 0.0000
(21, 27): nan, nan, nan, 0.0000
(22, 1): nan, nan, nan, 0.0000
(22, 2): nan, nan, nan, 0.0000
(22, 3): nan, nan, nan, 0.0000
(22, 4): nan, nan, nan, 0.0000
(22, 5): nan, nan, nan, 0.0000
(22, 6): 0.6200, 0.0200, 17.8650, 0.0094
(22, 7): 0.6551, 0.0200, 26.2856, 0.0068
(22, 8): 0.6746, 0.0200, 25.7115, 0.0102
(22, 9): 1.0596, 0.0200, 16.3438, 0.0136
(22, 10): 1.5954, 0.0200, 8.4474, 0.0051
(22, 11): 0.6529, 0.0200, 27.5674, 0.0077
(22, 12): 0.6165, 0.0200, 27.2458, 0.0060
(22, 13): 0.6604, 0.0200, 25.3543, 0.0026
(22, 14): 0.6937, 0.0200, 24.0060, 0.0034
(22, 15): 0.6675, 0.0200, 24.2707, 0.0051
(22, 16): 0.7429, 0.0200, 21.7710, 0.0051
(22, 17): 0.8103, 0.0200, 20.1505, 0.0094
(22, 18): 1.0324, 0.0200, 15.2511, 0.0060
(22, 19): 0.9809, 0.0200, 16.8706, 0.0068
(22, 20): 0.9144, 0.0200, 13.9267, 0.0077
(22, 21): 0.7004, 0.0200, 3.0633, 0.0119
(22, 22): nan, nan, nan, 0.0000
(14, 22): 0.6358, 0.0200, 25.6130, 0.0051
(14, 23): 0.6593, 0.0200, 24.0392, 0.0043
(14, 24): 0.6903, 0.0200, 20.6549, 0.0034
(14, 25): 0.5986, 0.0200, 12.2800, 0.0060
(14, 26): 0.7044, 0.0200, 11.6165, 0.0060
(14, 27): 0.4315, 0.0200, 1.7909, 0.0179
(15, 1): nan, nan, nan, 0.0000
(15, 2): nan, nan, nan, 0.0000
(15, 3): nan, nan, nan, 0.0000
(15, 4): nan, nan, nan, 0.0000
(15, 5): nan, nan, nan, 0.0000
(15, 6): nan, nan, nan, 0.0000
(15, 7): nan, nan, nan, 0.0000
(15, 8): nan, nan, nan, 0.0000
(15, 9): 0.5299, 0.0200, 5.9220, 0.0111
(15, 10): 1.0580, 0.0200, 15.7213, 0.0145
(15, 11): 1.0974, 0.0200, 15.2295, 0.0281
(15, 12): 1.1424, 0.0200, 14.3989, 0.0171
(15, 13): 0.9108, 0.0200, 6.2313, 0.0077
(15, 14): 0.5741, 0.0200, 1.9042, 0.0094
(15, 15): 0.9836, 0.0200, 13.4069, 0.0094
(15, 16): 1.1470, 0.0200, 13.2370, 0.0085
(15, 17): 1.2181, 0.0200, 11.6004, 0.0068
(15, 18): 0.9423, 0.0200, 16.0601, 0.0136
(15, 19): 0.8368, 0.0200, 21.8461, 0.0060
(15, 20): 0.7870, 0.0200, 22.3383, 0.0068
(15, 21): 0.6643, 0.0200, 24.3971, 0.0026
(15, 22): 0.5610, 0.0200, 27.9139, 0.0017
(15, 23): 0.5846, 0.0200, 26.7632, 0.0111
(15, 24): 0.6366, 0.0200, 24.7456, 0.0043
(15, 25): 0.7088, 0.0200, 22.8711, 0.0009
(18, 7): nan, nan, nan, 0.0000
(18, 8): 0.5168, 0.0200, 2.0928, 0.0128
(18, 9): 0.8829, 0.0200, 18.4508, 0.0136
(18, 10): 0.8790, 0.0200, 19.8876, 0.0188
(18, 11): 0.8874, 0.0200, 19.5192, 0.0128
(18, 12): 0.6598, 0.0200, 26.1537, 0.0060
(18, 13): 0.6700, 0.0200, 25.6995, 0.0060
(18, 14): 0.7307, 0.0200, 24.7175, 0.0085
(18, 15): 0.6731, 0.0200, 27.2880, 0.0043
(18, 16): 0.6898, 0.0200, 26.4581, 0.0009
(18, 17): 0.6690, 0.0200, 26.5076, 0.0077
(18, 18): 0.7021, 0.0200, 26.6176, 0.0017
(18, 19): 1.0210, 0.0200, 18.5660, 0.0094
(18, 20): 0.6215, 0.0200, 29.1403, 0.0068
(18, 21): 0.7055, 0.0200, 23.7849, 0.0077
(18, 22): 0.6678, 0.0200, 23.9740, 0.0060
(18, 23): 0.6788, 0.0200, 23.6489, 0.0043
(18, 24): 0.6680, 0.0200, 23.4242, 0.0051
(18, 25): 0.6720, 0.0200, 20.3343, 0.0051
(18, 26): 0.6015, 0.0200, 4.9288, 0.0068
(18, 27): nan, nan, nan, 0.0000
(19, 1): nan, nan, nan, 0.0000
(19, 2): nan, nan, nan, 0.0000
(19, 3): nan, nan, nan, 0.0000
(19, 4): nan, nan, nan, 0.0000
(19, 5): nan, nan, nan, 0.0000
(19, 6): nan, nan, nan, 0.0000
(19, 7): nan, nan, nan, 0.0000
(19, 8): 0.6556, 0.0200, 13.7678, 0.0060
(19, 9): 1.7401, 0.0200, 7.1400, 0.0153
(19, 10): 0.6468, 0.0200, 27.4605, 0.0119
(36, 17): nan, nan, nan, 0.0000
(36, 18): nan, nan, nan, 0.0000
(36, 19): nan, nan, nan, 0.0000
(36, 20): nan, nan, nan, 0.0000
(36, 21): nan, nan, nan, 0.0000
(36, 22): nan, nan, nan, 0.0000
(36, 23): nan, nan, nan, 0.0000
(36, 24): nan, nan, nan, 0.0000
(36, 25): nan, nan, nan, 0.0000
(36, 26): nan, nan, nan, 0.0000
(36, 27): nan, nan, nan, 0.0000
(37, 1): nan, nan, nan, 0.0000
(37, 2): nan, nan, nan, 0.0000
(37, 3): nan, nan, nan, 0.0000
(37, 4): nan, nan, nan, 0.0000
(37, 5): nan, nan, nan, 0.0000
(37, 6): nan, nan, nan, 0.0000
(37, 7): nan, nan, nan, 0.0000
(37, 8): nan, nan, nan, 0.0000
(37, 9): nan, nan, nan, 0.0000
(37, 10): nan, nan, nan, 0.0000
(37, 11): nan, nan, nan, 0.0000
(37, 12): nan, nan, nan, 0.0000
(37, 13): nan, nan, nan, 0.0000
(37, 14): nan, nan, nan, 0.0000
(37, 15): nan, nan, nan, 0.0000
(37, 16): nan, nan, nan, 0.0000
(37, 17): nan, nan, nan, 0.0000
(37, 18): nan, nan, nan, 0.0000
(37, 19): nan, nan, nan, 0.0000
(37, 20): nan, nan, nan, 0.0000
(37, 21): nan, nan, nan, 0.0000
(37, 22): nan, nan, nan, 0.0000
(37, 23): nan, nan, nan, 0.0000
(37, 24): nan, nan, nan, 0.0000
(37, 25): nan, nan, nan, 0.0000
(37, 26): nan, nan, nan, 0.0000
(37, 27): nan, nan, nan, 0.0000
(35, 13): nan, nan, nan, 0.0000
(35, 14): nan, nan, nan, 0.0000
(35, 15): nan, nan, nan, 0.0000
(35, 16): nan, nan, nan, 0.0000
(35, 17): nan, nan, nan, 0.0000
(35, 18): nan, nan, nan, 0.0000
(35, 19): nan, nan, nan, 0.0000
(35, 20): nan, nan, nan, 0.0000
(35, 21): nan, nan, nan, 0.0000
(35, 22): nan, nan, nan, 0.0000
(35, 23): nan, nan, nan, 0.0000
(35, 24): nan, nan, nan, 0.0000
(35, 25): nan, nan, nan, 0.0000
(35, 26): nan, nan, nan, 0.0000
(35, 27): nan, nan, nan, 0.0000
(36, 1): nan, nan, nan, 0.0000
(36, 2): nan, nan, nan, 0.0000
(36, 3): nan, nan, nan, 0.0000
(36, 4): nan, nan, nan, 0.0000
(36, 5): nan, nan, nan, 0.0000
(36, 6): nan, nan, nan, 0.0000
(36, 7): nan, nan, nan, 0.0000
(36, 8): nan, nan, nan, 0.0000
(36, 9): nan, nan, nan, 0.0000
(36, 10): nan, nan, nan, 0.0000
(36, 11): nan, nan, nan, 0.0000
(36, 12): nan, nan, nan, 0.0000
(36, 13): nan, nan, nan, 0.0000
(36, 14): nan, nan, nan, 0.0000
(36, 15): nan, nan, nan, 0.0000
(36, 16): nan, nan, nan, 0.0000
(3, 9): nan, nan, nan, 0.0000
(3, 10): nan, nan, nan, 0.0000
(3, 11): nan, nan, nan, 0.0000
(3, 12): nan, nan, nan, 0.0000
(3, 13): nan, nan, nan, 0.0000
(3, 14): nan, nan, nan, 0.0000
(3, 15): nan, nan, nan, 0.0000
(3, 16): 0.6001, 0.0200, 6.5161, 0.0060
(3, 17): 0.5892, 0.0200, 6.4335, 0.0077
(3, 18): 0.5012, 0.0200, 3.5444, 0.0111
(3, 19): 0.6473, 0.0200, 5.6133, 0.0085
(3, 20): 0.6631, 0.0200, 2.7210, 0.0077
(3, 21): 0.6563, 0.0200, 4.3860, 0.0068
(3, 22): 0.6589, 0.0200, 13.1723, 0.0094
(3, 23): 0.8030, 0.0200, 17.2976, 0.0051
(3, 24): 0.7787, 0.0200, 14.5154, 0.0102
(3, 25): nan, nan, nan, 0.0000
(3, 26): nan, nan, nan, 0.0000
(3, 27): nan, nan, nan, 0.0000
(4, 1): nan, nan, nan, 0.0000
(4, 2): nan, nan, nan, 0.0000
(4, 3): nan, nan, nan, 0.0000
(4, 4): nan, nan, nan, 0.0000
(4, 5): nan, nan, nan, 0.0000
(4, 6): nan, nan, nan, 0.0000
(4, 7): nan, nan, nan, 0.0000
(4, 8): nan, nan, nan, 0.0000
(4, 9): nan, nan, nan, 0.0000
(4, 10): nan, nan, nan, 0.0000
(4, 11): nan, nan, nan, 0.0000
(4, 12): nan, nan, nan, 0.0000
(1, 1): nan, nan, nan, 0.0000
(1, 2): nan, nan, nan, 0.0000
(1, 3): nan, nan, nan, 0.0000
(1, 4): nan, nan, nan, 0.0000
(1, 5): nan, nan, nan, 0.0000
(1, 6): nan, nan, nan, 0.0000
(1, 7): nan, nan, nan, 0.0000
(1, 8): nan, nan, nan, 0.0000
(1, 9): nan, nan, nan, 0.0000
(1, 10): nan, nan, nan, 0.0000
(1, 11): nan, nan, nan, 0.0000
(1, 12): nan, nan, nan, 0.0000
(1, 13): nan, nan, nan, 0.0000
(1, 14): nan, nan, nan, 0.0000
(1, 15): nan, nan, nan, 0.0000
(1, 16): nan, nan, nan, 0.0000
(1, 17): nan, nan, nan, 0.0000
(1, 18): nan, nan, nan, 0.0000
(1, 19): nan, nan, nan, 0.0000
(1, 20): nan, nan, nan, 0.0000
(1, 21): nan, nan, nan, 0.0000
(1, 22): nan, nan, nan, 0.0000
(1, 23): nan, nan, nan, 0.0000
(1, 24): nan, nan, nan, 0.0000
(1, 25): nan, nan, nan, 0.0000
(1, 26): nan, nan, nan, 0.0000
(1, 27): nan, nan, nan, 0.0000
(2, 1): nan, nan, nan, 0.0000
(2, 2): nan, nan, nan, 0.0000
(2, 3): nan, nan, nan, 0.0000
(2, 4): nan, nan, nan, 0.0000
(28, 16): 0.8226, 0.0200, 22.0647, 0.0077
(28, 17): 0.7291, 0.0200, 23.6132, 0.0034
(28, 18): 0.7158, 0.0200, 23.3287, 0.0119
(28, 19): 0.7474, 0.0200, 21.9778, 0.0043
(28, 20): 0.7430, 0.0200, 21.9584, 0.0060
(28, 21): 0.7030, 0.0200, 23.0512, 0.0026
(28, 22): 0.6039, 0.0200, 9.7294, 0.0060
(28, 23): nan, nan, nan, 0.0000
(28, 24): nan, nan, nan, 0.0000
(28, 25): nan, nan, nan, 0.0000
(28, 26): nan, nan, nan, 0.0000
(28, 27): nan, nan, nan, 0.0000
(29, 1): nan, nan, nan, 0.0000
(29, 2): 0.8022, 0.0200, 21.5422, 0.0051
(29, 3): 0.6656, 0.0200, 29.3491, 0.0060
(29, 4): 0.6294, 0.0200, 24.0409, 0.0077
(29, 5): 0.6917, 0.0200, 18.2153, 0.0085
(29, 6): 0.6298, 0.0200, 28.3209, 0.0034
(29, 7): 0.5510, 0.0200, 24.2744, 0.0051
(29, 8): 0.3679, 0.0200, 2.3281, 0.0111
(29, 9): nan, nan, nan, 0.0000
(29, 10): nan, nan, nan, 0.0000
(29, 11): nan, nan, nan, 0.0000
(29, 12): nan, nan, nan, 0.0000
(29, 13): nan, nan, nan, 0.0000
(29, 14): nan, nan, nan, 0.0000
(29, 15): 0.6551, 0.0200, 3.6921, 0.0051
(29, 16): 0.7817, 0.0200, 8.9719, 0.0017
(29, 17): 0.5179, 0.0200, 2.0099, 0.0119
(29, 18): 0.6800, 0.0200, 18.2201, 0.0060
(29, 19): 0.6493, 0.0200, 24.7193, 0.0051
(4, 13): 0.6060, 0.0200, 5.0929, 0.0102
(4, 14): 0.6429, 0.0200, 11.4545, 0.0060
(4, 15): 0.5709, 0.0200, 5.2861, 0.0136
(4, 16): 0.5570, 0.0200, 5.3694, 0.0094
(4, 17): 0.5971, 0.0200, 5.1344, 0.0043
(4, 18): 0.7229, 0.0200, 13.9497, 0.0060
(4, 19): 0.7447, 0.0200, 17.4429, 0.0077
(4, 20): 0.7761, 0.0200, 19.9838, 0.0051
(4, 21): 0.7663, 0.0200, 20.7021, 0.0043
(4, 22): 0.7091, 0.0200, 22.3711, 0.0034
(4, 23): 0.7750, 0.0200, 19.8669, 0.0051
(4, 24): 0.7567, 0.0200, 19.4586, 0.0060
(4, 25): 0.7438, 0.0200, 12.5289, 0.0043
(4, 26): 0.5207, 0.0200, 3.4308, 0.0085
(4, 27): nan, nan, nan, 0.0000
(5, 1): nan, nan, nan, 0.0000
(5, 2): nan, nan, nan, 0.0000
(5, 3): nan, nan, nan, 0.0000
(5, 4): nan, nan, nan, 0.0000
(5, 5): nan, nan, nan, 0.0000
(5, 6): nan, nan, nan, 0.0000
(5, 7): nan, nan, nan, 0.0000
(5, 8): nan, nan, nan, 0.0000
(5, 9): nan, nan, nan, 0.0000
(5, 10): nan, nan, nan, 0.0000
(5, 11): nan, nan, nan, 0.0000
(5, 12): nan, nan, nan, 0.0000
(5, 13): 0.6140, 0.0200, 6.7317, 0.0051
(5, 14): nan, nan, nan, 0.0000
(5, 15): nan, nan, nan, 0.0000
(5, 16): 0.7464, 0.0200, 11.3018, 0.0043
(17, 3): nan, nan, nan, 0.0000
(17, 4): nan, nan, nan, 0.0000
(17, 5): nan, nan, nan, 0.0000
(17, 6): nan, nan, nan, 0.0000
(17, 7): nan, nan, nan, 0.0000
(17, 8): nan, nan, nan, 0.0000
(17, 9): 0.7685, 0.0200, 15.2519, 0.0077
(17, 10): 0.8963, 0.0200, 19.2762, 0.0119
(17, 11): 0.7641, 0.0200, 23.6985, 0.0051
(17, 12): 0.8967, 0.0200, 20.2861, 0.0119
(17, 13): 0.6918, 0.0200, 20.8423, 0.0068
(17, 14): 0.7482, 0.0200, 18.4120, 0.0051
(17, 15): 0.8957, 0.0200, 17.3844, 0.0043
(17, 16): 0.8117, 0.0200, 19.2252, 0.0060
(17, 17): 0.7616, 0.0200, 24.4087, 0.0051
(17, 18): 0.9018, 0.0200, 20.9708, 0.0034
(17, 19): 0.8411, 0.0200, 22.6622, 0.0094
(17, 20): 0.7153, 0.0200, 25.1189, 0.0051
(17, 21): 0.7969, 0.0200, 21.2758, 0.0068
(17, 22): 0.7348, 0.0200, 22.1180, 0.0026
(17, 23): 0.6154, 0.0200, 25.0505, 0.0034
(17, 24): 0.6982, 0.0200, 22.5542, 0.0043
(17, 25): 0.8180, 0.0200, 20.1322, 0.0077
(17, 26): 0.7969, 0.0200, 16.4711, 0.0060
(17, 27): nan, nan, nan, 0.0000
(18, 1): nan, nan, nan, 0.0000
(18, 2): nan, nan, nan, 0.0000
(18, 3): nan, nan, nan, 0.0000
(18, 4): nan, nan, nan, 0.0000
(18, 5): nan, nan, nan, 0.0000
(18, 6): nan, nan, nan, 0.0000
(23, 27): nan, nan, nan, 0.0000
(24, 1): nan, nan, nan, 0.0000
(24, 2): nan, nan, nan, 0.0000
(24, 3): nan, nan, nan, 0.0000
(24, 4): 0.5685, 0.0200, 5.2259, 0.0077
(24, 5): 0.5408, 0.0200, 10.6857, 0.0068
(24, 6): 0.5128, 0.0200, 11.1070, 0.0128
(24, 7): 0.5803, 0.0200, 23.6449, 0.0102
(24, 8): 0.6072, 0.0200, 17.3453, 0.0043
(24, 9): 0.6609, 0.0200, 21.0122, 0.0085
(24, 10): 0.7471, 0.0200, 18.0212, 0.0034
(24, 11): 1.0625, 0.0200, 14.9957, 0.0085
(24, 12): 0.9299, 0.0200, 18.3974, 0.0102
(24, 13): 0.7665, 0.0200, 21.8287, 0.0034
(24, 14): 0.8087, 0.0200, 20.5634, 0.0094
(24, 15): 1.0661, 0.0200, 16.4377, 0.0094
(24, 16): 1.3141, 0.0200, 11.2120, 0.0102
(24, 17): 1.0032, 0.0200, 16.4388, 0.0094
(24, 18): 1.0819, 0.0200, 15.0836, 0.0026
(24, 19): 1.0669, 0.0200, 15.4435, 0.0077
(24, 20): 0.9494, 0.0200, 17.5223, 0.0034
(24, 21): 0.8916, 0.0200, 10.6691, 0.0051
(24, 22): nan, nan, nan, 0.0000
(24, 23): nan, nan, nan, 0.0000
(24, 24): nan, nan, nan, 0.0000
(24, 25): nan, nan, nan, 0.0000
(24, 26): nan, nan, nan, 0.0000
(24, 27): nan, nan, nan, 0.0000
(25, 1): nan, nan, nan, 0.0000
(25, 2): nan, nan, nan, 0.0000
(25, 3): nan, nan, nan, 0.0000
(20, 15): 0.6479, 0.0200, 26.7047, 0.0026
(20, 16): 0.6524, 0.0200, 26.7051, 0.0026
(20, 17): 0.6887, 0.0200, 25.0275, 0.0043
(20, 18): 0.7933, 0.0200, 23.3041, 0.0051
(20, 19): 0.9481, 0.0200, 19.9577, 0.0043
(20, 20): 0.7253, 0.0200, 25.6578, 0.0051
(20, 21): 0.7477, 0.0200, 23.3556, 0.0068
(20, 22): 0.8156, 0.0200, 21.4105, 0.0085
(20, 23): 0.7788, 0.0200, 22.6076, 0.0034
(20, 24): 0.7043, 0.0200, 24.5407, 0.0043
(20, 25): 0.5983, 0.0200, 25.8843, 0.0051
(20, 26): 0.5102, 0.0200, 5.7055, 0.0102
(20, 27): nan, nan, nan, 0.0000
(21, 1): nan, nan, nan, 0.0000
(21, 2): nan, nan, nan, 0.0000
(21, 3): nan, nan, nan, 0.0000
(21, 4): nan, nan, nan, 0.0000
(21, 5): nan, nan, nan, 0.0000
(21, 6): 0.4918, 0.0200, 6.4517, 0.0060
(21, 7): 0.6553, 0.0200, 23.2679, 0.0094
(21, 8): 0.6376, 0.0200, 27.8506, 0.0043
(21, 9): 0.7386, 0.0200, 24.8938, 0.0060
(21, 10): 0.6926, 0.0200, 26.4923, 0.0068
(21, 11): 0.6460, 0.0200, 27.1039, 0.0094
(21, 12): 0.6674, 0.0200, 25.0391, 0.0043
(21, 13): 0.6720, 0.0200, 24.4846, 0.0043
(21, 14): 0.6968, 0.0200, 24.0494, 0.0034
(21, 15): 0.6160, 0.0200, 26.2858, 0.0034
(21, 16): 0.7328, 0.0200, 22.3606, 0.0034
(21, 17): 0.8512, 0.0200, 19.4618, 0.0026
(21, 18): 0.8921, 0.0200, 19.5632, 0.0085
(11, 10): 0.6302, 0.0200, 19.4912, 0.0102
(11, 11): 0.6773, 0.0200, 24.2401, 0.0077
(11, 12): 0.6854, 0.0200, 24.0355, 0.0051
(11, 13): 0.6330, 0.0200, 6.5151, 0.0077
(11, 14): nan, nan, nan, 0.0000
(11, 15): nan, nan, nan, 0.0000
(11, 16): 0.6027, 0.0200, 3.1890, 0.0153
(11, 17): 0.8205, 0.0200, 19.4245, 0.0094
(11, 18): 0.8034, 0.0200, 20.1089, 0.0068
(11, 19): 0.8692, 0.0200, 18.5887, 0.0068
(11, 20): 0.7915, 0.0200, 20.8283, 0.0128
(11, 21): 0.8027, 0.0200, 21.5656, 0.0051
(11, 22): 0.9433, 0.0200, 19.1824, 0.0034
(11, 23): 0.8615, 0.0200, 20.8807, 0.0068
(11, 24): 0.8296, 0.0200, 21.3380, 0.0051
(11, 25): 0.8050, 0.0200, 20.5884, 0.0034
(11, 26): 0.8570, 0.0200, 17.2260, 0.0102
(11, 27): nan, nan, nan, 0.0000
(12, 1): nan, nan, nan, 0.0000
(12, 2): nan, nan, nan, 0.0000
(12, 3): nan, nan, nan, 0.0000
(12, 4): nan, nan, nan, 0.0000
(12, 5): nan, nan, nan, 0.0000
(12, 6): nan, nan, nan, 0.0000
(12, 7): nan, nan, nan, 0.0000
(12, 8): nan, nan, nan, 0.0000
(12, 9): nan, nan, nan, 0.0000
(12, 10): 0.6472, 0.0200, 24.4273, 0.0077
(12, 11): 0.7066, 0.0200, 24.0432, 0.0051
(12, 12): 0.8057, 0.0200, 21.1116, 0.0051
(12, 13): 0.7325, 0.0200, 17.7753, 0.0068
(30, 24): nan, nan, nan, 0.0000
(30, 25): nan, nan, nan, 0.0000
(30, 26): nan, nan, nan, 0.0000
(30, 27): nan, nan, nan, 0.0000
(31, 1): nan, nan, nan, 0.0000
(31, 2): nan, nan, nan, 0.0000
(31, 3): nan, nan, nan, 0.0000
(31, 4): nan, nan, nan, 0.0000
(31, 5): nan, nan, nan, 0.0000
(31, 6): nan, nan, nan, 0.0000
(31, 7): nan, nan, nan, 0.0000
(31, 8): nan, nan, nan, 0.0000
(31, 9): nan, nan, nan, 0.0000
(31, 10): nan, nan, nan, 0.0000
(31, 11): nan, nan, nan, 0.0000
(31, 12): nan, nan, nan, 0.0000
(31, 13): nan, nan, nan, 0.0000
(31, 14): nan, nan, nan, 0.0000
(31, 15): nan, nan, nan, 0.0000
(31, 16): nan, nan, nan, 0.0000
(31, 17): nan, nan, nan, 0.0000
(31, 18): nan, nan, nan, 0.0000
(31, 19): 0.5355, 0.0200, 3.7496, 0.0026
(31, 20): 0.6546, 0.0200, 20.9608, 0.0034
(31, 21): 0.6006, 0.0200, 4.7689, 0.0034
(31, 22): nan, nan, nan, 0.0000
(31, 23): nan, nan, nan, 0.0000
(31, 24): nan, nan, nan, 0.0000
(31, 25): nan, nan, nan, 0.0000
(31, 26): nan, nan, nan, 0.0000
(31, 27): nan, nan, nan, 0.0000
(26, 8): 0.6407, 0.0200, 26.0789, 0.0085
(26, 9): 0.7239, 0.0200, 24.2080, 0.0043
(26, 10): 0.6828, 0.0200, 25.4321, 0.0043
(26, 11): 0.6532, 0.0200, 26.3183, 0.0009
(26, 12): 0.7492, 0.0200, 23.1404, 0.0051
(26, 13): 0.8116, 0.0200, 21.3821, 0.0060
(26, 14): 0.7990, 0.0200, 22.3559, 0.0085
(26, 15): 0.7538, 0.0200, 23.5091, 0.0077
(26, 16): 0.7892, 0.0200, 21.8325, 0.0026
(26, 17): 0.8612, 0.0200, 19.9301, 0.0026
(26, 18): 1.0072, 0.0200, 16.3039, 0.0034
(26, 19): 1.0453, 0.0200, 15.5149, 0.0068
(26, 20): 0.8842, 0.0200, 18.5012, 0.0060
(26, 21): 0.8615, 0.0200, 18.8563, 0.0034
(26, 22): 0.7508, 0.0200, 16.2419, 0.0068
(26, 23): nan, nan, nan, 0.0000
(26, 24): nan, nan, nan, 0.0000
(26, 25): nan, nan, nan, 0.0000
(26, 26): nan, nan, nan, 0.0000
(26, 27): nan, nan, nan, 0.0000
(27, 1): nan, nan, nan, 0.0000
(27, 2): 0.6416, 0.0200, 9.4029, 0.0051
(27, 3): 0.7199, 0.0200, 21.9522, 0.0034
(27, 4): 0.6622, 0.0200, 26.2423, 0.0043
(27, 5): 0.6779, 0.0200, 27.1971, 0.0009
(27, 6): 0.6841, 0.0200, 19.8652, 0.0051
(27, 7): 0.5385, 0.0200, 8.9715, 0.0077
(27, 8): 0.6459, 0.0200, 21.2495, 0.0051
(27, 9): 0.7381, 0.0200, 17.9735, 0.0034
(27, 10): 0.6685, 0.0200, 20.3428, 0.0085
(27, 11): 0.6995, 0.0200, 19.0018, 0.0017
(25, 4): 0.7632, 0.0200, 11.9541, 0.0026
(25, 5): 0.5687, 0.0200, 18.3833, 0.0085
(25, 6): 0.6235, 0.0200, 21.8397, 0.0068
(25, 7): 0.5774, 0.0200, 12.5998, 0.0043
(25, 8): 0.6954, 0.0200, 19.8915, 0.0094
(25, 9): 0.7343, 0.0200, 22.1443, 0.0051
(25, 10): 0.7332, 0.0200, 22.7423, 0.0051
(25, 11): 0.7133, 0.0200, 23.7246, 0.0077
(25, 12): 0.8099, 0.0200, 21.3686, 0.0034
(25, 13): 0.7787, 0.0200, 21.4454, 0.0060
(25, 14): 0.8454, 0.0200, 20.2857, 0.0102
(25, 15): 0.9490, 0.0200, 17.9633, 0.0068
(25, 16): 0.9318, 0.0200, 18.2710, 0.0051
(25, 17): 1.1244, 0.0200, 14.5071, 0.0153
(25, 18): 0.9837, 0.0200, 17.1391, 0.0102
(25, 19): 0.9499, 0.0200, 17.5125, 0.0077
(25, 20): 0.9126, 0.0200, 18.1657, 0.0077
(25, 21): 0.9210, 0.0200, 17.6407, 0.0043
(25, 22): 0.7880, 0.0200, 7.9852, 0.0068
(25, 23): nan, nan, nan, 0.0000
(25, 24): nan, nan, nan, 0.0000
(25, 25): nan, nan, nan, 0.0000
(25, 26): nan, nan, nan, 0.0000
(25, 27): nan, nan, nan, 0.0000
(26, 1): nan, nan, nan, 0.0000
(26, 2): 0.5019, 0.0200, 1.9725, 0.0128
(26, 3): 0.5982, 0.0200, 10.1071, 0.0051
(26, 4): 0.6284, 0.0200, 14.2386, 0.0094
(26, 5): 0.5735, 0.0200, 14.6644, 0.0068
(26, 6): 0.5186, 0.0200, 13.8763, 0.0051
(26, 7): 0.6466, 0.0200, 21.9098, 0.0051
(15, 26): 0.7337, 0.0200, 21.2155, 0.0043
(15, 27): 0.7680, 0.0200, 11.6338, 0.0068
(16, 1): nan, nan, nan, 0.0000
(16, 2): nan, nan, nan, 0.0000
(16, 3): nan, nan, nan, 0.0000
(16, 4): nan, nan, nan, 0.0000
(16, 5): nan, nan, nan, 0.0000
(16, 6): nan, nan, nan, 0.0000
(16, 7): nan, nan, nan, 0.0000
(16, 8): nan, nan, nan, 0.0000
(16, 9): 0.6366, 0.0200, 8.2434, 0.0102
(16, 10): 1.7013, 0.0200, 7.3503, 0.0077
(16, 11): 1.8984, 0.0200, 5.8551, 0.0179
(16, 12): 0.7756, 0.0200, 22.3513, 0.0077
(16, 13): 0.7487, 0.0200, 7.6102, 0.0043
(16, 14): 0.8313, 0.0200, 20.0783, 0.0068
(16, 15): 0.9685, 0.0200, 17.5841, 0.0094
(16, 16): 1.0726, 0.0200, 13.0592, 0.0077
(16, 17): 1.0071, 0.0200, 13.6872, 0.0102
(16, 18): 0.7256, 0.0200, 23.7201, 0.0085
(16, 19): 0.6396, 0.0200, 28.4815, 0.0068
(16, 20): 0.6479, 0.0200, 26.0846, 0.0043
(16, 21): 0.6951, 0.0200, 23.3626, 0.0085
(16, 22): 0.5610, 0.0200, 28.2165, 0.0060
(16, 23): 0.5244, 0.0200, 29.9391, 0.0043
(16, 24): 0.6843, 0.0200, 23.9776, 0.0077
(16, 25): 0.7502, 0.0200, 22.0327, 0.0009
(16, 26): 0.7659, 0.0200, 20.8569, 0.0077
(16, 27): 0.6908, 0.0200, 11.9324, 0.0102
(17, 1): nan, nan, nan, 0.0000
(17, 2): nan, nan, nan, 0.0000
(34, 9): nan, nan, nan, 0.0000
(34, 10): nan, nan, nan, 0.0000
(34, 11): nan, nan, nan, 0.0000
(34, 12): nan, nan, nan, 0.0000
(34, 13): nan, nan, nan, 0.0000
(34, 14): nan, nan, nan, 0.0000
(34, 15): nan, nan, nan, 0.0000
(34, 16): nan, nan, nan, 0.0000
(34, 17): nan, nan, nan, 0.0000
(34, 18): nan, nan, nan, 0.0000
(34, 19): 0.6324, 0.0200, 13.1975, 0.0051
(34, 20): 0.6853, 0.0200, 25.1755, 0.0060
(34, 21): 0.7201, 0.0200, 24.6531, 0.0136
(34, 22): 0.5703, 0.0200, 3.8397, 0.0085
(34, 23): nan, nan, nan, 0.0000
(34, 24): nan, nan, nan, 0.0000
(34, 25): nan, nan, nan, 0.0000
(34, 26): nan, nan, nan, 0.0000
(34, 27): nan, nan, nan, 0.0000
(35, 1): nan, nan, nan, 0.0000
(35, 2): nan, nan, nan, 0.0000
(35, 3): nan, nan, nan, 0.0000
(35, 4): nan, nan, nan, 0.0000
(35, 5): nan, nan, nan, 0.0000
(35, 6): nan, nan, nan, 0.0000
(35, 7): nan, nan, nan, 0.0000
(35, 8): nan, nan, nan, 0.0000
(35, 9): nan, nan, nan, 0.0000
(35, 10): nan, nan, nan, 0.0000
(35, 11): nan, nan, nan, 0.0000
(35, 12): nan, nan, nan, 0.0000
(10, 6): nan, nan, nan, 0.0000
(10, 7): nan, nan, nan, 0.0000
(10, 8): nan, nan, nan, 0.0000
(10, 9): nan, nan, nan, 0.0000
(10, 10): 0.6206, 0.0200, 13.9065, 0.0060
(10, 11): 0.6182, 0.0200, 4.8543, 0.0034
(10, 12): 0.6592, 0.0200, 13.2882, 0.0051
(10, 13): nan, nan, nan, 0.0000
(10, 14): 0.5188, 0.0200, 1.8950, 0.0119
(10, 15): 1.0177, 0.0200, 14.1336, 0.0145
(10, 16): 0.9559, 0.0200, 15.8165, 0.0077
(10, 17): 0.8685, 0.0200, 18.4283, 0.0085
(10, 18): 0.7923, 0.0200, 21.0231, 0.0051
(10, 19): 0.7677, 0.0200, 22.3923, 0.0060
(10, 20): 0.7874, 0.0200, 21.7892, 0.0051
(10, 21): 0.8584, 0.0200, 21.0522, 0.0051
(10, 22): 0.9308, 0.0200, 20.3387, 0.0009
(10, 23): 0.9363, 0.0200, 20.0218, 0.0051
(10, 24): 0.8602, 0.0200, 21.7995, 0.0051
(10, 25): 0.8104, 0.0200, 21.8944, 0.0094
(10, 26): 0.9509, 0.0200, 16.3497, 0.0051
(10, 27): nan, nan, nan, 0.0000
(11, 1): nan, nan, nan, 0.0000
(11, 2): nan, nan, nan, 0.0000
(11, 3): nan, nan, nan, 0.0000
(11, 4): nan, nan, nan, 0.0000
(11, 5): nan, nan, nan, 0.0000
(11, 6): nan, nan, nan, 0.0000
(11, 7): nan, nan, nan, 0.0000
(11, 8): nan, nan, nan, 0.0000
(11, 9): nan, nan, nan, 0.0000
(2, 5): nan, nan, nan, 0.0000
(2, 6): nan, nan, nan, 0.0000
(2, 7): nan, nan, nan, 0.0000
(2, 8): nan, nan, nan, 0.0000
(2, 9): nan, nan, nan, 0.0000
(2, 10): nan, nan, nan, 0.0000
(2, 11): nan, nan, nan, 0.0000
(2, 12): nan, nan, nan, 0.0000
(2, 13): nan, nan, nan, 0.0000
(2, 14): nan, nan, nan, 0.0000
(2, 15): nan, nan, nan, 0.0000
(2, 16): nan, nan, nan, 0.0000
(2, 17): nan, nan, nan, 0.0000
(2, 18): nan, nan, nan, 0.0000
(2, 19): nan, nan, nan, 0.0000
(2, 20): 0.7470, 0.0200, 2.3740, 0.0017
(2, 21): 1.0265, 0.0200, 1.5221, 0.0102
(2, 22): nan, nan, nan, 0.0000
(2, 23): nan, nan, nan, 0.0000
(2, 24): nan, nan, nan, 0.0000
(2, 25): nan, nan, nan, 0.0000
(2, 26): nan, nan, nan, 0.0000
(2, 27): nan, nan, nan, 0.0000
(3, 1): nan, nan, nan, 0.0000
(3, 2): nan, nan, nan, 0.0000
(3, 3): nan, nan, nan, 0.0000
(3, 4): nan, nan, nan, 0.0000
(3, 5): nan, nan, nan, 0.0000
(3, 6): nan, nan, nan, 0.0000
(3, 7): nan, nan, nan, 0.0000
(3, 8): nan, nan, nan, 0.0000
