(1, 1): 0.0669, 4.4100, 4.5070, 0.4442
(1, 2): 0.0669, 4.4100, 4.5070, 0.4442
(1, 3): 0.0669, 4.4100, 4.5070, 0.4442
(1, 4): 0.0669, 4.4100, 4.5070, 0.4442
(1, 5): 0.1472, 4.4100, 18.0337, 0.2404
(1, 6): 0.1472, 4.4100, 18.0337, 0.2404
(1, 7): 0.1472, 4.4100, 18.0337, 0.2404
(1, 8): 0.1472, 4.4100, 18.0337, 0.2404
(1, 9): 0.0655, 4.4100, 12.8062, 0.2950
(1, 10): 0.0655, 4.4100, 12.8062, 0.2950
(1, 11): 0.0655, 4.4100, 12.8062, 0.2950
(1, 12): 0.0655, 4.4100, 12.8062, 0.2950
(1, 13): 0.0655, 4.4100, 12.8062, 0.2950
(1, 14): 0.0822, 4.4100, 15.8844, 0.2677
(1, 15): 0.0822, 4.4100, 15.8844, 0.2677
(1, 16): 0.0822, 4.4100, 15.8844, 0.2677
(1, 17): 0.0577, 4.4300, 16.1383, 0.2796
(1, 18): 0.1124, 4.4100, 7.1796, 0.3393
(1, 19): 0.0953, 4.4100, 7.4665, 0.3623
(1, 20): 0.0953, 4.4100, 7.4665, 0.3623
(1, 21): 0.0918, 4.5300, 8.0744, 0.3913
(1, 22): 0.0918, 4.5300, 8.0744, 0.3913
(1, 23): 0.1471, 4.5200, 47.7496, 0.1824
(1, 24): 0.1644, 4.4200, 37.9765, 0.1884
(1, 25): 0.1644, 4.4200, 37.9765, 0.1884
(1, 26): 0.1644, 4.4200, 37.9765, 0.1884
(1, 27): 0.0476, 4.5000, 7.7565, 0.3086
(2, 1): 0.0669, 4.4100, 4.5070, 0.4442
(2, 2): 0.0669, 4.4100, 4.5070, 0.4442
(2, 3): 0.0669, 4.4100, 4.5070, 0.4442
(2, 4): 0.0669, 4.4100, 4.5070, 0.4442
(2, 5): 0.0669, 4.4100, 4.5070, 0.4442
(2, 6): 0.1472, 4.4100, 18.0337, 0.2404
(2, 7): 0.1472, 4.4100, 18.0337, 0.2404
(2, 8): 0.1472, 4.4100, 18.0337, 0.2404
(2, 9): 0.1472, 4.4100, 18.0337, 0.2404
(2, 10): 0.0655, 4.4100, 12.8062, 0.2950
(2, 11): 0.0655, 4.4100, 12.8062, 0.2950
(2, 12): 0.0655, 4.4100, 12.8062, 0.2950
(2, 13): 0.0655, 4.4100, 12.8062, 0.2950
(2, 14): 0.1236, 4.4600, 27.0535, 0.2123
(2, 15): 0.0822, 4.4100, 15.8844, 0.2677
(2, 16): 0.0822, 4.4100, 15.8844, 0.2677
(2, 17): 0.0577, 4.4300, 16.1383, 0.2796
(2, 18): 0.1124, 4.4100, 7.1796, 0.3393
(2, 19): 0.0953, 4.4100, 7.4665, 0.3623
(2, 20): 0.0953, 4.4100, 7.4665, 0.3623
(2, 21): 0.0918, 4.5300, 8.0744, 0.3913
(2, 22): 0.1134, 4.4100, 32.3535, 0.2029
(2, 23): 0.1471, 4.5200, 47.7496, 0.1824
(2, 24): 0.1644, 4.4200, 37.9765, 0.1884
(2, 25): 0.1644, 4.4200, 37.9765, 0.1884
(2, 26): 0.0476, 4.5000, 7.7565, 0.3086
(2, 27): 0.0476, 4.5000, 7.7565, 0.3086
(3, 1): 0.0669, 4.4100, 4.5070, 0.4442
(3, 2): 0.0669, 4.4100, 4.5070, 0.4442
(3, 3): 0.0669, 4.4100, 4.5070, 0.4442
(3, 4): 0.0669, 4.4100, 4.5070, 0.4442
(3, 5): 0.0669, 4.4100, 4.5070, 0.4442
(3, 6): 0.0669, 4.4100, 4.5070, 0.4442
(3, 7): 0.1472, 4.4100, 18.0337, 0.2404
(3, 8): 0.1472, 4.4100, 18.0337, 0.2404
(3, 9): 0.1472, 4.4100, 18.0337, 0.2404
(3, 10): 0.1472, 4.4100, 18.0337, 0.2404
(3, 11): 0.0655, 4.4100, 12.8062, 0.2950
(3, 12): 0.0655, 4.4100, 12.8062, 0.2950
(3, 13): 0.0655, 4.4100, 12.8062, 0.2950
(3, 14): 0.1236, 4.4600, 27.0535, 0.2123
(3, 15): 0.0774, 4.4400, 12.3903, 0.2933
(3, 16): 0.0822, 4.4100, 15.8844, 0.2677
(3, 17): 0.0577, 4.4300, 16.1383, 0.2796
(3, 18): 0.1124, 4.4100, 7.1796, 0.3393
(3, 19): 0.1286, 4.4200, 13.7573, 0.2745
(3, 20): 0.0900, 4.4500, 7.5866, 0.3640
(3, 21): 0.1344, 4.4400, 10.9239, 0.2924
(3, 22): 0.1134, 4.4100, 32.3535, 0.2029
(3, 23): 0.1471, 4.5200, 47.7496, 0.1824
(3, 24): 0.1644, 4.4200, 37.9765, 0.1884
(3, 25): 0.1113, 4.4100, 33.9315, 0.1927
(3, 26): 0.0476, 4.5000, 7.7565, 0.3086
(3, 27): 0.0476, 4.5000, 7.7565, 0.3086
(4, 1): 0.0669, 4.4100, 4.5070, 0.4442
(4, 2): 0.0669, 4.4100, 4.5070, 0.4442
(4, 3): 0.0669, 4.4100, 4.5070, 0.4442
(4, 4): 0.0669, 4.4100, 4.5070, 0.4442
(4, 5): 0.0669, 4.4100, 4.5070, 0.4442
(4, 6): 0.0669, 4.4100, 4.5070, 0.4442
(4, 7): 0.0669, 4.4100, 4.5070, 0.4442
(4, 8): 0.1472, 4.4100, 18.0337, 0.2404
(4, 9): 0.1472, 4.4100, 18.0337, 0.2404
(4, 10): 0.1472, 4.4100, 18.0337, 0.2404
(4, 11): 0.1472, 4.4100, 18.0337, 0.2404
(4, 12): 0.0655, 4.4100, 12.8062, 0.2950
(4, 13): 0.0655, 4.4100, 12.8062, 0.2950
(4, 14): 0.1236, 4.4600, 27.0535, 0.2123
(4, 15): 0.0774, 4.4400, 12.3903, 0.2933
(4, 16): 0.0692, 4.4500, 12.4681, 0.2958
(4, 17): 0.0391, 4.4800, 13.0984, 0.2941
(4, 18): 0.1144, 4.4200, 36.3348, 0.2012
(4, 19): 0.1604, 4.5000, 43.5553, 0.1841
(4, 20): 0.2078, 4.4300, 48.8001, 0.1679
(4, 21): 0.1921, 4.4300, 51.0190, 0.1671
(4, 22): 0.1553, 4.4600, 53.6102, 0.1637
(4, 23): 0.1455, 4.6000, 52.5302, 0.1739
(4, 24): 0.1429, 4.4700, 50.1279, 0.1697
(4, 25): 0.1113, 4.4100, 33.9315, 0.1927
(4, 26): 0.0476, 4.5000, 7.7565, 0.3086
(4, 27): 0.0521, 4.4800, 14.5771, 0.2617
(5, 1): 0.0669, 4.4100, 4.5070, 0.4442
(5, 2): 0.0669, 4.4100, 4.5070, 0.4442
(5, 3): 0.0669, 4.4100, 4.5070, 0.4442
(5, 4): 0.0669, 4.4100, 4.5070, 0.4442
(5, 5): 0.0669, 4.4100, 4.5070, 0.4442
(5, 6): 0.0669, 4.4100, 4.5070, 0.4442
(5, 7): 0.0669, 4.4100, 4.5070, 0.4442
(5, 8): 0.0669, 4.4100, 4.5070, 0.4442
(5, 9): 0.1472, 4.4100, 18.0337, 0.2404
(5, 10): 0.1472, 4.4100, 18.0337, 0.2404
(5, 11): 0.1472, 4.4100, 18.0337, 0.2404
(5, 12): 0.0761, 4.4100, 16.5212, 0.2592
(5, 13): 0.0761, 4.4100, 16.5212, 0.2592
(5, 14): 0.0761, 4.4100, 16.5212, 0.2592
(5, 15): 0.0774, 4.4400, 12.3903, 0.2933
(5, 16): 0.1197, 4.4400, 30.6978, 0.2165
(5, 17): 0.1985, 4.5100, 52.9018, 0.1671
(5, 18): 0.1883, 4.4400, 53.3442, 0.1714
(5, 19): 0.2224, 4.4600, 53.6820, 0.1662
(5, 20): 0.2126, 4.4100, 53.4871, 0.1722
(5, 21): 0.1709, 4.4400, 54.5791, 0.1714
(5, 22): 0.1352, 4.4400, 57.4844, 0.1705
(5, 23): 0.1389, 4.5500, 55.1605, 0.1824
(5, 24): 0.1250, 4.4300, 52.9041, 0.1773
(5, 25): 0.1351, 4.4500, 54.4392, 0.1765
(5, 26): 0.1134, 4.4100, 51.8637, 0.1884
(5, 27): 0.0521, 4.4800, 14.5771, 0.2617
(6, 1): 0.0669, 4.4100, 4.5070, 0.4442
(6, 2): 0.0669, 4.4100, 4.5070, 0.4442
(6, 3): 0.0669, 4.4100, 4.5070, 0.4442
(6, 4): 0.0669, 4.4100, 4.5070, 0.4442
(6, 5): 0.0669, 4.4100, 4.5070, 0.4442
(6, 6): 0.0669, 4.4100, 4.5070, 0.4442
(6, 7): 0.0669, 4.4100, 4.5070, 0.4442
(6, 8): 0.0669, 4.4100, 4.5070, 0.4442
(6, 9): 0.0669, 4.4100, 4.5070, 0.4442
(6, 10): 0.1472, 4.4100, 18.0337, 0.2404
(6, 11): 0.1472, 4.4100, 18.0337, 0.2404
(6, 12): 0.0412, 4.4100, 8.9083, 0.3274
(6, 13): 0.0761, 4.4100, 16.5212, 0.2592
(6, 14): 0.1725, 4.5800, 33.5772, 0.2285
(6, 15): 0.1725, 4.5800, 33.5772, 0.2285
(6, 16): 0.2634, 4.4100, 48.1958, 0.1841
(6, 17): 0.2335, 4.4200, 50.9108, 0.1543
(6, 18): 0.2078, 4.4800, 54.1448, 0.1645
(6, 19): 0.2177, 4.4200, 54.1912, 0.1697
(6, 20): 0.2193, 4.4200, 54.2271, 0.1569
(6, 21): 0.1903, 4.4800, 56.6803, 0.1705
(6, 22): 0.1576, 4.4800, 58.9389, 0.1876
(6, 23): 0.1241, 4.6100, 59.6690, 0.1910
(6, 24): 0.1233, 4.4200, 55.7024, 0.1858
(6, 25): 0.1383, 4.4200, 55.8533, 0.1816
(6, 26): 0.1395, 4.4200, 54.6954, 0.1756
(6, 27): 0.1032, 4.4200, 17.3313, 0.2421
(7, 1): 0.0669, 4.4100, 4.5070, 0.4442
(7, 2): 0.0669, 4.4100, 4.5070, 0.4442
(7, 3): 0.0669, 4.4100, 4.5070, 0.4442
(7, 4): 0.0669, 4.4100, 4.5070, 0.4442
(7, 5): 0.0669, 4.4100, 4.5070, 0.4442
(7, 6): 0.0669, 4.4100, 4.5070, 0.4442
(7, 7): 0.0669, 4.4100, 4.5070, 0.4442
(7, 8): 0.0669, 4.4100, 4.5070, 0.4442
(7, 9): 0.0669, 4.4100, 4.5070, 0.4442
(7, 10): 0.0669, 4.4100, 4.5070, 0.4442
(7, 11): 0.1318, 4.4600, 18.4743, 0.2455
(7, 12): 0.1318, 4.4600, 18.4743, 0.2455
(7, 13): 0.0412, 4.4100, 8.9083, 0.3274
(7, 14): 0.2372, 4.4500, 48.3575, 0.2685
(7, 15): 0.2372, 4.4500, 48.3575, 0.2685
(7, 16): 0.2532, 4.4100, 49.3521, 0.2029
(7, 17): 0.2545, 4.4100, 49.2269, 0.1509
(7, 18): 0.2233, 4.4900, 52.8954, 0.1620
(7, 19): 0.2253, 4.5000, 53.3691, 0.1705
(7, 20): 0.2237, 4.4500, 53.9241, 0.1671
(7, 21): 0.2111, 4.4200, 57.1434, 0.1739
(7, 22): 0.1747, 4.4800, 61.2124, 0.1807
(7, 23): 0.1641, 4.4300, 59.9843, 0.1816
(7, 24): 0.1594, 4.5800, 56.8987, 0.1662
(7, 25): 0.1449, 4.4500, 55.6073, 0.1790
(7, 26): 0.1425, 4.4400, 55.0789, 0.1739
(7, 27): 0.1512, 4.4300, 31.7492, 0.1986
(8, 1): 0.1691, 4.4100, 27.8981, 0.2003
(8, 2): 0.1691, 4.4100, 27.8981, 0.2003
(8, 3): 0.1691, 4.4100, 27.8981, 0.2003
(8, 4): 0.1691, 4.4100, 27.8981, 0.2003
(8, 5): 0.1691, 4.4100, 27.8981, 0.2003
(8, 6): 0.1691, 4.4100, 27.8981, 0.2003
(8, 7): 0.1691, 4.4100, 27.8981, 0.2003
(8, 8): 0.1691, 4.4100, 27.8981, 0.2003
(8, 9): 0.1691, 4.4100, 27.8981, 0.2003
(8, 10): 0.1691, 4.4100, 27.8981, 0.2003
(8, 11): 0.1280, 4.5300, 26.8477, 0.2055
(8, 12): 0.1280, 4.5300, 26.8477, 0.2055
(8, 13): 0.0568, 4.4200, 16.3031, 0.2668
(8, 14): 0.0568, 4.4200, 16.3031, 0.2668
(8, 15): 0.2060, 4.4600, 51.8672, 0.2847
(8, 16): 0.2262, 4.5500, 52.1508, 0.2217
(8, 17): 0.2469, 4.5400, 49.8400, 0.1824
(8, 18): 0.2464, 4.4900, 51.6266, 0.1654
(8, 19): 0.2171, 4.4100, 54.8113, 0.1679
(8, 20): 0.1633, 4.5000, 61.0836, 0.1722
(8, 21): 0.2144, 4.4200, 57.3120, 0.1697
(8, 22): 0.1930, 4.4100, 58.9551, 0.1671
(8, 23): 0.1730, 4.4100, 61.0384, 0.1731
(8, 24): 0.1578, 4.5000, 60.9874, 0.1705
(8, 25): 0.1812, 4.4100, 56.1381, 0.1637
(8, 26): 0.1936, 4.4300, 53.3317, 0.1697
(8, 27): 0.1455, 4.4300, 29.6125, 0.2072
(9, 1): 0.1178, 4.4198, 30.3678, 0.2063
(9, 2): 0.1178, 4.4198, 30.3678, 0.2063
(9, 3): 0.1178, 4.4198, 30.3678, 0.2063
(9, 4): 0.1178, 4.4198, 30.3678, 0.2063
(9, 5): 0.1178, 4.4198, 30.3678, 0.2063
(9, 6): 0.1178, 4.4198, 30.3678, 0.2063
(9, 7): 0.1178, 4.4198, 30.3678, 0.2063
(9, 8): 0.1178, 4.4198, 30.3678, 0.2063
(9, 9): 0.1178, 4.4198, 30.3678, 0.2063
(9, 10): 0.1178, 4.4198, 30.3678, 0.2063
(9, 11): 0.0139, 4.4600, 4.8274, 0.4288
(9, 12): 0.1470, 4.4800, 30.4813, 0.1944
(9, 13): 0.1470, 4.4800, 30.4813, 0.1944
(9, 14): 0.0568, 4.4200, 16.3031, 0.2668
(9, 15): 0.2257, 4.4100, 44.5259, 0.2396
(9, 16): 0.2238, 4.6100, 50.9285, 0.1978
(9, 17): 0.2304, 4.5600, 50.2695, 0.1807
(9, 18): 0.2048, 4.5300, 55.2027, 0.1824
(9, 19): 0.1929, 4.4100, 56.1924, 0.1620
(9, 20): 0.1679, 4.4800, 58.6630, 0.1671
(9, 21): 0.1813, 4.4100, 58.7472, 0.1637
(9, 22): 0.1486, 4.4100, 63.0697, 0.1824
(9, 23): 0.1375, 4.5800, 65.5052, 0.1731
(9, 24): 0.1759, 4.5100, 60.7316, 0.1586
(9, 25): 0.1871, 4.6300, 58.2245, 0.1637
(9, 26): 0.2076, 4.5500, 53.6777, 0.1645
(9, 27): 0.1160, 4.4200, 11.1867, 0.2737
(10, 1): 0.1472, 4.4800, 30.4722, 0.1961
(10, 2): 0.1472, 4.4800, 30.4722, 0.1961
(10, 3): 0.1472, 4.4800, 30.4722, 0.1961
(10, 4): 0.1472, 4.4800, 30.4722, 0.1961
(10, 5): 0.1472, 4.4800, 30.4722, 0.1961
(10, 6): 0.1472, 4.4800, 30.4722, 0.1961
(10, 7): 0.1472, 4.4800, 30.4722, 0.1961
(10, 8): 0.1472, 4.4800, 30.4722, 0.1961
(10, 9): 0.1472, 4.4800, 30.4722, 0.1961
(10, 10): 0.1472, 4.4800, 30.4722, 0.1961
(10, 11): 0.0212, 4.4600, 13.4751, 0.3061
(10, 12): 0.1470, 4.4800, 30.4813, 0.1944
(10, 13): 0.0809, 4.5500, 16.4819, 0.2634
(10, 14): 0.0228, 4.4600, 4.7991, 0.4220
(10, 15): 0.2195, 4.4200, 44.7208, 0.1995
(10, 16): 0.1947, 4.4500, 49.5139, 0.1893
(10, 17): 0.1977, 4.4300, 51.2554, 0.1816
(10, 18): 0.2050, 4.5300, 51.7217, 0.1645
(10, 19): 0.1791, 4.5900, 55.4383, 0.1662
(10, 20): 0.1530, 4.4400, 57.6586, 0.1714
(10, 21): 0.1580, 4.6400, 59.7276, 0.1688
(10, 22): 0.1392, 4.4100, 65.2213, 0.1705
(10, 23): 0.1762, 4.4100, 60.4891, 0.1662
(10, 24): 0.1821, 4.4199, 61.0696, 0.1645
(10, 25): 0.1916, 4.4100, 56.8760, 0.1628
(10, 26): 0.1591, 4.4100, 53.1794, 0.1748
(10, 27): 0.1591, 4.4100, 53.1794, 0.1748
(11, 1): 0.0385, 4.4200, 13.4564, 0.2737
(11, 2): 0.1263, 4.4400, 43.6087, 0.1807
(11, 3): 0.1263, 4.4400, 43.6087, 0.1807
(11, 4): 0.1263, 4.4400, 43.6087, 0.1807
(11, 5): 0.1263, 4.4400, 43.6087, 0.1807
(11, 6): 0.1263, 4.4400, 43.6087, 0.1807
(11, 7): 0.1263, 4.4400, 43.6087, 0.1807
(11, 8): 0.1263, 4.4400, 43.6087, 0.1807
(11, 9): 0.1263, 4.4400, 43.6087, 0.1807
(11, 10): 0.1263, 4.4400, 43.6087, 0.1807
(11, 11): 0.1908, 4.4700, 52.5766, 0.1611
(11, 12): 0.2181, 4.4300, 50.5004, 0.1517
(11, 13): 0.0809, 4.5500, 16.4819, 0.2634
(11, 14): 0.0809, 4.5500, 16.4819, 0.2634
(11, 15): 0.2195, 4.4200, 44.7208, 0.1995
(11, 16): 0.0862, 4.4100, 7.8254, 0.3427
(11, 17): 0.1870, 4.4500, 51.3493, 0.1756
(11, 18): 0.2195, 4.4200, 49.4863, 0.1637
(11, 19): 0.1943, 4.6100, 52.0553, 0.1765
(11, 20): 0.1425, 4.4200, 56.3466, 0.1816
(11, 21): 0.1631, 4.4100, 56.9069, 0.1645
(11, 22): 0.1485, 4.4100, 62.0095, 0.1748
(11, 23): 0.1637, 4.6500, 60.1549, 0.1722
(11, 24): 0.1771, 4.4200, 58.1609, 0.1637
(11, 25): 0.1555, 4.4300, 55.9309, 0.1637
(11, 26): 0.1310, 4.5000, 51.4976, 0.1773
(11, 27): 0.1310, 4.5000, 51.4976, 0.1773
(12, 1): 0.0385, 4.4200, 13.4564, 0.2737
(12, 2): 0.0385, 4.4200, 13.4564, 0.2737
(12, 3): 0.0385, 4.4200, 13.4564, 0.2737
(12, 4): 0.0385, 4.4200, 13.4564, 0.2737
(12, 5): 0.1188, 4.5500, 55.4705, 0.1671
(12, 6): 0.1188, 4.5500, 55.4705, 0.1671
(12, 7): 0.1188, 4.5500, 55.4705, 0.1671
(12, 8): 0.1188, 4.5500, 55.4705, 0.1671
(12, 9): 0.1188, 4.5500, 55.4705, 0.1671
(12, 10): 0.1188, 4.5500, 55.4705, 0.1671
(12, 11): 0.1934, 4.4500, 52.9554, 0.1535
(12, 12): 0.1693, 4.4800, 55.8421, 0.1739
(12, 13): 0.1455, 4.4600, 44.1718, 0.1756
(12, 14): 0.1043, 4.4800, 27.4927, 0.2072
(12, 15): 0.1043, 4.4800, 27.4927, 0.2072
(12, 16): 0.0962, 4.4200, 15.1815, 0.2984
(12, 17): 0.1699, 4.5000, 52.5449, 0.1927
(12, 18): 0.1641, 4.4200, 54.5806, 0.1782
(12, 19): 0.1421, 4.5200, 56.2307, 0.1841
(12, 20): 0.0980, 4.4600, 60.3630, 0.1782
(12, 21): 0.1251, 4.6600, 59.6617, 0.1714
(12, 22): 0.1223, 4.5500, 63.4059, 0.1697
(12, 23): 0.1491, 4.4200, 57.0789, 0.1611
(12, 24): 0.1415, 4.4100, 46.8732, 0.1679
(12, 25): 0.1089, 4.4200, 14.6705, 0.2430
(12, 26): 0.0653, 4.4800, 14.2798, 0.2489
(12, 27): 0.0653, 4.4800, 14.2798, 0.2489
(13, 1): 0.0385, 4.4200, 13.4564, 0.2737
(13, 2): 0.0385, 4.4200, 13.4564, 0.2737
(13, 3): 0.0385, 4.4200, 13.4564, 0.2737
(13, 4): 0.0385, 4.4200, 13.4564, 0.2737
(13, 5): 0.0385, 4.4200, 13.4564, 0.2737
(13, 6): 0.0385, 4.4200, 13.4564, 0.2737
(13, 7): 0.0385, 4.4200, 13.4564, 0.2737
(13, 8): 0.1532, 4.4100, 56.7513, 0.1543
(13, 9): 0.1532, 4.4100, 56.7513, 0.1543
(13, 10): 0.1532, 4.4100, 56.7513, 0.1543
(13, 11): 0.1572, 4.5100, 58.0132, 0.1560
(13, 12): 0.1598, 4.4200, 54.6710, 0.1679
(13, 13): 0.1148, 4.4500, 47.0892, 0.1816
(13, 14): -0.0119, 4.5400, 9.8931, 0.3163
(13, 15): -0.0119, 4.5400, 9.8931, 0.3163
(13, 16): 0.0358, 4.4100, 8.3885, 0.3615
(13, 17): 0.0909, 4.4400, 44.6574, 0.2234
(13, 18): 0.1037, 4.5400, 52.2503, 0.1858
(13, 19): 0.1265, 4.5400, 57.7259, 0.1824
(13, 20): 0.1285, 4.4500, 58.2150, 0.1756
(13, 21): 0.1206, 4.4700, 59.1811, 0.1714
(13, 22): 0.1121, 4.4100, 60.5834, 0.1662
(13, 23): 0.1146, 4.4200, 57.2629, 0.1739
(13, 24): 0.0750, 4.4300, 48.9250, 0.1858
(13, 25): 0.0563, 4.4100, 3.9723, 0.4186
(13, 26): 0.0653, 4.4800, 14.2798, 0.2489
(13, 27): 0.0917, 4.4300, 3.2262, 0.4066
(14, 1): 0.0385, 4.4200, 13.4564, 0.2737
(14, 2): 0.0385, 4.4200, 13.4564, 0.2737
(14, 3): 0.0385, 4.4200, 13.4564, 0.2737
(14, 4): 0.0385, 4.4200, 13.4564, 0.2737
(14, 5): 0.0385, 4.4200, 13.4564, 0.2737
(14, 6): 0.0385, 4.4200, 13.4564, 0.2737
(14, 7): 0.0385, 4.4200, 13.4564, 0.2737
(14, 8): 0.0385, 4.4200, 13.4564, 0.2737
(14, 9): 0.1667, 4.4600, 57.5478, 0.1552
(14, 10): 0.1667, 4.4600, 57.5478, 0.1552
(14, 11): 0.1731, 4.4200, 58.2612, 0.1620
(14, 12): 0.1571, 4.4100, 56.2528, 0.1739
(14, 13): -0.0120, 4.4400, 5.2436, 0.4049
(14, 14): -0.0119, 4.5400, 9.8931, 0.3163
(14, 15): 0.0448, 4.4400, 4.3040, 0.4186
(14, 16): 0.1612, 4.4200, 43.1087, 0.2276
(14, 17): 0.1378, 4.4300, 55.8655, 0.2114
(14, 18): 0.1029, 4.4200, 60.6083, 0.1910
(14, 19): 0.0950, 4.4300, 61.9366, 0.1739
(14, 20): 0.1179, 4.4500, 59.5446, 0.1739
(14, 21): 0.1372, 4.4300, 55.8441, 0.1603
(14, 22): 0.0971, 4.4300, 59.1365, 0.1560
(14, 23): 0.0806, 4.4700, 58.7390, 0.1620
(14, 24): 0.0668, 4.4100, 53.5560, 0.1679
(14, 25): 0.0448, 4.4600, 29.8457, 0.1969
(14, 26): 0.0404, 4.4200, 32.8876, 0.2020
(14, 27): 0.0917, 4.4300, 3.2262, 0.4066
(15, 1): -0.0253, 4.4200, 5.1832, 0.4049
(15, 2): -0.0253, 4.4200, 5.1832, 0.4049
(15, 3): -0.0253, 4.4200, 5.1832, 0.4049
(15, 4): 0.0385, 4.4200, 13.4564, 0.2737
(15, 5): 0.0385, 4.4200, 13.4564, 0.2737
(15, 6): 0.0385, 4.4200, 13.4564, 0.2737
(15, 7): 0.0385, 4.4200, 13.4564, 0.2737
(15, 8): 0.0385, 4.4200, 13.4564, 0.2737
(15, 9): 0.0385, 4.4200, 13.4564, 0.2737
(15, 10): 0.1629, 4.4200, 57.6356, 0.2055
(15, 11): 0.1678, 4.4200, 58.0350, 0.2165
(15, 12): 0.1617, 4.4600, 59.4866, 0.2131
(15, 13): 0.0548, 4.4100, 22.6717, 0.2498
(15, 14): -0.0160, 4.5200, 5.0814, 0.4032
(15, 15): 0.1430, 4.5100, 46.5510, 0.1969
(15, 16): 0.1380, 4.4500, 57.0478, 0.2055
(15, 17): 0.1230, 4.6400, 55.2116, 0.2114
(15, 18): 0.0831, 4.4100, 56.2629, 0.1978
(15, 19): 0.0850, 4.4600, 65.9035, 0.1714
(15, 20): 0.0666, 4.4600, 64.5075, 0.1714
(15, 21): 0.0715, 4.4300, 59.5525, 0.1552
(15, 22): 0.0625, 4.4200, 60.4773, 0.1466
(15, 23): 0.0548, 4.4100, 60.8133, 0.1620
(15, 24): 0.0502, 4.4900, 60.5076, 0.1628
(15, 25): 0.0556, 4.5500, 61.0558, 0.1645
(15, 26): 0.0526, 4.4200, 58.6449, 0.1688
(15, 27): 0.0133, 4.4100, 36.0661, 0.2012
(16, 1): 0.0538, 4.4100, 13.5621, 0.2549
(16, 2): -0.0253, 4.4200, 5.1832, 0.4049
(16, 3): -0.0253, 4.4200, 5.1832, 0.4049
(16, 4): -0.0253, 4.4200, 5.1832, 0.4049
(16, 5): -0.0253, 4.4200, 5.1832, 0.4049
(16, 6): -0.0253, 4.4200, 5.1832, 0.4049
(16, 7): 0.0914, 4.4300, 19.7088, 0.2302
(16, 8): 0.0914, 4.4300, 19.7088, 0.2302
(16, 9): 0.0914, 4.4300, 19.7088, 0.2302
(16, 10): 0.1158, 4.4500, 61.8974, 0.2404
(16, 11): 0.1454, 4.5200, 61.1371, 0.2660
(16, 12): 0.1659, 4.4300, 56.0786, 0.1628
(16, 13): 0.0546, 4.4100, 22.4953, 0.2353
(16, 14): 0.1340, 4.4700, 56.9836, 0.1714
(16, 15): 0.1440, 4.4200, 59.2755, 0.1867
(16, 16): 0.1509, 4.4200, 50.5046, 0.2055
(16, 17): 0.1158, 4.4300, 50.3172, 0.2012
(16, 18): 0.0862, 4.4300, 66.5462, 0.1739
(16, 19): 0.0922, 4.4300, 65.9430, 0.1526
(16, 20): 0.0817, 4.4500, 61.7380, 0.1526
(16, 21): 0.0784, 4.5100, 58.7333, 0.1628
(16, 22): 0.0535, 4.4200, 61.7080, 0.1517
(16, 23): 0.0513, 4.4300, 62.8537, 0.1475
(16, 24): 0.0956, 4.4800, 58.3167, 0.1603
(16, 25): 0.0797, 4.4400, 60.1686, 0.1645
(16, 26): 0.0887, 4.4100, 57.3334, 0.1679
(16, 27): 0.0579, 4.4600, 30.9002, 0.1986
(17, 1): 0.0538, 4.4100, 13.5621, 0.2549
(17, 2): 0.0538, 4.4100, 13.5621, 0.2549
(17, 3): 0.0733, 4.4100, 13.0286, 0.2575
(17, 4): -0.0253, 4.4200, 5.1832, 0.4049
(17, 5): -0.0253, 4.4200, 5.1832, 0.4049
(17, 6): -0.0253, 4.4200, 5.1832, 0.4049
(17, 7): -0.0253, 4.4200, 5.1832, 0.4049
(17, 8): 0.0992, 4.7800, 41.9108, 0.1935
(17, 9): 0.0992, 4.7800, 41.9108, 0.1935
(17, 10): 0.1335, 4.4200, 59.3751, 0.1893
(17, 11): 0.1453, 4.4100, 60.5047, 0.1637
(17, 12): 0.1578, 4.4200, 60.0086, 0.1824
(17, 13): 0.1339, 4.4300, 49.2028, 0.1654
(17, 14): 0.0983, 4.6000, 48.5795, 0.1739
(17, 15): 0.1440, 4.4100, 53.4875, 0.1790
(17, 16): 0.1481, 4.4300, 52.1352, 0.1679
(17, 17): 0.1210, 4.4100, 63.8886, 0.1594
(17, 18): 0.1118, 4.6900, 66.2659, 0.1722
(17, 19): 0.1081, 4.4500, 66.6814, 0.1722
(17, 20): 0.1109, 4.4700, 62.0825, 0.1526
(17, 21): 0.0688, 4.4400, 62.7788, 0.1756
(17, 22): 0.0762, 4.4998, 59.9134, 0.1688
(17, 23): 0.0866, 4.5500, 57.3976, 0.1569
(17, 24): 0.0848, 4.4100, 57.0513, 0.1628
(17, 25): 0.1094, 4.5100, 57.1125, 0.1697
(17, 26): 0.0865, 4.4900, 49.1632, 0.1807
(17, 27): 0.0865, 4.4900, 49.1632, 0.1807
(18, 1): 0.0538, 4.4100, 13.5621, 0.2549
(18, 2): 0.0538, 4.4100, 13.5621, 0.2549
(18, 3): 0.0538, 4.4100, 13.5621, 0.2549
(18, 4): 0.0733, 4.4100, 13.0286, 0.2575
(18, 5): 0.0733, 4.4100, 13.0286, 0.2575
(18, 6): -0.0253, 4.4200, 5.1832, 0.4049
(18, 7): -0.0253, 4.4200, 5.1832, 0.4049
(18, 8): -0.0253, 4.4200, 5.1832, 0.4049
(18, 9): 0.1390, 4.4300, 55.7119, 0.1901
(18, 10): 0.1363, 4.4500, 59.4621, 0.1927
(18, 11): 0.1586, 4.4400, 57.5714, 0.1824
(18, 12): 0.1269, 4.4500, 59.0606, 0.1535
(18, 13): 0.1333, 4.4500, 58.2958, 0.1517
(18, 14): 0.1568, 4.5300, 58.7891, 0.1560
(18, 15): 0.1543, 4.6600, 60.1048, 0.1432
(18, 16): 0.1038, 4.4400, 62.2936, 0.1509
(18, 17): 0.0829, 4.5600, 64.1944, 0.1594
(18, 18): 0.0755, 4.4300, 67.7048, 0.1552
(18, 19): 0.0699, 4.4100, 71.0056, 0.1893
(18, 20): 0.0546, 4.4700, 68.9402, 0.1560
(18, 21): 0.0413, 4.5500, 65.0026, 0.1714
(18, 22): 0.0622, 4.4400, 59.7817, 0.1620
(18, 23): 0.0540, 4.6100, 60.7129, 0.1654
(18, 24): 0.0554, 4.4500, 59.6880, 0.1679
(18, 25): 0.0552, 4.4900, 51.4720, 0.1679
(18, 26): 0.0441, 4.5000, 12.8864, 0.2694
(18, 27): 0.0441, 4.5000, 12.8864, 0.2694
(19, 1): 0.0538, 4.4100, 13.5621, 0.2549
(19, 2): 0.0538, 4.4100, 13.5621, 0.2549
(19, 3): 0.0538, 4.4100, 13.5621, 0.2549
(19, 4): 0.0538, 4.4100, 13.5621, 0.2549
(19, 5): 0.0733, 4.4100, 13.0286, 0.2575
(19, 6): 0.0733, 4.4100, 13.0286, 0.2575
(19, 7): 0.0990, 4.4400, 33.1199, 0.1893
(19, 8): 0.0990, 4.4400, 33.1199, 0.1893
(19, 9): 0.1610, 4.5300, 59.9520, 0.2430
(19, 10): 0.1671, 4.4300, 57.6400, 0.1500
(19, 11): 0.1539, 4.4200, 55.1270, 0.1705
(19, 12): 0.1404, 4.4100, 55.5412, 0.1500
(19, 13): 0.1395, 4.4400, 57.0332, 0.1517
(19, 14): 0.1497, 4.4200, 57.6239, 0.1475
(19, 15): 0.1425, 4.4400, 60.3094, 0.1390
(19, 16): 0.1194, 4.4100, 62.3351, 0.1415
(19, 17): 0.1075, 4.4200, 60.6346, 0.1466
(19, 18): 0.0588, 4.4600, 67.6429, 0.1611
(19, 19): 0.0403, 4.4600, 71.8417, 0.1918
(19, 20): 0.0593, 4.4700, 68.8037, 0.1620
(19, 21): 0.0642, 4.5300, 64.0615, 0.1611
(19, 22): 0.0498, 4.4300, 63.4042, 0.1714
(19, 23): 0.0384, 4.4500, 66.0062, 0.1679
(19, 24): 0.0715, 4.4400, 61.5425, 0.1552
(19, 25): 0.0615, 4.4500, 38.7338, 0.1756
(19, 26): 0.1174, 4.4100, 3.8345, 0.4041
(19, 27): 0.1174, 4.4100, 3.8345, 0.4041
(20, 1): 0.0354, 4.4100, 17.1839, 0.2302
(20, 2): 0.0538, 4.4100, 13.5621, 0.2549
(20, 3): 0.0538, 4.4100, 13.5621, 0.2549
(20, 4): 0.0538, 4.4100, 13.5621, 0.2549
(20, 5): 0.0538, 4.4100, 13.5621, 0.2549
(20, 6): 0.0733, 4.4100, 13.0286, 0.2575
(20, 7): 0.0733, 4.4100, 13.0286, 0.2575
(20, 8): 0.1511, 4.5600, 60.7185, 0.1671
(20, 9): 0.1317, 4.4900, 61.7600, 0.1714
(20, 10): 0.1148, 4.4600, 62.2136, 0.1398
(20, 11): 0.1351, 4.4800, 57.5808, 0.1432
(20, 12): 0.1672, 4.4177, 54.0462, 0.1466
(20, 13): 0.1675, 4.4100, 53.6776, 0.1552
(20, 14): 0.1447, 4.4800, 55.1692, 0.1535
(20, 15): 0.1353, 4.4200, 59.0507, 0.1441
(20, 16): 0.1447, 4.4700, 58.5122, 0.1424
(20, 17): 0.1303, 4.4100, 58.4712, 0.1483
(20, 18): 0.0807, 4.4200, 66.6570, 0.1654
(20, 19): 0.0444, 4.4700, 72.0110, 0.1799
(20, 20): 0.0477, 4.4200, 69.8507, 0.1628
(20, 21): 0.0837, 4.4200, 62.7828, 0.1645
(20, 22): 0.0756, 4.6200, 63.5275, 0.1748
(20, 23): 0.0676, 4.4400, 64.5078, 0.1671
(20, 24): 0.1137, 4.7300, 59.0172, 0.1620
(20, 25): 0.0907, 4.4800, 57.3589, 0.1552
(20, 26): 0.0673, 4.4200, 12.1419, 0.2600
(20, 27): 0.0673, 4.4200, 12.1419, 0.2600
(21, 1): 0.0255, 4.4300, 12.7130, 0.2685
(21, 2): 0.0354, 4.4100, 17.1839, 0.2302
(21, 3): 0.0354, 4.4100, 17.1839, 0.2302
(21, 4): 0.0538, 4.4100, 13.5621, 0.2549
(21, 5): 0.0538, 4.4100, 13.5621, 0.2549
(21, 6): 0.0538, 4.4100, 13.5621, 0.2549
(21, 7): 0.1646, 4.4900, 50.3365, 0.1577
(21, 8): 0.1665, 4.5800, 58.0017, 0.1432
(21, 9): 0.1230, 4.5600, 62.7525, 0.1611
(21, 10): 0.1415, 4.4700, 60.8828, 0.1492
(21, 11): 0.1484, 4.4300, 58.4807, 0.1475
(21, 12): 0.1892, 4.4100, 52.4527, 0.1390
(21, 13): 0.1671, 4.4400, 53.8147, 0.1475
(21, 14): 0.1380, 4.4400, 57.1717, 0.1543
(21, 15): 0.1680, 4.4600, 53.2442, 0.1390
(21, 16): 0.1775, 4.4100, 51.9478, 0.1475
(21, 17): 0.1272, 4.4200, 57.0914, 0.1671
(21, 18): 0.1113, 4.4300, 60.8129, 0.1722
(21, 19): 0.0704, 4.4500, 65.0420, 0.1756
(21, 20): 0.0810, 4.5200, 63.1602, 0.1697
(21, 21): 0.0535, 4.4100, 53.9965, 0.1961
(21, 22): 0.0911, 4.4700, 51.5873, 0.1858
(21, 23): 0.1100, 4.4300, 47.8981, 0.1739
(21, 24): 0.0155, 4.4100, 26.8218, 0.2157
(21, 25): 0.0155, 4.4100, 26.8218, 0.2157
(21, 26): 0.0673, 4.4200, 12.1419, 0.2600
(21, 27): 0.0673, 4.4200, 12.1419, 0.2600
(22, 1): 0.0255, 4.4300, 12.7130, 0.2685
(22, 2): 0.0255, 4.4300, 12.7130, 0.2685
(22, 3): 0.0354, 4.4100, 17.1839, 0.2302
(22, 4): 0.0354, 4.4100, 17.1839, 0.2302
(22, 5): 0.1094, 4.4800, 39.4799, 0.1731
(22, 6): 0.1094, 4.4800, 39.4799, 0.1731
(22, 7): 0.1325, 4.4200, 59.1061, 0.1543
(22, 8): 0.1388, 4.4800, 58.2931, 0.1552
(22, 9): 0.1286, 4.4700, 61.5082, 0.1944
(22, 10): 0.1287, 4.5400, 63.2615, 0.2344
(22, 11): 0.1577, 4.4400, 59.4997, 0.1458
(22, 12): 0.1823, 4.4100, 53.7169, 0.1338
(22, 13): 0.1486, 4.4700, 55.5049, 0.1441
(22, 14): 0.1265, 4.4200, 57.4823, 0.1535
(22, 15): 0.1287, 4.4400, 55.9188, 0.1526
(22, 16): 0.1713, 4.4100, 51.8873, 0.1509
(22, 17): 0.1458, 4.4800, 55.8136, 0.1731
(22, 18): 0.1872, 4.4100, 53.4953, 0.1824
(22, 19): 0.1400, 4.4100, 58.0138, 0.1816
(22, 20): 0.0949, 4.4400, 47.1899, 0.1952
(22, 21): 0.0403, 4.4200, 8.7005, 0.3188
(22, 22): 0.0911, 4.4700, 51.5873, 0.1858
(22, 23): 0.1100, 4.4300, 47.8981, 0.1739
(22, 24): 0.0155, 4.4100, 26.8218, 0.2157
(22, 25): 0.0155, 4.4100, 26.8218, 0.2157
(22, 26): 0.0673, 4.4200, 12.1419, 0.2600
(22, 27): 0.0673, 4.4200, 12.1419, 0.2600
(23, 1): 0.0255, 4.4300, 12.7130, 0.2685
(23, 2): 0.0255, 4.4300, 12.7130, 0.2685
(23, 3): 0.0255, 4.4300, 12.7130, 0.2685
(23, 4): 0.0354, 4.4100, 17.1839, 0.2302
(23, 5): 0.0354, 4.4100, 17.1839, 0.2302
(23, 6): 0.0742, 4.4800, 35.7968, 0.1790
(23, 7): 0.0933, 4.4800, 45.0327, 0.1731
(23, 8): 0.1197, 4.4300, 57.0791, 0.1517
(23, 9): 0.1257, 4.4100, 60.1275, 0.1500
(23, 10): 0.1481, 4.4100, 58.8326, 0.1748
(23, 11): 0.1848, 4.4200, 55.2922, 0.2038
(23, 12): 0.1704, 4.4700, 56.9200, 0.1543
(23, 13): 0.1527, 4.7500, 56.6053, 0.1492
(23, 14): 0.1374, 4.4800, 55.9675, 0.1492
(23, 15): 0.0972, 4.5800, 58.8381, 0.1679
(23, 16): 0.1124, 4.4300, 59.2359, 0.1824
(23, 17): 0.1687, 4.4700, 54.8740, 0.1910
(23, 18): 0.1784, 4.4700, 54.0431, 0.1901
(23, 19): 0.1682, 4.4600, 55.6764, 0.1722
(23, 20): 0.1126, 4.4100, 50.5160, 0.1867
(23, 21): 0.0403, 4.4200, 8.7005, 0.3188
(23, 22): 0.0403, 4.4200, 8.7005, 0.3188
(23, 23): 0.1100, 4.4300, 47.8981, 0.1739
(23, 24): 0.0155, 4.4100, 26.8218, 0.2157
(23, 25): 0.0155, 4.4100, 26.8218, 0.2157
(23, 26): 0.0155, 4.4100, 26.8218, 0.2157
(23, 27): 0.0673, 4.4200, 12.1419, 0.2600
(24, 1): -0.1356, 4.4600, 5.0259, 0.3862
(24, 2): 0.0255, 4.4300, 12.7130, 0.2685
(24, 3): 0.0255, 4.4300, 12.7130, 0.2685
(24, 4): 0.0255, 4.4300, 12.7130, 0.2685
(24, 5): 0.0727, 4.4500, 23.1884, 0.2063
(24, 6): 0.0890, 4.5200, 22.5212, 0.2072
(24, 7): 0.1225, 4.4800, 49.2810, 0.1594
(24, 8): 0.1070, 4.4400, 38.2888, 0.1688
(24, 9): 0.0924, 4.4981, 50.2778, 0.1697
(24, 10): 0.1272, 4.5400, 46.1852, 0.1688
(24, 11): 0.1380, 4.4200, 55.9512, 0.1893
(24, 12): 0.1344, 4.4600, 58.3124, 0.1782
(24, 13): 0.1318, 4.4100, 56.6500, 0.1569
(24, 14): 0.1037, 4.4500, 58.3660, 0.1705
(24, 15): 0.1154, 4.4200, 58.0975, 0.1824
(24, 16): 0.1023, 4.5700, 61.1863, 0.2106
(24, 17): 0.1529, 4.4200, 56.3663, 0.1773
(24, 18): 0.1295, 4.5200, 58.9934, 0.1799
(24, 19): 0.1212, 4.5100, 60.5481, 0.1876
(24, 20): 0.1298, 4.5000, 58.7560, 0.1765
(24, 21): 0.0963, 4.4200, 35.6866, 0.2046
(24, 22): 0.0629, 4.4100, 24.4700, 0.2234
(24, 23): 0.0629, 4.4100, 24.4700, 0.2234
(24, 24): 0.0629, 4.4100, 24.4700, 0.2234
(24, 25): 0.0629, 4.4100, 24.4700, 0.2234
(24, 26): 0.0155, 4.4100, 26.8218, 0.2157
(24, 27): 0.0673, 4.4200, 12.1419, 0.2600
(25, 1): -0.1356, 4.4600, 5.0259, 0.3862
(25, 2): -0.1356, 4.4600, 5.0259, 0.3862
(25, 3): -0.0203, 4.4900, 26.1911, 0.2080
(25, 4): 0.0289, 4.5300, 36.4211, 0.2038
(25, 5): 0.1184, 4.4300, 37.9421, 0.1662
(25, 6): 0.1322, 4.4700, 47.3655, 0.1594
(25, 7): 0.0562, 4.4200, 29.1544, 0.1978
(25, 8): 0.1600, 4.5900, 46.4781, 0.1671
(25, 9): 0.1227, 4.4900, 55.5391, 0.1645
(25, 10): 0.1111, 4.4900, 58.7011, 0.1662
(25, 11): 0.1448, 4.4100, 56.4795, 0.1560
(25, 12): 0.1298, 4.4400, 58.3116, 0.1594
(25, 13): 0.1383, 4.4200, 55.5409, 0.1577
(25, 14): 0.1334, 4.4300, 57.8116, 0.1688
(25, 15): 0.1263, 4.4200, 59.1881, 0.1731
(25, 16): 0.1254, 4.4900, 59.1235, 0.1714
(25, 17): 0.1349, 4.5300, 58.3591, 0.1901
(25, 18): 0.1185, 4.5000, 59.9210, 0.1799
(25, 19): 0.1407, 4.4400, 57.5257, 0.1739
(25, 20): 0.1117, 4.4100, 59.8173, 0.1824
(25, 21): 0.1357, 4.4200, 56.4478, 0.1748
(25, 22): 0.0629, 4.4100, 24.4700, 0.2234
(25, 23): 0.0629, 4.4100, 24.4700, 0.2234
(25, 24): 0.0629, 4.4100, 24.4700, 0.2234
(25, 25): 0.0629, 4.4100, 24.4700, 0.2234
(25, 26): 0.0629, 4.4100, 24.4700, 0.2234
(25, 27): 0.0629, 4.4100, 24.4700, 0.2234
(26, 1): -0.1356, 4.4600, 5.0259, 0.3862
(26, 2): -0.1356, 4.4600, 5.0259, 0.3862
(26, 3): -0.0203, 4.4900, 26.1911, 0.2080
(26, 4): 0.0181, 4.4900, 36.4373, 0.1952
(26, 5): 0.0564, 4.4500, 33.2159, 0.1850
(26, 6): 0.0493, 4.4100, 29.5752, 0.1876
(26, 7): 0.1026, 4.4500, 50.6323, 0.1594
(26, 8): 0.1379, 4.4800, 56.9235, 0.1509
(26, 9): 0.1080, 4.4300, 62.2128, 0.1637
(26, 10): 0.1069, 4.4500, 61.5321, 0.1577
(26, 11): 0.1357, 4.4700, 58.1866, 0.1424
(26, 12): 0.1333, 4.4300, 58.0998, 0.1535
(26, 13): 0.1407, 4.4100, 57.6670, 0.1569
(26, 14): 0.1654, 4.4400, 57.2549, 0.1552
(26, 15): 0.1480, 4.4200, 58.4531, 0.1535
(26, 16): 0.1475, 4.4200, 57.6550, 0.1560
(26, 17): 0.1353, 4.4100, 58.3651, 0.1628
(26, 18): 0.1381, 4.4100, 57.2556, 0.1756
(26, 19): 0.1284, 4.4600, 57.6676, 0.1824
(26, 20): 0.1258, 4.4200, 56.9101, 0.1748
(26, 21): 0.1325, 4.4500, 56.1372, 0.1697
(26, 22): 0.1291, 4.4600, 41.8933, 0.1722
(26, 23): 0.1291, 4.4600, 41.8933, 0.1722
(26, 24): 0.1291, 4.4600, 41.8933, 0.1722
(26, 25): 0.1291, 4.4600, 41.8933, 0.1722
(26, 26): 0.1291, 4.4600, 41.8933, 0.1722
(26, 27): 0.1291, 4.4600, 41.8933, 0.1722
(27, 1): -0.0368, 4.4500, 26.5232, 0.2131
(27, 2): -0.0368, 4.4500, 26.5232, 0.2131
(27, 3): 0.0673, 4.4299, 57.0705, 0.1526
(27, 4): 0.0748, 4.5598, 63.2270, 0.1526
(27, 5): 0.0679, 4.4700, 68.3781, 0.1517
(27, 6): 0.0450, 4.7600, 52.2683, 0.1782
(27, 7): 0.0513, 4.4600, 20.0038, 0.2242
(27, 8): 0.1063, 4.4200, 49.3130, 0.1628
(27, 9): 0.0786, 4.4100, 48.2046, 0.1756
(27, 10): 0.0900, 4.4400, 49.4496, 0.1697
(27, 11): 0.1255, 4.4700, 46.8543, 0.1620
(27, 12): 0.0732, 4.4100, 28.9292, 0.2072
(27, 13): 0.1785, 4.4100, 45.5459, 0.1569
(27, 14): 0.1069, 4.4500, 41.2032, 0.1679
(27, 15): 0.1595, 4.4300, 59.3080, 0.1535
(27, 16): 0.1514, 4.4100, 57.9777, 0.1603
(27, 17): 0.1359, 4.4700, 57.5839, 0.1765
(27, 18): 0.1353, 4.4100, 57.0286, 0.1662
(27, 19): 0.1075, 4.4900, 59.2624, 0.1697
(27, 20): 0.1366, 4.4400, 55.3880, 0.1645
(27, 21): 0.1279, 4.4700, 55.4258, 0.1517
(27, 22): 0.0994, 4.4100, 43.4148, 0.1697
(27, 23): 0.0994, 4.4100, 43.4148, 0.1697
(27, 24): 0.0994, 4.4100, 43.4148, 0.1697
(27, 25): 0.0994, 4.4100, 43.4148, 0.1697
(27, 26): 0.0994, 4.4100, 43.4148, 0.1697
(27, 27): 0.0994, 4.4100, 43.4148, 0.1697
(28, 1): -0.1122, 4.4700, 5.3360, 0.3657
(28, 2): -0.1122, 4.4700, 5.3360, 0.3657
(28, 3): -0.0034, 4.4600, 31.2160, 0.1944
(28, 4): 0.0201, 4.4500, 33.0599, 0.1876
(28, 5): 0.0440, 4.4500, 52.4412, 0.1637
(28, 6): 0.0386, 4.5500, 28.5533, 0.1935
(28, 7): 0.0177, 4.5100, 30.8008, 0.1978
(28, 8): 0.0758, 4.4800, 42.9334, 0.1645
(28, 9): 0.0664, 4.6800, 35.0043, 0.1918
(28, 10): 0.0900, 4.4400, 49.4496, 0.1697
(28, 11): 0.1255, 4.4700, 46.8543, 0.1620
(28, 12): 0.0732, 4.4100, 28.9292, 0.2072
(28, 13): 0.0159, 4.4100, 15.4603, 0.2558
(28, 14): 0.0159, 4.4100, 15.4603, 0.2558
(28, 15): 0.1451, 4.5000, 57.9517, 0.1552
(28, 16): 0.1441, 4.4100, 59.8608, 0.1560
(28, 17): 0.1653, 4.5000, 54.9880, 0.1432
(28, 18): 0.1085, 4.5200, 58.0653, 0.1628
(28, 19): 0.1099, 4.4500, 56.8666, 0.1560
(28, 20): 0.1224, 4.4300, 55.3918, 0.1560
(28, 21): 0.1433, 4.4200, 53.0553, 0.1424
(28, 22): 0.0125, 4.4100, 24.7079, 0.2157
(28, 23): 0.0125, 4.4100, 24.7079, 0.2157
(28, 24): 0.0125, 4.4100, 24.7079, 0.2157
(28, 25): 0.0125, 4.4100, 24.7079, 0.2157
(28, 26): 0.0125, 4.4100, 24.7079, 0.2157
(28, 27): 0.0125, 4.4100, 24.7079, 0.2157
(29, 1): 0.1122, 4.4100, 58.5080, 0.1475
(29, 2): 0.1122, 4.4100, 58.5080, 0.1475
(29, 3): 0.0592, 4.4100, 71.8341, 0.1441
(29, 4): 0.0349, 4.4700, 57.9881, 0.1535
(29, 5): 0.0570, 4.4500, 46.9564, 0.1697
(29, 6): 0.0736, 4.4600, 66.3958, 0.1466
(29, 7): 0.0615, 4.4200, 52.6118, 0.1560
(29, 8): 0.0416, 4.4300, 4.1218, 0.3828
(29, 9): 0.0664, 4.6800, 35.0043, 0.1918
(29, 10): 0.0664, 4.6800, 35.0043, 0.1918
(29, 11): 0.1255, 4.4700, 46.8543, 0.1620
(29, 12): 0.0732, 4.4100, 28.9292, 0.2072
(29, 13): 0.0159, 4.4100, 15.4603, 0.2558
(29, 14): 0.0159, 4.4100, 15.4603, 0.2558
(29, 15): -0.0620, 4.4899, 11.4042, 0.2958
(29, 16): 0.0575, 4.4500, 27.1802, 0.2072
(29, 17): -0.0724, 4.4400, 5.1939, 0.3922
(29, 18): 0.0953, 4.4600, 44.2559, 0.1662
(29, 19): 0.1375, 4.4700, 53.2907, 0.1407
(29, 20): 0.1295, 4.4100, 53.3420, 0.1552
(29, 21): 0.1206, 4.4100, 53.4799, 0.1569
(29, 22): -0.0194, 4.4100, 12.7582, 0.2899
(29, 23): -0.0194, 4.4100, 12.7582, 0.2899
(29, 24): -0.0194, 4.4100, 12.7582, 0.2899
(29, 25): -0.0194, 4.4100, 12.7582, 0.2899
(29, 26): -0.0194, 4.4100, 12.7582, 0.2899
(29, 27): -0.0194, 4.4100, 12.7582, 0.2899
(30, 1): 0.0070, 4.4200, 41.2918, 0.1807
(30, 2): 0.0070, 4.4200, 41.2918, 0.1807
(30, 3): -0.0348, 4.4100, 19.0149, 0.2242
(30, 4): -0.0444, 4.5100, 15.7713, 0.2387
(30, 5): 0.0222, 4.5000, 60.7520, 0.1739
(30, 6): 0.0576, 4.4100, 51.0068, 0.1714
(30, 7): 0.0243, 4.4800, 13.5216, 0.2327
(30, 8): 0.0416, 4.4300, 4.1218, 0.3828
(30, 9): 0.0416, 4.4300, 4.1218, 0.3828
(30, 10): 0.0664, 4.6800, 35.0043, 0.1918
(30, 11): 0.0664, 4.6800, 35.0043, 0.1918
(30, 12): 0.0159, 4.4100, 15.4603, 0.2558
(30, 13): 0.0159, 4.4100, 15.4603, 0.2558
(30, 14): -0.0620, 4.4899, 11.4042, 0.2958
(30, 15): -0.0620, 4.4899, 11.4042, 0.2958
(30, 16): 0.0575, 4.4500, 27.1802, 0.2072
(30, 17): -0.0724, 4.4400, 5.1939, 0.3922
(30, 18): -0.0308, 4.4700, 13.1222, 0.2728
(30, 19): -0.0308, 4.4700, 13.1222, 0.2728
(30, 20): 0.0666, 4.5100, 46.8359, 0.1867
(30, 21): 0.1066, 4.4500, 49.3073, 0.1722
(30, 22): 0.0120, 4.4800, 15.7538, 0.2668
(30, 23): 0.0120, 4.4800, 15.7538, 0.2668
(30, 24): 0.0120, 4.4800, 15.7538, 0.2668
(30, 25): 0.0120, 4.4800, 15.7538, 0.2668
(30, 26): 0.0120, 4.4800, 15.7538, 0.2668
(30, 27): 0.0120, 4.4800, 15.7538, 0.2668
(31, 1): 0.0070, 4.4200, 41.2918, 0.1807
(31, 2): 0.0070, 4.4200, 41.2918, 0.1807
(31, 3): -0.0348, 4.4100, 19.0149, 0.2242
(31, 4): -0.0444, 4.5100, 15.7713, 0.2387
(31, 5): 0.0222, 4.5000, 60.7520, 0.1739
(31, 6): 0.0576, 4.4100, 51.0068, 0.1714
(31, 7): 0.0243, 4.4800, 13.5216, 0.2327
(31, 8): 0.0243, 4.4800, 13.5216, 0.2327
(31, 9): 0.0416, 4.4300, 4.1218, 0.3828
(31, 10): 0.0416, 4.4300, 4.1218, 0.3828
(31, 11): 0.0664, 4.6800, 35.0043, 0.1918
(31, 12): 0.0159, 4.4100, 15.4603, 0.2558
(31, 13): -0.0620, 4.4899, 11.4042, 0.2958
(31, 14): -0.0620, 4.4899, 11.4042, 0.2958
(31, 15): -0.0620, 4.4899, 11.4042, 0.2958
(31, 16): 0.0575, 4.4500, 27.1802, 0.2072
(31, 17): -0.0724, 4.4400, 5.1939, 0.3922
(31, 18): -0.0464, 4.4300, 9.4366, 0.3026
(31, 19): -0.0464, 4.4300, 9.4366, 0.3026
(31, 20): 0.0631, 4.4400, 51.8221, 0.1654
(31, 21): -0.0484, 4.4300, 13.2873, 0.2771
(31, 22): -0.0484, 4.4300, 13.2873, 0.2771
(31, 23): -0.0759, 4.4200, 9.4143, 0.3009
(31, 24): -0.0759, 4.4200, 9.4143, 0.3009
(31, 25): -0.0759, 4.4200, 9.4143, 0.3009
(31, 26): -0.0759, 4.4200, 9.4143, 0.3009
(31, 27): -0.0759, 4.4200, 9.4143, 0.3009
(32, 1): 0.0070, 4.4200, 41.2918, 0.1807
(32, 2): 0.0070, 4.4200, 41.2918, 0.1807
(32, 3): -0.0348, 4.4100, 19.0149, 0.2242
(32, 4): -0.0444, 4.5100, 15.7713, 0.2387
(32, 5): 0.0222, 4.5000, 60.7520, 0.1739
(32, 6): 0.0576, 4.4100, 51.0068, 0.1714
(32, 7): 0.0243, 4.4800, 13.5216, 0.2327
(32, 8): 0.0243, 4.4800, 13.5216, 0.2327
(32, 9): 0.0243, 4.4800, 13.5216, 0.2327
(32, 10): 0.0416, 4.4300, 4.1218, 0.3828
(32, 11): 0.0416, 4.4300, 4.1218, 0.3828
(32, 12): -0.0620, 4.4899, 11.4042, 0.2958
(32, 13): -0.0620, 4.4899, 11.4042, 0.2958
(32, 14): -0.0620, 4.4899, 11.4042, 0.2958
(32, 15): -0.0620, 4.4899, 11.4042, 0.2958
(32, 16): 0.0575, 4.4500, 27.1802, 0.2072
(32, 17): -0.0195, 4.4600, 14.2812, 0.2549
(32, 18): -0.0195, 4.4600, 14.2812, 0.2549
(32, 19): -0.0195, 4.4600, 14.2812, 0.2549
(32, 20): 0.1039, 4.4200, 59.1425, 0.1543
(32, 21): 0.0216, 4.4100, 41.2034, 0.1679
(32, 22): -0.0759, 4.4200, 9.4143, 0.3009
(32, 23): -0.0759, 4.4200, 9.4143, 0.3009
(32, 24): -0.0759, 4.4200, 9.4143, 0.3009
(32, 25): -0.0759, 4.4200, 9.4143, 0.3009
(32, 26): -0.0759, 4.4200, 9.4143, 0.3009
(32, 27): -0.0759, 4.4200, 9.4143, 0.3009
(33, 1): 0.0070, 4.4200, 41.2918, 0.1807
(33, 2): 0.0070, 4.4200, 41.2918, 0.1807
(33, 3): -0.0348, 4.4100, 19.0149, 0.2242
(33, 4): -0.0444, 4.5100, 15.7713, 0.2387
(33, 5): 0.0222, 4.5000, 60.7520, 0.1739
(33, 6): 0.0576, 4.4100, 51.0068, 0.1714
(33, 7): 0.0243, 4.4800, 13.5216, 0.2327
(33, 8): 0.0243, 4.4800, 13.5216, 0.2327
(33, 9): 0.0243, 4.4800, 13.5216, 0.2327
(33, 10): 0.0243, 4.4800, 13.5216, 0.2327
(33, 11): 0.0416, 4.4300, 4.1218, 0.3828
(33, 12): -0.0620, 4.4899, 11.4042, 0.2958
(33, 13): -0.0620, 4.4899, 11.4042, 0.2958
(33, 14): -0.0620, 4.4899, 11.4042, 0.2958
(33, 15): -0.0620, 4.4899, 11.4042, 0.2958
(33, 16): 0.0409, 4.4500, 37.8158, 0.1671
(33, 17): 0.0409, 4.4500, 37.8158, 0.1671
(33, 18): 0.0409, 4.4500, 37.8158, 0.1671
(33, 19): 0.0409, 4.4500, 37.8158, 0.1671
(33, 20): 0.1046, 4.5000, 60.2491, 0.1338
(33, 21): 0.0736, 4.5200, 61.1414, 0.1594
(33, 22): -0.0129, 4.4200, 26.3067, 0.2038
(33, 23): -0.0129, 4.4200, 26.3067, 0.2038
(33, 24): -0.0129, 4.4200, 26.3067, 0.2038
(33, 25): -0.0129, 4.4200, 26.3067, 0.2038
(33, 26): -0.0129, 4.4200, 26.3067, 0.2038
(33, 27): -0.0129, 4.4200, 26.3067, 0.2038
(34, 1): 0.0070, 4.4200, 41.2918, 0.1807
(34, 2): 0.0070, 4.4200, 41.2918, 0.1807
(34, 3): -0.0348, 4.4100, 19.0149, 0.2242
(34, 4): -0.0444, 4.5100, 15.7713, 0.2387
(34, 5): 0.0222, 4.5000, 60.7520, 0.1739
(34, 6): 0.0576, 4.4100, 51.0068, 0.1714
(34, 7): 0.0243, 4.4800, 13.5216, 0.2327
(34, 8): 0.0243, 4.4800, 13.5216, 0.2327
(34, 9): 0.0243, 4.4800, 13.5216, 0.2327
(34, 10): 0.0243, 4.4800, 13.5216, 0.2327
(34, 11): 0.0243, 4.4800, 13.5216, 0.2327
(34, 12): -0.0620, 4.4899, 11.4042, 0.2958
(34, 13): -0.0620, 4.4899, 11.4042, 0.2958
(34, 14): -0.0157, 4.4300, 34.7526, 0.1876
(34, 15): -0.0157, 4.4300, 34.7526, 0.1876
(34, 16): -0.0157, 4.4300, 34.7526, 0.1876
(34, 17): -0.0157, 4.4300, 34.7526, 0.1876
(34, 18): -0.0157, 4.4300, 34.7526, 0.1876
(34, 19): -0.0157, 4.4300, 34.7526, 0.1876
(34, 20): 0.0452, 4.4100, 64.3370, 0.1543
(34, 21): 0.0716, 4.5000, 63.0727, 0.1560
(34, 22): -0.0438, 4.4200, 9.7909, 0.2830
(34, 23): -0.0438, 4.4200, 9.7909, 0.2830
(34, 24): -0.0438, 4.4200, 9.7909, 0.2830
(34, 25): -0.0438, 4.4200, 9.7909, 0.2830
(34, 26): -0.0438, 4.4200, 9.7909, 0.2830
(34, 27): -0.0438, 4.4200, 9.7909, 0.2830
(35, 1): 0.0070, 4.4200, 41.2918, 0.1807
(35, 2): 0.0070, 4.4200, 41.2918, 0.1807
(35, 3): -0.0348, 4.4100, 19.0149, 0.2242
(35, 4): -0.0444, 4.5100, 15.7713, 0.2387
(35, 5): 0.0222, 4.5000, 60.7520, 0.1739
(35, 6): 0.0576, 4.4100, 51.0068, 0.1714
(35, 7): 0.0243, 4.4800, 13.5216, 0.2327
(35, 8): 0.0243, 4.4800, 13.5216, 0.2327
(35, 9): 0.0243, 4.4800, 13.5216, 0.2327
(35, 10): 0.0243, 4.4800, 13.5216, 0.2327
(35, 11): 0.0243, 4.4800, 13.5216, 0.2327
(35, 12): -0.0620, 4.4899, 11.4042, 0.2958
(35, 13): -0.0157, 4.4300, 34.7526, 0.1876
(35, 14): -0.0157, 4.4300, 34.7526, 0.1876
(35, 15): -0.0157, 4.4300, 34.7526, 0.1876
(35, 16): -0.0157, 4.4300, 34.7526, 0.1876
(35, 17): -0.0157, 4.4300, 34.7526, 0.1876
(35, 18): -0.0157, 4.4300, 34.7526, 0.1876
(35, 19): -0.0157, 4.4300, 34.7526, 0.1876
(35, 20): 0.0452, 4.4100, 64.3370, 0.1543
(35, 21): 0.0716, 4.5000, 63.0727, 0.1560
(35, 22): -0.0438, 4.4200, 9.7909, 0.2830
(35, 23): -0.0438, 4.4200, 9.7909, 0.2830
(35, 24): -0.0438, 4.4200, 9.7909, 0.2830
(35, 25): -0.0438, 4.4200, 9.7909, 0.2830
(35, 26): -0.0438, 4.4200, 9.7909, 0.2830
(35, 27): -0.0438, 4.4200, 9.7909, 0.2830
(36, 1): 0.0070, 4.4200, 41.2918, 0.1807
(36, 2): 0.0070, 4.4200, 41.2918, 0.1807
(36, 3): -0.0348, 4.4100, 19.0149, 0.2242
(36, 4): -0.0444, 4.5100, 15.7713, 0.2387
(36, 5): 0.0222, 4.5000, 60.7520, 0.1739
(36, 6): 0.0576, 4.4100, 51.0068, 0.1714
(36, 7): 0.0243, 4.4800, 13.5216, 0.2327
(36, 8): 0.0243, 4.4800, 13.5216, 0.2327
(36, 9): 0.0243, 4.4800, 13.5216, 0.2327
(36, 10): 0.0243, 4.4800, 13.5216, 0.2327
(36, 11): 0.0243, 4.4800, 13.5216, 0.2327
(36, 12): -0.0157, 4.4300, 34.7526, 0.1876
(36, 13): -0.0157, 4.4300, 34.7526, 0.1876
(36, 14): -0.0157, 4.4300, 34.7526, 0.1876
(36, 15): -0.0157, 4.4300, 34.7526, 0.1876
(36, 16): -0.0157, 4.4300, 34.7526, 0.1876
(36, 17): -0.0157, 4.4300, 34.7526, 0.1876
(36, 18): -0.0157, 4.4300, 34.7526, 0.1876
(36, 19): -0.0157, 4.4300, 34.7526, 0.1876
(36, 20): 0.0452, 4.4100, 64.3370, 0.1543
(36, 21): 0.0716, 4.5000, 63.0727, 0.1560
(36, 22): -0.0438, 4.4200, 9.7909, 0.2830
(36, 23): -0.0438, 4.4200, 9.7909, 0.2830
(36, 24): -0.0438, 4.4200, 9.7909, 0.2830
(36, 25): -0.0438, 4.4200, 9.7909, 0.2830
(36, 26): -0.0438, 4.4200, 9.7909, 0.2830
(36, 27): -0.0438, 4.4200, 9.7909, 0.2830
(37, 1): 0.0070, 4.4200, 41.2918, 0.1807
(37, 2): 0.0070, 4.4200, 41.2918, 0.1807
(37, 3): -0.0348, 4.4100, 19.0149, 0.2242
(37, 4): -0.0444, 4.5100, 15.7713, 0.2387
(37, 5): 0.0222, 4.5000, 60.7520, 0.1739
(37, 6): 0.0576, 4.4100, 51.0068, 0.1714
(37, 7): 0.0243, 4.4800, 13.5216, 0.2327
(37, 8): 0.0243, 4.4800, 13.5216, 0.2327
(37, 9): 0.0243, 4.4800, 13.5216, 0.2327
(37, 10): 0.0243, 4.4800, 13.5216, 0.2327
(37, 11): 0.0243, 4.4800, 13.5216, 0.2327
(37, 12): -0.0157, 4.4300, 34.7526, 0.1876
(37, 13): -0.0157, 4.4300, 34.7526, 0.1876
(37, 14): -0.0157, 4.4300, 34.7526, 0.1876
(37, 15): -0.0157, 4.4300, 34.7526, 0.1876
(37, 16): -0.0157, 4.4300, 34.7526, 0.1876
(37, 17): -0.0157, 4.4300, 34.7526, 0.1876
(37, 18): -0.0157, 4.4300, 34.7526, 0.1876
(37, 19): -0.0157, 4.4300, 34.7526, 0.1876
(37, 20): 0.0452, 4.4100, 64.3370, 0.1543
(37, 21): 0.0716, 4.5000, 63.0727, 0.1560
(37, 22): -0.0438, 4.4200, 9.7909, 0.2830
(37, 23): -0.0438, 4.4200, 9.7909, 0.2830
(37, 24): -0.0438, 4.4200, 9.7909, 0.2830
(37, 25): -0.0438, 4.4200, 9.7909, 0.2830
(37, 26): -0.0438, 4.4200, 9.7909, 0.2830
(37, 27): -0.0438, 4.4200, 9.7909, 0.2830
