(2, 5): -0.7740, -0.0000, 0.0000
(2, 6): -0.7740, -0.0000, 0.0000
(2, 7): -0.7740, -0.0000, 0.0000
(2, 8): -0.7740, -0.0000, 0.0000
(2, 9): -0.7740, -0.0000, 0.0000
(2, 10): -0.7740, -0.0000, 0.0000
(2, 11): -0.7740, -0.0000, 0.0000
(2, 12): -0.7740, -0.0000, 0.0000
(2, 13): -0.7740, -0.0000, 0.0000
(2, 14): -0.7740, -0.0000, 0.0000
(2, 15): -0.7740, -0.0000, 0.0000
(2, 16): -0.7740, -0.0000, 0.0000
(2, 17): -0.7740, -0.0000, 0.0000
(2, 18): -0.7740, -0.0000, 0.0000
(2, 19): -0.7740, -0.0000, 0.0000
(2, 20): -1.8021, 0.0000, 0.0000
(2, 21): -2.6294, 0.0000, 0.0000
(2, 22): -0.7740, -0.0000, 0.0000
(2, 23): -0.7740, -0.0000, 0.0000
(2, 24): -0.7740, -0.0000, 0.0000
(2, 25): -0.7740, -0.0000, 0.0000
(2, 26): -0.7740, -0.0000, 0.0000
(2, 27): -0.7740, -0.0000, 0.0000
(3, 1): -0.7740, -0.0000, 0.0000
(3, 2): -0.7740, -0.0000, 0.0000
(3, 3): -0.7740, -0.0000, 0.0000
(3, 4): -0.7740, -0.0000, 0.0000
(3, 5): -0.7740, -0.0000, 0.0000
(3, 6): -0.7740, -0.0000, 0.0000
(3, 7): -0.7740, -0.0000, 0.0000
(3, 8): -0.7740, -0.0000, 0.0000
(28, 16): -7.8432, 0.7531, 5.9069
(28, 17): -5.9966, 0.2216, 1.3290
(28, 18): -5.8396, 0.0323, 0.1889
(28, 19): -8.5109, 0.0313, 0.2663
(28, 20): -5.7497, 0.1358, 0.7811
(28, 21): -7.6265, 0.0292, 0.2229
(28, 22): -1.4894, 0.0000, 0.0000
(28, 23): -0.7740, -0.0000, 0.0000
(28, 24): -0.7740, -0.0000, 0.0000
(28, 25): -0.7740, -0.0000, 0.0000
(28, 26): -0.7740, -0.0000, 0.0000
(28, 27): -0.7740, -0.0000, 0.0000
(29, 1): -0.7740, -0.0000, 0.0000
(29, 2): -5.9747, 0.5065, 3.0260
(29, 3): -9.2830, 0.1733, 1.6083
(29, 4): -6.5983, 0.0510, 0.3366
(29, 5): -5.6662, 0.0193, 0.1093
(29, 6): -7.0997, 0.0065, 0.0460
(29, 7): -6.5581, 0.0113, 0.0742
(29, 8): -1.4677, 0.0000, 0.0000
(29, 9): -0.7740, -0.0000, 0.0000
(29, 10): -0.7740, -0.0000, 0.0000
(29, 11): -0.7740, -0.0000, 0.0000
(29, 12): -0.7740, -0.0000, 0.0000
(29, 13): -0.7740, -0.0000, 0.0000
(29, 14): -0.7740, -0.0000, 0.0000
(29, 15): -4.5579, 0.0000, 0.0000
(29, 16): -1.6704, 0.0000, 0.0000
(29, 17): -1.4652, 0.0000, 0.0000
(29, 18): -1.4165, 0.0000, 0.0000
(29, 19): -6.2572, 0.1969, 1.2323
(30, 24): -0.7740, -0.0000, 0.0000
(30, 25): -0.7740, -0.0000, 0.0000
(30, 26): -0.7740, -0.0000, 0.0000
(30, 27): -0.7740, -0.0000, 0.0000
(31, 1): -0.7740, -0.0000, 0.0000
(31, 2): -0.7740, -0.0000, 0.0000
(31, 3): -0.7740, -0.0000, 0.0000
(31, 4): -0.7740, -0.0000, 0.0000
(31, 5): -0.7740, -0.0000, 0.0000
(31, 6): -0.7740, -0.0000, 0.0000
(31, 7): -0.7740, -0.0000, 0.0000
(31, 8): -0.7740, -0.0000, 0.0000
(31, 9): -0.7740, -0.0000, 0.0000
(31, 10): -0.7740, -0.0000, 0.0000
(31, 11): -0.7740, -0.0000, 0.0000
(31, 12): -0.7740, -0.0000, 0.0000
(31, 13): -0.7740, -0.0000, 0.0000
(31, 14): -0.7740, -0.0000, 0.0000
(31, 15): -0.7740, -0.0000, 0.0000
(31, 16): -0.7740, -0.0000, 0.0000
(31, 17): -0.7740, -0.0000, 0.0000
(31, 18): -0.7740, -0.0000, 0.0000
(31, 19): -1.3280, 0.0000, 0.0000
(31, 20): -6.7810, 0.0003, 0.0018
(31, 21): -1.5126, 0.0000, 0.0000
(31, 22): -0.7740, -0.0000, 0.0000
(31, 23): -0.7740, -0.0000, 0.0000
(31, 24): -0.7740, -0.0000, 0.0000
(31, 25): -0.7740, -0.0000, 0.0000
(31, 26): -0.7740, -0.0000, 0.0000
(31, 27): -0.7740, -0.0000, 0.0000
(17, 3): -0.7740, -0.0000, 0.0000
(17, 4): -0.7740, -0.0000, 0.0000
(17, 5): -0.7740, -0.0000, 0.0000
(17, 6): -0.7740, -0.0000, 0.0000
(17, 7): -0.7740, -0.0000, 0.0000
(17, 8): -0.7740, -0.0000, 0.0000
(17, 9): -5.9780, 0.0328, 0.1959
(17, 10): -6.5049, 0.0648, 0.4218
(17, 11): -7.5701, 0.1085, 0.8215
(17, 12): -4.2588, 0.0000, 0.0001
(17, 13): -8.5935, 0.0728, 0.6257
(17, 14): -6.1246, 0.0185, 0.1136
(17, 15): -7.6583, 0.5468, 4.1872
(17, 16): -6.6915, 0.0473, 0.3168
(17, 17): -6.5107, 0.0325, 0.2113
(17, 18): -6.0855, 0.1730, 1.0530
(17, 19): -5.2330, 0.1353, 0.7082
(17, 20): -8.2253, 0.2547, 2.0954
(17, 21): -6.1292, 0.0837, 0.5128
(17, 22): -5.7457, 0.2411, 1.3852
(17, 23): -5.8761, 0.0856, 0.5027
(17, 24): -5.6064, 0.5123, 2.8723
(17, 25): -6.8088, 0.4264, 2.9035
(17, 26): -5.7757, 0.1395, 0.8058
(17, 27): -0.7740, -0.0000, 0.0000
(18, 1): -0.7740, -0.0000, 0.0000
(18, 2): -0.7740, -0.0000, 0.0000
(18, 3): -0.7740, -0.0000, 0.0000
(18, 4): -0.7740, -0.0000, 0.0000
(18, 5): -0.7740, -0.0000, 0.0000
(18, 6): -0.7740, -0.0000, 0.0000
(19, 11): -6.5126, 0.1139, 0.7420
(19, 12): -5.4892, 0.1717, 0.9424
(19, 13): -1.7238, 0.0000, 0.0000
(19, 14): -5.9082, 0.1800, 1.0633
(19, 15): -6.3227, 0.1978, 1.2506
(19, 16): -5.2331, 0.0857, 0.4484
(19, 17): -5.9218, 0.0535, 0.3169
(19, 18): -7.1653, 0.0771, 0.5525
(19, 19): -7.4403, 0.0026, 0.0192
(19, 20): -1.1403, 0.0518, 0.0991
(19, 21): -1.1424, 0.0428, 0.0825
(19, 22): -7.4361, 0.0226, 0.1680
(19, 23): -1.1410, 0.0465, 0.0897
(19, 24): -6.0131, 0.0844, 0.5076
(19, 25): -1.3928, 0.0000, 0.0000
(19, 26): -6.0463, 0.0039, 0.0238
(19, 27): -0.7740, -0.0000, 0.0000
(20, 1): -0.7740, -0.0000, 0.0000
(20, 2): -0.7740, -0.0000, 0.0000
(20, 3): -0.7740, -0.0000, 0.0000
(20, 4): -0.7740, -0.0000, 0.0000
(20, 5): -0.7740, -0.0000, 0.0000
(20, 6): -0.7740, -0.0000, 0.0000
(20, 7): -6.3173, 0.0120, 0.0757
(20, 8): -6.2345, 0.0013, 0.0081
(20, 9): -7.2226, 0.0163, 0.1174
(20, 10): -1.1370, 0.0575, 0.1107
(20, 11): -5.9293, 0.6578, 3.9002
(20, 12): -5.5843, 0.3747, 2.0923
(20, 13): -5.6983, 0.0251, 0.1433
(20, 14): -6.1150, 0.3176, 1.9419
(12, 14): -6.2573, 0.4976, 3.1136
(12, 15): -0.7740, -0.0000, 0.0000
(12, 16): -2.2456, 0.0000, 0.0000
(12, 17): -6.3578, 0.4516, 2.8714
(12, 18): -5.6845, 0.5130, 2.9164
(12, 19): -5.8029, 0.2162, 1.2545
(12, 20): -6.4536, 0.3485, 2.2492
(12, 21): -7.1595, 0.0403, 0.2888
(12, 22): -1.1369, 0.0599, 0.1146
(12, 23): -5.8233, 0.1005, 0.5854
(12, 24): -5.9028, 0.1037, 0.6120
(12, 25): -2.5097, 0.0000, 0.0000
(12, 26): -1.3027, 0.0000, 0.0000
(12, 27): -0.7740, -0.0000, 0.0000
(13, 1): -0.7740, -0.0000, 0.0000
(13, 2): -0.7740, -0.0000, 0.0000
(13, 3): -0.7740, -0.0000, 0.0000
(13, 4): -0.7740, -0.0000, 0.0000
(13, 5): -0.7740, -0.0000, 0.0000
(13, 6): -0.7740, -0.0000, 0.0000
(13, 7): -0.7740, -0.0000, 0.0000
(13, 8): -0.7740, -0.0000, 0.0000
(13, 9): -0.7740, -0.0000, 0.0000
(13, 10): -7.1401, 0.1220, 0.8712
(13, 11): -5.9623, 0.4176, 2.4901
(13, 12): -4.7962, 0.0445, 0.2134
(13, 13): -1.7699, 0.0000, 0.0000
(13, 14): -5.3165, 0.0018, 0.0094
(13, 15): -0.7740, -0.0000, 0.0000
(13, 16): -6.5535, 0.0287, 0.1879
(13, 17): -4.9777, 0.0031, 0.0152
(3, 9): -0.7740, -0.0000, 0.0000
(3, 10): -0.7740, -0.0000, 0.0000
(3, 11): -0.7740, -0.0000, 0.0000
(3, 12): -0.7740, -0.0000, 0.0000
(3, 13): -0.7740, -0.0000, 0.0000
(3, 14): -0.7740, -0.0000, 0.0000
(3, 15): -0.7740, -0.0000, 0.0000
(3, 16): -1.8668, 0.0000, 0.0000
(3, 17): -2.2946, 0.0000, 0.0000
(3, 18): -4.4961, 0.0003, 0.0013
(3, 19): -1.9990, 0.0000, 0.0000
(3, 20): -1.8620, 0.0000, 0.0000
(3, 21): -7.7807, 0.0127, 0.0992
(3, 22): -6.1178, 0.0034, 0.0210
(3, 23): -1.1319, 0.0716, 0.1364
(3, 24): -5.2225, 0.0269, 0.1404
(3, 25): -0.7740, -0.0000, 0.0000
(3, 26): -0.7740, -0.0000, 0.0000
(3, 27): -0.7740, -0.0000, 0.0000
(4, 1): -0.7740, -0.0000, 0.0000
(4, 2): -0.7740, -0.0000, 0.0000
(4, 3): -0.7740, -0.0000, 0.0000
(4, 4): -0.7740, -0.0000, 0.0000
(4, 5): -0.7740, -0.0000, 0.0000
(4, 6): -0.7740, -0.0000, 0.0000
(4, 7): -0.7740, -0.0000, 0.0000
(4, 8): -0.7740, -0.0000, 0.0000
(4, 9): -0.7740, -0.0000, 0.0000
(4, 10): -0.7740, -0.0000, 0.0000
(4, 11): -0.7740, -0.0000, 0.0000
(4, 12): -0.7740, -0.0000, 0.0000
(10, 6): -0.7740, -0.0000, 0.0000
(10, 7): -0.7740, -0.0000, 0.0000
(10, 8): -0.7740, -0.0000, 0.0000
(10, 9): -0.7740, -0.0000, 0.0000
(10, 10): -6.0037, 0.0010, 0.0057
(10, 11): -6.6434, 0.0513, 0.3405
(10, 12): -4.1567, 0.0000, 0.0000
(10, 13): -0.7740, -0.0000, 0.0000
(10, 14): -1.6182, 0.0000, 0.0000
(10, 15): -8.5388, 0.1561, 1.3328
(10, 16): -6.3393, 0.0938, 0.5947
(10, 17): -7.3611, 0.5281, 3.8878
(10, 18): -1.1191, 0.1065, 0.2016
(10, 19): -7.9614, 0.2569, 2.0450
(10, 20): -1.1234, 0.0945, 0.1794
(10, 21): -11.2245, 0.0165, 0.1857
(10, 22): -6.4879, 0.0635, 0.4117
(10, 23): -5.8940, 0.0815, 0.4802
(10, 24): -1.1370, 0.0565, 0.1081
(10, 25): -7.7685, 0.0796, 0.6186
(10, 26): -5.4320, 0.0265, 0.1440
(10, 27): -0.7740, -0.0000, 0.0000
(11, 1): -0.7740, -0.0000, 0.0000
(11, 2): -0.7740, -0.0000, 0.0000
(11, 3): -0.7740, -0.0000, 0.0000
(11, 4): -0.7740, -0.0000, 0.0000
(11, 5): -0.7740, -0.0000, 0.0000
(11, 6): -0.7740, -0.0000, 0.0000
(11, 7): -0.7740, -0.0000, 0.0000
(11, 8): -0.7740, -0.0000, 0.0000
(11, 9): -0.7740, -0.0000, 0.0000
(21, 19): -1.1386, 0.0521, 0.0997
(21, 20): -5.7637, 0.1701, 0.9806
(21, 21): -6.1923, 0.0161, 0.1000
(21, 22): -8.1892, 1.3255, 10.8551
(21, 23): -8.0076, 0.4480, 3.5872
(21, 24): -6.1062, 0.4972, 3.0362
(21, 25): -0.7740, -0.0000, 0.0000
(21, 26): -0.7740, -0.0000, 0.0000
(21, 27): -0.7740, -0.0000, 0.0000
(22, 1): -0.7740, -0.0000, 0.0000
(22, 2): -0.7740, -0.0000, 0.0000
(22, 3): -0.7740, -0.0000, 0.0000
(22, 4): -0.7740, -0.0000, 0.0000
(22, 5): -0.7740, -0.0000, 0.0000
(22, 6): -7.0504, 0.0874, 0.6164
(22, 7): -4.9963, 0.1196, 0.5978
(22, 8): -1.1355, 0.0617, 0.1181
(22, 9): -5.9701, 0.0984, 0.5876
(22, 10): -6.6712, 1.5808, 10.5457
(22, 11): -6.0002, 0.6591, 3.9547
(22, 12): -5.8081, 0.4685, 2.7213
(22, 13): -5.8478, 0.1324, 0.7740
(22, 14): -5.7482, 0.0074, 0.0423
(22, 15): -7.3792, 0.0237, 0.1752
(22, 16): -1.1414, 0.0451, 0.0869
(22, 17): -6.9429, 0.3179, 2.2073
(22, 18): -5.7097, 0.9126, 5.2109
(22, 19): -6.1711, 0.4908, 3.0289
(22, 20): -7.7670, 0.1333, 1.0354
(22, 21): -7.3228, 0.0416, 0.3046
(22, 22): -0.7740, -0.0000, 0.0000
(27, 12): -6.0038, 0.5063, 3.0398
(27, 13): -5.5360, 0.0860, 0.4762
(27, 14): -1.6968, 0.0000, 0.0000
(27, 15): -6.2827, 0.0113, 0.0711
(27, 16): -6.3985, 0.3396, 2.1728
(27, 17): -1.1352, 0.0629, 0.1199
(27, 18): -6.9886, 0.1155, 0.8075
(27, 19): -5.1145, 0.0461, 0.2360
(27, 20): -8.7021, 0.2313, 2.0129
(27, 21): -6.0336, 0.3649, 2.2017
(27, 22): -1.4684, 0.0000, 0.0000
(27, 23): -0.7740, -0.0000, 0.0000
(27, 24): -0.7740, -0.0000, 0.0000
(27, 25): -0.7740, -0.0000, 0.0000
(27, 26): -0.7740, -0.0000, 0.0000
(27, 27): -0.7740, -0.0000, 0.0000
(28, 1): -0.7740, -0.0000, 0.0000
(28, 2): -1.5139, 0.0000, 0.0000
(28, 3): -1.5333, 0.0000, 0.0000
(28, 4): -6.0670, 0.4586, 2.7821
(28, 5): -5.5661, 2.1992, 12.2413
(28, 6): -6.5906, 0.7442, 4.9050
(28, 7): -4.3402, 0.0000, 0.0000
(28, 8): -3.2922, 0.0000, 0.0000
(28, 9): -1.4666, 0.0000, 0.0000
(28, 10): -0.7740, -0.0000, 0.0000
(28, 11): -0.7740, -0.0000, 0.0000
(28, 12): -0.7740, -0.0000, 0.0000
(28, 13): -0.7740, -0.0000, 0.0000
(28, 14): -1.3248, 0.0000, 0.0000
(28, 15): -6.2121, 0.3846, 2.3892
(5, 17): -6.5224, 0.0891, 0.5812
(5, 18): -7.8266, 0.0275, 0.2149
(5, 19): -9.2864, 0.7064, 6.5595
(5, 20): -6.1374, 1.0395, 6.3799
(5, 21): -6.9928, 0.1398, 0.9775
(5, 22): -6.4899, 0.1142, 0.7412
(5, 23): -9.1576, 0.1176, 1.0767
(5, 24): -2.0827, 0.0000, 0.0000
(5, 25): -5.8019, 0.3238, 1.8789
(5, 26): -9.0690, 0.0724, 0.6563
(5, 27): -1.3480, 0.0000, 0.0000
(6, 1): -0.7740, -0.0000, 0.0000
(6, 2): -0.7740, -0.0000, 0.0000
(6, 3): -0.7740, -0.0000, 0.0000
(6, 4): -0.7740, -0.0000, 0.0000
(6, 5): -0.7740, -0.0000, 0.0000
(6, 6): -0.7740, -0.0000, 0.0000
(6, 7): -0.7740, -0.0000, 0.0000
(6, 8): -0.7740, -0.0000, 0.0000
(6, 9): -0.7740, -0.0000, 0.0000
(6, 10): -0.7740, -0.0000, 0.0000
(6, 11): -6.7854, 0.0093, 0.0630
(6, 12): -5.2614, 0.1332, 0.7009
(6, 13): -0.7740, -0.0000, 0.0000
(6, 14): -0.7740, -0.0000, 0.0000
(6, 15): -2.6938, 0.0000, 0.0000
(6, 16): -5.9606, 1.1562, 6.8917
(6, 17): -6.5682, 0.1141, 0.7494
(6, 18): -6.1465, 0.0099, 0.0611
(6, 19): -6.2183, 0.0977, 0.6075
(6, 20): -6.1581, 0.0834, 0.5134
(29, 20): -6.6294, 0.0708, 0.4693
(29, 21): -5.2729, 0.0784, 0.4134
(29, 22): -2.4832, 0.0000, 0.0000
(29, 23): -0.7740, -0.0000, 0.0000
(29, 24): -0.7740, -0.0000, 0.0000
(29, 25): -0.7740, -0.0000, 0.0000
(29, 26): -0.7740, -0.0000, 0.0000
(29, 27): -0.7740, -0.0000, 0.0000
(30, 1): -0.7740, -0.0000, 0.0000
(30, 2): -5.7079, 0.2925, 1.6693
(30, 3): -1.3472, 0.0000, 0.0000
(30, 4): -1.3635, 0.0000, 0.0000
(30, 5): -6.2125, 0.1489, 0.9249
(30, 6): -3.4523, 0.0000, 0.0000
(30, 7): -1.3586, 0.0000, 0.0000
(30, 8): -0.7740, -0.0000, 0.0000
(30, 9): -0.7740, -0.0000, 0.0000
(30, 10): -0.7740, -0.0000, 0.0000
(30, 11): -0.7740, -0.0000, 0.0000
(30, 12): -0.7740, -0.0000, 0.0000
(30, 13): -0.7740, -0.0000, 0.0000
(30, 14): -0.7740, -0.0000, 0.0000
(30, 15): -0.7740, -0.0000, 0.0000
(30, 16): -0.7740, -0.0000, 0.0000
(30, 17): -0.7740, -0.0000, 0.0000
(30, 18): -0.7740, -0.0000, 0.0000
(30, 19): -5.9088, 0.0066, 0.0389
(30, 20): -6.7140, 0.0307, 0.2059
(30, 21): -6.2866, 0.2609, 1.6400
(30, 22): -1.7282, 0.0000, 0.0000
(30, 23): -0.7740, -0.0000, 0.0000
(6, 21): -3.7809, 1.3984, 5.3001
(6, 22): -7.2318, 0.0335, 0.2422
(6, 23): -6.5185, 0.4320, 2.8161
(6, 24): -3.0211, 0.0000, 0.0000
(6, 25): -1.1442, 0.0385, 0.0736
(6, 26): -5.9335, 0.1102, 0.6540
(6, 27): -1.9778, 0.0000, 0.0000
(7, 1): -0.7740, -0.0000, 0.0000
(7, 2): -0.7740, -0.0000, 0.0000
(7, 3): -0.7740, -0.0000, 0.0000
(7, 4): -0.7740, -0.0000, 0.0000
(7, 5): -0.7740, -0.0000, 0.0000
(7, 6): -0.7740, -0.0000, 0.0000
(7, 7): -0.7740, -0.0000, 0.0000
(7, 8): -0.7740, -0.0000, 0.0000
(7, 9): -0.7740, -0.0000, 0.0000
(7, 10): -1.6572, 0.0000, 0.0000
(7, 11): -6.0562, 0.0284, 0.1721
(7, 12): -0.7740, -0.0000, 0.0000
(7, 13): -0.7740, -0.0000, 0.0000
(7, 14): -0.7740, -0.0000, 0.0000
(7, 15): -7.6157, 0.2309, 1.7582
(7, 16): -5.8731, 0.1577, 0.9260
(7, 17): -2.5625, 0.0000, 0.0000
(7, 18): -6.8743, 1.3987, 9.6152
(7, 19): -3.4537, 0.0000, 0.0000
(7, 20): -6.8488, 0.4332, 2.9666
(7, 21): -5.9874, 0.3190, 1.9098
(7, 22): -6.0491, 0.3061, 1.8517
(7, 23): -1.1472, 0.0600, 0.1144
(7, 24): -6.5211, 0.3308, 2.1575
(25, 4): -5.6802, 0.2784, 1.5815
(25, 5): -1.3911, 0.0000, 0.0000
(25, 6): -6.1707, 0.2878, 1.7758
(25, 7): -6.0536, 0.5696, 3.4483
(25, 8): -2.3147, 0.0000, 0.0000
(25, 9): -9.4521, 0.0835, 0.7890
(25, 10): -2.7864, 0.0000, 0.0000
(25, 11): -5.3592, 0.0228, 0.1224
(25, 12): -6.2959, 0.0509, 0.3205
(25, 13): -3.4665, 0.0000, 0.0000
(25, 14): -7.3852, 0.1847, 1.3641
(25, 15): -6.3543, 0.7431, 4.7222
(25, 16): -5.0872, 0.1716, 0.8733
(25, 17): -1.1376, 0.0564, 0.1072
(25, 18): -2.9118, 0.0000, 0.0000
(25, 19): -5.8550, 0.0328, 0.1922
(25, 20): -9.3564, 0.0197, 0.1844
(25, 21): -5.9227, 0.6941, 4.1113
(25, 22): -1.6631, 0.0000, 0.0000
(25, 23): -0.7740, -0.0000, 0.0000
(25, 24): -0.7740, -0.0000, 0.0000
(25, 25): -0.7740, -0.0000, 0.0000
(25, 26): -0.7740, -0.0000, 0.0000
(25, 27): -0.7740, -0.0000, 0.0000
(26, 1): -0.7740, -0.0000, 0.0000
(26, 2): -5.8943, 0.0021, 0.0121
(26, 3): -1.4916, 0.0000, 0.0000
(26, 4): -4.6275, 0.0104, 0.0481
(26, 5): -4.9329, 0.0291, 0.1434
(26, 6): -5.7323, 0.2939, 1.6845
(26, 7): -2.5609, 0.0000, 0.0000
(11, 10): -2.9295, 0.0000, 0.0000
(11, 11): -7.6320, 1.2399, 9.4631
(11, 12): -5.3166, 0.2721, 1.4466
(11, 13): -4.7135, 0.0000, 0.0000
(11, 14): -0.7740, -0.0000, 0.0000
(11, 15): -0.7740, -0.0000, 0.0000
(11, 16): -2.0151, 0.0000, 0.0000
(11, 17): -6.3881, 0.0057, 0.0367
(11, 18): -3.4929, 0.0000, 0.0000
(11, 19): -7.3960, 0.0196, 0.1446
(11, 20): -8.0502, 0.0975, 0.7847
(11, 21): -6.0721, 0.1120, 0.6801
(11, 22): -6.3431, 0.0208, 0.1321
(11, 23): -6.5803, 0.2022, 1.3303
(11, 24): -1.1389, 0.0506, 0.0972
(11, 25): -6.0349, 0.0644, 0.3885
(11, 26): -5.3283, 0.3474, 1.8511
(11, 27): -0.7740, -0.0000, 0.0000
(12, 1): -0.7740, -0.0000, 0.0000
(12, 2): -0.7740, -0.0000, 0.0000
(12, 3): -0.7740, -0.0000, 0.0000
(12, 4): -0.7740, -0.0000, 0.0000
(12, 5): -0.7740, -0.0000, 0.0000
(12, 6): -0.7740, -0.0000, 0.0000
(12, 7): -0.7740, -0.0000, 0.0000
(12, 8): -0.7740, -0.0000, 0.0000
(12, 9): -0.7740, -0.0000, 0.0000
(12, 10): -7.2334, 0.0244, 0.1767
(12, 11): -6.4647, 0.0733, 0.4740
(12, 12): -6.4292, 1.8127, 11.6540
(12, 13): -6.3622, 0.0006, 0.0040
(18, 7): -0.7740, -0.0000, 0.0000
(18, 8): -7.0401, 0.0144, 0.1011
(18, 9): -5.6519, 0.0739, 0.4178
(18, 10): -3.5466, 0.0000, 0.0000
(18, 11): -6.0578, 0.8345, 5.0554
(18, 12): -6.0943, 0.0017, 0.0101
(18, 13): -7.5398, 0.1290, 0.9728
(18, 14): -5.9067, 0.2001, 1.1822
(18, 15): -5.5358, 0.1319, 0.7301
(18, 16): -2.1816, 0.0000, 0.0000
(18, 17): -5.9819, 0.8243, 4.9309
(18, 18): -6.8036, 0.0706, 0.4801
(18, 19): -5.0428, 0.0071, 0.0358
(18, 20): -5.3584, 0.7143, 3.8280
(18, 21): -8.0776, 0.1022, 0.8256
(18, 22): -7.2959, 0.1224, 0.8929
(18, 23): -4.1702, 0.0000, 0.0000
(18, 24): -4.4253, 0.0000, 0.0000
(18, 25): -5.9872, 0.0689, 0.4123
(18, 26): -1.4275, 0.0000, 0.0000
(18, 27): -0.7740, -0.0000, 0.0000
(19, 1): -0.7740, -0.0000, 0.0000
(19, 2): -0.7740, -0.0000, 0.0000
(19, 3): -0.7740, -0.0000, 0.0000
(19, 4): -0.7740, -0.0000, 0.0000
(19, 5): -0.7740, -0.0000, 0.0000
(19, 6): -0.7740, -0.0000, 0.0000
(19, 7): -0.7740, -0.0000, 0.0000
(19, 8): -5.6438, 0.1888, 1.0654
(19, 9): -4.4516, 0.0059, 0.0265
(19, 10): -6.2612, 0.0327, 0.2050
(22, 23): -0.7740, -0.0000, 0.0000
(22, 24): -0.7740, -0.0000, 0.0000
(22, 25): -0.7740, -0.0000, 0.0000
(22, 26): -0.7740, -0.0000, 0.0000
(22, 27): -0.7740, -0.0000, 0.0000
(23, 1): -0.7740, -0.0000, 0.0000
(23, 2): -0.7740, -0.0000, 0.0000
(23, 3): -0.7740, -0.0000, 0.0000
(23, 4): -0.7740, -0.0000, 0.0000
(23, 5): -3.1368, 0.0000, 0.0000
(23, 6): -7.2996, 0.0043, 0.0315
(23, 7): -5.9344, 0.2900, 1.7212
(23, 8): -5.7653, 0.1438, 0.8293
(23, 9): -6.0476, 0.0094, 0.0568
(23, 10): -5.7205, 0.1151, 0.6584
(23, 11): -3.4207, 0.0000, 0.0000
(23, 12): -5.3609, 0.0133, 0.0712
(23, 13): -8.6497, 0.0805, 0.6965
(23, 14): -7.6694, 0.1306, 1.0016
(23, 15): -5.9954, 0.3493, 2.0944
(23, 16): -3.1515, 0.0000, 0.0000
(23, 17): -6.1642, 0.5055, 3.1159
(23, 18): -8.0192, 0.3585, 2.8750
(23, 19): -5.6140, 0.0974, 0.5468
(23, 20): -9.5871, 0.0706, 0.6765
(23, 21): -0.7740, -0.0000, 0.0000
(23, 22): -0.7740, -0.0000, 0.0000
(23, 23): -0.7740, -0.0000, 0.0000
(23, 24): -0.7740, -0.0000, 0.0000
(23, 25): -0.7740, -0.0000, 0.0000
(23, 26): -0.7740, -0.0000, 0.0000
(26, 8): -6.6958, 0.1746, 1.1691
(26, 9): -7.1636, 0.2088, 1.4957
(26, 10): -6.2839, 0.5522, 3.4703
(26, 11): -5.6929, 0.3778, 2.1508
(26, 12): -1.5193, 0.0000, 0.0000
(26, 13): -6.1111, 0.3850, 2.3526
(26, 14): -1.1415, 0.0456, 0.0874
(26, 15): -4.5925, 2.1696, 9.9673
(26, 16): -4.9244, 0.0206, 0.1013
(26, 17): -7.0242, 1.0528, 7.3950
(26, 18): -7.9144, 0.0339, 0.2684
(26, 19): -2.9635, 0.0000, 0.0000
(26, 20): -8.2989, 0.0276, 0.2288
(26, 21): -7.4186, 0.0011, 0.0078
(26, 22): -5.5004, 0.0014, 0.0079
(26, 23): -0.7740, -0.0000, 0.0000
(26, 24): -0.7740, -0.0000, 0.0000
(26, 25): -0.7740, -0.0000, 0.0000
(26, 26): -0.7740, -0.0000, 0.0000
(26, 27): -0.7740, -0.0000, 0.0000
(27, 1): -0.7740, -0.0000, 0.0000
(27, 2): -1.8068, 0.0000, 0.0000
(27, 3): -6.2812, 0.3426, 2.1522
(27, 4): -6.2463, 0.0259, 0.1618
(27, 5): -5.5932, 0.0286, 0.1598
(27, 6): -6.5577, 1.0083, 6.6122
(27, 7): -1.4917, 0.0000, 0.0000
(27, 8): -9.2972, 0.0327, 0.3042
(27, 9): -6.3539, 0.0578, 0.3674
(27, 10): -6.3470, 0.0719, 0.4566
(27, 11): -7.1346, 0.0564, 0.4027
(20, 15): -6.6516, 0.3563, 2.3697
(20, 16): -6.2451, 0.2126, 1.3280
(20, 17): -6.2303, 0.2757, 1.7175
(20, 18): -6.0486, 0.1114, 0.6739
(20, 19): -7.3575, 0.3556, 2.6162
(20, 20): -6.3812, 0.1387, 0.8851
(20, 21): -7.1733, 0.0149, 0.1066
(20, 22): -1.1380, 0.0547, 0.1049
(20, 23): -5.0734, 0.0096, 0.0487
(20, 24): -5.7289, 0.4194, 2.4028
(20, 25): -7.5093, 0.9741, 7.3146
(20, 26): -1.3373, 0.0000, 0.0000
(20, 27): -0.7740, -0.0000, 0.0000
(21, 1): -0.7740, -0.0000, 0.0000
(21, 2): -0.7740, -0.0000, 0.0000
(21, 3): -0.7740, -0.0000, 0.0000
(21, 4): -0.7740, -0.0000, 0.0000
(21, 5): -0.7740, -0.0000, 0.0000
(21, 6): -1.3450, 0.0003, 0.0006
(21, 7): -6.2644, 0.4136, 2.5907
(21, 8): -5.9659, 0.2465, 1.4704
(21, 9): -1.1266, 0.0857, 0.1631
(21, 10): -4.2574, 7.4799, 31.8659
(21, 11): -6.1756, 0.2985, 1.8436
(21, 12): -2.5976, 0.0000, 0.0000
(21, 13): -6.2538, 0.4700, 2.9392
(21, 14): -6.6110, 0.0107, 0.0710
(21, 15): -6.3069, 1.0650, 6.7166
(21, 16): -6.4486, 0.0448, 0.2886
(21, 17): -5.7922, 0.1516, 0.8784
(21, 18): -5.7979, 0.2553, 1.4802
(4, 13): -7.2042, 0.0174, 0.1256
(4, 14): -7.1417, 0.5553, 3.9659
(4, 15): -8.8283, 0.0072, 0.0635
(4, 16): -7.0446, 0.0120, 0.0843
(4, 17): -6.0667, 0.0380, 0.2307
(4, 18): -6.6150, 1.2710, 8.4075
(4, 19): -6.1306, 0.7112, 4.3604
(4, 20): -5.8807, 0.1722, 1.0124
(4, 21): -5.9672, 0.3202, 1.9106
(4, 22): -7.1330, 0.1155, 0.8240
(4, 23): -6.4103, 0.0708, 0.4540
(4, 24): -6.6350, 0.0245, 0.1623
(4, 25): -1.5202, 0.0000, 0.0000
(4, 26): -1.2206, 0.0000, 0.0000
(4, 27): -0.7740, -0.0000, 0.0000
(5, 1): -0.7740, -0.0000, 0.0000
(5, 2): -0.7740, -0.0000, 0.0000
(5, 3): -0.7740, -0.0000, 0.0000
(5, 4): -0.7740, -0.0000, 0.0000
(5, 5): -0.7740, -0.0000, 0.0000
(5, 6): -0.7740, -0.0000, 0.0000
(5, 7): -0.7740, -0.0000, 0.0000
(5, 8): -0.7740, -0.0000, 0.0000
(5, 9): -0.7740, -0.0000, 0.0000
(5, 10): -0.7740, -0.0000, 0.0000
(5, 11): -0.7740, -0.0000, 0.0000
(5, 12): -0.7740, -0.0000, 0.0000
(5, 13): -3.6597, 0.0000, 0.0000
(5, 14): -0.7740, -0.0000, 0.0000
(5, 15): -0.7740, -0.0000, 0.0000
(5, 16): -6.2390, 0.4524, 2.8228
(7, 25): -7.0636, 0.2336, 1.6498
(7, 26): -4.7029, 0.0035, 0.0164
(7, 27): -2.1083, 0.0000, 0.0000
(8, 1): -0.7740, -0.0000, 0.0000
(8, 2): -0.7740, -0.0000, 0.0000
(8, 3): -0.7740, -0.0000, 0.0000
(8, 4): -0.7740, -0.0000, 0.0000
(8, 5): -0.7740, -0.0000, 0.0000
(8, 6): -0.7740, -0.0000, 0.0000
(8, 7): -0.7740, -0.0000, 0.0000
(8, 8): -0.7740, -0.0000, 0.0000
(8, 9): -0.7740, -0.0000, 0.0000
(8, 10): -5.4127, 0.2020, 1.0933
(8, 11): -5.3582, 0.0741, 0.3969
(8, 12): -0.7740, -0.0000, 0.0000
(8, 13): -0.7740, -0.0000, 0.0000
(8, 14): -1.6893, 0.0000, 0.0000
(8, 15): -6.5590, 0.2976, 1.9520
(8, 16): -3.8688, 0.0000, 0.0000
(8, 17): -6.8417, 0.1056, 0.7225
(8, 18): -7.1181, 0.0523, 0.3723
(8, 19): -6.3849, 0.5526, 3.5283
(8, 20): -8.3046, 1.1062, 9.1865
(8, 21): -6.7837, 0.3304, 2.2414
(8, 22): -6.0976, 0.1791, 1.0919
(8, 23): -6.0897, 0.8503, 5.1781
(8, 24): -6.2834, 0.2334, 1.4665
(8, 25): -6.9278, 0.0135, 0.0938
(8, 26): -2.8601, 0.0000, 0.0000
(8, 27): -4.2087, 0.0000, 0.0000
(9, 1): -0.7740, -0.0000, 0.0000
(36, 17): -0.7740, -0.0000, 0.0000
(36, 18): -0.7740, -0.0000, 0.0000
(36, 19): -0.7740, -0.0000, 0.0000
(36, 20): -0.7740, -0.0000, 0.0000
(36, 21): -0.7740, -0.0000, 0.0000
(36, 22): -0.7740, -0.0000, 0.0000
(36, 23): -0.7740, -0.0000, 0.0000
(36, 24): -0.7740, -0.0000, 0.0000
(36, 25): -0.7740, -0.0000, 0.0000
(36, 26): -0.7740, -0.0000, 0.0000
(36, 27): -0.7740, -0.0000, 0.0000
(37, 1): -0.7740, -0.0000, 0.0000
(37, 2): -0.7740, -0.0000, 0.0000
(37, 3): -0.7740, -0.0000, 0.0000
(37, 4): -0.7740, -0.0000, 0.0000
(37, 5): -0.7740, -0.0000, 0.0000
(37, 6): -0.7740, -0.0000, 0.0000
(37, 7): -0.7740, -0.0000, 0.0000
(37, 8): -0.7740, -0.0000, 0.0000
(37, 9): -0.7740, -0.0000, 0.0000
(37, 10): -0.7740, -0.0000, 0.0000
(37, 11): -0.7740, -0.0000, 0.0000
(37, 12): -0.7740, -0.0000, 0.0000
(37, 13): -0.7740, -0.0000, 0.0000
(37, 14): -0.7740, -0.0000, 0.0000
(37, 15): -0.7740, -0.0000, 0.0000
(37, 16): -0.7740, -0.0000, 0.0000
(37, 17): -0.7740, -0.0000, 0.0000
(37, 18): -0.7740, -0.0000, 0.0000
(37, 19): -0.7740, -0.0000, 0.0000
(37, 20): -0.7740, -0.0000, 0.0000
(37, 21): -0.7740, -0.0000, 0.0000
(37, 22): -0.7740, -0.0000, 0.0000
(37, 23): -0.7740, -0.0000, 0.0000
(37, 24): -0.7740, -0.0000, 0.0000
(37, 25): -0.7740, -0.0000, 0.0000
(37, 26): -0.7740, -0.0000, 0.0000
(37, 27): -0.7740, -0.0000, 0.0000
(23, 27): -0.7740, -0.0000, 0.0000
(24, 1): -0.7740, -0.0000, 0.0000
(24, 2): -0.7740, -0.0000, 0.0000
(24, 3): -0.7740, -0.0000, 0.0000
(24, 4): -5.7732, 0.0082, 0.0475
(24, 5): -1.5314, 0.0000, 0.0000
(24, 6): -1.6166, 0.0000, 0.0000
(24, 7): -10.3003, 0.1751, 1.8040
(24, 8): -1.4281, 0.0000, 0.0000
(24, 9): -6.3336, 0.5136, 3.2528
(24, 10): -5.9666, 0.3636, 2.1696
(24, 11): -5.5666, 0.5224, 2.9083
(24, 12): -5.6667, 0.6780, 3.8419
(24, 13): -6.2236, 0.1022, 0.6363
(24, 14): -7.9369, 0.0091, 0.0719
(24, 15): -8.1501, 0.1711, 1.3943
(24, 16): -6.5387, 0.1657, 1.0834
(24, 17): -6.3431, 0.1912, 1.2127
(24, 18): -5.5574, 0.4356, 2.4210
(24, 19): -5.4805, 0.1891, 1.0365
(24, 20): -6.4777, 0.0290, 0.1878
(24, 21): -2.1004, 0.0000, 0.0000
(24, 22): -0.7740, -0.0000, 0.0000
(24, 23): -0.7740, -0.0000, 0.0000
(24, 24): -0.7740, -0.0000, 0.0000
(24, 25): -0.7740, -0.0000, 0.0000
(24, 26): -0.7740, -0.0000, 0.0000
(24, 27): -0.7740, -0.0000, 0.0000
(25, 1): -0.7740, -0.0000, 0.0000
(25, 2): -0.7740, -0.0000, 0.0000
(25, 3): -0.7740, -0.0000, 0.0000
(1, 1): -0.7740, -0.0000, 0.0000
(1, 2): -0.7740, -0.0000, 0.0000
(1, 3): -0.7740, -0.0000, 0.0000
(1, 4): -0.7740, -0.0000, 0.0000
(1, 5): -0.7740, -0.0000, 0.0000
(1, 6): -0.7740, -0.0000, 0.0000
(1, 7): -0.7740, -0.0000, 0.0000
(1, 8): -0.7740, -0.0000, 0.0000
(1, 9): -0.7740, -0.0000, 0.0000
(1, 10): -0.7740, -0.0000, 0.0000
(1, 11): -0.7740, -0.0000, 0.0000
(1, 12): -0.7740, -0.0000, 0.0000
(1, 13): -0.7740, -0.0000, 0.0000
(1, 14): -0.7740, -0.0000, 0.0000
(1, 15): -0.7740, -0.0000, 0.0000
(1, 16): -0.7740, -0.0000, 0.0000
(1, 17): -0.7740, -0.0000, 0.0000
(1, 18): -0.7740, -0.0000, 0.0000
(1, 19): -0.7740, -0.0000, 0.0000
(1, 20): -0.7740, -0.0000, 0.0000
(1, 21): -0.7740, -0.0000, 0.0000
(1, 22): -0.7740, -0.0000, 0.0000
(1, 23): -0.7740, -0.0000, 0.0000
(1, 24): -0.7740, -0.0000, 0.0000
(1, 25): -0.7740, -0.0000, 0.0000
(1, 26): -0.7740, -0.0000, 0.0000
(1, 27): -0.7740, -0.0000, 0.0000
(2, 1): -0.7740, -0.0000, 0.0000
(2, 2): -0.7740, -0.0000, 0.0000
(2, 3): -0.7740, -0.0000, 0.0000
(2, 4): -0.7740, -0.0000, 0.0000
(33, 5): -0.7740, -0.0000, 0.0000
(33, 6): -0.7740, -0.0000, 0.0000
(33, 7): -0.7740, -0.0000, 0.0000
(33, 8): -0.7740, -0.0000, 0.0000
(33, 9): -0.7740, -0.0000, 0.0000
(33, 10): -0.7740, -0.0000, 0.0000
(33, 11): -0.7740, -0.0000, 0.0000
(33, 12): -0.7740, -0.0000, 0.0000
(33, 13): -0.7740, -0.0000, 0.0000
(33, 14): -0.7740, -0.0000, 0.0000
(33, 15): -0.7740, -0.0000, 0.0000
(33, 16): -0.7740, -0.0000, 0.0000
(33, 17): -0.7740, -0.0000, 0.0000
(33, 18): -0.7740, -0.0000, 0.0000
(33, 19): -5.0893, 0.0183, 0.0934
(33, 20): -2.8317, 0.0000, 0.0000
(33, 21): -4.1547, 0.0000, 0.0000
(33, 22): -1.8784, 0.0000, 0.0000
(33, 23): -0.7740, -0.0000, 0.0000
(33, 24): -0.7740, -0.0000, 0.0000
(33, 25): -0.7740, -0.0000, 0.0000
(33, 26): -0.7740, -0.0000, 0.0000
(33, 27): -0.7740, -0.0000, 0.0000
(34, 1): -0.7740, -0.0000, 0.0000
(34, 2): -0.7740, -0.0000, 0.0000
(34, 3): -0.7740, -0.0000, 0.0000
(34, 4): -0.7740, -0.0000, 0.0000
(34, 5): -0.7740, -0.0000, 0.0000
(34, 6): -0.7740, -0.0000, 0.0000
(34, 7): -0.7740, -0.0000, 0.0000
(34, 8): -0.7740, -0.0000, 0.0000
(34, 9): -0.7740, -0.0000, 0.0000
(34, 10): -0.7740, -0.0000, 0.0000
(34, 11): -0.7740, -0.0000, 0.0000
(34, 12): -0.7740, -0.0000, 0.0000
(34, 13): -0.7740, -0.0000, 0.0000
(34, 14): -0.7740, -0.0000, 0.0000
(34, 15): -0.7740, -0.0000, 0.0000
(34, 16): -0.7740, -0.0000, 0.0000
(34, 17): -0.7740, -0.0000, 0.0000
(34, 18): -0.7740, -0.0000, 0.0000
(34, 19): -1.4859, 0.0000, 0.0000
(34, 20): -6.0003, 0.1681, 1.0087
(34, 21): -5.7741, 0.2175, 1.2561
(34, 22): -1.2871, 0.0000, 0.0000
(34, 23): -0.7740, -0.0000, 0.0000
(34, 24): -0.7740, -0.0000, 0.0000
(34, 25): -0.7740, -0.0000, 0.0000
(34, 26): -0.7740, -0.0000, 0.0000
(34, 27): -0.7740, -0.0000, 0.0000
(35, 1): -0.7740, -0.0000, 0.0000
(35, 2): -0.7740, -0.0000, 0.0000
(35, 3): -0.7740, -0.0000, 0.0000
(35, 4): -0.7740, -0.0000, 0.0000
(35, 5): -0.7740, -0.0000, 0.0000
(35, 6): -0.7740, -0.0000, 0.0000
(35, 7): -0.7740, -0.0000, 0.0000
(35, 8): -0.7740, -0.0000, 0.0000
(35, 9): -0.7740, -0.0000, 0.0000
(35, 10): -0.7740, -0.0000, 0.0000
(35, 11): -0.7740, -0.0000, 0.0000
(35, 12): -0.7740, -0.0000, 0.0000
(13, 18): -6.2241, 0.2757, 1.7159
(13, 19): -6.1718, 0.3489, 2.1532
(13, 20): -5.6605, 0.0026, 0.0144
(13, 21): -3.0573, 0.0000, 0.0000
(13, 22): -2.1587, 0.0000, 0.0000
(13, 23): -5.5572, 0.2179, 1.2110
(13, 24): -2.7064, 0.0000, 0.0000
(13, 25): -6.0236, 0.0100, 0.0600
(13, 26): -0.7740, -0.0000, 0.0000
(13, 27): -0.7740, -0.0000, 0.0000
(14, 1): -0.7740, -0.0000, 0.0000
(14, 2): -0.7740, -0.0000, 0.0000
(14, 3): -0.7740, -0.0000, 0.0000
(14, 4): -0.7740, -0.0000, 0.0000
(14, 5): -0.7740, -0.0000, 0.0000
(14, 6): -0.7740, -0.0000, 0.0000
(14, 7): -0.7740, -0.0000, 0.0000
(14, 8): -0.7740, -0.0000, 0.0000
(14, 9): -0.7740, -0.0000, 0.0000
(14, 10): -8.4010, 0.2524, 2.1201
(14, 11): -6.2350, 0.0132, 0.0824
(14, 12): -9.2634, 0.0306, 0.2831
(14, 13): -1.3345, 0.0000, 0.0000
(14, 14): -0.7740, -0.0000, 0.0000
(14, 15): -1.3587, 0.0000, 0.0000
(14, 16): -5.3520, 0.1000, 0.5350
(14, 17): -3.9332, 0.0000, 0.0000
(14, 18): -5.5417, 0.0748, 0.4146
(14, 19): -6.2341, 0.4074, 2.5398
(14, 20): -9.2393, 0.0767, 0.7088
(14, 21): -6.1580, 0.0429, 0.2640
(14, 22): -7.2623, 0.0566, 0.4110
(14, 23): -5.9176, 0.1402, 0.8294
(14, 24): -2.0827, 0.0000, 0.0000
(14, 25): -5.7615, 0.2799, 1.6124
(14, 26): -5.1780, 0.1219, 0.6311
(14, 27): -1.1852, 0.0000, 0.0000
(15, 1): -0.7740, -0.0000, 0.0000
(15, 2): -0.7740, -0.0000, 0.0000
(15, 3): -0.7740, -0.0000, 0.0000
(15, 4): -0.7740, -0.0000, 0.0000
(15, 5): -0.7740, -0.0000, 0.0000
(15, 6): -0.7740, -0.0000, 0.0000
(15, 7): -0.7740, -0.0000, 0.0000
(15, 8): -0.7740, -0.0000, 0.0000
(15, 9): -6.1076, 0.0022, 0.0134
(15, 10): -5.8522, 0.0003, 0.0020
(15, 11): -5.9811, 0.5391, 3.2247
(15, 12): -6.8084, 0.0039, 0.0267
(15, 13): -1.6832, 0.0000, 0.0000
(15, 14): -2.5590, 0.0000, 0.0000
(15, 15): -7.6245, 0.0080, 0.0610
(15, 16): -5.7250, 0.2940, 1.6832
(15, 17): -7.4507, 0.2731, 2.0347
(15, 18): -5.5868, 0.1560, 0.8717
(15, 19): -6.9533, 0.0493, 0.3425
(15, 20): -5.8063, 0.1084, 0.6293
(15, 21): -6.0416, 0.5763, 3.4820
(15, 22): -5.7970, 0.2270, 1.3158
(15, 23): -6.7374, 0.0311, 0.2097
(15, 24): -3.7905, 0.0000, 0.0000
(15, 25): -2.4571, 0.0000, 0.0000
(35, 13): -0.7740, -0.0000, 0.0000
(35, 14): -0.7740, -0.0000, 0.0000
(35, 15): -0.7740, -0.0000, 0.0000
(35, 16): -0.7740, -0.0000, 0.0000
(35, 17): -0.7740, -0.0000, 0.0000
(35, 18): -0.7740, -0.0000, 0.0000
(35, 19): -0.7740, -0.0000, 0.0000
(35, 20): -0.7740, -0.0000, 0.0000
(35, 21): -0.7740, -0.0000, 0.0000
(35, 22): -0.7740, -0.0000, 0.0000
(35, 23): -0.7740, -0.0000, 0.0000
(35, 24): -0.7740, -0.0000, 0.0000
(35, 25): -0.7740, -0.0000, 0.0000
(35, 26): -0.7740, -0.0000, 0.0000
(35, 27): -0.7740, -0.0000, 0.0000
(36, 1): -0.7740, -0.0000, 0.0000
(36, 2): -0.7740, -0.0000, 0.0000
(36, 3): -0.7740, -0.0000, 0.0000
(36, 4): -0.7740, -0.0000, 0.0000
(36, 5): -0.7740, -0.0000, 0.0000
(36, 6): -0.7740, -0.0000, 0.0000
(36, 7): -0.7740, -0.0000, 0.0000
(36, 8): -0.7740, -0.0000, 0.0000
(36, 9): -0.7740, -0.0000, 0.0000
(36, 10): -0.7740, -0.0000, 0.0000
(36, 11): -0.7740, -0.0000, 0.0000
(36, 12): -0.7740, -0.0000, 0.0000
(36, 13): -0.7740, -0.0000, 0.0000
(36, 14): -0.7740, -0.0000, 0.0000
(36, 15): -0.7740, -0.0000, 0.0000
(36, 16): -0.7740, -0.0000, 0.0000
(9, 2): -0.7740, -0.0000, 0.0000
(9, 3): -0.7740, -0.0000, 0.0000
(9, 4): -0.7740, -0.0000, 0.0000
(9, 5): -0.7740, -0.0000, 0.0000
(9, 6): -0.7740, -0.0000, 0.0000
(9, 7): -0.7740, -0.0000, 0.0000
(9, 8): -0.7740, -0.0000, 0.0000
(9, 9): -0.7740, -0.0000, 0.0000
(9, 10): -5.4587, 0.1406, 0.7678
(9, 11): -2.5149, 0.0000, 0.0000
(9, 12): -0.7740, -0.0000, 0.0000
(9, 13): -0.7740, -0.0000, 0.0000
(9, 14): -0.7740, -0.0000, 0.0000
(9, 15): -5.8847, 0.1357, 0.7983
(9, 16): -1.1091, 0.1350, 0.2521
(9, 17): -6.0909, 0.3471, 2.1141
(9, 18): -8.2272, 0.1355, 1.1149
(9, 19): -6.7550, 0.4775, 3.2253
(9, 20): -1.1204, 0.1013, 0.1925
(9, 21): -7.5031, 0.1275, 0.9567
(9, 22): -5.9502, 0.0261, 0.1554
(9, 23): -6.7781, 0.4871, 3.3015
(9, 24): -8.8559, 0.0497, 0.4397
(9, 25): -5.7363, 0.0155, 0.0890
(9, 26): -7.0042, 0.0091, 0.0639
(9, 27): -1.3379, 0.0000, 0.0000
(10, 1): -0.7740, -0.0000, 0.0000
(10, 2): -0.7740, -0.0000, 0.0000
(10, 3): -0.7740, -0.0000, 0.0000
(10, 4): -0.7740, -0.0000, 0.0000
(10, 5): -0.7740, -0.0000, 0.0000
(15, 26): -5.9115, 0.0021, 0.0126
(15, 27): -5.4727, 0.2057, 1.1257
(16, 1): -0.7740, -0.0000, 0.0000
(16, 2): -0.7740, -0.0000, 0.0000
(16, 3): -0.7740, -0.0000, 0.0000
(16, 4): -0.7740, -0.0000, 0.0000
(16, 5): -0.7740, -0.0000, 0.0000
(16, 6): -0.7740, -0.0000, 0.0000
(16, 7): -0.7740, -0.0000, 0.0000
(16, 8): -0.7740, -0.0000, 0.0000
(16, 9): -2.0277, 0.0000, 0.0000
(16, 10): -9.1706, 0.2980, 2.7331
(16, 11): -9.0814, 0.5884, 5.3439
(16, 12): -5.4088, 0.5114, 2.7661
(16, 13): -1.4646, 0.0000, 0.0000
(16, 14): -8.1792, 0.0311, 0.2543
(16, 15): -6.1061, 0.1890, 1.1539
(16, 16): -5.7181, 0.0334, 0.1911
(16, 17): -8.3187, 0.1764, 1.4675
(16, 18): -7.5503, 0.1002, 0.7567
(16, 19): -1.6097, 0.0000, 0.0000
(16, 20): -8.7204, 0.0400, 0.3486
(16, 21): -8.8451, 0.0143, 0.1269
(16, 22): -2.6720, 0.0000, 0.0000
(16, 23): -5.7035, 0.0207, 0.1181
(16, 24): -7.0453, 0.0331, 0.2330
(16, 25): -6.0725, 0.2167, 1.3161
(16, 26): -8.4022, 0.0282, 0.2372
(16, 27): -5.2888, 0.1174, 0.6208
(17, 1): -0.7740, -0.0000, 0.0000
(17, 2): -0.7740, -0.0000, 0.0000
(32, 1): -0.7740, -0.0000, 0.0000
(32, 2): -0.7740, -0.0000, 0.0000
(32, 3): -0.7740, -0.0000, 0.0000
(32, 4): -0.7740, -0.0000, 0.0000
(32, 5): -0.7740, -0.0000, 0.0000
(32, 6): -0.7740, -0.0000, 0.0000
(32, 7): -0.7740, -0.0000, 0.0000
(32, 8): -0.7740, -0.0000, 0.0000
(32, 9): -0.7740, -0.0000, 0.0000
(32, 10): -0.7740, -0.0000, 0.0000
(32, 11): -0.7740, -0.0000, 0.0000
(32, 12): -0.7740, -0.0000, 0.0000
(32, 13): -0.7740, -0.0000, 0.0000
(32, 14): -0.7740, -0.0000, 0.0000
(32, 15): -0.7740, -0.0000, 0.0000
(32, 16): -0.7740, -0.0000, 0.0000
(32, 17): -0.7740, -0.0000, 0.0000
(32, 18): -0.7740, -0.0000, 0.0000
(32, 19): -1.9493, 0.0000, 0.0000
(32, 20): -6.9469, 0.0442, 0.3068
(32, 21): -6.4579, 0.3453, 2.2302
(32, 22): -5.8157, 0.0480, 0.2794
(32, 23): -0.7740, -0.0000, 0.0000
(32, 24): -0.7740, -0.0000, 0.0000
(32, 25): -0.7740, -0.0000, 0.0000
(32, 26): -0.7740, -0.0000, 0.0000
(32, 27): -0.7740, -0.0000, 0.0000
(33, 1): -0.7740, -0.0000, 0.0000
(33, 2): -0.7740, -0.0000, 0.0000
(33, 3): -0.7740, -0.0000, 0.0000
(33, 4): -0.7740, -0.0000, 0.0000
