(10, 10): 0.1472, 4.4800, 30.4722
(10, 11): 0.0212, 4.4600, 13.4751
(10, 12): 0.1470, 4.4800, 30.4813
(10, 14): 0.0228, 4.4600, 4.7991
(10, 15): 0.2195, 4.4200, 44.7208
(10, 16): 0.1947, 4.4500, 49.5139
(10, 17): 0.1977, 4.4300, 51.2554
(10, 18): 0.2050, 4.5300, 51.7217
(10, 19): 0.1791, 4.5900, 55.4383
(10, 20): 0.1530, 4.4400, 57.6586
(10, 21): 0.1580, 4.6400, 59.7276
(10, 22): 0.1392, 4.4100, 65.2213
(10, 23): 0.1762, 4.4100, 60.4891
(10, 24): 0.1821, 4.4199, 61.0696
(10, 25): 0.1916, 4.4100, 56.8760
(10, 26): 0.1591, 4.4100, 53.1794
(11, 10): 0.1263, 4.4400, 43.6087
(11, 11): 0.1908, 4.4700, 52.5766
(11, 12): 0.2181, 4.4300, 50.5004
(11, 13): 0.0809, 4.5500, 16.4819
(11, 16): 0.0862, 4.4100, 7.8254
(11, 17): 0.1870, 4.4500, 51.3493
(11, 18): 0.2195, 4.4200, 49.4863
(11, 19): 0.1943, 4.6100, 52.0553
(11, 20): 0.1425, 4.4200, 56.3466
(11, 21): 0.1631, 4.4100, 56.9069
(11, 22): 0.1485, 4.4100, 62.0095
(11, 23): 0.1637, 4.6500, 60.1549
(11, 24): 0.1771, 4.4200, 58.1609
(11, 25): 0.1555, 4.4300, 55.9309
(11, 26): 0.1310, 4.5000, 51.4976
(12, 10): 0.1188, 4.5500, 55.4705
(12, 11): 0.1934, 4.4500, 52.9554
(12, 12): 0.1693, 4.4800, 55.8421
(12, 13): 0.1455, 4.4600, 44.1718
(12, 14): 0.1043, 4.4800, 27.4927
(12, 16): 0.0962, 4.4200, 15.1815
(12, 17): 0.1699, 4.5000, 52.5449
(12, 18): 0.1641, 4.4200, 54.5806
(12, 19): 0.1421, 4.5200, 56.2307
(12, 20): 0.0980, 4.4600, 60.3630
(12, 21): 0.1251, 4.6600, 59.6617
(12, 22): 0.1223, 4.5500, 63.4059
(12, 23): 0.1491, 4.4200, 57.0789
(12, 24): 0.1415, 4.4100, 46.8732
(12, 25): 0.1089, 4.4200, 14.6705
(12, 26): 0.0653, 4.4800, 14.2798
(13, 10): 0.1532, 4.4100, 56.7513
(13, 11): 0.1572, 4.5100, 58.0132
(13, 12): 0.1598, 4.4200, 54.6710
(13, 13): 0.1148, 4.4500, 47.0892
(13, 14): -0.0119, 4.5400, 9.8931
(13, 16): 0.0358, 4.4100, 8.3885
(13, 17): 0.0909, 4.4400, 44.6574
(13, 18): 0.1037, 4.5400, 52.2503
(13, 19): 0.1265, 4.5400, 57.7259
(13, 20): 0.1285, 4.4500, 58.2150
(13, 21): 0.1206, 4.4700, 59.1811
(13, 22): 0.1121, 4.4100, 60.5834
(13, 23): 0.1146, 4.4200, 57.2629
(13, 24): 0.0750, 4.4300, 48.9250
(13, 25): 0.0563, 4.4100, 3.9723
(14, 10): 0.1667, 4.4600, 57.5478
(14, 11): 0.1731, 4.4200, 58.2612
(14, 12): 0.1571, 4.4100, 56.2528
(14, 13): -0.0120, 4.4400, 5.2436
(14, 15): 0.0448, 4.4400, 4.3040
(14, 16): 0.1612, 4.4200, 43.1087
(14, 17): 0.1378, 4.4300, 55.8655
(14, 18): 0.1029, 4.4200, 60.6083
(14, 19): 0.0950, 4.4300, 61.9366
(14, 20): 0.1179, 4.4500, 59.5446
(14, 21): 0.1372, 4.4300, 55.8441
(14, 22): 0.0971, 4.4300, 59.1365
(14, 23): 0.0806, 4.4700, 58.7390
(14, 24): 0.0668, 4.4100, 53.5560
(14, 25): 0.0448, 4.4600, 29.8457
(14, 26): 0.0404, 4.4200, 32.8876
(14, 27): 0.0917, 4.4300, 3.2262
(15, 9): 0.0385, 4.4200, 13.4564
(15, 10): 0.1629, 4.4200, 57.6356
(15, 11): 0.1678, 4.4200, 58.0350
(15, 12): 0.1617, 4.4600, 59.4866
(15, 13): 0.0548, 4.4100, 22.6717
(15, 14): -0.0160, 4.5200, 5.0814
(15, 15): 0.1430, 4.5100, 46.5510
(15, 16): 0.1380, 4.4500, 57.0478
(15, 17): 0.1230, 4.6400, 55.2116
(15, 18): 0.0831, 4.4100, 56.2629
(15, 19): 0.0850, 4.4600, 65.9035
(15, 20): 0.0666, 4.4600, 64.5075
(15, 21): 0.0715, 4.4300, 59.5525
(15, 22): 0.0625, 4.4200, 60.4773
(15, 23): 0.0548, 4.4100, 60.8133
(15, 24): 0.0502, 4.4900, 60.5076
(15, 25): 0.0556, 4.5500, 61.0558
(15, 26): 0.0526, 4.4200, 58.6449
(15, 27): 0.0133, 4.4100, 36.0661
(16, 9): 0.0914, 4.4300, 19.7088
(16, 10): 0.1158, 4.4500, 61.8974
(16, 11): 0.1454, 4.5200, 61.1371
(16, 12): 0.1659, 4.4300, 56.0786
(16, 13): 0.0546, 4.4100, 22.4953
(16, 14): 0.1340, 4.4700, 56.9836
(16, 15): 0.1440, 4.4200, 59.2755
(16, 16): 0.1509, 4.4200, 50.5046
(16, 17): 0.1158, 4.4300, 50.3172
(16, 18): 0.0862, 4.4300, 66.5462
(16, 19): 0.0922, 4.4300, 65.9430
(16, 20): 0.0817, 4.4500, 61.7380
(16, 21): 0.0784, 4.5100, 58.7333
(16, 22): 0.0535, 4.4200, 61.7080
(16, 23): 0.0513, 4.4300, 62.8537
(16, 24): 0.0956, 4.4800, 58.3167
(16, 25): 0.0797, 4.4400, 60.1686
(16, 26): 0.0887, 4.4100, 57.3334
(16, 27): 0.0579, 4.4600, 30.9002
(17, 9): 0.0992, 4.7800, 41.9108
(17, 10): 0.1335, 4.4200, 59.3751
(17, 11): 0.1453, 4.4100, 60.5047
(17, 12): 0.1578, 4.4200, 60.0086
(17, 13): 0.1339, 4.4300, 49.2028
(17, 14): 0.0983, 4.6000, 48.5795
(17, 15): 0.1440, 4.4100, 53.4875
(17, 16): 0.1481, 4.4300, 52.1352
(17, 17): 0.1210, 4.4100, 63.8886
(17, 18): 0.1118, 4.6900, 66.2659
(17, 19): 0.1081, 4.4500, 66.6814
(17, 20): 0.1109, 4.4700, 62.0825
(17, 21): 0.0688, 4.4400, 62.7788
(17, 22): 0.0762, 4.4998, 59.9134
(17, 23): 0.0866, 4.5500, 57.3976
(17, 24): 0.0848, 4.4100, 57.0513
(17, 25): 0.1094, 4.5100, 57.1125
(17, 26): 0.0865, 4.4900, 49.1632
(18, 8): -0.0253, 4.4200, 5.1832
(18, 9): 0.1390, 4.4300, 55.7119
(18, 10): 0.1363, 4.4500, 59.4621
(18, 11): 0.1586, 4.4400, 57.5714
(18, 12): 0.1269, 4.4500, 59.0606
(18, 13): 0.1333, 4.4500, 58.2958
(18, 14): 0.1568, 4.5300, 58.7891
(18, 15): 0.1543, 4.6600, 60.1048
(18, 16): 0.1038, 4.4400, 62.2936
(18, 17): 0.0829, 4.5600, 64.1944
(18, 18): 0.0755, 4.4300, 67.7048
(18, 19): 0.0699, 4.4100, 71.0056
(18, 20): 0.0546, 4.4700, 68.9402
(18, 21): 0.0413, 4.5500, 65.0026
(18, 22): 0.0622, 4.4400, 59.7817
(18, 23): 0.0540, 4.6100, 60.7129
(18, 24): 0.0554, 4.4500, 59.6880
(18, 25): 0.0552, 4.4900, 51.4720
(18, 26): 0.0441, 4.5000, 12.8864
(19, 8): 0.0990, 4.4400, 33.1199
(19, 9): 0.1610, 4.5300, 59.9520
(19, 10): 0.1671, 4.4300, 57.6400
(19, 11): 0.1539, 4.4200, 55.1270
(19, 12): 0.1404, 4.4100, 55.5412
(2, 20): 0.0953, 4.4100, 7.4665
(2, 21): 0.0918, 4.5300, 8.0744
(3, 16): 0.0822, 4.4100, 15.8844
(3, 17): 0.0577, 4.4300, 16.1383
(3, 18): 0.1124, 4.4100, 7.1796
(3, 19): 0.1286, 4.4200, 13.7573
(3, 20): 0.0900, 4.4500, 7.5866
(3, 21): 0.1344, 4.4400, 10.9239
(3, 22): 0.1134, 4.4100, 32.3535
(3, 23): 0.1471, 4.5200, 47.7496
(3, 24): 0.1644, 4.4200, 37.9765
(4, 13): 0.0655, 4.4100, 12.8062
(4, 14): 0.1236, 4.4600, 27.0535
(4, 15): 0.0774, 4.4400, 12.3903
(4, 16): 0.0692, 4.4500, 12.4681
(4, 17): 0.0391, 4.4800, 13.0984
(4, 18): 0.1144, 4.4200, 36.3348
(4, 19): 0.1604, 4.5000, 43.5553
(4, 20): 0.2078, 4.4300, 48.8001
(4, 21): 0.1921, 4.4300, 51.0190
(4, 22): 0.1553, 4.4600, 53.6102
(4, 23): 0.1455, 4.6000, 52.5302
(4, 24): 0.1429, 4.4700, 50.1279
(4, 25): 0.1113, 4.4100, 33.9315
(4, 26): 0.0476, 4.5000, 7.7565
(5, 13): 0.0761, 4.4100, 16.5212
(5, 16): 0.1197, 4.4400, 30.6978
(5, 17): 0.1985, 4.5100, 52.9018
(5, 18): 0.1883, 4.4400, 53.3442
(5, 19): 0.2224, 4.4600, 53.6820
(5, 20): 0.2126, 4.4100, 53.4871
(5, 21): 0.1709, 4.4400, 54.5791
(5, 22): 0.1352, 4.4400, 57.4844
(5, 23): 0.1389, 4.5500, 55.1605
(5, 24): 0.1250, 4.4300, 52.9041
(5, 25): 0.1351, 4.4500, 54.4392
(5, 26): 0.1134, 4.4100, 51.8637
(5, 27): 0.0521, 4.4800, 14.5771
(6, 11): 0.1472, 4.4100, 18.0337
(6, 12): 0.0412, 4.4100, 8.9083
(6, 15): 0.1725, 4.5800, 33.5772
(6, 16): 0.2634, 4.4100, 48.1958
(6, 17): 0.2335, 4.4200, 50.9108
(6, 18): 0.2078, 4.4800, 54.1448
(6, 19): 0.2177, 4.4200, 54.1912
(6, 20): 0.2193, 4.4200, 54.2271
(6, 21): 0.1903, 4.4800, 56.6803
(6, 22): 0.1576, 4.4800, 58.9389
(6, 23): 0.1241, 4.6100, 59.6690
(6, 24): 0.1233, 4.4200, 55.7024
(6, 25): 0.1383, 4.4200, 55.8533
(6, 26): 0.1395, 4.4200, 54.6954
(6, 27): 0.1032, 4.4200, 17.3313
(7, 10): 0.0669, 4.4100, 4.5070
(7, 11): 0.1318, 4.4600, 18.4743
(7, 15): 0.2372, 4.4500, 48.3575
(7, 16): 0.2532, 4.4100, 49.3521
(7, 17): 0.2545, 4.4100, 49.2269
(7, 18): 0.2233, 4.4900, 52.8954
(7, 19): 0.2253, 4.5000, 53.3691
(7, 20): 0.2237, 4.4500, 53.9241
(7, 21): 0.2111, 4.4200, 57.1434
(7, 22): 0.1747, 4.4800, 61.2124
(7, 23): 0.1641, 4.4300, 59.9843
(7, 24): 0.1594, 4.5800, 56.8987
(7, 25): 0.1449, 4.4500, 55.6073
(7, 26): 0.1425, 4.4400, 55.0789
(7, 27): 0.1512, 4.4300, 31.7492
(8, 10): 0.1691, 4.4100, 27.8981
(8, 11): 0.1280, 4.5300, 26.8477
(8, 14): 0.0568, 4.4200, 16.3031
(8, 15): 0.2060, 4.4600, 51.8672
(8, 16): 0.2262, 4.5500, 52.1508
(8, 17): 0.2469, 4.5400, 49.8400
(8, 18): 0.2464, 4.4900, 51.6266
(8, 19): 0.2171, 4.4100, 54.8113
(8, 20): 0.1633, 4.5000, 61.0836
(8, 21): 0.2144, 4.4200, 57.3120
(8, 22): 0.1930, 4.4100, 58.9551
(8, 23): 0.1730, 4.4100, 61.0384
(8, 24): 0.1578, 4.5000, 60.9874
(8, 25): 0.1812, 4.4100, 56.1381
(8, 26): 0.1936, 4.4300, 53.3317
(8, 27): 0.1455, 4.4300, 29.6125
(9, 10): 0.1178, 4.4198, 30.3678
(9, 11): 0.0139, 4.4600, 4.8274
(9, 15): 0.2257, 4.4100, 44.5259
(9, 16): 0.2238, 4.6100, 50.9285
(9, 17): 0.2304, 4.5600, 50.2695
(9, 18): 0.2048, 4.5300, 55.2027
(9, 19): 0.1929, 4.4100, 56.1924
(9, 20): 0.1679, 4.4800, 58.6630
(9, 21): 0.1813, 4.4100, 58.7472
(9, 22): 0.1486, 4.4100, 63.0697
(9, 23): 0.1375, 4.5800, 65.5052
(9, 24): 0.1759, 4.5100, 60.7316
(9, 25): 0.1871, 4.6300, 58.2245
(9, 26): 0.2076, 4.5500, 53.6777
(9, 27): 0.1160, 4.4200, 11.1867
(19, 13): 0.1395, 4.4400, 57.0332
(19, 14): 0.1497, 4.4200, 57.6239
(19, 15): 0.1425, 4.4400, 60.3094
(19, 16): 0.1194, 4.4100, 62.3351
(19, 17): 0.1075, 4.4200, 60.6346
(19, 18): 0.0588, 4.4600, 67.6429
(19, 19): 0.0403, 4.4600, 71.8417
(19, 20): 0.0593, 4.4700, 68.8037
(19, 21): 0.0642, 4.5300, 64.0615
(19, 22): 0.0498, 4.4300, 63.4042
(19, 23): 0.0384, 4.4500, 66.0062
(19, 24): 0.0715, 4.4400, 61.5425
(19, 25): 0.0615, 4.4500, 38.7338
(19, 26): 0.1174, 4.4100, 3.8345
(20, 7): 0.0733, 4.4100, 13.0286
(20, 8): 0.1511, 4.5600, 60.7185
(20, 9): 0.1317, 4.4900, 61.7600
(20, 10): 0.1148, 4.4600, 62.2136
(20, 11): 0.1351, 4.4800, 57.5808
(20, 12): 0.1672, 4.4177, 54.0462
(20, 13): 0.1675, 4.4100, 53.6776
(20, 14): 0.1447, 4.4800, 55.1692
(20, 15): 0.1353, 4.4200, 59.0507
(20, 16): 0.1447, 4.4700, 58.5122
(20, 17): 0.1303, 4.4100, 58.4712
(20, 18): 0.0807, 4.4200, 66.6570
(20, 19): 0.0444, 4.4700, 72.0110
(20, 20): 0.0477, 4.4200, 69.8507
(20, 21): 0.0837, 4.4200, 62.7828
(20, 22): 0.0756, 4.6200, 63.5275
(20, 23): 0.0676, 4.4400, 64.5078
(20, 24): 0.1137, 4.7300, 59.0172
(20, 25): 0.0907, 4.4800, 57.3589
(20, 26): 0.0673, 4.4200, 12.1419
(21, 6): 0.0538, 4.4100, 13.5621
(21, 7): 0.1646, 4.4900, 50.3365
(21, 8): 0.1665, 4.5800, 58.0017
(21, 9): 0.1230, 4.5600, 62.7525
(21, 10): 0.1415, 4.4700, 60.8828
(21, 11): 0.1484, 4.4300, 58.4807
(21, 12): 0.1892, 4.4100, 52.4527
(21, 13): 0.1671, 4.4400, 53.8147
(21, 14): 0.1380, 4.4400, 57.1717
(21, 15): 0.1680, 4.4600, 53.2442
(21, 16): 0.1775, 4.4100, 51.9478
(21, 17): 0.1272, 4.4200, 57.0914
(21, 18): 0.1113, 4.4300, 60.8129
(21, 19): 0.0704, 4.4500, 65.0420
(21, 20): 0.0810, 4.5200, 63.1602
(21, 21): 0.0535, 4.4100, 53.9965
(21, 22): 0.0911, 4.4700, 51.5873
(21, 23): 0.1100, 4.4300, 47.8981
(21, 24): 0.0155, 4.4100, 26.8218
(22, 6): 0.1094, 4.4800, 39.4799
(22, 7): 0.1325, 4.4200, 59.1061
(22, 8): 0.1388, 4.4800, 58.2931
(22, 9): 0.1286, 4.4700, 61.5082
(22, 10): 0.1287, 4.5400, 63.2615
(22, 11): 0.1577, 4.4400, 59.4997
(22, 12): 0.1823, 4.4100, 53.7169
(22, 13): 0.1486, 4.4700, 55.5049
(22, 14): 0.1265, 4.4200, 57.4823
(22, 15): 0.1287, 4.4400, 55.9188
(22, 16): 0.1713, 4.4100, 51.8873
(22, 17): 0.1458, 4.4800, 55.8136
(22, 18): 0.1872, 4.4100, 53.4953
(22, 19): 0.1400, 4.4100, 58.0138
(22, 20): 0.0949, 4.4400, 47.1899
(22, 21): 0.0403, 4.4200, 8.7005
(23, 5): 0.0354, 4.4100, 17.1839
(23, 6): 0.0742, 4.4800, 35.7968
(23, 7): 0.0933, 4.4800, 45.0327
(23, 8): 0.1197, 4.4300, 57.0791
(23, 9): 0.1257, 4.4100, 60.1275
(23, 10): 0.1481, 4.4100, 58.8326
(23, 11): 0.1848, 4.4200, 55.2922
(23, 12): 0.1704, 4.4700, 56.9200
(23, 13): 0.1527, 4.7500, 56.6053
(23, 14): 0.1374, 4.4800, 55.9675
(23, 15): 0.0972, 4.5800, 58.8381
(23, 16): 0.1124, 4.4300, 59.2359
(23, 17): 0.1687, 4.4700, 54.8740
(23, 18): 0.1784, 4.4700, 54.0431
(23, 19): 0.1682, 4.4600, 55.6764
(23, 20): 0.1126, 4.4100, 50.5160
(24, 4): 0.0255, 4.4300, 12.7130
(24, 5): 0.0727, 4.4500, 23.1884
(24, 6): 0.0890, 4.5200, 22.5212
(24, 7): 0.1225, 4.4800, 49.2810
(24, 8): 0.1070, 4.4400, 38.2888
(24, 9): 0.0924, 4.4981, 50.2778
(24, 10): 0.1272, 4.5400, 46.1852
(24, 11): 0.1380, 4.4200, 55.9512
(24, 12): 0.1344, 4.4600, 58.3124
(24, 13): 0.1318, 4.4100, 56.6500
(24, 14): 0.1037, 4.4500, 58.3660
(24, 15): 0.1154, 4.4200, 58.0975
(24, 16): 0.1023, 4.5700, 61.1863
(24, 17): 0.1529, 4.4200, 56.3663
(24, 18): 0.1295, 4.5200, 58.9934
(24, 19): 0.1212, 4.5100, 60.5481
(24, 20): 0.1298, 4.5000, 58.7560
(24, 21): 0.0963, 4.4200, 35.6866
(25, 4): 0.0289, 4.5300, 36.4211
(25, 5): 0.1184, 4.4300, 37.9421
(25, 6): 0.1322, 4.4700, 47.3655
(25, 7): 0.0562, 4.4200, 29.1544
(25, 8): 0.1600, 4.5900, 46.4781
(25, 9): 0.1227, 4.4900, 55.5391
(25, 10): 0.1111, 4.4900, 58.7011
(25, 11): 0.1448, 4.4100, 56.4795
(25, 12): 0.1298, 4.4400, 58.3116
(25, 13): 0.1383, 4.4200, 55.5409
(25, 14): 0.1334, 4.4300, 57.8116
(25, 15): 0.1263, 4.4200, 59.1881
(25, 16): 0.1254, 4.4900, 59.1235
(25, 17): 0.1349, 4.5300, 58.3591
(25, 18): 0.1185, 4.5000, 59.9210
(25, 19): 0.1407, 4.4400, 57.5257
(25, 20): 0.1117, 4.4100, 59.8173
(25, 21): 0.1357, 4.4200, 56.4478
(25, 22): 0.0629, 4.4100, 24.4700
(26, 2): -0.1356, 4.4600, 5.0259
(26, 3): -0.0203, 4.4900, 26.1911
(26, 4): 0.0181, 4.4900, 36.4373
(26, 5): 0.0564, 4.4500, 33.2159
(26, 6): 0.0493, 4.4100, 29.5752
(26, 7): 0.1026, 4.4500, 50.6323
(26, 8): 0.1379, 4.4800, 56.9235
(26, 9): 0.1080, 4.4300, 62.2128
(26, 10): 0.1069, 4.4500, 61.5321
(26, 11): 0.1357, 4.4700, 58.1866
(26, 12): 0.1333, 4.4300, 58.0998
(26, 13): 0.1407, 4.4100, 57.6670
(26, 14): 0.1654, 4.4400, 57.2549
(26, 15): 0.1480, 4.4200, 58.4531
(26, 16): 0.1475, 4.4200, 57.6550
(26, 17): 0.1353, 4.4100, 58.3651
(26, 18): 0.1381, 4.4100, 57.2556
(26, 19): 0.1284, 4.4600, 57.6676
(26, 20): 0.1258, 4.4200, 56.9101
(26, 21): 0.1325, 4.4500, 56.1372
(26, 22): 0.1291, 4.4600, 41.8933
(27, 2): -0.0368, 4.4500, 26.5232
(27, 3): 0.0673, 4.4299, 57.0705
(27, 4): 0.0748, 4.5598, 63.2270
(27, 5): 0.0679, 4.4700, 68.3781
(27, 6): 0.0450, 4.7600, 52.2683
(27, 7): 0.0513, 4.4600, 20.0038
(27, 8): 0.1063, 4.4200, 49.3130
(27, 9): 0.0786, 4.4100, 48.2046
(27, 10): 0.0900, 4.4400, 49.4496
(27, 11): 0.1255, 4.4700, 46.8543
(27, 12): 0.0732, 4.4100, 28.9292
(27, 13): 0.1785, 4.4100, 45.5459
(27, 14): 0.1069, 4.4500, 41.2032
(27, 15): 0.1595, 4.4300, 59.3080
(27, 16): 0.1514, 4.4100, 57.9777
(27, 17): 0.1359, 4.4700, 57.5839
(27, 18): 0.1353, 4.4100, 57.0286
(27, 19): 0.1075, 4.4900, 59.2624
(27, 20): 0.1366, 4.4400, 55.3880
(27, 21): 0.1279, 4.4700, 55.4258
(27, 22): 0.0994, 4.4100, 43.4148
(28, 2): -0.1122, 4.4700, 5.3360
(28, 3): -0.0034, 4.4600, 31.2160
(28, 4): 0.0201, 4.4500, 33.0599
(28, 5): 0.0440, 4.4500, 52.4412
(28, 6): 0.0386, 4.5500, 28.5533
(28, 7): 0.0177, 4.5100, 30.8008
(28, 8): 0.0758, 4.4800, 42.9334
(28, 9): 0.0664, 4.6800, 35.0043
(28, 14): 0.0159, 4.4100, 15.4603
(28, 15): 0.1451, 4.5000, 57.9517
(28, 16): 0.1441, 4.4100, 59.8608
(28, 17): 0.1653, 4.5000, 54.9880
(28, 18): 0.1085, 4.5200, 58.0653
(28, 19): 0.1099, 4.4500, 56.8666
(28, 20): 0.1224, 4.4300, 55.3918
(28, 21): 0.1433, 4.4200, 53.0553
(28, 22): 0.0125, 4.4100, 24.7079
(29, 2): 0.1122, 4.4100, 58.5080
(29, 3): 0.0592, 4.4100, 71.8341
(29, 4): 0.0349, 4.4700, 57.9881
(29, 5): 0.0570, 4.4500, 46.9564
(29, 6): 0.0736, 4.4600, 66.3958
(29, 7): 0.0615, 4.4200, 52.6118
(29, 8): 0.0416, 4.4300, 4.1218
(29, 15): -0.0620, 4.4899, 11.4042
(29, 16): 0.0575, 4.4500, 27.1802
(29, 17): -0.0724, 4.4400, 5.1939
(29, 18): 0.0953, 4.4600, 44.2559
(29, 19): 0.1375, 4.4700, 53.2907
(29, 20): 0.1295, 4.4100, 53.3420
(29, 21): 0.1206, 4.4100, 53.4799
(29, 22): -0.0194, 4.4100, 12.7582
(30, 2): 0.0070, 4.4200, 41.2918
(30, 3): -0.0348, 4.4100, 19.0149
(30, 4): -0.0444, 4.5100, 15.7713
(30, 5): 0.0222, 4.5000, 60.7520
(30, 6): 0.0576, 4.4100, 51.0068
(30, 7): 0.0243, 4.4800, 13.5216
(30, 19): -0.0308, 4.4700, 13.1222
(30, 20): 0.0666, 4.5100, 46.8359
(30, 21): 0.1066, 4.4500, 49.3073
(30, 22): 0.0120, 4.4800, 15.7538
(31, 19): -0.0464, 4.4300, 9.4366
(31, 20): 0.0631, 4.4400, 51.8221
(31, 21): -0.0484, 4.4300, 13.2873
(32, 19): -0.0195, 4.4600, 14.2812
(32, 20): 0.1039, 4.4200, 59.1425
(32, 21): 0.0216, 4.4100, 41.2034
(32, 22): -0.0759, 4.4200, 9.4143
(33, 19): 0.0409, 4.4500, 37.8158
(33, 20): 0.1046, 4.5000, 60.2491
(33, 21): 0.0736, 4.5200, 61.1414
(33, 22): -0.0129, 4.4200, 26.3067
(34, 19): -0.0157, 4.4300, 34.7526
(34, 20): 0.0452, 4.4100, 64.3370
(34, 21): 0.0716, 4.5000, 63.0727
(34, 22): -0.0438, 4.4200, 9.7909
