(1, 1): 0.1038, 3.0100, 4.0817
(1, 2): 0.1038, 3.0100, 4.0817
(1, 3): 0.1038, 3.0100, 4.0817
(1, 4): 0.1038, 3.0100, 4.0817
(1, 5): 0.1655, 3.0100, 17.2289
(1, 6): 0.1655, 3.0100, 17.2289
(1, 7): 0.1655, 3.0100, 17.2289
(1, 8): 0.1655, 3.0100, 17.2289
(1, 9): 0.1067, 3.0100, 11.7844
(1, 10): 0.1067, 3.0100, 11.7844
(1, 11): 0.1067, 3.0100, 11.7844
(1, 12): 0.1067, 3.0100, 11.7844
(1, 13): 0.1067, 3.0100, 11.7844
(1, 14): 0.1130, 3.0100, 14.8012
(1, 15): 0.1130, 3.0100, 14.8012
(1, 16): 0.1130, 3.0100, 14.8012
(1, 17): 0.1002, 3.0100, 14.7820
(1, 18): 0.1007, 3.0100, 7.1810
(1, 19): 0.0931, 3.0100, 7.3503
(1, 20): 0.0931, 3.0100, 7.3503
(1, 21): 0.1156, 3.0500, 7.4782
(1, 22): 0.1156, 3.0500, 7.4782
(1, 23): 0.1847, 3.0100, 44.3651
(1, 24): 0.2011, 3.1000, 35.4015
(1, 25): 0.2011, 3.1000, 35.4015
(1, 26): 0.2011, 3.1000, 35.4015
(1, 27): 0.0399, 3.0400, 7.6648
(2, 1): 0.1038, 3.0100, 4.0817
(2, 2): 0.1038, 3.0100, 4.0817
(2, 3): 0.1038, 3.0100, 4.0817
(2, 4): 0.1038, 3.0100, 4.0817
(2, 5): 0.1038, 3.0100, 4.0817
(2, 6): 0.1655, 3.0100, 17.2289
(2, 7): 0.1655, 3.0100, 17.2289
(2, 8): 0.1655, 3.0100, 17.2289
(2, 9): 0.1655, 3.0100, 17.2289
(2, 10): 0.1067, 3.0100, 11.7844
(2, 11): 0.1067, 3.0100, 11.7844
(2, 12): 0.1067, 3.0100, 11.7844
(2, 13): 0.1067, 3.0100, 11.7844
(2, 14): 0.1555, 3.0400, 25.3971
(2, 15): 0.1130, 3.0100, 14.8012
(2, 16): 0.1130, 3.0100, 14.8012
(2, 17): 0.1002, 3.0100, 14.7820
(2, 18): 0.1007, 3.0100, 7.1810
(2, 19): 0.0931, 3.0100, 7.3503
(2, 20): 0.0931, 3.0100, 7.3503
(2, 21): 0.1156, 3.0500, 7.4782
(2, 22): 0.1464, 3.0400, 30.2118
(2, 23): 0.1847, 3.0100, 44.3651
(2, 24): 0.2011, 3.1000, 35.4015
(2, 25): 0.2011, 3.1000, 35.4015
(2, 26): 0.0399, 3.0400, 7.6648
(2, 27): 0.0399, 3.0400, 7.6648
(3, 1): 0.1038, 3.0100, 4.0817
(3, 2): 0.1038, 3.0100, 4.0817
(3, 3): 0.1038, 3.0100, 4.0817
(3, 4): 0.1038, 3.0100, 4.0817
(3, 5): 0.1038, 3.0100, 4.0817
(3, 6): 0.1038, 3.0100, 4.0817
(3, 7): 0.1655, 3.0100, 17.2289
(3, 8): 0.1655, 3.0100, 17.2289
(3, 9): 0.1655, 3.0100, 17.2289
(3, 10): 0.1655, 3.0100, 17.2289
(3, 11): 0.1067, 3.0100, 11.7844
(3, 12): 0.1067, 3.0100, 11.7844
(3, 13): 0.1067, 3.0100, 11.7844
(3, 14): 0.1555, 3.0400, 25.3971
(3, 15): 0.0981, 3.0200, 11.5924
(3, 16): 0.1130, 3.0100, 14.8012
(3, 17): 0.1002, 3.0100, 14.7820
(3, 18): 0.1007, 3.0100, 7.1810
(3, 19): 0.1849, 3.0800, 12.6341
(3, 20): 0.1201, 3.0400, 7.0543
(3, 21): 0.1317, 3.0400, 10.8275
(3, 22): 0.1464, 3.0400, 30.2118
(3, 23): 0.1847, 3.0100, 44.3651
(3, 24): 0.2011, 3.1000, 35.4015
(3, 25): 0.1310, 3.0300, 32.5206
(3, 26): 0.0399, 3.0400, 7.6648
(3, 27): 0.0399, 3.0400, 7.6648
(4, 1): 0.1038, 3.0100, 4.0817
(4, 2): 0.1038, 3.0100, 4.0817
(4, 3): 0.1038, 3.0100, 4.0817
(4, 4): 0.1038, 3.0100, 4.0817
(4, 5): 0.1038, 3.0100, 4.0817
(4, 6): 0.1038, 3.0100, 4.0817
(4, 7): 0.1038, 3.0100, 4.0817
(4, 8): 0.1655, 3.0100, 17.2289
(4, 9): 0.1655, 3.0100, 17.2289
(4, 10): 0.1655, 3.0100, 17.2289
(4, 11): 0.1655, 3.0100, 17.2289
(4, 12): 0.1067, 3.0100, 11.7844
(4, 13): 0.1067, 3.0100, 11.7844
(4, 14): 0.1555, 3.0400, 25.3971
(4, 15): 0.0981, 3.0200, 11.5924
(4, 16): 0.1162, 3.0100, 11.4751
(4, 17): 0.0814, 3.0300, 12.0324
(4, 18): 0.1473, 3.0800, 34.1101
(4, 19): 0.1739, 3.0300, 42.2752
(4, 20): 0.2379, 3.0900, 46.0233
(4, 21): 0.2564, 3.0100, 47.5421
(4, 22): 0.1978, 3.1200, 49.4082
(4, 23): 0.1884, 3.0500, 48.3698
(4, 24): 0.1677, 3.0700, 47.7255
(4, 25): 0.1310, 3.0300, 32.5206
(4, 26): 0.0399, 3.0400, 7.6648
(4, 27): 0.0385, 3.0600, 14.9016
(5, 1): 0.1038, 3.0100, 4.0817
(5, 2): 0.1038, 3.0100, 4.0817
(5, 3): 0.1038, 3.0100, 4.0817
(5, 4): 0.1038, 3.0100, 4.0817
(5, 5): 0.1038, 3.0100, 4.0817
(5, 6): 0.1038, 3.0100, 4.0817
(5, 7): 0.1038, 3.0100, 4.0817
(5, 8): 0.1038, 3.0100, 4.0817
(5, 9): 0.1655, 3.0100, 17.2289
(5, 10): 0.1655, 3.0100, 17.2289
(5, 11): 0.1655, 3.0100, 17.2289
(5, 12): 0.1200, 3.0500, 15.6245
(5, 13): 0.1200, 3.0500, 15.6245
(5, 14): 0.1200, 3.0500, 15.6245
(5, 15): 0.0981, 3.0200, 11.5924
(5, 16): 0.1700, 3.0100, 27.9694
(5, 17): 0.2109, 3.0100, 51.4934
(5, 18): 0.2284, 3.0200, 49.5566
(5, 19): 0.2354, 3.0400, 52.1907
(5, 20): 0.2612, 3.0100, 48.9605
(5, 21): 0.2351, 3.0400, 48.6392
(5, 22): 0.1913, 3.0200, 51.8376
(5, 23): 0.1873, 3.0300, 50.3988
(5, 24): 0.1563, 3.1400, 49.7832
(5, 25): 0.1710, 3.0200, 50.7191
(5, 26): 0.1683, 3.0200, 46.7496
(5, 27): 0.0385, 3.0600, 14.9016
(6, 1): 0.1038, 3.0100, 4.0817
(6, 2): 0.1038, 3.0100, 4.0817
(6, 3): 0.1038, 3.0100, 4.0817
(6, 4): 0.1038, 3.0100, 4.0817
(6, 5): 0.1038, 3.0100, 4.0817
(6, 6): 0.1038, 3.0100, 4.0817
(6, 7): 0.1038, 3.0100, 4.0817
(6, 8): 0.1038, 3.0100, 4.0817
(6, 9): 0.1038, 3.0100, 4.0817
(6, 10): 0.1655, 3.0100, 17.2289
(6, 11): 0.1655, 3.0100, 17.2289
(6, 12): 0.0729, 3.0800, 8.4086
(6, 13): 0.1200, 3.0500, 15.6245
(6, 14): 0.2314, 3.1500, 30.1977
(6, 15): 0.2314, 3.1500, 30.1977
(6, 16): 0.2765, 3.0100, 46.8256
(6, 17): 0.2604, 3.1300, 48.4232
(6, 18): 0.2489, 3.0400, 50.2062
(6, 19): 0.2343, 3.0900, 52.4020
(6, 20): 0.2644, 3.0300, 49.3584
(6, 21): 0.2557, 3.0100, 50.5493
(6, 22): 0.1938, 3.0100, 54.9306
(6, 23): 0.1605, 3.0300, 55.4227
(6, 24): 0.1509, 3.0300, 52.7736
(6, 25): 0.1887, 3.0200, 50.8296
(6, 26): 0.1821, 3.1000, 50.4801
(6, 27): 0.0894, 3.0400, 17.6384
(7, 1): 0.1038, 3.0100, 4.0817
(7, 2): 0.1038, 3.0100, 4.0817
(7, 3): 0.1038, 3.0100, 4.0817
(7, 4): 0.1038, 3.0100, 4.0817
(7, 5): 0.1038, 3.0100, 4.0817
(7, 6): 0.1038, 3.0100, 4.0817
(7, 7): 0.1038, 3.0100, 4.0817
(7, 8): 0.1038, 3.0100, 4.0817
(7, 9): 0.1038, 3.0100, 4.0817
(7, 10): 0.1038, 3.0100, 4.0817
(7, 11): 0.1335, 3.0200, 18.2376
(7, 12): 0.1335, 3.0200, 18.2376
(7, 13): 0.0729, 3.0800, 8.4086
(7, 14): 0.3091, 3.0100, 42.7820
(7, 15): 0.3091, 3.0100, 42.7820
(7, 16): 0.3122, 3.1800, 44.5775
(7, 17): 0.2654, 3.1700, 48.0632
(7, 18): 0.2420, 3.0600, 50.9419
(7, 19): 0.2563, 3.0700, 50.2958
(7, 20): 0.2578, 3.0100, 50.5325
(7, 21): 0.2496, 3.0900, 53.2064
(7, 22): 0.2101, 3.0900, 57.2547
(7, 23): 0.1971, 3.0100, 56.2603
(7, 24): 0.1824, 3.0600, 54.2917
(7, 25): 0.1671, 3.1100, 53.1626
(7, 26): 0.1784, 3.0300, 51.3818
(7, 27): 0.1708, 3.0400, 30.4617
(8, 1): 0.1662, 3.0300, 27.4083
(8, 2): 0.1662, 3.0300, 27.4083
(8, 3): 0.1662, 3.0300, 27.4083
(8, 4): 0.1662, 3.0300, 27.4083
(8, 5): 0.1662, 3.0300, 27.4083
(8, 6): 0.1662, 3.0300, 27.4083
(8, 7): 0.1662, 3.0300, 27.4083
(8, 8): 0.1662, 3.0300, 27.4083
(8, 9): 0.1662, 3.0300, 27.4083
(8, 10): 0.1662, 3.0300, 27.4083
(8, 11): 0.1523, 3.0100, 25.0851
(8, 12): 0.1523, 3.0100, 25.0851
(8, 13): 0.0801, 3.0300, 15.5380
(8, 14): 0.0801, 3.0300, 15.5380
(8, 15): 0.2937, 3.0100, 44.7582
(8, 16): 0.2737, 3.0400, 48.0958
(8, 17): 0.2663, 3.0700, 47.9035
(8, 18): 0.2568, 3.0300, 50.3796
(8, 19): 0.2321, 3.1200, 53.1176
(8, 20): 0.2085, 3.0100, 56.0580
(8, 21): 0.2354, 3.0400, 54.1873
(8, 22): 0.2258, 3.1000, 55.3786
(8, 23): 0.2156, 3.0100, 56.2785
(8, 24): 0.1885, 3.0600, 57.4430
(8, 25): 0.2131, 3.1300, 52.7933
(8, 26): 0.2526, 3.1200, 47.8573
(8, 27): 0.1864, 3.0800, 27.2914
(9, 1): 0.1670, 3.0100, 27.6437
(9, 2): 0.1670, 3.0100, 27.6437
(9, 3): 0.1670, 3.0100, 27.6437
(9, 4): 0.1670, 3.0100, 27.6437
(9, 5): 0.1670, 3.0100, 27.6437
(9, 6): 0.1670, 3.0100, 27.6437
(9, 7): 0.1670, 3.0100, 27.6437
(9, 8): 0.1670, 3.0100, 27.6437
(9, 9): 0.1670, 3.0100, 27.6437
(9, 10): 0.1670, 3.0100, 27.6437
(9, 11): 0.0569, 3.0100, 4.4954
(9, 12): 0.1402, 3.0400, 30.1547
(9, 13): 0.1402, 3.0400, 30.1547
(9, 14): 0.0801, 3.0300, 15.5380
(9, 15): 0.2518, 3.0400, 42.3620
(9, 16): 0.2672, 3.1200, 47.1003
(9, 17): 0.2674, 3.0100, 46.8195
(9, 18): 0.2514, 3.0100, 50.5985
(9, 19): 0.2118, 3.1300, 54.1324
(9, 20): 0.1969, 3.0300, 55.3135
(9, 21): 0.1950, 3.0800, 56.6976
(9, 22): 0.1751, 3.0300, 59.9717
(9, 23): 0.2051, 3.0400, 57.8749
(9, 24): 0.1977, 3.0700, 58.1386
(9, 25): 0.2267, 3.0200, 54.0072
(9, 26): 0.1983, 3.0700, 52.6986
(9, 27): 0.1106, 3.0100, 11.1222
(10, 1): 0.1686, 3.0300, 29.1155
(10, 2): 0.1686, 3.0300, 29.1155
(10, 3): 0.1686, 3.0300, 29.1155
(10, 4): 0.1686, 3.0300, 29.1155
(10, 5): 0.1686, 3.0300, 29.1155
(10, 6): 0.1686, 3.0300, 29.1155
(10, 7): 0.1686, 3.0300, 29.1155
(10, 8): 0.1686, 3.0300, 29.1155
(10, 9): 0.1686, 3.0300, 29.1155
(10, 10): 0.1686, 3.0300, 29.1155
(10, 11): 0.0717, 3.0700, 12.1032
(10, 12): 0.1402, 3.0400, 30.1547
(10, 13): 0.1217, 3.0200, 15.2020
(10, 14): 0.0530, 3.0000, 4.4664
(10, 15): 0.2426, 3.1500, 43.2253
(10, 16): 0.2472, 3.0100, 45.1336
(10, 17): 0.2398, 3.0400, 47.3755
(10, 18): 0.2250, 3.1200, 49.6628
(10, 19): 0.2295, 3.0800, 50.5290
(10, 20): 0.1740, 3.0100, 55.3124
(10, 21): 0.1862, 3.0300, 56.5975
(10, 22): 0.1981, 3.0600, 58.6557
(10, 23): 0.1846, 3.1000, 60.2203
(10, 24): 0.2153, 3.0600, 57.3274
(10, 25): 0.2313, 3.0100, 52.7339
(10, 26): 0.2194, 3.1000, 47.8386
(10, 27): 0.2194, 3.1000, 47.8386
(11, 1): 0.0582, 3.0200, 12.9404
(11, 2): 0.1769, 3.0300, 39.7711
(11, 3): 0.1769, 3.0300, 39.7711
(11, 4): 0.1769, 3.0300, 39.7711
(11, 5): 0.1769, 3.0300, 39.7711
(11, 6): 0.1769, 3.0300, 39.7711
(11, 7): 0.1769, 3.0300, 39.7711
(11, 8): 0.1769, 3.0300, 39.7711
(11, 9): 0.1769, 3.0300, 39.7711
(11, 10): 0.1769, 3.0300, 39.7711
(11, 11): 0.2428, 3.0200, 47.9165
(11, 12): 0.2487, 3.1000, 47.7111
(11, 13): 0.1217, 3.0200, 15.2020
(11, 14): 0.1217, 3.0200, 15.2020
(11, 15): 0.2426, 3.1500, 43.2253
(11, 16): 0.0460, 3.0200, 8.3902
(11, 17): 0.2355, 3.0300, 47.7678
(11, 18): 0.2393, 3.0700, 47.5769
(11, 19): 0.2383, 3.0800, 48.0088
(11, 20): 0.2189, 3.0300, 49.1322
(11, 21): 0.2041, 3.0600, 52.9046
(11, 22): 0.1698, 3.0400, 57.5196
(11, 23): 0.2075, 3.1100, 55.4367
(11, 24): 0.2238, 3.0100, 53.1004
(11, 25): 0.1848, 3.0500, 52.7771
(11, 26): 0.1645, 3.0200, 48.1908
(11, 27): 0.1645, 3.0200, 48.1908
(12, 1): 0.0582, 3.0200, 12.9404
(12, 2): 0.0582, 3.0200, 12.9404
(12, 3): 0.0582, 3.0200, 12.9404
(12, 4): 0.0582, 3.0200, 12.9404
(12, 5): 0.1970, 3.0400, 48.5739
(12, 6): 0.1970, 3.0400, 48.5739
(12, 7): 0.1970, 3.0400, 48.5739
(12, 8): 0.1970, 3.0400, 48.5739
(12, 9): 0.1970, 3.0400, 48.5739
(12, 10): 0.1970, 3.0400, 48.5739
(12, 11): 0.2266, 3.1000, 50.0069
(12, 12): 0.2220, 3.0100, 50.9241
(12, 13): 0.1869, 3.1200, 41.1501
(12, 14): 0.1193, 3.0300, 27.3560
(12, 15): 0.1193, 3.0300, 27.3560
(12, 16): 0.1163, 3.0400, 14.4883
(12, 17): 0.2271, 3.0400, 47.1984
(12, 18): 0.2078, 3.0100, 50.3972
(12, 19): 0.1831, 3.0500, 52.2049
(12, 20): 0.1644, 3.0100, 53.4843
(12, 21): 0.1820, 3.0100, 53.9277
(12, 22): 0.1671, 3.0200, 58.5393
(12, 23): 0.1792, 3.1600, 53.9941
(12, 24): 0.1734, 3.1800, 44.1672
(12, 25): 0.1030, 3.1000, 14.6852
(12, 26): 0.0679, 3.0200, 14.1450
(12, 27): 0.0679, 3.0200, 14.1450
(13, 1): 0.0582, 3.0200, 12.9404
(13, 2): 0.0582, 3.0200, 12.9404
(13, 3): 0.0582, 3.0200, 12.9404
(13, 4): 0.0582, 3.0200, 12.9404
(13, 5): 0.0582, 3.0200, 12.9404
(13, 6): 0.0582, 3.0200, 12.9404
(13, 7): 0.0582, 3.0200, 12.9404
(13, 8): 0.2116, 3.0300, 51.3187
(13, 9): 0.2116, 3.0300, 51.3187
(13, 10): 0.2116, 3.0300, 51.3187
(13, 11): 0.2235, 3.0800, 51.7827
(13, 12): 0.1847, 3.0400, 52.2589
(13, 13): 0.1824, 3.0200, 41.9840
(13, 14): 0.0041, 3.0200, 9.6356
(13, 15): 0.0041, 3.0200, 9.6356
(13, 16): 0.0588, 3.0200, 7.9720
(13, 17): 0.1594, 3.0400, 39.4390
(13, 18): 0.1541, 3.0100, 47.7062
(13, 19): 0.1737, 3.0200, 53.0505
(13, 20): 0.1592, 3.2000, 55.0867
(13, 21): 0.1539, 3.0200, 55.6821
(13, 22): 0.1498, 3.0900, 56.0977
(13, 23): 0.1514, 3.0400, 53.3287
(13, 24): 0.1297, 3.0600, 44.0307
(13, 25): 0.0926, 3.0100, 3.3942
(13, 26): 0.0679, 3.0200, 14.1450
(13, 27): 0.0693, 3.0200, 3.2286
(14, 1): 0.0582, 3.0200, 12.9404
(14, 2): 0.0582, 3.0200, 12.9404
(14, 3): 0.0582, 3.0200, 12.9404
(14, 4): 0.0582, 3.0200, 12.9404
(14, 5): 0.0582, 3.0200, 12.9404
(14, 6): 0.0582, 3.0200, 12.9404
(14, 7): 0.0582, 3.0200, 12.9404
(14, 8): 0.0582, 3.0200, 12.9404
(14, 9): 0.2119, 3.0100, 53.1382
(14, 10): 0.2119, 3.0100, 53.1382
(14, 11): 0.2175, 3.0200, 53.9248
(14, 12): 0.2220, 3.0200, 50.3628
(14, 13): -0.0229, 3.0200, 5.3271
(14, 14): 0.0041, 3.0200, 9.6356
(14, 15): 0.0296, 3.0100, 4.3625
(14, 16): 0.2355, 3.0100, 37.8307
(14, 17): 0.2167, 3.0100, 48.6519
(14, 18): 0.1978, 3.0100, 51.4567
(14, 19): 0.1343, 3.0100, 57.7416
(14, 20): 0.1472, 3.0200, 56.4884
(14, 21): 0.1648, 3.0300, 53.0973
(14, 22): 0.1486, 3.0400, 53.7838
(14, 23): 0.1260, 3.0700, 53.9025
(14, 24): 0.0957, 3.0700, 51.0784
(14, 25): 0.0573, 3.0400, 29.0586
(14, 26): 0.0506, 3.0100, 32.1537
(14, 27): 0.0693, 3.0200, 3.2286
(15, 1): -0.0391, 3.0200, 5.4360
(15, 2): -0.0391, 3.0200, 5.4360
(15, 3): -0.0391, 3.0200, 5.4360
(15, 4): 0.0582, 3.0200, 12.9404
(15, 5): 0.0582, 3.0200, 12.9404
(15, 6): 0.0582, 3.0200, 12.9404
(15, 7): 0.0582, 3.0200, 12.9404
(15, 8): 0.0582, 3.0200, 12.9404
(15, 9): 0.0582, 3.0200, 12.9404
(15, 10): 0.2178, 3.1000, 52.4112
(15, 11): 0.2175, 3.0700, 53.2965
(15, 12): 0.2292, 3.0100, 53.0641
(15, 13): 0.0589, 3.0200, 22.5328
(15, 14): 0.0229, 3.0300, 4.7194
(15, 15): 0.2012, 3.0600, 42.0219
(15, 16): 0.2145, 3.0100, 49.8886
(15, 17): 0.1636, 3.0600, 51.2692
(15, 18): 0.1040, 3.0600, 54.6003
(15, 19): 0.1260, 3.0200, 61.3014
(15, 20): 0.0983, 3.0700, 60.9797
(15, 21): 0.0913, 3.1400, 57.4680
(15, 22): 0.0761, 3.0400, 58.3872
(15, 23): 0.0996, 3.0400, 56.0014
(15, 24): 0.1131, 3.2200, 54.1802
(15, 25): 0.1160, 3.0100, 54.7062
(15, 26): 0.1004, 3.0200, 53.7024
(15, 27): 0.0506, 3.0300, 33.5424
(16, 1): 0.0605, 3.0100, 13.3225
(16, 2): -0.0391, 3.0200, 5.4360
(16, 3): -0.0391, 3.0200, 5.4360
(16, 4): -0.0391, 3.0200, 5.4360
(16, 5): -0.0391, 3.0200, 5.4360
(16, 6): -0.0391, 3.0200, 5.4360
(16, 7): 0.0871, 3.0200, 19.7721
(16, 8): 0.0871, 3.0200, 19.7721
(16, 9): 0.0871, 3.0200, 19.7721
(16, 10): 0.1536, 3.0200, 57.8126
(16, 11): 0.1883, 3.0200, 56.6996
(16, 12): 0.2014, 3.0100, 52.5956
(16, 13): 0.0826, 3.0300, 21.2858
(16, 14): 0.2101, 3.0200, 50.0376
(16, 15): 0.2152, 3.0900, 52.4949
(16, 16): 0.1900, 3.0100, 47.0402
(16, 17): 0.1613, 3.0400, 46.3645
(16, 18): 0.1464, 3.0200, 59.7693
(16, 19): 0.1183, 3.0400, 62.8832
(16, 20): 0.1061, 3.0300, 59.0503
(16, 21): 0.1052, 3.0400, 55.9608
(16, 22): 0.0920, 3.0100, 57.5957
(16, 23): 0.0884, 3.0500, 58.8199
(16, 24): 0.1333, 3.0200, 54.4965
(16, 25): 0.1724, 3.0300, 51.2242
(16, 26): 0.1331, 3.0500, 52.9431
(16, 27): 0.0779, 3.0900, 30.4059
(17, 1): 0.0605, 3.0100, 13.3225
(17, 2): 0.0605, 3.0100, 13.3225
(17, 3): 0.0899, 3.0100, 12.6430
(17, 4): -0.0391, 3.0200, 5.4360
(17, 5): -0.0391, 3.0200, 5.4360
(17, 6): -0.0391, 3.0200, 5.4360
(17, 7): -0.0391, 3.0200, 5.4360
(17, 8): 0.1003, 3.0700, 41.5330
(17, 9): 0.1003, 3.0700, 41.5330
(17, 10): 0.1685, 3.1800, 55.7803
(17, 11): 0.1756, 3.0100, 57.2218
(17, 12): 0.1972, 3.0800, 56.0265
(17, 13): 0.1647, 3.0200, 46.5203
(17, 14): 0.1614, 3.0500, 44.4913
(17, 15): 0.1966, 3.1200, 48.7516
(17, 16): 0.1720, 3.0700, 49.8748
(17, 17): 0.1698, 3.0100, 58.6812
(17, 18): 0.1560, 3.0500, 61.5955
(17, 19): 0.1459, 3.0500, 62.2926
(17, 20): 0.1418, 3.1700, 58.6788
(17, 21): 0.1153, 3.0100, 57.7579
(17, 22): 0.1285, 3.0400, 54.5996
(17, 23): 0.0910, 3.0500, 55.5569
(17, 24): 0.1404, 3.0900, 51.7107
(17, 25): 0.1728, 3.0700, 52.1890
(17, 26): 0.1345, 3.0600, 45.1488
(17, 27): 0.1345, 3.0600, 45.1488
(18, 1): 0.0605, 3.0100, 13.3225
(18, 2): 0.0605, 3.0100, 13.3225
(18, 3): 0.0605, 3.0100, 13.3225
(18, 4): 0.0899, 3.0100, 12.6430
(18, 5): 0.0899, 3.0100, 12.6430
(18, 6): -0.0391, 3.0200, 5.4360
(18, 7): -0.0391, 3.0200, 5.4360
(18, 8): -0.0391, 3.0200, 5.4360
(18, 9): 0.1616, 3.0500, 53.3872
(18, 10): 0.1596, 3.0100, 56.8750
(18, 11): 0.1956, 3.0400, 54.2746
(18, 12): 0.2024, 3.0400, 51.9099
(18, 13): 0.1947, 3.0100, 52.4929
(18, 14): 0.2092, 3.0700, 53.6854
(18, 15): 0.1728, 3.0300, 58.0425
(18, 16): 0.1127, 3.0100, 61.1842
(18, 17): 0.1100, 3.0100, 61.3332
(18, 18): 0.1114, 3.0700, 63.5631
(18, 19): 0.1055, 3.0500, 66.6180
(18, 20): 0.1031, 3.0800, 63.2245
(18, 21): 0.0875, 3.0300, 59.2260
(18, 22): 0.0982, 3.0100, 56.0472
(18, 23): 0.0911, 3.0100, 56.7603
(18, 24): 0.0943, 3.0200, 55.3510
(18, 25): 0.1590, 3.1300, 45.0330
(18, 26): -0.0017, 3.0100, 13.1362
(18, 27): -0.0017, 3.0100, 13.1362
(19, 1): 0.0605, 3.0100, 13.3225
(19, 2): 0.0605, 3.0100, 13.3225
(19, 3): 0.0605, 3.0100, 13.3225
(19, 4): 0.0605, 3.0100, 13.3225
(19, 5): 0.0899, 3.0100, 12.6430
(19, 6): 0.0899, 3.0100, 12.6430
(19, 7): 0.1202, 3.0300, 31.6768
(19, 8): 0.1202, 3.0300, 31.6768
(19, 9): 0.1831, 3.0100, 57.5278
(19, 10): 0.1865, 3.2200, 55.5727
(19, 11): 0.1822, 3.0300, 52.3444
(19, 12): 0.2020, 3.1200, 50.1287
(19, 13): 0.2291, 3.0800, 50.1314
(19, 14): 0.2214, 3.0700, 51.2153
(19, 15): 0.1579, 3.1600, 58.5847
(19, 16): 0.1409, 3.1000, 59.9295
(19, 17): 0.1467, 3.0600, 56.7366
(19, 18): 0.1054, 3.0500, 62.2265
(19, 19): 0.0823, 3.1100, 65.6250
(19, 20): 0.0946, 3.0100, 64.5738
(19, 21): 0.1090, 3.0200, 59.2426
(19, 22): 0.1136, 3.0600, 56.5859
(19, 23): 0.0901, 3.0200, 60.1466
(19, 24): 0.0986, 3.0300, 58.5041
(19, 25): 0.0581, 3.0300, 38.9014
(19, 26): 0.0966, 3.0100, 3.8047
(19, 27): 0.0966, 3.0100, 3.8047
(20, 1): 0.0852, 3.0100, 15.6269
(20, 2): 0.0605, 3.0100, 13.3225
(20, 3): 0.0605, 3.0100, 13.3225
(20, 4): 0.0605, 3.0100, 13.3225
(20, 5): 0.0605, 3.0100, 13.3225
(20, 6): 0.0899, 3.0100, 12.6430
(20, 7): 0.0899, 3.0100, 12.6430
(20, 8): 0.1956, 3.0200, 56.1284
(20, 9): 0.1660, 3.0500, 57.8060
(20, 10): 0.1441, 3.0800, 58.3610
(20, 11): 0.1804, 3.0500, 53.2653
(20, 12): 0.1969, 3.0200, 51.2652
(20, 13): 0.2586, 3.1000, 47.6001
(20, 14): 0.2032, 3.0100, 49.8581
(20, 15): 0.2002, 3.0200, 52.8527
(20, 16): 0.1898, 3.1100, 54.0492
(20, 17): 0.1641, 3.0100, 55.0580
(20, 18): 0.1248, 3.0400, 61.6808
(20, 19): 0.0916, 3.0100, 66.1609
(20, 20): 0.0924, 3.0700, 64.4615
(20, 21): 0.1325, 3.0300, 57.4655
(20, 22): 0.1102, 3.0200, 59.2650
(20, 23): 0.1206, 3.0100, 58.7497
(20, 24): 0.1019, 3.0100, 60.2575
(20, 25): 0.1201, 3.0300, 54.1855
(20, 26): 0.0519, 3.0500, 12.4047
(20, 27): 0.0519, 3.0500, 12.4047
(21, 1): 0.0326, 3.0700, 12.5170
(21, 2): 0.0852, 3.0100, 15.6269
(21, 3): 0.0852, 3.0100, 15.6269
(21, 4): 0.0605, 3.0100, 13.3225
(21, 5): 0.0605, 3.0100, 13.3225
(21, 6): 0.0605, 3.0100, 13.3225
(21, 7): 0.1758, 3.0300, 49.1488
(21, 8): 0.1884, 3.0300, 55.7398
(21, 9): 0.1435, 3.0100, 60.4352
(21, 10): 0.1630, 3.0700, 58.5610
(21, 11): 0.2092, 3.0100, 52.7198
(21, 12): 0.2148, 3.1400, 50.0895
(21, 13): 0.2224, 3.0300, 48.8939
(21, 14): 0.1817, 3.0200, 52.8722
(21, 15): 0.2162, 3.0900, 48.9762
(21, 16): 0.1904, 3.0100, 50.6002
(21, 17): 0.1777, 3.0200, 52.2838
(21, 18): 0.1815, 3.0700, 53.9405
(21, 19): 0.1399, 3.0296, 57.5753
(21, 20): 0.1101, 3.0300, 59.7854
(21, 21): 0.1000, 3.0200, 49.3288
(21, 22): 0.1340, 3.1200, 47.5618
(21, 23): 0.1198, 3.0300, 46.9236
(21, 24): 0.0307, 3.0400, 25.9916
(21, 25): 0.0307, 3.0400, 25.9916
(21, 26): 0.0519, 3.0500, 12.4047
(21, 27): 0.0519, 3.0500, 12.4047
(22, 1): 0.0326, 3.0700, 12.5170
(22, 2): 0.0326, 3.0700, 12.5170
(22, 3): 0.0852, 3.0100, 15.6269
(22, 4): 0.0852, 3.0100, 15.6269
(22, 5): 0.1365, 3.0100, 37.5549
(22, 6): 0.1365, 3.0100, 37.5549
(22, 7): 0.1586, 3.0400, 56.3701
(22, 8): 0.1775, 3.0200, 54.4967
(22, 9): 0.1671, 3.0200, 57.6649
(22, 10): 0.1820, 3.0200, 57.6603
(22, 11): 0.2181, 3.0200, 53.6016
(22, 12): 0.2045, 3.0500, 51.5461
(22, 13): 0.2146, 3.0200, 50.1282
(22, 14): 0.1677, 3.0100, 53.3777
(22, 15): 0.1830, 3.0400, 50.8242
(22, 16): 0.2153, 3.0800, 47.9934
(22, 17): 0.2369, 3.0100, 47.7884
(22, 18): 0.2394, 3.0600, 48.7356
(22, 19): 0.1894, 3.0200, 53.1146
(22, 20): 0.1482, 3.0300, 42.7684
(22, 21): 0.0358, 3.0200, 8.8289
(22, 22): 0.1340, 3.1200, 47.5618
(22, 23): 0.1198, 3.0300, 46.9236
(22, 24): 0.0307, 3.0400, 25.9916
(22, 25): 0.0307, 3.0400, 25.9916
(22, 26): 0.0519, 3.0500, 12.4047
(22, 27): 0.0519, 3.0500, 12.4047
(23, 1): 0.0326, 3.0700, 12.5170
(23, 2): 0.0326, 3.0700, 12.5170
(23, 3): 0.0326, 3.0700, 12.5170
(23, 4): 0.0852, 3.0100, 15.6269
(23, 5): 0.0852, 3.0100, 15.6269
(23, 6): 0.1046, 3.0400, 33.8395
(23, 7): 0.1288, 3.0000, 42.1889
(23, 8): 0.1352, 3.0200, 55.4393
(23, 9): 0.1441, 3.0200, 58.1049
(23, 10): 0.1900, 3.0100, 57.0565
(23, 11): 0.2339, 3.0600, 50.7754
(23, 12): 0.2137, 3.0300, 52.4930
(23, 13): 0.2225, 3.0500, 50.0721
(23, 14): 0.1523, 3.0200, 54.3782
(23, 15): 0.1380, 3.0300, 54.7804
(23, 16): 0.1777, 3.0300, 52.9985
(23, 17): 0.2585, 3.0700, 47.1914
(23, 18): 0.2328, 3.0100, 49.1142
(23, 19): 0.2151, 3.0300, 49.8559
(23, 20): 0.1711, 3.0500, 45.4919
(23, 21): 0.0358, 3.0200, 8.8289
(23, 22): 0.0358, 3.0200, 8.8289
(23, 23): 0.1198, 3.0300, 46.9236
(23, 24): 0.0307, 3.0400, 25.9916
(23, 25): 0.0307, 3.0400, 25.9916
(23, 26): 0.0307, 3.0400, 25.9916
(23, 27): 0.0519, 3.0500, 12.4047
(24, 1): -0.1225, 3.0100, 5.0937
(24, 2): 0.0326, 3.0700, 12.5170
(24, 3): 0.0326, 3.0700, 12.5170
(24, 4): 0.0326, 3.0700, 12.5170
(24, 5): 0.1024, 3.0600, 21.8904
(24, 6): 0.1003, 3.0200, 21.6719
(24, 7): 0.1546, 3.0700, 46.3987
(24, 8): 0.1203, 3.0100, 37.2539
(24, 9): 0.1267, 3.1700, 47.5288
(24, 10): 0.1330, 3.0800, 45.4650
(24, 11): 0.1679, 3.0100, 52.9727
(24, 12): 0.1691, 3.1700, 54.7966
(24, 13): 0.1483, 3.0100, 54.8799
(24, 14): 0.1339, 3.0500, 55.2877
(24, 15): 0.1521, 3.0700, 54.2993
(24, 16): 0.2015, 3.0100, 51.9726
(24, 17): 0.2105, 3.0100, 51.1785
(24, 18): 0.1866, 3.0400, 53.4919
(24, 19): 0.1841, 3.0400, 54.2631
(24, 20): 0.1959, 3.0100, 52.3322
(24, 21): 0.1323, 3.0200, 33.3180
(24, 22): 0.0927, 3.0200, 23.2109
(24, 23): 0.0927, 3.0200, 23.2109
(24, 24): 0.0927, 3.0200, 23.2109
(24, 25): 0.0927, 3.0200, 23.2109
(24, 26): 0.0307, 3.0400, 25.9916
(24, 27): 0.0519, 3.0500, 12.4047
(25, 1): -0.1225, 3.0100, 5.0937
(25, 2): -0.1225, 3.0100, 5.0937
(25, 3): 0.0227, 3.0100, 24.3915
(25, 4): 0.0862, 3.0200, 32.9069
(25, 5): 0.1546, 3.0500, 35.4878
(25, 6): 0.1465, 3.0100, 45.9976
(25, 7): 0.1126, 3.0400, 26.2603
(25, 8): 0.1409, 3.0200, 46.3289
(25, 9): 0.1734, 3.0100, 50.7012
(25, 10): 0.1475, 3.0100, 54.6388
(25, 11): 0.1796, 3.0400, 53.0453
(25, 12): 0.1892, 3.0700, 52.7044
(25, 13): 0.1825, 3.0700, 51.4233
(25, 14): 0.1521, 3.0100, 55.0020
(25, 15): 0.1788, 3.0800, 54.1079
(25, 16): 0.1996, 3.1700, 52.1247
(25, 17): 0.1614, 3.0100, 55.6392
(25, 18): 0.1711, 3.0200, 54.7148
(25, 19): 0.1674, 3.0700, 54.8125
(25, 20): 0.1846, 3.1000, 52.6537
(25, 21): 0.1834, 3.0300, 52.0160
(25, 22): 0.0927, 3.0200, 23.2109
(25, 23): 0.0927, 3.0200, 23.2109
(25, 24): 0.0927, 3.0200, 23.2109
(25, 25): 0.0927, 3.0200, 23.2109
(25, 26): 0.0927, 3.0200, 23.2109
(25, 27): 0.0927, 3.0200, 23.2109
(26, 1): -0.1225, 3.0100, 5.0937
(26, 2): -0.1225, 3.0100, 5.0937
(26, 3): 0.0227, 3.0100, 24.3915
(26, 4): 0.0530, 3.0200, 34.2446
(26, 5): 0.0840, 3.0200, 31.5577
(26, 6): 0.0709, 3.0700, 28.3921
(26, 7): 0.1417, 3.0400, 47.1473
(26, 8): 0.1639, 3.0200, 54.5962
(26, 9): 0.1583, 3.0500, 56.7113
(26, 10): 0.1559, 3.1100, 56.7287
(26, 11): 0.1489, 3.1100, 56.6349
(26, 12): 0.1866, 3.0700, 53.0375
(26, 13): 0.1795, 3.0500, 53.9407
(26, 14): 0.1789, 3.0300, 55.7229
(26, 15): 0.1735, 3.0400, 55.7883
(26, 16): 0.1883, 3.0200, 53.5977
(26, 17): 0.1659, 3.1100, 55.2163
(26, 18): 0.1619, 3.0900, 54.8165
(26, 19): 0.1958, 3.0400, 51.4301
(26, 20): 0.1839, 3.1700, 51.5798
(26, 21): 0.1957, 3.0500, 50.3045
(26, 22): 0.1534, 3.0300, 40.0410
(26, 23): 0.1534, 3.0300, 40.0410
(26, 24): 0.1534, 3.0300, 40.0410
(26, 25): 0.1534, 3.0300, 40.0410
(26, 26): 0.1534, 3.0300, 40.0410
(26, 27): 0.1534, 3.0300, 40.0410
(27, 1): 0.0276, 3.0200, 23.8016
(27, 2): 0.0276, 3.0200, 23.8016
(27, 3): 0.1318, 3.0300, 51.3356
(27, 4): 0.1125, 3.0300, 58.9086
(27, 5): 0.0955, 3.0100, 65.0870
(27, 6): 0.0671, 3.0100, 50.0470
(27, 7): 0.0655, 3.0200, 19.3852
(27, 8): 0.1433, 3.0400, 45.9688
(27, 9): 0.1066, 3.0100, 46.1381
(27, 10): 0.1746, 3.0100, 44.1579
(27, 11): 0.1408, 3.0100, 44.4762
(27, 12): 0.1169, 3.0100, 26.6386
(27, 13): 0.1986, 3.1500, 43.8494
(27, 14): 0.1677, 3.0200, 36.9598
(27, 15): 0.2123, 3.0600, 54.0695
(27, 16): 0.1944, 3.0300, 53.7428
(27, 17): 0.1912, 3.0100, 52.3200
(27, 18): 0.1488, 3.1000, 55.5922
(27, 19): 0.1470, 3.0100, 55.2784
(27, 20): 0.1490, 3.0100, 54.0371
(27, 21): 0.1943, 3.0200, 49.4530
(27, 22): 0.1419, 3.0100, 40.2950
(27, 23): 0.1419, 3.0100, 40.2950
(27, 24): 0.1419, 3.0100, 40.2950
(27, 25): 0.1419, 3.0100, 40.2950
(27, 26): 0.1419, 3.0100, 40.2950
(27, 27): 0.1419, 3.0100, 40.2950
(28, 1): -0.1133, 3.0400, 5.4700
(28, 2): -0.1133, 3.0400, 5.4700
(28, 3): -0.0108, 3.0100, 31.4402
(28, 4): 0.0403, 3.0300, 31.8806
(28, 5): 0.0708, 3.0200, 49.8550
(28, 6): 0.0423, 3.0800, 28.2927
(28, 7): 0.0524, 3.0400, 28.6175
(28, 8): 0.0946, 3.0300, 41.3806
(28, 9): 0.1553, 3.0300, 28.9359
(28, 10): 0.1746, 3.0100, 44.1579
(28, 11): 0.1408, 3.0100, 44.4762
(28, 12): 0.1169, 3.0100, 26.6386
(28, 13): 0.0444, 3.0700, 14.6059
(28, 14): 0.0444, 3.0700, 14.6059
(28, 15): 0.2321, 3.0200, 50.1183
(28, 16): 0.1655, 3.0300, 57.5816
(28, 17): 0.2016, 3.0100, 53.9631
(28, 18): 0.1676, 3.0300, 52.4645
(28, 19): 0.1742, 3.1000, 50.9884
(28, 20): 0.1891, 3.0100, 49.4536
(28, 21): 0.1933, 3.0100, 48.7535
(28, 22): 0.0380, 3.0500, 23.5483
(28, 23): 0.0380, 3.0500, 23.5483
(28, 24): 0.0380, 3.0500, 23.5483
(28, 25): 0.0380, 3.0500, 23.5483
(28, 26): 0.0380, 3.0500, 23.5483
(28, 27): 0.0380, 3.0500, 23.5483
(29, 1): 0.1551, 3.0700, 54.5905
(29, 2): 0.1551, 3.0700, 54.5905
(29, 3): 0.1199, 3.0100, 64.9573
(29, 4): 0.0577, 3.0200, 55.6981
(29, 5): 0.0776, 3.0400, 45.6689
(29, 6): 0.1155, 3.0700, 61.5273
(29, 7): 0.0984, 3.1300, 49.0262
(29, 8): 0.0726, 3.0100, 3.9807
(29, 9): 0.1553, 3.0300, 28.9359
(29, 10): 0.1553, 3.0300, 28.9359
(29, 11): 0.1408, 3.0100, 44.4762
(29, 12): 0.1169, 3.0100, 26.6386
(29, 13): 0.0444, 3.0700, 14.6059
(29, 14): 0.0444, 3.0700, 14.6059
(29, 15): -0.0553, 3.0500, 11.3643
(29, 16): 0.0791, 3.0200, 26.1207
(29, 17): -0.0069, 3.0200, 4.7039
(29, 18): 0.1461, 3.0400, 40.5560
(29, 19): 0.1624, 3.2300, 50.5791
(29, 20): 0.1789, 3.0100, 49.0434
(29, 21): 0.1316, 3.0400, 51.2478
(29, 22): 0.0025, 3.0100, 12.3190
(29, 23): 0.0025, 3.0100, 12.3190
(29, 24): 0.0025, 3.0100, 12.3190
(29, 25): 0.0025, 3.0100, 12.3190
(29, 26): 0.0025, 3.0100, 12.3190
(29, 27): 0.0025, 3.0100, 12.3190
(30, 1): 0.0712, 3.0300, 37.0968
(30, 2): 0.0712, 3.0300, 37.0968
(30, 3): -0.0078, 3.0100, 18.1521
(30, 4): -0.0495, 3.0100, 15.9898
(30, 5): 0.0724, 3.0700, 55.5718
(30, 6): 0.0908, 3.0800, 48.1501
(30, 7): 0.0165, 3.0500, 13.6353
(30, 8): 0.0726, 3.0100, 3.9807
(30, 9): 0.0726, 3.0100, 3.9807
(30, 10): 0.1553, 3.0300, 28.9359
(30, 11): 0.1553, 3.0300, 28.9359
(30, 12): 0.0444, 3.0700, 14.6059
(30, 13): 0.0444, 3.0700, 14.6059
(30, 14): -0.0553, 3.0500, 11.3643
(30, 15): -0.0553, 3.0500, 11.3643
(30, 16): 0.0791, 3.0200, 26.1207
(30, 17): -0.0069, 3.0200, 4.7039
(30, 18): -0.0330, 3.0900, 13.2507
(30, 19): -0.0330, 3.0900, 13.2507
(30, 20): 0.1276, 3.0100, 42.1173
(30, 21): 0.1550, 3.0900, 44.3494
(30, 22): 0.0246, 3.0100, 15.3147
(30, 23): 0.0246, 3.0100, 15.3147
(30, 24): 0.0246, 3.0100, 15.3147
(30, 25): 0.0246, 3.0100, 15.3147
(30, 26): 0.0246, 3.0100, 15.3147
(30, 27): 0.0246, 3.0100, 15.3147
(31, 1): 0.0712, 3.0300, 37.0968
(31, 2): 0.0712, 3.0300, 37.0968
(31, 3): -0.0078, 3.0100, 18.1521
(31, 4): -0.0495, 3.0100, 15.9898
(31, 5): 0.0724, 3.0700, 55.5718
(31, 6): 0.0908, 3.0800, 48.1501
(31, 7): 0.0165, 3.0500, 13.6353
(31, 8): 0.0165, 3.0500, 13.6353
(31, 9): 0.0726, 3.0100, 3.9807
(31, 10): 0.0726, 3.0100, 3.9807
(31, 11): 0.1553, 3.0300, 28.9359
(31, 12): 0.0444, 3.0700, 14.6059
(31, 13): -0.0553, 3.0500, 11.3643
(31, 14): -0.0553, 3.0500, 11.3643
(31, 15): -0.0553, 3.0500, 11.3643
(31, 16): 0.0791, 3.0200, 26.1207
(31, 17): -0.0069, 3.0200, 4.7039
(31, 18): -0.0440, 3.0200, 9.4583
(31, 19): -0.0440, 3.0200, 9.4583
(31, 20): 0.1309, 3.0100, 46.1762
(31, 21): -0.0172, 3.0200, 12.3033
(31, 22): -0.0172, 3.0200, 12.3033
(31, 23): -0.0309, 3.0200, 8.8369
(31, 24): -0.0309, 3.0200, 8.8369
(31, 25): -0.0309, 3.0200, 8.8369
(31, 26): -0.0309, 3.0200, 8.8369
(31, 27): -0.0309, 3.0200, 8.8369
(32, 1): 0.0712, 3.0300, 37.0968
(32, 2): 0.0712, 3.0300, 37.0968
(32, 3): -0.0078, 3.0100, 18.1521
(32, 4): -0.0495, 3.0100, 15.9898
(32, 5): 0.0724, 3.0700, 55.5718
(32, 6): 0.0908, 3.0800, 48.1501
(32, 7): 0.0165, 3.0500, 13.6353
(32, 8): 0.0165, 3.0500, 13.6353
(32, 9): 0.0165, 3.0500, 13.6353
(32, 10): 0.0726, 3.0100, 3.9807
(32, 11): 0.0726, 3.0100, 3.9807
(32, 12): -0.0553, 3.0500, 11.3643
(32, 13): -0.0553, 3.0500, 11.3643
(32, 14): -0.0553, 3.0500, 11.3643
(32, 15): -0.0553, 3.0500, 11.3643
(32, 16): 0.0791, 3.0200, 26.1207
(32, 17): -0.0244, 3.0200, 14.4463
(32, 18): -0.0244, 3.0200, 14.4463
(32, 19): -0.0244, 3.0200, 14.4463
(32, 20): 0.1368, 3.0100, 55.9264
(32, 21): 0.0658, 3.0900, 38.2508
(32, 22): -0.0309, 3.0200, 8.8369
(32, 23): -0.0309, 3.0200, 8.8369
(32, 24): -0.0309, 3.0200, 8.8369
(32, 25): -0.0309, 3.0200, 8.8369
(32, 26): -0.0309, 3.0200, 8.8369
(32, 27): -0.0309, 3.0200, 8.8369
(33, 1): 0.0712, 3.0300, 37.0968
(33, 2): 0.0712, 3.0300, 37.0968
(33, 3): -0.0078, 3.0100, 18.1521
(33, 4): -0.0495, 3.0100, 15.9898
(33, 5): 0.0724, 3.0700, 55.5718
(33, 6): 0.0908, 3.0800, 48.1501
(33, 7): 0.0165, 3.0500, 13.6353
(33, 8): 0.0165, 3.0500, 13.6353
(33, 9): 0.0165, 3.0500, 13.6353
(33, 10): 0.0165, 3.0500, 13.6353
(33, 11): 0.0726, 3.0100, 3.9807
(33, 12): -0.0553, 3.0500, 11.3643
(33, 13): -0.0553, 3.0500, 11.3643
(33, 14): -0.0553, 3.0500, 11.3643
(33, 15): -0.0553, 3.0500, 11.3643
(33, 16): 0.0674, 3.1000, 36.1082
(33, 17): 0.0674, 3.1000, 36.1082
(33, 18): 0.0674, 3.1000, 36.1082
(33, 19): 0.0674, 3.1000, 36.1082
(33, 20): 0.1119, 3.0400, 59.2761
(33, 21): 0.1030, 3.0100, 58.1237
(33, 22): -0.0094, 3.0100, 26.3042
(33, 23): -0.0094, 3.0100, 26.3042
(33, 24): -0.0094, 3.0100, 26.3042
(33, 25): -0.0094, 3.0100, 26.3042
(33, 26): -0.0094, 3.0100, 26.3042
(33, 27): -0.0094, 3.0100, 26.3042
(34, 1): 0.0712, 3.0300, 37.0968
(34, 2): 0.0712, 3.0300, 37.0968
(34, 3): -0.0078, 3.0100, 18.1521
(34, 4): -0.0495, 3.0100, 15.9898
(34, 5): 0.0724, 3.0700, 55.5718
(34, 6): 0.0908, 3.0800, 48.1501
(34, 7): 0.0165, 3.0500, 13.6353
(34, 8): 0.0165, 3.0500, 13.6353
(34, 9): 0.0165, 3.0500, 13.6353
(34, 10): 0.0165, 3.0500, 13.6353
(34, 11): 0.0165, 3.0500, 13.6353
(34, 12): -0.0553, 3.0500, 11.3643
(34, 13): -0.0553, 3.0500, 11.3643
(34, 14): 0.0251, 3.0300, 32.4002
(34, 15): 0.0251, 3.0300, 32.4002
(34, 16): 0.0251, 3.0300, 32.4002
(34, 17): 0.0251, 3.0300, 32.4002
(34, 18): 0.0251, 3.0300, 32.4002
(34, 19): 0.0251, 3.0300, 32.4002
(34, 20): 0.0845, 3.1900, 60.2635
(34, 21): 0.0948, 3.0300, 60.5876
(34, 22): -0.0409, 3.0300, 9.8017
(34, 23): -0.0409, 3.0300, 9.8017
(34, 24): -0.0409, 3.0300, 9.8017
(34, 25): -0.0409, 3.0300, 9.8017
(34, 26): -0.0409, 3.0300, 9.8017
(34, 27): -0.0409, 3.0300, 9.8017
