(1, 1): 0.2695, 0.1001, 2.5415, 0.2249
(1, 2): 0.2695, 0.1001, 2.5415, 0.2249
(1, 3): 0.2454, 0.1004, 2.7075, 0.2733
(1, 4): 0.2454, 0.1004, 2.7075, 0.2733
(1, 5): 0.2984, 0.1011, 2.6679, 0.2603
(1, 6): 0.3192, 0.1005, 2.7587, 0.2600
(1, 7): 0.2873, 0.1013, 2.9933, 0.1773
(1, 8): 0.2873, 0.1013, 2.9933, 0.1773
(1, 9): 0.4702, 0.1002, 2.2995, 0.2747
(1, 10): 0.3115, 0.1003, 2.9159, 0.2293
(1, 11): 0.3115, 0.1003, 2.9159, 0.2293
(1, 12): 0.3045, 0.1013, 2.8745, 0.2710
(1, 13): 0.3284, 0.1006, 2.7880, 0.2806
(1, 14): 0.3778, 0.1000, 2.4816, 0.2566
(1, 15): 0.3778, 0.1000, 2.4816, 0.2566
(1, 16): 0.4082, 0.1005, 2.2433, 0.2470
(1, 17): 0.3382, 0.1001, 2.4126, 0.2917
(1, 18): 0.3382, 0.1001, 2.4126, 0.2917
(1, 19): 0.3628, 0.1011, 2.2634, 0.2566
(1, 20): 0.3316, 0.1006, 2.4919, 0.2788
(1, 21): 0.4279, 0.1003, 2.1371, 0.2485
(1, 22): 0.4279, 0.1003, 2.1371, 0.2485
(1, 23): 0.4414, 0.1001, 2.3375, 0.2504
(1, 24): 0.2823, 0.1009, 3.1942, 0.2253
(1, 25): 0.3222, 0.1004, 3.3100, 0.2308
(1, 26): 0.3222, 0.1004, 3.3100, 0.2308
(1, 27): 0.2481, 0.1008, 4.0593, 0.2559
(1, 28): 0.4825, 0.1006, 2.8482, 0.2518
(1, 29): 0.4825, 0.1006, 2.8482, 0.2518
(1, 30): 0.4796, 0.1001, 2.0680, 0.2699
(1, 31): 0.3600, 0.1013, 1.7119, 0.2862
(1, 32): 0.2126, 0.1007, 2.0150, 0.3146
(1, 33): 0.2126, 0.1007, 2.0150, 0.3146
(1, 34): 0.2183, 0.1005, 2.1053, 0.3080
(1, 35): 0.3449, 0.1013, 2.0787, 0.2810
(1, 36): 0.3449, 0.1013, 2.0787, 0.2810
(1, 37): 0.1241, 0.1003, 3.3830, 0.2762
(2, 1): 0.2933, 0.1003, 2.6676, 0.2747
(2, 2): 0.2933, 0.1003, 2.6676, 0.2747
(2, 3): 0.3150, 0.1010, 2.6746, 0.2722
(2, 4): 0.3150, 0.1010, 2.6746, 0.2722
(2, 5): 0.2790, 0.1004, 2.8308, 0.2866
(2, 6): 0.3537, 0.1007, 2.6825, 0.2367
(2, 7): 0.3842, 0.1008, 2.4683, 0.2640
(2, 8): 0.3842, 0.1008, 2.4683, 0.2640
(2, 9): 0.2966, 0.1001, 2.8008, 0.2363
(2, 10): 0.1914, 0.1015, 3.4831, 0.1765
(2, 11): 0.1914, 0.1015, 3.4831, 0.1765
(2, 12): 0.3341, 0.1000, 2.6995, 0.2618
(2, 13): 0.3284, 0.1006, 2.7880, 0.2806
(2, 14): 0.3778, 0.1000, 2.4816, 0.2566
(2, 15): 0.3778, 0.1000, 2.4816, 0.2566
(2, 16): 0.4082, 0.1005, 2.2433, 0.2470
(2, 17): 0.3382, 0.1001, 2.4126, 0.2917
(2, 18): 0.3382, 0.1001, 2.4126, 0.2917
(2, 19): 0.3628, 0.1011, 2.2634, 0.2566
(2, 20): 0.3316, 0.1006, 2.4919, 0.2788
(2, 21): 0.4279, 0.1003, 2.1371, 0.2485
(2, 22): 0.4279, 0.1003, 2.1371, 0.2485
(2, 23): 0.4414, 0.1001, 2.3375, 0.2504
(2, 24): 0.2823, 0.1009, 3.1942, 0.2253
(2, 25): 0.3222, 0.1004, 3.3100, 0.2308
(2, 26): 0.3222, 0.1004, 3.3100, 0.2308
(2, 27): 0.2481, 0.1008, 4.0593, 0.2559
(2, 28): 0.4825, 0.1006, 2.8482, 0.2518
(2, 29): 0.4825, 0.1006, 2.8482, 0.2518
(2, 30): 0.2547, 0.1014, 2.1628, 0.2873
(2, 31): 0.3650, 0.1002, 1.4867, 0.3309
(2, 32): 0.2491, 0.1013, 1.9105, 0.3623
(2, 33): 0.2491, 0.1013, 1.9105, 0.3623
(2, 34): 0.2573, 0.1001, 2.0878, 0.3139
(2, 35): 0.1577, 0.1002, 2.9794, 0.2710
(2, 36): 0.1577, 0.1002, 2.9794, 0.2710
(2, 37): 0.2422, 0.1006, 3.2854, 0.2493
(3, 1): 0.2957, 0.1028, 2.7044, 0.2662
(3, 2): 0.2957, 0.1028, 2.7044, 0.2662
(3, 3): 0.3809, 0.1002, 2.4617, 0.2659
(3, 4): 0.3809, 0.1002, 2.4617, 0.2659
(3, 5): 0.3328, 0.1008, 2.5963, 0.2312
(3, 6): 0.3318, 0.1006, 2.5999, 0.2533
(3, 7): 0.3842, 0.1008, 2.4683, 0.2640
(3, 8): 0.3842, 0.1008, 2.4683, 0.2640
(3, 9): 0.2966, 0.1001, 2.8008, 0.2363
(3, 10): 0.1914, 0.1015, 3.4831, 0.1765
(3, 11): 0.1914, 0.1015, 3.4831, 0.1765
(3, 12): 0.3341, 0.1000, 2.6995, 0.2618
(3, 13): 0.2656, 0.1012, 3.0857, 0.2286
(3, 14): 0.3481, 0.1011, 2.6277, 0.2847
(3, 15): 0.3481, 0.1011, 2.6277, 0.2847
(3, 16): 0.4126, 0.1010, 2.2442, 0.2363
(3, 17): 0.4439, 0.1004, 1.9798, 0.2755
(3, 18): 0.4439, 0.1004, 1.9798, 0.2755
(3, 19): 0.4632, 0.1002, 1.8845, 0.2367
(3, 20): 0.3802, 0.1000, 2.3027, 0.2858
(3, 21): 0.4176, 0.1000, 2.3061, 0.2614
(3, 22): 0.4176, 0.1000, 2.3061, 0.2614
(3, 23): 0.2184, 0.1010, 3.1857, 0.3143
(3, 24): 0.2598, 0.1005, 3.1142, 0.2537
(3, 25): 0.2598, 0.1005, 3.1142, 0.2537
(3, 26): 0.3911, 0.1000, 2.6925, 0.2633
(3, 27): 0.3559, 0.1000, 2.7007, 0.2928
(3, 28): 0.3127, 0.1003, 2.6333, 0.2744
(3, 29): 0.3127, 0.1003, 2.6333, 0.2744
(3, 30): 0.2547, 0.1014, 2.1628, 0.2873
(3, 31): 0.3650, 0.1002, 1.4867, 0.3309
(3, 32): 0.2491, 0.1013, 1.9105, 0.3623
(3, 33): 0.2491, 0.1013, 1.9105, 0.3623
(3, 34): 0.2573, 0.1001, 2.0878, 0.3139
(3, 35): 0.1577, 0.1002, 2.9794, 0.2710
(3, 36): 0.1577, 0.1002, 2.9794, 0.2710
(3, 37): 0.2881, 0.1000, 3.7822, 0.2459
(4, 1): 0.3742, 0.1003, 2.4415, 0.2496
(4, 2): 0.3742, 0.1003, 2.4415, 0.2496
(4, 3): 0.3809, 0.1002, 2.4617, 0.2659
(4, 4): 0.3809, 0.1002, 2.4617, 0.2659
(4, 5): 0.3328, 0.1008, 2.5963, 0.2312
(4, 6): 0.3318, 0.1006, 2.5999, 0.2533
(4, 7): 0.2722, 0.1001, 2.9456, 0.2999
(4, 8): 0.2722, 0.1001, 2.9456, 0.2999
(4, 9): 0.3920, 0.1003, 2.4083, 0.2448
(4, 10): 0.3542, 0.1004, 2.6303, 0.2648
(4, 11): 0.3542, 0.1004, 2.6303, 0.2648
(4, 12): 0.2444, 0.1006, 3.0402, 0.2810
(4, 13): 0.3308, 0.1005, 2.6434, 0.2345
(4, 14): 0.4117, 0.1004, 2.3202, 0.2530
(4, 15): 0.4117, 0.1004, 2.3202, 0.2530
(4, 16): 0.4326, 0.1004, 2.1299, 0.2526
(4, 17): 0.4907, 0.1002, 1.9041, 0.2419
(4, 18): 0.4907, 0.1002, 1.9041, 0.2419
(4, 19): 0.4181, 0.1002, 2.1852, 0.2559
(4, 20): 0.4483, 0.1002, 2.1399, 0.2829
(4, 21): 0.3784, 0.1001, 2.6849, 0.2496
(4, 22): 0.3784, 0.1001, 2.6849, 0.2496
(4, 23): 0.4585, 0.1008, 2.1726, 0.2825
(4, 24): 0.3753, 0.1006, 2.6835, 0.2478
(4, 25): 0.3753, 0.1006, 2.6835, 0.2478
(4, 26): 0.3944, 0.1011, 2.4304, 0.2758
(4, 27): 0.3576, 0.1000, 2.5864, 0.2622
(4, 28): 0.3004, 0.1004, 2.4369, 0.3102
(4, 29): 0.3004, 0.1004, 2.4369, 0.3102
(4, 30): 0.2976, 0.1002, 2.1018, 0.3239
(4, 31): 0.4234, 0.1000, 1.6277, 0.3006
(4, 32): 0.3788, 0.1014, 1.8442, 0.2555
(4, 33): 0.3788, 0.1014, 1.8442, 0.2555
(4, 34): 0.1888, 0.1001, 2.8048, 0.2696
(4, 35): 0.3120, 0.1008, 2.5967, 0.2518
(4, 36): 0.3120, 0.1008, 2.5967, 0.2518
(4, 37): 0.2881, 0.1000, 3.7822, 0.2459
(5, 1): 0.3742, 0.1003, 2.4415, 0.2496
(5, 2): 0.3742, 0.1003, 2.4415, 0.2496
(5, 3): 0.3874, 0.1003, 2.5341, 0.2681
(5, 4): 0.3874, 0.1003, 2.5341, 0.2681
(5, 5): 0.4123, 0.1009, 2.3752, 0.2282
(5, 6): 0.2471, 0.1018, 3.1054, 0.2710
(5, 7): 0.3488, 0.1009, 2.5900, 0.2175
(5, 8): 0.3488, 0.1009, 2.5900, 0.2175
(5, 9): 0.3486, 0.1001, 2.5030, 0.2315
(5, 10): 0.4054, 0.1007, 2.3232, 0.2614
(5, 11): 0.4054, 0.1007, 2.3232, 0.2614
(5, 12): 0.3670, 0.1014, 2.5349, 0.2286
(5, 13): 0.4165, 0.1004, 2.2714, 0.2574
(5, 14): 0.4308, 0.1001, 2.1726, 0.2755
(5, 15): 0.4308, 0.1001, 2.1726, 0.2755
(5, 16): 0.4088, 0.1005, 2.2269, 0.2611
(5, 17): 0.5070, 0.1015, 1.8838, 0.2445
(5, 18): 0.5070, 0.1015, 1.8838, 0.2445
(5, 19): 0.4263, 0.1014, 2.1134, 0.2899
(5, 20): 0.5694, 0.1006, 2.0323, 0.2559
(5, 21): 0.4783, 0.1001, 2.3022, 0.2903
(5, 22): 0.4783, 0.1001, 2.3022, 0.2903
(5, 23): 0.3889, 0.1001, 2.6471, 0.2873
(5, 24): 0.3299, 0.1007, 2.8130, 0.2334
(5, 25): 0.3299, 0.1007, 2.8130, 0.2334
(5, 26): 0.4870, 0.1001, 2.0348, 0.2781
(5, 27): 0.2998, 0.1008, 2.6224, 0.3309
(5, 28): 0.3749, 0.1006, 2.1632, 0.2921
(5, 29): 0.3749, 0.1006, 2.1632, 0.2921
(5, 30): 0.4654, 0.1001, 1.7037, 0.2633
(5, 31): 0.3689, 0.1010, 2.1623, 0.2592
(5, 32): 0.3689, 0.1010, 2.1623, 0.2592
(5, 33): 0.2270, 0.1003, 2.9173, 0.3080
(5, 34): 0.2634, 0.1004, 2.8843, 0.2637
(5, 35): 0.2231, 0.1001, 4.0610, 0.2751
(5, 36): 0.2231, 0.1001, 4.0610, 0.2751
(5, 37): 0.2713, 0.1006, 4.5515, 0.2574
(6, 1): 0.3764, 0.1004, 2.3184, 0.2840
(6, 2): 0.3764, 0.1004, 2.3184, 0.2840
(6, 3): 0.3536, 0.1003, 2.5694, 0.2386
(6, 4): 0.3536, 0.1003, 2.5694, 0.2386
(6, 5): 0.4091, 0.1006, 2.4290, 0.2692
(6, 6): 0.2723, 0.1003, 3.1261, 0.3035
(6, 7): 0.2861, 0.1007, 2.9536, 0.2334
(6, 8): 0.2861, 0.1007, 2.9536, 0.2334
(6, 9): 0.3313, 0.1006, 2.6009, 0.2459
(6, 10): 0.3556, 0.1008, 2.6387, 0.2511
(6, 11): 0.3556, 0.1008, 2.6387, 0.2511
(6, 12): 0.3969, 0.1013, 2.4626, 0.2770
(6, 13): 0.4473, 0.1001, 2.2793, 0.2847
(6, 14): 0.4615, 0.1009, 2.1196, 0.2744
(6, 15): 0.4615, 0.1009, 2.1196, 0.2744
(6, 16): 0.4390, 0.1009, 2.1717, 0.2581
(6, 17): 0.5489, 0.1001, 1.7409, 0.2153
(6, 18): 0.5489, 0.1001, 1.7409, 0.2153
(6, 19): 0.4567, 0.1008, 2.0302, 0.2614
(6, 20): 0.4933, 0.1004, 2.4204, 0.2814
(6, 21): 0.5082, 0.1002, 2.2028, 0.2448
(6, 22): 0.5082, 0.1002, 2.2028, 0.2448
(6, 23): 0.3820, 0.1007, 2.5583, 0.2766
(6, 24): 0.3709, 0.1000, 2.2901, 0.2862
(6, 25): 0.3709, 0.1000, 2.2901, 0.2862
(6, 26): 0.3933, 0.1002, 2.1448, 0.2758
(6, 27): 0.4408, 0.1003, 1.9584, 0.2740
(6, 28): 0.4156, 0.1003, 2.1739, 0.2478
(6, 29): 0.4156, 0.1003, 2.1739, 0.2478
(6, 30): 0.3858, 0.1004, 2.1006, 0.2947
(6, 31): 0.2068, 0.1002, 2.8814, 0.2910
(6, 32): 0.2068, 0.1002, 2.8814, 0.2910
(6, 33): 0.3238, 0.1002, 2.4082, 0.2681
(6, 34): 0.2935, 0.1001, 3.2473, 0.2655
(6, 35): 0.3772, 0.1001, 4.0547, 0.2216
(6, 36): 0.3772, 0.1001, 4.0547, 0.2216
(6, 37): 0.4285, 0.1002, 3.9273, 0.2157
(7, 1): 0.4613, 0.1007, 1.9949, 0.2662
(7, 2): 0.4613, 0.1007, 1.9949, 0.2662
(7, 3): 0.4114, 0.1006, 2.2694, 0.2651
(7, 4): 0.4583, 0.1015, 2.1606, 0.2474
(7, 5): 0.4583, 0.1015, 2.1606, 0.2474
(7, 6): 0.2831, 0.1013, 3.1093, 0.3183
(7, 7): 0.2856, 0.1001, 2.9520, 0.2751
(7, 8): 0.2856, 0.1001, 2.9520, 0.2751
(7, 9): 0.3743, 0.1012, 2.5352, 0.2644
(7, 10): 0.2620, 0.1001, 2.9779, 0.2360
(7, 11): 0.4342, 0.1002, 2.2383, 0.2411
(7, 12): 0.4342, 0.1002, 2.2383, 0.2411
(7, 13): 0.4891, 0.1001, 2.1710, 0.2585
(7, 14): 0.4325, 0.1005, 2.2879, 0.2356
(7, 15): 0.4325, 0.1005, 2.2879, 0.2356
(7, 16): 0.3223, 0.1023, 2.6221, 0.2906
(7, 17): 0.4445, 0.1014, 2.1483, 0.2275
(7, 18): 0.4445, 0.1014, 2.1483, 0.2275
(7, 19): 0.4202, 0.1006, 2.1982, 0.2526
(7, 20): 0.3630, 0.1015, 2.8764, 0.2578
(7, 21): 0.3597, 0.1004, 2.7124, 0.2810
(7, 22): 0.3597, 0.1004, 2.7124, 0.2810
(7, 23): 0.2180, 0.1002, 3.1415, 0.2585
(7, 24): 0.1830, 0.1005, 2.9982, 0.2408
(7, 25): 0.1830, 0.1005, 2.9982, 0.2408
(7, 26): 0.2800, 0.1005, 2.5860, 0.2788
(7, 27): 0.3723, 0.1008, 2.2842, 0.2725
(7, 28): 0.4797, 0.1009, 1.9446, 0.2341
(7, 29): 0.4797, 0.1009, 1.9446, 0.2341
(7, 30): 0.3535, 0.1001, 2.3113, 0.2951
(7, 31): 0.3492, 0.1005, 2.3625, 0.2710
(7, 32): 0.3492, 0.1005, 2.3625, 0.2710
(7, 33): 0.1524, 0.1002, 3.4669, 0.3235
(7, 34): 0.2049, 0.1005, 4.2842, 0.2530
(7, 35): 0.2919, 0.1024, 5.0348, 0.2326
(7, 36): 0.2919, 0.1024, 5.0348, 0.2326
(7, 37): 0.4651, 0.1000, 4.1344, 0.2120
(8, 1): 0.4193, 0.1009, 2.1215, 0.2271
(8, 2): 0.4193, 0.1009, 2.1215, 0.2271
(8, 3): 0.5057, 0.1006, 1.8866, 0.2637
(8, 4): 0.4103, 0.1005, 2.4160, 0.2500
(8, 5): 0.4103, 0.1005, 2.4160, 0.2500
(8, 6): 0.3020, 0.1001, 2.9487, 0.2906
(8, 7): 0.2768, 0.1002, 2.9718, 0.2651
(8, 8): 0.2768, 0.1002, 2.9718, 0.2651
(8, 9): 0.4157, 0.1001, 2.4840, 0.2962
(8, 10): 0.3639, 0.1002, 2.6345, 0.2788
(8, 11): 0.3654, 0.1015, 2.3940, 0.2818
(8, 12): 0.3654, 0.1015, 2.3940, 0.2818
(8, 13): 0.3769, 0.1009, 2.4302, 0.2803
(8, 14): 0.3494, 0.1008, 2.5463, 0.2614
(8, 15): 0.3494, 0.1008, 2.5463, 0.2614
(8, 16): 0.3167, 0.1004, 2.6078, 0.2703
(8, 17): 0.2350, 0.1006, 2.9843, 0.2710
(8, 18): 0.2350, 0.1006, 2.9843, 0.2710
(8, 19): 0.2970, 0.1002, 2.8412, 0.3150
(8, 20): 0.2971, 0.1004, 3.1162, 0.3224
(8, 21): 0.3598, 0.1007, 2.5919, 0.2515
(8, 22): 0.3598, 0.1007, 2.5919, 0.2515
(8, 23): 0.2828, 0.1004, 2.8034, 0.2962
(8, 24): 0.2540, 0.1007, 2.7899, 0.2507
(8, 25): 0.2540, 0.1007, 2.7899, 0.2507
(8, 26): 0.2453, 0.1003, 2.8163, 0.2563
(8, 27): 0.4519, 0.1001, 2.1659, 0.2419
(8, 28): 0.4905, 0.1004, 1.8844, 0.2622
(8, 29): 0.4905, 0.1004, 1.8844, 0.2622
(8, 30): 0.3208, 0.1002, 2.5313, 0.2603
(8, 31): 0.4833, 0.1004, 1.9399, 0.2629
(8, 32): 0.4833, 0.1004, 1.9399, 0.2629
(8, 33): 0.1182, 0.1002, 3.9944, 0.2548
(8, 34): 0.2303, 0.1007, 4.1916, 0.2256
(8, 35): 0.3228, 0.1001, 4.0251, 0.2463
(8, 36): 0.3228, 0.1001, 4.0251, 0.2463
(8, 37): 0.4200, 0.1037, 3.5661, 0.2382
(9, 1): 0.4337, 0.1001, 2.0681, 0.2452
(9, 2): 0.4337, 0.1001, 2.0681, 0.2452
(9, 3): 0.3859, 0.1003, 2.4710, 0.2880
(9, 4): 0.2106, 0.1002, 3.3725, 0.1839
(9, 5): 0.2106, 0.1002, 3.3725, 0.1839
(9, 6): 0.1677, 0.1004, 3.6579, 0.2123
(9, 7): 0.2981, 0.1005, 2.9440, 0.2304
(9, 8): 0.2981, 0.1005, 2.9440, 0.2304
(9, 9): 0.3518, 0.1001, 2.7420, 0.2818
(9, 10): 0.5369, 0.1004, 1.9514, 0.2352
(9, 11): 0.4616, 0.1001, 2.0683, 0.2478
(9, 12): 0.4616, 0.1001, 2.0683, 0.2478
(9, 13): 0.3624, 0.1013, 2.4167, 0.2463
(9, 14): 0.2926, 0.1001, 2.7490, 0.2555
(9, 15): 0.2926, 0.1001, 2.7490, 0.2555
(9, 16): 0.3577, 0.1010, 2.4824, 0.2363
(9, 17): 0.3453, 0.1009, 2.5953, 0.2511
(9, 18): 0.3453, 0.1009, 2.5953, 0.2511
(9, 19): 0.3133, 0.1011, 2.8264, 0.2670
(9, 20): 0.3061, 0.1005, 2.8004, 0.3076
(9, 21): 0.3570, 0.1010, 2.5503, 0.2928
(9, 22): 0.3570, 0.1010, 2.5503, 0.2928
(9, 23): 0.3106, 0.1003, 2.7414, 0.2685
(9, 24): 0.4955, 0.1005, 2.0023, 0.2688
(9, 25): 0.4955, 0.1005, 2.0023, 0.2688
(9, 26): 0.3529, 0.1013, 2.5023, 0.2740
(9, 27): 0.4201, 0.1022, 2.2408, 0.2190
(9, 28): 0.4795, 0.1014, 1.9201, 0.2526
(9, 29): 0.4795, 0.1014, 1.9201, 0.2526
(9, 30): 0.3028, 0.1015, 2.6273, 0.2378
(9, 31): 0.4193, 0.1025, 2.1812, 0.2799
(9, 32): 0.4193, 0.1025, 2.1812, 0.2799
(9, 33): 0.2120, 0.1009, 3.3653, 0.1953
(9, 34): 0.2413, 0.1000, 3.6845, 0.2788
(9, 35): 0.2760, 0.1005, 3.1659, 0.2688
(9, 36): 0.2760, 0.1005, 3.1659, 0.2688
(9, 37): 0.3562, 0.1004, 2.8033, 0.2685
(10, 1): 0.3901, 0.1008, 2.2939, 0.2843
(10, 2): 0.3901, 0.1008, 2.2939, 0.2843
(10, 3): 0.2129, 0.1020, 3.4123, 0.1928
(10, 4): 0.3116, 0.1005, 2.8357, 0.3157
(10, 5): 0.3116, 0.1005, 2.8357, 0.3157
(10, 6): 0.2895, 0.1001, 2.9465, 0.2530
(10, 7): 0.2392, 0.1010, 3.1408, 0.2456
(10, 8): 0.2392, 0.1010, 3.1408, 0.2456
(10, 9): 0.2021, 0.1011, 3.2688, 0.2386
(10, 10): 0.4108, 0.1010, 2.3722, 0.2688
(10, 11): 0.3197, 0.1005, 2.6580, 0.3227
(10, 12): 0.3197, 0.1005, 2.6580, 0.3227
(10, 13): 0.3731, 0.1011, 2.4790, 0.2570
(10, 14): 0.3130, 0.1001, 2.7787, 0.2223
(10, 15): 0.3130, 0.1001, 2.7787, 0.2223
(10, 16): 0.2869, 0.1011, 2.8428, 0.2792
(10, 17): 0.3391, 0.1007, 2.5768, 0.2766
(10, 18): 0.2007, 0.1003, 3.2685, 0.2278
(10, 19): 0.2007, 0.1003, 3.2685, 0.2278
(10, 20): 0.3231, 0.1000, 2.6744, 0.2637
(10, 21): 0.2954, 0.1023, 2.7141, 0.2633
(10, 22): 0.2954, 0.1023, 2.7141, 0.2633
(10, 23): 0.2416, 0.1021, 3.1141, 0.2832
(10, 24): 0.3502, 0.1002, 2.5889, 0.2884
(10, 25): 0.3502, 0.1002, 2.5889, 0.2884
(10, 26): 0.5348, 0.1003, 1.8841, 0.2618
(10, 27): 0.4026, 0.1002, 2.2845, 0.2422
(10, 28): 0.3443, 0.1000, 2.4765, 0.2976
(10, 29): 0.3443, 0.1000, 2.4765, 0.2976
(10, 30): 0.3887, 0.1007, 2.3198, 0.2507
(10, 31): 0.2472, 0.1010, 2.9891, 0.2330
(10, 32): 0.2472, 0.1010, 2.9891, 0.2330
(10, 33): 0.2114, 0.1005, 3.2085, 0.2899
(10, 34): 0.3081, 0.1009, 3.0350, 0.2419
(10, 35): 0.2034, 0.1007, 3.2820, 0.2795
(10, 36): 0.2034, 0.1007, 3.2820, 0.2795
(10, 37): 0.3085, 0.1001, 2.6914, 0.2496
(11, 1): 0.2745, 0.1013, 2.9039, 0.2563
(11, 2): 0.2745, 0.1013, 2.9039, 0.2563
(11, 3): 0.2768, 0.1003, 2.9718, 0.2692
(11, 4): 0.3362, 0.1000, 2.7062, 0.2197
(11, 5): 0.3362, 0.1000, 2.7062, 0.2197
(11, 6): 0.3366, 0.1001, 2.6841, 0.2208
(11, 7): 0.2044, 0.1006, 3.2961, 0.2290
(11, 8): 0.2044, 0.1006, 3.2961, 0.2290
(11, 9): 0.3204, 0.1002, 2.5157, 0.2611
(11, 10): 0.2883, 0.1003, 2.7639, 0.2555
(11, 11): 0.3525, 0.1002, 2.5649, 0.2507
(11, 12): 0.3525, 0.1002, 2.5649, 0.2507
(11, 13): 0.4025, 0.1006, 2.4106, 0.2282
(11, 14): 0.4762, 0.1008, 2.1428, 0.2566
(11, 15): 0.4762, 0.1008, 2.1428, 0.2566
(11, 16): 0.3358, 0.1002, 2.6666, 0.2504
(11, 17): 0.1867, 0.1009, 3.2277, 0.2969
(11, 18): 0.2898, 0.1013, 2.7955, 0.2105
(11, 19): 0.2898, 0.1013, 2.7955, 0.2105
(11, 20): 0.3399, 0.1001, 2.5305, 0.2341
(11, 21): 0.3313, 0.1007, 2.6266, 0.2710
(11, 22): 0.3313, 0.1007, 2.6266, 0.2710
(11, 23): 0.2505, 0.1022, 3.0896, 0.2758
(11, 24): 0.3232, 0.1006, 2.8326, 0.1894
(11, 25): 0.3232, 0.1006, 2.8326, 0.1894
(11, 26): 0.5021, 0.1003, 2.0666, 0.2744
(11, 27): 0.3616, 0.1006, 2.5113, 0.2670
(11, 28): 0.4093, 0.1001, 2.4012, 0.2437
(11, 29): 0.4093, 0.1001, 2.4012, 0.2437
(11, 30): 0.3285, 0.1000, 2.5933, 0.2969
(11, 31): 0.2811, 0.1001, 2.8722, 0.2559
(11, 32): 0.2811, 0.1001, 2.8722, 0.2559
(11, 33): 0.2924, 0.1009, 2.9517, 0.2530
(11, 34): 0.3045, 0.1010, 3.0431, 0.2792
(11, 35): 0.3601, 0.1008, 2.7312, 0.2991
(11, 36): 0.3601, 0.1008, 2.7312, 0.2991
(11, 37): 0.5138, 0.1000, 2.0525, 0.2585
(12, 1): 0.2699, 0.1012, 2.9498, 0.2168
(12, 2): 0.2699, 0.1012, 2.9498, 0.2168
(12, 3): 0.2980, 0.1008, 2.8428, 0.2256
(12, 4): 0.3236, 0.1003, 2.7475, 0.2271
(12, 5): 0.3236, 0.1003, 2.7475, 0.2271
(12, 6): 0.3539, 0.1005, 2.6409, 0.2873
(12, 7): 0.2458, 0.1002, 3.0310, 0.2400
(12, 8): 0.2458, 0.1002, 3.0310, 0.2400
(12, 9): 0.3476, 0.1001, 2.4345, 0.2740
(12, 10): 0.4191, 0.1007, 2.2036, 0.2186
(12, 11): 0.5641, 0.1006, 1.8887, 0.2441
(12, 12): 0.5641, 0.1006, 1.8887, 0.2441
(12, 13): 0.3418, 0.1002, 2.7062, 0.2293
(12, 14): 0.4227, 0.1006, 2.1802, 0.2696
(12, 15): 0.4227, 0.1006, 2.1802, 0.2696
(12, 16): 0.3485, 0.1000, 2.5953, 0.2275
(12, 17): 0.3531, 0.1018, 2.5854, 0.2430
(12, 18): 0.2208, 0.1013, 3.0406, 0.2810
(12, 19): 0.2208, 0.1013, 3.0406, 0.2810
(12, 20): 0.3296, 0.1003, 2.5600, 0.2592
(12, 21): 0.3659, 0.1009, 2.5763, 0.2526
(12, 22): 0.3659, 0.1009, 2.5763, 0.2526
(12, 23): 0.2614, 0.1011, 3.0189, 0.2164
(12, 24): 0.3900, 0.1006, 2.5364, 0.2899
(12, 25): 0.3900, 0.1006, 2.5364, 0.2899
(12, 26): 0.3874, 0.1003, 2.5017, 0.3039
(12, 27): 0.3627, 0.1001, 2.5685, 0.2500
(12, 28): 0.4552, 0.1021, 2.2039, 0.2614
(12, 29): 0.4552, 0.1021, 2.2039, 0.2614
(12, 30): 0.5436, 0.1002, 1.8121, 0.2349
(12, 31): 0.4537, 0.1002, 2.1517, 0.2755
(12, 32): 0.4537, 0.1002, 2.1517, 0.2755
(12, 33): 0.3705, 0.1001, 2.7428, 0.2530
(12, 34): 0.3118, 0.1001, 3.0437, 0.2803
(12, 35): 0.3118, 0.1001, 3.0437, 0.2803
(12, 36): 0.3503, 0.1010, 2.8000, 0.2843
(12, 37): 0.4875, 0.1011, 2.1417, 0.2607
(13, 1): 0.2937, 0.1000, 2.8545, 0.2659
(13, 2): 0.2937, 0.1000, 2.8545, 0.2659
(13, 3): 0.3119, 0.1004, 2.7644, 0.2179
(13, 4): 0.3134, 0.1007, 2.7606, 0.3006
(13, 5): 0.3134, 0.1007, 2.7606, 0.3006
(13, 6): 0.2857, 0.1007, 2.8753, 0.1935
(13, 7): 0.4825, 0.1000, 2.1878, 0.2349
(13, 8): 0.4825, 0.1000, 2.1878, 0.2349
(13, 9): 0.4553, 0.1025, 2.2426, 0.2585
(13, 10): 0.4461, 0.1016, 2.2829, 0.2880
(13, 11): 0.3591, 0.1003, 2.5766, 0.2522
(13, 12): 0.3591, 0.1003, 2.5766, 0.2522
(13, 13): 0.3418, 0.1002, 2.7062, 0.2293
(13, 14): 0.4227, 0.1006, 2.1802, 0.2696
(13, 15): 0.4227, 0.1006, 2.1802, 0.2696
(13, 16): 0.3485, 0.1000, 2.5953, 0.2275
(13, 17): 0.3531, 0.1018, 2.5854, 0.2430
(13, 18): 0.2208, 0.1013, 3.0406, 0.2810
(13, 19): 0.2208, 0.1013, 3.0406, 0.2810
(13, 20): 0.3296, 0.1003, 2.5600, 0.2592
(13, 21): 0.3659, 0.1009, 2.5763, 0.2526
(13, 22): 0.3659, 0.1009, 2.5763, 0.2526
(13, 23): 0.2614, 0.1011, 3.0189, 0.2164
(13, 24): 0.3900, 0.1006, 2.5364, 0.2899
(13, 25): 0.3900, 0.1006, 2.5364, 0.2899
(13, 26): 0.3874, 0.1003, 2.5017, 0.3039
(13, 27): 0.3627, 0.1001, 2.5685, 0.2500
(13, 28): 0.4552, 0.1021, 2.2039, 0.2614
(13, 29): 0.4552, 0.1021, 2.2039, 0.2614
(13, 30): 0.5436, 0.1002, 1.8121, 0.2349
(13, 31): 0.3887, 0.1004, 2.5592, 0.2356
(13, 32): 0.3887, 0.1004, 2.5592, 0.2356
(13, 33): 0.4191, 0.1005, 2.4707, 0.2275
(13, 34): 0.3539, 0.1017, 2.9023, 0.2614
(13, 35): 0.3539, 0.1017, 2.9023, 0.2614
(13, 36): 0.3698, 0.1004, 2.6185, 0.2297
(13, 37): 0.4199, 0.1003, 2.2335, 0.2548
(14, 1): 0.2894, 0.1005, 2.8417, 0.2068
(14, 2): 0.2894, 0.1005, 2.8417, 0.2068
(14, 3): 0.2819, 0.1000, 2.8800, 0.2862
(14, 4): 0.2804, 0.1011, 2.8742, 0.2242
(14, 5): 0.2804, 0.1011, 2.8742, 0.2242
(14, 6): 0.4662, 0.1017, 2.2225, 0.2190
(14, 7): 0.4825, 0.1000, 2.1878, 0.2349
(14, 8): 0.4553, 0.1025, 2.2426, 0.2585
(14, 9): 0.4553, 0.1025, 2.2426, 0.2585
(14, 10): 0.4461, 0.1016, 2.2829, 0.2880
(14, 11): 0.3591, 0.1003, 2.5766, 0.2522
(14, 12): 0.3591, 0.1003, 2.5766, 0.2522
(14, 13): 0.4906, 0.1003, 2.2119, 0.2563
(14, 14): 0.5056, 0.1010, 2.1791, 0.2555
(14, 15): 0.5056, 0.1010, 2.1791, 0.2555
(14, 16): 0.4518, 0.1003, 2.3647, 0.2223
(14, 17): 0.4379, 0.1006, 2.3148, 0.2670
(14, 18): 0.2994, 0.1010, 2.7480, 0.2733
(14, 19): 0.2994, 0.1010, 2.7480, 0.2733
(14, 20): 0.3551, 0.1012, 2.5515, 0.2999
(14, 21): 0.3452, 0.1006, 2.5896, 0.2699
(14, 22): 0.3452, 0.1006, 2.5896, 0.2699
(14, 23): 0.3699, 0.1007, 2.5472, 0.2212
(14, 24): 0.1912, 0.1014, 3.5650, 0.2445
(14, 25): 0.1912, 0.1014, 3.5650, 0.2445
(14, 26): 0.3118, 0.1014, 2.7845, 0.2500
(14, 27): 0.2884, 0.1001, 2.8327, 0.3353
(14, 28): 0.3746, 0.1000, 2.4654, 0.2533
(14, 29): 0.3746, 0.1000, 2.4654, 0.2533
(14, 30): 0.3639, 0.1004, 2.4377, 0.2851
(14, 31): 0.3887, 0.1004, 2.5592, 0.2356
(14, 32): 0.3887, 0.1004, 2.5592, 0.2356
(14, 33): 0.4191, 0.1005, 2.4707, 0.2275
(14, 34): 0.3539, 0.1017, 2.9023, 0.2614
(14, 35): 0.3539, 0.1017, 2.9023, 0.2614
(14, 36): 0.3698, 0.1004, 2.6185, 0.2297
(14, 37): 0.4164, 0.1022, 2.3800, 0.2614
(15, 1): 0.3007, 0.1000, 2.7754, 0.2205
(15, 2): 0.3007, 0.1000, 2.7754, 0.2205
(15, 3): 0.2819, 0.1000, 2.8800, 0.2862
(15, 4): 0.2804, 0.1011, 2.8742, 0.2242
(15, 5): 0.2804, 0.1011, 2.8742, 0.2242
(15, 6): 0.4662, 0.1017, 2.2225, 0.2190
(15, 7): 0.4678, 0.1008, 2.2166, 0.2674
(15, 8): 0.4877, 0.1010, 2.1799, 0.2408
(15, 9): 0.4877, 0.1010, 2.1799, 0.2408
(15, 10): 0.2487, 0.1030, 3.2568, 0.2873
(15, 11): 0.2050, 0.1007, 3.5629, 0.2688
(15, 12): 0.2050, 0.1007, 3.5629, 0.2688
(15, 13): 0.3598, 0.1000, 2.7981, 0.2618
(15, 14): 0.3229, 0.1010, 2.9359, 0.2707
(15, 15): 0.3229, 0.1010, 2.9359, 0.2707
(15, 16): 0.3561, 0.1008, 2.6466, 0.2633
(15, 17): 0.3613, 0.1002, 2.5322, 0.2607
(15, 18): 0.3029, 0.1000, 2.7361, 0.2947
(15, 19): 0.3029, 0.1000, 2.7361, 0.2947
(15, 20): 0.4177, 0.1009, 2.3243, 0.2810
(15, 21): 0.3813, 0.1001, 2.4481, 0.2855
(15, 22): 0.3813, 0.1001, 2.4481, 0.2855
(15, 23): 0.3424, 0.1003, 2.8225, 0.2651
(15, 24): 0.2596, 0.1004, 3.3991, 0.2939
(15, 25): 0.2596, 0.1004, 3.3991, 0.2939
(15, 26): 0.3267, 0.1006, 2.9872, 0.2744
(15, 27): 0.4149, 0.1004, 2.4261, 0.2452
(15, 28): 0.3976, 0.1006, 2.4881, 0.2792
(15, 29): 0.3976, 0.1006, 2.4881, 0.2792
(15, 30): 0.3451, 0.1008, 2.7405, 0.2382
(15, 31): 0.3952, 0.1005, 2.5439, 0.2618
(15, 32): 0.3952, 0.1005, 2.5439, 0.2618
(15, 33): 0.3970, 0.1001, 2.5000, 0.2408
(15, 34): 0.5146, 0.1002, 2.1348, 0.2275
(15, 35): 0.5146, 0.1002, 2.1348, 0.2275
(15, 36): 0.3836, 0.1004, 2.6111, 0.2674
(15, 37): 0.4164, 0.1022, 2.3800, 0.2614
(16, 1): 0.3007, 0.1000, 2.7754, 0.2205
(16, 2): 0.3007, 0.1000, 2.7754, 0.2205
(16, 3): 0.3371, 0.1015, 2.6474, 0.2984
(16, 4): 0.4454, 0.1007, 2.2761, 0.1990
(16, 5): 0.4454, 0.1007, 2.2761, 0.1990
(16, 6): 0.4528, 0.1002, 2.2748, 0.2637
(16, 7): 0.4277, 0.1002, 2.4029, 0.2526
(16, 8): 0.2675, 0.1010, 3.2453, 0.2264
(16, 9): 0.2675, 0.1010, 3.2453, 0.2264
(16, 10): 0.2731, 0.1005, 3.2339, 0.2182
(16, 11): 0.2374, 0.1012, 3.5793, 0.2762
(16, 12): 0.2374, 0.1012, 3.5793, 0.2762
(16, 13): 0.4053, 0.1008, 2.5645, 0.2618
(16, 14): 0.4366, 0.1001, 2.5299, 0.2533
(16, 15): 0.4366, 0.1001, 2.5299, 0.2533
(16, 16): 0.4328, 0.1001, 2.3863, 0.2363
(16, 17): 0.3394, 0.1001, 2.6128, 0.2271
(16, 18): 0.4309, 0.1000, 2.3266, 0.2264
(16, 19): 0.4309, 0.1000, 2.3266, 0.2264
(16, 20): 0.5219, 0.1007, 2.1311, 0.2293
(16, 21): 0.4492, 0.1010, 2.4770, 0.2600
(16, 22): 0.4492, 0.1010, 2.4770, 0.2600
(16, 23): 0.3896, 0.1009, 2.7372, 0.2825
(16, 24): 0.3228, 0.1021, 3.2007, 0.2618
(16, 25): 0.3228, 0.1021, 3.2007, 0.2618
(16, 26): 0.3794, 0.1008, 3.2007, 0.2629
(16, 27): 0.3945, 0.1005, 2.5538, 0.2877
(16, 28): 0.4072, 0.1013, 2.3440, 0.2688
(16, 29): 0.4072, 0.1013, 2.3440, 0.2688
(16, 30): 0.3284, 0.1015, 2.6401, 0.2603
(16, 31): 0.2741, 0.1008, 2.8556, 0.2374
(16, 32): 0.2741, 0.1008, 2.8556, 0.2374
(16, 33): 0.4394, 0.1003, 2.3298, 0.2404
(16, 34): 0.3749, 0.1002, 2.7767, 0.2275
(16, 35): 0.3749, 0.1002, 2.7767, 0.2275
(16, 36): 0.4254, 0.1005, 2.4397, 0.2489
(16, 37): 0.4955, 0.1006, 2.1505, 0.2552
(17, 1): 0.3775, 0.1007, 2.4780, 0.2755
(17, 2): 0.3775, 0.1007, 2.4780, 0.2755
(17, 3): 0.4609, 0.1009, 2.2162, 0.2330
(17, 4): 0.4413, 0.1000, 2.3069, 0.2504
(17, 5): 0.4413, 0.1000, 2.3069, 0.2504
(17, 6): 0.2134, 0.1002, 3.4633, 0.1695
(17, 7): 0.2458, 0.1002, 3.3457, 0.1965
(17, 8): 0.2022, 0.1018, 3.8288, 0.1695
(17, 9): 0.2022, 0.1018, 3.8288, 0.1695
(17, 10): 0.3270, 0.1002, 3.0410, 0.3017
(17, 11): 0.4606, 0.1008, 2.3274, 0.2729
(17, 12): 0.4606, 0.1008, 2.3274, 0.2729
(17, 13): 0.4226, 0.1004, 2.4635, 0.2600
(17, 14): 0.3667, 0.1003, 2.7665, 0.2744
(17, 15): 0.3667, 0.1003, 2.7665, 0.2744
(17, 16): 0.4730, 0.1005, 2.1991, 0.2367
(17, 17): 0.3769, 0.1011, 2.4473, 0.2408
(17, 18): 0.4749, 0.1008, 2.2594, 0.2223
(17, 19): 0.4749, 0.1008, 2.2594, 0.2223
(17, 20): 0.4559, 0.1002, 2.5023, 0.2578
(17, 21): 0.4293, 0.1004, 2.5497, 0.2755
(17, 22): 0.4293, 0.1004, 2.5497, 0.2755
(17, 23): 0.4239, 0.1023, 2.4506, 0.2552
(17, 24): 0.4541, 0.1001, 2.5907, 0.2308
(17, 25): 0.4541, 0.1001, 2.5907, 0.2308
(17, 26): 0.4324, 0.1003, 2.8156, 0.2397
(17, 27): 0.4622, 0.1028, 2.2671, 0.2736
(17, 28): 0.4771, 0.1013, 2.0934, 0.2500
(17, 29): 0.4771, 0.1013, 2.0934, 0.2500
(17, 30): 0.3636, 0.1003, 2.5092, 0.2788
(17, 31): 0.3468, 0.1002, 2.6144, 0.2766
(17, 32): 0.3468, 0.1002, 2.6144, 0.2766
(17, 33): 0.3853, 0.1002, 2.6493, 0.2666
(17, 34): 0.4571, 0.1005, 2.4160, 0.2825
(17, 35): 0.4571, 0.1005, 2.4160, 0.2825
(17, 36): 0.5259, 0.1006, 2.0850, 0.2397
(17, 37): 0.5162, 0.1002, 2.0299, 0.2607
(18, 1): 0.4140, 0.1000, 2.2247, 0.2267
(18, 2): 0.4140, 0.1000, 2.2247, 0.2267
(18, 3): 0.4634, 0.1002, 2.2308, 0.2662
(18, 4): 0.2618, 0.1007, 3.2351, 0.2061
(18, 5): 0.2694, 0.1000, 3.3155, 0.2374
(18, 6): 0.2694, 0.1000, 3.3155, 0.2374
(18, 7): 0.3334, 0.1007, 2.9623, 0.2910
(18, 8): 0.3859, 0.1005, 2.7301, 0.2903
(18, 9): 0.3859, 0.1005, 2.7301, 0.2903
(18, 10): 0.4486, 0.1006, 2.2779, 0.2411
(18, 11): 0.4367, 0.1010, 2.3769, 0.2592
(18, 12): 0.4367, 0.1010, 2.3769, 0.2592
(18, 13): 0.3191, 0.1011, 2.8995, 0.2637
(18, 14): 0.2737, 0.1001, 2.9728, 0.2648
(18, 15): 0.2737, 0.1001, 2.9728, 0.2648
(18, 16): 0.5303, 0.1003, 2.0733, 0.2500
(18, 17): 0.4601, 0.1000, 2.3016, 0.2722
(18, 18): 0.4805, 0.1002, 2.1980, 0.2511
(18, 19): 0.4805, 0.1002, 2.1980, 0.2511
(18, 20): 0.4245, 0.1002, 2.5693, 0.2541
(18, 21): 0.4551, 0.1003, 2.3488, 0.2422
(18, 22): 0.4551, 0.1003, 2.3488, 0.2422
(18, 23): 0.4606, 0.1005, 2.4788, 0.2474
(18, 24): 0.5338, 0.1006, 2.3490, 0.2175
(18, 25): 0.5338, 0.1006, 2.3490, 0.2175
(18, 26): 0.4600, 0.1001, 2.4488, 0.2282
(18, 27): 0.4324, 0.1000, 2.3242, 0.2747
(18, 28): 0.4324, 0.1000, 2.3242, 0.2747
(18, 29): 0.3892, 0.1011, 2.4440, 0.2430
(18, 30): 0.3196, 0.1008, 2.7179, 0.2637
(18, 31): 0.3748, 0.1010, 2.5897, 0.2840
(18, 32): 0.3748, 0.1010, 2.5897, 0.2840
(18, 33): 0.4360, 0.1008, 2.4400, 0.2611
(18, 34): 0.3759, 0.1007, 2.6886, 0.2877
(18, 35): 0.3759, 0.1007, 2.6886, 0.2877
(18, 36): 0.4859, 0.1001, 2.1766, 0.2773
(18, 37): 0.4821, 0.1007, 2.0611, 0.2677
(19, 1): 0.1175, 0.1012, 2.3435, 0.2906
(19, 2): 0.1175, 0.1012, 2.3435, 0.2906
(19, 3): 0.2886, 0.1003, 3.1848, 0.1968
(19, 4): 0.2433, 0.1008, 3.5025, 0.2434
(19, 5): 0.3774, 0.1001, 2.7585, 0.2862
(19, 6): 0.3774, 0.1001, 2.7585, 0.2862
(19, 7): 0.4693, 0.1024, 2.1790, 0.2260
(19, 8): 0.4712, 0.1000, 2.2597, 0.2493
(19, 9): 0.4712, 0.1000, 2.2597, 0.2493
(19, 10): 0.3361, 0.1026, 2.8577, 0.2995
(19, 11): 0.3691, 0.1001, 2.5440, 0.2541
(19, 12): 0.3691, 0.1001, 2.5440, 0.2541
(19, 13): 0.3728, 0.1005, 2.4767, 0.2869
(19, 14): 0.3981, 0.1007, 2.4053, 0.2847
(19, 15): 0.3981, 0.1007, 2.4053, 0.2847
(19, 16): 0.3519, 0.1002, 2.7592, 0.2603
(19, 17): 0.4238, 0.1000, 2.5636, 0.2448
(19, 18): 0.5205, 0.1008, 2.1152, 0.2072
(19, 19): 0.5205, 0.1008, 2.1152, 0.2072
(19, 20): 0.4756, 0.1001, 2.0819, 0.2504
(19, 21): 0.5000, 0.1002, 2.0961, 0.2419
(19, 22): 0.5000, 0.1002, 2.0961, 0.2419
(19, 23): 0.3865, 0.1003, 2.6963, 0.2367
(19, 24): 0.3288, 0.1000, 2.8629, 0.1824
(19, 25): 0.3288, 0.1000, 2.8629, 0.1824
(19, 26): 0.5004, 0.1001, 2.1727, 0.2349
(19, 27): 0.3409, 0.1007, 2.6958, 0.2533
(19, 28): 0.3409, 0.1007, 2.6958, 0.2533
(19, 29): 0.5042, 0.1009, 2.0542, 0.2319
(19, 30): 0.3989, 0.1013, 2.4469, 0.2515
(19, 31): 0.2778, 0.1010, 2.9824, 0.2762
(19, 32): 0.2778, 0.1010, 2.9824, 0.2762
(19, 33): 0.3753, 0.1001, 2.5759, 0.2541
(19, 34): 0.3616, 0.1009, 2.6613, 0.2249
(19, 35): 0.3616, 0.1009, 2.6613, 0.2249
(19, 36): 0.3836, 0.1000, 2.5259, 0.2703
(19, 37): 0.5428, 0.1008, 1.9139, 0.2622
(20, 1): 0.2759, 0.1011, 1.8342, 0.2862
(20, 2): 0.2759, 0.1011, 1.8342, 0.2862
(20, 3): 0.3406, 0.1002, 2.7795, 0.2795
(20, 4): 0.4312, 0.1004, 2.5031, 0.2648
(20, 5): 0.4764, 0.1005, 2.1810, 0.2293
(20, 6): 0.4764, 0.1005, 2.1810, 0.2293
(20, 7): 0.4408, 0.1010, 2.4217, 0.2629
(20, 8): 0.4048, 0.1006, 2.4413, 0.2297
(20, 9): 0.4048, 0.1006, 2.4413, 0.2297
(20, 10): 0.3856, 0.1021, 2.4928, 0.2304
(20, 11): 0.4113, 0.1014, 2.4158, 0.2190
(20, 12): 0.4113, 0.1014, 2.4158, 0.2190
(20, 13): 0.4179, 0.1013, 2.3867, 0.2153
(20, 14): 0.3980, 0.1016, 2.4871, 0.2105
(20, 15): 0.3980, 0.1016, 2.4871, 0.2105
(20, 16): 0.4031, 0.1000, 2.4159, 0.2478
(20, 17): 0.3199, 0.1003, 2.8766, 0.2290
(20, 18): 0.5348, 0.1009, 1.9736, 0.1990
(20, 19): 0.5348, 0.1009, 1.9736, 0.1990
(20, 20): 0.4454, 0.1007, 2.2264, 0.2182
(20, 21): 0.3043, 0.1007, 2.7063, 0.3202
(20, 22): 0.3043, 0.1007, 2.7063, 0.3202
(20, 23): 0.4416, 0.1001, 2.2377, 0.2570
(20, 24): 0.4425, 0.1000, 2.2308, 0.2603
(20, 25): 0.4425, 0.1000, 2.2308, 0.2603
(20, 26): 0.5143, 0.1002, 2.0597, 0.2463
(20, 27): 0.3147, 0.1013, 2.8283, 0.2271
(20, 28): 0.3147, 0.1013, 2.8283, 0.2271
(20, 29): 0.4020, 0.1001, 2.5248, 0.2633
(20, 30): 0.2899, 0.1001, 3.0432, 0.2692
(20, 31): 0.3854, 0.1006, 2.5354, 0.2699
(20, 32): 0.3854, 0.1006, 2.5354, 0.2699
(20, 33): 0.4935, 0.1006, 2.1676, 0.2633
(20, 34): 0.4106, 0.1000, 2.3948, 0.2980
(20, 35): 0.4106, 0.1000, 2.3948, 0.2980
(20, 36): 0.3798, 0.1002, 2.5088, 0.2770
(20, 37): 0.5473, 0.1017, 1.7953, 0.2245
(21, 1): 0.1693, 0.1002, 2.2602, 0.2452
(21, 2): 0.4135, 0.1002, 2.0702, 0.2729
(21, 3): 0.4135, 0.1002, 2.0702, 0.2729
(21, 4): 0.4057, 0.1022, 2.4945, 0.2570
(21, 5): 0.4747, 0.1014, 2.0696, 0.2186
(21, 6): 0.4747, 0.1014, 2.0696, 0.2186
(21, 7): 0.4560, 0.1021, 2.1885, 0.2205
(21, 8): 0.4647, 0.1003, 2.0997, 0.2260
(21, 9): 0.4647, 0.1003, 2.0997, 0.2260
(21, 10): 0.4502, 0.1000, 2.1269, 0.2260
(21, 11): 0.4705, 0.1000, 2.1168, 0.2227
(21, 12): 0.4705, 0.1000, 2.1168, 0.2227
(21, 13): 0.4488, 0.1005, 2.1587, 0.2382
(21, 14): 0.4425, 0.1011, 2.1539, 0.2437
(21, 15): 0.4425, 0.1011, 2.1539, 0.2437
(21, 16): 0.3382, 0.1027, 2.6030, 0.2954
(21, 17): 0.4691, 0.1001, 2.1514, 0.2061
(21, 18): 0.3732, 0.1003, 2.5318, 0.2548
(21, 19): 0.3732, 0.1003, 2.5318, 0.2548
(21, 20): 0.4215, 0.1011, 2.3399, 0.2976
(21, 21): 0.2004, 0.1009, 3.1083, 0.2843
(21, 22): 0.2004, 0.1009, 3.1083, 0.2843
(21, 23): 0.4492, 0.1002, 1.9225, 0.2282
(21, 24): 0.3758, 0.1011, 2.3608, 0.2474
(21, 25): 0.3758, 0.1011, 2.3608, 0.2474
(21, 26): 0.3631, 0.1006, 2.5497, 0.2725
(21, 27): 0.4463, 0.1008, 2.3250, 0.2555
(21, 28): 0.4463, 0.1008, 2.3250, 0.2555
(21, 29): 0.3874, 0.1001, 2.6644, 0.2326
(21, 30): 0.2272, 0.1011, 3.4492, 0.2090
(21, 31): 0.3271, 0.1012, 2.7899, 0.3072
(21, 32): 0.3271, 0.1012, 2.7899, 0.3072
(21, 33): 0.4596, 0.1002, 2.2460, 0.2965
(21, 34): 0.5253, 0.1000, 1.9708, 0.2489
(21, 35): 0.5253, 0.1000, 1.9708, 0.2489
(21, 36): 0.4910, 0.1008, 2.0531, 0.2541
(21, 37): 0.5459, 0.1004, 1.8269, 0.2522
(22, 1): 0.1445, 0.1007, 2.2949, 0.2507
(22, 2): 0.2060, 0.1002, 2.2089, 0.2906
(22, 3): 0.2060, 0.1002, 2.2089, 0.2906
(22, 4): 0.4564, 0.1004, 2.1555, 0.2149
(22, 5): 0.4407, 0.1011, 2.1156, 0.2005
(22, 6): 0.4407, 0.1011, 2.1156, 0.2005
(22, 7): 0.4161, 0.1006, 2.2179, 0.2175
(22, 8): 0.4133, 0.1000, 2.2338, 0.2049
(22, 9): 0.4133, 0.1000, 2.2338, 0.2049
(22, 10): 0.4151, 0.1006, 2.2298, 0.2223
(22, 11): 0.4338, 0.1005, 2.1804, 0.1894
(22, 12): 0.4338, 0.1005, 2.1804, 0.1894
(22, 13): 0.4320, 0.1001, 2.1749, 0.2038
(22, 14): 0.4209, 0.1002, 2.1918, 0.2090
(22, 15): 0.4418, 0.1006, 2.0463, 0.2415
(22, 16): 0.4418, 0.1006, 2.0463, 0.2415
(22, 17): 0.3185, 0.1004, 2.6803, 0.2655
(22, 18): 0.2812, 0.1004, 2.8720, 0.1935
(22, 19): 0.2812, 0.1004, 2.8720, 0.1935
(22, 20): 0.5062, 0.1015, 1.9338, 0.2301
(22, 21): 0.3778, 0.1006, 2.4697, 0.2537
(22, 22): 0.3778, 0.1006, 2.4697, 0.2537
(22, 23): 0.4137, 0.1002, 2.1393, 0.2703
(22, 24): 0.3464, 0.1002, 2.5451, 0.2057
(22, 25): 0.3464, 0.1002, 2.5451, 0.2057
(22, 26): 0.4912, 0.1001, 1.9950, 0.2164
(22, 27): 0.3958, 0.1001, 2.5479, 0.2662
(22, 28): 0.3958, 0.1001, 2.5479, 0.2662
(22, 29): 0.3348, 0.1005, 2.9294, 0.2792
(22, 30): 0.3111, 0.1015, 2.9571, 0.2770
(22, 31): 0.3712, 0.1005, 2.7096, 0.2271
(22, 32): 0.3712, 0.1005, 2.7096, 0.2271
(22, 33): 0.3156, 0.1002, 2.9197, 0.2795
(22, 34): 0.3923, 0.1003, 2.4087, 0.3168
(22, 35): 0.3923, 0.1003, 2.4087, 0.3168
(22, 36): 0.5108, 0.1003, 1.8971, 0.2932
(22, 37): 0.3472, 0.1028, 2.6410, 0.2910
(23, 1): 0.1390, 0.1002, 2.3267, 0.2404
(23, 2): 0.1278, 0.1001, 2.2626, 0.1976
(23, 3): 0.1278, 0.1001, 2.2626, 0.1976
(23, 4): 0.4235, 0.1001, 2.1844, 0.1909
(23, 5): 0.4376, 0.1010, 2.1438, 0.2005
(23, 6): 0.4376, 0.1010, 2.1438, 0.2005
(23, 7): 0.4292, 0.1004, 2.1899, 0.2042
(23, 8): 0.4170, 0.1001, 2.2312, 0.2042
(23, 9): 0.4170, 0.1001, 2.2312, 0.2042
(23, 10): 0.3977, 0.1007, 2.2992, 0.2042
(23, 11): 0.3529, 0.1007, 2.3288, 0.2297
(23, 12): 0.3529, 0.1007, 2.3288, 0.2297
(23, 13): 0.3653, 0.1006, 2.2843, 0.2518
(23, 14): 0.3897, 0.1006, 2.1996, 0.2633
(23, 15): 0.3978, 0.1012, 2.1468, 0.2360
(23, 16): 0.3978, 0.1012, 2.1468, 0.2360
(23, 17): 0.3766, 0.1010, 2.2749, 0.2474
(23, 18): 0.3642, 0.1002, 2.2689, 0.2031
(23, 19): 0.3642, 0.1002, 2.2689, 0.2031
(23, 20): 0.4805, 0.1013, 1.9977, 0.2548
(23, 21): 0.4068, 0.1002, 2.4284, 0.2027
(23, 22): 0.4068, 0.1002, 2.4284, 0.2027
(23, 23): 0.3472, 0.1006, 2.5360, 0.2308
(23, 24): 0.3723, 0.1002, 2.5107, 0.2784
(23, 25): 0.3723, 0.1002, 2.5107, 0.2784
(23, 26): 0.3344, 0.1015, 2.8173, 0.2814
(23, 27): 0.3813, 0.1012, 2.5932, 0.2537
(23, 28): 0.3813, 0.1012, 2.5932, 0.2537
(23, 29): 0.3208, 0.1000, 3.2288, 0.1920
(23, 30): 0.2657, 0.1012, 3.3760, 0.2212
(23, 31): 0.3572, 0.1015, 2.9695, 0.2633
(23, 32): 0.3572, 0.1015, 2.9695, 0.2633
(23, 33): 0.4611, 0.1002, 2.3400, 0.2308
(23, 34): 0.3692, 0.1002, 2.6024, 0.2530
(23, 35): 0.3692, 0.1002, 2.6024, 0.2530
(23, 36): 0.3976, 0.1008, 2.2851, 0.2832
(23, 37): 0.4749, 0.1001, 2.0951, 0.2282
(24, 1): 0.1511, 0.1005, 2.2575, 0.2345
(24, 2): 0.1250, 0.1008, 2.3113, 0.1983
(24, 3): 0.1250, 0.1008, 2.3113, 0.1983
(24, 4): 0.4318, 0.1012, 2.1829, 0.1939
(24, 5): 0.3235, 0.1006, 2.2630, 0.2123
(24, 6): 0.3235, 0.1006, 2.2630, 0.2123
(24, 7): 0.3108, 0.1000, 2.3270, 0.2482
(24, 8): 0.2992, 0.1011, 2.3669, 0.2482
(24, 9): 0.2992, 0.1011, 2.3669, 0.2482
(24, 10): 0.2790, 0.1005, 2.4354, 0.2127
(24, 11): 0.3046, 0.1006, 2.3550, 0.2452
(24, 12): 0.3046, 0.1006, 2.3550, 0.2452
(24, 13): 0.3653, 0.1006, 2.2843, 0.2518
(24, 14): 0.3897, 0.1006, 2.1996, 0.2633
(24, 15): 0.3978, 0.1012, 2.1468, 0.2360
(24, 16): 0.3978, 0.1012, 2.1468, 0.2360
(24, 17): 0.3766, 0.1010, 2.2749, 0.2474
(24, 18): 0.3642, 0.1002, 2.2689, 0.2031
(24, 19): 0.3642, 0.1002, 2.2689, 0.2031
(24, 20): 0.4805, 0.1013, 1.9977, 0.2548
(24, 21): 0.4068, 0.1002, 2.4284, 0.2027
(24, 22): 0.4068, 0.1002, 2.4284, 0.2027
(24, 23): 0.3472, 0.1006, 2.5360, 0.2308
(24, 24): 0.3723, 0.1002, 2.5107, 0.2784
(24, 25): 0.3723, 0.1002, 2.5107, 0.2784
(24, 26): 0.3344, 0.1015, 2.8173, 0.2814
(24, 27): 0.3813, 0.1012, 2.5932, 0.2537
(24, 28): 0.3813, 0.1012, 2.5932, 0.2537
(24, 29): 0.3208, 0.1000, 3.2288, 0.1920
(24, 30): 0.2657, 0.1012, 3.3760, 0.2212
(24, 31): 0.3852, 0.1004, 2.7887, 0.2319
(24, 32): 0.3130, 0.1004, 3.1628, 0.2408
(24, 33): 0.4733, 0.1007, 2.3470, 0.2330
(24, 34): 0.4393, 0.1012, 2.3410, 0.2651
(24, 35): 0.4393, 0.1012, 2.3410, 0.2651
(24, 36): 0.4427, 0.1005, 2.1670, 0.2474
(24, 37): 0.4442, 0.1001, 2.3595, 0.2921
(25, 1): 0.1380, 0.1003, 2.3010, 0.2378
(25, 2): 0.1282, 0.1010, 2.3196, 0.2437
(25, 3): 0.1282, 0.1010, 2.3196, 0.2437
(25, 4): 0.2306, 0.1017, 2.6867, 0.1924
(25, 5): 0.2138, 0.1015, 2.7457, 0.1972
(25, 6): 0.2138, 0.1015, 2.7457, 0.1972
(25, 7): 0.3108, 0.1000, 2.3270, 0.2482
(25, 8): 0.2992, 0.1011, 2.3669, 0.2482
(25, 9): 0.2992, 0.1011, 2.3669, 0.2482
(25, 10): 0.2790, 0.1005, 2.4354, 0.2127
(25, 11): 0.3046, 0.1006, 2.3550, 0.2452
(25, 12): 0.3046, 0.1006, 2.3550, 0.2452
(25, 13): 0.2823, 0.1002, 2.4393, 0.2618
(25, 14): 0.3017, 0.1009, 2.3578, 0.2544
(25, 15): 0.3348, 0.1002, 2.2210, 0.2341
(25, 16): 0.3348, 0.1002, 2.2210, 0.2341
(25, 17): 0.3620, 0.1010, 2.2439, 0.2507
(25, 18): 0.3909, 0.1001, 2.1645, 0.2755
(25, 19): 0.3909, 0.1001, 2.1645, 0.2755
(25, 20): 0.3116, 0.1004, 2.5037, 0.2267
(25, 21): 0.3058, 0.1001, 2.5803, 0.2408
(25, 22): 0.3058, 0.1001, 2.5803, 0.2408
(25, 23): 0.4088, 0.1007, 2.3066, 0.2278
(25, 24): 0.4865, 0.1001, 2.1093, 0.2013
(25, 25): 0.4865, 0.1001, 2.1093, 0.2013
(25, 26): 0.3175, 0.1004, 2.8964, 0.2194
(25, 27): 0.3426, 0.1003, 2.8035, 0.2408
(25, 28): 0.3426, 0.1003, 2.8035, 0.2408
(25, 29): 0.2694, 0.1012, 3.3303, 0.2338
(25, 30): 0.3852, 0.1004, 2.7887, 0.2319
(25, 31): 0.3852, 0.1004, 2.7887, 0.2319
(25, 32): 0.3130, 0.1004, 3.1628, 0.2408
(25, 33): 0.4733, 0.1007, 2.3470, 0.2330
(25, 34): 0.4393, 0.1012, 2.3410, 0.2651
(25, 35): 0.4393, 0.1012, 2.3410, 0.2651
(25, 36): 0.4427, 0.1005, 2.1670, 0.2474
(25, 37): 0.3664, 0.1005, 2.5965, 0.1909
(26, 1): 0.1343, 0.1001, 2.3121, 0.2341
(26, 2): 0.1282, 0.1010, 2.3196, 0.2437
(26, 3): 0.1282, 0.1010, 2.3196, 0.2437
(26, 4): 0.2306, 0.1017, 2.6867, 0.1924
(26, 5): 0.2138, 0.1015, 2.7457, 0.1972
(26, 6): 0.2138, 0.1015, 2.7457, 0.1972
(26, 7): 0.2146, 0.1007, 2.7736, 0.1909
(26, 8): 0.1982, 0.1004, 2.8254, 0.1876
(26, 9): 0.1982, 0.1004, 2.8254, 0.1876
(26, 10): 0.1988, 0.1004, 2.8141, 0.1832
(26, 11): 0.2013, 0.1002, 2.8117, 0.1769
(26, 12): 0.2013, 0.1002, 2.8117, 0.1769
(26, 13): 0.1973, 0.1003, 2.8327, 0.1869
(26, 14): 0.2107, 0.1005, 2.7300, 0.1787
(26, 15): 0.2503, 0.1003, 2.6059, 0.1728
(26, 16): 0.2503, 0.1003, 2.6059, 0.1728
(26, 17): 0.3006, 0.1003, 2.3723, 0.1861
(26, 18): 0.2794, 0.1000, 2.4476, 0.1824
(26, 19): 0.2794, 0.1000, 2.4476, 0.1824
(26, 20): 0.3464, 0.1000, 2.3912, 0.2123
(26, 21): 0.3406, 0.1003, 2.4621, 0.2906
(26, 22): 0.3406, 0.1003, 2.4621, 0.2906
(26, 23): 0.3044, 0.1004, 2.8741, 0.2053
(26, 24): 0.3128, 0.1006, 2.8318, 0.2596
(26, 25): 0.3128, 0.1006, 2.8318, 0.2596
(26, 26): 0.2447, 0.1008, 3.2671, 0.2518
(26, 27): 0.3797, 0.1010, 2.6563, 0.2363
(26, 28): 0.3797, 0.1010, 2.6563, 0.2363
(26, 29): 0.3168, 0.1012, 3.0161, 0.2208
(26, 30): 0.3996, 0.1001, 2.7097, 0.2275
(26, 31): 0.3996, 0.1001, 2.7097, 0.2275
(26, 32): 0.4448, 0.1001, 2.5094, 0.1990
(26, 33): 0.3448, 0.1006, 2.8075, 0.2445
(26, 34): 0.4363, 0.1007, 2.2363, 0.2352
(26, 35): 0.4363, 0.1007, 2.2363, 0.2352
(26, 36): 0.4333, 0.1004, 2.2735, 0.2374
(26, 37): 0.3664, 0.1005, 2.5965, 0.1909
(27, 1): 0.1343, 0.1001, 2.3121, 0.2341
(27, 2): 0.1786, 0.1004, 2.3657, 0.2507
(27, 3): 0.1786, 0.1004, 2.3657, 0.2507
(27, 4): 0.2247, 0.1003, 2.6929, 0.2223
(27, 5): 0.2120, 0.1003, 2.7578, 0.1957
(27, 6): 0.2120, 0.1003, 2.7578, 0.1957
(27, 7): 0.2264, 0.1005, 2.7102, 0.1843
(27, 8): 0.2070, 0.1000, 2.7801, 0.1939
(27, 9): 0.2070, 0.1000, 2.7801, 0.1939
(27, 10): 0.1983, 0.1014, 2.8262, 0.2448
(27, 11): 0.2043, 0.1012, 2.8073, 0.1990
(27, 12): 0.2227, 0.1003, 2.7215, 0.2489
(27, 13): 0.2227, 0.1003, 2.7215, 0.2489
(27, 14): 0.2566, 0.1014, 2.6010, 0.2386
(27, 15): 0.3482, 0.1002, 2.2804, 0.2338
(27, 16): 0.3482, 0.1002, 2.2804, 0.2338
(27, 17): 0.3421, 0.1000, 2.3188, 0.2031
(27, 18): 0.3357, 0.1003, 2.3392, 0.2400
(27, 19): 0.3357, 0.1003, 2.3392, 0.2400
(27, 20): 0.2530, 0.1003, 2.7791, 0.2267
(27, 21): 0.2606, 0.1003, 2.8162, 0.2434
(27, 22): 0.2606, 0.1003, 2.8162, 0.2434
(27, 23): 0.1908, 0.1003, 3.4783, 0.2832
(27, 24): 0.2383, 0.1002, 3.2255, 0.2932
(27, 25): 0.2383, 0.1002, 3.2255, 0.2932
(27, 26): 0.2903, 0.1028, 2.9750, 0.2315
(27, 27): 0.3006, 0.1007, 3.0300, 0.2223
(27, 28): 0.3006, 0.1007, 3.0300, 0.2223
(27, 29): 0.3044, 0.1001, 3.0556, 0.2637
(27, 30): 0.4342, 0.1001, 2.5358, 0.2053
(27, 31): 0.4342, 0.1001, 2.5358, 0.2053
(27, 32): 0.3992, 0.1007, 2.7443, 0.2629
(27, 33): 0.3242, 0.1022, 2.9176, 0.2227
(27, 34): 0.3242, 0.1022, 2.9176, 0.2227
(27, 35): 0.3490, 0.1003, 2.7267, 0.2352
(27, 36): 0.4162, 0.1007, 2.3676, 0.2803
(27, 37): 0.5352, 0.1001, 1.9545, 0.2559
(28, 1): 0.1065, 0.1004, 2.4165, 0.2784
(28, 2): 0.1523, 0.1004, 2.3926, 0.2674
(28, 3): 0.1523, 0.1004, 2.3926, 0.2674
(28, 4): 0.2199, 0.1001, 2.7193, 0.1891
(28, 5): 0.2332, 0.1004, 2.6865, 0.1891
(28, 6): 0.2332, 0.1004, 2.6865, 0.1891
(28, 7): 0.2148, 0.1001, 2.7601, 0.1939
(28, 8): 0.2018, 0.1000, 2.8160, 0.1968
(28, 9): 0.2018, 0.1000, 2.8160, 0.1968
(28, 10): 0.1812, 0.1000, 2.9041, 0.2013
(28, 11): 0.2409, 0.1001, 2.6606, 0.2389
(28, 12): 0.2758, 0.1000, 2.5201, 0.2338
(28, 13): 0.2758, 0.1000, 2.5201, 0.2338
(28, 14): 0.3312, 0.1013, 2.3531, 0.2186
(28, 15): 0.3558, 0.1007, 2.2568, 0.2123
(28, 16): 0.3558, 0.1007, 2.2568, 0.2123
(28, 17): 0.3355, 0.1003, 2.3436, 0.2205
(28, 18): 0.3384, 0.1004, 2.3790, 0.2120
(28, 19): 0.3384, 0.1004, 2.3790, 0.2120
(28, 20): 0.2475, 0.1010, 2.8368, 0.2072
(28, 21): 0.1960, 0.1009, 3.1914, 0.1946
(28, 22): 0.1960, 0.1009, 3.1914, 0.1946
(28, 23): 0.1107, 0.1025, 3.7782, 0.1776
(28, 24): 0.2548, 0.1006, 2.9360, 0.2566
(28, 25): 0.2548, 0.1006, 2.9360, 0.2566
(28, 26): 0.2128, 0.1003, 3.2420, 0.2326
(28, 27): 0.3066, 0.1008, 2.8899, 0.1976
(28, 28): 0.3066, 0.1008, 2.8899, 0.1976
(28, 29): 0.3314, 0.1001, 2.7464, 0.2626
(28, 30): 0.3782, 0.1009, 2.7230, 0.2367
(28, 31): 0.3782, 0.1009, 2.7230, 0.2367
(28, 32): 0.4641, 0.1003, 2.1790, 0.2120
(28, 33): 0.4209, 0.1006, 2.3879, 0.1998
(28, 34): 0.4209, 0.1006, 2.3879, 0.1998
(28, 35): 0.3260, 0.1009, 2.8023, 0.2541
(28, 36): 0.3512, 0.1009, 2.5515, 0.2437
(28, 37): 0.4864, 0.1001, 2.1256, 0.2777
(29, 1): 0.1073, 0.1007, 2.3772, 0.2208
(29, 2): 0.1492, 0.1001, 2.5094, 0.2500
(29, 3): 0.1492, 0.1001, 2.5094, 0.2500
(29, 4): 0.1877, 0.1005, 2.8578, 0.1924
(29, 5): 0.2072, 0.1002, 2.7953, 0.2448
(29, 6): 0.2072, 0.1002, 2.7953, 0.2448
(29, 7): 0.1866, 0.1001, 2.8731, 0.1935
(29, 8): 0.2206, 0.1014, 2.7173, 0.2415
(29, 9): 0.2488, 0.1002, 2.6137, 0.2356
(29, 10): 0.2488, 0.1002, 2.6137, 0.2356
(29, 11): 0.3193, 0.1003, 2.3776, 0.2208
(29, 12): 0.3378, 0.1001, 2.3140, 0.2164
(29, 13): 0.3378, 0.1001, 2.3140, 0.2164
(29, 14): 0.3353, 0.1002, 2.3326, 0.2190
(29, 15): 0.3473, 0.1007, 2.3096, 0.2120
(29, 16): 0.3473, 0.1007, 2.3096, 0.2120
(29, 17): 0.3561, 0.1001, 2.2860, 0.2112
(29, 18): 0.3207, 0.1002, 2.5201, 0.2338
(29, 19): 0.3207, 0.1002, 2.5201, 0.2338
(29, 20): 0.2137, 0.1005, 3.1008, 0.2367
(29, 21): 0.2124, 0.1008, 3.1098, 0.2005
(29, 22): 0.2124, 0.1008, 3.1098, 0.2005
(29, 23): 0.2713, 0.1003, 2.8117, 0.2478
(29, 24): 0.3756, 0.1002, 2.2949, 0.1861
(29, 25): 0.3756, 0.1002, 2.2949, 0.1861
(29, 26): 0.2088, 0.1006, 3.1215, 0.2363
(29, 27): 0.2492, 0.1008, 3.0916, 0.2105
(29, 28): 0.2492, 0.1008, 3.0916, 0.2105
(29, 29): 0.4229, 0.1004, 2.3652, 0.2323
(29, 30): 0.4029, 0.1002, 2.4006, 0.2434
(29, 31): 0.4029, 0.1002, 2.4006, 0.2434
(29, 32): 0.4971, 0.1002, 1.9759, 0.2404
(29, 33): 0.3525, 0.1004, 2.5793, 0.1891
(29, 34): 0.3525, 0.1004, 2.5793, 0.1891
(29, 35): 0.4005, 0.1000, 2.4586, 0.2179
(29, 36): 0.4494, 0.1006, 2.3619, 0.1972
(29, 37): 0.4494, 0.1006, 2.3619, 0.1972
(30, 1): 0.0934, 0.1021, 2.4200, 0.2153
(30, 2): 0.1817, 0.1045, 2.9392, 0.2264
(30, 3): 0.1817, 0.1045, 2.9392, 0.2264
(30, 4): 0.1813, 0.1024, 2.8842, 0.2038
(30, 5): 0.2073, 0.1001, 2.7736, 0.1846
(30, 6): 0.2488, 0.1011, 2.6302, 0.2338
(30, 7): 0.2488, 0.1011, 2.6302, 0.2338
(30, 8): 0.2716, 0.1002, 2.5273, 0.2260
(30, 9): 0.3364, 0.1001, 2.2993, 0.2109
(30, 10): 0.3364, 0.1001, 2.2993, 0.2109
(30, 11): 0.3434, 0.1004, 2.2788, 0.2105
(30, 12): 0.3449, 0.1005, 2.2870, 0.2194
(30, 13): 0.3449, 0.1005, 2.2870, 0.2194
(30, 14): 0.3381, 0.1004, 2.3294, 0.2164
(30, 15): 0.3430, 0.1003, 2.3504, 0.2157
(30, 16): 0.3430, 0.1003, 2.3504, 0.2157
(30, 17): 0.3483, 0.1002, 2.3380, 0.2109
(30, 18): 0.3180, 0.1012, 2.5311, 0.2267
(30, 19): 0.3180, 0.1012, 2.5311, 0.2267
(30, 20): 0.2271, 0.1016, 3.0643, 0.2470
(30, 21): 0.2101, 0.1000, 3.1340, 0.2696
(30, 22): 0.2101, 0.1000, 3.1340, 0.2696
(30, 23): 0.3857, 0.1001, 2.2459, 0.2009
(30, 24): 0.3711, 0.1014, 2.3305, 0.2035
(30, 25): 0.3711, 0.1014, 2.3305, 0.2035
(30, 26): 0.2290, 0.1014, 3.0315, 0.2304
(30, 27): 0.2445, 0.1009, 3.0595, 0.2374
(30, 28): 0.2445, 0.1009, 3.0595, 0.2374
(30, 29): 0.4069, 0.1008, 2.3290, 0.2419
(30, 30): 0.4189, 0.1001, 2.2947, 0.2064
(30, 31): 0.4189, 0.1001, 2.2947, 0.2064
(30, 32): 0.3507, 0.1010, 2.6618, 0.1861
(30, 33): 0.2702, 0.1005, 2.8674, 0.2138
(30, 34): 0.2702, 0.1005, 2.8674, 0.2138
(30, 35): 0.3672, 0.1002, 2.5850, 0.2057
(30, 36): 0.5725, 0.1010, 1.8739, 0.2326
(30, 37): 0.5725, 0.1010, 1.8739, 0.2326
(31, 1): 0.0934, 0.1021, 2.4200, 0.2153
(31, 2): 0.1817, 0.1045, 2.9392, 0.2264
(31, 3): 0.1813, 0.1024, 2.8842, 0.2038
(31, 4): 0.1813, 0.1024, 2.8842, 0.2038
(31, 5): 0.2073, 0.1001, 2.7736, 0.1846
(31, 6): 0.2488, 0.1011, 2.6302, 0.2338
(31, 7): 0.2488, 0.1011, 2.6302, 0.2338
(31, 8): 0.2716, 0.1002, 2.5273, 0.2260
(31, 9): 0.3364, 0.1001, 2.2993, 0.2109
(31, 10): 0.3364, 0.1001, 2.2993, 0.2109
(31, 11): 0.3434, 0.1004, 2.2788, 0.2105
(31, 12): 0.3449, 0.1005, 2.2870, 0.2194
(31, 13): 0.3449, 0.1005, 2.2870, 0.2194
(31, 14): 0.3381, 0.1004, 2.3294, 0.2164
(31, 15): 0.3430, 0.1003, 2.3504, 0.2157
(31, 16): 0.3430, 0.1003, 2.3504, 0.2157
(31, 17): 0.3483, 0.1002, 2.3380, 0.2109
(31, 18): 0.3180, 0.1012, 2.5311, 0.2267
(31, 19): 0.3180, 0.1012, 2.5311, 0.2267
(31, 20): 0.2271, 0.1016, 3.0643, 0.2470
(31, 21): 0.2101, 0.1000, 3.1340, 0.2696
(31, 22): 0.2101, 0.1000, 3.1340, 0.2696
(31, 23): 0.3857, 0.1001, 2.2459, 0.2009
(31, 24): 0.3711, 0.1014, 2.3305, 0.2035
(31, 25): 0.3711, 0.1014, 2.3305, 0.2035
(31, 26): 0.2290, 0.1014, 3.0315, 0.2304
(31, 27): 0.2445, 0.1009, 3.0595, 0.2374
(31, 28): 0.2445, 0.1009, 3.0595, 0.2374
(31, 29): 0.4069, 0.1008, 2.3290, 0.2419
(31, 30): 0.4189, 0.1001, 2.2947, 0.2064
(31, 31): 0.4189, 0.1001, 2.2947, 0.2064
(31, 32): 0.3507, 0.1010, 2.6618, 0.1861
(31, 33): 0.2702, 0.1005, 2.8674, 0.2138
(31, 34): 0.2702, 0.1005, 2.8674, 0.2138
(31, 35): 0.3672, 0.1002, 2.5850, 0.2057
(31, 36): 0.5725, 0.1010, 1.8739, 0.2326
(31, 37): 0.5725, 0.1010, 1.8739, 0.2326
(32, 1): 0.0934, 0.1021, 2.4200, 0.2153
(32, 2): 0.1817, 0.1045, 2.9392, 0.2264
(32, 3): 0.1813, 0.1024, 2.8842, 0.2038
(32, 4): 0.1813, 0.1024, 2.8842, 0.2038
(32, 5): 0.2073, 0.1001, 2.7736, 0.1846
(32, 6): 0.2488, 0.1011, 2.6302, 0.2338
(32, 7): 0.2488, 0.1011, 2.6302, 0.2338
(32, 8): 0.2716, 0.1002, 2.5273, 0.2260
(32, 9): 0.3364, 0.1001, 2.2993, 0.2109
(32, 10): 0.3364, 0.1001, 2.2993, 0.2109
(32, 11): 0.3434, 0.1004, 2.2788, 0.2105
(32, 12): 0.3449, 0.1005, 2.2870, 0.2194
(32, 13): 0.3449, 0.1005, 2.2870, 0.2194
(32, 14): 0.3381, 0.1004, 2.3294, 0.2164
(32, 15): 0.3430, 0.1003, 2.3504, 0.2157
(32, 16): 0.3430, 0.1003, 2.3504, 0.2157
(32, 17): 0.3483, 0.1002, 2.3380, 0.2109
(32, 18): 0.3180, 0.1012, 2.5311, 0.2267
(32, 19): 0.3180, 0.1012, 2.5311, 0.2267
(32, 20): 0.2271, 0.1016, 3.0643, 0.2470
(32, 21): 0.2101, 0.1000, 3.1340, 0.2696
(32, 22): 0.2101, 0.1000, 3.1340, 0.2696
(32, 23): 0.3857, 0.1001, 2.2459, 0.2009
(32, 24): 0.3711, 0.1014, 2.3305, 0.2035
(32, 25): 0.3711, 0.1014, 2.3305, 0.2035
(32, 26): 0.2290, 0.1014, 3.0315, 0.2304
(32, 27): 0.2445, 0.1009, 3.0595, 0.2374
(32, 28): 0.2445, 0.1009, 3.0595, 0.2374
(32, 29): 0.4069, 0.1008, 2.3290, 0.2419
(32, 30): 0.4189, 0.1001, 2.2947, 0.2064
(32, 31): 0.4189, 0.1001, 2.2947, 0.2064
(32, 32): 0.3507, 0.1010, 2.6618, 0.1861
(32, 33): 0.2702, 0.1005, 2.8674, 0.2138
(32, 34): 0.2702, 0.1005, 2.8674, 0.2138
(32, 35): 0.3672, 0.1002, 2.5850, 0.2057
(32, 36): 0.5725, 0.1010, 1.8739, 0.2326
(32, 37): 0.5725, 0.1010, 1.8739, 0.2326
