(9, 1): -0.0734, 11.0152, 5.6221
(9, 2): -0.0734, 11.0152, 5.6221
(9, 3): -0.0827, 11.1179, 5.3554
(9, 4): -0.0179, 11.0500, 4.5216
(9, 5): -0.0179, 11.0500, 4.5216
(9, 6): -0.0308, 11.0663, 4.7549
(9, 7): -0.0386, 11.0248, 5.0084
(9, 8): -0.0386, 11.0248, 5.0084
(9, 9): -0.0224, 11.0174, 5.2714
(9, 10): 0.0270, 11.0280, 4.8268
(9, 11): 0.0867, 11.0147, 4.3587
(9, 12): 0.0867, 11.0147, 4.3587
(9, 13): 0.0732, 11.0167, 4.2383
(9, 14): 0.1066, 11.0044, 3.7332
(9, 15): 0.1066, 11.0044, 3.7332
(9, 16): 0.0406, 11.0009, 4.0408
(9, 17): 0.0389, 11.0574, 4.0642
(9, 18): 0.0389, 11.0574, 4.0642
(9, 19): -0.0060, 11.0405, 4.4458
(9, 20): 0.0999, 11.0068, 3.7877
(9, 21): 0.0419, 11.0000, 3.9588
(9, 22): 0.0419, 11.0000, 3.9588
(9, 23): 0.0136, 11.0006, 4.0728
(9, 24): -0.0135, 11.0815, 4.4448
(9, 25): -0.0135, 11.0815, 4.4448
(9, 26): 0.0680, 11.0445, 4.0410
(9, 27): 0.1282, 11.0498, 3.4434
(9, 28): 0.0816, 11.0453, 3.4103
(9, 29): 0.0816, 11.0453, 3.4103
(9, 30): 0.0415, 11.0479, 3.8260
(9, 31): -0.0424, 11.0074, 4.6446
(9, 32): -0.0424, 11.0074, 4.6446
(9, 33): 0.0277, 11.0213, 4.5133
(9, 34): 0.0255, 11.0252, 5.1813
(9, 35): -0.0124, 11.0430, 5.1478
(9, 36): -0.0124, 11.0430, 5.1478
(9, 37): 0.0688, 11.0177, 5.0618
(10, 1): 0.0081, 11.0857, 5.0385
(10, 2): 0.0081, 11.0857, 5.0385
(10, 3): 0.1263, 11.0122, 4.0443
(10, 4): -0.0774, 11.0272, 5.3051
(10, 5): -0.0774, 11.0272, 5.3051
(10, 6): -0.1177, 11.0049, 5.2682
(10, 7): -0.0214, 11.0022, 4.6704
(10, 8): -0.0214, 11.0022, 4.6704
(10, 9): 0.0509, 11.0340, 3.9581
(10, 10): 0.0102, 11.0136, 4.4019
(10, 11): 0.0928, 11.0588, 4.2242
(10, 12): 0.0928, 11.0588, 4.2242
(10, 13): 0.0554, 11.0704, 4.5741
(10, 14): 0.1084, 11.0178, 4.1749
(10, 15): 0.1084, 11.0178, 4.1749
(10, 16): 0.0812, 11.0424, 4.1574
(10, 17): 0.0553, 11.0081, 3.9375
(10, 18): 0.0596, 11.0149, 3.7580
(10, 19): 0.0596, 11.0149, 3.7580
(10, 20): 0.0663, 11.0004, 3.8095
(10, 21): 0.0500, 11.0045, 3.7426
(10, 22): 0.0500, 11.0045, 3.7426
(10, 23): 0.0160, 11.0293, 4.1006
(10, 24): 0.0073, 11.0082, 4.5011
(10, 25): 0.0073, 11.0082, 4.5011
(10, 26): 0.0798, 11.0108, 4.5795
(10, 27): 0.0474, 11.0773, 4.2590
(10, 28): -0.0173, 11.0616, 4.0721
(10, 29): -0.0173, 11.0616, 4.0721
(10, 30): 0.0378, 11.1829, 3.9351
(10, 31): -0.0332, 11.0171, 4.7064
(10, 32): -0.0332, 11.0171, 4.7064
(10, 33): -0.0515, 11.0002, 4.9358
(10, 34): -0.0231, 11.0827, 5.5665
(10, 35): -0.0125, 11.0432, 5.1381
(10, 36): -0.0125, 11.0432, 5.1381
(10, 37): 0.0333, 11.0100, 4.6939
(11, 1): -0.0187, 11.0011, 4.4651
(11, 2): -0.0187, 11.0011, 4.4651
(11, 3): 0.0358, 11.0412, 4.3552
(11, 4): 0.0937, 11.0315, 4.2350
(11, 5): 0.0937, 11.0315, 4.2350
(11, 6): 0.0447, 11.0011, 4.4193
(11, 7): 0.0692, 11.0232, 4.5407
(11, 8): 0.0692, 11.0232, 4.5407
(11, 9): 0.0342, 11.0428, 4.0515
(11, 10): 0.1014, 11.0491, 3.8782
(11, 11): 0.0254, 11.0438, 4.5209
(11, 12): 0.0254, 11.0438, 4.5209
(11, 13): 0.0438, 11.0080, 4.5974
(11, 14): 0.0978, 11.0188, 4.2976
(11, 15): 0.0978, 11.0188, 4.2976
(11, 16): 0.0454, 11.0171, 4.1230
(11, 17): 0.0568, 11.0004, 3.6207
(11, 18): 0.0761, 11.0270, 3.7582
(11, 19): 0.0761, 11.0270, 3.7582
(11, 20): 0.0658, 11.0172, 4.4615
(11, 21): 0.1338, 11.0104, 3.6080
(11, 22): 0.1338, 11.0104, 3.6080
(11, 23): 0.1134, 11.0442, 4.0085
(11, 24): 0.0383, 11.0054, 4.7099
(11, 25): 0.0383, 11.0054, 4.7099
(11, 26): 0.0206, 11.0004, 4.9265
(11, 27): 0.0288, 11.0216, 4.6442
(11, 28): 0.0203, 11.0255, 4.7340
(11, 29): 0.0203, 11.0255, 4.7340
(11, 30): -0.0653, 11.0295, 4.9783
(11, 31): -0.1008, 11.0138, 5.5184
(11, 32): -0.1008, 11.0138, 5.5184
(11, 33): -0.0525, 11.0016, 5.1364
(11, 34): 0.0375, 11.1728, 5.0878
(11, 35): 0.0071, 11.0336, 5.3198
(11, 36): 0.0071, 11.0336, 5.3198
(11, 37): -0.0528, 11.0134, 5.5040
(12, 1): -0.0535, 11.0107, 4.4720
(12, 2): -0.0535, 11.0107, 4.4720
(12, 3): -0.0365, 11.0511, 4.6020
(12, 4): 0.0200, 11.0054, 4.3727
(12, 5): 0.0200, 11.0054, 4.3727
(12, 6): 0.0632, 11.0288, 4.1527
(12, 7): 0.0995, 11.0377, 4.4159
(12, 8): 0.0995, 11.0377, 4.4159
(12, 9): 0.0852, 11.0287, 3.8341
(12, 10): 0.0772, 11.0959, 3.5690
(12, 11): -0.0324, 11.0400, 4.9889
(12, 12): -0.0324, 11.0400, 4.9889
(12, 13): -0.0068, 11.0064, 5.3142
(12, 14): 0.0973, 11.0145, 3.9259
(12, 15): 0.0973, 11.0145, 3.9259
(12, 16): 0.0509, 11.1330, 4.5002
(12, 17): -0.0298, 11.0103, 4.7357
(12, 18): 0.0213, 11.0512, 3.7900
(12, 19): 0.0213, 11.0512, 3.7900
(12, 20): 0.0021, 11.0026, 4.1005
(12, 21): 0.1595, 11.0310, 3.6422
(12, 22): 0.1595, 11.0310, 3.6422
(12, 23): 0.1339, 11.0043, 3.6590
(12, 24): 0.1157, 11.0052, 4.0263
(12, 25): 0.1157, 11.0052, 4.0263
(12, 26): 0.0662, 11.0056, 4.6148
(12, 27): 0.0349, 11.0349, 4.7491
(12, 28): -0.0290, 11.0026, 5.3111
(12, 29): -0.0290, 11.0026, 5.3111
(12, 30): -0.0520, 11.0550, 4.6978
(12, 31): -0.0328, 11.0046, 4.6362
(12, 32): -0.0328, 11.0046, 4.6362
(12, 33): -0.1186, 11.0759, 5.8668
(12, 34): -0.1741, 11.0037, 6.2822
(12, 35): -0.1741, 11.0037, 6.2822
(12, 36): -0.1206, 11.1368, 5.7997
(12, 37): -0.0016, 11.0966, 5.5314
(13, 1): -0.0932, 11.0076, 4.8131
(13, 2): -0.0932, 11.0076, 4.8131
(13, 3): -0.0578, 11.0263, 4.4498
(13, 4): -0.0238, 11.0143, 4.3379
(13, 5): -0.0238, 11.0143, 4.3379
(13, 6): 0.0303, 11.0188, 4.0823
(13, 7): 0.0455, 11.0094, 5.0261
(13, 8): 0.0455, 11.0094, 5.0261
(13, 9): 0.0387, 11.0505, 4.9681
(13, 10): 0.0461, 11.0370, 4.7459
(13, 11): -0.0232, 11.0110, 4.3851
(13, 12): -0.0232, 11.0110, 4.3851
(13, 13): -0.0068, 11.0064, 5.3142
(13, 14): 0.0973, 11.0145, 3.9259
(13, 15): 0.0973, 11.0145, 3.9259
(13, 16): 0.0509, 11.1330, 4.5002
(13, 17): -0.0298, 11.0103, 4.7357
(13, 18): 0.0213, 11.0512, 3.7900
(13, 19): 0.0213, 11.0512, 3.7900
(13, 20): 0.0021, 11.0026, 4.1005
(13, 21): 0.1595, 11.0310, 3.6422
(13, 22): 0.1595, 11.0310, 3.6422
(13, 23): 0.1339, 11.0043, 3.6590
(13, 24): 0.1157, 11.0052, 4.0263
(13, 25): 0.1157, 11.0052, 4.0263
(13, 26): 0.0662, 11.0056, 4.6148
(13, 27): 0.0349, 11.0349, 4.7491
(13, 28): -0.0290, 11.0026, 5.3111
(13, 29): -0.0290, 11.0026, 5.3111
(13, 30): -0.0520, 11.0550, 4.6978
(13, 31): -0.0672, 11.0146, 5.1814
(13, 32): -0.0672, 11.0146, 5.1814
(13, 33): -0.0249, 11.0514, 4.8336
(13, 34): -0.0424, 11.0160, 5.6549
(13, 35): -0.0424, 11.0160, 5.6549
(13, 36): -0.0588, 11.0261, 5.0851
(13, 37): -0.0126, 11.0210, 4.6014
(14, 1): -0.0575, 11.1080, 4.6128
(14, 2): -0.0575, 11.1080, 4.6128
(14, 3): -0.0664, 11.0140, 4.5405
(14, 4): -0.0611, 11.0261, 4.4878
(14, 5): -0.0611, 11.0261, 4.4878
(14, 6): -0.0358, 11.0013, 5.3162
(14, 7): 0.0455, 11.0094, 5.0261
(14, 8): 0.0387, 11.0505, 4.9681
(14, 9): 0.0387, 11.0505, 4.9681
(14, 10): 0.0461, 11.0370, 4.7459
(14, 11): -0.0232, 11.0110, 4.3851
(14, 12): -0.0232, 11.0110, 4.3851
(14, 13): 0.0023, 11.0753, 4.6568
(14, 14): -0.0173, 11.1273, 5.0520
(14, 15): -0.0173, 11.1273, 5.0520
(14, 16): -0.0616, 11.1021, 5.1626
(14, 17): -0.0178, 11.0497, 4.9557
(14, 18): 0.0176, 11.0005, 4.4126
(14, 19): 0.0176, 11.0005, 4.4126
(14, 20): -0.0021, 11.1223, 3.9518
(14, 21): 0.0099, 11.0050, 4.2239
(14, 22): 0.0099, 11.0050, 4.2239
(14, 23): -0.0449, 11.1474, 4.7362
(14, 24): 0.0443, 11.0406, 4.5426
(14, 25): 0.0443, 11.0406, 4.5426
(14, 26): -0.0179, 11.0015, 4.4172
(14, 27): 0.0293, 11.0218, 4.0376
(14, 28): -0.0150, 11.0016, 4.6268
(14, 29): -0.0150, 11.0016, 4.6268
(14, 30): -0.0767, 11.0120, 4.4924
(14, 31): -0.0672, 11.0146, 5.1814
(14, 32): -0.0672, 11.0146, 5.1814
(14, 33): -0.0249, 11.0514, 4.8336
(14, 34): -0.0424, 11.0160, 5.6549
(14, 35): -0.0424, 11.0160, 5.6549
(14, 36): -0.0588, 11.0261, 5.0851
(14, 37): -0.0135, 11.0934, 4.8997
(15, 1): -0.0237, 11.0213, 4.6892
(15, 2): -0.0237, 11.0213, 4.6892
(15, 3): -0.0664, 11.0140, 4.5405
(15, 4): -0.0611, 11.0261, 4.4878
(15, 5): -0.0611, 11.0261, 4.4878
(15, 6): -0.0358, 11.0013, 5.3162
(15, 7): -0.0008, 11.1173, 5.1091
(15, 8): -0.0152, 11.0035, 5.4723
(15, 9): -0.0152, 11.0035, 5.4723
(15, 10): 0.0912, 11.0519, 4.6332
(15, 11): 0.0275, 11.0012, 5.1444
(15, 12): 0.0275, 11.0012, 5.1444
(15, 13): 0.0073, 11.0140, 4.8131
(15, 14): -0.1014, 11.0510, 5.2689
(15, 15): -0.1014, 11.0510, 5.2689
(15, 16): -0.0900, 11.0297, 5.0668
(15, 17): 0.0366, 11.0002, 4.3017
(15, 18): -0.0375, 11.0037, 4.5122
(15, 19): -0.0375, 11.0037, 4.5122
(15, 20): -0.0626, 11.0433, 4.6048
(15, 21): -0.0815, 11.0092, 4.6667
(15, 22): -0.0815, 11.0092, 4.6667
(15, 23): -0.0816, 11.0412, 5.0812
(15, 24): -0.0920, 11.0145, 5.5827
(15, 25): -0.0920, 11.0145, 5.5827
(15, 26): -0.0575, 11.0061, 5.1012
(15, 27): -0.0634, 11.0245, 4.7177
(15, 28): -0.0427, 11.0241, 4.7238
(15, 29): -0.0427, 11.0241, 4.7238
(15, 30): -0.0181, 11.0220, 4.8701
(15, 31): 0.0342, 11.0352, 4.7311
(15, 32): 0.0342, 11.0352, 4.7311
(15, 33): 0.0757, 11.1101, 4.0744
(15, 34): -0.0066, 11.0236, 4.9802
(15, 35): -0.0066, 11.0236, 4.9802
(15, 36): -0.0395, 11.0080, 5.1633
(15, 37): -0.0135, 11.0934, 4.8997
(16, 1): -0.0237, 11.0213, 4.6892
(16, 2): -0.0237, 11.0213, 4.6892
(16, 3): -0.0198, 11.0197, 4.4665
(16, 4): -0.0189, 11.0312, 4.9493
(16, 5): -0.0189, 11.0312, 4.9493
(16, 6): -0.0261, 11.0520, 5.1482
(16, 7): -0.0089, 11.1027, 5.1205
(16, 8): 0.0186, 11.0035, 5.2388
(16, 9): 0.0186, 11.0035, 5.2388
(16, 10): 0.0496, 11.0024, 5.0113
(16, 11): 0.0485, 11.0298, 5.4641
(16, 12): 0.0485, 11.0298, 5.4641
(16, 13): -0.0328, 11.0208, 5.3214
(16, 14): 0.0048, 11.0184, 4.9168
(16, 15): 0.0048, 11.0184, 4.9168
(16, 16): -0.0480, 11.0368, 4.9359
(16, 17): -0.0011, 11.0305, 4.3176
(16, 18): -0.0534, 11.0925, 4.5931
(16, 19): -0.0534, 11.0925, 4.5931
(16, 20): -0.0939, 11.0267, 5.5538
(16, 21): -0.0279, 11.0318, 5.1306
(16, 22): -0.0279, 11.0318, 5.1306
(16, 23): -0.0380, 11.0229, 5.5079
(16, 24): -0.0119, 11.0263, 5.5331
(16, 25): -0.0119, 11.0263, 5.5331
(16, 26): -0.0278, 11.0025, 5.9934
(16, 27): -0.0845, 11.0031, 5.2267
(16, 28): -0.0242, 11.0127, 4.7640
(16, 29): -0.0242, 11.0127, 4.7640
(16, 30): 0.0629, 11.0529, 3.9790
(16, 31): 0.0117, 11.0121, 4.2987
(16, 32): 0.0117, 11.0121, 4.2987
(16, 33): 0.1171, 11.0267, 4.0322
(16, 34): 0.0395, 11.0272, 4.9507
(16, 35): 0.0395, 11.0272, 4.9507
(16, 36): 0.0169, 11.0439, 4.9538
(16, 37): -0.0082, 11.0338, 5.0407
(1, 1): 0.2103, 11.0290, 2.6344
(1, 2): 0.2103, 11.0290, 2.6344
(1, 3): 0.1188, 11.0184, 3.4646
(1, 4): 0.1188, 11.0184, 3.4646
(1, 5): 0.0912, 11.0118, 3.7376
(1, 6): 0.0694, 11.0704, 4.4135
(1, 7): 0.0850, 11.0008, 4.6866
(1, 8): 0.0850, 11.0008, 4.6866
(1, 9): 0.1596, 11.1220, 4.3497
(1, 10): 0.2386, 11.0169, 3.9772
(1, 11): 0.2386, 11.0169, 3.9772
(1, 12): 0.2478, 11.0499, 3.5326
(1, 13): 0.2140, 11.0651, 3.7363
(1, 14): 0.2270, 11.0010, 3.7567
(1, 15): 0.2270, 11.0010, 3.7567
(1, 16): 0.3112, 11.0395, 3.3194
(1, 17): 0.2977, 11.0045, 3.6070
(1, 18): 0.2977, 11.0045, 3.6070
(1, 19): 0.3130, 11.0233, 3.5365
(1, 20): 0.2984, 11.0142, 3.1735
(1, 21): 0.2319, 11.0021, 3.3079
(1, 22): 0.2319, 11.0021, 3.3079
(1, 23): 0.1289, 11.0986, 4.5992
(1, 24): 0.0414, 11.0818, 5.4067
(1, 25): 0.0240, 11.0170, 5.8053
(1, 26): 0.0240, 11.0170, 5.8053
(1, 27): 0.0075, 11.0181, 6.6843
(1, 28): -0.0587, 11.0218, 7.3876
(1, 29): -0.0587, 11.0218, 7.3876
(1, 30): 0.1671, 11.0425, 3.8029
(1, 31): 0.2436, 11.0099, 2.7740
(1, 32): 0.1849, 11.2957, 2.1645
(1, 33): 0.1849, 11.2957, 2.1645
(1, 34): 0.0854, 11.0736, 2.3704
(1, 35): 0.1572, 11.0515, 2.4722
(1, 36): 0.1572, 11.0515, 2.4722
(1, 37): 0.0499, 11.0085, 3.3246
(2, 1): 0.0392, 11.0070, 4.0447
(2, 2): 0.0392, 11.0070, 4.0447
(2, 3): 0.0651, 11.0175, 4.1583
(2, 4): 0.0651, 11.0175, 4.1583
(2, 5): 0.0892, 11.0275, 4.1436
(2, 6): 0.0520, 11.0005, 4.8769
(2, 7): 0.0843, 11.0108, 4.4867
(2, 8): 0.0843, 11.0108, 4.4867
(2, 9): 0.2116, 11.0169, 4.2780
(2, 10): 0.2954, 11.0128, 3.5168
(2, 11): 0.2954, 11.0128, 3.5168
(2, 12): 0.2393, 11.0006, 3.6202
(2, 13): 0.2140, 11.0651, 3.7363
(2, 14): 0.2270, 11.0010, 3.7567
(2, 15): 0.2270, 11.0010, 3.7567
(2, 16): 0.3112, 11.0395, 3.3194
(2, 17): 0.2977, 11.0045, 3.6070
(2, 18): 0.2977, 11.0045, 3.6070
(2, 19): 0.3130, 11.0233, 3.5365
(2, 20): 0.2984, 11.0142, 3.1735
(2, 21): 0.2319, 11.0021, 3.3079
(2, 22): 0.2319, 11.0021, 3.3079
(2, 23): 0.1289, 11.0986, 4.5992
(2, 24): 0.0414, 11.0818, 5.4067
(2, 25): 0.0240, 11.0170, 5.8053
(2, 26): 0.0240, 11.0170, 5.8053
(2, 27): 0.0075, 11.0181, 6.6843
(2, 28): -0.0587, 11.0218, 7.3876
(2, 29): -0.0587, 11.0218, 7.3876
(2, 30): 0.1737, 11.0940, 2.9729
(2, 31): -0.1451, 11.0608, 3.8632
(2, 32): 0.1533, 11.0305, 2.1077
(2, 33): 0.1533, 11.0305, 2.1077
(2, 34): -0.0070, 11.0145, 2.9974
(2, 35): 0.0509, 11.0024, 3.2044
(2, 36): 0.0509, 11.0024, 3.2044
(2, 37): 0.0217, 11.0756, 5.0206
(3, 1): -0.1060, 11.0208, 5.1951
(3, 2): -0.1060, 11.0208, 5.1951
(3, 3): -0.1122, 11.0381, 5.4063
(3, 4): -0.1122, 11.0381, 5.4063
(3, 5): -0.0103, 11.0378, 4.7524
(3, 6): 0.0391, 11.0159, 4.1564
(3, 7): 0.0843, 11.0108, 4.4867
(3, 8): 0.0843, 11.0108, 4.4867
(3, 9): 0.2116, 11.0169, 4.2780
(3, 10): 0.2954, 11.0128, 3.5168
(3, 11): 0.2954, 11.0128, 3.5168
(3, 12): 0.2393, 11.0006, 3.6202
(3, 13): 0.2026, 11.0116, 3.8491
(3, 14): 0.2213, 11.0011, 3.6163
(3, 15): 0.2213, 11.0011, 3.6163
(3, 16): 0.2839, 11.0251, 3.5832
(3, 17): 0.1396, 11.0170, 4.1457
(3, 18): 0.1396, 11.0170, 4.1457
(3, 19): 0.2539, 11.0841, 3.9478
(3, 20): 0.2062, 11.0312, 3.7306
(3, 21): 0.1476, 11.0135, 3.8600
(3, 22): 0.1476, 11.0135, 3.8600
(3, 23): 0.1795, 11.0040, 3.9490
(3, 24): 0.1056, 11.0120, 4.1381
(3, 25): 0.1056, 11.0120, 4.1381
(3, 26): 0.0462, 11.0028, 4.9034
(3, 27): 0.0641, 11.0139, 4.8988
(3, 28): 0.0783, 11.0511, 4.0990
(3, 29): 0.0783, 11.0511, 4.0990
(3, 30): 0.1737, 11.0940, 2.9729
(3, 31): -0.1451, 11.0608, 3.8632
(3, 32): 0.1533, 11.0305, 2.1077
(3, 33): 0.1533, 11.0305, 2.1077
(3, 34): -0.0070, 11.0145, 2.9974
(3, 35): 0.0509, 11.0024, 3.2044
(3, 36): 0.0509, 11.0024, 3.2044
(3, 37): 0.0145, 11.0219, 6.4282
(4, 1): 0.0034, 11.0192, 4.7738
(4, 2): 0.0034, 11.0192, 4.7738
(4, 3): -0.1122, 11.0381, 5.4063
(4, 4): -0.1122, 11.0381, 5.4063
(4, 5): -0.0103, 11.0378, 4.7524
(4, 6): 0.0391, 11.0159, 4.1564
(4, 7): 0.1252, 11.0184, 4.0540
(4, 8): 0.1252, 11.0184, 4.0540
(4, 9): 0.0996, 11.0046, 5.1312
(4, 10): 0.1490, 11.0219, 4.9971
(4, 11): 0.1490, 11.0219, 4.9971
(4, 12): 0.1977, 11.0044, 3.9598
(4, 13): 0.1735, 11.0657, 4.0549
(4, 14): 0.3256, 11.0553, 3.3634
(4, 15): 0.3256, 11.0553, 3.3634
(4, 16): 0.3310, 11.0354, 3.4536
(4, 17): 0.1911, 11.0055, 4.0823
(4, 18): 0.1911, 11.0055, 4.0823
(4, 19): 0.1440, 11.0035, 4.0933
(4, 20): 0.0951, 11.0298, 4.2503
(4, 21): 0.0680, 11.0059, 5.1632
(4, 22): 0.0680, 11.0059, 5.1632
(4, 23): 0.0926, 11.0080, 4.8731
(4, 24): 0.0915, 11.0044, 4.9616
(4, 25): 0.0915, 11.0044, 4.9616
(4, 26): 0.1440, 11.0832, 4.1434
(4, 27): 0.1502, 11.0379, 4.1572
(4, 28): 0.2727, 11.0267, 2.9326
(4, 29): 0.2727, 11.0267, 2.9326
(4, 30): 0.1653, 11.0508, 3.7450
(4, 31): 0.0075, 11.1252, 4.7260
(4, 32): 0.1056, 11.0169, 4.3331
(4, 33): 0.1056, 11.0169, 4.3331
(4, 34): 0.0983, 11.0615, 3.4601
(4, 35): -0.0083, 11.0109, 4.1280
(4, 36): -0.0083, 11.0109, 4.1280
(4, 37): 0.0145, 11.0219, 6.4282
(5, 1): 0.0034, 11.0192, 4.7738
(5, 2): 0.0034, 11.0192, 4.7738
(5, 3): -0.1066, 11.1506, 5.6810
(5, 4): -0.1066, 11.1506, 5.6810
(5, 5): 0.0378, 11.0262, 4.7042
(5, 6): 0.0451, 11.0599, 4.7952
(5, 7): 0.0230, 11.0039, 5.0109
(5, 8): 0.0230, 11.0039, 5.0109
(5, 9): 0.0378, 11.0670, 5.0068
(5, 10): 0.1007, 11.0003, 4.6506
(5, 11): 0.1007, 11.0003, 4.6506
(5, 12): 0.1551, 11.0154, 4.7773
(5, 13): 0.2191, 11.0083, 4.0633
(5, 14): 0.2522, 11.0325, 4.1147
(5, 15): 0.2522, 11.0325, 4.1147
(5, 16): 0.2096, 11.1609, 4.3737
(5, 17): 0.1275, 11.0846, 4.4293
(5, 18): 0.1275, 11.0846, 4.4293
(5, 19): 0.0756, 11.0556, 4.3727
(5, 20): 0.0432, 11.0246, 5.2789
(5, 21): 0.0287, 11.0011, 5.3067
(5, 22): 0.0287, 11.0011, 5.3067
(5, 23): 0.0737, 11.0237, 5.2936
(5, 24): 0.0507, 11.0174, 5.4141
(5, 25): 0.0507, 11.0174, 5.4141
(5, 26): 0.1594, 11.0568, 4.1735
(5, 27): 0.1382, 11.0702, 4.5565
(5, 28): 0.0628, 11.0618, 4.5593
(5, 29): 0.0628, 11.0618, 4.5593
(5, 30): 0.1139, 11.0066, 3.5417
(5, 31): 0.1135, 11.0434, 3.8450
(5, 32): 0.1135, 11.0434, 3.8450
(5, 33): 0.1156, 11.0164, 3.6052
(5, 34): -0.0641, 11.0427, 4.9947
(5, 35): -0.0996, 11.0104, 6.3366
(5, 36): -0.0996, 11.0104, 6.3366
(5, 37): -0.1014, 11.0253, 8.5967
(6, 1): -0.1885, 11.0734, 5.6152
(6, 2): -0.1885, 11.0734, 5.6152
(6, 3): -0.1031, 11.0039, 5.5208
(6, 4): -0.1031, 11.0039, 5.5208
(6, 5): -0.1319, 11.0054, 6.2390
(6, 6): 0.0267, 11.0140, 5.6070
(6, 7): -0.0175, 11.0221, 5.6176
(6, 8): -0.0175, 11.0221, 5.6176
(6, 9): 0.0136, 11.0323, 5.3020
(6, 10): 0.0305, 11.0425, 5.4832
(6, 11): 0.0305, 11.0425, 5.4832
(6, 12): 0.0141, 11.0170, 6.0090
(6, 13): 0.1695, 11.0220, 4.8633
(6, 14): 0.0963, 11.0259, 5.2834
(6, 15): 0.0963, 11.0259, 5.2834
(6, 16): 0.0674, 11.0158, 4.8583
(6, 17): 0.0991, 11.0501, 4.3859
(6, 18): 0.0991, 11.0501, 4.3859
(6, 19): 0.0194, 11.0104, 4.5600
(6, 20): 0.0138, 11.0081, 4.7758
(6, 21): -0.0633, 11.0570, 4.9006
(6, 22): -0.0633, 11.0570, 4.9006
(6, 23): -0.0445, 11.0446, 5.2860
(6, 24): -0.0626, 11.0771, 5.0487
(6, 25): -0.0626, 11.0771, 5.0487
(6, 26): -0.0092, 11.1049, 4.4130
(6, 27): 0.1060, 11.0378, 3.5160
(6, 28): -0.0353, 11.0273, 4.6869
(6, 29): -0.0353, 11.0273, 4.6869
(6, 30): -0.0767, 11.0069, 4.9134
(6, 31): -0.0574, 11.0401, 4.3078
(6, 32): -0.0574, 11.0401, 4.3078
(6, 33): -0.1604, 11.0070, 5.0387
(6, 34): -0.0330, 11.0269, 5.4516
(6, 35): -0.0088, 11.0251, 7.8999
(6, 36): -0.0088, 11.0251, 7.8999
(6, 37): 0.0006, 11.0729, 8.7545
(7, 1): -0.2113, 11.0553, 6.1203
(7, 2): -0.2113, 11.0553, 6.1203
(7, 3): -0.1877, 11.0100, 5.9953
(7, 4): -0.0771, 11.1133, 5.9941
(7, 5): -0.0771, 11.1133, 5.9941
(7, 6): -0.0861, 11.0414, 6.6522
(7, 7): -0.0647, 11.0869, 6.2247
(7, 8): -0.0647, 11.0869, 6.2247
(7, 9): -0.0142, 11.0050, 5.7034
(7, 10): 0.0127, 11.0177, 4.6250
(7, 11): -0.0008, 11.0169, 5.5674
(7, 12): -0.0008, 11.0169, 5.5674
(7, 13): 0.0220, 11.0064, 6.1420
(7, 14): 0.0944, 11.2025, 5.0455
(7, 15): 0.0944, 11.2025, 5.0455
(7, 16): 0.0423, 11.0385, 4.7352
(7, 17): 0.0634, 11.0214, 4.2697
(7, 18): 0.0634, 11.0214, 4.2697
(7, 19): 0.0391, 11.0038, 3.9380
(7, 20): -0.0654, 11.0197, 5.2728
(7, 21): -0.0880, 11.0110, 4.8565
(7, 22): -0.0880, 11.0110, 4.8565
(7, 23): -0.0666, 11.0055, 4.2147
(7, 24): -0.1078, 11.0163, 4.1784
(7, 25): -0.1078, 11.0163, 4.1784
(7, 26): -0.0996, 11.0065, 4.2643
(7, 27): -0.0733, 11.1048, 4.3229
(7, 28): -0.1275, 11.0995, 5.4951
(7, 29): -0.1275, 11.0995, 5.4951
(7, 30): -0.1955, 11.0355, 4.5577
(7, 31): -0.1300, 11.0083, 4.0635
(7, 32): -0.1300, 11.0083, 4.0635
(7, 33): -0.0734, 11.0034, 4.8726
(7, 34): -0.0654, 11.0014, 6.2605
(7, 35): -0.0493, 11.0643, 9.0293
(7, 36): -0.0493, 11.0643, 9.0293
(7, 37): -0.0631, 11.0584, 10.3974
(8, 1): -0.1290, 11.0058, 5.6247
(8, 2): -0.1290, 11.0058, 5.6247
(8, 3): -0.0936, 11.0193, 4.9614
(8, 4): 0.0028, 11.0678, 4.7899
(8, 5): 0.0028, 11.0678, 4.7899
(8, 6): -0.0762, 11.0353, 5.5255
(8, 7): -0.0147, 11.0080, 5.3503
(8, 8): -0.0147, 11.0080, 5.3503
(8, 9): 0.0296, 11.0120, 5.3647
(8, 10): 0.0224, 11.0046, 5.3880
(8, 11): 0.0290, 11.0091, 4.8979
(8, 12): 0.0290, 11.0091, 4.8979
(8, 13): 0.0425, 11.0681, 4.7828
(8, 14): 0.0320, 11.0089, 4.8373
(8, 15): 0.0320, 11.0089, 4.8373
(8, 16): 0.0746, 11.0091, 4.0834
(8, 17): 0.0837, 11.0074, 3.5414
(8, 18): 0.0837, 11.0074, 3.5414
(8, 19): 0.0208, 11.0040, 3.9528
(8, 20): -0.0101, 11.0196, 4.6519
(8, 21): -0.0009, 11.0029, 4.3616
(8, 22): -0.0009, 11.0029, 4.3616
(8, 23): 0.0374, 11.0030, 3.6605
(8, 24): 0.0526, 11.0173, 3.1990
(8, 25): 0.0526, 11.0173, 3.1990
(8, 26): -0.0203, 11.0368, 3.8361
(8, 27): 0.0280, 11.0245, 4.1648
(8, 28): -0.0088, 11.0136, 3.7983
(8, 29): -0.0088, 11.0136, 3.7983
(8, 30): -0.0696, 11.0137, 3.8241
(8, 31): 0.0462, 11.1139, 3.6109
(8, 32): 0.0462, 11.1139, 3.6109
(8, 33): -0.0689, 11.0126, 5.1267
(8, 34): -0.0572, 11.0380, 6.4432
(8, 35): -0.0499, 11.0110, 7.6522
(8, 36): -0.0499, 11.0110, 7.6522
(8, 37): -0.0899, 11.0341, 8.4619
(17, 1): -0.0426, 11.0191, 4.8427
(17, 2): -0.0426, 11.0191, 4.8427
(17, 3): 0.0561, 11.0817, 4.8434
(17, 4): 0.0543, 11.0609, 4.6622
(17, 5): 0.0543, 11.0609, 4.6622
(17, 6): 0.0776, 11.0082, 4.4328
(17, 7): 0.0626, 11.0525, 4.7630
(17, 8): -0.0010, 11.0103, 5.9033
(17, 9): -0.0010, 11.0103, 5.9033
(17, 10): 0.0051, 11.0099, 5.6112
(17, 11): -0.0398, 11.0209, 5.5196
(17, 12): -0.0398, 11.0209, 5.5196
(17, 13): -0.0053, 11.0273, 5.1057
(17, 14): 0.0420, 11.0086, 4.7876
(17, 15): 0.0420, 11.0086, 4.7876
(17, 16): 0.0765, 11.0093, 4.2717
(17, 17): 0.0072, 11.0164, 4.2128
(17, 18): -0.0553, 11.0804, 5.2645
(17, 19): -0.0553, 11.0804, 5.2645
(17, 20): -0.0525, 11.1277, 5.2787
(17, 21): -0.0210, 11.0203, 5.0142
(17, 22): -0.0210, 11.0203, 5.0142
(17, 23): -0.0145, 11.0082, 4.9996
(17, 24): 0.0057, 11.0014, 5.3664
(17, 25): 0.0057, 11.0014, 5.3664
(17, 26): -0.0328, 11.0607, 6.0075
(17, 27): -0.0184, 11.0183, 4.9394
(17, 28): -0.0040, 11.1639, 4.3859
(17, 29): -0.0040, 11.1639, 4.3859
(17, 30): 0.0071, 11.0360, 4.3618
(17, 31): 0.0044, 11.1573, 4.2353
(17, 32): 0.0044, 11.1573, 4.2353
(17, 33): -0.0284, 11.0352, 5.1329
(17, 34): 0.0604, 11.0155, 4.9802
(17, 35): 0.0604, 11.0155, 4.9802
(17, 36): 0.0627, 11.0045, 4.7346
(17, 37): 0.0328, 11.0898, 5.1950
(18, 1): 0.0198, 11.0341, 4.4884
(18, 2): 0.0198, 11.0341, 4.4884
(18, 3): 0.0329, 11.0102, 4.8086
(18, 4): 0.0947, 11.0170, 4.4600
(18, 5): 0.0710, 11.0672, 4.8864
(18, 6): 0.0710, 11.0672, 4.8864
(18, 7): -0.0199, 11.0039, 5.6327
(18, 8): -0.0201, 11.0397, 5.6311
(18, 9): -0.0201, 11.0397, 5.6311
(18, 10): -0.0009, 11.0087, 4.7630
(18, 11): -0.0276, 11.0073, 5.2286
(18, 12): -0.0276, 11.0073, 5.2286
(18, 13): 0.0197, 11.0303, 4.7710
(18, 14): 0.0175, 11.0237, 4.4683
(18, 15): 0.0175, 11.0237, 4.4683
(18, 16): 0.0077, 11.0236, 4.8358
(18, 17): -0.0245, 11.0069, 5.0575
(18, 18): 0.0205, 11.0286, 4.8547
(18, 19): 0.0205, 11.0286, 4.8547
(18, 20): 0.0850, 11.0061, 4.6306
(18, 21): -0.0556, 11.0132, 5.3376
(18, 22): -0.0556, 11.0132, 5.3376
(18, 23): 0.0394, 11.0348, 5.0064
(18, 24): -0.0007, 11.0045, 5.8438
(18, 25): -0.0007, 11.0045, 5.8438
(18, 26): 0.0551, 11.0175, 5.0046
(18, 27): 0.0744, 11.0085, 4.6985
(18, 28): 0.0744, 11.0085, 4.6985
(18, 29): -0.0124, 11.0292, 4.6976
(18, 30): -0.0260, 11.0314, 4.6654
(18, 31): 0.0073, 11.1214, 4.4279
(18, 32): 0.0073, 11.1214, 4.4279
(18, 33): 0.0188, 11.0494, 4.7786
(18, 34): 0.0324, 11.0171, 5.0190
(18, 35): 0.0324, 11.0171, 5.0190
(18, 36): 0.0342, 11.0061, 5.0068
(18, 37): 0.1719, 11.0444, 3.8950
(19, 1): 0.1625, 11.1465, 2.7878
(19, 2): 0.1625, 11.1465, 2.7878
(19, 3): 0.1017, 11.0202, 4.9238
(19, 4): 0.0776, 11.0025, 5.3299
(19, 5): 0.0252, 11.0496, 5.4935
(19, 6): 0.0252, 11.0496, 5.4935
(19, 7): -0.0331, 11.0062, 5.0855
(19, 8): -0.0343, 11.0240, 5.2504
(19, 9): -0.0343, 11.0240, 5.2504
(19, 10): 0.0066, 11.0073, 4.8803
(19, 11): 0.0226, 11.0038, 4.3380
(19, 12): 0.0226, 11.0038, 4.3380
(19, 13): 0.0319, 11.0061, 4.1515
(19, 14): -0.0435, 11.0593, 4.6888
(19, 15): -0.0435, 11.0593, 4.6888
(19, 16): -0.0451, 11.0094, 4.9273
(19, 17): 0.0133, 11.0036, 4.8359
(19, 18): 0.0266, 11.0302, 4.7664
(19, 19): 0.0266, 11.0302, 4.7664
(19, 20): 0.0521, 11.0478, 4.4742
(19, 21): 0.1126, 11.0025, 4.2065
(19, 22): 0.1126, 11.0025, 4.2065
(19, 23): 0.1343, 11.0029, 4.1531
(19, 24): 0.1091, 11.0014, 4.5157
(19, 25): 0.1091, 11.0014, 4.5157
(19, 26): 0.1374, 11.0188, 4.3845
(19, 27): 0.1772, 11.0517, 4.4958
(19, 28): 0.1772, 11.0517, 4.4958
(19, 29): 0.1189, 11.0086, 4.6102
(19, 30): 0.1314, 11.0224, 4.6640
(19, 31): 0.0592, 11.0146, 4.6317
(19, 32): 0.0592, 11.0146, 4.6317
(19, 33): 0.0667, 11.0301, 4.9084
(19, 34): 0.0278, 11.0033, 5.0671
(19, 35): 0.0278, 11.0033, 5.0671
(19, 36): -0.0024, 11.1128, 5.3029
(19, 37): 0.0280, 11.0767, 4.8175
(20, 1): 0.0741, 11.1330, 3.5620
(20, 2): 0.0741, 11.1330, 3.5620
(20, 3): 0.0806, 11.0155, 5.0352
(20, 4): 0.1525, 11.1578, 4.6231
(20, 5): 0.0955, 11.0092, 4.5727
(20, 6): 0.0955, 11.0092, 4.5727
(20, 7): 0.0979, 11.0319, 4.4115
(20, 8): 0.1126, 11.0420, 3.9128
(20, 9): 0.1126, 11.0420, 3.9128
(20, 10): 0.0614, 11.0381, 4.1908
(20, 11): 0.0269, 11.0130, 4.5400
(20, 12): 0.0269, 11.0130, 4.5400
(20, 13): -0.0040, 11.0086, 4.7010
(20, 14): -0.0455, 11.0005, 4.9356
(20, 15): -0.0455, 11.0005, 4.9356
(20, 16): -0.0831, 11.0578, 4.7117
(20, 17): -0.0314, 11.0250, 4.8518
(20, 18): -0.0945, 11.0525, 4.8405
(20, 19): -0.0945, 11.0525, 4.8405
(20, 20): -0.0349, 11.0454, 4.9199
(20, 21): 0.0734, 11.0301, 4.1996
(20, 22): 0.0734, 11.0301, 4.1996
(20, 23): 0.1619, 11.0240, 3.7724
(20, 24): 0.2789, 11.0288, 3.4051
(20, 25): 0.2789, 11.0288, 3.4051
(20, 26): 0.1638, 11.0218, 3.7419
(20, 27): 0.1218, 11.0301, 4.1104
(20, 28): 0.1218, 11.0301, 4.1104
(20, 29): 0.1122, 11.0495, 4.2506
(20, 30): 0.1245, 11.0055, 4.2330
(20, 31): 0.1767, 11.0194, 4.3353
(20, 32): 0.1767, 11.0194, 4.3353
(20, 33): 0.0760, 11.0222, 5.0953
(20, 34): 0.0376, 11.0219, 4.8152
(20, 35): 0.0376, 11.0219, 4.8152
(20, 36): -0.0026, 11.0621, 5.3881
(20, 37): 0.0043, 11.0296, 4.7817
(21, 1): 0.0122, 11.2208, 3.8042
(21, 2): 0.1589, 11.0003, 3.5347
(21, 3): 0.1589, 11.0003, 3.5347
(21, 4): 0.0917, 11.0155, 4.5875
(21, 5): 0.0862, 11.0625, 4.2999
(21, 6): 0.0862, 11.0625, 4.2999
(21, 7): 0.1588, 11.1332, 3.8230
(21, 8): 0.0683, 11.0072, 4.2335
(21, 9): 0.0683, 11.0072, 4.2335
(21, 10): 0.1057, 11.0186, 3.8065
(21, 11): 0.0362, 11.0331, 4.3509
(21, 12): 0.0362, 11.0331, 4.3509
(21, 13): 0.0059, 11.0245, 4.5524
(21, 14): -0.0570, 11.0882, 4.8361
(21, 15): -0.0570, 11.0882, 4.8361
(21, 16): -0.0913, 11.0030, 5.3209
(21, 17): -0.1126, 11.0035, 5.0543
(21, 18): -0.0545, 11.0199, 4.6200
(21, 19): -0.0545, 11.0199, 4.6200
(21, 20): 0.0057, 11.0645, 4.5515
(21, 21): 0.0694, 11.0528, 3.8280
(21, 22): 0.0694, 11.0528, 3.8280
(21, 23): 0.4558, 11.0014, 2.3469
(21, 24): 0.2151, 11.0014, 3.3067
(21, 25): 0.2151, 11.0014, 3.3067
(21, 26): 0.1923, 11.0435, 3.9683
(21, 27): 0.1453, 11.0005, 4.1403
(21, 28): 0.1453, 11.0005, 4.1403
(21, 29): 0.1341, 11.0026, 4.2928
(21, 30): 0.1527, 11.0081, 4.4031
(21, 31): 0.1739, 11.0459, 4.9171
(21, 32): 0.1739, 11.0459, 4.9171
(21, 33): 0.1085, 11.0061, 4.5838
(21, 34): 0.0332, 11.0060, 5.0326
(21, 35): 0.0332, 11.0060, 5.0326
(21, 36): -0.0014, 11.0015, 5.3997
(21, 37): -0.0068, 11.0182, 5.1307
(22, 1): 0.1098, 11.2471, 3.3285
(22, 2): 0.1405, 11.0186, 3.1270
(22, 3): 0.1405, 11.0186, 3.1270
(22, 4): 0.1028, 11.0281, 4.2072
(22, 5): 0.0676, 11.0586, 4.3650
(22, 6): 0.0676, 11.0586, 4.3650
(22, 7): 0.0026, 11.1129, 4.8854
(22, 8): 0.0365, 11.0169, 4.3363
(22, 9): 0.0365, 11.0169, 4.3363
(22, 10): 0.0118, 11.0511, 4.5236
(22, 11): 0.0460, 11.0015, 4.2599
(22, 12): 0.0460, 11.0015, 4.2599
(22, 13): 0.0293, 11.0430, 4.4511
(22, 14): 0.0418, 11.0603, 4.1800
(22, 15): 0.0921, 11.0436, 3.3092
(22, 16): 0.0921, 11.0436, 3.3092
(22, 17): -0.0576, 11.0106, 4.9207
(22, 18): -0.0588, 11.0378, 4.9387
(22, 19): -0.0588, 11.0378, 4.9387
(22, 20): -0.0339, 11.0353, 4.5377
(22, 21): 0.0985, 11.0201, 4.4073
(22, 22): 0.0985, 11.0201, 4.4073
(22, 23): 0.1923, 11.0603, 3.2240
(22, 24): 0.1085, 11.0016, 3.7902
(22, 25): 0.1085, 11.0016, 3.7902
(22, 26): 0.1214, 11.0362, 4.1024
(22, 27): 0.2380, 11.1499, 3.5609
(22, 28): 0.2380, 11.1499, 3.5609
(22, 29): 0.1382, 11.0495, 4.0739
(22, 30): 0.0366, 11.0046, 4.6078
(22, 31): 0.0994, 11.0165, 4.2984
(22, 32): 0.0994, 11.0165, 4.2984
(22, 33): 0.1235, 11.0306, 4.5647
(22, 34): 0.0748, 11.0425, 4.7022
(22, 35): 0.0748, 11.0425, 4.7022
(22, 36): 0.0653, 11.0092, 4.5023
(22, 37): 0.0786, 11.0134, 4.4891
(23, 1): 0.2088, 11.0499, 3.0143
(23, 2): -0.0945, 11.0052, 4.2094
(23, 3): -0.0945, 11.0052, 4.2094
(23, 4): 0.1608, 11.0761, 3.6686
(23, 5): 0.0809, 11.0124, 4.1577
(23, 6): 0.0809, 11.0124, 4.1577
(23, 7): 0.0449, 11.0679, 4.4154
(23, 8): 0.1728, 11.0597, 3.5319
(23, 9): 0.1728, 11.0597, 3.5319
(23, 10): 0.0268, 11.0098, 4.3109
(23, 11): 0.0021, 11.0398, 4.4756
(23, 12): 0.0021, 11.0398, 4.4756
(23, 13): -0.0181, 11.0151, 4.6739
(23, 14): -0.0009, 11.0606, 4.4569
(23, 15): 0.0435, 11.1160, 3.8562
(23, 16): 0.0435, 11.1160, 3.8562
(23, 17): 0.0073, 11.1313, 4.2852
(23, 18): 0.0768, 11.0317, 4.1240
(23, 19): 0.0768, 11.0317, 4.1240
(23, 20): 0.0115, 11.0092, 4.6157
(23, 21): 0.1231, 11.0505, 4.4956
(23, 22): 0.1231, 11.0505, 4.4956
(23, 23): 0.1326, 11.0284, 3.9692
(23, 24): 0.1629, 11.0225, 3.9096
(23, 25): 0.1629, 11.0225, 3.9096
(23, 26): 0.0902, 11.0195, 4.0690
(23, 27): 0.1329, 11.0132, 4.1554
(23, 28): 0.1329, 11.0132, 4.1554
(23, 29): 0.0751, 11.0190, 5.1294
(23, 30): 0.0586, 11.0013, 4.7153
(23, 31): 0.0086, 11.0403, 5.2180
(23, 32): 0.0086, 11.0403, 5.2180
(23, 33): 0.0231, 11.0197, 5.0298
(23, 34): 0.0714, 11.0901, 4.8174
(23, 35): 0.0714, 11.0901, 4.8174
(23, 36): 0.0265, 11.0690, 4.6354
(23, 37): 0.0007, 11.0286, 4.9947
(24, 1): 0.1301, 11.0262, 2.8082
(24, 2): -0.0774, 11.0334, 4.0086
(24, 3): -0.0774, 11.0334, 4.0086
(24, 4): 0.1121, 11.0321, 3.9258
(24, 5): 0.0515, 11.0144, 3.9465
(24, 6): 0.0515, 11.0144, 3.9465
(24, 7): 0.0772, 11.0886, 3.6096
(24, 8): 0.0496, 11.0602, 3.8032
(24, 9): 0.0496, 11.0602, 3.8032
(24, 10): -0.0095, 11.0063, 4.0088
(24, 11): 0.0199, 11.0409, 3.8370
(24, 12): 0.0199, 11.0409, 3.8370
(24, 13): -0.0181, 11.0151, 4.6739
(24, 14): -0.0009, 11.0606, 4.4569
(24, 15): 0.0435, 11.1160, 3.8562
(24, 16): 0.0435, 11.1160, 3.8562
(24, 17): 0.0073, 11.1313, 4.2852
(24, 18): 0.0768, 11.0317, 4.1240
(24, 19): 0.0768, 11.0317, 4.1240
(24, 20): 0.0115, 11.0092, 4.6157
(24, 21): 0.1231, 11.0505, 4.4956
(24, 22): 0.1231, 11.0505, 4.4956
(24, 23): 0.1326, 11.0284, 3.9692
(24, 24): 0.1629, 11.0225, 3.9096
(24, 25): 0.1629, 11.0225, 3.9096
(24, 26): 0.0902, 11.0195, 4.0690
(24, 27): 0.1329, 11.0132, 4.1554
(24, 28): 0.1329, 11.0132, 4.1554
(24, 29): 0.0751, 11.0190, 5.1294
(24, 30): 0.0586, 11.0013, 4.7153
(24, 31): -0.0767, 11.0375, 5.9147
(24, 32): 0.0547, 11.0775, 5.2150
(24, 33): 0.0231, 11.0107, 5.4624
(24, 34): 0.0217, 11.0891, 5.1195
(24, 35): 0.0217, 11.0891, 5.1195
(24, 36): 0.0172, 11.0056, 5.2585
(24, 37): 0.0381, 11.0073, 5.1695
(25, 1): -0.0030, 11.0240, 3.3937
(25, 2): 0.1889, 11.1392, 2.3002
(25, 3): 0.1889, 11.1392, 2.3002
(25, 4): -0.0207, 11.0279, 3.9101
(25, 5): -0.0609, 11.0015, 4.1853
(25, 6): -0.0609, 11.0015, 4.1853
(25, 7): 0.0772, 11.0886, 3.6096
(25, 8): 0.0496, 11.0602, 3.8032
(25, 9): 0.0496, 11.0602, 3.8032
(25, 10): -0.0095, 11.0063, 4.0088
(25, 11): 0.0199, 11.0409, 3.8370
(25, 12): 0.0199, 11.0409, 3.8370
(25, 13): -0.0283, 11.0074, 4.4026
(25, 14): -0.0272, 11.0307, 4.4912
(25, 15): -0.0242, 11.0232, 4.2729
(25, 16): -0.0242, 11.0232, 4.2729
(25, 17): -0.0283, 11.0467, 4.2838
(25, 18): -0.0009, 11.0284, 4.2381
(25, 19): -0.0009, 11.0284, 4.2381
(25, 20): 0.1446, 11.0114, 3.7412
(25, 21): 0.1470, 11.0106, 3.8020
(25, 22): 0.1470, 11.0106, 3.8020
(25, 23): 0.1526, 11.0159, 4.1997
(25, 24): 0.1066, 11.0163, 4.3675
(25, 25): 0.1066, 11.0163, 4.3675
(25, 26): 0.0850, 11.0008, 4.4386
(25, 27): 0.0550, 11.0256, 4.6926
(25, 28): 0.0550, 11.0256, 4.6926
(25, 29): 0.0032, 11.0870, 5.2476
(25, 30): -0.0767, 11.0375, 5.9147
(25, 31): -0.0767, 11.0375, 5.9147
(25, 32): 0.0547, 11.0775, 5.2150
(25, 33): 0.0231, 11.0107, 5.4624
(25, 34): 0.0217, 11.0891, 5.1195
(25, 35): 0.0217, 11.0891, 5.1195
(25, 36): 0.0172, 11.0056, 5.2585
(25, 37): -0.0044, 11.0807, 6.1340
(26, 1): 0.1984, 11.0890, 2.7213
(26, 2): 0.1889, 11.1392, 2.3002
(26, 3): 0.1889, 11.1392, 2.3002
(26, 4): -0.0207, 11.0279, 3.9101
(26, 5): -0.0609, 11.0015, 4.1853
(26, 6): -0.0609, 11.0015, 4.1853
(26, 7): -0.0487, 11.0878, 4.3749
(26, 8): -0.0929, 11.0488, 4.6202
(26, 9): -0.0929, 11.0488, 4.6202
(26, 10): -0.0639, 11.0086, 4.2638
(26, 11): -0.0513, 11.0114, 4.1592
(26, 12): -0.0513, 11.0114, 4.1592
(26, 13): -0.0966, 11.0079, 4.5166
(26, 14): -0.0627, 11.0029, 4.2328
(26, 15): -0.0251, 11.0307, 4.1047
(26, 16): -0.0251, 11.0307, 4.1047
(26, 17): 0.0007, 11.0300, 4.0643
(26, 18): -0.0399, 11.0386, 4.2245
(26, 19): -0.0399, 11.0386, 4.2245
(26, 20): -0.0212, 11.0527, 4.4319
(26, 21): 0.0171, 11.0917, 4.1036
(26, 22): 0.0171, 11.0917, 4.1036
(26, 23): 0.1067, 11.1399, 4.2396
(26, 24): 0.0217, 11.0508, 5.2100
(26, 25): 0.0217, 11.0508, 5.2100
(26, 26): -0.0024, 11.0031, 5.5926
(26, 27): 0.0432, 11.0539, 5.0093
(26, 28): 0.0432, 11.0539, 5.0093
(26, 29): 0.0445, 11.0500, 5.0783
(26, 30): -0.0601, 11.0779, 6.3422
(26, 31): -0.0601, 11.0779, 6.3422
(26, 32): -0.0560, 11.0281, 6.3189
(26, 33): -0.0895, 11.0074, 6.2849
(26, 34): -0.0115, 11.0245, 5.3941
(26, 35): -0.0115, 11.0245, 5.3941
(26, 36): -0.0367, 11.0161, 6.2145
(26, 37): -0.0044, 11.0807, 6.1340
(27, 1): 0.1984, 11.0890, 2.7213
(27, 2): 0.0701, 11.0244, 3.2038
(27, 3): 0.0701, 11.0244, 3.2038
(27, 4): -0.0167, 11.0128, 3.8747
(27, 5): -0.0736, 11.0386, 4.0545
(27, 6): -0.0736, 11.0386, 4.0545
(27, 7): -0.1237, 11.0059, 4.5532
(27, 8): -0.1166, 11.0066, 4.5707
(27, 9): -0.1166, 11.0066, 4.5707
(27, 10): -0.1907, 11.0661, 5.1729
(27, 11): -0.0901, 11.0286, 4.4716
(27, 12): -0.0904, 11.0211, 4.3954
(27, 13): -0.0904, 11.0211, 4.3954
(27, 14): -0.0760, 11.0531, 4.5167
(27, 15): -0.0263, 11.0210, 4.6653
(27, 16): -0.0263, 11.0210, 4.6653
(27, 17): -0.0259, 11.0268, 4.7143
(27, 18): -0.0705, 11.0029, 5.1285
(27, 19): -0.0705, 11.0029, 5.1285
(27, 20): -0.0829, 11.0161, 4.9457
(27, 21): -0.0901, 11.0581, 5.0334
(27, 22): -0.0901, 11.0581, 5.0334
(27, 23): -0.0766, 11.1680, 4.9909
(27, 24): 0.0453, 11.0239, 5.4585
(27, 25): 0.0453, 11.0239, 5.4585
(27, 26): 0.0618, 11.0270, 5.7056
(27, 27): 0.0259, 11.0170, 5.3941
(27, 28): 0.0259, 11.0170, 5.3941
(27, 29): 0.0783, 11.0275, 5.0231
(27, 30): 0.0347, 11.0106, 5.9246
(27, 31): 0.0347, 11.0106, 5.9246
(27, 32): -0.0472, 11.0797, 6.8650
(27, 33): -0.0364, 11.0069, 6.6431
(27, 34): -0.0364, 11.0069, 6.6431
(27, 35): 0.0022, 11.0321, 5.7960
(27, 36): 0.0116, 11.0026, 5.4345
(27, 37): -0.0025, 11.0015, 5.6886
(28, 1): 0.0214, 11.0790, 2.8240
(28, 2): -0.0558, 11.0286, 3.5370
(28, 3): -0.0558, 11.0286, 3.5370
(28, 4): 0.0029, 11.0057, 3.8597
(28, 5): -0.0211, 11.0279, 3.8366
(28, 6): -0.0211, 11.0279, 3.8366
(28, 7): -0.0201, 11.0368, 3.8931
(28, 8): -0.0692, 11.0092, 4.4432
(28, 9): -0.0692, 11.0092, 4.4432
(28, 10): -0.0228, 11.0656, 4.1768
(28, 11): -0.0467, 11.1064, 4.4701
(28, 12): -0.0190, 11.0856, 4.1610
(28, 13): -0.0190, 11.0856, 4.1610
(28, 14): 0.0460, 11.0516, 4.0477
(28, 15): -0.0726, 11.0009, 5.0095
(28, 16): -0.0726, 11.0009, 5.0095
(28, 17): -0.0061, 11.0061, 4.6732
(28, 18): -0.0729, 11.0094, 5.1094
(28, 19): -0.0729, 11.0094, 5.1094
(28, 20): -0.1091, 11.0205, 5.2020
(28, 21): 0.0431, 11.1982, 4.0568
(28, 22): 0.0431, 11.1982, 4.0568
(28, 23): -0.0707, 11.0616, 4.9754
(28, 24): 0.0636, 11.0592, 4.8130
(28, 25): 0.0636, 11.0592, 4.8130
(28, 26): 0.0511, 11.0083, 5.3598
(28, 27): 0.1209, 11.0722, 4.9279
(28, 28): 0.1209, 11.0722, 4.9279
(28, 29): 0.1357, 11.0642, 4.6937
(28, 30): 0.0490, 11.0283, 5.7743
(28, 31): 0.0490, 11.0283, 5.7743
(28, 32): -0.0103, 11.0274, 5.9189
(28, 33): -0.0365, 11.0026, 6.5443
(28, 34): -0.0365, 11.0026, 6.5443
(28, 35): 0.0324, 11.0388, 5.8144
(28, 36): -0.0241, 11.0004, 5.0841
(28, 37): 0.0201, 11.1003, 5.5434
(29, 1): -0.0520, 11.0206, 2.7054
(29, 2): -0.2015, 11.0330, 3.6985
(29, 3): -0.2015, 11.0330, 3.6985
(29, 4): -0.1755, 11.0377, 4.3244
(29, 5): -0.1528, 11.0448, 4.4536
(29, 6): -0.1528, 11.0448, 4.4536
(29, 7): -0.0978, 11.0222, 4.1711
(29, 8): -0.0475, 11.0446, 4.4232
(29, 9): -0.0199, 11.0722, 4.4721
(29, 10): -0.0199, 11.0722, 4.4721
(29, 11): -0.0200, 11.0209, 4.9424
(29, 12): 0.0369, 11.0409, 4.2609
(29, 13): 0.0369, 11.0409, 4.2609
(29, 14): -0.0513, 11.0343, 4.9243
(29, 15): -0.0574, 11.0331, 4.7338
(29, 16): -0.0574, 11.0331, 4.7338
(29, 17): -0.0651, 11.0160, 4.9656
(29, 18): -0.0568, 11.0892, 4.6478
(29, 19): -0.0568, 11.0892, 4.6478
(29, 20): -0.0779, 11.0010, 5.1036
(29, 21): -0.0426, 11.1299, 4.9340
(29, 22): -0.0426, 11.1299, 4.9340
(29, 23): -0.0655, 11.0426, 5.3322
(29, 24): 0.0536, 11.0106, 4.7306
(29, 25): 0.0536, 11.0106, 4.7306
(29, 26): 0.0724, 11.0180, 4.9942
(29, 27): 0.1437, 11.0217, 5.2665
(29, 28): 0.1437, 11.0217, 5.2665
(29, 29): 0.1969, 11.0771, 4.9285
(29, 30): 0.0848, 11.0056, 5.1202
(29, 31): 0.0848, 11.0056, 5.1202
(29, 32): 0.1001, 11.0145, 4.5372
(29, 33): 0.0185, 11.0189, 5.1662
(29, 34): 0.0185, 11.0189, 5.1662
(29, 35): 0.0561, 11.0001, 4.9103
(29, 36): 0.0329, 11.0036, 5.0946
(29, 37): 0.0329, 11.0036, 5.0946
(30, 1): -0.0096, 11.1525, 2.3917
(30, 2): -0.1163, 11.0253, 3.9711
(30, 3): -0.1163, 11.0253, 3.9711
(30, 4): -0.1371, 11.0185, 4.1240
(30, 5): -0.1356, 11.0479, 4.1280
(30, 6): -0.0837, 11.0034, 4.2878
(30, 7): -0.0837, 11.0034, 4.2878
(30, 8): -0.0714, 11.0591, 4.5318
(30, 9): -0.0177, 11.0166, 4.7197
(30, 10): -0.0177, 11.0166, 4.7197
(30, 11): 0.0117, 11.0115, 4.5454
(30, 12): 0.0794, 11.0408, 3.9189
(30, 13): 0.0794, 11.0408, 3.9189
(30, 14): 0.0207, 11.0324, 4.4974
(30, 15): -0.0108, 11.0202, 5.0608
(30, 16): -0.0108, 11.0202, 5.0608
(30, 17): -0.0089, 11.0255, 4.9488
(30, 18): -0.0027, 11.0644, 4.6580
(30, 19): -0.0027, 11.0644, 4.6580
(30, 20): -0.0623, 11.0147, 5.0092
(30, 21): -0.0707, 11.0767, 5.2589
(30, 22): -0.0707, 11.0767, 5.2589
(30, 23): 0.0032, 11.0013, 5.1922
(30, 24): 0.0204, 11.0650, 5.1933
(30, 25): 0.0204, 11.0650, 5.1933
(30, 26): 0.0758, 11.0139, 5.0633
(30, 27): 0.1978, 11.0545, 4.6162
(30, 28): 0.1978, 11.0545, 4.6162
(30, 29): 0.1081, 11.0132, 5.4412
(30, 30): 0.0891, 11.0244, 5.1064
(30, 31): 0.0891, 11.0244, 5.1064
(30, 32): 0.0063, 11.0061, 5.7646
(30, 33): 0.0153, 11.0325, 4.9856
(30, 34): 0.0153, 11.0325, 4.9856
(30, 35): -0.0285, 11.0064, 5.7578
(30, 36): 0.0148, 11.0117, 5.6060
(30, 37): 0.0148, 11.0117, 5.6060
(31, 1): -0.0096, 11.1525, 2.3917
(31, 2): -0.1163, 11.0253, 3.9711
(31, 3): -0.1371, 11.0185, 4.1240
(31, 4): -0.1371, 11.0185, 4.1240
(31, 5): -0.1356, 11.0479, 4.1280
(31, 6): -0.0837, 11.0034, 4.2878
(31, 7): -0.0837, 11.0034, 4.2878
(31, 8): -0.0714, 11.0591, 4.5318
(31, 9): -0.0177, 11.0166, 4.7197
(31, 10): -0.0177, 11.0166, 4.7197
(31, 11): 0.0117, 11.0115, 4.5454
(31, 12): 0.0794, 11.0408, 3.9189
(31, 13): 0.0794, 11.0408, 3.9189
(31, 14): 0.0207, 11.0324, 4.4974
(31, 15): -0.0108, 11.0202, 5.0608
(31, 16): -0.0108, 11.0202, 5.0608
(31, 17): -0.0089, 11.0255, 4.9488
(31, 18): -0.0027, 11.0644, 4.6580
(31, 19): -0.0027, 11.0644, 4.6580
(31, 20): -0.0623, 11.0147, 5.0092
(31, 21): -0.0707, 11.0767, 5.2589
(31, 22): -0.0707, 11.0767, 5.2589
(31, 23): 0.0032, 11.0013, 5.1922
(31, 24): 0.0204, 11.0650, 5.1933
(31, 25): 0.0204, 11.0650, 5.1933
(31, 26): 0.0758, 11.0139, 5.0633
(31, 27): 0.1978, 11.0545, 4.6162
(31, 28): 0.1978, 11.0545, 4.6162
(31, 29): 0.1081, 11.0132, 5.4412
(31, 30): 0.0891, 11.0244, 5.1064
(31, 31): 0.0891, 11.0244, 5.1064
(31, 32): 0.0063, 11.0061, 5.7646
(31, 33): 0.0153, 11.0325, 4.9856
(31, 34): 0.0153, 11.0325, 4.9856
(31, 35): -0.0285, 11.0064, 5.7578
(31, 36): 0.0148, 11.0117, 5.6060
(31, 37): 0.0148, 11.0117, 5.6060
(32, 1): -0.0096, 11.1525, 2.3917
(32, 2): -0.1163, 11.0253, 3.9711
(32, 3): -0.1371, 11.0185, 4.1240
(32, 4): -0.1371, 11.0185, 4.1240
(32, 5): -0.1356, 11.0479, 4.1280
(32, 6): -0.0837, 11.0034, 4.2878
(32, 7): -0.0837, 11.0034, 4.2878
(32, 8): -0.0714, 11.0591, 4.5318
(32, 9): -0.0177, 11.0166, 4.7197
(32, 10): -0.0177, 11.0166, 4.7197
(32, 11): 0.0117, 11.0115, 4.5454
(32, 12): 0.0794, 11.0408, 3.9189
(32, 13): 0.0794, 11.0408, 3.9189
(32, 14): 0.0207, 11.0324, 4.4974
(32, 15): -0.0108, 11.0202, 5.0608
(32, 16): -0.0108, 11.0202, 5.0608
(32, 17): -0.0089, 11.0255, 4.9488
(32, 18): -0.0027, 11.0644, 4.6580
(32, 19): -0.0027, 11.0644, 4.6580
(32, 20): -0.0623, 11.0147, 5.0092
(32, 21): -0.0707, 11.0767, 5.2589
(32, 22): -0.0707, 11.0767, 5.2589
(32, 23): 0.0032, 11.0013, 5.1922
(32, 24): 0.0204, 11.0650, 5.1933
(32, 25): 0.0204, 11.0650, 5.1933
(32, 26): 0.0758, 11.0139, 5.0633
(32, 27): 0.1978, 11.0545, 4.6162
(32, 28): 0.1978, 11.0545, 4.6162
(32, 29): 0.1081, 11.0132, 5.4412
(32, 30): 0.0891, 11.0244, 5.1064
(32, 31): 0.0891, 11.0244, 5.1064
(32, 32): 0.0063, 11.0061, 5.7646
(32, 33): 0.0153, 11.0325, 4.9856
(32, 34): 0.0153, 11.0325, 4.9856
(32, 35): -0.0285, 11.0064, 5.7578
(32, 36): 0.0148, 11.0117, 5.6060
(32, 37): 0.0148, 11.0117, 5.6060
