(10, 10): 0.2357, 3.0100, 6.4019
(10, 11): 0.1898, 3.0100, 2.7642
(10, 12): 0.2532, 3.0100, 6.0770
(10, 14): -0.0053, 3.0198, 1.5727
(10, 15): 0.2888, 3.0100, 7.8517
(10, 16): 0.3073, 3.0100, 8.0515
(10, 17): 0.2835, 3.0100, 8.6319
(10, 18): 0.2843, 3.0100, 8.8340
(10, 19): 0.2693, 3.0100, 9.0173
(10, 20): 0.2666, 3.0100, 9.1459
(10, 21): 0.2631, 3.0100, 9.4054
(10, 22): 0.2773, 3.0100, 9.3986
(10, 23): 0.2761, 3.0100, 9.3275
(10, 24): 0.2861, 3.0100, 9.4467
(10, 25): 0.3257, 3.0100, 8.9887
(10, 26): 0.3442, 3.0100, 8.3822
(11, 10): 0.3146, 3.0100, 7.1822
(11, 11): 0.3211, 3.0000, 8.8752
(11, 12): 0.3229, 3.0100, 8.9942
(11, 13): 0.1685, 3.0100, 3.5230
(11, 16): 0.1748, 3.0200, 1.9728
(11, 17): 0.3098, 3.0100, 8.3804
(11, 18): 0.2802, 3.0100, 8.8195
(11, 19): 0.2953, 3.0100, 8.8756
(11, 20): 0.3087, 3.0200, 8.6701
(11, 21): 0.3118, 3.0100, 8.8177
(11, 22): 0.3176, 3.0100, 8.7156
(11, 23): 0.2881, 3.0100, 9.2017
(11, 24): 0.2837, 3.0100, 9.4222
(11, 25): 0.3004, 3.0200, 9.1651
(11, 26): 0.3290, 3.0200, 8.3662
(12, 10): 0.3513, 3.0100, 8.2480
(12, 11): 0.3280, 3.0100, 9.0727
(12, 12): 0.3339, 3.0100, 8.7348
(12, 13): 0.2992, 3.0100, 7.2059
(12, 14): 0.2119, 3.0100, 5.1883
(12, 16): 0.1577, 3.0100, 3.2057
(12, 17): 0.2906, 3.0100, 8.6428
(12, 18): 0.2887, 3.0100, 8.7989
(12, 19): 0.3147, 3.0100, 8.7147
(12, 20): 0.3294, 3.0100, 8.5917
(12, 21): 0.3344, 3.0100, 8.6192
(12, 22): 0.2805, 3.0100, 9.4770
(12, 23): 0.2392, 3.0100, 9.8200
(12, 24): 0.2722, 3.0100, 8.2748
(12, 25): 0.2023, 3.0100, 3.3677
(12, 26): 0.1504, 3.0100, 3.4368
(13, 10): 0.3661, 3.0200, 8.8392
(13, 11): 0.3273, 3.0100, 9.2746
(13, 12): 0.3034, 3.0100, 8.8877
(13, 13): 0.3033, 3.0100, 7.4489
(13, 14): 0.1931, 3.0100, 2.1324
(13, 16): 0.1038, 3.0100, 2.0526
(13, 17): 0.3062, 3.0100, 6.7178
(13, 18): 0.3024, 3.0100, 7.9612
(13, 19): 0.3227, 3.0100, 8.5400
(13, 20): 0.2909, 3.0100, 9.0505
(13, 21): 0.2851, 3.0100, 9.1837
(13, 22): 0.2614, 3.0100, 9.5298
(13, 23): 0.2620, 3.0200, 9.2180
(13, 24): 0.2723, 3.0100, 7.8303
(13, 25): 0.0760, 3.0200, 1.6415
(14, 10): 0.3574, 3.0100, 9.1844
(14, 11): 0.3695, 3.0100, 8.9843
(14, 12): 0.3272, 3.0100, 8.7726
(14, 13): 0.1327, 3.0200, 1.5286
(14, 15): 0.2357, 3.0200, 1.0038
(14, 16): 0.2410, 3.0100, 7.8301
(14, 17): 0.3004, 3.0100, 8.7521
(14, 18): 0.3023, 3.0100, 8.8726
(14, 19): 0.2846, 3.0100, 8.9318
(14, 20): 0.2389, 3.0100, 9.4795
(14, 21): 0.2554, 3.0100, 9.2363
(14, 22): 0.2524, 3.0100, 9.3971
(14, 23): 0.2398, 3.0100, 9.4145
(14, 24): 0.2300, 3.0100, 8.7733
(14, 25): 0.1895, 3.0100, 5.6012
(14, 26): 0.1897, 3.0100, 5.9993
(14, 27): 0.2603, 3.0300, 1.1333
(15, 9): 0.1090, 3.0100, 3.3244
(15, 10): 0.3379, 3.0000, 9.3059
(15, 11): 0.3139, 3.0100, 9.6126
(15, 12): 0.3522, 3.0100, 8.8950
(15, 13): 0.2156, 3.0100, 4.1487
(15, 14): 0.2368, 3.0100, 1.1117
(15, 15): 0.2759, 3.0100, 7.7198
(15, 16): 0.2911, 3.0100, 8.9860
(15, 17): 0.2803, 3.0100, 8.6318
(15, 18): 0.2290, 3.0100, 8.5841
(15, 19): 0.2578, 3.0100, 9.2683
(15, 20): 0.2700, 3.0100, 8.8911
(15, 21): 0.2693, 3.0100, 8.9725
(15, 22): 0.2702, 3.0100, 9.1493
(15, 23): 0.2832, 3.0100, 9.0530
(15, 24): 0.2739, 3.0100, 8.9757
(15, 25): 0.2693, 3.0100, 9.2920
(15, 26): 0.2547, 3.0100, 9.2008
(15, 27): 0.2284, 3.0100, 6.4613
(16, 9): 0.1711, 3.0100, 4.2914
(16, 10): 0.2678, 3.0100, 9.8752
(16, 11): 0.2912, 3.0100, 9.6922
(16, 12): 0.3088, 3.0100, 9.2448
(16, 13): 0.1775, 3.0000, 4.3691
(16, 14): 0.3244, 3.0100, 8.7774
(16, 15): 0.3358, 3.0100, 9.0087
(16, 16): 0.3099, 3.0100, 8.2099
(16, 17): 0.2922, 3.0100, 7.9689
(16, 18): 0.2812, 3.0100, 9.4383
(16, 19): 0.2757, 3.0100, 9.4029
(16, 20): 0.2665, 3.0100, 9.2976
(16, 21): 0.2536, 3.0100, 9.3290
(16, 22): 0.2848, 3.0100, 9.1672
(16, 23): 0.2535, 3.0100, 9.5566
(16, 24): 0.3007, 3.0100, 9.0610
(16, 25): 0.2743, 3.0100, 9.2976
(16, 26): 0.2491, 3.0100, 9.3594
(16, 27): 0.2114, 3.0100, 6.1058
(17, 9): 0.2461, 3.0100, 7.4494
(17, 10): 0.3106, 3.0100, 9.3836
(17, 11): 0.2764, 3.0100, 9.8980
(17, 12): 0.2976, 3.0000, 9.5677
(17, 13): 0.2575, 3.0100, 8.5679
(17, 14): 0.3075, 3.0200, 7.6108
(17, 15): 0.2931, 3.0100, 8.7573
(17, 16): 0.3165, 3.0100, 8.5054
(17, 17): 0.2737, 3.0100, 10.2507
(17, 18): 0.2961, 3.0100, 9.6609
(17, 19): 0.2709, 3.0100, 9.8400
(17, 20): 0.2712, 3.0200, 9.4787
(17, 21): 0.2698, 3.0100, 9.4503
(17, 22): 0.2705, 3.0200, 9.5009
(17, 23): 0.3051, 3.0100, 9.1826
(17, 24): 0.3248, 3.0100, 8.6749
(17, 25): 0.2721, 3.0100, 9.2272
(17, 26): 0.2615, 3.0100, 7.9747
(18, 8): 0.1034, 3.0100, 1.3432
(18, 9): 0.2788, 3.0100, 9.3966
(18, 10): 0.2874, 3.0100, 9.7620
(18, 11): 0.2820, 3.0100, 9.8359
(18, 12): 0.2667, 3.0100, 10.0905
(18, 13): 0.2897, 3.0100, 9.8023
(18, 14): 0.3369, 3.0100, 9.3567
(18, 15): 0.3376, 3.0100, 9.4096
(18, 16): 0.3098, 3.0100, 9.6007
(18, 17): 0.2965, 3.0100, 9.8002
(18, 18): 0.2819, 3.0100, 10.0470
(18, 19): 0.2770, 3.0000, 10.0520
(18, 20): 0.2798, 3.0100, 9.7611
(18, 21): 0.3017, 3.0100, 9.2016
(18, 22): 0.3039, 3.0100, 8.9280
(18, 23): 0.3129, 3.0100, 9.0639
(18, 24): 0.3184, 3.0100, 8.8641
(18, 25): 0.2760, 3.0100, 8.2110
(18, 26): 0.2108, 3.0100, 2.6086
(19, 8): 0.1956, 3.0100, 6.0777
(19, 9): 0.2922, 3.0100, 9.6109
(19, 10): 0.2826, 3.0000, 9.6155
(19, 11): 0.2477, 3.0100, 9.9978
(19, 12): 0.2562, 3.0100, 9.9623
(2, 20): 0.1476, 3.0100, 1.8761
(2, 21): 0.0632, 3.0100, 2.1097
(3, 16): 0.1591, 3.0100, 3.3301
(3, 17): 0.2005, 3.0100, 3.2181
(3, 18): 0.1772, 3.0200, 1.8364
(3, 19): 0.1373, 3.0100, 3.3816
(3, 20): 0.1199, 3.0100, 1.9922
(3, 21): 0.1730, 3.0100, 2.5653
(3, 22): 0.2311, 3.0100, 5.8661
(3, 23): 0.2752, 3.0100, 8.2257
(3, 24): 0.2617, 3.0100, 7.2238
(4, 13): 0.1833, 3.0100, 2.8459
(4, 14): 0.2308, 3.0100, 5.1936
(4, 15): 0.1197, 3.0100, 2.9220
(4, 16): 0.1522, 3.0100, 2.7669
(4, 17): 0.1357, 3.0100, 2.6976
(4, 18): 0.2266, 3.0100, 6.4133
(4, 19): 0.2907, 3.0100, 7.3758
(4, 20): 0.3346, 3.0100, 8.3046
(4, 21): 0.3322, 3.0100, 8.5167
(4, 22): 0.3048, 3.0100, 8.7711
(4, 23): 0.3139, 3.0200, 8.3905
(4, 24): 0.3037, 3.0100, 8.4634
(4, 25): 0.2486, 3.0100, 6.2255
(4, 26): 0.1526, 3.0100, 1.9868
(5, 13): 0.1819, 3.0100, 3.6970
(5, 16): 0.1951, 3.0100, 5.4172
(5, 17): 0.2858, 3.0100, 8.6514
(5, 18): 0.2718, 3.0100, 8.8956
(5, 19): 0.3168, 3.0100, 8.7091
(5, 20): 0.3377, 3.0100, 8.4351
(5, 21): 0.3529, 3.0100, 8.2043
(5, 22): 0.3524, 3.0100, 8.3130
(5, 23): 0.3426, 3.0100, 8.5012
(5, 24): 0.3583, 3.0100, 8.3249
(5, 25): 0.3252, 3.0100, 8.7255
(5, 26): 0.3029, 3.0100, 8.2822
(5, 27): 0.2097, 3.0100, 3.1182
(6, 11): 0.2098, 3.0100, 4.1177
(6, 12): 0.1591, 3.0100, 2.1717
(6, 15): 0.2546, 3.0100, 5.7787
(6, 16): 0.3129, 3.0100, 8.0051
(6, 17): 0.2476, 3.0100, 9.1239
(6, 18): 0.2954, 3.0100, 8.5063
(6, 19): 0.3477, 3.0100, 8.1687
(6, 20): 0.3056, 3.0100, 8.8309
(6, 21): 0.3428, 3.0100, 8.4154
(6, 22): 0.3632, 3.0100, 8.1871
(6, 23): 0.3402, 3.0100, 8.5371
(6, 24): 0.3374, 3.0100, 8.4388
(6, 25): 0.3151, 3.0100, 9.0195
(6, 26): 0.3064, 3.0100, 8.8822
(6, 27): 0.2046, 3.0100, 3.6622
(7, 10): 0.0560, 3.0100, 1.5654
(7, 11): 0.2210, 3.0100, 4.0951
(7, 15): 0.2900, 3.0100, 8.0554
(7, 16): 0.2709, 3.0000, 8.4831
(7, 17): 0.3000, 3.0100, 8.1942
(7, 18): 0.3193, 3.0100, 8.2598
(7, 19): 0.2991, 3.0100, 8.8884
(7, 20): 0.3292, 3.0100, 8.5448
(7, 21): 0.3496, 3.0100, 8.5727
(7, 22): 0.3282, 3.0100, 8.8966
(7, 23): 0.3269, 3.0100, 8.7291
(7, 24): 0.3358, 3.0100, 8.4764
(7, 25): 0.3322, 3.0100, 8.5369
(7, 26): 0.3236, 3.0100, 8.6600
(7, 27): 0.2535, 3.0100, 5.9250
(8, 10): 0.2597, 3.0100, 5.7310
(8, 11): 0.2215, 3.0000, 5.4054
(8, 14): 0.1302, 3.0100, 3.2069
(8, 15): 0.2592, 3.0100, 8.6769
(8, 16): 0.2832, 3.0100, 8.5978
(8, 17): 0.2955, 3.0100, 8.5023
(8, 18): 0.2948, 3.0100, 8.8233
(8, 19): 0.3055, 3.0100, 8.6516
(8, 20): 0.3047, 3.0100, 8.7369
(8, 21): 0.3125, 3.0100, 9.0968
(8, 22): 0.2929, 3.0100, 9.1529
(8, 23): 0.3065, 3.0100, 8.8791
(8, 24): 0.3483, 3.0100, 8.3797
(8, 25): 0.3445, 3.0100, 8.4958
(8, 26): 0.3329, 3.0100, 8.6580
(8, 27): 0.2733, 3.0100, 5.5203
(9, 10): 0.2337, 3.0100, 5.8490
(9, 11): 0.2456, 3.0100, 1.0897
(9, 15): 0.2444, 3.0100, 8.0560
(9, 16): 0.2468, 3.0100, 8.7602
(9, 17): 0.2802, 3.0100, 8.6771
(9, 18): 0.2983, 3.0100, 8.7007
(9, 19): 0.3046, 3.0100, 8.6503
(9, 20): 0.2954, 3.0100, 8.8865
(9, 21): 0.2555, 3.0100, 9.5364
(9, 22): 0.2780, 3.0100, 9.2411
(9, 23): 0.2899, 3.0100, 9.1540
(9, 24): 0.2877, 3.0100, 9.2671
(9, 25): 0.3215, 3.0100, 8.9133
(9, 26): 0.3392, 3.0100, 8.5022
(9, 27): 0.1200, 3.0100, 2.9979
(19, 13): 0.2621, 3.0100, 9.6622
(19, 14): 0.2923, 3.0100, 9.4892
(19, 15): 0.3074, 3.0000, 9.5547
(19, 16): 0.3173, 3.0100, 9.5536
(19, 17): 0.2942, 3.0100, 9.9109
(19, 18): 0.2879, 3.0100, 10.2449
(19, 19): 0.2529, 3.0100, 10.8477
(19, 20): 0.2538, 3.0100, 10.2523
(19, 21): 0.2594, 3.0100, 9.9648
(19, 22): 0.2742, 3.0100, 9.6748
(19, 23): 0.2866, 3.0100, 9.7248
(19, 24): 0.3194, 3.0100, 9.0521
(19, 25): 0.2710, 3.0100, 6.6807
(19, 26): 0.2477, 3.0200, 1.3013
(20, 7): 0.1802, 3.0100, 2.9621
(20, 8): 0.2947, 3.0100, 9.7014
(20, 9): 0.2817, 3.0100, 9.5667
(20, 10): 0.2700, 3.0100, 9.8246
(20, 11): 0.2760, 3.0100, 9.7144
(20, 12): 0.2469, 3.0100, 10.0471
(20, 13): 0.3063, 3.0100, 8.8992
(20, 14): 0.3299, 3.0000, 8.9039
(20, 15): 0.3166, 3.0100, 9.2334
(20, 16): 0.3244, 3.0100, 9.4059
(20, 17): 0.3083, 3.0100, 9.5030
(20, 18): 0.2911, 3.0100, 10.1588
(20, 19): 0.2687, 3.0000, 10.3980
(20, 20): 0.2680, 3.0100, 10.1534
(20, 21): 0.2328, 3.0100, 10.4965
(20, 22): 0.2603, 3.0100, 10.3351
(20, 23): 0.2552, 3.0100, 10.6312
(20, 24): 0.2813, 3.0100, 10.3671
(20, 25): 0.3196, 3.0100, 9.1738
(20, 26): 0.2421, 3.0100, 2.7757
(21, 6): 0.2046, 3.0100, 3.1706
(21, 7): 0.3274, 3.0100, 8.4237
(21, 8): 0.2947, 3.0100, 9.7700
(21, 9): 0.2637, 3.0100, 10.0402
(21, 10): 0.3042, 3.0200, 9.5697
(21, 11): 0.2756, 3.0100, 9.8666
(21, 12): 0.2755, 3.0100, 9.3626
(21, 13): 0.3043, 3.0100, 9.0644
(21, 14): 0.2984, 3.0100, 9.1472
(21, 15): 0.2685, 3.0100, 9.8281
(21, 16): 0.2622, 3.0100, 9.9584
(21, 17): 0.2620, 3.0100, 10.3532
(21, 18): 0.2836, 3.0100, 10.4130
(21, 19): 0.2835, 3.0100, 10.1795
(21, 20): 0.2619, 3.0100, 10.3423
(21, 21): 0.1830, 3.0100, 9.4637
(21, 22): 0.1962, 3.0100, 9.4126
(21, 23): 0.2157, 3.0100, 9.3291
(21, 24): 0.1800, 3.0100, 5.2011
(22, 6): 0.3167, 3.0100, 6.7765
(22, 7): 0.3650, 3.0100, 8.8390
(22, 8): 0.3252, 3.0100, 9.1102
(22, 9): 0.2758, 3.0100, 9.5201
(22, 10): 0.2884, 3.0100, 9.5309
(22, 11): 0.2878, 3.0100, 9.7173
(22, 12): 0.3249, 3.0100, 8.7457
(22, 13): 0.2889, 3.0100, 9.2535
(22, 14): 0.2720, 3.0100, 9.5350
(22, 15): 0.2673, 3.0100, 9.7060
(22, 16): 0.2793, 3.0100, 9.6408
(22, 17): 0.2880, 3.0100, 9.7081
(22, 18): 0.2908, 3.0100, 9.9677
(22, 19): 0.2815, 3.0100, 10.1354
(22, 20): 0.2183, 3.0100, 8.5054
(22, 21): 0.1252, 3.0100, 2.0765
(23, 5): 0.1957, 3.0100, 3.6002
(23, 6): 0.2568, 3.0100, 6.3636
(23, 7): 0.3092, 3.0100, 7.3883
(23, 8): 0.3184, 3.0100, 8.9890
(23, 9): 0.3018, 3.0100, 9.4896
(23, 10): 0.3069, 3.0100, 9.4948
(23, 11): 0.3100, 3.0100, 9.0678
(23, 12): 0.3010, 3.0100, 9.2747
(23, 13): 0.2707, 3.0100, 9.5364
(23, 14): 0.2745, 3.0200, 9.4357
(23, 15): 0.2901, 3.0200, 9.5259
(23, 16): 0.3236, 3.0100, 9.3647
(23, 17): 0.2991, 3.0100, 9.7123
(23, 18): 0.3053, 3.0100, 9.8117
(23, 19): 0.2954, 3.0100, 10.3957
(23, 20): 0.3163, 3.0100, 8.4226
(24, 4): 0.1119, 3.0100, 3.0603
(24, 5): 0.1558, 3.0100, 4.8539
(24, 6): 0.2277, 3.0100, 4.5982
(24, 7): 0.3148, 3.0100, 8.4703
(24, 8): 0.2606, 3.0100, 6.9348
(24, 9): 0.2575, 3.0100, 8.4950
(24, 10): 0.2228, 3.0100, 8.4949
(24, 11): 0.2861, 3.0100, 9.2931
(24, 12): 0.2924, 3.0100, 9.5307
(24, 13): 0.2900, 3.0100, 9.4459
(24, 14): 0.3122, 3.0100, 9.4250
(24, 15): 0.3472, 3.0100, 8.9629
(24, 16): 0.3427, 3.0100, 8.9157
(24, 17): 0.3373, 3.0100, 9.1715
(24, 18): 0.3063, 3.0100, 9.6483
(24, 19): 0.3168, 3.0100, 9.5672
(24, 20): 0.2979, 3.0100, 9.9410
(24, 21): 0.2092, 3.0100, 7.1626
(25, 4): 0.2136, 3.0100, 6.4512
(25, 5): 0.2448, 3.0100, 7.0590
(25, 6): 0.2847, 3.0100, 8.7834
(25, 7): 0.2201, 3.0100, 5.7127
(25, 8): 0.2670, 3.0100, 8.7691
(25, 9): 0.3029, 3.0100, 9.1088
(25, 10): 0.3186, 3.0100, 9.1095
(25, 11): 0.2847, 3.0200, 9.6975
(25, 12): 0.3016, 3.0100, 9.5958
(25, 13): 0.3399, 3.0100, 9.0972
(25, 14): 0.3403, 3.0100, 9.2053
(25, 15): 0.3153, 3.0200, 9.5130
(25, 16): 0.3108, 3.0000, 9.3939
(25, 17): 0.3327, 3.0100, 8.8969
(25, 18): 0.2924, 3.0100, 9.8553
(25, 19): 0.2700, 3.0100, 10.1298
(25, 20): 0.2918, 3.0100, 9.9692
(25, 21): 0.3066, 3.0100, 9.6984
(25, 22): 0.1890, 3.0100, 5.1072
(26, 2): 0.2203, 3.0100, 0.9769
(26, 3): 0.1831, 3.0100, 4.9858
(26, 4): 0.2553, 3.0100, 6.1658
(26, 5): 0.2177, 3.0200, 6.0546
(26, 6): 0.2143, 3.0000, 5.6814
(26, 7): 0.3268, 3.0100, 8.5748
(26, 8): 0.3231, 3.0100, 9.6516
(26, 9): 0.3222, 3.0100, 9.8039
(26, 10): 0.3186, 3.0100, 9.6315
(26, 11): 0.2753, 3.0100, 9.9479
(26, 12): 0.2858, 3.0100, 9.5289
(26, 13): 0.3430, 3.0100, 8.9991
(26, 14): 0.3349, 3.0100, 9.5548
(26, 15): 0.2871, 3.0100, 9.8898
(26, 16): 0.3083, 3.0100, 9.5937
(26, 17): 0.2766, 3.0100, 9.8892
(26, 18): 0.2849, 3.0100, 9.7993
(26, 19): 0.2930, 3.0100, 9.5392
(26, 20): 0.2613, 3.0100, 10.1173
(26, 21): 0.2925, 3.0100, 9.6838
(26, 22): 0.2633, 3.0100, 8.1534
(27, 2): 0.1599, 3.0100, 4.8540
(27, 3): 0.2694, 3.0100, 9.6236
(27, 4): 0.2983, 3.0100, 9.6038
(27, 5): 0.3192, 3.0100, 9.8416
(27, 6): 0.2892, 3.0000, 8.3626
(27, 7): 0.2123, 3.0100, 4.2567
(27, 8): 0.3165, 3.0100, 8.3999
(27, 9): 0.3264, 3.0100, 7.6603
(27, 10): 0.3078, 3.0200, 7.8361
(27, 11): 0.2832, 3.0100, 7.9644
(27, 12): 0.2236, 3.0100, 5.1850
(27, 13): 0.3223, 3.0100, 7.7698
(27, 14): 0.2827, 3.0100, 6.7852
(27, 15): 0.2984, 3.0100, 9.6616
(27, 16): 0.2994, 3.0100, 9.5275
(27, 17): 0.2857, 3.0100, 9.5453
(27, 18): 0.2886, 3.0100, 9.6479
(27, 19): 0.2737, 3.0100, 10.1524
(27, 20): 0.3106, 3.0100, 9.8186
(27, 21): 0.3086, 3.0100, 9.5957
(27, 22): 0.2826, 3.0200, 8.2840
(28, 2): 0.1063, 3.0100, 1.3175
(28, 3): 0.2054, 3.0100, 5.4121
(28, 4): 0.2615, 3.0100, 5.4317
(28, 5): 0.3134, 3.0100, 7.8915
(28, 6): 0.2401, 3.0100, 5.3499
(28, 7): 0.2789, 3.0100, 5.2643
(28, 8): 0.3267, 3.0100, 7.2539
(28, 9): 0.3214, 3.0100, 5.9531
(28, 14): 0.2255, 3.0200, 2.7702
(28, 15): 0.2821, 3.0100, 9.4905
(28, 16): 0.2952, 3.0100, 9.7453
(28, 17): 0.2733, 3.0100, 10.0766
(28, 18): 0.3011, 3.0000, 9.5292
(28, 19): 0.2914, 3.0000, 9.6802
(28, 20): 0.2956, 3.0100, 9.7321
(28, 21): 0.2645, 3.0100, 10.4562
(28, 22): 0.2133, 3.0000, 5.0999
(29, 2): 0.2837, 3.0200, 9.1222
(29, 3): 0.3302, 3.0100, 9.4364
(29, 4): 0.2777, 3.0100, 8.6691
(29, 5): 0.2582, 3.0100, 7.6621
(29, 6): 0.3252, 3.0100, 9.7136
(29, 7): 0.3160, 3.0000, 8.3636
(29, 8): 0.1911, 3.0100, 1.3240
(29, 15): 0.2098, 3.0100, 2.1696
(29, 16): 0.2131, 3.0100, 5.0269
(29, 17): 0.1689, 3.0200, 1.3932
(29, 18): 0.2606, 3.0100, 8.0182
(29, 19): 0.2831, 3.0100, 9.8820
(29, 20): 0.2514, 3.0100, 10.2071
(29, 21): 0.2984, 3.0100, 9.8442
(29, 22): 0.1996, 3.0100, 2.8182
(30, 2): 0.2824, 3.0100, 6.1003
(30, 3): 0.2019, 3.0100, 3.4229
(30, 4): 0.1652, 3.0100, 3.1307
(30, 5): 0.2911, 3.0100, 8.4287
(30, 6): 0.2829, 3.0100, 8.0714
(30, 7): 0.1723, 3.0100, 3.1847
(30, 19): 0.1933, 3.0100, 2.8386
(30, 20): 0.2238, 3.0100, 8.8597
(30, 21): 0.2968, 3.0100, 9.0944
(30, 22): 0.2372, 3.0200, 3.4150
(31, 19): 0.1928, 3.0100, 2.0582
(31, 20): 0.2567, 3.0100, 8.8804
(31, 21): 0.1493, 3.0100, 2.8294
(32, 19): 0.1326, 3.0100, 2.8976
(32, 20): 0.2487, 3.0100, 10.2427
(32, 21): 0.1795, 3.0100, 7.6787
(32, 22): 0.1989, 3.0100, 2.0394
(33, 19): 0.1719, 3.0100, 7.4762
(33, 20): 0.2272, 3.0100, 11.1303
(33, 21): 0.2665, 3.0100, 10.1891
(33, 22): 0.1806, 3.0100, 5.0866
(34, 19): 0.2453, 3.0100, 6.0626
(34, 20): 0.3324, 3.0100, 10.2080
(34, 21): 0.3075, 3.0000, 9.9379
(34, 22): 0.1383, 3.0100, 2.2565
