(9, 1): 0.7345, 0.1038, 1.6612, 0.2645
(9, 2): 0.7345, 0.1038, 1.6612, 0.2645
(9, 3): 0.7858, 0.1006, 1.6548, 0.3214
(9, 4): 0.8273, 0.1000, 1.6957, 0.2134
(9, 5): 0.8273, 0.1000, 1.6957, 0.2134
(9, 6): 0.6125, 0.1008, 2.4490, 0.2783
(9, 7): 0.6351, 0.1005, 2.5081, 0.2801
(9, 8): 0.6351, 0.1005, 2.5081, 0.2801
(9, 9): 0.7005, 0.1005, 2.1448, 0.3022
(9, 10): 0.7903, 0.1007, 1.8394, 0.2953
(9, 11): 0.6450, 0.1001, 2.0840, 0.3080
(9, 12): 0.6450, 0.1001, 2.0840, 0.3080
(9, 13): 0.6645, 0.1003, 1.9628, 0.2909
(9, 14): 0.6912, 0.1003, 2.0151, 0.2960
(9, 15): 0.6912, 0.1003, 2.0151, 0.2960
(9, 16): 0.7289, 0.1004, 1.9658, 0.3283
(9, 17): 0.5732, 0.1001, 2.4348, 0.3123
(9, 18): 0.5732, 0.1001, 2.4348, 0.3123
(9, 19): 0.7357, 0.1006, 1.8595, 0.3424
(9, 20): 0.7690, 0.1029, 1.7756, 0.2359
(9, 21): 0.7343, 0.1011, 1.8668, 0.3562
(9, 22): 0.7343, 0.1011, 1.8668, 0.3562
(9, 23): 0.7721, 0.1002, 1.7348, 0.2975
(9, 24): 0.7372, 0.1007, 1.9608, 0.3246
(9, 25): 0.7372, 0.1007, 1.9608, 0.3246
(9, 26): 0.7765, 0.1017, 1.8110, 0.3167
(9, 27): 0.8997, 0.1001, 1.5140, 0.2507
(9, 28): 0.7551, 0.1000, 1.9012, 0.2717
(9, 29): 0.7551, 0.1000, 1.9012, 0.2717
(9, 30): 0.6650, 0.1013, 2.1045, 0.3547
(9, 31): 0.6092, 0.1003, 2.2386, 0.2591
(9, 32): 0.6092, 0.1003, 2.2386, 0.2591
(9, 33): 0.6508, 0.1007, 2.2383, 0.3058
(9, 34): 0.6848, 0.1030, 2.1742, 0.3402
(9, 35): 0.5073, 0.1006, 2.7301, 0.2659
(9, 36): 0.5073, 0.1006, 2.7301, 0.2659
(9, 37): 0.4844, 0.1006, 2.9602, 0.3199
(10, 1): 0.8155, 0.1002, 1.5221, 0.2761
(10, 2): 0.8155, 0.1002, 1.5221, 0.2761
(10, 3): 0.8616, 0.1032, 1.6301, 0.2225
(10, 4): 0.7438, 0.1003, 2.0989, 0.3236
(10, 5): 0.7438, 0.1003, 2.0989, 0.3236
(10, 6): 0.6617, 0.1000, 2.3961, 0.2504
(10, 7): 0.6734, 0.1001, 2.3671, 0.2790
(10, 8): 0.6734, 0.1001, 2.3671, 0.2790
(10, 9): 0.5987, 0.1000, 2.4063, 0.2754
(10, 10): 0.7447, 0.1005, 1.8426, 0.3080
(10, 11): 0.6749, 0.1009, 2.2465, 0.2105
(10, 12): 0.6749, 0.1009, 2.2465, 0.2105
(10, 13): 0.7669, 0.1005, 1.8224, 0.3562
(10, 14): 0.7117, 0.1000, 2.0033, 0.2928
(10, 15): 0.7117, 0.1000, 2.0033, 0.2928
(10, 16): 0.7236, 0.1002, 2.0205, 0.2399
(10, 17): 0.7175, 0.1005, 2.0686, 0.2417
(10, 18): 0.7303, 0.1001, 1.8711, 0.2453
(10, 19): 0.7303, 0.1001, 1.8711, 0.2453
(10, 20): 0.7408, 0.1001, 1.8661, 0.3406
(10, 21): 0.7471, 0.1010, 1.7954, 0.2315
(10, 22): 0.7471, 0.1010, 1.7954, 0.2315
(10, 23): 0.8376, 0.1002, 1.6208, 0.3514
(10, 24): 0.7308, 0.1001, 1.9244, 0.2533
(10, 25): 0.7308, 0.1001, 1.9244, 0.2533
(10, 26): 0.8207, 0.1001, 1.6634, 0.2902
(10, 27): 0.7862, 0.1004, 1.7094, 0.3536
(10, 28): 0.7857, 0.1015, 1.7457, 0.3268
(10, 29): 0.7857, 0.1015, 1.7457, 0.3268
(10, 30): 0.5306, 0.1022, 2.5734, 0.2681
(10, 31): 0.7201, 0.1002, 1.9494, 0.2572
(10, 32): 0.7201, 0.1002, 1.9494, 0.2572
(10, 33): 0.7388, 0.1006, 2.0527, 0.3040
(10, 34): 0.6454, 0.1012, 2.5379, 0.3391
(10, 35): 0.6448, 0.1007, 2.3345, 0.2475
(10, 36): 0.6448, 0.1007, 2.3345, 0.2475
(10, 37): 0.6812, 0.1002, 2.0990, 0.3011
(11, 1): 0.7900, 0.1065, 1.8556, 0.2746
(11, 2): 0.7900, 0.1065, 1.8556, 0.2746
(11, 3): 0.8120, 0.1021, 1.8933, 0.2786
(11, 4): 0.7384, 0.1036, 2.2093, 0.2065
(11, 5): 0.7384, 0.1036, 2.2093, 0.2065
(11, 6): 0.7414, 0.1030, 2.1915, 0.2359
(11, 7): 0.7909, 0.1004, 2.0262, 0.2116
(11, 8): 0.7909, 0.1004, 2.0262, 0.2116
(11, 9): 0.6994, 0.1003, 1.9912, 0.2207
(11, 10): 0.6554, 0.1001, 2.1410, 0.2714
(11, 11): 0.7477, 0.1003, 1.9446, 0.2246
(11, 12): 0.7477, 0.1003, 1.9446, 0.2246
(11, 13): 0.6591, 0.1027, 2.2809, 0.2000
(11, 14): 0.6477, 0.1000, 2.2892, 0.2808
(11, 15): 0.6477, 0.1000, 2.2892, 0.2808
(11, 16): 0.6455, 0.1012, 2.2971, 0.2859
(11, 17): 0.7626, 0.1007, 1.9127, 0.2844
(11, 18): 0.8149, 0.1001, 1.6947, 0.2808
(11, 19): 0.8149, 0.1001, 1.6947, 0.2808
(11, 20): 0.7309, 0.1014, 1.8368, 0.3420
(11, 21): 0.7981, 0.1001, 1.7356, 0.3138
(11, 22): 0.7981, 0.1001, 1.7356, 0.3138
(11, 23): 0.7762, 0.1002, 1.7858, 0.3109
(11, 24): 0.8237, 0.1009, 1.7726, 0.3072
(11, 25): 0.8237, 0.1009, 1.7726, 0.3072
(11, 26): 0.7952, 0.1022, 1.8563, 0.3069
(11, 27): 0.7463, 0.1000, 1.9626, 0.3272
(11, 28): 0.8466, 0.1023, 1.5512, 0.2732
(11, 29): 0.8466, 0.1023, 1.5512, 0.2732
(11, 30): 0.8014, 0.1004, 1.6953, 0.2783
(11, 31): 0.6819, 0.1021, 2.0285, 0.3714
(11, 32): 0.6819, 0.1021, 2.0285, 0.3714
(11, 33): 0.7401, 0.1006, 1.9656, 0.2453
(11, 34): 0.7353, 0.1009, 2.0894, 0.2558
(11, 35): 0.7973, 0.1006, 1.8117, 0.3406
(11, 36): 0.7973, 0.1006, 1.8117, 0.3406
(11, 37): 0.7924, 0.1007, 1.7630, 0.3047
(12, 1): 0.7101, 0.1007, 2.1949, 0.2007
(12, 2): 0.7101, 0.1007, 2.1949, 0.2007
(12, 3): 0.7710, 0.1010, 2.0435, 0.2018
(12, 4): 0.7578, 0.1009, 2.1087, 0.2819
(12, 5): 0.7578, 0.1009, 2.1087, 0.2819
(12, 6): 0.7056, 0.1010, 2.2433, 0.2384
(12, 7): 0.7236, 0.1002, 2.0746, 0.2620
(12, 8): 0.7236, 0.1002, 2.0746, 0.2620
(12, 9): 0.6293, 0.1019, 2.2320, 0.2402
(12, 10): 0.6525, 0.1006, 2.2964, 0.2482
(12, 11): 0.7296, 0.1003, 2.1198, 0.2638
(12, 12): 0.7296, 0.1003, 2.1198, 0.2638
(12, 13): 0.6696, 0.1004, 2.2482, 0.2793
(12, 14): 0.6731, 0.1001, 2.1513, 0.2449
(12, 15): 0.6731, 0.1001, 2.1513, 0.2449
(12, 16): 0.6023, 0.1015, 2.3416, 0.2380
(12, 17): 0.6625, 0.1005, 2.2847, 0.2149
(12, 18): 0.7044, 0.1001, 1.9551, 0.2982
(12, 19): 0.7044, 0.1001, 1.9551, 0.2982
(12, 20): 0.7655, 0.1017, 1.8247, 0.3214
(12, 21): 0.8211, 0.1011, 1.7867, 0.3330
(12, 22): 0.8211, 0.1011, 1.7867, 0.3330
(12, 23): 0.7054, 0.1007, 2.0792, 0.2645
(12, 24): 0.8569, 0.1036, 1.7213, 0.3413
(12, 25): 0.8569, 0.1036, 1.7213, 0.3413
(12, 26): 0.8364, 0.1007, 1.7554, 0.2978
(12, 27): 0.7913, 0.1022, 1.8140, 0.2949
(12, 28): 0.7442, 0.1001, 1.8059, 0.3014
(12, 29): 0.7442, 0.1001, 1.8059, 0.3014
(12, 30): 0.8977, 0.1004, 1.4365, 0.3507
(12, 31): 0.8088, 0.1015, 1.6227, 0.2507
(12, 32): 0.8088, 0.1015, 1.6227, 0.2507
(12, 33): 0.7641, 0.1002, 1.8305, 0.3018
(12, 34): 0.8752, 0.1007, 1.5293, 0.2649
(12, 35): 0.8752, 0.1007, 1.5293, 0.2649
(12, 36): 0.8377, 0.1011, 1.6624, 0.3562
(12, 37): 0.7687, 0.1004, 1.8099, 0.3511
(13, 1): 0.7482, 0.1000, 2.0916, 0.2783
(13, 2): 0.7482, 0.1000, 2.0916, 0.2783
(13, 3): 0.7701, 0.1006, 2.0597, 0.2098
(13, 4): 0.7905, 0.1003, 2.0402, 0.2674
(13, 5): 0.7905, 0.1003, 2.0402, 0.2674
(13, 6): 0.7459, 0.1006, 2.1487, 0.2018
(13, 7): 0.8649, 0.1007, 1.7310, 0.2551
(13, 8): 0.8649, 0.1007, 1.7310, 0.2551
(13, 9): 0.8540, 0.1010, 1.7787, 0.2667
(13, 10): 0.8195, 0.1015, 1.8763, 0.3040
(13, 11): 0.7826, 0.1018, 1.8476, 0.2395
(13, 12): 0.7826, 0.1018, 1.8476, 0.2395
(13, 13): 0.6696, 0.1004, 2.2482, 0.2793
(13, 14): 0.6731, 0.1001, 2.1513, 0.2449
(13, 15): 0.6731, 0.1001, 2.1513, 0.2449
(13, 16): 0.6023, 0.1015, 2.3416, 0.2380
(13, 17): 0.6625, 0.1005, 2.2847, 0.2149
(13, 18): 0.7044, 0.1001, 1.9551, 0.2982
(13, 19): 0.7044, 0.1001, 1.9551, 0.2982
(13, 20): 0.7655, 0.1017, 1.8247, 0.3214
(13, 21): 0.8211, 0.1011, 1.7867, 0.3330
(13, 22): 0.8211, 0.1011, 1.7867, 0.3330
(13, 23): 0.7054, 0.1007, 2.0792, 0.2645
(13, 24): 0.8569, 0.1036, 1.7213, 0.3413
(13, 25): 0.8569, 0.1036, 1.7213, 0.3413
(13, 26): 0.8364, 0.1007, 1.7554, 0.2978
(13, 27): 0.7913, 0.1022, 1.8140, 0.2949
(13, 28): 0.7442, 0.1001, 1.8059, 0.3014
(13, 29): 0.7442, 0.1001, 1.8059, 0.3014
(13, 30): 0.8977, 0.1004, 1.4365, 0.3507
(13, 31): 0.7877, 0.1011, 1.6783, 0.2547
(13, 32): 0.7877, 0.1011, 1.6783, 0.2547
(13, 33): 0.8228, 0.1017, 1.6958, 0.3554
(13, 34): 0.8247, 0.1003, 1.6738, 0.2877
(13, 35): 0.8247, 0.1003, 1.6738, 0.2877
(13, 36): 0.6077, 0.1004, 2.2220, 0.2504
(13, 37): 0.7411, 0.1005, 1.7838, 0.2674
(14, 1): 0.7209, 0.1045, 2.2114, 0.2051
(14, 2): 0.7209, 0.1045, 2.2114, 0.2051
(14, 3): 0.7204, 0.1003, 2.2632, 0.2714
(14, 4): 0.7979, 0.1003, 2.0237, 0.2083
(14, 5): 0.7979, 0.1003, 2.0237, 0.2083
(14, 6): 0.9712, 0.1019, 1.5293, 0.2228
(14, 7): 0.8649, 0.1007, 1.7310, 0.2551
(14, 8): 0.8540, 0.1010, 1.7787, 0.2667
(14, 9): 0.8540, 0.1010, 1.7787, 0.2667
(14, 10): 0.8195, 0.1015, 1.8763, 0.3040
(14, 11): 0.7826, 0.1018, 1.8476, 0.2395
(14, 12): 0.7826, 0.1018, 1.8476, 0.2395
(14, 13): 0.8553, 0.1007, 1.6431, 0.2609
(14, 14): 0.8013, 0.1006, 1.8679, 0.1942
(14, 15): 0.8013, 0.1006, 1.8679, 0.1942
(14, 16): 0.7206, 0.1006, 2.0861, 0.3130
(14, 17): 0.6532, 0.1015, 2.2533, 0.3105
(14, 18): 0.6063, 0.1034, 2.3522, 0.3580
(14, 19): 0.6063, 0.1034, 2.3522, 0.3580
(14, 20): 0.6600, 0.1009, 2.1480, 0.2623
(14, 21): 0.7121, 0.1000, 1.9268, 0.3572
(14, 22): 0.7121, 0.1000, 1.9268, 0.3572
(14, 23): 0.7052, 0.1012, 1.9853, 0.3170
(14, 24): 0.7051, 0.1000, 2.1686, 0.3207
(14, 25): 0.7051, 0.1000, 2.1686, 0.3207
(14, 26): 0.7794, 0.1003, 1.7286, 0.3145
(14, 27): 0.8014, 0.1002, 1.6945, 0.2859
(14, 28): 0.6962, 0.1012, 2.1380, 0.2514
(14, 29): 0.6962, 0.1012, 2.1380, 0.2514
(14, 30): 0.6543, 0.1026, 2.1077, 0.2935
(14, 31): 0.7877, 0.1011, 1.6783, 0.2547
(14, 32): 0.7877, 0.1011, 1.6783, 0.2547
(14, 33): 0.8228, 0.1017, 1.6958, 0.3554
(14, 34): 0.8247, 0.1003, 1.6738, 0.2877
(14, 35): 0.8247, 0.1003, 1.6738, 0.2877
(14, 36): 0.6077, 0.1004, 2.2220, 0.2504
(14, 37): 0.5864, 0.1004, 2.3377, 0.2819
(15, 1): 0.7439, 0.1010, 2.1396, 0.2522
(15, 2): 0.7439, 0.1010, 2.1396, 0.2522
(15, 3): 0.7204, 0.1003, 2.2632, 0.2714
(15, 4): 0.7979, 0.1003, 2.0237, 0.2083
(15, 5): 0.7979, 0.1003, 2.0237, 0.2083
(15, 6): 0.9712, 0.1019, 1.5293, 0.2228
(15, 7): 0.9634, 0.1001, 1.5230, 0.3380
(15, 8): 0.8643, 0.1020, 1.7451, 0.2486
(15, 9): 0.8643, 0.1020, 1.7451, 0.2486
(15, 10): 0.7705, 0.1006, 2.0557, 0.2181
(15, 11): 0.7632, 0.1004, 2.1058, 0.2717
(15, 12): 0.7632, 0.1004, 2.1058, 0.2717
(15, 13): 0.6832, 0.1004, 2.3711, 0.2373
(15, 14): 0.7001, 0.1001, 2.1989, 0.2409
(15, 15): 0.7001, 0.1001, 2.1989, 0.2409
(15, 16): 0.5953, 0.1010, 2.4736, 0.3036
(15, 17): 0.6454, 0.1001, 2.3465, 0.2736
(15, 18): 0.5828, 0.1009, 2.4080, 0.2775
(15, 19): 0.5828, 0.1009, 2.4080, 0.2775
(15, 20): 0.7300, 0.1008, 1.9955, 0.3261
(15, 21): 0.7433, 0.1010, 1.9528, 0.3304
(15, 22): 0.7433, 0.1010, 1.9528, 0.3304
(15, 23): 0.6289, 0.1006, 2.3991, 0.2986
(15, 24): 0.6650, 0.1022, 2.0654, 0.2797
(15, 25): 0.6650, 0.1022, 2.0654, 0.2797
(15, 26): 0.6514, 0.1001, 2.2629, 0.2449
(15, 27): 0.7697, 0.1008, 1.8053, 0.3076
(15, 28): 0.7159, 0.1019, 2.1034, 0.3062
(15, 29): 0.7159, 0.1019, 2.1034, 0.3062
(15, 30): 0.9583, 0.1010, 1.4108, 0.2750
(15, 31): 0.7808, 0.1009, 1.8130, 0.2681
(15, 32): 0.7808, 0.1009, 1.8130, 0.2681
(15, 33): 0.7556, 0.1002, 1.8020, 0.2652
(15, 34): 0.7126, 0.1005, 2.0323, 0.3681
(15, 35): 0.7126, 0.1005, 2.0323, 0.3681
(15, 36): 0.8312, 0.1005, 1.6552, 0.3083
(15, 37): 0.5864, 0.1004, 2.3377, 0.2819
(16, 1): 0.7439, 0.1010, 2.1396, 0.2522
(16, 2): 0.7439, 0.1010, 2.1396, 0.2522
(16, 3): 0.7688, 0.1005, 2.1272, 0.2848
(16, 4): 0.9511, 0.1004, 1.6036, 0.2243
(16, 5): 0.9511, 0.1004, 1.6036, 0.2243
(16, 6): 0.9315, 0.1001, 1.6455, 0.2486
(16, 7): 0.8995, 0.1002, 1.7299, 0.2384
(16, 8): 0.8496, 0.1012, 1.8442, 0.3268
(16, 9): 0.8496, 0.1012, 1.8442, 0.3268
(16, 10): 0.8168, 0.1012, 1.9079, 0.3232
(16, 11): 0.8965, 0.1011, 1.6620, 0.3011
(16, 12): 0.8965, 0.1011, 1.6620, 0.3011
(16, 13): 0.7422, 0.1025, 2.0982, 0.2942
(16, 14): 0.7485, 0.1005, 2.1228, 0.2895
(16, 15): 0.7485, 0.1005, 2.1228, 0.2895
(16, 16): 0.7287, 0.1007, 2.0425, 0.2174
(16, 17): 0.6271, 0.1011, 2.3268, 0.3000
(16, 18): 0.5890, 0.1016, 2.5162, 0.2543
(16, 19): 0.5890, 0.1016, 2.5162, 0.2543
(16, 20): 0.7149, 0.1013, 2.0389, 0.3000
(16, 21): 0.7369, 0.1009, 1.9246, 0.2772
(16, 22): 0.7369, 0.1009, 1.9246, 0.2772
(16, 23): 0.6865, 0.1004, 2.1372, 0.2217
(16, 24): 0.6407, 0.1003, 2.3252, 0.2975
(16, 25): 0.6407, 0.1003, 2.3252, 0.2975
(16, 26): 0.7044, 0.1009, 2.0406, 0.3272
(16, 27): 0.6271, 0.1026, 2.2033, 0.2159
(16, 28): 0.6561, 0.1002, 2.1839, 0.3138
(16, 29): 0.6561, 0.1002, 2.1839, 0.3138
(16, 30): 0.6537, 0.1008, 2.1759, 0.2764
(16, 31): 0.6746, 0.1007, 2.0812, 0.3025
(16, 32): 0.6746, 0.1007, 2.0812, 0.3025
(16, 33): 0.6898, 0.1017, 1.9991, 0.2964
(16, 34): 0.7926, 0.1006, 1.7520, 0.3156
(16, 35): 0.7926, 0.1006, 1.7520, 0.3156
(16, 36): 0.7118, 0.1003, 1.9001, 0.3308
(16, 37): 0.8258, 0.1002, 1.6359, 0.3620
(1, 1): 0.4490, 0.1016, 2.2473, 0.3275
(1, 2): 0.4490, 0.1016, 2.2473, 0.3275
(1, 3): 0.4986, 0.1017, 1.9691, 0.3091
(1, 4): 0.4986, 0.1017, 1.9691, 0.3091
(1, 5): 0.4834, 0.1000, 2.1292, 0.3489
(1, 6): 0.4223, 0.1012, 2.3827, 0.2888
(1, 7): 0.4394, 0.1017, 2.3845, 0.2036
(1, 8): 0.4394, 0.1017, 2.3845, 0.2036
(1, 9): 0.4398, 0.1001, 2.4640, 0.3076
(1, 10): 0.3835, 0.1013, 2.8044, 0.2732
(1, 11): 0.3835, 0.1013, 2.8044, 0.2732
(1, 12): 0.4081, 0.1012, 2.6942, 0.2804
(1, 13): 0.4096, 0.1014, 2.7973, 0.2482
(1, 14): 0.4863, 0.1037, 2.4602, 0.3040
(1, 15): 0.4863, 0.1037, 2.4602, 0.3040
(1, 16): 0.5574, 0.1001, 2.2762, 0.2960
(1, 17): 0.5085, 0.1015, 2.3718, 0.3409
(1, 18): 0.5085, 0.1015, 2.3718, 0.3409
(1, 19): 0.5364, 0.1012, 2.3738, 0.3091
(1, 20): 0.6253, 0.1004, 2.3384, 0.3174
(1, 21): 0.7894, 0.1012, 1.9855, 0.3022
(1, 22): 0.7894, 0.1012, 1.9855, 0.3022
(1, 23): 0.6978, 0.1008, 2.3381, 0.3116
(1, 24): 0.4367, 0.1019, 3.3375, 0.3159
(1, 25): 0.4042, 0.1023, 3.3623, 0.2504
(1, 26): 0.4042, 0.1023, 3.3623, 0.2504
(1, 27): 0.5725, 0.1009, 2.6994, 0.2732
(1, 28): 0.6039, 0.1018, 2.6085, 0.3072
(1, 29): 0.6039, 0.1018, 2.6085, 0.3072
(1, 30): 0.6675, 0.1003, 1.9855, 0.3500
(1, 31): 0.7222, 0.1007, 1.6430, 0.3185
(1, 32): 0.6495, 0.1006, 2.0992, 0.2536
(1, 33): 0.6495, 0.1006, 2.0992, 0.2536
(1, 34): 0.6440, 0.1006, 2.2836, 0.2812
(1, 35): 0.7676, 0.1004, 2.0288, 0.3297
(1, 36): 0.7676, 0.1004, 2.0288, 0.3297
(1, 37): 0.7138, 0.1001, 2.1145, 0.2895
(2, 1): 0.5569, 0.1034, 2.0699, 0.2873
(2, 2): 0.5569, 0.1034, 2.0699, 0.2873
(2, 3): 0.4470, 0.1027, 2.4701, 0.3822
(2, 4): 0.4470, 0.1027, 2.4701, 0.3822
(2, 5): 0.4973, 0.1006, 2.1873, 0.2428
(2, 6): 0.5556, 0.1002, 2.1582, 0.3043
(2, 7): 0.4774, 0.1006, 2.2575, 0.3380
(2, 8): 0.4774, 0.1006, 2.2575, 0.3380
(2, 9): 0.6283, 0.1029, 1.7682, 0.2547
(2, 10): 0.3769, 0.1000, 2.7665, 0.2116
(2, 11): 0.3769, 0.1000, 2.7665, 0.2116
(2, 12): 0.5290, 0.1003, 2.3679, 0.2471
(2, 13): 0.4096, 0.1014, 2.7973, 0.2482
(2, 14): 0.4863, 0.1037, 2.4602, 0.3040
(2, 15): 0.4863, 0.1037, 2.4602, 0.3040
(2, 16): 0.5574, 0.1001, 2.2762, 0.2960
(2, 17): 0.5085, 0.1015, 2.3718, 0.3409
(2, 18): 0.5085, 0.1015, 2.3718, 0.3409
(2, 19): 0.5364, 0.1012, 2.3738, 0.3091
(2, 20): 0.6253, 0.1004, 2.3384, 0.3174
(2, 21): 0.7894, 0.1012, 1.9855, 0.3022
(2, 22): 0.7894, 0.1012, 1.9855, 0.3022
(2, 23): 0.6978, 0.1008, 2.3381, 0.3116
(2, 24): 0.4367, 0.1019, 3.3375, 0.3159
(2, 25): 0.4042, 0.1023, 3.3623, 0.2504
(2, 26): 0.4042, 0.1023, 3.3623, 0.2504
(2, 27): 0.5725, 0.1009, 2.6994, 0.2732
(2, 28): 0.6039, 0.1018, 2.6085, 0.3072
(2, 29): 0.6039, 0.1018, 2.6085, 0.3072
(2, 30): 0.7187, 0.1007, 1.6752, 0.3036
(2, 31): 0.6375, 0.1001, 1.9551, 0.2388
(2, 32): 0.7598, 0.1023, 1.7186, 0.3533
(2, 33): 0.7598, 0.1023, 1.7186, 0.3533
(2, 34): 0.7603, 0.1009, 1.8326, 0.2957
(2, 35): 0.6457, 0.1021, 2.5512, 0.2870
(2, 36): 0.6457, 0.1021, 2.5512, 0.2870
(2, 37): 0.6373, 0.1026, 2.6034, 0.2822
(3, 1): 0.6143, 0.1005, 1.9962, 0.3152
(3, 2): 0.6143, 0.1005, 1.9962, 0.3152
(3, 3): 0.4608, 0.1011, 2.5001, 0.2022
(3, 4): 0.4608, 0.1011, 2.5001, 0.2022
(3, 5): 0.4500, 0.1012, 2.4188, 0.2525
(3, 6): 0.4866, 0.1019, 2.1716, 0.2967
(3, 7): 0.4774, 0.1006, 2.2575, 0.3380
(3, 8): 0.4774, 0.1006, 2.2575, 0.3380
(3, 9): 0.6283, 0.1029, 1.7682, 0.2547
(3, 10): 0.3769, 0.1000, 2.7665, 0.2116
(3, 11): 0.3769, 0.1000, 2.7665, 0.2116
(3, 12): 0.5290, 0.1003, 2.3679, 0.2471
(3, 13): 0.4762, 0.1038, 2.5718, 0.3236
(3, 14): 0.4882, 0.1008, 2.5425, 0.2449
(3, 15): 0.4882, 0.1008, 2.5425, 0.2449
(3, 16): 0.5534, 0.1013, 2.2496, 0.3377
(3, 17): 0.5311, 0.1001, 2.5479, 0.2170
(3, 18): 0.5311, 0.1001, 2.5479, 0.2170
(3, 19): 0.6649, 0.1002, 1.9927, 0.3149
(3, 20): 0.5352, 0.1008, 2.6364, 0.3047
(3, 21): 0.6909, 0.1001, 2.2193, 0.3319
(3, 22): 0.6909, 0.1001, 2.2193, 0.3319
(3, 23): 0.6989, 0.1001, 2.0458, 0.3496
(3, 24): 0.6535, 0.1020, 2.4089, 0.3072
(3, 25): 0.6535, 0.1020, 2.4089, 0.3072
(3, 26): 0.7200, 0.1000, 2.1535, 0.3612
(3, 27): 0.3433, 0.1001, 3.4333, 0.2623
(3, 28): 0.7324, 0.1006, 1.9129, 0.3312
(3, 29): 0.7324, 0.1006, 1.9129, 0.3312
(3, 30): 0.7187, 0.1007, 1.6752, 0.3036
(3, 31): 0.6375, 0.1001, 1.9551, 0.2388
(3, 32): 0.7598, 0.1023, 1.7186, 0.3533
(3, 33): 0.7598, 0.1023, 1.7186, 0.3533
(3, 34): 0.7603, 0.1009, 1.8326, 0.2957
(3, 35): 0.6457, 0.1021, 2.5512, 0.2870
(3, 36): 0.6457, 0.1021, 2.5512, 0.2870
(3, 37): 0.6198, 0.1012, 2.7458, 0.2862
(4, 1): 0.5987, 0.1005, 1.8697, 0.3254
(4, 2): 0.5987, 0.1005, 1.8697, 0.3254
(4, 3): 0.4608, 0.1011, 2.5001, 0.2022
(4, 4): 0.4608, 0.1011, 2.5001, 0.2022
(4, 5): 0.4500, 0.1012, 2.4188, 0.2525
(4, 6): 0.4866, 0.1019, 2.1716, 0.2967
(4, 7): 0.5344, 0.1012, 2.0714, 0.2764
(4, 8): 0.5344, 0.1012, 2.0714, 0.2764
(4, 9): 0.4202, 0.1018, 2.4912, 0.2134
(4, 10): 0.4580, 0.1008, 2.4331, 0.3395
(4, 11): 0.4580, 0.1008, 2.4331, 0.3395
(4, 12): 0.3953, 0.1010, 2.8309, 0.3420
(4, 13): 0.4450, 0.1027, 2.7144, 0.2076
(4, 14): 0.4451, 0.1014, 2.7784, 0.3457
(4, 15): 0.4451, 0.1014, 2.7784, 0.3457
(4, 16): 0.4552, 0.1014, 2.6500, 0.2029
(4, 17): 0.4852, 0.1004, 2.6015, 0.2931
(4, 18): 0.4852, 0.1004, 2.6015, 0.2931
(4, 19): 0.6063, 0.1000, 2.1725, 0.2830
(4, 20): 0.5639, 0.1011, 2.5298, 0.2739
(4, 21): 0.6305, 0.1010, 2.7871, 0.3051
(4, 22): 0.6305, 0.1010, 2.7871, 0.3051
(4, 23): 0.5993, 0.1011, 2.4928, 0.2366
(4, 24): 0.7653, 0.1009, 2.0657, 0.3464
(4, 25): 0.7653, 0.1009, 2.0657, 0.3464
(4, 26): 0.7179, 0.1006, 1.9347, 0.3014
(4, 27): 0.7530, 0.1002, 1.7049, 0.3018
(4, 28): 0.8314, 0.1004, 1.5807, 0.2931
(4, 29): 0.8314, 0.1004, 1.5807, 0.2931
(4, 30): 0.7229, 0.1007, 1.7314, 0.2986
(4, 31): 0.7177, 0.1005, 1.8540, 0.3312
(4, 32): 0.7969, 0.1001, 1.6002, 0.2761
(4, 33): 0.7969, 0.1001, 1.6002, 0.2761
(4, 34): 0.6018, 0.1008, 2.3638, 0.3297
(4, 35): 0.6418, 0.1007, 2.4758, 0.3236
(4, 36): 0.6418, 0.1007, 2.4758, 0.3236
(4, 37): 0.6198, 0.1012, 2.7458, 0.2862
(5, 1): 0.5987, 0.1005, 1.8697, 0.3254
(5, 2): 0.5987, 0.1005, 1.8697, 0.3254
(5, 3): 0.6181, 0.1016, 1.9642, 0.2616
(5, 4): 0.6181, 0.1016, 1.9642, 0.2616
(5, 5): 0.5319, 0.1001, 2.1627, 0.2859
(5, 6): 0.6255, 0.1031, 1.7690, 0.2953
(5, 7): 0.5774, 0.1006, 1.9433, 0.2649
(5, 8): 0.5774, 0.1006, 1.9433, 0.2649
(5, 9): 0.4399, 0.1055, 2.5131, 0.2341
(5, 10): 0.4498, 0.1024, 2.4929, 0.3395
(5, 11): 0.4498, 0.1024, 2.4929, 0.3395
(5, 12): 0.4845, 0.1012, 2.3364, 0.3170
(5, 13): 0.4476, 0.1007, 2.6744, 0.3105
(5, 14): 0.4442, 0.1006, 2.7253, 0.2761
(5, 15): 0.4442, 0.1006, 2.7253, 0.2761
(5, 16): 0.3919, 0.1003, 2.9643, 0.3504
(5, 17): 0.4936, 0.1002, 2.5598, 0.2243
(5, 18): 0.4936, 0.1002, 2.5598, 0.2243
(5, 19): 0.4309, 0.1024, 2.7966, 0.2558
(5, 20): 0.5471, 0.1006, 2.7750, 0.2862
(5, 21): 0.6071, 0.1015, 2.5633, 0.3257
(5, 22): 0.6071, 0.1015, 2.5633, 0.3257
(5, 23): 0.7313, 0.1012, 1.9076, 0.3319
(5, 24): 0.7606, 0.1014, 1.8824, 0.2888
(5, 25): 0.7606, 0.1014, 1.8824, 0.2888
(5, 26): 0.7090, 0.1015, 1.9254, 0.3188
(5, 27): 0.7329, 0.1007, 1.6896, 0.2638
(5, 28): 0.8081, 0.1003, 1.6641, 0.2975
(5, 29): 0.8081, 0.1003, 1.6641, 0.2975
(5, 30): 0.7766, 0.1007, 1.7414, 0.3149
(5, 31): 0.8527, 0.1008, 1.5975, 0.3065
(5, 32): 0.8527, 0.1008, 1.5975, 0.3065
(5, 33): 0.8949, 0.1005, 1.6333, 0.3475
(5, 34): 0.6504, 0.1009, 2.3726, 0.2804
(5, 35): 0.6438, 0.1002, 2.7135, 0.2964
(5, 36): 0.6438, 0.1002, 2.7135, 0.2964
(5, 37): 0.5326, 0.1002, 3.0748, 0.2953
(6, 1): 0.4073, 0.1006, 2.6033, 0.2946
(6, 2): 0.4073, 0.1006, 2.6033, 0.2946
(6, 3): 0.5329, 0.1005, 2.1292, 0.3232
(6, 4): 0.5329, 0.1005, 2.1292, 0.3232
(6, 5): 0.5366, 0.1021, 2.1487, 0.2989
(6, 6): 0.5785, 0.1001, 2.0137, 0.2446
(6, 7): 0.5150, 0.1023, 2.3812, 0.3612
(6, 8): 0.5150, 0.1023, 2.3812, 0.3612
(6, 9): 0.4472, 0.1011, 2.5301, 0.3000
(6, 10): 0.4683, 0.1007, 2.5849, 0.2884
(6, 11): 0.4683, 0.1007, 2.5849, 0.2884
(6, 12): 0.5166, 0.1026, 2.3704, 0.2717
(6, 13): 0.5885, 0.1013, 2.2703, 0.3417
(6, 14): 0.4604, 0.1008, 2.6681, 0.3272
(6, 15): 0.4604, 0.1008, 2.6681, 0.3272
(6, 16): 0.4712, 0.1008, 2.5516, 0.2739
(6, 17): 0.4859, 0.1006, 2.5051, 0.3409
(6, 18): 0.4859, 0.1006, 2.5051, 0.3409
(6, 19): 0.4704, 0.1003, 2.5925, 0.3080
(6, 20): 0.4973, 0.1025, 2.9412, 0.3101
(6, 21): 0.5706, 0.1004, 2.6074, 0.2710
(6, 22): 0.5706, 0.1004, 2.6074, 0.2710
(6, 23): 0.6602, 0.1001, 2.0586, 0.2909
(6, 24): 0.6968, 0.1000, 2.0526, 0.2721
(6, 25): 0.6968, 0.1000, 2.0526, 0.2721
(6, 26): 0.6502, 0.1004, 2.1549, 0.2804
(6, 27): 0.6445, 0.1001, 1.9661, 0.3134
(6, 28): 0.5675, 0.1006, 2.4214, 0.2960
(6, 29): 0.5675, 0.1006, 2.4214, 0.2960
(6, 30): 0.7047, 0.1002, 1.8873, 0.3149
(6, 31): 0.7348, 0.1004, 1.8950, 0.2576
(6, 32): 0.7348, 0.1004, 1.8950, 0.2576
(6, 33): 0.6445, 0.1001, 2.3082, 0.2489
(6, 34): 0.5742, 0.1001, 2.7836, 0.2417
(6, 35): 0.5646, 0.1002, 3.0725, 0.3478
(6, 36): 0.5646, 0.1002, 3.0725, 0.3478
(6, 37): 0.5982, 0.1014, 2.9821, 0.3522
(7, 1): 0.6294, 0.1054, 1.7825, 0.2880
(7, 2): 0.6294, 0.1054, 1.7825, 0.2880
(7, 3): 0.5633, 0.1003, 2.0482, 0.2938
(7, 4): 0.6092, 0.1022, 1.8650, 0.3080
(7, 5): 0.6092, 0.1022, 1.8650, 0.3080
(7, 6): 0.5157, 0.1013, 2.4144, 0.1946
(7, 7): 0.5521, 0.1009, 2.2812, 0.3322
(7, 8): 0.5521, 0.1009, 2.2812, 0.3322
(7, 9): 0.5515, 0.1027, 2.3676, 0.3746
(7, 10): 0.6185, 0.1011, 2.2026, 0.3054
(7, 11): 0.5830, 0.1017, 2.2473, 0.3188
(7, 12): 0.5830, 0.1017, 2.2473, 0.3188
(7, 13): 0.6123, 0.1003, 2.2768, 0.2928
(7, 14): 0.5762, 0.1011, 2.2958, 0.2511
(7, 15): 0.5762, 0.1011, 2.2958, 0.2511
(7, 16): 0.5989, 0.1021, 2.1024, 0.2793
(7, 17): 0.5875, 0.1003, 2.1921, 0.3178
(7, 18): 0.5875, 0.1003, 2.1921, 0.3178
(7, 19): 0.5681, 0.1022, 2.2236, 0.2841
(7, 20): 0.5649, 0.1029, 2.5905, 0.3094
(7, 21): 0.6642, 0.1006, 2.2110, 0.3620
(7, 22): 0.6642, 0.1006, 2.2110, 0.3620
(7, 23): 0.5865, 0.1006, 2.4784, 0.3301
(7, 24): 0.6349, 0.1001, 2.2033, 0.2971
(7, 25): 0.6349, 0.1001, 2.2033, 0.2971
(7, 26): 0.7213, 0.1008, 1.8621, 0.3054
(7, 27): 0.6424, 0.1001, 2.0485, 0.2551
(7, 28): 0.4916, 0.1001, 2.6212, 0.2185
(7, 29): 0.4916, 0.1001, 2.6212, 0.2185
(7, 30): 0.6313, 0.1001, 2.0450, 0.2649
(7, 31): 0.6679, 0.1002, 2.1136, 0.3359
(7, 32): 0.6679, 0.1002, 2.1136, 0.3359
(7, 33): 0.6084, 0.1002, 2.4772, 0.3022
(7, 34): 0.5492, 0.1003, 2.9661, 0.2438
(7, 35): 0.5520, 0.1024, 3.3281, 0.3098
(7, 36): 0.5520, 0.1024, 3.3281, 0.3098
(7, 37): 0.5986, 0.1006, 3.0593, 0.2507
(8, 1): 0.7349, 0.1018, 1.6931, 0.2638
(8, 2): 0.7349, 0.1018, 1.6931, 0.2638
(8, 3): 0.6594, 0.1024, 1.8100, 0.2732
(8, 4): 0.6823, 0.1016, 1.8313, 0.2844
(8, 5): 0.6823, 0.1016, 1.8313, 0.2844
(8, 6): 0.6016, 0.1003, 2.2322, 0.3304
(8, 7): 0.5620, 0.1005, 2.4107, 0.2591
(8, 8): 0.5620, 0.1005, 2.4107, 0.2591
(8, 9): 0.7205, 0.1015, 2.0486, 0.3120
(8, 10): 0.7616, 0.1000, 1.8461, 0.2906
(8, 11): 0.6523, 0.1030, 1.9328, 0.2736
(8, 12): 0.6523, 0.1030, 1.9328, 0.2736
(8, 13): 0.6398, 0.1012, 2.0457, 0.3101
(8, 14): 0.6252, 0.1011, 2.1121, 0.3297
(8, 15): 0.6252, 0.1011, 2.1121, 0.3297
(8, 16): 0.6656, 0.1007, 1.9399, 0.2623
(8, 17): 0.5573, 0.1012, 2.2581, 0.2634
(8, 18): 0.5573, 0.1012, 2.2581, 0.2634
(8, 19): 0.6745, 0.1018, 1.9888, 0.2891
(8, 20): 0.7389, 0.1006, 1.9189, 0.2855
(8, 21): 0.7335, 0.1005, 1.8249, 0.3254
(8, 22): 0.7335, 0.1005, 1.8249, 0.3254
(8, 23): 0.6324, 0.1003, 2.2554, 0.3457
(8, 24): 0.6440, 0.1007, 2.0844, 0.2674
(8, 25): 0.6440, 0.1007, 2.0844, 0.2674
(8, 26): 0.7797, 0.1015, 1.7310, 0.3366
(8, 27): 0.7285, 0.1004, 1.9626, 0.2554
(8, 28): 0.6920, 0.1003, 1.9716, 0.2888
(8, 29): 0.6920, 0.1003, 1.9716, 0.2888
(8, 30): 0.6437, 0.1001, 2.1217, 0.2931
(8, 31): 0.6772, 0.1014, 2.0176, 0.3058
(8, 32): 0.6772, 0.1014, 2.0176, 0.3058
(8, 33): 0.6616, 0.1009, 2.2446, 0.2594
(8, 34): 0.6087, 0.1001, 2.6319, 0.3091
(8, 35): 0.5153, 0.1006, 3.0919, 0.3264
(8, 36): 0.5153, 0.1006, 3.0919, 0.3264
(8, 37): 0.4859, 0.1002, 3.2445, 0.2902
(17, 1): 0.7655, 0.1001, 2.1200, 0.2674
(17, 2): 0.7655, 0.1001, 2.1200, 0.2674
(17, 3): 0.9736, 0.1004, 1.5541, 0.2975
(17, 4): 0.9015, 0.1009, 1.7762, 0.2609
(17, 5): 0.9015, 0.1009, 1.7762, 0.2609
(17, 6): 0.8714, 0.1004, 1.8968, 0.3319
(17, 7): 0.8824, 0.1027, 1.8096, 0.3243
(17, 8): 0.9929, 0.1037, 1.4391, 0.2739
(17, 9): 0.9929, 0.1037, 1.4391, 0.2739
(17, 10): 0.9559, 0.1007, 1.4876, 0.2877
(17, 11): 0.8284, 0.1017, 1.7454, 0.3076
(17, 12): 0.8284, 0.1017, 1.7454, 0.3076
(17, 13): 0.8002, 0.1000, 1.8710, 0.2489
(17, 14): 0.7719, 0.1006, 1.9422, 0.2924
(17, 15): 0.7719, 0.1006, 1.9422, 0.2924
(17, 16): 0.7605, 0.1004, 1.9372, 0.2804
(17, 17): 0.6548, 0.1005, 2.2042, 0.2551
(17, 18): 0.6723, 0.1006, 2.0940, 0.3022
(17, 19): 0.6723, 0.1006, 2.0940, 0.3022
(17, 20): 0.7198, 0.1019, 1.9959, 0.2754
(17, 21): 0.7123, 0.1018, 2.0055, 0.2446
(17, 22): 0.7123, 0.1018, 2.0055, 0.2446
(17, 23): 0.6054, 0.1006, 2.3228, 0.2855
(17, 24): 0.7118, 0.1012, 2.1083, 0.2587
(17, 25): 0.7118, 0.1012, 2.1083, 0.2587
(17, 26): 0.6662, 0.1016, 2.2278, 0.2909
(17, 27): 0.7007, 0.1007, 1.9723, 0.2522
(17, 28): 0.6859, 0.1014, 2.1278, 0.2547
(17, 29): 0.6859, 0.1014, 2.1278, 0.2547
(17, 30): 0.6572, 0.1013, 2.1230, 0.2841
(17, 31): 0.7561, 0.1009, 1.8135, 0.2754
(17, 32): 0.7561, 0.1009, 1.8135, 0.2754
(17, 33): 0.7393, 0.1001, 1.8381, 0.2978
(17, 34): 0.6225, 0.1000, 2.1568, 0.2888
(17, 35): 0.6225, 0.1000, 2.1568, 0.2888
(17, 36): 0.7929, 0.1002, 1.5918, 0.2826
(17, 37): 0.7843, 0.1013, 1.6001, 0.2989
(18, 1): 0.8616, 0.1011, 1.6963, 0.3565
(18, 2): 0.8616, 0.1011, 1.6963, 0.3565
(18, 3): 0.9044, 0.1013, 1.7376, 0.2395
(18, 4): 0.8510, 0.1011, 1.9594, 0.3801
(18, 5): 0.9886, 0.1006, 1.5630, 0.2946
(18, 6): 0.9886, 0.1006, 1.5630, 0.2946
(18, 7): 1.0062, 0.1002, 1.4170, 0.2819
(18, 8): 0.9328, 0.1008, 1.5693, 0.3192
(18, 9): 0.9328, 0.1008, 1.5693, 0.3192
(18, 10): 0.8297, 0.1008, 1.7464, 0.2699
(18, 11): 0.8623, 0.1009, 1.6709, 0.2678
(18, 12): 0.8623, 0.1009, 1.6709, 0.2678
(18, 13): 0.8631, 0.1000, 1.7239, 0.3004
(18, 14): 0.8373, 0.1009, 1.6998, 0.2837
(18, 15): 0.8373, 0.1009, 1.6998, 0.2837
(18, 16): 0.7932, 0.1015, 1.9504, 0.2301
(18, 17): 0.5984, 0.1010, 2.4603, 0.2138
(18, 18): 0.6323, 0.1023, 2.1999, 0.3101
(18, 19): 0.6323, 0.1023, 2.1999, 0.3101
(18, 20): 0.6939, 0.1010, 2.1192, 0.2366
(18, 21): 0.6335, 0.1011, 2.3250, 0.2884
(18, 22): 0.6335, 0.1011, 2.3250, 0.2884
(18, 23): 0.5515, 0.1002, 2.5507, 0.2221
(18, 24): 0.7036, 0.1007, 2.1460, 0.2739
(18, 25): 0.7036, 0.1007, 2.1460, 0.2739
(18, 26): 0.6732, 0.1012, 2.2972, 0.2580
(18, 27): 0.7231, 0.1008, 1.9174, 0.2728
(18, 28): 0.7231, 0.1008, 1.9174, 0.2728
(18, 29): 0.5875, 0.1008, 2.4195, 0.2134
(18, 30): 0.7279, 0.1010, 1.9344, 0.2779
(18, 31): 0.8232, 0.1005, 1.6995, 0.2895
(18, 32): 0.8232, 0.1005, 1.6995, 0.2895
(18, 33): 0.8211, 0.1013, 1.7074, 0.3007
(18, 34): 0.7632, 0.1003, 1.6825, 0.2975
(18, 35): 0.7632, 0.1003, 1.6825, 0.2975
(18, 36): 0.7861, 0.1006, 1.6819, 0.2848
(18, 37): 0.7015, 0.1002, 1.9237, 0.2214
(19, 1): 0.5156, 0.1019, 1.7723, 0.2616
(19, 2): 0.5156, 0.1019, 1.7723, 0.2616
(19, 3): 0.8572, 0.1004, 1.9144, 0.3341
(19, 4): 1.0244, 0.1027, 1.4465, 0.3040
(19, 5): 0.9989, 0.1010, 1.4120, 0.2801
(19, 6): 0.9989, 0.1010, 1.4120, 0.2801
(19, 7): 0.8329, 0.1029, 1.7301, 0.2594
(19, 8): 0.8843, 0.1014, 1.6795, 0.2728
(19, 9): 0.8843, 0.1014, 1.6795, 0.2728
(19, 10): 0.9006, 0.1034, 1.7209, 0.2877
(19, 11): 0.9036, 0.1022, 1.5667, 0.3051
(19, 12): 0.9036, 0.1022, 1.5667, 0.3051
(19, 13): 0.9165, 0.1001, 1.4738, 0.3348
(19, 14): 0.7435, 0.1012, 2.0351, 0.2612
(19, 15): 0.7435, 0.1012, 2.0351, 0.2612
(19, 16): 0.6656, 0.1006, 2.3518, 0.3149
(19, 17): 0.6314, 0.1002, 2.2747, 0.2428
(19, 18): 0.5972, 0.1001, 2.4218, 0.2721
(19, 19): 0.5972, 0.1001, 2.4218, 0.2721
(19, 20): 0.6569, 0.1003, 2.0193, 0.2438
(19, 21): 0.5164, 0.1025, 3.0027, 0.1489
(19, 22): 0.5164, 0.1025, 3.0027, 0.1489
(19, 23): 0.6647, 0.1014, 2.3591, 0.2511
(19, 24): 0.7581, 0.1002, 2.0361, 0.2304
(19, 25): 0.7581, 0.1002, 2.0361, 0.2304
(19, 26): 0.6543, 0.1002, 2.3544, 0.2518
(19, 27): 0.6544, 0.1001, 2.2691, 0.2322
(19, 28): 0.6544, 0.1001, 2.2691, 0.2322
(19, 29): 0.7808, 0.1006, 1.7618, 0.2674
(19, 30): 0.7679, 0.1009, 1.8041, 0.2775
(19, 31): 0.6573, 0.1020, 2.1924, 0.2163
(19, 32): 0.6573, 0.1020, 2.1924, 0.2163
(19, 33): 0.8524, 0.1013, 1.5572, 0.3109
(19, 34): 0.8371, 0.1009, 1.5317, 0.2996
(19, 35): 0.8371, 0.1009, 1.5317, 0.2996
(19, 36): 0.7864, 0.1005, 1.7449, 0.3373
(19, 37): 0.6187, 0.1001, 2.1621, 0.3203
(20, 1): 0.6576, 0.1009, 1.5014, 0.2551
(20, 2): 0.6576, 0.1009, 1.5014, 0.2551
(20, 3): 0.9313, 0.1014, 1.5132, 0.2793
(20, 4): 0.9475, 0.1015, 1.5129, 0.2772
(20, 5): 0.8460, 0.1003, 1.7025, 0.2514
(20, 6): 0.8460, 0.1003, 1.7025, 0.2514
(20, 7): 0.9278, 0.1003, 1.5819, 0.2851
(20, 8): 0.9413, 0.1011, 1.5128, 0.3105
(20, 9): 0.9413, 0.1011, 1.5128, 0.3105
(20, 10): 0.9787, 0.1013, 1.4140, 0.2909
(20, 11): 0.8933, 0.1002, 1.6716, 0.3402
(20, 12): 0.8933, 0.1002, 1.6716, 0.3402
(20, 13): 0.8648, 0.1008, 1.7204, 0.2851
(20, 14): 0.6793, 0.1000, 2.3501, 0.2301
(20, 15): 0.6793, 0.1000, 2.3501, 0.2301
(20, 16): 0.6189, 0.1004, 2.4230, 0.2239
(20, 17): 0.5846, 0.1003, 2.5538, 0.3406
(20, 18): 0.6633, 0.1000, 2.0457, 0.2996
(20, 19): 0.6633, 0.1000, 2.0457, 0.2996
(20, 20): 0.7902, 0.1003, 1.6661, 0.2696
(20, 21): 0.5981, 0.1008, 2.5301, 0.1888
(20, 22): 0.5981, 0.1008, 2.5301, 0.1888
(20, 23): 0.6442, 0.1005, 2.4816, 0.2417
(20, 24): 0.7546, 0.1008, 1.9950, 0.2047
(20, 25): 0.7546, 0.1008, 1.9950, 0.2047
(20, 26): 0.6754, 0.1007, 2.2256, 0.2866
(20, 27): 0.5523, 0.1022, 2.7425, 0.2605
(20, 28): 0.5523, 0.1022, 2.7425, 0.2605
(20, 29): 0.7916, 0.1012, 1.8573, 0.2707
(20, 30): 0.6912, 0.1001, 2.0720, 0.2279
(20, 31): 0.7333, 0.1003, 1.8158, 0.3007
(20, 32): 0.7333, 0.1003, 1.8158, 0.3007
(20, 33): 0.7646, 0.1005, 1.8061, 0.2996
(20, 34): 0.6384, 0.1003, 2.0674, 0.2612
(20, 35): 0.6384, 0.1003, 2.0674, 0.2612
(20, 36): 0.7350, 0.1012, 1.7489, 0.3406
(20, 37): 0.5770, 0.1004, 2.2042, 0.1935
(21, 1): 0.6110, 0.1006, 1.5341, 0.2830
(21, 2): 0.7552, 0.1015, 1.7053, 0.2496
(21, 3): 0.7552, 0.1015, 1.7053, 0.2496
(21, 4): 0.8872, 0.1008, 1.6796, 0.2428
(21, 5): 0.8107, 0.1010, 1.7296, 0.2764
(21, 6): 0.8107, 0.1010, 1.7296, 0.2764
(21, 7): 0.7990, 0.1002, 1.7954, 0.2514
(21, 8): 0.8456, 0.1040, 1.6183, 0.2757
(21, 9): 0.8456, 0.1040, 1.6183, 0.2757
(21, 10): 0.9136, 0.1010, 1.4510, 0.2692
(21, 11): 0.8803, 0.1004, 1.5912, 0.2159
(21, 12): 0.8803, 0.1004, 1.5912, 0.2159
(21, 13): 0.8420, 0.1005, 1.6431, 0.2569
(21, 14): 0.7999, 0.1016, 1.7293, 0.2913
(21, 15): 0.7999, 0.1016, 1.7293, 0.2913
(21, 16): 0.7268, 0.1000, 1.9300, 0.3192
(21, 17): 0.7458, 0.1009, 1.8940, 0.2514
(21, 18): 0.7571, 0.1008, 1.8829, 0.3217
(21, 19): 0.7571, 0.1008, 1.8829, 0.3217
(21, 20): 0.7933, 0.1007, 1.7749, 0.3547
(21, 21): 0.6052, 0.1001, 2.3572, 0.2460
(21, 22): 0.6052, 0.1001, 2.3572, 0.2460
(21, 23): 0.7129, 0.1005, 2.2142, 0.2011
(21, 24): 0.7520, 0.1006, 2.0694, 0.2551
(21, 25): 0.7520, 0.1006, 2.0694, 0.2551
(21, 26): 0.6533, 0.1001, 2.3339, 0.2855
(21, 27): 0.7594, 0.1011, 2.0261, 0.2931
(21, 28): 0.7594, 0.1011, 2.0261, 0.2931
(21, 29): 0.6727, 0.1001, 2.1957, 0.2431
(21, 30): 0.6719, 0.1002, 2.0698, 0.2159
(21, 31): 0.5818, 0.1016, 2.2209, 0.3054
(21, 32): 0.5818, 0.1016, 2.2209, 0.3054
(21, 33): 0.7137, 0.1001, 1.8169, 0.2743
(21, 34): 0.6194, 0.1010, 2.1210, 0.2960
(21, 35): 0.6194, 0.1010, 2.1210, 0.2960
(21, 36): 0.6531, 0.1014, 1.9361, 0.2391
(21, 37): 0.7481, 0.1004, 1.6021, 0.3062
(22, 1): 0.6237, 0.1007, 1.4700, 0.2413
(22, 2): 0.6497, 0.1014, 1.5283, 0.2620
(22, 3): 0.6497, 0.1014, 1.5283, 0.2620
(22, 4): 0.8428, 0.1027, 1.7281, 0.2199
(22, 5): 0.7624, 0.1001, 1.7912, 0.2040
(22, 6): 0.7624, 0.1001, 1.7912, 0.2040
(22, 7): 0.7522, 0.1010, 1.8148, 0.2598
(22, 8): 0.7650, 0.1009, 1.8144, 0.2207
(22, 9): 0.7650, 0.1009, 1.8144, 0.2207
(22, 10): 0.8024, 0.1002, 1.6928, 0.2043
(22, 11): 0.7967, 0.1004, 1.7055, 0.2764
(22, 12): 0.7967, 0.1004, 1.7055, 0.2764
(22, 13): 0.7603, 0.1002, 1.7693, 0.2076
(22, 14): 0.7791, 0.1029, 1.7601, 0.2359
(22, 15): 0.7728, 0.1004, 1.8362, 0.2877
(22, 16): 0.7728, 0.1004, 1.8362, 0.2877
(22, 17): 0.7952, 0.1006, 1.7968, 0.3022
(22, 18): 0.7679, 0.1008, 1.6857, 0.2688
(22, 19): 0.7679, 0.1008, 1.6857, 0.2688
(22, 20): 0.6937, 0.1010, 2.0087, 0.2359
(22, 21): 0.6819, 0.1032, 2.2264, 0.3413
(22, 22): 0.6819, 0.1032, 2.2264, 0.3413
(22, 23): 0.7702, 0.1006, 1.8905, 0.2228
(22, 24): 0.7877, 0.1007, 2.0156, 0.2851
(22, 25): 0.7877, 0.1007, 2.0156, 0.2851
(22, 26): 0.8354, 0.1012, 1.8464, 0.2029
(22, 27): 0.7150, 0.1003, 2.1051, 0.2442
(22, 28): 0.7150, 0.1003, 2.1051, 0.2442
(22, 29): 0.7182, 0.1011, 1.9111, 0.2804
(22, 30): 0.8819, 0.1000, 1.4323, 0.2819
(22, 31): 0.7284, 0.1010, 1.8557, 0.2543
(22, 32): 0.7284, 0.1010, 1.8557, 0.2543
(22, 33): 0.6283, 0.1007, 2.1488, 0.2826
(22, 34): 0.6145, 0.1000, 2.1544, 0.2681
(22, 35): 0.6145, 0.1000, 2.1544, 0.2681
(22, 36): 0.7165, 0.1011, 1.8338, 0.2449
(22, 37): 0.7668, 0.1001, 1.6408, 0.3272
(23, 1): 0.6027, 0.1004, 1.5318, 0.2297
(23, 2): 0.6042, 0.1002, 1.4732, 0.2246
(23, 3): 0.6042, 0.1002, 1.4732, 0.2246
(23, 4): 0.7894, 0.1001, 1.7327, 0.2457
(23, 5): 0.7889, 0.1008, 1.7280, 0.2315
(23, 6): 0.7889, 0.1008, 1.7280, 0.2315
(23, 7): 0.8170, 0.1025, 1.6528, 0.2069
(23, 8): 0.8202, 0.1014, 1.6603, 0.2130
(23, 9): 0.8202, 0.1014, 1.6603, 0.2130
(23, 10): 0.7829, 0.1028, 1.7383, 0.2025
(23, 11): 0.8365, 0.1004, 1.6781, 0.2011
(23, 12): 0.8365, 0.1004, 1.6781, 0.2011
(23, 13): 0.7799, 0.1043, 1.8008, 0.2580
(23, 14): 0.7639, 0.1029, 1.8667, 0.2899
(23, 15): 0.8403, 0.1001, 1.6450, 0.2152
(23, 16): 0.8403, 0.1001, 1.6450, 0.2152
(23, 17): 0.8144, 0.1017, 1.7555, 0.2685
(23, 18): 0.7336, 0.1030, 2.0483, 0.2754
(23, 19): 0.7336, 0.1030, 2.0483, 0.2754
(23, 20): 0.7489, 0.1012, 1.7924, 0.2312
(23, 21): 0.7215, 0.1004, 2.1409, 0.1880
(23, 22): 0.7215, 0.1004, 2.1409, 0.1880
(23, 23): 0.6368, 0.1008, 2.4791, 0.2779
(23, 24): 0.6598, 0.1011, 2.3323, 0.2710
(23, 25): 0.6598, 0.1011, 2.3323, 0.2710
(23, 26): 0.7705, 0.1000, 1.9378, 0.2359
(23, 27): 0.7083, 0.1010, 2.1443, 0.2464
(23, 28): 0.7083, 0.1010, 2.1443, 0.2464
(23, 29): 0.7254, 0.1005, 1.9203, 0.2203
(23, 30): 0.6421, 0.1001, 2.0257, 0.2620
(23, 31): 0.7714, 0.1008, 1.7315, 0.2609
(23, 32): 0.7714, 0.1008, 1.7315, 0.2609
(23, 33): 0.6998, 0.1017, 1.8638, 0.2511
(23, 34): 0.7171, 0.1018, 1.7764, 0.2957
(23, 35): 0.7171, 0.1018, 1.7764, 0.2957
(23, 36): 0.6777, 0.1002, 1.8738, 0.3373
(23, 37): 0.6761, 0.1026, 1.8430, 0.2783
(24, 1): 0.5944, 0.1001, 1.5116, 0.2283
(24, 2): 0.5873, 0.1008, 1.4930, 0.2304
(24, 3): 0.5873, 0.1008, 1.4930, 0.2304
(24, 4): 0.7814, 0.1003, 1.7225, 0.2058
(24, 5): 0.7372, 0.1001, 1.8634, 0.2178
(24, 6): 0.7372, 0.1001, 1.8634, 0.2178
(24, 7): 0.7312, 0.1001, 1.8725, 0.2087
(24, 8): 0.7063, 0.1012, 1.9357, 0.2192
(24, 9): 0.7063, 0.1012, 1.9357, 0.2192
(24, 10): 0.7001, 0.1004, 1.9442, 0.2554
(24, 11): 0.6610, 0.1016, 2.0184, 0.2739
(24, 12): 0.6610, 0.1016, 2.0184, 0.2739
(24, 13): 0.7799, 0.1043, 1.8008, 0.2580
(24, 14): 0.7639, 0.1029, 1.8667, 0.2899
(24, 15): 0.8403, 0.1001, 1.6450, 0.2152
(24, 16): 0.8403, 0.1001, 1.6450, 0.2152
(24, 17): 0.8144, 0.1017, 1.7555, 0.2685
(24, 18): 0.7336, 0.1030, 2.0483, 0.2754
(24, 19): 0.7336, 0.1030, 2.0483, 0.2754
(24, 20): 0.7489, 0.1012, 1.7924, 0.2312
(24, 21): 0.7215, 0.1004, 2.1409, 0.1880
(24, 22): 0.7215, 0.1004, 2.1409, 0.1880
(24, 23): 0.6368, 0.1008, 2.4791, 0.2779
(24, 24): 0.6598, 0.1011, 2.3323, 0.2710
(24, 25): 0.6598, 0.1011, 2.3323, 0.2710
(24, 26): 0.7705, 0.1000, 1.9378, 0.2359
(24, 27): 0.7083, 0.1010, 2.1443, 0.2464
(24, 28): 0.7083, 0.1010, 2.1443, 0.2464
(24, 29): 0.7254, 0.1005, 1.9203, 0.2203
(24, 30): 0.6421, 0.1001, 2.0257, 0.2620
(24, 31): 0.7031, 0.1003, 1.9065, 0.2569
(24, 32): 0.7463, 0.1004, 1.7500, 0.2703
(24, 33): 0.7306, 0.1002, 1.8006, 0.2572
(24, 34): 0.6674, 0.1005, 1.8080, 0.3159
(24, 35): 0.6674, 0.1005, 1.8080, 0.3159
(24, 36): 0.6354, 0.1000, 1.9945, 0.3127
(24, 37): 0.5912, 0.1003, 2.1168, 0.2775
(25, 1): 0.5878, 0.1004, 1.5088, 0.2322
(25, 2): 0.5845, 0.1006, 1.4820, 0.2257
(25, 3): 0.5845, 0.1006, 1.4820, 0.2257
(25, 4): 0.7812, 0.1003, 1.5816, 0.2134
(25, 5): 0.7678, 0.1013, 1.6018, 0.2308
(25, 6): 0.7678, 0.1013, 1.6018, 0.2308
(25, 7): 0.7312, 0.1001, 1.8725, 0.2087
(25, 8): 0.7063, 0.1012, 1.9357, 0.2192
(25, 9): 0.7063, 0.1012, 1.9357, 0.2192
(25, 10): 0.7001, 0.1004, 1.9442, 0.2554
(25, 11): 0.6610, 0.1016, 2.0184, 0.2739
(25, 12): 0.6610, 0.1016, 2.0184, 0.2739
(25, 13): 0.6918, 0.1010, 1.9485, 0.2576
(25, 14): 0.6693, 0.1007, 2.0608, 0.2880
(25, 15): 0.7360, 0.1002, 1.8491, 0.2391
(25, 16): 0.7360, 0.1002, 1.8491, 0.2391
(25, 17): 0.8672, 0.1001, 1.6213, 0.3043
(25, 18): 0.7981, 0.1004, 1.8814, 0.2717
(25, 19): 0.7981, 0.1004, 1.8814, 0.2717
(25, 20): 0.7458, 0.1002, 1.7362, 0.2341
(25, 21): 0.7324, 0.1009, 1.8509, 0.2449
(25, 22): 0.7324, 0.1009, 1.8509, 0.2449
(25, 23): 0.7372, 0.1005, 2.0629, 0.2761
(25, 24): 0.8503, 0.1005, 1.6786, 0.2801
(25, 25): 0.8503, 0.1005, 1.6786, 0.2801
(25, 26): 0.6556, 0.1010, 2.2683, 0.2446
(25, 27): 0.6834, 0.1003, 2.0747, 0.2833
(25, 28): 0.6834, 0.1003, 2.0747, 0.2833
(25, 29): 0.7525, 0.1007, 1.8973, 0.2428
(25, 30): 0.7031, 0.1003, 1.9065, 0.2569
(25, 31): 0.7031, 0.1003, 1.9065, 0.2569
(25, 32): 0.7463, 0.1004, 1.7500, 0.2703
(25, 33): 0.7306, 0.1002, 1.8006, 0.2572
(25, 34): 0.6674, 0.1005, 1.8080, 0.3159
(25, 35): 0.6674, 0.1005, 1.8080, 0.3159
(25, 36): 0.6354, 0.1000, 1.9945, 0.3127
(25, 37): 0.6973, 0.1000, 1.7625, 0.2225
(26, 1): 0.5833, 0.1002, 1.4926, 0.2312
(26, 2): 0.5845, 0.1006, 1.4820, 0.2257
(26, 3): 0.5845, 0.1006, 1.4820, 0.2257
(26, 4): 0.7812, 0.1003, 1.5816, 0.2134
(26, 5): 0.7678, 0.1013, 1.6018, 0.2308
(26, 6): 0.7678, 0.1013, 1.6018, 0.2308
(26, 7): 0.7946, 0.1006, 1.5556, 0.2185
(26, 8): 0.7515, 0.1005, 1.6524, 0.2239
(26, 9): 0.7515, 0.1005, 1.6524, 0.2239
(26, 10): 0.7634, 0.1010, 1.6154, 0.2217
(26, 11): 0.7680, 0.1010, 1.6047, 0.2149
(26, 12): 0.7680, 0.1010, 1.6047, 0.2149
(26, 13): 0.7624, 0.1005, 1.6226, 0.2138
(26, 14): 0.7843, 0.1005, 1.5980, 0.2301
(26, 15): 0.8329, 0.1006, 1.5255, 0.2837
(26, 16): 0.8329, 0.1006, 1.5255, 0.2837
(26, 17): 0.9091, 0.1011, 1.2718, 0.2493
(26, 18): 0.8955, 0.1020, 1.2775, 0.2333
(26, 19): 0.8955, 0.1020, 1.2775, 0.2333
(26, 20): 0.7492, 0.1019, 1.8017, 0.2370
(26, 21): 0.7459, 0.1035, 1.8180, 0.2931
(26, 22): 0.7459, 0.1035, 1.8180, 0.2931
(26, 23): 0.8109, 0.1004, 1.7065, 0.2978
(26, 24): 0.6902, 0.1014, 1.9954, 0.2362
(26, 25): 0.6902, 0.1014, 1.9954, 0.2362
(26, 26): 0.7749, 0.1002, 1.8313, 0.2772
(26, 27): 0.6166, 0.1005, 2.2318, 0.3301
(26, 28): 0.6166, 0.1005, 2.2318, 0.3301
(26, 29): 0.6702, 0.1015, 2.0201, 0.2859
(26, 30): 0.6919, 0.1012, 1.8637, 0.2772
(26, 31): 0.6919, 0.1012, 1.8637, 0.2772
(26, 32): 0.7481, 0.1001, 1.7404, 0.2609
(26, 33): 0.7284, 0.1011, 1.6849, 0.2801
(26, 34): 0.7064, 0.1002, 1.7213, 0.2938
(26, 35): 0.7064, 0.1002, 1.7213, 0.2938
(26, 36): 0.6878, 0.1016, 1.6759, 0.2587
(26, 37): 0.6973, 0.1000, 1.7625, 0.2225
(27, 1): 0.5833, 0.1002, 1.4926, 0.2312
(27, 2): 0.6035, 0.1016, 1.5729, 0.2402
(27, 3): 0.6035, 0.1016, 1.5729, 0.2402
(27, 4): 0.7877, 0.1019, 1.5296, 0.2464
(27, 5): 0.7795, 0.1011, 1.5787, 0.2236
(27, 6): 0.7795, 0.1011, 1.5787, 0.2236
(27, 7): 0.7580, 0.1016, 1.6465, 0.2149
(27, 8): 0.7949, 0.1014, 1.5534, 0.2149
(27, 9): 0.7949, 0.1014, 1.5534, 0.2149
(27, 10): 0.7717, 0.1026, 1.6023, 0.2609
(27, 11): 0.7550, 0.1001, 1.6535, 0.2315
(27, 12): 0.7727, 0.1012, 1.6290, 0.2848
(27, 13): 0.7727, 0.1012, 1.6290, 0.2848
(27, 14): 0.8589, 0.1027, 1.4510, 0.2967
(27, 15): 0.9791, 0.1003, 1.2058, 0.2652
(27, 16): 0.9791, 0.1003, 1.2058, 0.2652
(27, 17): 0.9431, 0.1001, 1.2671, 0.2761
(27, 18): 0.9870, 0.1001, 1.1878, 0.2551
(27, 19): 0.9870, 0.1001, 1.1878, 0.2551
(27, 20): 0.7760, 0.1009, 1.6484, 0.2710
(27, 21): 0.7480, 0.1013, 1.7499, 0.2924
(27, 22): 0.7480, 0.1013, 1.7499, 0.2924
(27, 23): 0.7874, 0.1003, 1.7288, 0.2699
(27, 24): 0.5950, 0.1002, 2.2437, 0.3156
(27, 25): 0.5950, 0.1002, 2.2437, 0.3156
(27, 26): 0.6848, 0.1028, 2.1286, 0.2638
(27, 27): 0.7030, 0.1002, 1.9246, 0.2804
(27, 28): 0.7030, 0.1002, 1.9246, 0.2804
(27, 29): 0.7165, 0.1011, 1.7973, 0.3149
(27, 30): 0.7063, 0.1007, 1.8028, 0.3341
(27, 31): 0.7063, 0.1007, 1.8028, 0.3341
(27, 32): 0.6893, 0.1005, 1.8866, 0.2960
(27, 33): 0.6723, 0.1010, 1.8141, 0.2732
(27, 34): 0.6723, 0.1010, 1.8141, 0.2732
(27, 35): 0.6768, 0.1004, 1.8188, 0.2928
(27, 36): 0.6619, 0.1004, 1.8377, 0.2254
(27, 37): 0.5470, 0.1006, 2.1281, 0.2087
(28, 1): 0.5843, 0.1015, 1.5267, 0.2304
(28, 2): 0.6307, 0.1014, 1.4832, 0.2304
(28, 3): 0.6307, 0.1014, 1.4832, 0.2304
(28, 4): 0.7992, 0.1003, 1.4846, 0.2221
(28, 5): 0.7513, 0.1027, 1.5997, 0.2272
(28, 6): 0.7513, 0.1027, 1.5997, 0.2272
(28, 7): 0.7758, 0.1006, 1.5747, 0.2518
(28, 8): 0.7876, 0.1001, 1.5801, 0.2536
(28, 9): 0.7876, 0.1001, 1.5801, 0.2536
(28, 10): 0.7489, 0.1005, 1.6848, 0.2438
(28, 11): 0.8204, 0.1014, 1.5110, 0.2946
(28, 12): 0.8183, 0.1005, 1.5035, 0.2960
(28, 13): 0.8183, 0.1005, 1.5035, 0.2960
(28, 14): 0.9834, 0.1010, 1.1799, 0.2960
(28, 15): 0.9335, 0.1029, 1.2877, 0.2982
(28, 16): 0.9335, 0.1029, 1.2877, 0.2982
(28, 17): 0.9287, 0.1007, 1.2805, 0.2920
(28, 18): 0.9203, 0.1004, 1.3197, 0.2833
(28, 19): 0.9203, 0.1004, 1.3197, 0.2833
(28, 20): 0.8217, 0.1010, 1.6002, 0.2417
(28, 21): 0.7364, 0.1001, 1.9024, 0.2330
(28, 22): 0.7364, 0.1001, 1.9024, 0.2330
(28, 23): 0.6579, 0.1001, 2.1576, 0.2391
(28, 24): 0.7214, 0.1008, 1.8205, 0.2663
(28, 25): 0.7214, 0.1008, 1.8205, 0.2663
(28, 26): 0.6304, 0.1007, 2.1617, 0.2598
(28, 27): 0.6233, 0.1016, 2.1453, 0.2891
(28, 28): 0.6233, 0.1016, 2.1453, 0.2891
(28, 29): 0.5690, 0.1030, 2.2151, 0.2442
(28, 30): 0.6153, 0.1009, 2.1331, 0.3141
(28, 31): 0.6153, 0.1009, 2.1331, 0.3141
(28, 32): 0.6090, 0.1017, 2.1721, 0.2638
(28, 33): 0.7017, 0.1010, 1.7141, 0.2638
(28, 34): 0.7017, 0.1010, 1.7141, 0.2638
(28, 35): 0.6241, 0.1007, 1.9226, 0.2243
(28, 36): 0.4987, 0.1013, 2.2940, 0.2391
(28, 37): 0.6027, 0.1001, 1.9407, 0.2873
(29, 1): 0.5574, 0.1015, 1.5508, 0.2601
(29, 2): 0.6602, 0.1010, 1.4886, 0.2681
(29, 3): 0.6602, 0.1010, 1.4886, 0.2681
(29, 4): 0.7435, 0.1029, 1.6041, 0.2511
(29, 5): 0.7995, 0.1036, 1.4862, 0.3159
(29, 6): 0.7995, 0.1036, 1.4862, 0.3159
(29, 7): 0.7548, 0.1015, 1.5909, 0.2659
(29, 8): 0.8430, 0.1051, 1.4229, 0.3138
(29, 9): 0.7957, 0.1001, 1.5101, 0.3105
(29, 10): 0.7957, 0.1001, 1.5101, 0.3105
(29, 11): 0.9554, 0.1000, 1.1851, 0.2862
(29, 12): 0.9863, 0.1005, 1.1601, 0.2935
(29, 13): 0.9863, 0.1005, 1.1601, 0.2935
(29, 14): 0.9424, 0.1014, 1.2486, 0.2572
(29, 15): 0.9747, 0.1001, 1.2019, 0.2870
(29, 16): 0.9747, 0.1001, 1.2019, 0.2870
(29, 17): 0.9316, 0.1012, 1.2891, 0.2685
(29, 18): 0.8270, 0.1010, 1.5607, 0.2971
(29, 19): 0.8270, 0.1010, 1.5607, 0.2971
(29, 20): 0.7903, 0.1011, 1.7563, 0.2525
(29, 21): 0.7418, 0.1002, 1.8855, 0.2275
(29, 22): 0.7418, 0.1002, 1.8855, 0.2275
(29, 23): 0.7093, 0.1012, 1.9716, 0.3004
(29, 24): 0.6436, 0.1006, 2.1738, 0.2511
(29, 25): 0.6436, 0.1006, 2.1738, 0.2511
(29, 26): 0.6057, 0.1000, 2.3324, 0.2308
(29, 27): 0.6953, 0.1013, 2.0129, 0.2511
(29, 28): 0.6953, 0.1013, 2.0129, 0.2511
(29, 29): 0.5876, 0.1002, 2.2099, 0.2406
(29, 30): 0.5867, 0.1006, 2.3124, 0.2859
(29, 31): 0.5867, 0.1006, 2.3124, 0.2859
(29, 32): 0.5774, 0.1002, 2.3472, 0.2547
(29, 33): 0.5390, 0.1002, 2.2458, 0.2841
(29, 34): 0.5390, 0.1002, 2.2458, 0.2841
(29, 35): 0.5339, 0.1004, 2.2021, 0.2554
(29, 36): 0.6848, 0.1010, 1.8217, 0.3000
(29, 37): 0.6848, 0.1010, 1.8217, 0.3000
(30, 1): 0.5510, 0.1011, 1.5417, 0.2804
(30, 2): 0.7534, 0.1015, 1.6051, 0.3069
(30, 3): 0.7534, 0.1015, 1.6051, 0.3069
(30, 4): 0.7237, 0.1000, 1.6296, 0.2783
(30, 5): 0.6685, 0.1003, 1.7518, 0.2290
(30, 6): 0.8438, 0.1000, 1.3700, 0.2707
(30, 7): 0.8438, 0.1000, 1.3700, 0.2707
(30, 8): 0.8569, 0.1019, 1.3617, 0.2652
(30, 9): 0.9104, 0.1011, 1.2468, 0.2587
(30, 10): 0.9104, 0.1011, 1.2468, 0.2587
(30, 11): 0.9228, 0.1022, 1.2395, 0.2594
(30, 12): 0.9152, 0.1003, 1.2825, 0.2630
(30, 13): 0.9152, 0.1003, 1.2825, 0.2630
(30, 14): 0.9364, 0.1011, 1.2497, 0.2587
(30, 15): 0.9869, 0.1001, 1.1630, 0.2591
(30, 16): 0.9869, 0.1001, 1.1630, 0.2591
(30, 17): 0.9456, 0.1004, 1.2371, 0.2649
(30, 18): 0.8783, 0.1022, 1.4330, 0.2630
(30, 19): 0.8783, 0.1022, 1.4330, 0.2630
(30, 20): 0.7443, 0.1010, 1.8267, 0.2514
(30, 21): 0.7675, 0.1002, 1.7921, 0.2746
(30, 22): 0.7675, 0.1002, 1.7921, 0.2746
(30, 23): 0.6558, 0.1021, 2.0858, 0.2594
(30, 24): 0.6445, 0.1012, 2.1532, 0.2779
(30, 25): 0.6445, 0.1012, 2.1532, 0.2779
(30, 26): 0.5987, 0.1011, 2.3447, 0.2036
(30, 27): 0.7090, 0.1002, 1.9638, 0.2388
(30, 28): 0.7090, 0.1002, 1.9638, 0.2388
(30, 29): 0.6525, 0.1005, 2.0122, 0.2272
(30, 30): 0.5953, 0.1009, 2.2953, 0.2152
(30, 31): 0.5953, 0.1009, 2.2953, 0.2152
(30, 32): 0.6607, 0.1018, 2.2572, 0.2457
(30, 33): 0.4792, 0.1017, 2.3697, 0.2627
(30, 34): 0.4792, 0.1017, 2.3697, 0.2627
(30, 35): 0.6073, 0.1004, 2.0691, 0.2942
(30, 36): 0.6703, 0.1006, 1.8507, 0.2837
(30, 37): 0.6703, 0.1006, 1.8507, 0.2837
(31, 1): 0.5510, 0.1011, 1.5417, 0.2804
(31, 2): 0.7534, 0.1015, 1.6051, 0.3069
(31, 3): 0.7237, 0.1000, 1.6296, 0.2783
(31, 4): 0.7237, 0.1000, 1.6296, 0.2783
(31, 5): 0.6685, 0.1003, 1.7518, 0.2290
(31, 6): 0.8438, 0.1000, 1.3700, 0.2707
(31, 7): 0.8438, 0.1000, 1.3700, 0.2707
(31, 8): 0.8569, 0.1019, 1.3617, 0.2652
(31, 9): 0.9104, 0.1011, 1.2468, 0.2587
(31, 10): 0.9104, 0.1011, 1.2468, 0.2587
(31, 11): 0.9228, 0.1022, 1.2395, 0.2594
(31, 12): 0.9152, 0.1003, 1.2825, 0.2630
(31, 13): 0.9152, 0.1003, 1.2825, 0.2630
(31, 14): 0.9364, 0.1011, 1.2497, 0.2587
(31, 15): 0.9869, 0.1001, 1.1630, 0.2591
(31, 16): 0.9869, 0.1001, 1.1630, 0.2591
(31, 17): 0.9456, 0.1004, 1.2371, 0.2649
(31, 18): 0.8783, 0.1022, 1.4330, 0.2630
(31, 19): 0.8783, 0.1022, 1.4330, 0.2630
(31, 20): 0.7443, 0.1010, 1.8267, 0.2514
(31, 21): 0.7675, 0.1002, 1.7921, 0.2746
(31, 22): 0.7675, 0.1002, 1.7921, 0.2746
(31, 23): 0.6558, 0.1021, 2.0858, 0.2594
(31, 24): 0.6445, 0.1012, 2.1532, 0.2779
(31, 25): 0.6445, 0.1012, 2.1532, 0.2779
(31, 26): 0.5987, 0.1011, 2.3447, 0.2036
(31, 27): 0.7090, 0.1002, 1.9638, 0.2388
(31, 28): 0.7090, 0.1002, 1.9638, 0.2388
(31, 29): 0.6525, 0.1005, 2.0122, 0.2272
(31, 30): 0.5953, 0.1009, 2.2953, 0.2152
(31, 31): 0.5953, 0.1009, 2.2953, 0.2152
(31, 32): 0.6607, 0.1018, 2.2572, 0.2457
(31, 33): 0.4792, 0.1017, 2.3697, 0.2627
(31, 34): 0.4792, 0.1017, 2.3697, 0.2627
(31, 35): 0.6073, 0.1004, 2.0691, 0.2942
(31, 36): 0.6703, 0.1006, 1.8507, 0.2837
(31, 37): 0.6703, 0.1006, 1.8507, 0.2837
(32, 1): 0.5510, 0.1011, 1.5417, 0.2804
(32, 2): 0.7534, 0.1015, 1.6051, 0.3069
(32, 3): 0.7237, 0.1000, 1.6296, 0.2783
(32, 4): 0.7237, 0.1000, 1.6296, 0.2783
(32, 5): 0.6685, 0.1003, 1.7518, 0.2290
(32, 6): 0.8438, 0.1000, 1.3700, 0.2707
(32, 7): 0.8438, 0.1000, 1.3700, 0.2707
(32, 8): 0.8569, 0.1019, 1.3617, 0.2652
(32, 9): 0.9104, 0.1011, 1.2468, 0.2587
(32, 10): 0.9104, 0.1011, 1.2468, 0.2587
(32, 11): 0.9228, 0.1022, 1.2395, 0.2594
(32, 12): 0.9152, 0.1003, 1.2825, 0.2630
(32, 13): 0.9152, 0.1003, 1.2825, 0.2630
(32, 14): 0.9364, 0.1011, 1.2497, 0.2587
(32, 15): 0.9869, 0.1001, 1.1630, 0.2591
(32, 16): 0.9869, 0.1001, 1.1630, 0.2591
(32, 17): 0.9456, 0.1004, 1.2371, 0.2649
(32, 18): 0.8783, 0.1022, 1.4330, 0.2630
(32, 19): 0.8783, 0.1022, 1.4330, 0.2630
(32, 20): 0.7443, 0.1010, 1.8267, 0.2514
(32, 21): 0.7675, 0.1002, 1.7921, 0.2746
(32, 22): 0.7675, 0.1002, 1.7921, 0.2746
(32, 23): 0.6558, 0.1021, 2.0858, 0.2594
(32, 24): 0.6445, 0.1012, 2.1532, 0.2779
(32, 25): 0.6445, 0.1012, 2.1532, 0.2779
(32, 26): 0.5987, 0.1011, 2.3447, 0.2036
(32, 27): 0.7090, 0.1002, 1.9638, 0.2388
(32, 28): 0.7090, 0.1002, 1.9638, 0.2388
(32, 29): 0.6525, 0.1005, 2.0122, 0.2272
(32, 30): 0.5953, 0.1009, 2.2953, 0.2152
(32, 31): 0.5953, 0.1009, 2.2953, 0.2152
(32, 32): 0.6607, 0.1018, 2.2572, 0.2457
(32, 33): 0.4792, 0.1017, 2.3697, 0.2627
(32, 34): 0.4792, 0.1017, 2.3697, 0.2627
(32, 35): 0.6073, 0.1004, 2.0691, 0.2942
(32, 36): 0.6703, 0.1006, 1.8507, 0.2837
(32, 37): 0.6703, 0.1006, 1.8507, 0.2837
