(1, 1): 0.2968, 11.1787, 4.7341
(1, 2): 0.2968, 11.1787, 4.7341
(1, 3): 0.2478, 11.0001, 4.3061
(1, 4): 0.2478, 11.0001, 4.3061
(1, 5): 0.1706, 11.0526, 4.7073
(1, 6): 0.0724, 11.0702, 5.0340
(1, 7): 0.1540, 11.0170, 5.0314
(1, 8): 0.1540, 11.0170, 5.0314
(1, 9): 0.2347, 11.0024, 5.3289
(1, 10): 0.1430, 11.0750, 5.8132
(1, 11): 0.1430, 11.0750, 5.8132
(1, 12): 0.0835, 11.1327, 6.4313
(1, 13): 0.1613, 11.0052, 5.9375
(1, 14): 0.2019, 11.0490, 6.4549
(1, 15): 0.2019, 11.0490, 6.4549
(1, 16): 0.3783, 11.0907, 5.8230
(1, 17): 0.3383, 11.0150, 5.6301
(1, 18): 0.3383, 11.0150, 5.6301
(1, 19): 0.3391, 11.0060, 5.6740
(1, 20): 0.2501, 11.0464, 6.8848
(1, 21): 0.2210, 11.0491, 8.3984
(1, 22): 0.2210, 11.0491, 8.3984
(1, 23): 0.2258, 11.0099, 8.0048
(1, 24): 0.2035, 11.0038, 7.0394
(1, 25): 0.1751, 11.0596, 6.6565
(1, 26): 0.1751, 11.0596, 6.6565
(1, 27): 0.0893, 11.0133, 7.2244
(1, 28): 0.2057, 11.0456, 7.3159
(1, 29): 0.2057, 11.0456, 7.3159
(1, 30): 0.1852, 11.0041, 6.6115
(1, 31): 0.2231, 11.0735, 5.6052
(1, 32): 0.1815, 11.0491, 7.1669
(1, 33): 0.1815, 11.0491, 7.1669
(1, 34): 0.2702, 11.0310, 6.2241
(1, 35): 0.1940, 11.0431, 7.5175
(1, 36): 0.1940, 11.0431, 7.5175
(1, 37): 0.1185, 11.0545, 7.3535
(2, 1): 0.2902, 11.0107, 4.8780
(2, 2): 0.2902, 11.0107, 4.8780
(2, 3): 0.1907, 11.0324, 5.5220
(2, 4): 0.1907, 11.0324, 5.5220
(2, 5): 0.2634, 11.0498, 4.5948
(2, 6): 0.1851, 11.0127, 5.2336
(2, 7): 0.2023, 11.0034, 5.1089
(2, 8): 0.2023, 11.0034, 5.1089
(2, 9): 0.2870, 11.0131, 5.8959
(2, 10): 0.2522, 11.0526, 5.5086
(2, 11): 0.2522, 11.0526, 5.5086
(2, 12): 0.1451, 11.0971, 6.1108
(2, 13): 0.1613, 11.0052, 5.9375
(2, 14): 0.2019, 11.0490, 6.4549
(2, 15): 0.2019, 11.0490, 6.4549
(2, 16): 0.3783, 11.0907, 5.8230
(2, 17): 0.3383, 11.0150, 5.6301
(2, 18): 0.3383, 11.0150, 5.6301
(2, 19): 0.3391, 11.0060, 5.6740
(2, 20): 0.2501, 11.0464, 6.8848
(2, 21): 0.2210, 11.0491, 8.3984
(2, 22): 0.2210, 11.0491, 8.3984
(2, 23): 0.2258, 11.0099, 8.0048
(2, 24): 0.2035, 11.0038, 7.0394
(2, 25): 0.1751, 11.0596, 6.6565
(2, 26): 0.1751, 11.0596, 6.6565
(2, 27): 0.0893, 11.0133, 7.2244
(2, 28): 0.2057, 11.0456, 7.3159
(2, 29): 0.2057, 11.0456, 7.3159
(2, 30): 0.2223, 11.1345, 5.9726
(2, 31): 0.2763, 11.0153, 5.6083
(2, 32): 0.2467, 11.0604, 5.8195
(2, 33): 0.2467, 11.0604, 5.8195
(2, 34): 0.1921, 11.1870, 6.5085
(2, 35): 0.2388, 11.0352, 7.7580
(2, 36): 0.2388, 11.0352, 7.7580
(2, 37): 0.2311, 11.0010, 7.1329
(3, 1): 0.2437, 11.0155, 6.1146
(3, 2): 0.2437, 11.0155, 6.1146
(3, 3): 0.2742, 11.0327, 4.9221
(3, 4): 0.2742, 11.0327, 4.9221
(3, 5): 0.3041, 11.1447, 4.1896
(3, 6): 0.2774, 11.0289, 4.3965
(3, 7): 0.2023, 11.0034, 5.1089
(3, 8): 0.2023, 11.0034, 5.1089
(3, 9): 0.2870, 11.0131, 5.8959
(3, 10): 0.2522, 11.0526, 5.5086
(3, 11): 0.2522, 11.0526, 5.5086
(3, 12): 0.1451, 11.0971, 6.1108
(3, 13): 0.1525, 11.0258, 6.7013
(3, 14): 0.2344, 11.0139, 6.7690
(3, 15): 0.2344, 11.0139, 6.7690
(3, 16): 0.3013, 11.0664, 5.7033
(3, 17): 0.4117, 11.0052, 5.2402
(3, 18): 0.4117, 11.0052, 5.2402
(3, 19): 0.3774, 11.0115, 5.9234
(3, 20): 0.2522, 11.0497, 7.1171
(3, 21): 0.2484, 11.0487, 7.2075
(3, 22): 0.2484, 11.0487, 7.2075
(3, 23): 0.2320, 11.1253, 7.8434
(3, 24): 0.2476, 11.0077, 8.0260
(3, 25): 0.2476, 11.0077, 8.0260
(3, 26): 0.1784, 11.1028, 7.3594
(3, 27): 0.1488, 11.1070, 6.6248
(3, 28): 0.1351, 11.0619, 8.0838
(3, 29): 0.1351, 11.0619, 8.0838
(3, 30): 0.2223, 11.1345, 5.9726
(3, 31): 0.2763, 11.0153, 5.6083
(3, 32): 0.2467, 11.0604, 5.8195
(3, 33): 0.2467, 11.0604, 5.8195
(3, 34): 0.1921, 11.1870, 6.5085
(3, 35): 0.2388, 11.0352, 7.7580
(3, 36): 0.2388, 11.0352, 7.7580
(3, 37): 0.1848, 11.0038, 7.4219
(4, 1): 0.2145, 11.1254, 5.6562
(4, 2): 0.2145, 11.1254, 5.6562
(4, 3): 0.2742, 11.0327, 4.9221
(4, 4): 0.2742, 11.0327, 4.9221
(4, 5): 0.3041, 11.1447, 4.1896
(4, 6): 0.2774, 11.0289, 4.3965
(4, 7): 0.2674, 11.0177, 4.8342
(4, 8): 0.2674, 11.0177, 4.8342
(4, 9): 0.3793, 11.0095, 5.0000
(4, 10): 0.3438, 11.0229, 5.6441
(4, 11): 0.3438, 11.0229, 5.6441
(4, 12): 0.2672, 11.1405, 6.0403
(4, 13): 0.2233, 11.0007, 6.0324
(4, 14): 0.3053, 11.0140, 6.0853
(4, 15): 0.3053, 11.0140, 6.0853
(4, 16): 0.3257, 11.0011, 5.4867
(4, 17): 0.3752, 11.1620, 5.4055
(4, 18): 0.3752, 11.1620, 5.4055
(4, 19): 0.3371, 11.0300, 5.2483
(4, 20): 0.2725, 11.0244, 7.0985
(4, 21): 0.2623, 11.0549, 9.3325
(4, 22): 0.2623, 11.0549, 9.3325
(4, 23): 0.1830, 11.0386, 7.7337
(4, 24): 0.2166, 11.0027, 7.9365
(4, 25): 0.2166, 11.0027, 7.9365
(4, 26): 0.2039, 11.1304, 7.4700
(4, 27): 0.1647, 11.1051, 6.3753
(4, 28): 0.1534, 11.0205, 6.6053
(4, 29): 0.1534, 11.0205, 6.6053
(4, 30): 0.2234, 11.0593, 6.3274
(4, 31): 0.3011, 11.1559, 5.2448
(4, 32): 0.1909, 11.0581, 5.8750
(4, 33): 0.1909, 11.0581, 5.8750
(4, 34): 0.1671, 11.0151, 6.3074
(4, 35): 0.1795, 11.0264, 6.9085
(4, 36): 0.1795, 11.0264, 6.9085
(4, 37): 0.1848, 11.0038, 7.4219
(5, 1): 0.2145, 11.1254, 5.6562
(5, 2): 0.2145, 11.1254, 5.6562
(5, 3): 0.3216, 11.0492, 4.9074
(5, 4): 0.3216, 11.0492, 4.9074
(5, 5): 0.2828, 11.0728, 5.3340
(5, 6): 0.3597, 11.0563, 4.1058
(5, 7): 0.2926, 11.0366, 5.0215
(5, 8): 0.2926, 11.0366, 5.0215
(5, 9): 0.2978, 11.0017, 5.9641
(5, 10): 0.3426, 11.0365, 5.3285
(5, 11): 0.3426, 11.0365, 5.3285
(5, 12): 0.3815, 11.0186, 4.6823
(5, 13): 0.3246, 11.0757, 5.6402
(5, 14): 0.3102, 11.0392, 5.2371
(5, 15): 0.3102, 11.0392, 5.2371
(5, 16): 0.3137, 11.0059, 5.1982
(5, 17): 0.3240, 11.0096, 6.2741
(5, 18): 0.3240, 11.0096, 6.2741
(5, 19): 0.3703, 11.0064, 6.0417
(5, 20): 0.2702, 11.0137, 7.1514
(5, 21): 0.2691, 11.0039, 7.4813
(5, 22): 0.2691, 11.0039, 7.4813
(5, 23): 0.3093, 11.0124, 6.2749
(5, 24): 0.2801, 11.0745, 6.9660
(5, 25): 0.2801, 11.0745, 6.9660
(5, 26): 0.2981, 11.0505, 5.9264
(5, 27): 0.2581, 11.0004, 5.3442
(5, 28): 0.2614, 11.0612, 6.5582
(5, 29): 0.2614, 11.0612, 6.5582
(5, 30): 0.1147, 11.0242, 8.0709
(5, 31): 0.1452, 11.1022, 7.5516
(5, 32): 0.1452, 11.1022, 7.5516
(5, 33): 0.1184, 11.0463, 8.1418
(5, 34): 0.1116, 11.0224, 7.9960
(5, 35): 0.1217, 11.0419, 7.8398
(5, 36): 0.1217, 11.0419, 7.8398
(5, 37): 0.1525, 11.0324, 7.4911
(6, 1): 0.3112, 11.1022, 5.5744
(6, 2): 0.3112, 11.1022, 5.5744
(6, 3): 0.3013, 11.0036, 5.7501
(6, 4): 0.3013, 11.0036, 5.7501
(6, 5): 0.3206, 11.0029, 5.6148
(6, 6): 0.3506, 11.0003, 5.6415
(6, 7): 0.4008, 11.0143, 4.7851
(6, 8): 0.4008, 11.0143, 4.7851
(6, 9): 0.3716, 11.0247, 5.3876
(6, 10): 0.4116, 11.0975, 5.7277
(6, 11): 0.4116, 11.0975, 5.7277
(6, 12): 0.4476, 11.0147, 4.7716
(6, 13): 0.3646, 11.0369, 5.4006
(6, 14): 0.3754, 11.0114, 4.5155
(6, 15): 0.3754, 11.0114, 4.5155
(6, 16): 0.3832, 11.0136, 5.0364
(6, 17): 0.3231, 11.0887, 5.9810
(6, 18): 0.3231, 11.0887, 5.9810
(6, 19): 0.3308, 11.0513, 7.0651
(6, 20): 0.2299, 11.0789, 7.2887
(6, 21): 0.2870, 11.0345, 6.4917
(6, 22): 0.2870, 11.0345, 6.4917
(6, 23): 0.3731, 11.0342, 5.2851
(6, 24): 0.1759, 11.0042, 8.5079
(6, 25): 0.1759, 11.0042, 8.5079
(6, 26): 0.2688, 11.1699, 6.5570
(6, 27): 0.1849, 11.0235, 6.0745
(6, 28): 0.2331, 11.0511, 5.3255
(6, 29): 0.2331, 11.0511, 5.3255
(6, 30): 0.1983, 11.0935, 5.8776
(6, 31): 0.1295, 11.1112, 6.6352
(6, 32): 0.1295, 11.1112, 6.6352
(6, 33): 0.1096, 11.0104, 7.7445
(6, 34): 0.1112, 11.0338, 7.7811
(6, 35): 0.2065, 11.0125, 7.1701
(6, 36): 0.2065, 11.0125, 7.1701
(6, 37): 0.2447, 11.0155, 6.4556
(7, 1): 0.1423, 11.0503, 6.5274
(7, 2): 0.1423, 11.0503, 6.5274
(7, 3): 0.2517, 11.0332, 7.3180
(7, 4): 0.3811, 11.0147, 6.0498
(7, 5): 0.3811, 11.0147, 6.0498
(7, 6): 0.3280, 11.0550, 6.5957
(7, 7): 0.2844, 11.0006, 6.3719
(7, 8): 0.2844, 11.0006, 6.3719
(7, 9): 0.3644, 11.0401, 6.9646
(7, 10): 0.4356, 11.0029, 6.8003
(7, 11): 0.4709, 11.0535, 5.8948
(7, 12): 0.4709, 11.0535, 5.8948
(7, 13): 0.4550, 11.1025, 5.0732
(7, 14): 0.3297, 11.0089, 5.9523
(7, 15): 0.3297, 11.0089, 5.9523
(7, 16): 0.4465, 11.0152, 4.8183
(7, 17): 0.3853, 11.0341, 5.3457
(7, 18): 0.3853, 11.0341, 5.3457
(7, 19): 0.3096, 11.0068, 7.0297
(7, 20): 0.2566, 11.0005, 6.9635
(7, 21): 0.2346, 11.0325, 7.1032
(7, 22): 0.2346, 11.0325, 7.1032
(7, 23): 0.2912, 11.0208, 5.8347
(7, 24): 0.2628, 11.2362, 6.2517
(7, 25): 0.2628, 11.2362, 6.2517
(7, 26): 0.1351, 11.0178, 7.8576
(7, 27): 0.2230, 11.0164, 5.7702
(7, 28): 0.2190, 11.0556, 4.9308
(7, 29): 0.2190, 11.0556, 4.9308
(7, 30): 0.2291, 11.0015, 4.9613
(7, 31): 0.1910, 11.0377, 5.8654
(7, 32): 0.1910, 11.0377, 5.8654
(7, 33): 0.1573, 11.0019, 7.4772
(7, 34): 0.1121, 11.0530, 8.1903
(7, 35): 0.1952, 11.0640, 7.8068
(7, 36): 0.1952, 11.0640, 7.8068
(7, 37): 0.2585, 11.0503, 6.8037
(8, 1): 0.2514, 11.0754, 7.1188
(8, 2): 0.2514, 11.0754, 7.1188
(8, 3): 0.2217, 11.0210, 7.4423
(8, 4): 0.3754, 11.1100, 6.5276
(8, 5): 0.3754, 11.1100, 6.5276
(8, 6): 0.2925, 11.0200, 7.2313
(8, 7): 0.2812, 11.0307, 8.0183
(8, 8): 0.2812, 11.0307, 8.0183
(8, 9): 0.3252, 11.0001, 7.6753
(8, 10): 0.3801, 11.0128, 7.7635
(8, 11): 0.5036, 11.0252, 5.7553
(8, 12): 0.5036, 11.0252, 5.7553
(8, 13): 0.4511, 11.0258, 5.8140
(8, 14): 0.3366, 11.0848, 6.2535
(8, 15): 0.3366, 11.0848, 6.2535
(8, 16): 0.3569, 11.0084, 6.2299
(8, 17): 0.3554, 11.0077, 5.4855
(8, 18): 0.3554, 11.0077, 5.4855
(8, 19): 0.3567, 11.0157, 6.5295
(8, 20): 0.2472, 11.0192, 7.9342
(8, 21): 0.1741, 11.0329, 7.8133
(8, 22): 0.1741, 11.0329, 7.8133
(8, 23): 0.1607, 11.0394, 8.4647
(8, 24): 0.1817, 11.0106, 7.3221
(8, 25): 0.1817, 11.0106, 7.3221
(8, 26): 0.1433, 11.0136, 8.6419
(8, 27): 0.2247, 11.0617, 6.9899
(8, 28): 0.2791, 11.0623, 5.7998
(8, 29): 0.2791, 11.0623, 5.7998
(8, 30): 0.2346, 11.0110, 5.8578
(8, 31): 0.1867, 11.0944, 5.9295
(8, 32): 0.1867, 11.0944, 5.9295
(8, 33): 0.1980, 11.0150, 6.5221
(8, 34): 0.1920, 11.0235, 6.9846
(8, 35): 0.2684, 11.0307, 6.1746
(8, 36): 0.2684, 11.0307, 6.1746
(8, 37): 0.3860, 11.0067, 5.5347
(9, 1): 0.2994, 11.0320, 6.0148
(9, 2): 0.2994, 11.0320, 6.0148
(9, 3): 0.3337, 11.0338, 6.9299
(9, 4): 0.3245, 11.1191, 7.1718
(9, 5): 0.3245, 11.1191, 7.1718
(9, 6): 0.2190, 11.0181, 7.6907
(9, 7): 0.3071, 11.0011, 7.4836
(9, 8): 0.3071, 11.0011, 7.4836
(9, 9): 0.2977, 11.0215, 7.6857
(9, 10): 0.2706, 11.0071, 8.7211
(9, 11): 0.3977, 11.0342, 6.0928
(9, 12): 0.3977, 11.0342, 6.0928
(9, 13): 0.4301, 11.0497, 6.2827
(9, 14): 0.3676, 11.0832, 6.9499
(9, 15): 0.3676, 11.0832, 6.9499
(9, 16): 0.2742, 11.0014, 7.4481
(9, 17): 0.2616, 11.0501, 7.0330
(9, 18): 0.2616, 11.0501, 7.0330
(9, 19): 0.3121, 11.0070, 6.9325
(9, 20): 0.2668, 11.0250, 7.4855
(9, 21): 0.1496, 11.2092, 8.9789
(9, 22): 0.1496, 11.2092, 8.9789
(9, 23): 0.1274, 11.0071, 8.4377
(9, 24): 0.1931, 11.0529, 7.3022
(9, 25): 0.1931, 11.0529, 7.3022
(9, 26): 0.1607, 11.0037, 8.1805
(9, 27): 0.2053, 11.0634, 7.9200
(9, 28): 0.2218, 11.0074, 6.9467
(9, 29): 0.2218, 11.0074, 6.9467
(9, 30): 0.1882, 11.0274, 6.0477
(9, 31): 0.2105, 11.0417, 5.5115
(9, 32): 0.2105, 11.0417, 5.5115
(9, 33): 0.2734, 11.0063, 6.2050
(9, 34): 0.2118, 11.0804, 6.9984
(9, 35): 0.3303, 11.0332, 6.2489
(9, 36): 0.3303, 11.0332, 6.2489
(9, 37): 0.4036, 11.0228, 5.8924
(10, 1): 0.2472, 11.0207, 8.1212
(10, 2): 0.2472, 11.0207, 8.1212
(10, 3): 0.2820, 11.0367, 8.9443
(10, 4): 0.2644, 11.0144, 8.0485
(10, 5): 0.2644, 11.0144, 8.0485
(10, 6): 0.2504, 11.0352, 7.3343
(10, 7): 0.3118, 11.1778, 7.7600
(10, 8): 0.3118, 11.1778, 7.7600
(10, 9): 0.2510, 11.0765, 6.6706
(10, 10): 0.2461, 11.1407, 6.9169
(10, 11): 0.3681, 11.0105, 6.8157
(10, 12): 0.3681, 11.0105, 6.8157
(10, 13): 0.4049, 11.0455, 6.8369
(10, 14): 0.3963, 11.0057, 6.8200
(10, 15): 0.3963, 11.0057, 6.8200
(10, 16): 0.3162, 11.2047, 7.7610
(10, 17): 0.2539, 11.1279, 8.9561
(10, 18): 0.1514, 11.0072, 7.8923
(10, 19): 0.1514, 11.0072, 7.8923
(10, 20): 0.2310, 11.0177, 7.8841
(10, 21): 0.1807, 11.0158, 7.8809
(10, 22): 0.1807, 11.0158, 7.8809
(10, 23): 0.1448, 11.0231, 8.9985
(10, 24): 0.1312, 11.0838, 7.6452
(10, 25): 0.1312, 11.0838, 7.6452
(10, 26): 0.1865, 11.1646, 7.3293
(10, 27): 0.2323, 11.0538, 7.1862
(10, 28): 0.1087, 11.0234, 7.7742
(10, 29): 0.1087, 11.0234, 7.7742
(10, 30): 0.3687, 11.1156, 5.6595
(10, 31): 0.2481, 11.0376, 6.2157
(10, 32): 0.2481, 11.0376, 6.2157
(10, 33): 0.3440, 11.0357, 5.8895
(10, 34): 0.2991, 11.0539, 7.9914
(10, 35): 0.4010, 11.0315, 6.6363
(10, 36): 0.4010, 11.0315, 6.6363
(10, 37): 0.4524, 11.0946, 6.1767
(11, 1): 0.3657, 11.0849, 8.1802
(11, 2): 0.3657, 11.0849, 8.1802
(11, 3): 0.4030, 11.0304, 7.4887
(11, 4): 0.2974, 11.0021, 7.7743
(11, 5): 0.2974, 11.0021, 7.7743
(11, 6): 0.2816, 11.0253, 7.2408
(11, 7): 0.3785, 11.0536, 6.8318
(11, 8): 0.3785, 11.0536, 6.8318
(11, 9): 0.2193, 11.1149, 7.3774
(11, 10): 0.2544, 11.0585, 7.0054
(11, 11): 0.2970, 11.0199, 6.7796
(11, 12): 0.2970, 11.0199, 6.7796
(11, 13): 0.4038, 11.1247, 6.6504
(11, 14): 0.3797, 11.0238, 6.7218
(11, 15): 0.3797, 11.0238, 6.7218
(11, 16): 0.3255, 11.0834, 6.7691
(11, 17): 0.2835, 11.0089, 7.7719
(11, 18): 0.2222, 11.0528, 8.2153
(11, 19): 0.2222, 11.0528, 8.2153
(11, 20): 0.1810, 11.0084, 7.7746
(11, 21): 0.2513, 11.0450, 7.7500
(11, 22): 0.2513, 11.0450, 7.7500
(11, 23): 0.2189, 11.0106, 6.9899
(11, 24): 0.2373, 11.0742, 7.7544
(11, 25): 0.2373, 11.0742, 7.7544
(11, 26): 0.2748, 11.0490, 7.5061
(11, 27): 0.2444, 11.0210, 7.4157
(11, 28): 0.1933, 11.0237, 7.7370
(11, 29): 0.1933, 11.0237, 7.7370
(11, 30): 0.1898, 11.1079, 7.0571
(11, 31): 0.2893, 11.0379, 5.8479
(11, 32): 0.2893, 11.0379, 5.8479
(11, 33): 0.3422, 11.0673, 5.5997
(11, 34): 0.3218, 11.0520, 6.8645
(11, 35): 0.3309, 11.0216, 6.3505
(11, 36): 0.3309, 11.0216, 6.3505
(11, 37): 0.3725, 11.0380, 5.7403
(12, 1): 0.4183, 11.0408, 7.9244
(12, 2): 0.4183, 11.0408, 7.9244
(12, 3): 0.4736, 11.0710, 6.7130
(12, 4): 0.3683, 11.0499, 7.2610
(12, 5): 0.3683, 11.0499, 7.2610
(12, 6): 0.2272, 11.0072, 8.0635
(12, 7): 0.3208, 11.0452, 7.0985
(12, 8): 0.3208, 11.0452, 7.0985
(12, 9): 0.2742, 11.0287, 6.9238
(12, 10): 0.1992, 11.0322, 8.1530
(12, 11): 0.2689, 11.0452, 7.8982
(12, 12): 0.2689, 11.0452, 7.8982
(12, 13): 0.3680, 11.0379, 6.6450
(12, 14): 0.3069, 11.0522, 6.7656
(12, 15): 0.3069, 11.0522, 6.7656
(12, 16): 0.3400, 11.0289, 5.5942
(12, 17): 0.2780, 11.0137, 7.2222
(12, 18): 0.2007, 11.0321, 7.3241
(12, 19): 0.2007, 11.0321, 7.3241
(12, 20): 0.1826, 11.0371, 8.1234
(12, 21): 0.1775, 11.0226, 9.4395
(12, 22): 0.1775, 11.0226, 9.4395
(12, 23): 0.1834, 11.0566, 7.2976
(12, 24): 0.1955, 11.0032, 7.0056
(12, 25): 0.1955, 11.0032, 7.0056
(12, 26): 0.3329, 11.0732, 7.1063
(12, 27): 0.3645, 11.0442, 7.0535
(12, 28): 0.2046, 11.0193, 6.9930
(12, 29): 0.2046, 11.0193, 6.9930
(12, 30): 0.2197, 11.0020, 7.2504
(12, 31): 0.2333, 11.0386, 6.6568
(12, 32): 0.2333, 11.0386, 6.6568
(12, 33): 0.3185, 11.0254, 7.0114
(12, 34): 0.3071, 11.0832, 6.6088
(12, 35): 0.3071, 11.0832, 6.6088
(12, 36): 0.3111, 11.0237, 6.9904
(12, 37): 0.3360, 11.0423, 6.1077
(13, 1): 0.3915, 11.0035, 7.6960
(13, 2): 0.3915, 11.0035, 7.6960
(13, 3): 0.3817, 11.1655, 7.3709
(13, 4): 0.3220, 11.0095, 7.7407
(13, 5): 0.3220, 11.0095, 7.7407
(13, 6): 0.2450, 11.0067, 8.1619
(13, 7): 0.2609, 11.0586, 8.9427
(13, 8): 0.2609, 11.0586, 8.9427
(13, 9): 0.3294, 11.0615, 8.0668
(13, 10): 0.3591, 11.2079, 7.4272
(13, 11): 0.2724, 11.0203, 7.0777
(13, 12): 0.2724, 11.0203, 7.0777
(13, 13): 0.3680, 11.0379, 6.6450
(13, 14): 0.3069, 11.0522, 6.7656
(13, 15): 0.3069, 11.0522, 6.7656
(13, 16): 0.3400, 11.0289, 5.5942
(13, 17): 0.2780, 11.0137, 7.2222
(13, 18): 0.2007, 11.0321, 7.3241
(13, 19): 0.2007, 11.0321, 7.3241
(13, 20): 0.1826, 11.0371, 8.1234
(13, 21): 0.1775, 11.0226, 9.4395
(13, 22): 0.1775, 11.0226, 9.4395
(13, 23): 0.1834, 11.0566, 7.2976
(13, 24): 0.1955, 11.0032, 7.0056
(13, 25): 0.1955, 11.0032, 7.0056
(13, 26): 0.3329, 11.0732, 7.1063
(13, 27): 0.3645, 11.0442, 7.0535
(13, 28): 0.2046, 11.0193, 6.9930
(13, 29): 0.2046, 11.0193, 6.9930
(13, 30): 0.2197, 11.0020, 7.2504
(13, 31): 0.2427, 11.0663, 6.7241
(13, 32): 0.2427, 11.0663, 6.7241
(13, 33): 0.3701, 11.0139, 6.5799
(13, 34): 0.3502, 11.0163, 6.4466
(13, 35): 0.3502, 11.0163, 6.4466
(13, 36): 0.3090, 11.0821, 5.8032
(13, 37): 0.3094, 11.0547, 5.4023
(14, 1): 0.4240, 11.0539, 6.8709
(14, 2): 0.4240, 11.0539, 6.8709
(14, 3): 0.4240, 11.0368, 6.7876
(14, 4): 0.3287, 11.0567, 7.3669
(14, 5): 0.3287, 11.0567, 7.3669
(14, 6): 0.3017, 11.0121, 9.2281
(14, 7): 0.2609, 11.0586, 8.9427
(14, 8): 0.3294, 11.0615, 8.0668
(14, 9): 0.3294, 11.0615, 8.0668
(14, 10): 0.3591, 11.2079, 7.4272
(14, 11): 0.2724, 11.0203, 7.0777
(14, 12): 0.2724, 11.0203, 7.0777
(14, 13): 0.2836, 11.0292, 6.3262
(14, 14): 0.4029, 11.0467, 6.5345
(14, 15): 0.4029, 11.0467, 6.5345
(14, 16): 0.3399, 11.3385, 6.9217
(14, 17): 0.2115, 11.0595, 7.7090
(14, 18): 0.2210, 11.0193, 7.3500
(14, 19): 0.2210, 11.0193, 7.3500
(14, 20): 0.2283, 11.1660, 7.0645
(14, 21): 0.1489, 11.0541, 8.8557
(14, 22): 0.1489, 11.0541, 8.8557
(14, 23): 0.2037, 11.1362, 6.9545
(14, 24): 0.2238, 11.0515, 6.7511
(14, 25): 0.2238, 11.0515, 6.7511
(14, 26): 0.3109, 11.0358, 6.1718
(14, 27): 0.3649, 11.0068, 5.6660
(14, 28): 0.1185, 11.0208, 7.6368
(14, 29): 0.1185, 11.0208, 7.6368
(14, 30): 0.2040, 11.0099, 6.5970
(14, 31): 0.2427, 11.0663, 6.7241
(14, 32): 0.2427, 11.0663, 6.7241
(14, 33): 0.3701, 11.0139, 6.5799
(14, 34): 0.3502, 11.0163, 6.4466
(14, 35): 0.3502, 11.0163, 6.4466
(14, 36): 0.3090, 11.0821, 5.8032
(14, 37): 0.2491, 11.0194, 7.0864
(15, 1): 0.3760, 11.0391, 6.8258
(15, 2): 0.3760, 11.0391, 6.8258
(15, 3): 0.4240, 11.0368, 6.7876
(15, 4): 0.3287, 11.0567, 7.3669
(15, 5): 0.3287, 11.0567, 7.3669
(15, 6): 0.3017, 11.0121, 9.2281
(15, 7): 0.2856, 11.0432, 8.9404
(15, 8): 0.3138, 11.0446, 8.0165
(15, 9): 0.3138, 11.0446, 8.0165
(15, 10): 0.1304, 11.0972, 8.7076
(15, 11): 0.1541, 11.0247, 8.9897
(15, 12): 0.1541, 11.0247, 8.9897
(15, 13): 0.2454, 11.0200, 8.8585
(15, 14): 0.3247, 11.0663, 7.3329
(15, 15): 0.3247, 11.0663, 7.3329
(15, 16): 0.3302, 11.0148, 7.2798
(15, 17): 0.2042, 11.0161, 8.4347
(15, 18): 0.2095, 11.0469, 7.4678
(15, 19): 0.2095, 11.0469, 7.4678
(15, 20): 0.1338, 11.0039, 8.0350
(15, 21): 0.0733, 11.0493, 8.9259
(15, 22): 0.0733, 11.0493, 8.9259
(15, 23): 0.2482, 11.0477, 8.1392
(15, 24): 0.1530, 11.0077, 7.8219
(15, 25): 0.1530, 11.0077, 7.8219
(15, 26): 0.1897, 11.0059, 7.1046
(15, 27): 0.2190, 11.0214, 6.1655
(15, 28): 0.2455, 11.0581, 6.0734
(15, 29): 0.2455, 11.0581, 6.0734
(15, 30): 0.1402, 11.1196, 6.9186
(15, 31): 0.2402, 11.0088, 6.7137
(15, 32): 0.2402, 11.0088, 6.7137
(15, 33): 0.3831, 11.0017, 5.3563
(15, 34): 0.3402, 11.0917, 6.7808
(15, 35): 0.3402, 11.0917, 6.7808
(15, 36): 0.2955, 11.0149, 6.8822
(15, 37): 0.2491, 11.0194, 7.0864
(16, 1): 0.3760, 11.0391, 6.8258
(16, 2): 0.3760, 11.0391, 6.8258
(16, 3): 0.3975, 11.1265, 6.6990
(16, 4): 0.4125, 11.0661, 7.4812
(16, 5): 0.4125, 11.0661, 7.4812
(16, 6): 0.3773, 11.0765, 7.1161
(16, 7): 0.3052, 11.0233, 7.9573
(16, 8): 0.1763, 11.1017, 8.7434
(16, 9): 0.1763, 11.1017, 8.7434
(16, 10): 0.1110, 11.0102, 8.9233
(16, 11): 0.1490, 11.0044, 8.7998
(16, 12): 0.1490, 11.0044, 8.7998
(16, 13): 0.2488, 11.0431, 7.5679
(16, 14): 0.2853, 11.0755, 7.6920
(16, 15): 0.2853, 11.0755, 7.6920
(16, 16): 0.2746, 11.0016, 7.3816
(16, 17): 0.2972, 11.0894, 7.6440
(16, 18): 0.2245, 11.0770, 7.9520
(16, 19): 0.2245, 11.0770, 7.9520
(16, 20): 0.1630, 11.1517, 7.0725
(16, 21): 0.1012, 11.0350, 8.4013
(16, 22): 0.1012, 11.0350, 8.4013
(16, 23): 0.1400, 11.0039, 7.9918
(16, 24): 0.1403, 11.0172, 7.8833
(16, 25): 0.1403, 11.0172, 7.8833
(16, 26): 0.2097, 11.0089, 7.1263
(16, 27): 0.2596, 11.0673, 6.4538
(16, 28): 0.2205, 11.0047, 6.5566
(16, 29): 0.2205, 11.0047, 6.5566
(16, 30): 0.2053, 11.0073, 5.9726
(16, 31): 0.2595, 11.0771, 5.6258
(16, 32): 0.2595, 11.0771, 5.6258
(16, 33): 0.2594, 11.0428, 6.1454
(16, 34): 0.3440, 11.0017, 5.7320
(16, 35): 0.3440, 11.0017, 5.7320
(16, 36): 0.3236, 11.0583, 7.1285
(16, 37): 0.3204, 11.0240, 8.0025
(17, 1): 0.3783, 11.1723, 6.5660
(17, 2): 0.3783, 11.1723, 6.5660
(17, 3): 0.4156, 11.0211, 7.1170
(17, 4): 0.3711, 11.0447, 7.9643
(17, 5): 0.3711, 11.0447, 7.9643
(17, 6): 0.2296, 11.1042, 8.0735
(17, 7): 0.2391, 11.1399, 8.1093
(17, 8): 0.2600, 11.1793, 8.8914
(17, 9): 0.2600, 11.1793, 8.8914
(17, 10): 0.1914, 11.0220, 8.5782
(17, 11): 0.2245, 11.0068, 6.7236
(17, 12): 0.2245, 11.0068, 6.7236
(17, 13): 0.1152, 11.0159, 8.1843
(17, 14): 0.1903, 11.0108, 7.2300
(17, 15): 0.1903, 11.0108, 7.2300
(17, 16): 0.2902, 11.0056, 6.2923
(17, 17): 0.2101, 11.1115, 7.0334
(17, 18): 0.1622, 11.0335, 7.2447
(17, 19): 0.1622, 11.0335, 7.2447
(17, 20): 0.0910, 11.1591, 8.1674
(17, 21): 0.0286, 11.0709, 9.0040
(17, 22): 0.0286, 11.0709, 9.0040
(17, 23): 0.0312, 11.1032, 8.6805
(17, 24): 0.2457, 11.0634, 6.0573
(17, 25): 0.2457, 11.0634, 6.0573
(17, 26): 0.2392, 11.0038, 6.5790
(17, 27): 0.1874, 11.1079, 6.9230
(17, 28): 0.2857, 11.1922, 7.1015
(17, 29): 0.2857, 11.1922, 7.1015
(17, 30): 0.2716, 11.0244, 5.8570
(17, 31): 0.2780, 11.0708, 5.9237
(17, 32): 0.2780, 11.0708, 5.9237
(17, 33): 0.2953, 11.0120, 6.0750
(17, 34): 0.3010, 11.0032, 5.7381
(17, 35): 0.3010, 11.0032, 5.7381
(17, 36): 0.3600, 11.0169, 6.7296
(17, 37): 0.2345, 11.0450, 7.7922
(18, 1): 0.4193, 11.0933, 6.9393
(18, 2): 0.4193, 11.0933, 6.9393
(18, 3): 0.3865, 11.0186, 7.3857
(18, 4): 0.2745, 11.0137, 7.9414
(18, 5): 0.2843, 11.0693, 7.8696
(18, 6): 0.2843, 11.0693, 7.8696
(18, 7): 0.2765, 11.0039, 7.8561
(18, 8): 0.2635, 11.0170, 7.9463
(18, 9): 0.2635, 11.0170, 7.9463
(18, 10): 0.2499, 11.0711, 6.9866
(18, 11): 0.2352, 11.0037, 6.8937
(18, 12): 0.2352, 11.0037, 6.8937
(18, 13): 0.1552, 11.1004, 7.6450
(18, 14): 0.0919, 11.0044, 8.2006
(18, 15): 0.0919, 11.0044, 8.2006
(18, 16): 0.1200, 11.1015, 7.1675
(18, 17): 0.1436, 11.0024, 6.5254
(18, 18): 0.1117, 11.0211, 6.7713
(18, 19): 0.1117, 11.0211, 6.7713
(18, 20): 0.1105, 11.1323, 8.0843
(18, 21): 0.0489, 11.0937, 7.3082
(18, 22): 0.0489, 11.0937, 7.3082
(18, 23): 0.0498, 11.0107, 7.2033
(18, 24): 0.1038, 11.1332, 7.5295
(18, 25): 0.1038, 11.1332, 7.5295
(18, 26): 0.1527, 11.0762, 7.1662
(18, 27): 0.0374, 11.1879, 7.7196
(18, 28): 0.0374, 11.1879, 7.7196
(18, 29): 0.1640, 11.0049, 7.3186
(18, 30): 0.2207, 11.0696, 6.5771
(18, 31): 0.2219, 11.0752, 6.3497
(18, 32): 0.2219, 11.0752, 6.3497
(18, 33): 0.1636, 11.0616, 6.4338
(18, 34): 0.2046, 11.0191, 5.9794
(18, 35): 0.2046, 11.0191, 5.9794
(18, 36): 0.3197, 11.0228, 5.9005
(18, 37): 0.0816, 11.0266, 7.1331
(19, 1): 0.4391, 11.0144, 3.9806
(19, 2): 0.4391, 11.0144, 3.9806
(19, 3): 0.2319, 11.0071, 9.0636
(19, 4): 0.2640, 11.0255, 8.5848
(19, 5): 0.2526, 11.0176, 7.9327
(19, 6): 0.2526, 11.0176, 7.9327
(19, 7): 0.2519, 11.0074, 6.8970
(19, 8): 0.2150, 11.0101, 7.4343
(19, 9): 0.2150, 11.0101, 7.4343
(19, 10): 0.2539, 11.0041, 7.4388
(19, 11): 0.2684, 11.1079, 7.3330
(19, 12): 0.2684, 11.1079, 7.3330
(19, 13): 0.2909, 11.0455, 6.6111
(19, 14): 0.1530, 11.0191, 7.4918
(19, 15): 0.1530, 11.0191, 7.4918
(19, 16): 0.1035, 11.0319, 8.0985
(19, 17): 0.0608, 11.0339, 7.5141
(19, 18): -0.0878, 11.0840, 8.1242
(19, 19): -0.0878, 11.0840, 8.1242
(19, 20): 0.0901, 11.0100, 6.8677
(19, 21): 0.0708, 11.0187, 8.0138
(19, 22): 0.0708, 11.0187, 8.0138
(19, 23): 0.0137, 11.0103, 8.8552
(19, 24): 0.0797, 11.0086, 7.8461
(19, 25): 0.0797, 11.0086, 7.8461
(19, 26): 0.0542, 11.0296, 7.8741
(19, 27): 0.1226, 11.0025, 7.4811
(19, 28): 0.1226, 11.0025, 7.4811
(19, 29): 0.2002, 11.0026, 6.6453
(19, 30): 0.1962, 11.1273, 6.1534
(19, 31): 0.2216, 11.0323, 5.8506
(19, 32): 0.2216, 11.0323, 5.8506
(19, 33): 0.2144, 11.0013, 5.7976
(19, 34): 0.1883, 11.0419, 5.5640
(19, 35): 0.1883, 11.0419, 5.5640
(19, 36): 0.2967, 11.0065, 5.7438
(19, 37): 0.1658, 11.0732, 5.8823
(20, 1): 0.1943, 11.1898, 5.6659
(20, 2): 0.1943, 11.1898, 5.6659
(20, 3): 0.2279, 11.0905, 8.1722
(20, 4): 0.2283, 11.0123, 8.2141
(20, 5): 0.2381, 11.0302, 6.5144
(20, 6): 0.2381, 11.0302, 6.5144
(20, 7): 0.1806, 11.0491, 7.4055
(20, 8): 0.2870, 11.0254, 7.2218
(20, 9): 0.2870, 11.0254, 7.2218
(20, 10): 0.2916, 11.0058, 7.6596
(20, 11): 0.1448, 11.0258, 8.3316
(20, 12): 0.1448, 11.0258, 8.3316
(20, 13): 0.2406, 11.0227, 6.4923
(20, 14): 0.0989, 11.0125, 7.9368
(20, 15): 0.0989, 11.0125, 7.9368
(20, 16): 0.0910, 11.1387, 7.3012
(20, 17): 0.0327, 11.0223, 8.1038
(20, 18): 0.0120, 11.1825, 7.0023
(20, 19): 0.0120, 11.1825, 7.0023
(20, 20): -0.0001, 11.0543, 7.9746
(20, 21): 0.0869, 11.0567, 7.1583
(20, 22): 0.0869, 11.0567, 7.1583
(20, 23): 0.0745, 11.1330, 7.5980
(20, 24): 0.0484, 11.0124, 7.4975
(20, 25): 0.0484, 11.0124, 7.4975
(20, 26): 0.0957, 11.0163, 6.9328
(20, 27): 0.1972, 11.0708, 6.5857
(20, 28): 0.1972, 11.0708, 6.5857
(20, 29): 0.1608, 11.0218, 7.3517
(20, 30): 0.2400, 11.0185, 6.0573
(20, 31): 0.2130, 11.0393, 5.4807
(20, 32): 0.2130, 11.0393, 5.4807
(20, 33): 0.2091, 11.0034, 6.3432
(20, 34): 0.1710, 11.0182, 5.0483
(20, 35): 0.1710, 11.0182, 5.0483
(20, 36): 0.2780, 11.0024, 5.6623
(20, 37): 0.1619, 11.0930, 5.3449
(21, 1): 0.1444, 11.1142, 5.5313
(21, 2): 0.2707, 11.0049, 5.9453
(21, 3): 0.2707, 11.0049, 5.9453
(21, 4): 0.2301, 11.0184, 7.2516
(21, 5): 0.3598, 11.0372, 5.8019
(21, 6): 0.3598, 11.0372, 5.8019
(21, 7): 0.2683, 11.0061, 6.7680
(21, 8): 0.3595, 11.0077, 6.1415
(21, 9): 0.3595, 11.0077, 6.1415
(21, 10): 0.3440, 11.0404, 6.5248
(21, 11): 0.2532, 11.0034, 7.1847
(21, 12): 0.2532, 11.0034, 7.1847
(21, 13): 0.2962, 11.0367, 6.5294
(21, 14): 0.2357, 11.0153, 7.3701
(21, 15): 0.2357, 11.0153, 7.3701
(21, 16): 0.1468, 11.0681, 6.6330
(21, 17): -0.0110, 11.0313, 8.9497
(21, 18): 0.0974, 11.0630, 8.5679
(21, 19): 0.0974, 11.0630, 8.5679
(21, 20): 0.1367, 11.0868, 6.8921
(21, 21): 0.1285, 11.0156, 5.8219
(21, 22): 0.1285, 11.0156, 5.8219
(21, 23): 0.1613, 11.0400, 6.5423
(21, 24): 0.1684, 11.0757, 7.0165
(21, 25): 0.1684, 11.0757, 7.0165
(21, 26): 0.1623, 11.0080, 6.2471
(21, 27): 0.2120, 11.0671, 6.5027
(21, 28): 0.2120, 11.0671, 6.5027
(21, 29): 0.2028, 11.0019, 5.9491
(21, 30): 0.2203, 11.0270, 5.3244
(21, 31): 0.1993, 11.0020, 4.9202
(21, 32): 0.1993, 11.0020, 4.9202
(21, 33): 0.3833, 11.0264, 5.1122
(21, 34): 0.1102, 11.0385, 5.6681
(21, 35): 0.1102, 11.0385, 5.6681
(21, 36): 0.2826, 11.0055, 5.8538
(21, 37): 0.2074, 11.0327, 5.8339
(22, 1): 0.0588, 11.1433, 6.1680
(22, 2): 0.0602, 11.0903, 6.8719
(22, 3): 0.0602, 11.0903, 6.8719
(22, 4): 0.2550, 11.0186, 7.9350
(22, 5): 0.3039, 11.0443, 7.0348
(22, 6): 0.3039, 11.0443, 7.0348
(22, 7): 0.3214, 11.0323, 6.5052
(22, 8): 0.3508, 11.0530, 6.1454
(22, 9): 0.3508, 11.0530, 6.1454
(22, 10): 0.4064, 11.0168, 5.5002
(22, 11): 0.4128, 11.0216, 5.7816
(22, 12): 0.4128, 11.0216, 5.7816
(22, 13): 0.4287, 11.0095, 5.4276
(22, 14): 0.3496, 11.0063, 6.1825
(22, 15): 0.2583, 11.1178, 7.2201
(22, 16): 0.2583, 11.1178, 7.2201
(22, 17): 0.0923, 11.0030, 7.7003
(22, 18): 0.0735, 11.0105, 8.4758
(22, 19): 0.0735, 11.0105, 8.4758
(22, 20): 0.0746, 11.1293, 7.1860
(22, 21): 0.2106, 11.0815, 6.6761
(22, 22): 0.2106, 11.0815, 6.6761
(22, 23): 0.1070, 11.0056, 6.2211
(22, 24): 0.1127, 11.0071, 7.2264
(22, 25): 0.1127, 11.0071, 7.2264
(22, 26): 0.1305, 11.0031, 6.9865
(22, 27): 0.2142, 11.0063, 5.2544
(22, 28): 0.2142, 11.0063, 5.2544
(22, 29): 0.1574, 11.0193, 5.4234
(22, 30): 0.1845, 11.0039, 5.9334
(22, 31): 0.2552, 11.0219, 5.7258
(22, 32): 0.2552, 11.0219, 5.7258
(22, 33): 0.2945, 11.0109, 5.7197
(22, 34): 0.2914, 11.0141, 5.6479
(22, 35): 0.2914, 11.0141, 5.6479
(22, 36): 0.2727, 11.0214, 6.7467
(22, 37): 0.3122, 11.0288, 5.8910
(23, 1): 0.0395, 11.0499, 6.5844
(23, 2): 0.0765, 11.0422, 5.6749
(23, 3): 0.0765, 11.0422, 5.6749
(23, 4): 0.2093, 11.0548, 7.6680
(23, 5): 0.2923, 11.0118, 6.9016
(23, 6): 0.2923, 11.0118, 6.9016
(23, 7): 0.2615, 11.0261, 7.1235
(23, 8): 0.3546, 11.2211, 5.9542
(23, 9): 0.3546, 11.2211, 5.9542
(23, 10): 0.3233, 11.0342, 6.2259
(23, 11): 0.4765, 11.0791, 5.5309
(23, 12): 0.4765, 11.0791, 5.5309
(23, 13): 0.4515, 11.0510, 5.8835
(23, 14): 0.3847, 11.0821, 6.2366
(23, 15): 0.2419, 11.0270, 8.1723
(23, 16): 0.2419, 11.0270, 8.1723
(23, 17): 0.0829, 11.1325, 9.8903
(23, 18): 0.0945, 11.0019, 9.0445
(23, 19): 0.0945, 11.0019, 9.0445
(23, 20): 0.1105, 11.0419, 6.5667
(23, 21): 0.1920, 11.0273, 7.2270
(23, 22): 0.1920, 11.0273, 7.2270
(23, 23): 0.0456, 11.0145, 7.2685
(23, 24): 0.0852, 11.0571, 6.4983
(23, 25): 0.0852, 11.0571, 6.4983
(23, 26): 0.1289, 11.0715, 6.4733
(23, 27): 0.1800, 11.0068, 6.8161
(23, 28): 0.1800, 11.0068, 6.8161
(23, 29): 0.1437, 11.0057, 5.5981
(23, 30): 0.1796, 11.0102, 5.6404
(23, 31): 0.1848, 11.0265, 6.7497
(23, 32): 0.1848, 11.0265, 6.7497
(23, 33): 0.2068, 11.0197, 6.4489
(23, 34): 0.2412, 11.0075, 5.3145
(23, 35): 0.2412, 11.0075, 5.3145
(23, 36): 0.2649, 11.0095, 5.5152
(23, 37): 0.1978, 11.0289, 6.6643
(24, 1): -0.0172, 11.0199, 6.7177
(24, 2): 0.0245, 11.0839, 6.0601
(24, 3): 0.0245, 11.0839, 6.0601
(24, 4): 0.0314, 11.0273, 9.0984
(24, 5): 0.2772, 11.0632, 6.7276
(24, 6): 0.2772, 11.0632, 6.7276
(24, 7): 0.2427, 11.0056, 7.0746
(24, 8): 0.2461, 11.0208, 6.6093
(24, 9): 0.2461, 11.0208, 6.6093
(24, 10): 0.2691, 11.0657, 6.5491
(24, 11): 0.3540, 11.0225, 5.8920
(24, 12): 0.3540, 11.0225, 5.8920
(24, 13): 0.4515, 11.0510, 5.8835
(24, 14): 0.3847, 11.0821, 6.2366
(24, 15): 0.2419, 11.0270, 8.1723
(24, 16): 0.2419, 11.0270, 8.1723
(24, 17): 0.0829, 11.1325, 9.8903
(24, 18): 0.0945, 11.0019, 9.0445
(24, 19): 0.0945, 11.0019, 9.0445
(24, 20): 0.1105, 11.0419, 6.5667
(24, 21): 0.1920, 11.0273, 7.2270
(24, 22): 0.1920, 11.0273, 7.2270
(24, 23): 0.0456, 11.0145, 7.2685
(24, 24): 0.0852, 11.0571, 6.4983
(24, 25): 0.0852, 11.0571, 6.4983
(24, 26): 0.1289, 11.0715, 6.4733
(24, 27): 0.1800, 11.0068, 6.8161
(24, 28): 0.1800, 11.0068, 6.8161
(24, 29): 0.1437, 11.0057, 5.5981
(24, 30): 0.1796, 11.0102, 5.6404
(24, 31): 0.2104, 11.0037, 6.1082
(24, 32): 0.2678, 11.0247, 5.8817
(24, 33): 0.1819, 11.0043, 6.3407
(24, 34): 0.2441, 11.0128, 5.5204
(24, 35): 0.2441, 11.0128, 5.5204
(24, 36): 0.2167, 11.0155, 6.2790
(24, 37): 0.1989, 11.0195, 6.5521
(25, 1): 0.0822, 11.0539, 5.4145
(25, 2): 0.1467, 11.0939, 4.5790
(25, 3): 0.1467, 11.0939, 4.5790
(25, 4): 0.0813, 11.0580, 9.0772
(25, 5): 0.1745, 11.1055, 8.2930
(25, 6): 0.1745, 11.1055, 8.2930
(25, 7): 0.2427, 11.0056, 7.0746
(25, 8): 0.2461, 11.0208, 6.6093
(25, 9): 0.2461, 11.0208, 6.6093
(25, 10): 0.2691, 11.0657, 6.5491
(25, 11): 0.3540, 11.0225, 5.8920
(25, 12): 0.3540, 11.0225, 5.8920
(25, 13): 0.4015, 11.0062, 5.6550
(25, 14): 0.3190, 11.1232, 6.2469
(25, 15): 0.2476, 11.0443, 6.9955
(25, 16): 0.2476, 11.0443, 6.9955
(25, 17): 0.1584, 11.0867, 8.1643
(25, 18): 0.0616, 11.0221, 9.5434
(25, 19): 0.0616, 11.0221, 9.5434
(25, 20): 0.2393, 11.0598, 6.0078
(25, 21): 0.0826, 11.1172, 7.5422
(25, 22): 0.0826, 11.1172, 7.5422
(25, 23): 0.1315, 11.0356, 7.3484
(25, 24): 0.0988, 11.0102, 7.3558
(25, 25): 0.0988, 11.0102, 7.3558
(25, 26): 0.1323, 11.0057, 6.4139
(25, 27): 0.1449, 11.0863, 6.1324
(25, 28): 0.1449, 11.0863, 6.1324
(25, 29): 0.1741, 11.0158, 7.0803
(25, 30): 0.2104, 11.0037, 6.1082
(25, 31): 0.2104, 11.0037, 6.1082
(25, 32): 0.2678, 11.0247, 5.8817
(25, 33): 0.1819, 11.0043, 6.3407
(25, 34): 0.2441, 11.0128, 5.5204
(25, 35): 0.2441, 11.0128, 5.5204
(25, 36): 0.2167, 11.0155, 6.2790
(25, 37): 0.3079, 11.0589, 4.4798
(26, 1): 0.1528, 11.0641, 4.8900
(26, 2): 0.1467, 11.0939, 4.5790
(26, 3): 0.1467, 11.0939, 4.5790
(26, 4): 0.0813, 11.0580, 9.0772
(26, 5): 0.1745, 11.1055, 8.2930
(26, 6): 0.1745, 11.1055, 8.2930
(26, 7): 0.2875, 11.0013, 7.8787
(26, 8): 0.2758, 11.0550, 7.4411
(26, 9): 0.2758, 11.0550, 7.4411
(26, 10): 0.1612, 11.0032, 8.4182
(26, 11): 0.2771, 11.0073, 7.2631
(26, 12): 0.2771, 11.0073, 7.2631
(26, 13): 0.3354, 11.0139, 6.8286
(26, 14): 0.4159, 11.0612, 6.0042
(26, 15): 0.3362, 11.1253, 6.8164
(26, 16): 0.3362, 11.1253, 6.8164
(26, 17): 0.3056, 11.0149, 6.3107
(26, 18): 0.1990, 11.0149, 7.2272
(26, 19): 0.1990, 11.0149, 7.2272
(26, 20): 0.2160, 11.0505, 7.1262
(26, 21): 0.1911, 11.1233, 7.1027
(26, 22): 0.1911, 11.1233, 7.1027
(26, 23): 0.2266, 11.0058, 6.6156
(26, 24): 0.0706, 11.0109, 7.4008
(26, 25): 0.0706, 11.0109, 7.4008
(26, 26): 0.1479, 11.0728, 7.4536
(26, 27): 0.1424, 11.0044, 6.3893
(26, 28): 0.1424, 11.0044, 6.3893
(26, 29): 0.1544, 11.0400, 7.0201
(26, 30): 0.0958, 11.0123, 6.2617
(26, 31): 0.0958, 11.0123, 6.2617
(26, 32): 0.2066, 11.0477, 6.4397
(26, 33): 0.2620, 11.1298, 5.4359
(26, 34): 0.3256, 11.0333, 4.9828
(26, 35): 0.3256, 11.0333, 4.9828
(26, 36): 0.2897, 11.0081, 4.5615
(26, 37): 0.3079, 11.0589, 4.4798
(27, 1): 0.1528, 11.0641, 4.8900
(27, 2): 0.1597, 11.0961, 5.0289
(27, 3): 0.1597, 11.0961, 5.0289
(27, 4): 0.1003, 11.0467, 8.2311
(27, 5): 0.2294, 11.0756, 7.5328
(27, 6): 0.2294, 11.0756, 7.5328
(27, 7): 0.3885, 11.0274, 6.4178
(27, 8): 0.2888, 11.0409, 7.5741
(27, 9): 0.2888, 11.0409, 7.5741
(27, 10): 0.1727, 11.0124, 8.4989
(27, 11): 0.2518, 11.0125, 7.1364
(27, 12): 0.3420, 11.0135, 6.2401
(27, 13): 0.3420, 11.0135, 6.2401
(27, 14): 0.3322, 11.0218, 6.4640
(27, 15): 0.3126, 11.0776, 6.8457
(27, 16): 0.3126, 11.0776, 6.8457
(27, 17): 0.3648, 11.0231, 6.5421
(27, 18): 0.3319, 11.0164, 7.3530
(27, 19): 0.3319, 11.0164, 7.3530
(27, 20): 0.2999, 11.0192, 6.4221
(27, 21): 0.1706, 11.0267, 6.6573
(27, 22): 0.1706, 11.0267, 6.6573
(27, 23): 0.0086, 11.0134, 8.4179
(27, 24): 0.1201, 11.2395, 7.7745
(27, 25): 0.1201, 11.2395, 7.7745
(27, 26): 0.0963, 11.0462, 8.5664
(27, 27): 0.0765, 11.0106, 7.4236
(27, 28): 0.0765, 11.0106, 7.4236
(27, 29): 0.0711, 11.0182, 6.2217
(27, 30): 0.1028, 11.0397, 5.6950
(27, 31): 0.1028, 11.0397, 5.6950
(27, 32): 0.1892, 11.1080, 5.3367
(27, 33): 0.2553, 11.0246, 5.0154
(27, 34): 0.2553, 11.0246, 5.0154
(27, 35): 0.3269, 11.0032, 4.9653
(27, 36): 0.3504, 11.0503, 4.7569
(27, 37): 0.2778, 11.0013, 4.9044
(28, 1): 0.1329, 11.0494, 4.6226
(28, 2): 0.1410, 11.1155, 5.3081
(28, 3): 0.1410, 11.1155, 5.3081
(28, 4): 0.1289, 11.0204, 7.6312
(28, 5): 0.2510, 11.0032, 6.4195
(28, 6): 0.2510, 11.0032, 6.4195
(28, 7): 0.3769, 11.0363, 5.9897
(28, 8): 0.3072, 11.0143, 7.1606
(28, 9): 0.3072, 11.0143, 7.1606
(28, 10): 0.3002, 11.0152, 7.4498
(28, 11): 0.2766, 11.0206, 7.4496
(28, 12): 0.2899, 11.0117, 6.9465
(28, 13): 0.2899, 11.0117, 6.9465
(28, 14): 0.2677, 11.0697, 7.7167
(28, 15): 0.3794, 11.0297, 6.2044
(28, 16): 0.3794, 11.0297, 6.2044
(28, 17): 0.3848, 11.0427, 6.6894
(28, 18): 0.3191, 11.0044, 7.1147
(28, 19): 0.3191, 11.0044, 7.1147
(28, 20): 0.3839, 11.0190, 5.6895
(28, 21): 0.2852, 11.0050, 6.2402
(28, 22): 0.2852, 11.0050, 6.2402
(28, 23): 0.1169, 11.0142, 7.6340
(28, 24): 0.1869, 11.0244, 6.9189
(28, 25): 0.1869, 11.0244, 6.9189
(28, 26): 0.0596, 11.0023, 7.3574
(28, 27): 0.1095, 11.0347, 6.7214
(28, 28): 0.1095, 11.0347, 6.7214
(28, 29): 0.1230, 11.0482, 5.0782
(28, 30): 0.0384, 11.0151, 6.4979
(28, 31): 0.0384, 11.0151, 6.4979
(28, 32): 0.1036, 11.0013, 6.4959
(28, 33): 0.1660, 11.0499, 5.3973
(28, 34): 0.1660, 11.0499, 5.3973
(28, 35): 0.2949, 11.0302, 4.2948
(28, 36): 0.3080, 11.0166, 4.3954
(28, 37): 0.3031, 11.0024, 4.5358
(29, 1): 0.0604, 11.1154, 5.1073
(29, 2): 0.1700, 11.0140, 5.4668
(29, 3): 0.1700, 11.0140, 5.4668
(29, 4): 0.1670, 11.1543, 7.2679
(29, 5): 0.1988, 11.0253, 7.2689
(29, 6): 0.1988, 11.0253, 7.2689
(29, 7): 0.3241, 11.0085, 6.0171
(29, 8): 0.3221, 11.0224, 6.7493
(29, 9): 0.2201, 11.0065, 8.1344
(29, 10): 0.2201, 11.0065, 8.1344
(29, 11): 0.2195, 11.0727, 8.0036
(29, 12): 0.2144, 11.0690, 7.9289
(29, 13): 0.2144, 11.0690, 7.9289
(29, 14): 0.3414, 11.0957, 6.6303
(29, 15): 0.3140, 11.0431, 7.1384
(29, 16): 0.3140, 11.0431, 7.1384
(29, 17): 0.2996, 11.0845, 7.5387
(29, 18): 0.3175, 11.0705, 6.9256
(29, 19): 0.3175, 11.0705, 6.9256
(29, 20): 0.2486, 11.0017, 7.2447
(29, 21): 0.2422, 11.0066, 6.8404
(29, 22): 0.2422, 11.0066, 6.8404
(29, 23): 0.1397, 11.0345, 7.0356
(29, 24): 0.1849, 11.0076, 5.5256
(29, 25): 0.1849, 11.0076, 5.5256
(29, 26): 0.1506, 11.0004, 6.0260
(29, 27): 0.0568, 11.0781, 7.7140
(29, 28): 0.0568, 11.0781, 7.7140
(29, 29): 0.0429, 11.0221, 7.1909
(29, 30): -0.0204, 11.0006, 7.7353
(29, 31): -0.0204, 11.0006, 7.7353
(29, 32): 0.0093, 11.0188, 6.9806
(29, 33): -0.0332, 11.0208, 5.8685
(29, 34): -0.0332, 11.0208, 5.8685
(29, 35): 0.1081, 11.0362, 4.7810
(29, 36): 0.2227, 11.0418, 4.2058
(29, 37): 0.2227, 11.0418, 4.2058
(30, 1): 0.0499, 11.0516, 4.9851
(30, 2): 0.0683, 11.1115, 8.7010
(30, 3): 0.0683, 11.1115, 8.7010
(30, 4): 0.1779, 11.0132, 7.0039
(30, 5): 0.2824, 11.0184, 6.0479
(30, 6): 0.3940, 11.1038, 5.5699
(30, 7): 0.3940, 11.1038, 5.5699
(30, 8): 0.3781, 11.0399, 6.3553
(30, 9): 0.2509, 11.0131, 7.3703
(30, 10): 0.2509, 11.0131, 7.3703
(30, 11): 0.1527, 11.0243, 8.3405
(30, 12): 0.2171, 11.0092, 7.3888
(30, 13): 0.2171, 11.0092, 7.3888
(30, 14): 0.3129, 11.0275, 6.0856
(30, 15): 0.3620, 11.0649, 6.0239
(30, 16): 0.3620, 11.0649, 6.0239
(30, 17): 0.3735, 11.0077, 6.5147
(30, 18): 0.2849, 11.0324, 7.1727
(30, 19): 0.2849, 11.0324, 7.1727
(30, 20): 0.2791, 11.0162, 6.4161
(30, 21): 0.2360, 11.0495, 6.9333
(30, 22): 0.2360, 11.0495, 6.9333
(30, 23): 0.0036, 11.0319, 7.2719
(30, 24): 0.1054, 11.0200, 6.6352
(30, 25): 0.1054, 11.0200, 6.6352
(30, 26): 0.1289, 11.0835, 5.8718
(30, 27): 0.1206, 11.0072, 6.4950
(30, 28): 0.1206, 11.0072, 6.4950
(30, 29): 0.1703, 11.0292, 5.9688
(30, 30): 0.1209, 11.0047, 6.3300
(30, 31): 0.1209, 11.0047, 6.3300
(30, 32): 0.0764, 11.1074, 7.2481
(30, 33): 0.0940, 11.0061, 5.2992
(30, 34): 0.0940, 11.0061, 5.2992
(30, 35): 0.0917, 11.0080, 5.9262
(30, 36): 0.1964, 11.0004, 5.0001
(30, 37): 0.1964, 11.0004, 5.0001
(31, 1): 0.0499, 11.0516, 4.9851
(31, 2): 0.0683, 11.1115, 8.7010
(31, 3): 0.1779, 11.0132, 7.0039
(31, 4): 0.1779, 11.0132, 7.0039
(31, 5): 0.2824, 11.0184, 6.0479
(31, 6): 0.3940, 11.1038, 5.5699
(31, 7): 0.3940, 11.1038, 5.5699
(31, 8): 0.3781, 11.0399, 6.3553
(31, 9): 0.2509, 11.0131, 7.3703
(31, 10): 0.2509, 11.0131, 7.3703
(31, 11): 0.1527, 11.0243, 8.3405
(31, 12): 0.2171, 11.0092, 7.3888
(31, 13): 0.2171, 11.0092, 7.3888
(31, 14): 0.3129, 11.0275, 6.0856
(31, 15): 0.3620, 11.0649, 6.0239
(31, 16): 0.3620, 11.0649, 6.0239
(31, 17): 0.3735, 11.0077, 6.5147
(31, 18): 0.2849, 11.0324, 7.1727
(31, 19): 0.2849, 11.0324, 7.1727
(31, 20): 0.2791, 11.0162, 6.4161
(31, 21): 0.2360, 11.0495, 6.9333
(31, 22): 0.2360, 11.0495, 6.9333
(31, 23): 0.0036, 11.0319, 7.2719
(31, 24): 0.1054, 11.0200, 6.6352
(31, 25): 0.1054, 11.0200, 6.6352
(31, 26): 0.1289, 11.0835, 5.8718
(31, 27): 0.1206, 11.0072, 6.4950
(31, 28): 0.1206, 11.0072, 6.4950
(31, 29): 0.1703, 11.0292, 5.9688
(31, 30): 0.1209, 11.0047, 6.3300
(31, 31): 0.1209, 11.0047, 6.3300
(31, 32): 0.0764, 11.1074, 7.2481
(31, 33): 0.0940, 11.0061, 5.2992
(31, 34): 0.0940, 11.0061, 5.2992
(31, 35): 0.0917, 11.0080, 5.9262
(31, 36): 0.1964, 11.0004, 5.0001
(31, 37): 0.1964, 11.0004, 5.0001
(32, 1): 0.0499, 11.0516, 4.9851
(32, 2): 0.0683, 11.1115, 8.7010
(32, 3): 0.1779, 11.0132, 7.0039
(32, 4): 0.1779, 11.0132, 7.0039
(32, 5): 0.2824, 11.0184, 6.0479
(32, 6): 0.3940, 11.1038, 5.5699
(32, 7): 0.3940, 11.1038, 5.5699
(32, 8): 0.3781, 11.0399, 6.3553
(32, 9): 0.2509, 11.0131, 7.3703
(32, 10): 0.2509, 11.0131, 7.3703
(32, 11): 0.1527, 11.0243, 8.3405
(32, 12): 0.2171, 11.0092, 7.3888
(32, 13): 0.2171, 11.0092, 7.3888
(32, 14): 0.3129, 11.0275, 6.0856
(32, 15): 0.3620, 11.0649, 6.0239
(32, 16): 0.3620, 11.0649, 6.0239
(32, 17): 0.3735, 11.0077, 6.5147
(32, 18): 0.2849, 11.0324, 7.1727
(32, 19): 0.2849, 11.0324, 7.1727
(32, 20): 0.2791, 11.0162, 6.4161
(32, 21): 0.2360, 11.0495, 6.9333
(32, 22): 0.2360, 11.0495, 6.9333
(32, 23): 0.0036, 11.0319, 7.2719
(32, 24): 0.1054, 11.0200, 6.6352
(32, 25): 0.1054, 11.0200, 6.6352
(32, 26): 0.1289, 11.0835, 5.8718
(32, 27): 0.1206, 11.0072, 6.4950
(32, 28): 0.1206, 11.0072, 6.4950
(32, 29): 0.1703, 11.0292, 5.9688
(32, 30): 0.1209, 11.0047, 6.3300
(32, 31): 0.1209, 11.0047, 6.3300
(32, 32): 0.0764, 11.1074, 7.2481
(32, 33): 0.0940, 11.0061, 5.2992
(32, 34): 0.0940, 11.0061, 5.2992
(32, 35): 0.0917, 11.0080, 5.9262
(32, 36): 0.1964, 11.0004, 5.0001
(32, 37): 0.1964, 11.0004, 5.0001
