(9, 1): 0.2860, 0.1005, 3.1804, 0.2040
(9, 2): 0.2860, 0.1005, 3.1804, 0.2040
(9, 3): 0.4781, 0.1014, 2.6539, 0.2788
(9, 4): 0.5520, 0.1003, 2.5066, 0.2839
(9, 5): 0.5520, 0.1003, 2.5066, 0.2839
(9, 6): 0.4442, 0.1007, 2.9673, 0.2806
(9, 7): 0.5493, 0.1005, 2.5330, 0.2777
(9, 8): 0.5493, 0.1005, 2.5330, 0.2777
(9, 9): 0.6594, 0.1002, 2.2371, 0.3033
(9, 10): 0.7928, 0.1006, 1.8663, 0.2777
(9, 11): 0.6740, 0.1014, 2.1228, 0.2905
(9, 12): 0.6740, 0.1014, 2.1228, 0.2905
(9, 13): 0.5443, 0.1000, 2.4513, 0.3176
(9, 14): 0.5901, 0.1005, 2.2094, 0.2864
(9, 15): 0.5901, 0.1005, 2.2094, 0.2864
(9, 16): 0.6589, 0.1004, 1.8813, 0.2711
(9, 17): 0.7425, 0.1002, 1.6670, 0.2689
(9, 18): 0.7425, 0.1002, 1.6670, 0.2689
(9, 19): 0.6911, 0.1002, 1.7476, 0.2791
(9, 20): 0.6324, 0.1005, 1.9717, 0.3220
(9, 21): 0.5644, 0.1005, 2.1434, 0.2886
(9, 22): 0.5644, 0.1005, 2.1434, 0.2886
(9, 23): 0.7352, 0.1002, 1.5462, 0.2985
(9, 24): 0.6436, 0.1028, 1.8128, 0.3088
(9, 25): 0.6436, 0.1028, 1.8128, 0.3088
(9, 26): 0.7001, 0.1001, 1.6431, 0.3099
(9, 27): 0.7094, 0.1011, 1.5940, 0.3062
(9, 28): 0.5083, 0.1010, 2.1972, 0.2348
(9, 29): 0.5083, 0.1010, 2.1972, 0.2348
(9, 30): 0.6666, 0.1004, 1.7219, 0.3132
(9, 31): 0.6395, 0.1002, 1.8148, 0.2630
(9, 32): 0.6395, 0.1002, 1.8148, 0.2630
(9, 33): 0.6248, 0.1001, 1.9553, 0.3179
(9, 34): 0.4955, 0.1007, 2.6302, 0.2645
(9, 35): 0.5778, 0.1007, 2.1489, 0.3099
(9, 36): 0.5778, 0.1007, 2.1489, 0.3099
(9, 37): 0.6117, 0.1006, 2.0323, 0.3099
(10, 1): 0.3350, 0.1008, 2.9901, 0.2817
(10, 2): 0.3350, 0.1008, 2.9901, 0.2817
(10, 3): 0.5023, 0.1003, 2.6311, 0.2549
(10, 4): 0.5003, 0.1001, 2.6490, 0.2612
(10, 5): 0.5003, 0.1001, 2.6490, 0.2612
(10, 6): 0.4643, 0.1001, 2.8504, 0.2256
(10, 7): 0.5134, 0.1000, 2.7331, 0.2659
(10, 8): 0.5134, 0.1000, 2.7331, 0.2659
(10, 9): 0.5973, 0.1002, 2.3960, 0.2681
(10, 10): 0.5428, 0.1003, 2.6879, 0.2875
(10, 11): 0.6944, 0.1003, 2.0717, 0.2952
(10, 12): 0.6944, 0.1003, 2.0717, 0.2952
(10, 13): 0.6120, 0.1001, 2.2950, 0.2590
(10, 14): 0.5508, 0.1010, 2.4459, 0.3125
(10, 15): 0.5508, 0.1010, 2.4459, 0.3125
(10, 16): 0.5721, 0.1007, 2.3467, 0.3352
(10, 17): 0.7195, 0.1003, 1.8224, 0.2938
(10, 18): 0.7749, 0.1001, 1.5837, 0.2667
(10, 19): 0.7749, 0.1001, 1.5837, 0.2667
(10, 20): 0.6132, 0.1016, 1.9562, 0.3051
(10, 21): 0.6633, 0.1008, 1.7902, 0.3220
(10, 22): 0.6633, 0.1008, 1.7902, 0.3220
(10, 23): 0.6919, 0.1002, 1.7343, 0.3143
(10, 24): 0.6226, 0.1003, 1.8830, 0.2674
(10, 25): 0.6226, 0.1003, 1.8830, 0.2674
(10, 26): 0.7373, 0.1000, 1.4877, 0.2842
(10, 27): 0.6054, 0.1001, 1.8121, 0.3179
(10, 28): 0.5716, 0.1004, 2.0027, 0.2293
(10, 29): 0.5716, 0.1004, 2.0027, 0.2293
(10, 30): 0.5028, 0.1022, 2.2168, 0.2681
(10, 31): 0.6876, 0.1002, 1.7279, 0.3289
(10, 32): 0.6876, 0.1002, 1.7279, 0.3289
(10, 33): 0.5918, 0.1011, 1.9910, 0.2465
(10, 34): 0.7113, 0.1003, 1.6501, 0.2769
(10, 35): 0.5642, 0.1013, 2.1391, 0.2846
(10, 36): 0.5642, 0.1013, 2.1391, 0.2846
(10, 37): 0.6097, 0.1015, 1.9314, 0.3033
(11, 1): 0.4128, 0.1017, 2.8719, 0.2300
(11, 2): 0.4128, 0.1017, 2.8719, 0.2300
(11, 3): 0.4516, 0.1015, 2.7893, 0.2205
(11, 4): 0.4727, 0.1009, 2.7227, 0.1985
(11, 5): 0.4727, 0.1009, 2.7227, 0.1985
(11, 6): 0.5045, 0.1002, 2.6064, 0.2055
(11, 7): 0.4475, 0.1013, 2.9392, 0.2744
(11, 8): 0.4475, 0.1013, 2.9392, 0.2744
(11, 9): 0.5682, 0.1002, 2.3843, 0.2549
(11, 10): 0.6324, 0.1000, 2.2484, 0.2304
(11, 11): 0.6495, 0.1007, 2.2208, 0.2341
(11, 12): 0.6495, 0.1007, 2.2208, 0.2341
(11, 13): 0.7199, 0.1001, 1.8496, 0.2110
(11, 14): 0.5714, 0.1002, 2.2907, 0.2817
(11, 15): 0.5714, 0.1002, 2.2907, 0.2817
(11, 16): 0.5923, 0.1005, 2.2507, 0.2718
(11, 17): 0.6446, 0.1006, 1.9615, 0.2872
(11, 18): 0.5452, 0.1003, 2.4058, 0.3586
(11, 19): 0.5452, 0.1003, 2.4058, 0.3586
(11, 20): 0.5665, 0.1002, 2.1442, 0.3297
(11, 21): 0.5892, 0.1010, 2.1222, 0.3359
(11, 22): 0.5892, 0.1010, 2.1222, 0.3359
(11, 23): 0.5090, 0.1006, 2.2295, 0.3055
(11, 24): 0.5090, 0.1001, 2.3188, 0.3007
(11, 25): 0.5090, 0.1001, 2.3188, 0.3007
(11, 26): 0.6035, 0.1002, 1.9311, 0.3337
(11, 27): 0.5969, 0.1017, 1.8652, 0.2667
(11, 28): 0.6652, 0.1009, 1.7728, 0.3238
(11, 29): 0.6652, 0.1009, 1.7728, 0.3238
(11, 30): 0.5399, 0.1012, 2.1429, 0.3106
(11, 31): 0.5398, 0.1013, 2.1796, 0.3352
(11, 32): 0.5398, 0.1013, 2.1796, 0.3352
(11, 33): 0.4860, 0.1013, 2.4502, 0.2718
(11, 34): 0.5178, 0.1006, 2.3731, 0.3586
(11, 35): 0.6753, 0.1002, 1.7409, 0.2626
(11, 36): 0.6753, 0.1002, 1.7409, 0.2626
(11, 37): 0.5240, 0.1009, 2.2208, 0.2681
(12, 1): 0.4479, 0.1005, 2.7854, 0.1901
(12, 2): 0.4479, 0.1005, 2.7854, 0.1901
(12, 3): 0.4704, 0.1016, 2.7056, 0.2062
(12, 4): 0.4571, 0.1000, 2.7975, 0.2077
(12, 5): 0.4571, 0.1000, 2.7975, 0.2077
(12, 6): 0.4760, 0.1003, 2.7166, 0.1777
(12, 7): 0.5468, 0.1000, 2.4265, 0.2560
(12, 8): 0.5468, 0.1000, 2.4265, 0.2560
(12, 9): 0.6118, 0.1011, 2.2385, 0.2136
(12, 10): 0.4574, 0.1004, 2.9342, 0.2839
(12, 11): 0.5573, 0.1001, 2.6011, 0.2454
(12, 12): 0.5573, 0.1001, 2.6011, 0.2454
(12, 13): 0.6228, 0.1002, 2.2293, 0.2396
(12, 14): 0.4539, 0.1002, 2.7473, 0.2520
(12, 15): 0.4539, 0.1002, 2.7473, 0.2520
(12, 16): 0.5254, 0.1008, 2.3964, 0.2421
(12, 17): 0.6534, 0.1010, 1.8796, 0.2886
(12, 18): 0.5752, 0.1000, 2.1064, 0.2747
(12, 19): 0.5752, 0.1000, 2.1064, 0.2747
(12, 20): 0.5707, 0.1009, 2.1573, 0.3055
(12, 21): 0.6060, 0.1000, 2.0310, 0.3037
(12, 22): 0.6060, 0.1000, 2.0310, 0.3037
(12, 23): 0.4223, 0.1005, 2.6466, 0.3289
(12, 24): 0.4642, 0.1005, 2.5221, 0.2861
(12, 25): 0.4642, 0.1005, 2.5221, 0.2861
(12, 26): 0.6393, 0.1007, 1.8461, 0.3033
(12, 27): 0.5389, 0.1002, 2.0951, 0.2795
(12, 28): 0.5412, 0.1018, 2.1121, 0.3062
(12, 29): 0.5412, 0.1018, 2.1121, 0.3062
(12, 30): 0.4883, 0.1000, 2.3210, 0.3018
(12, 31): 0.4301, 0.1003, 2.5134, 0.2883
(12, 32): 0.4301, 0.1003, 2.5134, 0.2883
(12, 33): 0.5350, 0.1001, 2.2195, 0.3297
(12, 34): 0.6019, 0.1009, 2.0844, 0.2491
(12, 35): 0.6019, 0.1009, 2.0844, 0.2491
(12, 36): 0.6823, 0.1003, 1.7530, 0.3110
(12, 37): 0.5870, 0.1003, 2.0402, 0.2897
(13, 1): 0.4362, 0.1007, 2.8193, 0.2220
(13, 2): 0.4362, 0.1007, 2.8193, 0.2220
(13, 3): 0.4611, 0.1001, 2.7372, 0.2136
(13, 4): 0.4784, 0.1000, 2.6907, 0.2505
(13, 5): 0.4784, 0.1000, 2.6907, 0.2505
(13, 6): 0.4610, 0.1008, 2.7419, 0.1897
(13, 7): 0.3758, 0.1009, 3.3395, 0.2018
(13, 8): 0.3758, 0.1009, 3.3395, 0.2018
(13, 9): 0.3815, 0.1006, 3.3477, 0.2883
(13, 10): 0.4042, 0.1002, 3.3308, 0.2212
(13, 11): 0.6121, 0.1007, 2.3628, 0.2220
(13, 12): 0.6121, 0.1007, 2.3628, 0.2220
(13, 13): 0.6228, 0.1002, 2.2293, 0.2396
(13, 14): 0.4539, 0.1002, 2.7473, 0.2520
(13, 15): 0.4539, 0.1002, 2.7473, 0.2520
(13, 16): 0.5254, 0.1008, 2.3964, 0.2421
(13, 17): 0.6534, 0.1010, 1.8796, 0.2886
(13, 18): 0.5752, 0.1000, 2.1064, 0.2747
(13, 19): 0.5752, 0.1000, 2.1064, 0.2747
(13, 20): 0.5707, 0.1009, 2.1573, 0.3055
(13, 21): 0.6060, 0.1000, 2.0310, 0.3037
(13, 22): 0.6060, 0.1000, 2.0310, 0.3037
(13, 23): 0.4223, 0.1005, 2.6466, 0.3289
(13, 24): 0.4642, 0.1005, 2.5221, 0.2861
(13, 25): 0.4642, 0.1005, 2.5221, 0.2861
(13, 26): 0.6393, 0.1007, 1.8461, 0.3033
(13, 27): 0.5389, 0.1002, 2.0951, 0.2795
(13, 28): 0.5412, 0.1018, 2.1121, 0.3062
(13, 29): 0.5412, 0.1018, 2.1121, 0.3062
(13, 30): 0.4883, 0.1000, 2.3210, 0.3018
(13, 31): 0.4747, 0.1002, 2.4441, 0.2894
(13, 32): 0.4747, 0.1002, 2.4441, 0.2894
(13, 33): 0.4748, 0.1004, 2.5898, 0.2612
(13, 34): 0.4739, 0.1040, 2.6123, 0.3223
(13, 35): 0.4739, 0.1040, 2.6123, 0.3223
(13, 36): 0.4605, 0.1008, 2.5461, 0.2758
(13, 37): 0.5527, 0.1002, 2.0295, 0.2560
(14, 1): 0.4579, 0.1020, 2.7775, 0.2377
(14, 2): 0.4579, 0.1020, 2.7775, 0.2377
(14, 3): 0.4979, 0.1002, 2.6042, 0.2762
(14, 4): 0.4749, 0.1014, 2.6816, 0.2128
(14, 5): 0.4749, 0.1014, 2.6816, 0.2128
(14, 6): 0.3426, 0.1013, 3.4816, 0.1861
(14, 7): 0.3758, 0.1009, 3.3395, 0.2018
(14, 8): 0.3815, 0.1006, 3.3477, 0.2883
(14, 9): 0.3815, 0.1006, 3.3477, 0.2883
(14, 10): 0.4042, 0.1002, 3.3308, 0.2212
(14, 11): 0.6121, 0.1007, 2.3628, 0.2220
(14, 12): 0.6121, 0.1007, 2.3628, 0.2220
(14, 13): 0.5787, 0.1005, 2.5662, 0.2282
(14, 14): 0.5139, 0.1003, 2.8797, 0.2286
(14, 15): 0.5139, 0.1003, 2.8797, 0.2286
(14, 16): 0.5053, 0.1012, 2.6827, 0.2740
(14, 17): 0.5254, 0.1005, 2.3955, 0.2260
(14, 18): 0.6040, 0.1004, 2.1176, 0.2802
(14, 19): 0.6040, 0.1004, 2.1176, 0.2802
(14, 20): 0.5651, 0.1010, 2.1469, 0.2974
(14, 21): 0.5281, 0.1000, 2.2930, 0.2985
(14, 22): 0.5281, 0.1000, 2.2930, 0.2985
(14, 23): 0.4652, 0.1004, 2.5019, 0.3322
(14, 24): 0.5430, 0.1008, 2.3135, 0.3004
(14, 25): 0.5430, 0.1008, 2.3135, 0.3004
(14, 26): 0.5520, 0.1007, 2.0964, 0.2868
(14, 27): 0.5728, 0.1012, 2.0054, 0.3150
(14, 28): 0.5367, 0.1004, 2.1206, 0.2996
(14, 29): 0.5367, 0.1004, 2.1206, 0.2996
(14, 30): 0.5292, 0.1007, 2.1541, 0.2945
(14, 31): 0.4747, 0.1002, 2.4441, 0.2894
(14, 32): 0.4747, 0.1002, 2.4441, 0.2894
(14, 33): 0.4748, 0.1004, 2.5898, 0.2612
(14, 34): 0.4739, 0.1040, 2.6123, 0.3223
(14, 35): 0.4739, 0.1040, 2.6123, 0.3223
(14, 36): 0.4605, 0.1008, 2.5461, 0.2758
(14, 37): 0.4753, 0.1002, 2.2915, 0.2707
(15, 1): 0.4460, 0.1013, 2.8408, 0.2564
(15, 2): 0.4460, 0.1013, 2.8408, 0.2564
(15, 3): 0.4979, 0.1002, 2.6042, 0.2762
(15, 4): 0.4749, 0.1014, 2.6816, 0.2128
(15, 5): 0.4749, 0.1014, 2.6816, 0.2128
(15, 6): 0.3426, 0.1013, 3.4816, 0.1861
(15, 7): 0.3474, 0.1016, 3.4676, 0.2978
(15, 8): 0.3607, 0.1000, 3.4552, 0.2418
(15, 9): 0.3607, 0.1000, 3.4552, 0.2418
(15, 10): 0.3407, 0.1007, 3.7345, 0.2319
(15, 11): 0.4103, 0.1007, 3.3161, 0.2264
(15, 12): 0.4103, 0.1007, 3.3161, 0.2264
(15, 13): 0.5774, 0.1010, 2.5347, 0.2187
(15, 14): 0.5467, 0.1008, 2.6641, 0.2114
(15, 15): 0.5467, 0.1008, 2.6641, 0.2114
(15, 16): 0.5708, 0.1000, 2.3207, 0.2542
(15, 17): 0.4832, 0.1005, 2.5821, 0.2901
(15, 18): 0.4754, 0.1001, 2.4956, 0.2872
(15, 19): 0.4754, 0.1001, 2.4956, 0.2872
(15, 20): 0.5773, 0.1008, 2.1316, 0.3044
(15, 21): 0.5296, 0.1024, 2.2928, 0.2821
(15, 22): 0.5296, 0.1024, 2.2928, 0.2821
(15, 23): 0.4736, 0.1009, 2.5922, 0.2905
(15, 24): 0.4034, 0.1003, 2.8485, 0.3190
(15, 25): 0.4034, 0.1003, 2.8485, 0.3190
(15, 26): 0.4482, 0.1018, 2.6156, 0.2612
(15, 27): 0.5441, 0.1001, 2.1325, 0.2912
(15, 28): 0.3994, 0.1002, 2.7502, 0.3520
(15, 29): 0.3994, 0.1002, 2.7502, 0.3520
(15, 30): 0.5659, 0.1004, 2.1309, 0.3125
(15, 31): 0.5288, 0.1002, 2.2742, 0.2736
(15, 32): 0.5288, 0.1002, 2.2742, 0.2736
(15, 33): 0.4844, 0.1003, 2.3846, 0.2549
(15, 34): 0.4867, 0.1003, 2.5012, 0.2788
(15, 35): 0.4867, 0.1003, 2.5012, 0.2788
(15, 36): 0.5491, 0.1004, 2.1143, 0.2824
(15, 37): 0.4753, 0.1002, 2.2915, 0.2707
(16, 1): 0.4460, 0.1013, 2.8408, 0.2564
(16, 2): 0.4460, 0.1013, 2.8408, 0.2564
(16, 3): 0.4728, 0.1003, 2.7173, 0.2908
(16, 4): 0.3376, 0.1009, 3.5391, 0.2238
(16, 5): 0.3376, 0.1009, 3.5391, 0.2238
(16, 6): 0.3770, 0.1003, 3.3163, 0.3143
(16, 7): 0.3875, 0.1003, 3.3549, 0.2524
(16, 8): 0.3249, 0.1004, 3.7869, 0.2498
(16, 9): 0.3249, 0.1004, 3.7869, 0.2498
(16, 10): 0.3643, 0.1003, 3.6193, 0.2469
(16, 11): 0.4129, 0.1007, 3.3392, 0.2194
(16, 12): 0.4129, 0.1007, 3.3392, 0.2194
(16, 13): 0.3028, 0.1020, 3.9214, 0.1835
(16, 14): 0.5058, 0.1001, 2.9300, 0.2513
(16, 15): 0.5058, 0.1001, 2.9300, 0.2513
(16, 16): 0.5904, 0.1006, 2.3430, 0.2293
(16, 17): 0.5095, 0.1009, 2.5409, 0.2593
(16, 18): 0.3779, 0.1018, 3.0972, 0.2396
(16, 19): 0.3779, 0.1018, 3.0972, 0.2396
(16, 20): 0.5182, 0.1004, 2.4890, 0.2359
(16, 21): 0.5671, 0.1003, 2.2412, 0.2674
(16, 22): 0.5671, 0.1003, 2.2412, 0.2674
(16, 23): 0.4204, 0.1002, 2.9080, 0.2062
(16, 24): 0.5068, 0.1011, 2.5233, 0.2769
(16, 25): 0.5068, 0.1011, 2.5233, 0.2769
(16, 26): 0.3616, 0.1007, 3.3083, 0.2381
(16, 27): 0.4852, 0.1010, 2.2532, 0.2681
(16, 28): 0.3608, 0.1000, 2.8999, 0.3015
(16, 29): 0.3608, 0.1000, 2.8999, 0.3015
(16, 30): 0.4410, 0.1007, 2.4880, 0.2667
(16, 31): 0.5129, 0.1007, 2.1043, 0.2960
(16, 32): 0.5129, 0.1007, 2.1043, 0.2960
(16, 33): 0.5758, 0.1030, 2.0543, 0.2832
(16, 34): 0.6328, 0.1004, 1.9441, 0.2868
(16, 35): 0.6328, 0.1004, 1.9441, 0.2868
(16, 36): 0.5656, 0.1032, 2.0097, 0.2700
(16, 37): 0.5866, 0.1004, 1.8764, 0.2780
(1, 1): 0.4444, 0.1017, 2.1959, 0.2722
(1, 2): 0.4444, 0.1017, 2.1959, 0.2722
(1, 3): 0.4190, 0.1004, 2.2779, 0.2711
(1, 4): 0.4190, 0.1004, 2.2779, 0.2711
(1, 5): 0.4626, 0.1002, 2.1728, 0.2912
(1, 6): 0.4721, 0.1009, 2.1824, 0.2656
(1, 7): 0.5611, 0.1001, 1.8962, 0.2725
(1, 8): 0.5611, 0.1001, 1.8962, 0.2725
(1, 9): 0.4186, 0.1003, 2.4617, 0.2824
(1, 10): 0.3382, 0.1001, 2.9277, 0.2667
(1, 11): 0.3382, 0.1001, 2.9277, 0.2667
(1, 12): 0.3949, 0.1010, 2.6534, 0.2788
(1, 13): 0.4508, 0.1009, 2.4053, 0.2821
(1, 14): 0.4487, 0.1017, 2.3031, 0.2674
(1, 15): 0.4487, 0.1017, 2.3031, 0.2674
(1, 16): 0.5593, 0.1012, 1.8006, 0.2930
(1, 17): 0.5003, 0.1029, 1.8762, 0.3176
(1, 18): 0.5003, 0.1029, 1.8762, 0.3176
(1, 19): 0.4639, 0.1019, 2.0136, 0.2509
(1, 20): 0.5388, 0.1010, 2.0585, 0.2663
(1, 21): 0.6007, 0.1007, 2.0524, 0.2985
(1, 22): 0.6007, 0.1007, 2.0524, 0.2985
(1, 23): 0.4970, 0.1006, 2.7400, 0.3623
(1, 24): 0.6462, 0.1009, 2.1108, 0.2685
(1, 25): 0.6234, 0.1002, 2.2224, 0.2630
(1, 26): 0.6234, 0.1002, 2.2224, 0.2630
(1, 27): 0.6073, 0.1038, 2.3478, 0.2348
(1, 28): 0.6310, 0.1005, 2.3586, 0.3029
(1, 29): 0.6310, 0.1005, 2.3586, 0.3029
(1, 30): 0.6107, 0.1013, 1.9308, 0.2740
(1, 31): 0.6066, 0.1001, 1.5715, 0.3410
(1, 32): 0.7748, 0.1001, 1.1812, 0.2645
(1, 33): 0.7748, 0.1001, 1.1812, 0.2645
(1, 34): 0.6671, 0.1001, 1.6030, 0.2696
(1, 35): 0.6522, 0.1006, 1.7884, 0.3278
(1, 36): 0.6522, 0.1006, 1.7884, 0.3278
(1, 37): 0.4840, 0.1010, 2.4029, 0.3370
(2, 1): 0.4720, 0.1027, 2.3930, 0.2813
(2, 2): 0.4720, 0.1027, 2.3930, 0.2813
(2, 3): 0.4806, 0.1000, 2.3413, 0.2656
(2, 4): 0.4806, 0.1000, 2.3413, 0.2656
(2, 5): 0.5045, 0.1006, 2.1776, 0.2714
(2, 6): 0.4800, 0.1019, 2.2995, 0.2802
(2, 7): 0.3952, 0.1026, 2.6269, 0.3168
(2, 8): 0.3952, 0.1026, 2.6269, 0.3168
(2, 9): 0.4206, 0.1004, 2.5044, 0.2897
(2, 10): 0.4462, 0.1002, 2.4422, 0.2875
(2, 11): 0.4462, 0.1002, 2.4422, 0.2875
(2, 12): 0.6071, 0.1004, 1.9052, 0.2971
(2, 13): 0.4508, 0.1009, 2.4053, 0.2821
(2, 14): 0.4487, 0.1017, 2.3031, 0.2674
(2, 15): 0.4487, 0.1017, 2.3031, 0.2674
(2, 16): 0.5593, 0.1012, 1.8006, 0.2930
(2, 17): 0.5003, 0.1029, 1.8762, 0.3176
(2, 18): 0.5003, 0.1029, 1.8762, 0.3176
(2, 19): 0.4639, 0.1019, 2.0136, 0.2509
(2, 20): 0.5388, 0.1010, 2.0585, 0.2663
(2, 21): 0.6007, 0.1007, 2.0524, 0.2985
(2, 22): 0.6007, 0.1007, 2.0524, 0.2985
(2, 23): 0.4970, 0.1006, 2.7400, 0.3623
(2, 24): 0.6462, 0.1009, 2.1108, 0.2685
(2, 25): 0.6234, 0.1002, 2.2224, 0.2630
(2, 26): 0.6234, 0.1002, 2.2224, 0.2630
(2, 27): 0.6073, 0.1038, 2.3478, 0.2348
(2, 28): 0.6310, 0.1005, 2.3586, 0.3029
(2, 29): 0.6310, 0.1005, 2.3586, 0.3029
(2, 30): 0.5303, 0.1005, 1.7929, 0.2883
(2, 31): 0.7114, 0.1021, 1.2629, 0.3476
(2, 32): 0.6144, 0.1003, 1.5805, 0.2989
(2, 33): 0.6144, 0.1003, 1.5805, 0.2989
(2, 34): 0.4866, 0.1004, 2.1151, 0.3040
(2, 35): 0.5866, 0.1015, 1.9195, 0.3359
(2, 36): 0.5866, 0.1015, 1.9195, 0.3359
(2, 37): 0.4893, 0.1006, 2.3602, 0.2875
(3, 1): 0.4643, 0.1001, 2.6542, 0.2861
(3, 2): 0.4643, 0.1001, 2.6542, 0.2861
(3, 3): 0.4835, 0.1005, 2.4989, 0.2795
(3, 4): 0.4835, 0.1005, 2.4989, 0.2795
(3, 5): 0.4914, 0.1014, 2.3393, 0.2766
(3, 6): 0.4188, 0.1010, 2.5221, 0.2963
(3, 7): 0.3952, 0.1026, 2.6269, 0.3168
(3, 8): 0.3952, 0.1026, 2.6269, 0.3168
(3, 9): 0.4206, 0.1004, 2.5044, 0.2897
(3, 10): 0.4462, 0.1002, 2.4422, 0.2875
(3, 11): 0.4462, 0.1002, 2.4422, 0.2875
(3, 12): 0.6071, 0.1004, 1.9052, 0.2971
(3, 13): 0.4956, 0.1000, 2.3228, 0.3418
(3, 14): 0.5807, 0.1002, 1.8569, 0.3220
(3, 15): 0.5807, 0.1002, 1.8569, 0.3220
(3, 16): 0.5613, 0.1007, 1.7384, 0.2960
(3, 17): 0.6355, 0.1003, 1.5341, 0.3132
(3, 18): 0.6355, 0.1003, 1.5341, 0.3132
(3, 19): 0.6398, 0.1024, 1.4970, 0.2527
(3, 20): 0.6184, 0.1006, 1.7245, 0.3158
(3, 21): 0.7067, 0.1005, 1.6465, 0.3029
(3, 22): 0.7067, 0.1005, 1.6465, 0.3029
(3, 23): 0.6856, 0.1004, 1.7947, 0.3264
(3, 24): 0.6629, 0.1001, 2.0138, 0.3033
(3, 25): 0.6629, 0.1001, 2.0138, 0.3033
(3, 26): 0.6437, 0.1005, 2.0491, 0.2527
(3, 27): 0.6012, 0.1014, 2.0916, 0.2784
(3, 28): 0.6063, 0.1021, 2.0593, 0.2454
(3, 29): 0.6063, 0.1021, 2.0593, 0.2454
(3, 30): 0.5303, 0.1005, 1.7929, 0.2883
(3, 31): 0.7114, 0.1021, 1.2629, 0.3476
(3, 32): 0.6144, 0.1003, 1.5805, 0.2989
(3, 33): 0.6144, 0.1003, 1.5805, 0.2989
(3, 34): 0.4866, 0.1004, 2.1151, 0.3040
(3, 35): 0.5866, 0.1015, 1.9195, 0.3359
(3, 36): 0.5866, 0.1015, 1.9195, 0.3359
(3, 37): 0.5468, 0.1008, 2.6039, 0.2908
(4, 1): 0.4809, 0.1010, 2.5750, 0.2670
(4, 2): 0.4809, 0.1010, 2.5750, 0.2670
(4, 3): 0.4835, 0.1005, 2.4989, 0.2795
(4, 4): 0.4835, 0.1005, 2.4989, 0.2795
(4, 5): 0.4914, 0.1014, 2.3393, 0.2766
(4, 6): 0.4188, 0.1010, 2.5221, 0.2963
(4, 7): 0.3462, 0.1009, 2.8309, 0.2315
(4, 8): 0.3462, 0.1009, 2.8309, 0.2315
(4, 9): 0.4328, 0.1014, 2.4283, 0.2740
(4, 10): 0.4981, 0.1004, 2.2845, 0.2967
(4, 11): 0.4981, 0.1004, 2.2845, 0.2967
(4, 12): 0.4131, 0.1002, 2.7207, 0.3582
(4, 13): 0.6427, 0.1025, 1.7980, 0.2861
(4, 14): 0.5580, 0.1003, 1.9619, 0.2725
(4, 15): 0.5580, 0.1003, 1.9619, 0.2725
(4, 16): 0.5376, 0.1001, 1.8843, 0.2634
(4, 17): 0.6248, 0.1008, 1.5460, 0.2711
(4, 18): 0.6248, 0.1008, 1.5460, 0.2711
(4, 19): 0.5889, 0.1004, 1.7177, 0.3026
(4, 20): 0.6541, 0.1000, 1.6656, 0.2934
(4, 21): 0.7303, 0.1003, 1.7323, 0.3110
(4, 22): 0.7303, 0.1003, 1.7323, 0.3110
(4, 23): 0.5644, 0.1013, 2.0860, 0.2242
(4, 24): 0.7241, 0.1005, 1.7829, 0.2817
(4, 25): 0.7241, 0.1005, 1.7829, 0.2817
(4, 26): 0.5714, 0.1003, 2.1350, 0.2414
(4, 27): 0.5160, 0.1002, 2.2730, 0.3066
(4, 28): 0.5876, 0.1010, 1.8220, 0.3249
(4, 29): 0.5876, 0.1010, 1.8220, 0.3249
(4, 30): 0.6402, 0.1006, 1.5560, 0.2993
(4, 31): 0.6294, 0.1003, 1.6062, 0.3007
(4, 32): 0.5025, 0.1000, 1.9240, 0.3626
(4, 33): 0.5025, 0.1000, 1.9240, 0.3626
(4, 34): 0.4653, 0.1001, 2.1410, 0.3033
(4, 35): 0.4741, 0.1007, 2.3809, 0.3172
(4, 36): 0.4741, 0.1007, 2.3809, 0.3172
(4, 37): 0.5468, 0.1008, 2.6039, 0.2908
(5, 1): 0.4809, 0.1010, 2.5750, 0.2670
(5, 2): 0.4809, 0.1010, 2.5750, 0.2670
(5, 3): 0.5336, 0.1007, 2.4402, 0.3125
(5, 4): 0.5336, 0.1007, 2.4402, 0.3125
(5, 5): 0.4513, 0.1009, 2.5654, 0.2663
(5, 6): 0.4405, 0.1015, 2.5459, 0.2952
(5, 7): 0.4883, 0.1012, 2.2334, 0.2685
(5, 8): 0.4883, 0.1012, 2.2334, 0.2685
(5, 9): 0.3939, 0.1001, 2.5979, 0.2575
(5, 10): 0.5207, 0.1008, 2.1363, 0.2839
(5, 11): 0.5207, 0.1008, 2.1363, 0.2839
(5, 12): 0.5453, 0.1012, 2.0454, 0.2839
(5, 13): 0.6289, 0.1007, 1.7980, 0.3103
(5, 14): 0.5400, 0.1027, 2.0995, 0.3311
(5, 15): 0.5400, 0.1027, 2.0995, 0.3311
(5, 16): 0.6163, 0.1004, 1.6991, 0.2766
(5, 17): 0.6161, 0.1023, 1.6287, 0.2758
(5, 18): 0.6161, 0.1023, 1.6287, 0.2758
(5, 19): 0.4295, 0.1020, 2.1876, 0.3300
(5, 20): 0.6361, 0.1006, 1.9445, 0.3070
(5, 21): 0.7403, 0.1006, 1.6534, 0.2612
(5, 22): 0.7403, 0.1006, 1.6534, 0.2612
(5, 23): 0.6671, 0.1001, 1.8480, 0.3179
(5, 24): 0.6251, 0.1011, 1.9460, 0.2974
(5, 25): 0.6251, 0.1011, 1.9460, 0.2974
(5, 26): 0.5355, 0.1009, 2.1644, 0.3546
(5, 27): 0.5635, 0.1003, 1.9811, 0.3227
(5, 28): 0.6555, 0.1007, 1.7123, 0.3022
(5, 29): 0.6555, 0.1007, 1.7123, 0.3022
(5, 30): 0.6758, 0.1001, 1.6392, 0.3410
(5, 31): 0.6321, 0.1005, 1.7991, 0.3121
(5, 32): 0.6321, 0.1005, 1.7991, 0.3121
(5, 33): 0.6242, 0.1014, 1.8125, 0.3070
(5, 34): 0.4739, 0.1014, 2.3646, 0.3223
(5, 35): 0.4543, 0.1007, 3.0555, 0.2374
(5, 36): 0.4543, 0.1007, 3.0555, 0.2374
(5, 37): 0.4438, 0.1009, 3.3209, 0.2842
(6, 1): 0.4499, 0.1002, 2.6943, 0.3161
(6, 2): 0.4499, 0.1002, 2.6943, 0.3161
(6, 3): 0.4428, 0.1002, 2.7314, 0.2799
(6, 4): 0.4428, 0.1002, 2.7314, 0.2799
(6, 5): 0.5151, 0.1004, 2.4067, 0.2901
(6, 6): 0.4917, 0.1000, 2.5120, 0.2652
(6, 7): 0.5636, 0.1003, 2.0694, 0.2692
(6, 8): 0.5636, 0.1003, 2.0694, 0.2692
(6, 9): 0.5034, 0.1007, 2.1877, 0.2744
(6, 10): 0.5765, 0.1003, 2.0495, 0.2846
(6, 11): 0.5765, 0.1003, 2.0495, 0.2846
(6, 12): 0.5603, 0.1001, 2.0984, 0.3121
(6, 13): 0.6469, 0.1001, 1.8689, 0.3070
(6, 14): 0.5489, 0.1005, 2.0977, 0.3300
(6, 15): 0.5489, 0.1005, 2.0977, 0.3300
(6, 16): 0.5197, 0.1013, 2.1276, 0.2945
(6, 17): 0.5593, 0.1007, 1.8901, 0.3143
(6, 18): 0.5593, 0.1007, 1.8901, 0.3143
(6, 19): 0.5015, 0.1004, 2.0210, 0.3037
(6, 20): 0.6920, 0.1008, 1.7754, 0.3147
(6, 21): 0.6443, 0.1006, 1.9377, 0.2916
(6, 22): 0.6443, 0.1006, 1.9377, 0.2916
(6, 23): 0.6255, 0.1008, 1.9225, 0.3011
(6, 24): 0.5334, 0.1014, 2.0911, 0.2901
(6, 25): 0.5334, 0.1014, 2.0911, 0.2901
(6, 26): 0.6313, 0.1023, 1.7331, 0.2637
(6, 27): 0.6773, 0.1006, 1.6582, 0.3029
(6, 28): 0.5559, 0.1006, 2.1559, 0.2399
(6, 29): 0.5559, 0.1006, 2.1559, 0.2399
(6, 30): 0.7525, 0.1005, 1.4255, 0.2568
(6, 31): 0.6521, 0.1001, 1.6386, 0.2949
(6, 32): 0.6521, 0.1001, 1.6386, 0.2949
(6, 33): 0.6754, 0.1004, 1.6799, 0.2989
(6, 34): 0.5661, 0.1009, 2.3557, 0.2791
(6, 35): 0.4753, 0.1003, 3.3469, 0.2260
(6, 36): 0.4753, 0.1003, 3.3469, 0.2260
(6, 37): 0.4083, 0.1010, 3.6747, 0.2465
(7, 1): 0.5167, 0.1014, 2.3076, 0.2744
(7, 2): 0.5167, 0.1014, 2.3076, 0.2744
(7, 3): 0.4819, 0.1003, 2.5747, 0.2674
(7, 4): 0.5074, 0.1004, 2.4822, 0.2678
(7, 5): 0.5074, 0.1004, 2.4822, 0.2678
(7, 6): 0.5331, 0.1011, 2.5531, 0.3018
(7, 7): 0.6599, 0.1008, 1.7815, 0.2403
(7, 8): 0.6599, 0.1008, 1.7815, 0.2403
(7, 9): 0.5713, 0.1003, 2.0930, 0.2597
(7, 10): 0.5630, 0.1008, 2.2199, 0.2982
(7, 11): 0.5552, 0.1013, 2.1716, 0.3128
(7, 12): 0.5552, 0.1013, 2.1716, 0.3128
(7, 13): 0.6198, 0.1000, 2.0645, 0.3088
(7, 14): 0.6018, 0.1014, 2.0096, 0.2982
(7, 15): 0.6018, 0.1014, 2.0096, 0.2982
(7, 16): 0.4823, 0.1002, 2.3337, 0.2799
(7, 17): 0.5314, 0.1000, 2.0630, 0.3004
(7, 18): 0.5314, 0.1000, 2.0630, 0.3004
(7, 19): 0.5480, 0.1012, 1.9452, 0.2978
(7, 20): 0.6297, 0.1010, 2.0286, 0.2905
(7, 21): 0.6973, 0.1009, 1.7470, 0.3337
(7, 22): 0.6973, 0.1009, 1.7470, 0.3337
(7, 23): 0.5306, 0.1002, 2.2416, 0.3040
(7, 24): 0.6185, 0.1006, 1.8206, 0.3117
(7, 25): 0.6185, 0.1006, 1.8206, 0.3117
(7, 26): 0.5483, 0.1001, 1.9805, 0.3348
(7, 27): 0.5398, 0.1000, 2.0560, 0.3103
(7, 28): 0.4767, 0.1002, 2.4389, 0.3099
(7, 29): 0.4767, 0.1002, 2.4389, 0.3099
(7, 30): 0.6636, 0.1006, 1.6245, 0.2637
(7, 31): 0.6455, 0.1012, 1.7095, 0.2648
(7, 32): 0.6455, 0.1012, 1.7095, 0.2648
(7, 33): 0.5588, 0.1001, 2.1257, 0.1875
(7, 34): 0.5182, 0.1017, 2.8870, 0.2077
(7, 35): 0.5039, 0.1006, 3.4021, 0.2179
(7, 36): 0.5039, 0.1006, 3.4021, 0.2179
(7, 37): 0.4570, 0.1003, 3.7044, 0.2670
(8, 1): 0.3321, 0.1012, 3.0621, 0.2095
(8, 2): 0.3321, 0.1012, 3.0621, 0.2095
(8, 3): 0.4213, 0.1002, 2.7505, 0.3125
(8, 4): 0.4561, 0.1004, 2.8235, 0.2839
(8, 5): 0.4561, 0.1004, 2.8235, 0.2839
(8, 6): 0.5261, 0.1001, 2.6426, 0.2700
(8, 7): 0.6701, 0.1010, 1.9089, 0.2538
(8, 8): 0.6701, 0.1010, 1.9089, 0.2538
(8, 9): 0.6749, 0.1003, 2.1249, 0.3055
(8, 10): 0.5465, 0.1005, 2.6177, 0.2652
(8, 11): 0.5870, 0.1007, 2.1768, 0.2817
(8, 12): 0.5870, 0.1007, 2.1768, 0.2817
(8, 13): 0.6177, 0.1001, 2.0936, 0.2879
(8, 14): 0.5734, 0.1002, 2.1574, 0.2941
(8, 15): 0.5734, 0.1002, 2.1574, 0.2941
(8, 16): 0.5021, 0.1006, 2.3420, 0.3099
(8, 17): 0.4837, 0.1004, 2.3090, 0.3106
(8, 18): 0.4837, 0.1004, 2.3090, 0.3106
(8, 19): 0.5885, 0.1004, 1.9875, 0.3260
(8, 20): 0.6714, 0.1006, 1.9479, 0.3084
(8, 21): 0.6372, 0.1006, 1.8592, 0.3121
(8, 22): 0.6372, 0.1006, 1.8592, 0.3121
(8, 23): 0.7340, 0.1003, 1.6142, 0.3172
(8, 24): 0.6640, 0.1004, 1.6886, 0.2901
(8, 25): 0.6640, 0.1004, 1.6886, 0.2901
(8, 26): 0.5693, 0.1003, 2.0073, 0.3117
(8, 27): 0.6797, 0.1001, 1.7425, 0.2656
(8, 28): 0.5631, 0.1008, 2.0015, 0.2615
(8, 29): 0.5631, 0.1008, 2.0015, 0.2615
(8, 30): 0.6797, 0.1005, 1.6487, 0.3029
(8, 31): 0.5949, 0.1001, 1.9177, 0.2341
(8, 32): 0.5949, 0.1001, 1.9177, 0.2341
(8, 33): 0.5488, 0.1003, 2.1912, 0.3051
(8, 34): 0.5070, 0.1000, 2.9091, 0.2652
(8, 35): 0.4779, 0.1001, 3.0951, 0.2048
(8, 36): 0.4779, 0.1001, 3.0951, 0.2048
(8, 37): 0.5108, 0.1014, 2.8583, 0.2634
(17, 1): 0.4649, 0.1004, 2.8052, 0.2729
(17, 2): 0.4649, 0.1004, 2.8052, 0.2729
(17, 3): 0.3449, 0.1011, 3.4872, 0.3201
(17, 4): 0.3697, 0.1013, 3.3953, 0.3165
(17, 5): 0.3697, 0.1013, 3.3953, 0.3165
(17, 6): 0.3447, 0.1004, 3.7352, 0.2879
(17, 7): 0.3751, 0.1029, 3.5716, 0.2476
(17, 8): 0.3885, 0.1010, 3.4705, 0.2121
(17, 9): 0.3885, 0.1010, 3.4705, 0.2121
(17, 10): 0.4077, 0.1021, 3.2918, 0.2161
(17, 11): 0.3913, 0.1001, 3.2053, 0.2187
(17, 12): 0.3913, 0.1001, 3.2053, 0.2187
(17, 13): 0.3942, 0.1001, 3.3647, 0.2685
(17, 14): 0.4224, 0.1006, 3.4221, 0.2304
(17, 15): 0.4224, 0.1006, 3.4221, 0.2304
(17, 16): 0.5079, 0.1005, 2.8077, 0.2381
(17, 17): 0.4779, 0.1008, 2.8529, 0.2183
(17, 18): 0.4055, 0.1001, 3.0623, 0.2553
(17, 19): 0.4055, 0.1001, 3.0623, 0.2553
(17, 20): 0.4713, 0.1000, 2.8187, 0.2608
(17, 21): 0.5361, 0.1002, 2.3235, 0.2641
(17, 22): 0.5361, 0.1002, 2.3235, 0.2641
(17, 23): 0.5115, 0.1007, 2.3548, 0.2857
(17, 24): 0.4710, 0.1005, 2.6904, 0.2758
(17, 25): 0.4710, 0.1005, 2.6904, 0.2758
(17, 26): 0.4984, 0.1001, 2.4700, 0.2604
(17, 27): 0.4019, 0.1001, 2.6553, 0.2505
(17, 28): 0.4236, 0.1013, 2.5854, 0.2799
(17, 29): 0.4236, 0.1013, 2.5854, 0.2799
(17, 30): 0.4935, 0.1004, 2.2077, 0.2766
(17, 31): 0.4650, 0.1007, 2.3482, 0.2736
(17, 32): 0.4650, 0.1007, 2.3482, 0.2736
(17, 33): 0.5570, 0.1014, 2.1270, 0.2872
(17, 34): 0.6604, 0.1003, 1.7586, 0.2784
(17, 35): 0.6604, 0.1003, 1.7586, 0.2784
(17, 36): 0.5627, 0.1003, 2.0722, 0.2337
(17, 37): 0.6287, 0.1020, 1.7975, 0.2623
(18, 1): 0.3373, 0.1014, 3.3715, 0.2348
(18, 2): 0.3373, 0.1014, 3.3715, 0.2348
(18, 3): 0.3804, 0.1002, 3.3945, 0.2857
(18, 4): 0.3356, 0.1018, 3.7505, 0.2780
(18, 5): 0.4221, 0.1005, 3.3024, 0.2579
(18, 6): 0.4221, 0.1005, 3.3024, 0.2579
(18, 7): 0.4359, 0.1000, 3.1615, 0.2451
(18, 8): 0.4188, 0.1009, 3.2306, 0.2220
(18, 9): 0.4188, 0.1009, 3.2306, 0.2220
(18, 10): 0.4149, 0.1014, 3.1512, 0.2443
(18, 11): 0.4004, 0.1010, 3.2343, 0.2271
(18, 12): 0.4004, 0.1010, 3.2343, 0.2271
(18, 13): 0.4654, 0.1008, 3.1009, 0.2549
(18, 14): 0.5949, 0.1019, 2.5348, 0.2304
(18, 15): 0.5949, 0.1019, 2.5348, 0.2304
(18, 16): 0.5631, 0.1004, 2.6447, 0.2491
(18, 17): 0.4753, 0.1000, 2.9678, 0.2608
(18, 18): 0.5128, 0.1008, 2.5710, 0.2520
(18, 19): 0.5128, 0.1008, 2.5710, 0.2520
(18, 20): 0.4746, 0.1005, 2.7477, 0.2725
(18, 21): 0.4943, 0.1007, 2.6054, 0.2601
(18, 22): 0.4943, 0.1007, 2.6054, 0.2601
(18, 23): 0.6046, 0.1007, 2.1726, 0.2612
(18, 24): 0.4877, 0.1001, 2.6767, 0.2355
(18, 25): 0.4877, 0.1001, 2.6767, 0.2355
(18, 26): 0.5800, 0.1002, 2.1224, 0.2795
(18, 27): 0.5194, 0.1002, 2.1782, 0.2861
(18, 28): 0.5194, 0.1002, 2.1782, 0.2861
(18, 29): 0.4568, 0.1005, 2.3589, 0.3205
(18, 30): 0.5075, 0.1006, 2.1110, 0.2806
(18, 31): 0.5577, 0.1006, 2.0280, 0.2963
(18, 32): 0.5577, 0.1006, 2.0280, 0.2963
(18, 33): 0.5253, 0.1010, 2.1777, 0.2751
(18, 34): 0.6956, 0.1001, 1.6026, 0.2828
(18, 35): 0.6956, 0.1001, 1.6026, 0.2828
(18, 36): 0.5308, 0.1002, 2.1530, 0.2901
(18, 37): 0.5104, 0.1002, 2.0755, 0.2802
(19, 1): 0.3112, 0.1007, 2.2629, 0.3066
(19, 2): 0.3112, 0.1007, 2.2629, 0.3066
(19, 3): 0.3869, 0.1017, 3.5456, 0.2729
(19, 4): 0.3942, 0.1001, 3.4488, 0.2549
(19, 5): 0.3835, 0.1009, 3.3555, 0.2491
(19, 6): 0.3835, 0.1009, 3.3555, 0.2491
(19, 7): 0.3855, 0.1007, 3.1615, 0.2648
(19, 8): 0.4062, 0.1019, 3.2625, 0.2601
(19, 9): 0.4062, 0.1019, 3.2625, 0.2601
(19, 10): 0.3764, 0.1008, 3.5826, 0.2447
(19, 11): 0.5120, 0.1006, 2.7281, 0.2216
(19, 12): 0.5120, 0.1006, 2.7281, 0.2216
(19, 13): 0.5716, 0.1016, 2.4332, 0.2073
(19, 14): 0.5993, 0.1001, 2.4265, 0.2304
(19, 15): 0.5993, 0.1001, 2.4265, 0.2304
(19, 16): 0.4152, 0.1000, 3.4108, 0.2601
(19, 17): 0.5127, 0.1002, 2.8644, 0.1934
(19, 18): 0.3631, 0.1006, 3.6290, 0.2982
(19, 19): 0.3631, 0.1006, 3.6290, 0.2982
(19, 20): 0.4102, 0.1000, 2.8424, 0.2410
(19, 21): 0.5223, 0.1004, 2.4647, 0.2297
(19, 22): 0.5223, 0.1004, 2.4647, 0.2297
(19, 23): 0.4834, 0.1007, 2.5448, 0.2282
(19, 24): 0.5126, 0.1002, 2.3418, 0.2864
(19, 25): 0.5126, 0.1002, 2.3418, 0.2864
(19, 26): 0.4629, 0.1007, 2.5412, 0.3147
(19, 27): 0.4533, 0.1011, 2.3749, 0.3081
(19, 28): 0.4533, 0.1011, 2.3749, 0.3081
(19, 29): 0.5007, 0.1000, 2.1922, 0.2758
(19, 30): 0.4416, 0.1006, 2.3433, 0.2571
(19, 31): 0.5565, 0.1005, 1.9387, 0.2912
(19, 32): 0.5565, 0.1005, 1.9387, 0.2912
(19, 33): 0.5464, 0.1003, 2.0302, 0.2832
(19, 34): 0.5487, 0.1023, 2.0009, 0.2769
(19, 35): 0.5487, 0.1023, 2.0009, 0.2769
(19, 36): 0.6090, 0.1009, 1.8281, 0.2864
(19, 37): 0.5490, 0.1005, 1.9444, 0.2630
(20, 1): 0.3649, 0.1014, 2.1191, 0.2531
(20, 2): 0.3649, 0.1014, 2.1191, 0.2531
(20, 3): 0.3762, 0.1014, 3.2956, 0.2568
(20, 4): 0.3935, 0.1021, 3.2885, 0.2795
(20, 5): 0.3913, 0.1000, 3.1510, 0.2282
(20, 6): 0.3913, 0.1000, 3.1510, 0.2282
(20, 7): 0.3799, 0.1004, 3.3702, 0.2432
(20, 8): 0.4836, 0.1002, 2.8646, 0.2634
(20, 9): 0.4836, 0.1002, 2.8646, 0.2634
(20, 10): 0.5060, 0.1003, 2.7231, 0.2527
(20, 11): 0.4667, 0.1001, 3.1325, 0.2755
(20, 12): 0.4667, 0.1001, 3.1325, 0.2755
(20, 13): 0.5153, 0.1002, 2.9099, 0.2399
(20, 14): 0.4757, 0.1006, 3.1369, 0.2410
(20, 15): 0.4757, 0.1006, 3.1369, 0.2410
(20, 16): 0.4340, 0.1005, 3.3209, 0.2154
(20, 17): 0.4451, 0.1015, 3.1877, 0.2875
(20, 18): 0.3998, 0.1014, 3.1986, 0.2670
(20, 19): 0.3998, 0.1014, 3.1986, 0.2670
(20, 20): 0.3134, 0.1002, 3.2852, 0.2414
(20, 21): 0.4411, 0.1009, 2.7279, 0.2784
(20, 22): 0.4411, 0.1009, 2.7279, 0.2784
(20, 23): 0.4694, 0.1008, 2.5971, 0.2377
(20, 24): 0.4684, 0.1002, 2.4156, 0.2974
(20, 25): 0.4684, 0.1002, 2.4156, 0.2974
(20, 26): 0.3695, 0.1003, 2.9048, 0.2040
(20, 27): 0.4721, 0.1010, 2.4219, 0.2374
(20, 28): 0.4721, 0.1010, 2.4219, 0.2374
(20, 29): 0.5017, 0.1003, 2.3027, 0.2853
(20, 30): 0.4706, 0.1006, 2.4232, 0.2648
(20, 31): 0.4681, 0.1003, 2.2969, 0.2758
(20, 32): 0.4681, 0.1003, 2.2969, 0.2758
(20, 33): 0.4979, 0.1015, 2.2792, 0.3139
(20, 34): 0.4848, 0.1041, 2.1981, 0.2868
(20, 35): 0.4848, 0.1041, 2.1981, 0.2868
(20, 36): 0.5529, 0.1004, 1.9676, 0.3260
(20, 37): 0.4559, 0.1013, 2.2909, 0.2722
(21, 1): 0.3547, 0.1013, 2.2222, 0.2663
(21, 2): 0.3534, 0.1001, 2.9623, 0.2755
(21, 3): 0.3534, 0.1001, 2.9623, 0.2755
(21, 4): 0.3614, 0.1002, 3.5001, 0.2271
(21, 5): 0.4449, 0.1005, 3.0491, 0.2527
(21, 6): 0.4449, 0.1005, 3.0491, 0.2527
(21, 7): 0.4269, 0.1002, 3.2141, 0.2516
(21, 8): 0.4520, 0.1019, 2.9723, 0.2480
(21, 9): 0.4520, 0.1019, 2.9723, 0.2480
(21, 10): 0.4670, 0.1005, 2.8966, 0.2385
(21, 11): 0.4070, 0.1002, 3.3141, 0.2304
(21, 12): 0.4070, 0.1002, 3.3141, 0.2304
(21, 13): 0.4412, 0.1015, 3.1721, 0.2337
(21, 14): 0.4884, 0.1000, 2.9206, 0.1941
(21, 15): 0.4884, 0.1000, 2.9206, 0.1941
(21, 16): 0.4480, 0.1007, 3.2486, 0.2678
(21, 17): 0.4356, 0.1004, 2.9897, 0.2198
(21, 18): 0.3712, 0.1004, 3.2618, 0.2780
(21, 19): 0.3712, 0.1004, 3.2618, 0.2780
(21, 20): 0.3504, 0.1001, 3.2259, 0.2491
(21, 21): 0.3864, 0.1003, 2.8712, 0.2685
(21, 22): 0.3864, 0.1003, 2.8712, 0.2685
(21, 23): 0.4718, 0.1005, 2.3134, 0.2322
(21, 24): 0.4961, 0.1013, 2.3222, 0.2216
(21, 25): 0.4961, 0.1013, 2.3222, 0.2216
(21, 26): 0.5152, 0.1016, 2.1988, 0.2703
(21, 27): 0.4768, 0.1005, 2.5358, 0.2366
(21, 28): 0.4768, 0.1005, 2.5358, 0.2366
(21, 29): 0.4010, 0.1008, 2.7458, 0.2729
(21, 30): 0.3958, 0.1006, 2.8087, 0.2612
(21, 31): 0.4000, 0.1001, 2.6679, 0.2886
(21, 32): 0.4000, 0.1001, 2.6679, 0.2886
(21, 33): 0.4433, 0.1002, 2.4140, 0.2799
(21, 34): 0.4629, 0.1008, 2.2854, 0.3465
(21, 35): 0.4629, 0.1008, 2.2854, 0.3465
(21, 36): 0.4471, 0.1010, 2.2485, 0.2974
(21, 37): 0.4353, 0.1001, 2.4026, 0.2762
(22, 1): 0.3292, 0.1003, 2.3000, 0.2615
(22, 2): 0.3350, 0.1019, 2.4035, 0.2440
(22, 3): 0.3350, 0.1019, 2.4035, 0.2440
(22, 4): 0.4625, 0.1008, 3.1804, 0.2260
(22, 5): 0.4207, 0.1003, 3.2435, 0.2088
(22, 6): 0.4207, 0.1003, 3.2435, 0.2088
(22, 7): 0.4295, 0.1011, 3.1433, 0.2326
(22, 8): 0.4153, 0.1021, 3.1954, 0.2212
(22, 9): 0.4153, 0.1021, 3.1954, 0.2212
(22, 10): 0.4331, 0.1004, 3.1273, 0.2234
(22, 11): 0.4467, 0.1009, 3.0663, 0.2447
(22, 12): 0.4467, 0.1009, 3.0663, 0.2447
(22, 13): 0.4405, 0.1014, 3.0922, 0.2158
(22, 14): 0.4679, 0.1003, 2.9430, 0.2399
(22, 15): 0.5381, 0.1011, 2.4420, 0.2425
(22, 16): 0.5381, 0.1011, 2.4420, 0.2425
(22, 17): 0.4885, 0.1002, 2.7558, 0.2026
(22, 18): 0.4205, 0.1008, 2.8884, 0.2333
(22, 19): 0.4205, 0.1008, 2.8884, 0.2333
(22, 20): 0.3475, 0.1002, 3.0858, 0.2278
(22, 21): 0.3433, 0.1001, 2.9879, 0.2520
(22, 22): 0.3433, 0.1001, 2.9879, 0.2520
(22, 23): 0.3872, 0.1008, 2.6734, 0.2396
(22, 24): 0.3903, 0.1008, 2.7849, 0.2161
(22, 25): 0.3903, 0.1008, 2.7849, 0.2161
(22, 26): 0.5095, 0.1003, 2.2959, 0.2711
(22, 27): 0.3632, 0.1016, 2.8749, 0.2352
(22, 28): 0.3632, 0.1016, 2.8749, 0.2352
(22, 29): 0.4724, 0.1007, 2.3352, 0.2341
(22, 30): 0.4613, 0.1001, 2.4228, 0.2637
(22, 31): 0.5113, 0.1007, 2.1735, 0.2564
(22, 32): 0.5113, 0.1007, 2.1735, 0.2564
(22, 33): 0.4018, 0.1009, 2.7279, 0.2410
(22, 34): 0.4173, 0.1014, 2.4580, 0.2908
(22, 35): 0.4173, 0.1014, 2.4580, 0.2908
(22, 36): 0.5062, 0.1024, 2.0154, 0.2604
(22, 37): 0.5064, 0.1007, 2.1125, 0.3029
(23, 1): 0.3387, 0.1006, 2.2609, 0.2535
(23, 2): 0.3258, 0.1002, 2.1990, 0.2451
(23, 3): 0.3258, 0.1002, 2.1990, 0.2451
(23, 4): 0.4763, 0.1007, 3.1064, 0.2040
(23, 5): 0.4580, 0.1010, 3.1273, 0.2227
(23, 6): 0.4580, 0.1010, 3.1273, 0.2227
(23, 7): 0.4522, 0.1001, 3.0588, 0.1985
(23, 8): 0.4398, 0.1001, 3.0903, 0.2099
(23, 9): 0.4398, 0.1001, 3.0903, 0.2099
(23, 10): 0.4488, 0.1020, 3.0893, 0.2158
(23, 11): 0.3176, 0.1002, 3.5726, 0.2190
(23, 12): 0.3176, 0.1002, 3.5726, 0.2190
(23, 13): 0.3124, 0.1002, 3.6057, 0.2788
(23, 14): 0.3191, 0.1006, 3.5126, 0.3088
(23, 15): 0.3763, 0.1006, 3.2386, 0.2198
(23, 16): 0.3763, 0.1006, 3.2386, 0.2198
(23, 17): 0.3682, 0.1000, 3.1800, 0.2656
(23, 18): 0.2783, 0.1004, 3.4912, 0.2817
(23, 19): 0.2783, 0.1004, 3.4912, 0.2817
(23, 20): 0.3564, 0.1001, 2.9341, 0.2242
(23, 21): 0.3001, 0.1003, 3.2025, 0.2447
(23, 22): 0.3001, 0.1003, 3.2025, 0.2447
(23, 23): 0.2773, 0.1025, 3.2187, 0.2656
(23, 24): 0.2797, 0.1003, 3.1882, 0.2553
(23, 25): 0.2797, 0.1003, 3.1882, 0.2553
(23, 26): 0.3336, 0.1003, 3.0817, 0.2527
(23, 27): 0.3332, 0.1004, 3.0184, 0.2593
(23, 28): 0.3332, 0.1004, 3.0184, 0.2593
(23, 29): 0.3753, 0.1008, 2.8919, 0.2685
(23, 30): 0.3818, 0.1014, 2.7899, 0.2828
(23, 31): 0.3162, 0.1024, 3.1593, 0.3363
(23, 32): 0.3162, 0.1024, 3.1593, 0.3363
(23, 33): 0.4410, 0.1006, 2.4337, 0.2579
(23, 34): 0.4490, 0.1002, 2.3863, 0.2509
(23, 35): 0.4490, 0.1002, 2.3863, 0.2509
(23, 36): 0.4703, 0.1031, 2.2088, 0.2733
(23, 37): 0.4223, 0.1006, 2.4041, 0.3242
(24, 1): 0.3449, 0.1000, 2.2199, 0.1905
(24, 2): 0.3435, 0.1005, 2.1417, 0.2165
(24, 3): 0.3435, 0.1005, 2.1417, 0.2165
(24, 4): 0.4981, 0.1005, 2.9806, 0.1927
(24, 5): 0.2686, 0.1015, 3.5602, 0.2103
(24, 6): 0.2686, 0.1015, 3.5602, 0.2103
(24, 7): 0.2774, 0.1014, 3.5448, 0.2359
(24, 8): 0.2747, 0.1012, 3.5384, 0.2341
(24, 9): 0.2747, 0.1012, 3.5384, 0.2341
(24, 10): 0.2777, 0.1002, 3.5017, 0.2271
(24, 11): 0.2833, 0.1011, 3.4709, 0.2648
(24, 12): 0.2833, 0.1011, 3.4709, 0.2648
(24, 13): 0.3124, 0.1002, 3.6057, 0.2788
(24, 14): 0.3191, 0.1006, 3.5126, 0.3088
(24, 15): 0.3763, 0.1006, 3.2386, 0.2198
(24, 16): 0.3763, 0.1006, 3.2386, 0.2198
(24, 17): 0.3682, 0.1000, 3.1800, 0.2656
(24, 18): 0.2783, 0.1004, 3.4912, 0.2817
(24, 19): 0.2783, 0.1004, 3.4912, 0.2817
(24, 20): 0.3564, 0.1001, 2.9341, 0.2242
(24, 21): 0.3001, 0.1003, 3.2025, 0.2447
(24, 22): 0.3001, 0.1003, 3.2025, 0.2447
(24, 23): 0.2773, 0.1025, 3.2187, 0.2656
(24, 24): 0.2797, 0.1003, 3.1882, 0.2553
(24, 25): 0.2797, 0.1003, 3.1882, 0.2553
(24, 26): 0.3336, 0.1003, 3.0817, 0.2527
(24, 27): 0.3332, 0.1004, 3.0184, 0.2593
(24, 28): 0.3332, 0.1004, 3.0184, 0.2593
(24, 29): 0.3753, 0.1008, 2.8919, 0.2685
(24, 30): 0.3818, 0.1014, 2.7899, 0.2828
(24, 31): 0.3672, 0.1004, 3.0027, 0.2524
(24, 32): 0.3273, 0.1020, 3.0220, 0.2678
(24, 33): 0.3316, 0.1002, 2.9305, 0.2703
(24, 34): 0.4340, 0.1007, 2.4465, 0.2209
(24, 35): 0.4340, 0.1007, 2.4465, 0.2209
(24, 36): 0.5111, 0.1001, 2.0667, 0.2872
(24, 37): 0.3930, 0.1004, 2.5356, 0.2462
(25, 1): 0.3494, 0.1019, 2.2069, 0.2106
(25, 2): 0.3406, 0.1001, 2.1716, 0.2136
(25, 3): 0.3406, 0.1001, 2.1716, 0.2136
(25, 4): 0.3361, 0.1002, 3.2811, 0.1930
(25, 5): 0.3026, 0.1006, 3.3143, 0.2055
(25, 6): 0.3026, 0.1006, 3.3143, 0.2055
(25, 7): 0.2774, 0.1014, 3.5448, 0.2359
(25, 8): 0.2747, 0.1012, 3.5384, 0.2341
(25, 9): 0.2747, 0.1012, 3.5384, 0.2341
(25, 10): 0.2777, 0.1002, 3.5017, 0.2271
(25, 11): 0.2833, 0.1011, 3.4709, 0.2648
(25, 12): 0.2833, 0.1011, 3.4709, 0.2648
(25, 13): 0.2699, 0.1003, 3.5292, 0.2542
(25, 14): 0.2394, 0.1018, 3.6589, 0.2641
(25, 15): 0.2587, 0.1003, 3.5163, 0.2864
(25, 16): 0.2587, 0.1003, 3.5163, 0.2864
(25, 17): 0.2972, 0.1023, 3.5078, 0.2703
(25, 18): 0.2771, 0.1008, 3.5318, 0.2549
(25, 19): 0.2771, 0.1008, 3.5318, 0.2549
(25, 20): 0.3451, 0.1011, 2.8063, 0.2473
(25, 21): 0.2761, 0.1014, 3.1627, 0.2542
(25, 22): 0.2761, 0.1014, 3.1627, 0.2542
(25, 23): 0.3418, 0.1001, 2.9745, 0.2300
(25, 24): 0.3936, 0.1003, 2.7858, 0.2440
(25, 25): 0.3936, 0.1003, 2.7858, 0.2440
(25, 26): 0.3387, 0.1013, 3.0470, 0.2670
(25, 27): 0.2825, 0.1000, 3.2435, 0.2491
(25, 28): 0.2825, 0.1000, 3.2435, 0.2491
(25, 29): 0.3818, 0.1009, 2.8391, 0.2026
(25, 30): 0.3672, 0.1004, 3.0027, 0.2524
(25, 31): 0.3672, 0.1004, 3.0027, 0.2524
(25, 32): 0.3273, 0.1020, 3.0220, 0.2678
(25, 33): 0.3316, 0.1002, 2.9305, 0.2703
(25, 34): 0.4340, 0.1007, 2.4465, 0.2209
(25, 35): 0.4340, 0.1007, 2.4465, 0.2209
(25, 36): 0.5111, 0.1001, 2.0667, 0.2872
(25, 37): 0.4514, 0.1001, 2.3804, 0.2806
(26, 1): 0.3584, 0.1006, 2.1790, 0.2106
(26, 2): 0.3406, 0.1001, 2.1716, 0.2136
(26, 3): 0.3406, 0.1001, 2.1716, 0.2136
(26, 4): 0.3361, 0.1002, 3.2811, 0.1930
(26, 5): 0.3026, 0.1006, 3.3143, 0.2055
(26, 6): 0.3026, 0.1006, 3.3143, 0.2055
(26, 7): 0.3044, 0.1003, 3.3190, 0.2084
(26, 8): 0.3197, 0.1039, 3.2202, 0.2033
(26, 9): 0.3197, 0.1039, 3.2202, 0.2033
(26, 10): 0.3061, 0.1005, 3.2989, 0.2088
(26, 11): 0.3046, 0.1010, 3.3170, 0.2139
(26, 12): 0.3046, 0.1010, 3.3170, 0.2139
(26, 13): 0.3005, 0.1011, 3.3315, 0.2103
(26, 14): 0.2794, 0.1012, 3.3913, 0.2227
(26, 15): 0.2811, 0.1004, 3.4189, 0.2286
(26, 16): 0.2811, 0.1004, 3.4189, 0.2286
(26, 17): 0.3861, 0.1003, 2.8868, 0.2117
(26, 18): 0.3564, 0.1009, 3.0584, 0.2106
(26, 19): 0.3564, 0.1009, 3.0584, 0.2106
(26, 20): 0.3945, 0.1004, 2.6616, 0.1861
(26, 21): 0.3697, 0.1019, 2.8112, 0.2366
(26, 22): 0.3697, 0.1019, 2.8112, 0.2366
(26, 23): 0.3428, 0.1015, 3.1096, 0.2663
(26, 24): 0.3244, 0.1011, 3.0886, 0.2568
(26, 25): 0.3244, 0.1011, 3.0886, 0.2568
(26, 26): 0.3923, 0.1005, 2.8323, 0.2524
(26, 27): 0.2992, 0.1001, 3.1589, 0.2674
(26, 28): 0.2992, 0.1001, 3.1589, 0.2674
(26, 29): 0.2905, 0.1006, 3.3280, 0.2769
(26, 30): 0.3775, 0.1000, 2.9019, 0.2121
(26, 31): 0.3775, 0.1000, 2.9019, 0.2121
(26, 32): 0.3564, 0.1037, 2.8946, 0.2645
(26, 33): 0.4026, 0.1008, 2.5144, 0.2755
(26, 34): 0.4899, 0.1007, 2.2059, 0.2949
(26, 35): 0.4899, 0.1007, 2.2059, 0.2949
(26, 36): 0.4060, 0.1020, 2.5472, 0.2564
(26, 37): 0.4514, 0.1001, 2.3804, 0.2806
(27, 1): 0.3584, 0.1006, 2.1790, 0.2106
(27, 2): 0.3312, 0.1002, 2.5161, 0.2344
(27, 3): 0.3312, 0.1002, 2.5161, 0.2344
(27, 4): 0.3294, 0.1005, 3.2453, 0.2190
(27, 5): 0.3160, 0.1004, 3.2768, 0.1971
(27, 6): 0.3160, 0.1004, 3.2768, 0.1971
(27, 7): 0.2860, 0.1012, 3.4198, 0.2026
(27, 8): 0.2906, 0.1012, 3.3813, 0.1989
(27, 9): 0.2906, 0.1012, 3.3813, 0.1989
(27, 10): 0.2799, 0.1006, 3.4401, 0.2289
(27, 11): 0.2834, 0.1022, 3.4107, 0.2381
(27, 12): 0.2752, 0.1000, 3.4481, 0.2377
(27, 13): 0.2752, 0.1000, 3.4481, 0.2377
(27, 14): 0.2854, 0.1001, 3.4044, 0.2275
(27, 15): 0.3615, 0.1006, 3.1854, 0.2582
(27, 16): 0.3615, 0.1006, 3.1854, 0.2582
(27, 17): 0.3754, 0.1024, 3.1794, 0.2253
(27, 18): 0.3513, 0.1001, 3.3534, 0.2234
(27, 19): 0.3513, 0.1001, 3.3534, 0.2234
(27, 20): 0.4556, 0.1010, 2.5215, 0.2004
(27, 21): 0.4310, 0.1000, 2.7095, 0.2297
(27, 22): 0.4310, 0.1000, 2.7095, 0.2297
(27, 23): 0.3459, 0.1004, 3.1792, 0.2370
(27, 24): 0.2923, 0.1010, 3.3963, 0.2648
(27, 25): 0.2923, 0.1010, 3.3963, 0.2648
(27, 26): 0.3236, 0.1008, 3.1707, 0.2520
(27, 27): 0.2893, 0.1025, 3.3428, 0.2568
(27, 28): 0.2893, 0.1025, 3.3428, 0.2568
(27, 29): 0.3873, 0.1008, 2.9029, 0.2399
(27, 30): 0.5103, 0.1025, 2.4452, 0.2725
(27, 31): 0.5103, 0.1025, 2.4452, 0.2725
(27, 32): 0.3914, 0.1007, 3.0224, 0.2524
(27, 33): 0.3578, 0.1004, 2.9277, 0.3158
(27, 34): 0.3578, 0.1004, 2.9277, 0.3158
(27, 35): 0.2303, 0.1009, 3.5323, 0.1890
(27, 36): 0.5198, 0.1017, 2.2127, 0.2579
(27, 37): 0.5063, 0.1000, 2.2140, 0.2700
(28, 1): 0.3292, 0.1004, 2.2838, 0.2579
(28, 2): 0.3341, 0.1019, 2.4226, 0.2399
(28, 3): 0.3341, 0.1019, 2.4226, 0.2399
(28, 4): 0.3105, 0.1008, 3.3182, 0.2004
(28, 5): 0.3073, 0.1004, 3.2975, 0.2007
(28, 6): 0.3073, 0.1004, 3.2975, 0.2007
(28, 7): 0.2758, 0.1013, 3.4423, 0.2022
(28, 8): 0.2708, 0.1007, 3.4717, 0.2037
(28, 9): 0.2708, 0.1007, 3.4717, 0.2037
(28, 10): 0.2553, 0.1001, 3.5844, 0.2333
(28, 11): 0.3272, 0.1002, 3.2749, 0.1927
(28, 12): 0.3354, 0.1009, 3.2338, 0.2205
(28, 13): 0.3354, 0.1009, 3.2338, 0.2205
(28, 14): 0.3721, 0.1024, 3.1818, 0.2352
(28, 15): 0.3534, 0.1023, 3.2255, 0.2469
(28, 16): 0.3534, 0.1023, 3.2255, 0.2469
(28, 17): 0.3561, 0.1002, 3.2364, 0.2502
(28, 18): 0.3420, 0.1002, 3.3057, 0.2242
(28, 19): 0.3420, 0.1002, 3.3057, 0.2242
(28, 20): 0.4410, 0.1028, 2.6425, 0.2227
(28, 21): 0.3230, 0.1009, 3.2429, 0.2278
(28, 22): 0.3230, 0.1009, 3.2429, 0.2278
(28, 23): 0.1201, 0.1003, 4.4517, 0.1996
(28, 24): 0.2264, 0.1003, 3.7964, 0.2421
(28, 25): 0.2264, 0.1003, 3.7964, 0.2421
(28, 26): 0.2318, 0.1003, 3.7205, 0.2641
(28, 27): 0.3550, 0.1000, 3.0764, 0.2425
(28, 28): 0.3550, 0.1000, 3.0764, 0.2425
(28, 29): 0.3444, 0.1001, 3.0996, 0.2465
(28, 30): 0.4974, 0.1010, 2.5264, 0.2183
(28, 31): 0.4974, 0.1010, 2.5264, 0.2183
(28, 32): 0.3496, 0.1013, 2.9986, 0.2696
(28, 33): 0.4946, 0.1020, 2.3749, 0.2513
(28, 34): 0.4946, 0.1020, 2.3749, 0.2513
(28, 35): 0.3901, 0.1001, 2.8320, 0.2447
(28, 36): 0.3309, 0.1013, 3.0870, 0.2601
(28, 37): 0.3540, 0.1010, 2.9647, 0.1813
(29, 1): 0.3254, 0.1004, 2.2820, 0.2205
(29, 2): 0.3338, 0.1001, 2.5995, 0.2370
(29, 3): 0.3338, 0.1001, 2.5995, 0.2370
(29, 4): 0.3233, 0.1011, 3.2572, 0.2048
(29, 5): 0.3093, 0.1009, 3.2720, 0.2117
(29, 6): 0.3093, 0.1009, 3.2720, 0.2117
(29, 7): 0.3023, 0.1005, 3.2976, 0.1941
(29, 8): 0.2988, 0.1005, 3.3679, 0.2000
(29, 9): 0.3147, 0.1018, 3.3413, 0.1963
(29, 10): 0.3147, 0.1018, 3.3413, 0.1963
(29, 11): 0.4093, 0.1005, 3.0304, 0.1875
(29, 12): 0.3689, 0.1001, 3.2143, 0.2271
(29, 13): 0.3689, 0.1001, 3.2143, 0.2271
(29, 14): 0.3866, 0.1001, 3.1125, 0.2223
(29, 15): 0.3754, 0.1005, 3.1461, 0.2388
(29, 16): 0.3754, 0.1005, 3.1461, 0.2388
(29, 17): 0.3568, 0.1007, 3.2326, 0.2429
(29, 18): 0.3456, 0.1014, 3.2067, 0.2524
(29, 19): 0.3456, 0.1014, 3.2067, 0.2524
(29, 20): 0.3029, 0.1007, 3.3048, 0.2227
(29, 21): 0.3142, 0.1008, 3.2530, 0.2637
(29, 22): 0.3142, 0.1008, 3.2530, 0.2637
(29, 23): 0.2064, 0.1003, 3.8842, 0.2542
(29, 24): 0.2263, 0.1032, 3.8254, 0.2201
(29, 25): 0.2263, 0.1032, 3.8254, 0.2201
(29, 26): 0.3873, 0.1013, 2.9191, 0.2549
(29, 27): 0.3449, 0.1010, 3.1691, 0.2421
(29, 28): 0.3449, 0.1010, 3.1691, 0.2421
(29, 29): 0.3302, 0.1025, 3.1677, 0.2381
(29, 30): 0.4748, 0.1001, 2.5284, 0.2194
(29, 31): 0.4748, 0.1001, 2.5284, 0.2194
(29, 32): 0.5213, 0.1005, 2.2749, 0.2586
(29, 33): 0.3847, 0.1004, 2.8548, 0.2451
(29, 34): 0.3847, 0.1004, 2.8548, 0.2451
(29, 35): 0.3480, 0.1004, 3.2315, 0.2326
(29, 36): 0.3433, 0.1002, 3.3285, 0.2377
(29, 37): 0.3433, 0.1002, 3.3285, 0.2377
(30, 1): 0.3574, 0.1002, 2.1533, 0.2176
(30, 2): 0.3396, 0.1011, 3.3438, 0.2000
(30, 3): 0.3396, 0.1011, 3.3438, 0.2000
(30, 4): 0.3306, 0.1004, 3.2157, 0.2150
(30, 5): 0.2854, 0.1013, 3.3939, 0.2066
(30, 6): 0.3407, 0.1024, 3.2020, 0.1982
(30, 7): 0.3407, 0.1024, 3.2020, 0.1982
(30, 8): 0.3756, 0.1009, 3.1242, 0.1938
(30, 9): 0.3874, 0.1012, 3.1261, 0.1963
(30, 10): 0.3874, 0.1012, 3.1261, 0.1963
(30, 11): 0.4171, 0.1026, 2.9924, 0.1908
(30, 12): 0.3973, 0.1010, 3.1015, 0.1971
(30, 13): 0.3973, 0.1010, 3.1015, 0.1971
(30, 14): 0.4315, 0.1005, 2.9431, 0.1916
(30, 15): 0.4258, 0.1034, 2.9733, 0.2000
(30, 16): 0.4258, 0.1034, 2.9733, 0.2000
(30, 17): 0.3965, 0.1014, 3.1060, 0.2245
(30, 18): 0.3498, 0.1004, 3.2069, 0.2403
(30, 19): 0.3498, 0.1004, 3.2069, 0.2403
(30, 20): 0.2997, 0.1009, 3.3029, 0.2300
(30, 21): 0.3104, 0.1004, 3.2745, 0.2260
(30, 22): 0.3104, 0.1004, 3.2745, 0.2260
(30, 23): 0.2382, 0.1003, 3.7233, 0.2150
(30, 24): 0.2203, 0.1001, 3.8468, 0.2187
(30, 25): 0.2203, 0.1001, 3.8468, 0.2187
(30, 26): 0.3431, 0.1001, 3.0582, 0.2659
(30, 27): 0.3486, 0.1000, 3.0724, 0.2443
(30, 28): 0.3486, 0.1000, 3.0724, 0.2443
(30, 29): 0.3682, 0.1004, 2.8669, 0.2788
(30, 30): 0.4532, 0.1007, 2.4586, 0.1919
(30, 31): 0.4532, 0.1007, 2.4586, 0.1919
(30, 32): 0.4286, 0.1002, 2.6731, 0.2158
(30, 33): 0.3058, 0.1006, 3.2650, 0.2286
(30, 34): 0.3058, 0.1006, 3.2650, 0.2286
(30, 35): 0.3463, 0.1005, 3.2199, 0.2531
(30, 36): 0.4393, 0.1002, 2.7980, 0.2689
(30, 37): 0.4393, 0.1002, 2.7980, 0.2689
(31, 1): 0.3574, 0.1002, 2.1533, 0.2176
(31, 2): 0.3396, 0.1011, 3.3438, 0.2000
(31, 3): 0.3306, 0.1004, 3.2157, 0.2150
(31, 4): 0.3306, 0.1004, 3.2157, 0.2150
(31, 5): 0.2854, 0.1013, 3.3939, 0.2066
(31, 6): 0.3407, 0.1024, 3.2020, 0.1982
(31, 7): 0.3407, 0.1024, 3.2020, 0.1982
(31, 8): 0.3756, 0.1009, 3.1242, 0.1938
(31, 9): 0.3874, 0.1012, 3.1261, 0.1963
(31, 10): 0.3874, 0.1012, 3.1261, 0.1963
(31, 11): 0.4171, 0.1026, 2.9924, 0.1908
(31, 12): 0.3973, 0.1010, 3.1015, 0.1971
(31, 13): 0.3973, 0.1010, 3.1015, 0.1971
(31, 14): 0.4315, 0.1005, 2.9431, 0.1916
(31, 15): 0.4258, 0.1034, 2.9733, 0.2000
(31, 16): 0.4258, 0.1034, 2.9733, 0.2000
(31, 17): 0.3965, 0.1014, 3.1060, 0.2245
(31, 18): 0.3498, 0.1004, 3.2069, 0.2403
(31, 19): 0.3498, 0.1004, 3.2069, 0.2403
(31, 20): 0.2997, 0.1009, 3.3029, 0.2300
(31, 21): 0.3104, 0.1004, 3.2745, 0.2260
(31, 22): 0.3104, 0.1004, 3.2745, 0.2260
(31, 23): 0.2382, 0.1003, 3.7233, 0.2150
(31, 24): 0.2203, 0.1001, 3.8468, 0.2187
(31, 25): 0.2203, 0.1001, 3.8468, 0.2187
(31, 26): 0.3431, 0.1001, 3.0582, 0.2659
(31, 27): 0.3486, 0.1000, 3.0724, 0.2443
(31, 28): 0.3486, 0.1000, 3.0724, 0.2443
(31, 29): 0.3682, 0.1004, 2.8669, 0.2788
(31, 30): 0.4532, 0.1007, 2.4586, 0.1919
(31, 31): 0.4532, 0.1007, 2.4586, 0.1919
(31, 32): 0.4286, 0.1002, 2.6731, 0.2158
(31, 33): 0.3058, 0.1006, 3.2650, 0.2286
(31, 34): 0.3058, 0.1006, 3.2650, 0.2286
(31, 35): 0.3463, 0.1005, 3.2199, 0.2531
(31, 36): 0.4393, 0.1002, 2.7980, 0.2689
(31, 37): 0.4393, 0.1002, 2.7980, 0.2689
(32, 1): 0.3574, 0.1002, 2.1533, 0.2176
(32, 2): 0.3396, 0.1011, 3.3438, 0.2000
(32, 3): 0.3306, 0.1004, 3.2157, 0.2150
(32, 4): 0.3306, 0.1004, 3.2157, 0.2150
(32, 5): 0.2854, 0.1013, 3.3939, 0.2066
(32, 6): 0.3407, 0.1024, 3.2020, 0.1982
(32, 7): 0.3407, 0.1024, 3.2020, 0.1982
(32, 8): 0.3756, 0.1009, 3.1242, 0.1938
(32, 9): 0.3874, 0.1012, 3.1261, 0.1963
(32, 10): 0.3874, 0.1012, 3.1261, 0.1963
(32, 11): 0.4171, 0.1026, 2.9924, 0.1908
(32, 12): 0.3973, 0.1010, 3.1015, 0.1971
(32, 13): 0.3973, 0.1010, 3.1015, 0.1971
(32, 14): 0.4315, 0.1005, 2.9431, 0.1916
(32, 15): 0.4258, 0.1034, 2.9733, 0.2000
(32, 16): 0.4258, 0.1034, 2.9733, 0.2000
(32, 17): 0.3965, 0.1014, 3.1060, 0.2245
(32, 18): 0.3498, 0.1004, 3.2069, 0.2403
(32, 19): 0.3498, 0.1004, 3.2069, 0.2403
(32, 20): 0.2997, 0.1009, 3.3029, 0.2300
(32, 21): 0.3104, 0.1004, 3.2745, 0.2260
(32, 22): 0.3104, 0.1004, 3.2745, 0.2260
(32, 23): 0.2382, 0.1003, 3.7233, 0.2150
(32, 24): 0.2203, 0.1001, 3.8468, 0.2187
(32, 25): 0.2203, 0.1001, 3.8468, 0.2187
(32, 26): 0.3431, 0.1001, 3.0582, 0.2659
(32, 27): 0.3486, 0.1000, 3.0724, 0.2443
(32, 28): 0.3486, 0.1000, 3.0724, 0.2443
(32, 29): 0.3682, 0.1004, 2.8669, 0.2788
(32, 30): 0.4532, 0.1007, 2.4586, 0.1919
(32, 31): 0.4532, 0.1007, 2.4586, 0.1919
(32, 32): 0.4286, 0.1002, 2.6731, 0.2158
(32, 33): 0.3058, 0.1006, 3.2650, 0.2286
(32, 34): 0.3058, 0.1006, 3.2650, 0.2286
(32, 35): 0.3463, 0.1005, 3.2199, 0.2531
(32, 36): 0.4393, 0.1002, 2.7980, 0.2689
(32, 37): 0.4393, 0.1002, 2.7980, 0.2689
