(1, 1): 0.2060, 11.0826, 4.6414
(1, 2): 0.2060, 11.0826, 4.6414
(1, 3): 0.1649, 11.1271, 4.4969
(1, 4): 0.1649, 11.1271, 4.4969
(1, 5): 0.0883, 11.0164, 5.3967
(1, 6): 0.0765, 11.0511, 5.8762
(1, 7): 0.0822, 11.1048, 6.2021
(1, 8): 0.0822, 11.1048, 6.2021
(1, 9): 0.0163, 11.0161, 6.4831
(1, 10): 0.1060, 11.0083, 6.2982
(1, 11): 0.1060, 11.0083, 6.2982
(1, 12): 0.1389, 11.0767, 6.4560
(1, 13): 0.1825, 11.0073, 6.1501
(1, 14): 0.1014, 11.0077, 6.5589
(1, 15): 0.1014, 11.0077, 6.5589
(1, 16): 0.0388, 11.1269, 6.4968
(1, 17): 0.0777, 11.0021, 5.6115
(1, 18): 0.0777, 11.0021, 5.6115
(1, 19): 0.1165, 11.1430, 4.9976
(1, 20): 0.1539, 11.0643, 6.4991
(1, 21): 0.2794, 11.0114, 5.8098
(1, 22): 0.2794, 11.0114, 5.8098
(1, 23): 0.2967, 11.0641, 6.3949
(1, 24): 0.2370, 11.0081, 6.2407
(1, 25): 0.1422, 11.1334, 7.5261
(1, 26): 0.1422, 11.1334, 7.5261
(1, 27): 0.1072, 11.0418, 8.0136
(1, 28): 0.0973, 11.0085, 8.2821
(1, 29): 0.0973, 11.0085, 8.2821
(1, 30): 0.1977, 11.0543, 6.1989
(1, 31): 0.3429, 11.0727, 5.4792
(1, 32): 0.3347, 11.1886, 5.6723
(1, 33): 0.3347, 11.1886, 5.6723
(1, 34): 0.3774, 11.0465, 5.1214
(1, 35): 0.2766, 11.0922, 5.7471
(1, 36): 0.2766, 11.0922, 5.7471
(1, 37): 0.1671, 11.0635, 5.8501
(2, 1): 0.1524, 11.0119, 5.0684
(2, 2): 0.1524, 11.0119, 5.0684
(2, 3): 0.1471, 11.0370, 5.4487
(2, 4): 0.1471, 11.0370, 5.4487
(2, 5): 0.1610, 11.1019, 5.3923
(2, 6): 0.0256, 11.0169, 6.5476
(2, 7): 0.1468, 11.0085, 5.7397
(2, 8): 0.1468, 11.0085, 5.7397
(2, 9): 0.1060, 11.0427, 5.5236
(2, 10): 0.1100, 11.0836, 6.6067
(2, 11): 0.1100, 11.0836, 6.6067
(2, 12): 0.1824, 11.1331, 6.1222
(2, 13): 0.1825, 11.0073, 6.1501
(2, 14): 0.1014, 11.0077, 6.5589
(2, 15): 0.1014, 11.0077, 6.5589
(2, 16): 0.0388, 11.1269, 6.4968
(2, 17): 0.0777, 11.0021, 5.6115
(2, 18): 0.0777, 11.0021, 5.6115
(2, 19): 0.1165, 11.1430, 4.9976
(2, 20): 0.1539, 11.0643, 6.4991
(2, 21): 0.2794, 11.0114, 5.8098
(2, 22): 0.2794, 11.0114, 5.8098
(2, 23): 0.2967, 11.0641, 6.3949
(2, 24): 0.2370, 11.0081, 6.2407
(2, 25): 0.1422, 11.1334, 7.5261
(2, 26): 0.1422, 11.1334, 7.5261
(2, 27): 0.1072, 11.0418, 8.0136
(2, 28): 0.0973, 11.0085, 8.2821
(2, 29): 0.0973, 11.0085, 8.2821
(2, 30): 0.1038, 11.1409, 5.7248
(2, 31): 0.2354, 11.0579, 5.2630
(2, 32): 0.2475, 11.1698, 5.1017
(2, 33): 0.2475, 11.1698, 5.1017
(2, 34): 0.2701, 11.0697, 5.0403
(2, 35): 0.2069, 11.0231, 5.5682
(2, 36): 0.2069, 11.0231, 5.5682
(2, 37): 0.0767, 11.0474, 6.0679
(3, 1): 0.1459, 11.0211, 6.2852
(3, 2): 0.1459, 11.0211, 6.2852
(3, 3): 0.0984, 11.0365, 6.3328
(3, 4): 0.0984, 11.0365, 6.3328
(3, 5): 0.1304, 11.0118, 6.1083
(3, 6): 0.1347, 11.0681, 5.3323
(3, 7): 0.1468, 11.0085, 5.7397
(3, 8): 0.1468, 11.0085, 5.7397
(3, 9): 0.1060, 11.0427, 5.5236
(3, 10): 0.1100, 11.0836, 6.6067
(3, 11): 0.1100, 11.0836, 6.6067
(3, 12): 0.1824, 11.1331, 6.1222
(3, 13): 0.2052, 11.0245, 5.9926
(3, 14): 0.1590, 11.0039, 6.6829
(3, 15): 0.1590, 11.0039, 6.6829
(3, 16): 0.1244, 11.0042, 5.5218
(3, 17): 0.0932, 11.0001, 5.8958
(3, 18): 0.0932, 11.0001, 5.8958
(3, 19): 0.1574, 11.2176, 5.2598
(3, 20): 0.2097, 11.0261, 5.9384
(3, 21): 0.2677, 11.0657, 5.5465
(3, 22): 0.2677, 11.0657, 5.5465
(3, 23): 0.2690, 11.0080, 5.5522
(3, 24): 0.2949, 11.0231, 6.2562
(3, 25): 0.2949, 11.0231, 6.2562
(3, 26): 0.2016, 11.0825, 6.6922
(3, 27): 0.2434, 11.1067, 6.9649
(3, 28): 0.1661, 11.2025, 6.6155
(3, 29): 0.1661, 11.2025, 6.6155
(3, 30): 0.1038, 11.1409, 5.7248
(3, 31): 0.2354, 11.0579, 5.2630
(3, 32): 0.2475, 11.1698, 5.1017
(3, 33): 0.2475, 11.1698, 5.1017
(3, 34): 0.2701, 11.0697, 5.0403
(3, 35): 0.2069, 11.0231, 5.5682
(3, 36): 0.2069, 11.0231, 5.5682
(3, 37): 0.0111, 11.0493, 6.4004
(4, 1): 0.1808, 11.0511, 5.8530
(4, 2): 0.1808, 11.0511, 5.8530
(4, 3): 0.0984, 11.0365, 6.3328
(4, 4): 0.0984, 11.0365, 6.3328
(4, 5): 0.1304, 11.0118, 6.1083
(4, 6): 0.1347, 11.0681, 5.3323
(4, 7): 0.1463, 11.0360, 5.4167
(4, 8): 0.1463, 11.0360, 5.4167
(4, 9): 0.1887, 11.1559, 5.4864
(4, 10): 0.1739, 11.0044, 6.4648
(4, 11): 0.1739, 11.0044, 6.4648
(4, 12): 0.2062, 11.0127, 5.6448
(4, 13): 0.2147, 11.0153, 6.2482
(4, 14): 0.2213, 11.0675, 6.3053
(4, 15): 0.2213, 11.0675, 6.3053
(4, 16): 0.2309, 11.0310, 5.4179
(4, 17): 0.2617, 11.0345, 4.7657
(4, 18): 0.2617, 11.0345, 4.7657
(4, 19): 0.2681, 11.0978, 4.5679
(4, 20): 0.2734, 11.1224, 5.3607
(4, 21): 0.2899, 11.0203, 6.4687
(4, 22): 0.2899, 11.0203, 6.4687
(4, 23): 0.3063, 11.0235, 6.0681
(4, 24): 0.3737, 11.0457, 5.1974
(4, 25): 0.3737, 11.0457, 5.1974
(4, 26): 0.3326, 11.0022, 5.6062
(4, 27): 0.3654, 11.0339, 4.5746
(4, 28): 0.3323, 11.1059, 4.1843
(4, 29): 0.3323, 11.1059, 4.1843
(4, 30): 0.2870, 11.0396, 4.0060
(4, 31): 0.3641, 11.0530, 3.9767
(4, 32): 0.3102, 11.0989, 3.2113
(4, 33): 0.3102, 11.0989, 3.2113
(4, 34): 0.1249, 11.0280, 4.1201
(4, 35): 0.1415, 11.0600, 4.9584
(4, 36): 0.1415, 11.0600, 4.9584
(4, 37): 0.0111, 11.0493, 6.4004
(5, 1): 0.1808, 11.0511, 5.8530
(5, 2): 0.1808, 11.0511, 5.8530
(5, 3): 0.0615, 11.0277, 6.4068
(5, 4): 0.0615, 11.0277, 6.4068
(5, 5): 0.1243, 11.0139, 5.7641
(5, 6): 0.1340, 11.1108, 6.1186
(5, 7): 0.1905, 11.0451, 5.6421
(5, 8): 0.1905, 11.0451, 5.6421
(5, 9): 0.2945, 11.0326, 4.5789
(5, 10): 0.2967, 11.0113, 5.2113
(5, 11): 0.2967, 11.0113, 5.2113
(5, 12): 0.2730, 11.0004, 5.0055
(5, 13): 0.2085, 11.0281, 6.6182
(5, 14): 0.2213, 11.1747, 6.2713
(5, 15): 0.2213, 11.1747, 6.2713
(5, 16): 0.1943, 11.0047, 6.2701
(5, 17): 0.1525, 11.0292, 5.5007
(5, 18): 0.1525, 11.0292, 5.5007
(5, 19): 0.2191, 11.0289, 4.9226
(5, 20): 0.2265, 11.0128, 5.3794
(5, 21): 0.2483, 11.0012, 5.6022
(5, 22): 0.2483, 11.0012, 5.6022
(5, 23): 0.2768, 11.0685, 5.4454
(5, 24): 0.2714, 11.0156, 5.7061
(5, 25): 0.2714, 11.0156, 5.7061
(5, 26): 0.3403, 11.0366, 5.1962
(5, 27): 0.2851, 11.0342, 4.8839
(5, 28): 0.1875, 11.0017, 4.9521
(5, 29): 0.1875, 11.0017, 4.9521
(5, 30): 0.1328, 11.1212, 6.0102
(5, 31): 0.1489, 11.0123, 5.2463
(5, 32): 0.1489, 11.0123, 5.2463
(5, 33): 0.0840, 11.0451, 5.1080
(5, 34): 0.0149, 11.0074, 5.7259
(5, 35): -0.0508, 11.0231, 7.7246
(5, 36): -0.0508, 11.0231, 7.7246
(5, 37): -0.0059, 11.1438, 7.8466
(6, 1): 0.1878, 11.0589, 5.8069
(6, 2): 0.1878, 11.0589, 5.8069
(6, 3): 0.1161, 11.0610, 5.9435
(6, 4): 0.1161, 11.0610, 5.9435
(6, 5): 0.1616, 11.0179, 6.0953
(6, 6): 0.2479, 11.0092, 6.2925
(6, 7): 0.2789, 11.0509, 6.0986
(6, 8): 0.2789, 11.0509, 6.0986
(6, 9): 0.3171, 11.0090, 4.6915
(6, 10): 0.2200, 11.0051, 5.6550
(6, 11): 0.2200, 11.0051, 5.6550
(6, 12): 0.1862, 11.0127, 5.2978
(6, 13): 0.2318, 11.0482, 5.4439
(6, 14): 0.2013, 11.0396, 5.5812
(6, 15): 0.2013, 11.0396, 5.5812
(6, 16): 0.2118, 11.0043, 6.0388
(6, 17): 0.2001, 11.0274, 5.8954
(6, 18): 0.2001, 11.0274, 5.8954
(6, 19): 0.2172, 11.0620, 5.0708
(6, 20): 0.2410, 11.0169, 5.5419
(6, 21): 0.2398, 11.0308, 5.3446
(6, 22): 0.2398, 11.0308, 5.3446
(6, 23): 0.2885, 11.0184, 4.1407
(6, 24): 0.2857, 11.0326, 4.9825
(6, 25): 0.2857, 11.0326, 4.9825
(6, 26): 0.2883, 11.0041, 4.6027
(6, 27): 0.3317, 11.0115, 5.2996
(6, 28): 0.2590, 11.0364, 5.8387
(6, 29): 0.2590, 11.0364, 5.8387
(6, 30): 0.1929, 11.0969, 6.1835
(6, 31): 0.2179, 11.0493, 5.4732
(6, 32): 0.2179, 11.0493, 5.4732
(6, 33): 0.0960, 11.0002, 5.8812
(6, 34): 0.0489, 11.0969, 7.3812
(6, 35): -0.0140, 11.0270, 9.0792
(6, 36): -0.0140, 11.0270, 9.0792
(6, 37): -0.0254, 11.0036, 8.2309
(7, 1): 0.1395, 11.1089, 6.0501
(7, 2): 0.1395, 11.1089, 6.0501
(7, 3): 0.1994, 11.0191, 5.6750
(7, 4): 0.2180, 11.0493, 5.7660
(7, 5): 0.2180, 11.0493, 5.7660
(7, 6): 0.2505, 11.1219, 6.3459
(7, 7): 0.2592, 11.0754, 5.9470
(7, 8): 0.2592, 11.0754, 5.9470
(7, 9): 0.2589, 11.0188, 5.2548
(7, 10): 0.2753, 11.0416, 5.3204
(7, 11): 0.2557, 11.0372, 5.0574
(7, 12): 0.2557, 11.0372, 5.0574
(7, 13): 0.2487, 11.0433, 5.3388
(7, 14): 0.2580, 11.0385, 5.5390
(7, 15): 0.2580, 11.0385, 5.5390
(7, 16): 0.2044, 11.0111, 5.6729
(7, 17): 0.2208, 11.0382, 5.2902
(7, 18): 0.2208, 11.0382, 5.2902
(7, 19): 0.2295, 11.0233, 5.2736
(7, 20): 0.2189, 11.0776, 5.8295
(7, 21): 0.3249, 11.0489, 5.4373
(7, 22): 0.3249, 11.0489, 5.4373
(7, 23): 0.2845, 11.0079, 4.7509
(7, 24): 0.2819, 11.1491, 5.2609
(7, 25): 0.2819, 11.1491, 5.2609
(7, 26): 0.2434, 11.0182, 5.2924
(7, 27): 0.2230, 11.1673, 5.5322
(7, 28): 0.1975, 11.0540, 7.5655
(7, 29): 0.1975, 11.0540, 7.5655
(7, 30): 0.2462, 11.0373, 6.1692
(7, 31): 0.2532, 11.0474, 5.7103
(7, 32): 0.2532, 11.0474, 5.7103
(7, 33): 0.0221, 11.0432, 7.5242
(7, 34): 0.1128, 11.0099, 7.5726
(7, 35): 0.0724, 11.0400, 8.9834
(7, 36): 0.0724, 11.0400, 8.9834
(7, 37): 0.0479, 11.0061, 8.7958
(8, 1): 0.1553, 11.0188, 5.4299
(8, 2): 0.1553, 11.0188, 5.4299
(8, 3): 0.2390, 11.0467, 4.8517
(8, 4): 0.1138, 11.0026, 6.4582
(8, 5): 0.1138, 11.0026, 6.4582
(8, 6): 0.1614, 11.0276, 6.4097
(8, 7): 0.2119, 11.0597, 6.0669
(8, 8): 0.2119, 11.0597, 6.0669
(8, 9): 0.2838, 11.0106, 5.8870
(8, 10): 0.2905, 11.0213, 6.5724
(8, 11): 0.2922, 11.0231, 5.4089
(8, 12): 0.2922, 11.0231, 5.4089
(8, 13): 0.2755, 11.0709, 5.5773
(8, 14): 0.2959, 11.0046, 5.4212
(8, 15): 0.2959, 11.0046, 5.4212
(8, 16): 0.3352, 11.0566, 5.0631
(8, 17): 0.2713, 11.0210, 5.5518
(8, 18): 0.2713, 11.0210, 5.5518
(8, 19): 0.2811, 11.0244, 5.2851
(8, 20): 0.2430, 11.0198, 6.0714
(8, 21): 0.3073, 11.0544, 5.1152
(8, 22): 0.3073, 11.0544, 5.1152
(8, 23): 0.3691, 11.0495, 4.9757
(8, 24): 0.4387, 11.0214, 4.6155
(8, 25): 0.4387, 11.0214, 4.6155
(8, 26): 0.2104, 11.0124, 5.3708
(8, 27): 0.1382, 11.0150, 6.6147
(8, 28): 0.0897, 11.0048, 6.7644
(8, 29): 0.0897, 11.0048, 6.7644
(8, 30): 0.2323, 11.0530, 5.9545
(8, 31): 0.1960, 11.0503, 5.5971
(8, 32): 0.1960, 11.0503, 5.5971
(8, 33): 0.0729, 11.0135, 6.3675
(8, 34): 0.0042, 11.0061, 8.4612
(8, 35): -0.0042, 11.0246, 8.7681
(8, 36): -0.0042, 11.0246, 8.7681
(8, 37): -0.0118, 11.0401, 7.7535
(9, 1): 0.1818, 11.0073, 5.4281
(9, 2): 0.1818, 11.0073, 5.4281
(9, 3): 0.2984, 11.0113, 4.8061
(9, 4): 0.1850, 11.0407, 6.1433
(9, 5): 0.1850, 11.0407, 6.1433
(9, 6): 0.1549, 11.0512, 5.7890
(9, 7): 0.2000, 11.0109, 6.3852
(9, 8): 0.2000, 11.0109, 6.3852
(9, 9): 0.1987, 11.0245, 6.1877
(9, 10): 0.2313, 11.0319, 7.3841
(9, 11): 0.2816, 11.0202, 6.5256
(9, 12): 0.2816, 11.0202, 6.5256
(9, 13): 0.2945, 11.0109, 6.1153
(9, 14): 0.2893, 11.1101, 5.3186
(9, 15): 0.2893, 11.1101, 5.3186
(9, 16): 0.3198, 11.0093, 4.7655
(9, 17): 0.3864, 11.0697, 4.9334
(9, 18): 0.3864, 11.0697, 4.9334
(9, 19): 0.2970, 11.0488, 5.2416
(9, 20): 0.2564, 11.0135, 5.4375
(9, 21): 0.3143, 11.0003, 4.6981
(9, 22): 0.3143, 11.0003, 4.6981
(9, 23): 0.3211, 11.0186, 5.6017
(9, 24): 0.2716, 11.0667, 5.5578
(9, 25): 0.2716, 11.0667, 5.5578
(9, 26): 0.1530, 11.0636, 5.4457
(9, 27): 0.1219, 11.0868, 5.5252
(9, 28): 0.0656, 11.0328, 5.4738
(9, 29): 0.0656, 11.0328, 5.4738
(9, 30): 0.0880, 11.0036, 5.9439
(9, 31): 0.0902, 11.0091, 6.0008
(9, 32): 0.0902, 11.0091, 6.0008
(9, 33): 0.0462, 11.0239, 6.5543
(9, 34): 0.0389, 11.0470, 7.7437
(9, 35): 0.0820, 11.0367, 7.0362
(9, 36): 0.0820, 11.0367, 7.0362
(9, 37): 0.0617, 11.0503, 6.7206
(10, 1): 0.2328, 11.0215, 5.0339
(10, 2): 0.2328, 11.0215, 5.0339
(10, 3): 0.2281, 11.0226, 5.6605
(10, 4): 0.2289, 11.0003, 5.3006
(10, 5): 0.2289, 11.0003, 5.3006
(10, 6): 0.2587, 11.0259, 5.0381
(10, 7): 0.2227, 11.0425, 5.5732
(10, 8): 0.2227, 11.0425, 5.5732
(10, 9): 0.2434, 11.0701, 5.6217
(10, 10): 0.2574, 11.0068, 6.0610
(10, 11): 0.2750, 11.0081, 6.0130
(10, 12): 0.2750, 11.0081, 6.0130
(10, 13): 0.2285, 11.0309, 5.9778
(10, 14): 0.2657, 11.0208, 4.9544
(10, 15): 0.2657, 11.0208, 4.9544
(10, 16): 0.2715, 11.0013, 4.9959
(10, 17): 0.3381, 11.0212, 5.1703
(10, 18): 0.2701, 11.0026, 5.2628
(10, 19): 0.2701, 11.0026, 5.2628
(10, 20): 0.3518, 11.0241, 4.3329
(10, 21): 0.2977, 11.0171, 4.5877
(10, 22): 0.2977, 11.0171, 4.5877
(10, 23): 0.3106, 11.0213, 4.8027
(10, 24): 0.2402, 11.0286, 5.3516
(10, 25): 0.2402, 11.0286, 5.3516
(10, 26): 0.1879, 11.0257, 5.2633
(10, 27): 0.1016, 11.0800, 5.1745
(10, 28): 0.0640, 11.1293, 5.0097
(10, 29): 0.0640, 11.1293, 5.0097
(10, 30): -0.0592, 11.0141, 6.5774
(10, 31): 0.0316, 11.0490, 6.1141
(10, 32): 0.0316, 11.0490, 6.1141
(10, 33): 0.0763, 11.0678, 5.8112
(10, 34): 0.1330, 11.0312, 7.0096
(10, 35): 0.2505, 11.0213, 5.7964
(10, 36): 0.2505, 11.0213, 5.7964
(10, 37): 0.1641, 11.1013, 6.6463
(11, 1): 0.2463, 11.0113, 5.1322
(11, 2): 0.2463, 11.0113, 5.1322
(11, 3): 0.2741, 11.0083, 4.9678
(11, 4): 0.2622, 11.0342, 4.9381
(11, 5): 0.2622, 11.0342, 4.9381
(11, 6): 0.2313, 11.0237, 4.9709
(11, 7): 0.2382, 11.0598, 4.9760
(11, 8): 0.2382, 11.0598, 4.9760
(11, 9): 0.2334, 11.0503, 5.7988
(11, 10): 0.2834, 11.0017, 5.5794
(11, 11): 0.2503, 11.0294, 5.7190
(11, 12): 0.2503, 11.0294, 5.7190
(11, 13): 0.2274, 11.0083, 5.3419
(11, 14): 0.1984, 11.0544, 5.3395
(11, 15): 0.1984, 11.0544, 5.3395
(11, 16): 0.2537, 11.0030, 5.5174
(11, 17): 0.2683, 11.0167, 4.8600
(11, 18): 0.2060, 11.0056, 5.2334
(11, 19): 0.2060, 11.0056, 5.2334
(11, 20): 0.2986, 11.1520, 4.6212
(11, 21): 0.2132, 11.0161, 5.5151
(11, 22): 0.2132, 11.0161, 5.5151
(11, 23): 0.2353, 11.0698, 5.1373
(11, 24): 0.1726, 11.0805, 5.7420
(11, 25): 0.1726, 11.0805, 5.7420
(11, 26): 0.0575, 11.0230, 6.6748
(11, 27): 0.0791, 11.0282, 5.8172
(11, 28): 0.0594, 11.0317, 6.9714
(11, 29): 0.0594, 11.0317, 6.9714
(11, 30): 0.0173, 11.0656, 6.6088
(11, 31): -0.0350, 11.0013, 6.0676
(11, 32): -0.0350, 11.0013, 6.0676
(11, 33): 0.0066, 11.0063, 6.4326
(11, 34): 0.1917, 11.0043, 5.9350
(11, 35): 0.1821, 11.0875, 5.6950
(11, 36): 0.1821, 11.0875, 5.6950
(11, 37): 0.1640, 11.0328, 6.4612
(12, 1): 0.2345, 11.0165, 5.1143
(12, 2): 0.2345, 11.0165, 5.1143
(12, 3): 0.2420, 11.0080, 5.2080
(12, 4): 0.2818, 11.0225, 4.9535
(12, 5): 0.2818, 11.0225, 4.9535
(12, 6): 0.2077, 11.0209, 5.3917
(12, 7): 0.2641, 11.1321, 4.9269
(12, 8): 0.2641, 11.1321, 4.9269
(12, 9): 0.2782, 11.1980, 5.1277
(12, 10): 0.1971, 11.0157, 6.0333
(12, 11): 0.1870, 11.0021, 6.3536
(12, 12): 0.1870, 11.0021, 6.3536
(12, 13): 0.2734, 11.0612, 5.4290
(12, 14): 0.2840, 11.0094, 5.3270
(12, 15): 0.2840, 11.0094, 5.3270
(12, 16): 0.2543, 11.0276, 5.5217
(12, 17): 0.1703, 11.0220, 5.8421
(12, 18): 0.1876, 11.0188, 5.5282
(12, 19): 0.1876, 11.0188, 5.5282
(12, 20): 0.2766, 11.0000, 5.6393
(12, 21): 0.3423, 11.0844, 5.6927
(12, 22): 0.3423, 11.0844, 5.6927
(12, 23): 0.2061, 11.0134, 6.0770
(12, 24): 0.1815, 11.0220, 5.6079
(12, 25): 0.1815, 11.0220, 5.6079
(12, 26): 0.1465, 11.0274, 5.6971
(12, 27): 0.1864, 11.1058, 4.9820
(12, 28): 0.1450, 11.0541, 6.7915
(12, 29): 0.1450, 11.0541, 6.7915
(12, 30): 0.0443, 11.0096, 6.9489
(12, 31): -0.0266, 11.0473, 6.4510
(12, 32): -0.0266, 11.0473, 6.4510
(12, 33): 0.0700, 11.0330, 5.8353
(12, 34): 0.0833, 11.0227, 6.7389
(12, 35): 0.0833, 11.0227, 6.7389
(12, 36): 0.1071, 11.0695, 6.6733
(12, 37): 0.1327, 11.0032, 6.9891
(13, 1): 0.2266, 11.0336, 4.9705
(13, 2): 0.2266, 11.0336, 4.9705
(13, 3): 0.1799, 11.0036, 5.4585
(13, 4): 0.1843, 11.0109, 5.6893
(13, 5): 0.1843, 11.0109, 5.6893
(13, 6): 0.1694, 11.0083, 5.4623
(13, 7): 0.2713, 11.0016, 5.3706
(13, 8): 0.2713, 11.0016, 5.3706
(13, 9): 0.2370, 11.0405, 5.6298
(13, 10): 0.2663, 11.0002, 5.7575
(13, 11): 0.2324, 11.0742, 6.4206
(13, 12): 0.2324, 11.0742, 6.4206
(13, 13): 0.2734, 11.0612, 5.4290
(13, 14): 0.2840, 11.0094, 5.3270
(13, 15): 0.2840, 11.0094, 5.3270
(13, 16): 0.2543, 11.0276, 5.5217
(13, 17): 0.1703, 11.0220, 5.8421
(13, 18): 0.1876, 11.0188, 5.5282
(13, 19): 0.1876, 11.0188, 5.5282
(13, 20): 0.2766, 11.0000, 5.6393
(13, 21): 0.3423, 11.0844, 5.6927
(13, 22): 0.3423, 11.0844, 5.6927
(13, 23): 0.2061, 11.0134, 6.0770
(13, 24): 0.1815, 11.0220, 5.6079
(13, 25): 0.1815, 11.0220, 5.6079
(13, 26): 0.1465, 11.0274, 5.6971
(13, 27): 0.1864, 11.1058, 4.9820
(13, 28): 0.1450, 11.0541, 6.7915
(13, 29): 0.1450, 11.0541, 6.7915
(13, 30): 0.0443, 11.0096, 6.9489
(13, 31): 0.0989, 11.0406, 6.6988
(13, 32): 0.0989, 11.0406, 6.6988
(13, 33): 0.0517, 11.0384, 6.8307
(13, 34): 0.0234, 11.0602, 7.1054
(13, 35): 0.0234, 11.0602, 7.1054
(13, 36): 0.0149, 11.0082, 6.4053
(13, 37): -0.0180, 11.0049, 7.1826
(14, 1): 0.1875, 11.0104, 5.2734
(14, 2): 0.1875, 11.0104, 5.2734
(14, 3): 0.1944, 11.0145, 5.1288
(14, 4): 0.1565, 11.0545, 5.4325
(14, 5): 0.1565, 11.0545, 5.4325
(14, 6): 0.1901, 11.0105, 6.0735
(14, 7): 0.2713, 11.0016, 5.3706
(14, 8): 0.2370, 11.0405, 5.6298
(14, 9): 0.2370, 11.0405, 5.6298
(14, 10): 0.2663, 11.0002, 5.7575
(14, 11): 0.2324, 11.0742, 6.4206
(14, 12): 0.2324, 11.0742, 6.4206
(14, 13): 0.1985, 11.0260, 7.1210
(14, 14): 0.2593, 11.0400, 6.3011
(14, 15): 0.2593, 11.0400, 6.3011
(14, 16): 0.2847, 11.0109, 6.0715
(14, 17): 0.2482, 11.0085, 6.0852
(14, 18): 0.2312, 11.0500, 6.6924
(14, 19): 0.2312, 11.0500, 6.6924
(14, 20): 0.2949, 11.1273, 5.5494
(14, 21): 0.3039, 11.1461, 5.9413
(14, 22): 0.3039, 11.1461, 5.9413
(14, 23): 0.2664, 11.0494, 5.8195
(14, 24): 0.2206, 11.0481, 5.6349
(14, 25): 0.2206, 11.0481, 5.6349
(14, 26): 0.2281, 11.1001, 5.9365
(14, 27): 0.2644, 11.0222, 5.0303
(14, 28): 0.1209, 11.0344, 6.4218
(14, 29): 0.1209, 11.0344, 6.4218
(14, 30): 0.0591, 11.0474, 7.0361
(14, 31): 0.0989, 11.0406, 6.6988
(14, 32): 0.0989, 11.0406, 6.6988
(14, 33): 0.0517, 11.0384, 6.8307
(14, 34): 0.0234, 11.0602, 7.1054
(14, 35): 0.0234, 11.0602, 7.1054
(14, 36): 0.0149, 11.0082, 6.4053
(14, 37): 0.0138, 11.0112, 6.0033
(15, 1): 0.1556, 11.0033, 5.3387
(15, 2): 0.1556, 11.0033, 5.3387
(15, 3): 0.1944, 11.0145, 5.1288
(15, 4): 0.1565, 11.0545, 5.4325
(15, 5): 0.1565, 11.0545, 5.4325
(15, 6): 0.1901, 11.0105, 6.0735
(15, 7): 0.1797, 11.0882, 6.1336
(15, 8): 0.2570, 11.0010, 5.4152
(15, 9): 0.2570, 11.0010, 5.4152
(15, 10): 0.3368, 11.0077, 5.3880
(15, 11): 0.1612, 11.0476, 6.3846
(15, 12): 0.1612, 11.0476, 6.3846
(15, 13): 0.2144, 11.0845, 5.4800
(15, 14): 0.1805, 11.0140, 6.8372
(15, 15): 0.1805, 11.0140, 6.8372
(15, 16): 0.1311, 11.3323, 5.8225
(15, 17): 0.3178, 11.0037, 4.9438
(15, 18): 0.2344, 11.0623, 6.2981
(15, 19): 0.2344, 11.0623, 6.2981
(15, 20): 0.3601, 11.0072, 5.5202
(15, 21): 0.5552, 11.0174, 4.0593
(15, 22): 0.5552, 11.0174, 4.0593
(15, 23): 0.3535, 11.0006, 5.4522
(15, 24): 0.1973, 11.0871, 5.2973
(15, 25): 0.1973, 11.0871, 5.2973
(15, 26): 0.1258, 11.0033, 6.8562
(15, 27): 0.1324, 11.0374, 6.7108
(15, 28): 0.0451, 11.0056, 7.2450
(15, 29): 0.0451, 11.0056, 7.2450
(15, 30): 0.1144, 11.0380, 6.8378
(15, 31): 0.1557, 11.1540, 6.5409
(15, 32): 0.1557, 11.1540, 6.5409
(15, 33): 0.1535, 11.0582, 5.6612
(15, 34): 0.1693, 11.0352, 5.7903
(15, 35): 0.1693, 11.0352, 5.7903
(15, 36): 0.0321, 11.1287, 6.4089
(15, 37): 0.0138, 11.0112, 6.0033
(16, 1): 0.1556, 11.0033, 5.3387
(16, 2): 0.1556, 11.0033, 5.3387
(16, 3): 0.1367, 11.0045, 5.5765
(16, 4): 0.1986, 11.0147, 6.0481
(16, 5): 0.1986, 11.0147, 6.0481
(16, 6): 0.1829, 11.0097, 6.1089
(16, 7): 0.1571, 11.0268, 6.5064
(16, 8): 0.3241, 11.0263, 5.3115
(16, 9): 0.3241, 11.0263, 5.3115
(16, 10): 0.3131, 11.0093, 5.5329
(16, 11): 0.1996, 11.0403, 6.4978
(16, 12): 0.1996, 11.0403, 6.4978
(16, 13): 0.0822, 11.0165, 6.4937
(16, 14): 0.1513, 11.0061, 6.4044
(16, 15): 0.1513, 11.0061, 6.4044
(16, 16): 0.1654, 11.0900, 5.8252
(16, 17): 0.2959, 11.0107, 5.1110
(16, 18): 0.1805, 11.0164, 5.6930
(16, 19): 0.1805, 11.0164, 5.6930
(16, 20): 0.2578, 11.0246, 5.7956
(16, 21): 0.3016, 11.0243, 5.7169
(16, 22): 0.3016, 11.0243, 5.7169
(16, 23): 0.2888, 11.0095, 5.9875
(16, 24): 0.0938, 11.0068, 6.7448
(16, 25): 0.0938, 11.0068, 6.7448
(16, 26): 0.1457, 11.0035, 6.5103
(16, 27): 0.0944, 11.1086, 6.8275
(16, 28): 0.1703, 11.0437, 6.4036
(16, 29): 0.1703, 11.0437, 6.4036
(16, 30): 0.1229, 11.0243, 6.1866
(16, 31): 0.1753, 11.0184, 5.6320
(16, 32): 0.1753, 11.0184, 5.6320
(16, 33): 0.2176, 11.1735, 5.3224
(16, 34): 0.2957, 11.0572, 4.7529
(16, 35): 0.2957, 11.0572, 4.7529
(16, 36): 0.1657, 11.0138, 5.3104
(16, 37): 0.2015, 11.0393, 4.7306
(17, 1): 0.1172, 11.0182, 5.8857
(17, 2): 0.1172, 11.0182, 5.8857
(17, 3): 0.2070, 11.0001, 5.9498
(17, 4): 0.2053, 11.0129, 6.1550
(17, 5): 0.2053, 11.0129, 6.1550
(17, 6): 0.3143, 11.0067, 5.8071
(17, 7): 0.2456, 11.0490, 6.3988
(17, 8): 0.2334, 11.0024, 6.2472
(17, 9): 0.2334, 11.0024, 6.2472
(17, 10): 0.2123, 11.0015, 6.1377
(17, 11): 0.0570, 11.0192, 6.4763
(17, 12): 0.0570, 11.0192, 6.4763
(17, 13): 0.1002, 11.0427, 6.0722
(17, 14): 0.0981, 11.0207, 6.4504
(17, 15): 0.0981, 11.0207, 6.4504
(17, 16): 0.1591, 11.0158, 5.9511
(17, 17): 0.2350, 11.0099, 6.3840
(17, 18): 0.2086, 11.0002, 5.4140
(17, 19): 0.2086, 11.0002, 5.4140
(17, 20): 0.1976, 11.0054, 5.7828
(17, 21): 0.2347, 11.0169, 5.6464
(17, 22): 0.2347, 11.0169, 5.6464
(17, 23): 0.2046, 11.0007, 5.6750
(17, 24): 0.0712, 11.1046, 7.2208
(17, 25): 0.0712, 11.1046, 7.2208
(17, 26): 0.0985, 11.0525, 6.7867
(17, 27): 0.1941, 11.1437, 5.4648
(17, 28): 0.1620, 11.0369, 6.0650
(17, 29): 0.1620, 11.0369, 6.0650
(17, 30): 0.2043, 11.0011, 4.9935
(17, 31): 0.2066, 11.0064, 5.8760
(17, 32): 0.2066, 11.0064, 5.8760
(17, 33): 0.2134, 11.0567, 5.5110
(17, 34): 0.2672, 11.0159, 5.1147
(17, 35): 0.2672, 11.0159, 5.1147
(17, 36): 0.2718, 11.0055, 4.5081
(17, 37): 0.2189, 11.0011, 4.9493
(18, 1): 0.3747, 11.0093, 4.4648
(18, 2): 0.3747, 11.0093, 4.4648
(18, 3): 0.2702, 11.0111, 5.7237
(18, 4): 0.2754, 11.0157, 6.0389
(18, 5): 0.2665, 11.0287, 6.2811
(18, 6): 0.2665, 11.0287, 6.2811
(18, 7): 0.1840, 11.0352, 6.4762
(18, 8): 0.2022, 11.0009, 6.4473
(18, 9): 0.2022, 11.0009, 6.4473
(18, 10): 0.1272, 11.0289, 6.1764
(18, 11): 0.0581, 11.0193, 6.6168
(18, 12): 0.0581, 11.0193, 6.6168
(18, 13): 0.0820, 11.0148, 7.3290
(18, 14): 0.0994, 11.0261, 6.5064
(18, 15): 0.0994, 11.0261, 6.5064
(18, 16): 0.0764, 11.0130, 6.8466
(18, 17): 0.1702, 11.0082, 5.6255
(18, 18): 0.1513, 11.0066, 6.1885
(18, 19): 0.1513, 11.0066, 6.1885
(18, 20): 0.2402, 11.0530, 5.2752
(18, 21): 0.2523, 11.0450, 5.6708
(18, 22): 0.2523, 11.0450, 5.6708
(18, 23): 0.1270, 11.0230, 6.0038
(18, 24): 0.0515, 11.0303, 6.6929
(18, 25): 0.0515, 11.0303, 6.6929
(18, 26): 0.0830, 11.0264, 6.0849
(18, 27): 0.2300, 11.0619, 4.8002
(18, 28): 0.2300, 11.0619, 4.8002
(18, 29): 0.1967, 11.0047, 4.9271
(18, 30): 0.2493, 11.0356, 4.6750
(18, 31): 0.2606, 11.0610, 5.5066
(18, 32): 0.2606, 11.0610, 5.5066
(18, 33): 0.2701, 11.0750, 4.9910
(18, 34): 0.2481, 11.0334, 4.7907
(18, 35): 0.2481, 11.0334, 4.7907
(18, 36): 0.3459, 11.0980, 4.6290
(18, 37): 0.2544, 11.0418, 5.1032
(19, 1): 0.4810, 11.1435, 4.3496
(19, 2): 0.4810, 11.1435, 4.3496
(19, 3): 0.3266, 11.0255, 5.4570
(19, 4): 0.2557, 11.0425, 5.9591
(19, 5): 0.1431, 11.0001, 6.3745
(19, 6): 0.1431, 11.0001, 6.3745
(19, 7): 0.0667, 11.0077, 6.0565
(19, 8): 0.1905, 11.0027, 6.0021
(19, 9): 0.1905, 11.0027, 6.0021
(19, 10): 0.1845, 11.0649, 6.3860
(19, 11): 0.1634, 11.0009, 6.3393
(19, 12): 0.1634, 11.0009, 6.3393
(19, 13): 0.0469, 11.0197, 7.2534
(19, 14): 0.1220, 11.0103, 6.3721
(19, 15): 0.1220, 11.0103, 6.3721
(19, 16): 0.1441, 11.0182, 6.3231
(19, 17): 0.2030, 11.0044, 6.1918
(19, 18): 0.1742, 11.0287, 6.4984
(19, 19): 0.1742, 11.0287, 6.4984
(19, 20): 0.2291, 11.0103, 5.2421
(19, 21): 0.1702, 11.0680, 6.0418
(19, 22): 0.1702, 11.0680, 6.0418
(19, 23): 0.0974, 11.0693, 6.1301
(19, 24): 0.1702, 11.0005, 5.0948
(19, 25): 0.1702, 11.0005, 5.0948
(19, 26): 0.1942, 11.0115, 5.1497
(19, 27): 0.1929, 11.0100, 4.4136
(19, 28): 0.1929, 11.0100, 4.4136
(19, 29): 0.0961, 11.0052, 5.5578
(19, 30): 0.0414, 11.0270, 5.4029
(19, 31): 0.1546, 11.1098, 4.9979
(19, 32): 0.1546, 11.1098, 4.9979
(19, 33): 0.2690, 11.0333, 4.7406
(19, 34): 0.1490, 11.0007, 5.0608
(19, 35): 0.1490, 11.0007, 5.0608
(19, 36): 0.2315, 11.0667, 4.8247
(19, 37): 0.2144, 11.0693, 4.3300
(20, 1): 0.4951, 11.0198, 4.3503
(20, 2): 0.4951, 11.0198, 4.3503
(20, 3): 0.2535, 11.0050, 5.3333
(20, 4): 0.1509, 11.0090, 6.0790
(20, 5): 0.0928, 11.0020, 5.7039
(20, 6): 0.0928, 11.0020, 5.7039
(20, 7): 0.2023, 11.0334, 5.6457
(20, 8): 0.2800, 11.0212, 5.1463
(20, 9): 0.2800, 11.0212, 5.1463
(20, 10): 0.2140, 11.0365, 5.5393
(20, 11): 0.0749, 11.0130, 6.7353
(20, 12): 0.0749, 11.0130, 6.7353
(20, 13): 0.0053, 11.0891, 7.7534
(20, 14): 0.0453, 11.0037, 7.4231
(20, 15): 0.0453, 11.0037, 7.4231
(20, 16): 0.1514, 11.0027, 6.4030
(20, 17): 0.1796, 11.0188, 6.0093
(20, 18): 0.1275, 11.0340, 6.4838
(20, 19): 0.1275, 11.0340, 6.4838
(20, 20): 0.1036, 11.0532, 5.7951
(20, 21): 0.0855, 11.0306, 6.4258
(20, 22): 0.0855, 11.0306, 6.4258
(20, 23): 0.1618, 11.1077, 5.6587
(20, 24): 0.1522, 11.0104, 5.4503
(20, 25): 0.1522, 11.0104, 5.4503
(20, 26): 0.2211, 11.1204, 5.0392
(20, 27): 0.2437, 11.0638, 4.9158
(20, 28): 0.2437, 11.0638, 4.9158
(20, 29): 0.1541, 11.0467, 5.0719
(20, 30): 0.1620, 11.0141, 5.0045
(20, 31): 0.1391, 11.0333, 4.8208
(20, 32): 0.1391, 11.0333, 4.8208
(20, 33): 0.1585, 11.0732, 5.1397
(20, 34): 0.0486, 11.0042, 5.2920
(20, 35): 0.0486, 11.0042, 5.2920
(20, 36): 0.0964, 11.0118, 5.3735
(20, 37): 0.1173, 11.0565, 4.6609
(21, 1): 0.4094, 11.0625, 4.1178
(21, 2): 0.2644, 11.0084, 4.2662
(21, 3): 0.2644, 11.0084, 4.2662
(21, 4): 0.1761, 11.0074, 6.0277
(21, 5): 0.1923, 11.0002, 5.9437
(21, 6): 0.1923, 11.0002, 5.9437
(21, 7): 0.2616, 11.0455, 5.5283
(21, 8): 0.2067, 11.0062, 5.6410
(21, 9): 0.2067, 11.0062, 5.6410
(21, 10): 0.1666, 11.0214, 5.9702
(21, 11): 0.0844, 11.0497, 6.7315
(21, 12): 0.0844, 11.0497, 6.7315
(21, 13): 0.1119, 11.0367, 6.7219
(21, 14): 0.0612, 11.0193, 7.2642
(21, 15): 0.0612, 11.0193, 7.2642
(21, 16): 0.1264, 11.0643, 6.1806
(21, 17): 0.0362, 11.0205, 6.1750
(21, 18): 0.0896, 11.0344, 6.1254
(21, 19): 0.0896, 11.0344, 6.1254
(21, 20): -0.0214, 11.0592, 6.7546
(21, 21): 0.1380, 11.1055, 5.1427
(21, 22): 0.1380, 11.1055, 5.1427
(21, 23): 0.2064, 11.0016, 4.3675
(21, 24): 0.2122, 11.0283, 4.8613
(21, 25): 0.2122, 11.0283, 4.8613
(21, 26): 0.2162, 11.0396, 5.3617
(21, 27): 0.3402, 11.0114, 4.3996
(21, 28): 0.3402, 11.0114, 4.3996
(21, 29): 0.2614, 11.0459, 4.5051
(21, 30): 0.2107, 11.0071, 4.7118
(21, 31): 0.0663, 11.1212, 5.4414
(21, 32): 0.0663, 11.1212, 5.4414
(21, 33): 0.0482, 11.0234, 5.4312
(21, 34): 0.0162, 11.1038, 5.2566
(21, 35): 0.0162, 11.1038, 5.2566
(21, 36): 0.0372, 11.0244, 4.9553
(21, 37): 0.0171, 11.0139, 5.7079
(22, 1): 0.2630, 11.0145, 4.4436
(22, 2): 0.3392, 11.0087, 3.9793
(22, 3): 0.3392, 11.0087, 3.9793
(22, 4): 0.2216, 11.0127, 6.2414
(22, 5): 0.2425, 11.0047, 6.0279
(22, 6): 0.2425, 11.0047, 6.0279
(22, 7): 0.2807, 11.0219, 5.5325
(22, 8): 0.2174, 11.0312, 5.9221
(22, 9): 0.2174, 11.0312, 5.9221
(22, 10): 0.1716, 11.0020, 6.1899
(22, 11): 0.1505, 11.0417, 6.2723
(22, 12): 0.1505, 11.0417, 6.2723
(22, 13): 0.1223, 11.0245, 6.4786
(22, 14): 0.1028, 11.0129, 6.5001
(22, 15): 0.0067, 11.0268, 5.6585
(22, 16): 0.0067, 11.0268, 5.6585
(22, 17): 0.0923, 11.0794, 5.9478
(22, 18): 0.0944, 11.0261, 5.4893
(22, 19): 0.0944, 11.0261, 5.4893
(22, 20): 0.0036, 11.0091, 5.8015
(22, 21): 0.0377, 11.0164, 5.4714
(22, 22): 0.0377, 11.0164, 5.4714
(22, 23): 0.1675, 11.0063, 4.3920
(22, 24): 0.2028, 11.0197, 4.4355
(22, 25): 0.2028, 11.0197, 4.4355
(22, 26): 0.2570, 11.0172, 5.0486
(22, 27): 0.1981, 11.0358, 4.9344
(22, 28): 0.1981, 11.0358, 4.9344
(22, 29): 0.1793, 11.0093, 5.0060
(22, 30): 0.2411, 11.0838, 4.5477
(22, 31): 0.1883, 11.0388, 4.4379
(22, 32): 0.1883, 11.0388, 4.4379
(22, 33): 0.1745, 11.0019, 5.0131
(22, 34): 0.0766, 11.1264, 4.6089
(22, 35): 0.0766, 11.1264, 4.6089
(22, 36): 0.0137, 11.0535, 5.2503
(22, 37): 0.0507, 11.0541, 5.1560
(23, 1): 0.2540, 11.0123, 3.7663
(23, 2): 0.3003, 11.0401, 4.0491
(23, 3): 0.3003, 11.0401, 4.0491
(23, 4): 0.2275, 11.0123, 5.9426
(23, 5): 0.2581, 11.0748, 5.8567
(23, 6): 0.2581, 11.0748, 5.8567
(23, 7): 0.2728, 11.0096, 5.8807
(23, 8): 0.2646, 11.0381, 5.6757
(23, 9): 0.2646, 11.0381, 5.6757
(23, 10): 0.1969, 11.0432, 6.0981
(23, 11): 0.1118, 11.0126, 5.8796
(23, 12): 0.1118, 11.0126, 5.8796
(23, 13): 0.2224, 11.0114, 4.7867
(23, 14): 0.1604, 11.0409, 5.1611
(23, 15): 0.1320, 11.0032, 5.1606
(23, 16): 0.1320, 11.0032, 5.1606
(23, 17): 0.0065, 11.0362, 5.8985
(23, 18): -0.0675, 11.0187, 6.0938
(23, 19): -0.0675, 11.0187, 6.0938
(23, 20): 0.0476, 11.0718, 5.1168
(23, 21): 0.0228, 11.0373, 5.3549
(23, 22): 0.0228, 11.0373, 5.3549
(23, 23): 0.1375, 11.0699, 4.3725
(23, 24): 0.1367, 11.0305, 4.6145
(23, 25): 0.1367, 11.0305, 4.6145
(23, 26): 0.2242, 11.0141, 4.7167
(23, 27): 0.1981, 11.0015, 4.1581
(23, 28): 0.1981, 11.0015, 4.1581
(23, 29): 0.2202, 11.0040, 3.9719
(23, 30): 0.2222, 11.0163, 4.4985
(23, 31): 0.2403, 11.0066, 4.7552
(23, 32): 0.2403, 11.0066, 4.7552
(23, 33): 0.2466, 11.2254, 3.9954
(23, 34): 0.1037, 11.0141, 4.6321
(23, 35): 0.1037, 11.0141, 4.6321
(23, 36): 0.1412, 11.0015, 4.7639
(23, 37): 0.0632, 11.0054, 4.5297
(24, 1): 0.2541, 11.0606, 3.5271
(24, 2): 0.4132, 11.0440, 3.0862
(24, 3): 0.4132, 11.0440, 3.0862
(24, 4): 0.1737, 11.0109, 6.3241
(24, 5): 0.2567, 11.0116, 5.4147
(24, 6): 0.2567, 11.0116, 5.4147
(24, 7): 0.3078, 11.0196, 5.1702
(24, 8): 0.3295, 11.0047, 5.0087
(24, 9): 0.3295, 11.0047, 5.0087
(24, 10): 0.2662, 11.0126, 5.2225
(24, 11): 0.1667, 11.0250, 5.9112
(24, 12): 0.1667, 11.0250, 5.9112
(24, 13): 0.2224, 11.0114, 4.7867
(24, 14): 0.1604, 11.0409, 5.1611
(24, 15): 0.1320, 11.0032, 5.1606
(24, 16): 0.1320, 11.0032, 5.1606
(24, 17): 0.0065, 11.0362, 5.8985
(24, 18): -0.0675, 11.0187, 6.0938
(24, 19): -0.0675, 11.0187, 6.0938
(24, 20): 0.0476, 11.0718, 5.1168
(24, 21): 0.0228, 11.0373, 5.3549
(24, 22): 0.0228, 11.0373, 5.3549
(24, 23): 0.1375, 11.0699, 4.3725
(24, 24): 0.1367, 11.0305, 4.6145
(24, 25): 0.1367, 11.0305, 4.6145
(24, 26): 0.2242, 11.0141, 4.7167
(24, 27): 0.1981, 11.0015, 4.1581
(24, 28): 0.1981, 11.0015, 4.1581
(24, 29): 0.2202, 11.0040, 3.9719
(24, 30): 0.2222, 11.0163, 4.4985
(24, 31): 0.2601, 11.0291, 4.2642
(24, 32): 0.2471, 11.0144, 3.9521
(24, 33): 0.1937, 11.0314, 4.5338
(24, 34): 0.2438, 11.0310, 4.1284
(24, 35): 0.2438, 11.0310, 4.1284
(24, 36): 0.1932, 11.0629, 4.4753
(24, 37): 0.1452, 11.0148, 4.0788
(25, 1): 0.2712, 11.0162, 3.4600
(25, 2): 0.2829, 11.0777, 3.6306
(25, 3): 0.2829, 11.0777, 3.6306
(25, 4): 0.1321, 11.0343, 5.5794
(25, 5): 0.1092, 11.0163, 5.4525
(25, 6): 0.1092, 11.0163, 5.4525
(25, 7): 0.3078, 11.0196, 5.1702
(25, 8): 0.3295, 11.0047, 5.0087
(25, 9): 0.3295, 11.0047, 5.0087
(25, 10): 0.2662, 11.0126, 5.2225
(25, 11): 0.1667, 11.0250, 5.9112
(25, 12): 0.1667, 11.0250, 5.9112
(25, 13): 0.1475, 11.0009, 5.6942
(25, 14): 0.1560, 11.0067, 5.2093
(25, 15): 0.1856, 11.0083, 4.6495
(25, 16): 0.1856, 11.0083, 4.6495
(25, 17): 0.1194, 11.0075, 5.0716
(25, 18): 0.0934, 11.0439, 4.8095
(25, 19): 0.0934, 11.0439, 4.8095
(25, 20): 0.0480, 11.0351, 5.1040
(25, 21): 0.0539, 11.0214, 5.0570
(25, 22): 0.0539, 11.0214, 5.0570
(25, 23): 0.0107, 11.0347, 5.6008
(25, 24): 0.1428, 11.0243, 5.0462
(25, 25): 0.1428, 11.0243, 5.0462
(25, 26): 0.2562, 11.0522, 4.0496
(25, 27): 0.2845, 11.0050, 3.5254
(25, 28): 0.2845, 11.0050, 3.5254
(25, 29): 0.2104, 11.0110, 4.1271
(25, 30): 0.2601, 11.0291, 4.2642
(25, 31): 0.2601, 11.0291, 4.2642
(25, 32): 0.2471, 11.0144, 3.9521
(25, 33): 0.1937, 11.0314, 4.5338
(25, 34): 0.2438, 11.0310, 4.1284
(25, 35): 0.2438, 11.0310, 4.1284
(25, 36): 0.1932, 11.0629, 4.4753
(25, 37): 0.0894, 11.0058, 5.3881
(26, 1): 0.2493, 11.0574, 3.3605
(26, 2): 0.2829, 11.0777, 3.6306
(26, 3): 0.2829, 11.0777, 3.6306
(26, 4): 0.1321, 11.0343, 5.5794
(26, 5): 0.1092, 11.0163, 5.4525
(26, 6): 0.1092, 11.0163, 5.4525
(26, 7): 0.1539, 11.0062, 5.1127
(26, 8): 0.1543, 11.0652, 5.2138
(26, 9): 0.1543, 11.0652, 5.2138
(26, 10): 0.1317, 11.0015, 5.3886
(26, 11): 0.1080, 11.0191, 5.4355
(26, 12): 0.1080, 11.0191, 5.4355
(26, 13): 0.0062, 11.0038, 6.1693
(26, 14): -0.0036, 11.0064, 5.9351
(26, 15): 0.0387, 11.1385, 5.3662
(26, 16): 0.0387, 11.1385, 5.3662
(26, 17): 0.0856, 11.0083, 5.2780
(26, 18): 0.0363, 11.0357, 5.7155
(26, 19): 0.0363, 11.0357, 5.7155
(26, 20): 0.0235, 11.0040, 5.4607
(26, 21): 0.0738, 11.0647, 4.7355
(26, 22): 0.0738, 11.0647, 4.7355
(26, 23): 0.0049, 11.1394, 5.0758
(26, 24): 0.0547, 11.0032, 5.4397
(26, 25): 0.0547, 11.0032, 5.4397
(26, 26): 0.1137, 11.0557, 5.0737
(26, 27): 0.2620, 11.0107, 3.8868
(26, 28): 0.2620, 11.0107, 3.8868
(26, 29): 0.2348, 11.0208, 4.1861
(26, 30): 0.2083, 11.0638, 4.1016
(26, 31): 0.2083, 11.0638, 4.1016
(26, 32): 0.3284, 11.0164, 3.9236
(26, 33): 0.2796, 11.0064, 3.5330
(26, 34): 0.1913, 11.0800, 3.6676
(26, 35): 0.1913, 11.0800, 3.6676
(26, 36): 0.0686, 11.0344, 4.9622
(26, 37): 0.0894, 11.0058, 5.3881
(27, 1): 0.2493, 11.0574, 3.3605
(27, 2): 0.2229, 11.0512, 3.8197
(27, 3): 0.2229, 11.0512, 3.8197
(27, 4): 0.1297, 11.0328, 5.4054
(27, 5): 0.1044, 11.0100, 5.5936
(27, 6): 0.1044, 11.0100, 5.5936
(27, 7): 0.1211, 11.0084, 5.4278
(27, 8): 0.1010, 11.0011, 5.4353
(27, 9): 0.1010, 11.0011, 5.4353
(27, 10): 0.1102, 11.0363, 5.2765
(27, 11): 0.0868, 11.0300, 5.2398
(27, 12): -0.0581, 11.0049, 6.2693
(27, 13): -0.0581, 11.0049, 6.2693
(27, 14): -0.0277, 11.0121, 6.2023
(27, 15): 0.0805, 11.0837, 5.6492
(27, 16): 0.0805, 11.0837, 5.6492
(27, 17): 0.0725, 11.0353, 6.0426
(27, 18): 0.1229, 11.0102, 5.7823
(27, 19): 0.1229, 11.0102, 5.7823
(27, 20): 0.0108, 11.0385, 5.1759
(27, 21): -0.0146, 11.0081, 5.4909
(27, 22): -0.0146, 11.0081, 5.4909
(27, 23): 0.0049, 11.0301, 5.3983
(27, 24): 0.0471, 11.0354, 5.4635
(27, 25): 0.0471, 11.0354, 5.4635
(27, 26): 0.1646, 11.0125, 4.7278
(27, 27): 0.1729, 11.0014, 4.8901
(27, 28): 0.1729, 11.0014, 4.8901
(27, 29): 0.1611, 11.0049, 4.9392
(27, 30): 0.1209, 11.0131, 4.9820
(27, 31): 0.1209, 11.0131, 4.9820
(27, 32): 0.1037, 11.0459, 5.1576
(27, 33): 0.0862, 11.0345, 4.9073
(27, 34): 0.0862, 11.0345, 4.9073
(27, 35): 0.0509, 11.0418, 4.7947
(27, 36): 0.0373, 11.0297, 5.5886
(27, 37): 0.0025, 11.0859, 5.6644
(28, 1): 0.2821, 11.0276, 3.5915
(28, 2): 0.3006, 11.0129, 3.5367
(28, 3): 0.3006, 11.0129, 3.5367
(28, 4): 0.1159, 11.0567, 5.5384
(28, 5): 0.0960, 11.0165, 5.2569
(28, 6): 0.0960, 11.0165, 5.2569
(28, 7): 0.0837, 11.0049, 5.4076
(28, 8): 0.0882, 11.0196, 5.4310
(28, 9): 0.0882, 11.0196, 5.4310
(28, 10): 0.0432, 11.0538, 5.8766
(28, 11): 0.0411, 11.0280, 6.0631
(28, 12): 0.0723, 11.0227, 5.6248
(28, 13): 0.0723, 11.0227, 5.6248
(28, 14): 0.1117, 11.0032, 5.7608
(28, 15): 0.0612, 11.0402, 5.7584
(28, 16): 0.0612, 11.0402, 5.7584
(28, 17): 0.0299, 11.0541, 6.2410
(28, 18): 0.0804, 11.0087, 5.8225
(28, 19): 0.0804, 11.0087, 5.8225
(28, 20): 0.0240, 11.0074, 5.3188
(28, 21): 0.0701, 11.0342, 4.8256
(28, 22): 0.0701, 11.0342, 4.8256
(28, 23): -0.0151, 11.0065, 4.9111
(28, 24): 0.1175, 11.1252, 4.7471
(28, 25): 0.1175, 11.1252, 4.7471
(28, 26): 0.2120, 11.0736, 4.3380
(28, 27): 0.1917, 11.0080, 4.5423
(28, 28): 0.1917, 11.0080, 4.5423
(28, 29): 0.1234, 11.0765, 5.3907
(28, 30): 0.1593, 11.0416, 4.7016
(28, 31): 0.1593, 11.0416, 4.7016
(28, 32): 0.0597, 11.0192, 4.5741
(28, 33): 0.0724, 11.0654, 4.9153
(28, 34): 0.0724, 11.0654, 4.9153
(28, 35): 0.0985, 11.0015, 5.0379
(28, 36): -0.0003, 11.0051, 5.7735
(28, 37): 0.0885, 11.0420, 5.7696
(29, 1): 0.2284, 11.0532, 3.9200
(29, 2): 0.2206, 11.0018, 4.2021
(29, 3): 0.2206, 11.0018, 4.2021
(29, 4): 0.1450, 11.1197, 4.9817
(29, 5): 0.0583, 11.0001, 5.3050
(29, 6): 0.0583, 11.0001, 5.3050
(29, 7): 0.0462, 11.0008, 5.4622
(29, 8): 0.0802, 11.0466, 5.4777
(29, 9): 0.0428, 11.0619, 6.0940
(29, 10): 0.0428, 11.0619, 6.0940
(29, 11): 0.1494, 11.0157, 5.9359
(29, 12): 0.2014, 11.0111, 5.2114
(29, 13): 0.2014, 11.0111, 5.2114
(29, 14): 0.1471, 11.0187, 5.3329
(29, 15): 0.0730, 11.0419, 5.8396
(29, 16): 0.0730, 11.0419, 5.8396
(29, 17): 0.0979, 11.1943, 6.0390
(29, 18): 0.0449, 11.0359, 5.7010
(29, 19): 0.0449, 11.0359, 5.7010
(29, 20): 0.0720, 11.0014, 4.8708
(29, 21): 0.0765, 11.0610, 4.8705
(29, 22): 0.0765, 11.0610, 4.8705
(29, 23): 0.0818, 11.0682, 4.5814
(29, 24): 0.1859, 11.0056, 4.4923
(29, 25): 0.1859, 11.0056, 4.4923
(29, 26): 0.1395, 11.0093, 4.3852
(29, 27): 0.1922, 11.0535, 4.8386
(29, 28): 0.1922, 11.0535, 4.8386
(29, 29): 0.0862, 11.0137, 5.3482
(29, 30): 0.1166, 11.0474, 4.8066
(29, 31): 0.1166, 11.0474, 4.8066
(29, 32): 0.0987, 11.0377, 4.5404
(29, 33): 0.1866, 11.0107, 4.7090
(29, 34): 0.1866, 11.0107, 4.7090
(29, 35): 0.1481, 11.0091, 5.8580
(29, 36): 0.1032, 11.0091, 5.6675
(29, 37): 0.1032, 11.0091, 5.6675
(30, 1): 0.2455, 11.0874, 3.8934
(30, 2): 0.1748, 11.0163, 5.3005
(30, 3): 0.1748, 11.0163, 5.3005
(30, 4): 0.1737, 11.0295, 4.7921
(30, 5): 0.0781, 11.0001, 5.0980
(30, 6): 0.1003, 11.0879, 5.6677
(30, 7): 0.1003, 11.0879, 5.6677
(30, 8): 0.1709, 11.0165, 5.2746
(30, 9): 0.1056, 11.0268, 6.1593
(30, 10): 0.1056, 11.0268, 6.1593
(30, 11): 0.1104, 11.0456, 6.4292
(30, 12): 0.1677, 11.0108, 5.7087
(30, 13): 0.1677, 11.0108, 5.7087
(30, 14): 0.1516, 11.0294, 5.6282
(30, 15): 0.0779, 11.0451, 6.3111
(30, 16): 0.0779, 11.0451, 6.3111
(30, 17): 0.0796, 11.0270, 5.9499
(30, 18): 0.0925, 11.0060, 5.4691
(30, 19): 0.0925, 11.0060, 5.4691
(30, 20): 0.0344, 11.0114, 5.0058
(30, 21): 0.0338, 11.0134, 4.7906
(30, 22): 0.0338, 11.0134, 4.7906
(30, 23): 0.2196, 11.0502, 4.0708
(30, 24): 0.2319, 11.0140, 4.4214
(30, 25): 0.2319, 11.0140, 4.4214
(30, 26): 0.0819, 11.0586, 4.4195
(30, 27): 0.1645, 11.0110, 4.4628
(30, 28): 0.1645, 11.0110, 4.4628
(30, 29): 0.0585, 11.0124, 4.6172
(30, 30): 0.0496, 11.0079, 4.2840
(30, 31): 0.0496, 11.0079, 4.2840
(30, 32): 0.0853, 11.0383, 5.0603
(30, 33): 0.2370, 11.0124, 4.5427
(30, 34): 0.2370, 11.0124, 4.5427
(30, 35): 0.1086, 11.0173, 5.6085
(30, 36): 0.0584, 11.0088, 5.8516
(30, 37): 0.0584, 11.0088, 5.8516
(31, 1): 0.2455, 11.0874, 3.8934
(31, 2): 0.1748, 11.0163, 5.3005
(31, 3): 0.1737, 11.0295, 4.7921
(31, 4): 0.1737, 11.0295, 4.7921
(31, 5): 0.0781, 11.0001, 5.0980
(31, 6): 0.1003, 11.0879, 5.6677
(31, 7): 0.1003, 11.0879, 5.6677
(31, 8): 0.1709, 11.0165, 5.2746
(31, 9): 0.1056, 11.0268, 6.1593
(31, 10): 0.1056, 11.0268, 6.1593
(31, 11): 0.1104, 11.0456, 6.4292
(31, 12): 0.1677, 11.0108, 5.7087
(31, 13): 0.1677, 11.0108, 5.7087
(31, 14): 0.1516, 11.0294, 5.6282
(31, 15): 0.0779, 11.0451, 6.3111
(31, 16): 0.0779, 11.0451, 6.3111
(31, 17): 0.0796, 11.0270, 5.9499
(31, 18): 0.0925, 11.0060, 5.4691
(31, 19): 0.0925, 11.0060, 5.4691
(31, 20): 0.0344, 11.0114, 5.0058
(31, 21): 0.0338, 11.0134, 4.7906
(31, 22): 0.0338, 11.0134, 4.7906
(31, 23): 0.2196, 11.0502, 4.0708
(31, 24): 0.2319, 11.0140, 4.4214
(31, 25): 0.2319, 11.0140, 4.4214
(31, 26): 0.0819, 11.0586, 4.4195
(31, 27): 0.1645, 11.0110, 4.4628
(31, 28): 0.1645, 11.0110, 4.4628
(31, 29): 0.0585, 11.0124, 4.6172
(31, 30): 0.0496, 11.0079, 4.2840
(31, 31): 0.0496, 11.0079, 4.2840
(31, 32): 0.0853, 11.0383, 5.0603
(31, 33): 0.2370, 11.0124, 4.5427
(31, 34): 0.2370, 11.0124, 4.5427
(31, 35): 0.1086, 11.0173, 5.6085
(31, 36): 0.0584, 11.0088, 5.8516
(31, 37): 0.0584, 11.0088, 5.8516
(32, 1): 0.2455, 11.0874, 3.8934
(32, 2): 0.1748, 11.0163, 5.3005
(32, 3): 0.1737, 11.0295, 4.7921
(32, 4): 0.1737, 11.0295, 4.7921
(32, 5): 0.0781, 11.0001, 5.0980
(32, 6): 0.1003, 11.0879, 5.6677
(32, 7): 0.1003, 11.0879, 5.6677
(32, 8): 0.1709, 11.0165, 5.2746
(32, 9): 0.1056, 11.0268, 6.1593
(32, 10): 0.1056, 11.0268, 6.1593
(32, 11): 0.1104, 11.0456, 6.4292
(32, 12): 0.1677, 11.0108, 5.7087
(32, 13): 0.1677, 11.0108, 5.7087
(32, 14): 0.1516, 11.0294, 5.6282
(32, 15): 0.0779, 11.0451, 6.3111
(32, 16): 0.0779, 11.0451, 6.3111
(32, 17): 0.0796, 11.0270, 5.9499
(32, 18): 0.0925, 11.0060, 5.4691
(32, 19): 0.0925, 11.0060, 5.4691
(32, 20): 0.0344, 11.0114, 5.0058
(32, 21): 0.0338, 11.0134, 4.7906
(32, 22): 0.0338, 11.0134, 4.7906
(32, 23): 0.2196, 11.0502, 4.0708
(32, 24): 0.2319, 11.0140, 4.4214
(32, 25): 0.2319, 11.0140, 4.4214
(32, 26): 0.0819, 11.0586, 4.4195
(32, 27): 0.1645, 11.0110, 4.4628
(32, 28): 0.1645, 11.0110, 4.4628
(32, 29): 0.0585, 11.0124, 4.6172
(32, 30): 0.0496, 11.0079, 4.2840
(32, 31): 0.0496, 11.0079, 4.2840
(32, 32): 0.0853, 11.0383, 5.0603
(32, 33): 0.2370, 11.0124, 4.5427
(32, 34): 0.2370, 11.0124, 4.5427
(32, 35): 0.1086, 11.0173, 5.6085
(32, 36): 0.0584, 11.0088, 5.8516
(32, 37): 0.0584, 11.0088, 5.8516
